"area_fips","own_code","industry_code","agglvl_code","size_code","year","qtr","disclosure_code","area_title","own_title","industry_title","agglvl_title","size_title","qtrly_estabs_count","month1_emplvl","month2_emplvl","month3_emplvl","total_qtrly_wages","taxable_qtrly_wages","qtrly_contributions","avg_wkly_wage","lq_disclosure_code","lq_qtrly_estabs_count","lq_month1_emplvl","lq_month2_emplvl","lq_month3_emplvl","lq_total_qtrly_wages","lq_taxable_qtrly_wages","lq_qtrly_contributions","lq_avg_wkly_wage","oty_disclosure_code","oty_qtrly_estabs_count_chg","oty_qtrly_estabs_count_pct_chg","oty_month1_emplvl_chg","oty_month1_emplvl_pct_chg","oty_month2_emplvl_chg","oty_month2_emplvl_pct_chg","oty_month3_emplvl_chg","oty_month3_emplvl_pct_chg","oty_total_qtrly_wages_chg","oty_total_qtrly_wages_pct_chg","oty_taxable_qtrly_wages_chg","oty_taxable_qtrly_wages_pct_chg","oty_qtrly_contributions_chg","oty_qtrly_contributions_pct_chg","oty_avg_wkly_wage_chg","oty_avg_wkly_wage_pct_chg"
"36093","0","10","70","0","2016","1","","Schenectady County, New York","Total Covered","10 Total, all industries","County, Total Covered","All establishment sizes",3395,62029,62531,62651,829099334,318398565,9719447,1022,"",1.00,1.00,1.00,1.00,1.00,1.00,1.00,1.00,"",-62,-1.8,1436,2.4,1318,2.2,1371,2.2,6236907,0.8,9018912,2.9,-1277852,-11.6,-15,-1.4
"36093","0","10","70","0","2016","2","","Schenectady County, New York","Total Covered","10 Total, all industries","County, Total Covered","All establishment sizes",3435,63427,63444,64555,908992776,91863927,3241449,1096,"",1.00,1.00,1.00,1.00,1.00,1.00,1.00,1.00,"",-20,-0.6,1750,2.8,685,1.1,1080,1.7,80159936,9.7,2731984,3.1,-447784,-12.1,78,7.7
"36093","0","10","70","0","2016","3","","Schenectady County, New York","Total Covered","10 Total, all industries","County, Total Covered","All establishment sizes",3463,60877,61345,62375,858317038,57168892,1994184,1073,"",1.00,1.00,1.00,1.00,1.00,1.00,1.00,1.00,"",11,0.3,293,0.5,1330,2.2,1166,1.9,58095343,7.3,1258523,2.3,-338589,-14.5,57,5.6
"36093","0","10","70","0","2016","4","","Schenectady County, New York","Total Covered","10 Total, all industries","County, Total Covered","All establishment sizes",3487,63800,64193,63304,859385912,43106511,1467173,1037,"",1.00,1.00,1.00,1.00,1.00,1.00,1.00,1.00,"",24,0.7,451,0.7,587,0.9,512,0.8,-48009983,-5.3,-418562,-1.0,-290987,-16.6,-67,-6.1
"36093","1","10","71","0","2016","1","","Schenectady County, New York","Federal Government","10 Total, all industries","County, Total -- by ownership sector","All establishment sizes",17,585,590,589,9140454,0,0,1196,"",0.80,0.47,0.48,0.48,0.39,0.00,0.00,0.81,"",0,0.0,-6,-1.0,2,0.3,2,0.3,-1030608,-10.1,0,0.0,0,0.0,-133,-10.0
"36093","1","10","71","0","2016","2","","Schenectady County, New York","Federal Government","10 Total, all industries","County, Total -- by ownership sector","All establishment sizes",17,587,594,595,8753592,0,0,1137,"",0.79,0.47,0.48,0.47,0.35,0.00,0.00,0.74,"",-1,-5.6,-8,-1.3,2,0.3,-1,-0.2,-365336,-4.0,0,0.0,0,0.0,-43,-3.6
"36093","1","10","71","0","2016","3","","Schenectady County, New York","Federal Government","10 Total, all industries","County, Total -- by ownership sector","All establishment sizes",18,600,610,620,10489086,0,0,1323,"",0.84,0.50,0.50,0.51,0.39,0.00,0.00,0.79,"",0,0.0,-8,-1.3,5,0.8,24,4.0,26732,0.3,0,0.0,0,0.0,-12,-0.9
"36093","1","10","71","0","2016","4","","Schenectady County, New York","Federal Government","10 Total, all industries","County, Total -- by ownership sector","All establishment sizes",18,613,623,619,10236322,0,0,1273,"",0.84,0.49,0.50,0.50,0.42,0.00,0.00,0.85,"",0,0.0,27,4.6,24,4.0,24,4.0,456303,4.7,0,0.0,0,0.0,5,0.4
"36093","1","102","72","0","2016","1","","Schenectady County, New York","Federal Government","102 Service-providing","County, by Domain -- by ownership sector","All establishment sizes",17,585,590,589,9140454,0,0,1196,"",0.80,0.48,0.49,0.48,0.39,0.00,0.00,0.81,"",0,0.0,-6,-1.0,2,0.3,2,0.3,-1030608,-10.1,0,0.0,0,0.0,-133,-10.0
"36093","1","102","72","0","2016","2","","Schenectady County, New York","Federal Government","102 Service-providing","County, by Domain -- by ownership sector","All establishment sizes",17,587,594,595,8753592,0,0,1137,"",0.80,0.48,0.49,0.48,0.36,0.00,0.00,0.74,"",-1,-5.6,-8,-1.3,2,0.3,-1,-0.2,-365336,-4.0,0,0.0,0,0.0,-43,-3.6
"36093","1","102","72","0","2016","3","","Schenectady County, New York","Federal Government","102 Service-providing","County, by Domain -- by ownership sector","All establishment sizes",18,600,610,620,10489086,0,0,1323,"",0.84,0.50,0.51,0.52,0.40,0.00,0.00,0.79,"",0,0.0,-8,-1.3,5,0.8,24,4.0,26732,0.3,0,0.0,0,0.0,-12,-0.9
"36093","1","102","72","0","2016","4","","Schenectady County, New York","Federal Government","102 Service-providing","County, by Domain -- by ownership sector","All establishment sizes",18,613,623,619,10236322,0,0,1273,"",0.84,0.50,0.51,0.50,0.43,0.00,0.00,0.85,"",0,0.0,27,4.6,24,4.0,24,4.0,456303,4.7,0,0.0,0,0.0,5,0.4
"36093","1","1021","73","0","2016","1","","Schenectady County, New York","Federal Government","1021 Trade, transportation, and utilities","County, by Supersector -- by ownership sector","All establishment sizes",9,276,280,280,3703310,0,0,1022,"",0.84,0.93,0.93,0.93,0.90,0.00,0.00,0.97,"",0,0.0,-2,-0.7,4,1.4,3,1.1,-859471,-18.8,0,0.0,0,0.0,-245,-19.3
"36093","1","1021","73","0","2016","2","","Schenectady County, New York","Federal Government","1021 Trade, transportation, and utilities","County, by Supersector -- by ownership sector","All establishment sizes",9,277,283,281,3611515,0,0,991,"",0.84,0.92,0.94,0.91,0.80,0.00,0.00,0.86,"",0,0.0,-8,-2.8,11,4.0,12,4.5,-144843,-3.9,0,0.0,0,0.0,-58,-5.5
"36093","1","1021","73","0","2016","3","","Schenectady County, New York","Federal Government","1021 Trade, transportation, and utilities","County, by Supersector -- by ownership sector","All establishment sizes",9,281,291,298,4442712,0,0,1178,"",0.84,0.96,0.99,1.00,0.93,0.00,0.00,0.94,"",0,0.0,5,1.8,16,5.8,30,11.2,-157715,-3.4,0,0.0,0,0.0,-118,-9.1
"36093","1","1021","73","0","2016","4","","Schenectady County, New York","Federal Government","1021 Trade, transportation, and utilities","County, by Supersector -- by ownership sector","All establishment sizes",9,288,301,298,4448817,0,0,1157,"",0.84,0.95,0.99,0.95,0.90,0.00,0.00,0.94,"",0,0.0,18,6.7,19,6.7,16,5.7,-270221,-5.7,0,0.0,0,0.0,-149,-11.4
"36093","1","1028","73","0","2016","1","","Schenectady County, New York","Federal Government","1028 Public administration","County, by Supersector -- by ownership sector","All establishment sizes",8,309,310,309,5437144,0,0,1352,"",0.92,0.46,0.46,0.46,0.37,0.00,0.00,0.80,"",0,0.0,-4,-1.3,-2,-0.6,-1,-0.3,-171137,-3.1,0,0.0,0,0.0,-32,-2.3
"36093","1","1028","73","0","2016","2","","Schenectady County, New York","Federal Government","1028 Public administration","County, by Supersector -- by ownership sector","All establishment sizes",8,310,311,314,5142077,0,0,1269,"",0.92,0.46,0.46,0.45,0.34,0.00,0.00,0.73,"",-1,-11.1,0,0.0,-9,-2.8,-13,-4.0,-220493,-4.1,0,0.0,0,0.0,-24,-1.9
"36093","1","1028","73","0","2016","3","","Schenectady County, New York","Federal Government","1028 Public administration","County, by Supersector -- by ownership sector","All establishment sizes",9,319,319,322,6046374,0,0,1453,"",1.03,0.48,0.48,0.48,0.37,0.00,0.00,0.76,"",0,0.0,-13,-3.9,-11,-3.3,-6,-1.8,184447,3.1,0,0.0,0,0.0,87,6.4
"36093","1","1028","73","0","2016","4","","Schenectady County, New York","Federal Government","1028 Public administration","County, by Supersector -- by ownership sector","All establishment sizes",9,325,322,321,5787505,0,0,1380,"",1.03,0.48,0.47,0.48,0.40,0.00,0.00,0.85,"",0,0.0,9,2.8,5,1.6,8,2.6,726524,14.4,0,0.0,0,0.0,145,11.7
"36093","1","44-45","74","0","2016","1","","Schenectady County, New York","Federal Government","NAICS 44-45 Retail trade","County, NAICS Sector -- by ownership sector","All establishment sizes",1,24,24,24,202267,0,0,648,"",4.13,1.15,1.15,1.16,1.29,0.00,0.00,1.11,"",0,0.0,0,0.0,1,4.3,1,4.3,-18213,-8.3,0,0.0,0,0.0,-79,-10.9
"36093","1","44-45","74","0","2016","2","","Schenectady County, New York","Federal Government","NAICS 44-45 Retail trade","County, NAICS Sector -- by ownership sector","All establishment sizes",1,24,24,24,198758,0,0,637,"",4.13,1.16,1.17,1.16,1.18,0.00,0.00,1.01,"",0,0.0,1,4.3,1,4.3,0,0.0,10110,5.4,0,0.0,0,0.0,15,2.4
"36093","1","44-45","74","0","2016","3","","Schenectady County, New York","Federal Government","NAICS 44-45 Retail trade","County, NAICS Sector -- by ownership sector","All establishment sizes",1,23,23,23,234019,0,0,783,"",4.12,1.16,1.16,1.15,1.35,0.00,0.00,1.17,"",0,0.0,-4,-14.8,-4,-14.8,-1,-4.2,-21318,-8.3,0,0.0,0,0.0,28,3.7
"36093","1","44-45","74","0","2016","4","","Schenectady County, New York","Federal Government","NAICS 44-45 Retail trade","County, NAICS Sector -- by ownership sector","All establishment sizes",1,23,25,25,230725,0,0,729,"",4.12,1.12,1.20,1.22,1.35,0.00,0.00,1.15,"",0,0.0,-1,-4.2,1,4.2,0,0.0,14145,6.5,0,0.0,0,0.0,44,6.4
"36093","1","445","75","0","2016","1","","Schenectady County, New York","Federal Government","NAICS 445 Food and beverage stores","County, NAICS 3-digit -- by ownership sector","All establishment sizes",1,24,24,24,202267,0,0,648,"",14.21,4.35,4.35,4.37,4.14,0.00,0.00,0.95,"",0,0.0,0,0.0,1,4.3,1,4.3,-18213,-8.3,0,0.0,0,0.0,-79,-10.9
"36093","1","445","75","0","2016","2","","Schenectady County, New York","Federal Government","NAICS 445 Food and beverage stores","County, NAICS 3-digit -- by ownership sector","All establishment sizes",1,24,24,24,198758,0,0,637,"",14.23,4.36,4.40,4.33,3.65,0.00,0.00,0.83,"",0,0.0,1,4.3,1,4.3,0,0.0,10110,5.4,0,0.0,0,0.0,15,2.4
"36093","1","445","75","0","2016","3","","Schenectady County, New York","Federal Government","NAICS 445 Food and beverage stores","County, NAICS 3-digit -- by ownership sector","All establishment sizes",1,23,23,23,234019,0,0,783,"",14.23,4.30,4.33,4.32,3.89,0.00,0.00,0.90,"",0,0.0,-4,-14.8,-4,-14.8,-1,-4.2,-21318,-8.3,0,0.0,0,0.0,28,3.7
"36093","1","445","75","0","2016","4","","Schenectady County, New York","Federal Government","NAICS 445 Food and beverage stores","County, NAICS 3-digit -- by ownership sector","All establishment sizes",1,23,25,25,230725,0,0,729,"",14.24,4.25,4.59,4.62,4.11,0.00,0.00,0.91,"",0,0.0,-1,-4.2,1,4.2,0,0.0,14145,6.5,0,0.0,0,0.0,44,6.4
"36093","1","4451","76","0","2016","1","","Schenectady County, New York","Federal Government","NAICS 4451 Grocery stores","County, NAICS 4-digit -- by ownership sector","All establishment sizes",1,24,24,24,202267,0,0,648,"",14.36,4.36,4.36,4.38,4.14,0.00,0.00,0.95,"",0,0.0,0,0.0,1,4.3,1,4.3,-18213,-8.3,0,0.0,0,0.0,-79,-10.9
"36093","1","4451","76","0","2016","2","","Schenectady County, New York","Federal Government","NAICS 4451 Grocery stores","County, NAICS 4-digit -- by ownership sector","All establishment sizes",1,24,24,24,198758,0,0,637,"",14.37,4.37,4.40,4.33,3.65,0.00,0.00,0.83,"",0,0.0,1,4.3,1,4.3,0,0.0,10110,5.4,0,0.0,0,0.0,15,2.4
"36093","1","4451","76","0","2016","3","","Schenectady County, New York","Federal Government","NAICS 4451 Grocery stores","County, NAICS 4-digit -- by ownership sector","All establishment sizes",1,23,23,23,234019,0,0,783,"",14.38,4.30,4.34,4.32,3.89,0.00,0.00,0.90,"",0,0.0,-4,-14.8,-4,-14.8,-1,-4.2,-21318,-8.3,0,0.0,0,0.0,28,3.7
"36093","1","4451","76","0","2016","4","","Schenectady County, New York","Federal Government","NAICS 4451 Grocery stores","County, NAICS 4-digit -- by ownership sector","All establishment sizes",1,23,25,25,230725,0,0,729,"",14.38,4.26,4.60,4.62,4.11,0.00,0.00,0.91,"",0,0.0,-1,-4.2,1,4.2,0,0.0,14145,6.5,0,0.0,0,0.0,44,6.4
"36093","1","44511","77","0","2016","1","","Schenectady County, New York","Federal Government","NAICS 44511 Supermarkets and other grocery stores","County, NAICS 5-digit -- by ownership sector","All establishment sizes",1,24,24,24,202267,0,0,648,"",16.64,4.64,4.64,4.66,4.35,0.00,0.00,0.94,"",0,0.0,0,0.0,1,4.3,1,4.3,-18213,-8.3,0,0.0,0,0.0,-79,-10.9
"36093","1","44511","77","0","2016","2","","Schenectady County, New York","Federal Government","NAICS 44511 Supermarkets and other grocery stores","County, NAICS 5-digit -- by ownership sector","All establishment sizes",1,24,24,24,198758,0,0,637,"",16.67,4.66,4.69,4.62,3.82,0.00,0.00,0.82,"",0,0.0,1,4.3,1,4.3,0,0.0,10110,5.4,0,0.0,0,0.0,15,2.4
"36093","1","44511","77","0","2016","3","","Schenectady County, New York","Federal Government","NAICS 44511 Supermarkets and other grocery stores","County, NAICS 5-digit -- by ownership sector","All establishment sizes",1,23,23,23,234019,0,0,783,"",16.67,4.58,4.62,4.60,4.06,0.00,0.00,0.88,"",0,0.0,-4,-14.8,-4,-14.8,-1,-4.2,-21318,-8.3,0,0.0,0,0.0,28,3.7
"36093","1","44511","77","0","2016","4","","Schenectady County, New York","Federal Government","NAICS 44511 Supermarkets and other grocery stores","County, NAICS 5-digit -- by ownership sector","All establishment sizes",1,23,25,25,230725,0,0,729,"",16.68,4.53,4.90,4.91,4.29,0.00,0.00,0.90,"",0,0.0,-1,-4.2,1,4.2,0,0.0,14145,6.5,0,0.0,0,0.0,44,6.4
"36093","1","445110","78","0","2016","1","","Schenectady County, New York","Federal Government","NAICS 445110 Supermarkets and other grocery stores","County, NAICS 6-digit -- by ownership sector","All establishment sizes",1,24,24,24,202267,0,0,648,"",16.64,4.64,4.64,4.66,4.35,0.00,0.00,0.94,"",0,0.0,0,0.0,1,4.3,1,4.3,-18213,-8.3,0,0.0,0,0.0,-79,-10.9
"36093","1","445110","78","0","2016","2","","Schenectady County, New York","Federal Government","NAICS 445110 Supermarkets and other grocery stores","County, NAICS 6-digit -- by ownership sector","All establishment sizes",1,24,24,24,198758,0,0,637,"",16.67,4.66,4.69,4.62,3.82,0.00,0.00,0.82,"",0,0.0,1,4.3,1,4.3,0,0.0,10110,5.4,0,0.0,0,0.0,15,2.4
"36093","1","445110","78","0","2016","3","","Schenectady County, New York","Federal Government","NAICS 445110 Supermarkets and other grocery stores","County, NAICS 6-digit -- by ownership sector","All establishment sizes",1,23,23,23,234019,0,0,783,"",16.67,4.58,4.62,4.60,4.06,0.00,0.00,0.88,"",0,0.0,-4,-14.8,-4,-14.8,-1,-4.2,-21318,-8.3,0,0.0,0,0.0,28,3.7
"36093","1","445110","78","0","2016","4","","Schenectady County, New York","Federal Government","NAICS 445110 Supermarkets and other grocery stores","County, NAICS 6-digit -- by ownership sector","All establishment sizes",1,23,25,25,230725,0,0,729,"",16.68,4.53,4.90,4.91,4.29,0.00,0.00,0.90,"",0,0.0,-1,-4.2,1,4.2,0,0.0,14145,6.5,0,0.0,0,0.0,44,6.4
"36093","1","48-49","74","0","2016","1","","Schenectady County, New York","Federal Government","NAICS 48-49 Transportation and warehousing","County, NAICS Sector -- by ownership sector","All establishment sizes",8,252,256,256,3501043,0,0,1058,"",0.77,0.93,0.93,0.93,0.92,0.00,0.00,0.99,"",0,0.0,-2,-0.8,3,1.2,2,0.8,-841258,-19.4,0,0.0,0,0.0,-259,-19.7
"36093","1","48-49","74","0","2016","2","","Schenectady County, New York","Federal Government","NAICS 48-49 Transportation and warehousing","County, NAICS Sector -- by ownership sector","All establishment sizes",8,253,259,257,3412757,0,0,1024,"",0.77,0.92,0.94,0.91,0.81,0.00,0.00,0.88,"",0,0.0,-9,-3.4,10,4.0,12,4.9,-154953,-4.3,0,0.0,0,0.0,-65,-6.0
"36093","1","48-49","74","0","2016","3","","Schenectady County, New York","Federal Government","NAICS 48-49 Transportation and warehousing","County, NAICS Sector -- by ownership sector","All establishment sizes",8,258,268,275,4208693,0,0,1213,"",0.77,0.97,1.00,1.01,0.94,0.00,0.00,0.95,"",0,0.0,9,3.6,20,8.1,31,12.7,-136397,-3.1,0,0.0,0,0.0,-140,-10.3
"36093","1","48-49","74","0","2016","4","","Schenectady County, New York","Federal Government","NAICS 48-49 Transportation and warehousing","County, NAICS Sector -- by ownership sector","All establishment sizes",8,265,276,273,4218092,0,0,1196,"",0.77,0.96,0.99,0.95,0.93,0.00,0.00,0.96,"",0,0.0,19,7.7,18,7.0,16,6.2,-284366,-6.3,0,0.0,0,0.0,-169,-12.4
"36093","1","491","75","0","2016","1","","Schenectady County, New York","Federal Government","NAICS 491 Postal service","County, NAICS 3-digit -- by ownership sector","All establishment sizes",8,252,256,256,3501043,0,0,1058,"",0.78,0.95,0.95,0.95,0.97,0.00,0.00,1.02,"",0,0.0,-2,-0.8,3,1.2,2,0.8,-841258,-19.4,0,0.0,0,0.0,-259,-19.7
"36093","1","491","75","0","2016","2","","Schenectady County, New York","Federal Government","NAICS 491 Postal service","County, NAICS 3-digit -- by ownership sector","All establishment sizes",8,253,259,257,3412757,0,0,1024,"",0.77,0.94,0.96,0.93,0.85,0.00,0.00,0.90,"",0,0.0,-9,-3.4,10,4.0,12,4.9,-154953,-4.3,0,0.0,0,0.0,-65,-6.0
"36093","1","491","75","0","2016","3","","Schenectady County, New York","Federal Government","NAICS 491 Postal service","County, NAICS 3-digit -- by ownership sector","All establishment sizes",8,258,268,275,4208693,0,0,1213,"",0.78,0.99,1.02,1.03,0.98,0.00,0.00,0.97,"",0,0.0,9,3.6,20,8.1,31,12.7,-136397,-3.1,0,0.0,0,0.0,-140,-10.3
"36093","1","491","75","0","2016","4","","Schenectady County, New York","Federal Government","NAICS 491 Postal service","County, NAICS 3-digit -- by ownership sector","All establishment sizes",8,265,276,273,4218092,0,0,1196,"",0.78,0.98,1.01,0.97,0.96,0.00,0.00,0.97,"",0,0.0,19,7.7,18,7.0,16,6.2,-284366,-6.3,0,0.0,0,0.0,-169,-12.4
"36093","1","4911","76","0","2016","1","","Schenectady County, New York","Federal Government","NAICS 4911 Postal service","County, NAICS 4-digit -- by ownership sector","All establishment sizes",8,252,256,256,3501043,0,0,1058,"",0.78,0.95,0.95,0.95,0.97,0.00,0.00,1.02,"",0,0.0,-2,-0.8,3,1.2,2,0.8,-841258,-19.4,0,0.0,0,0.0,-259,-19.7
"36093","1","4911","76","0","2016","2","","Schenectady County, New York","Federal Government","NAICS 4911 Postal service","County, NAICS 4-digit -- by ownership sector","All establishment sizes",8,253,259,257,3412757,0,0,1024,"",0.77,0.94,0.96,0.93,0.85,0.00,0.00,0.90,"",0,0.0,-9,-3.4,10,4.0,12,4.9,-154953,-4.3,0,0.0,0,0.0,-65,-6.0
"36093","1","4911","76","0","2016","3","","Schenectady County, New York","Federal Government","NAICS 4911 Postal service","County, NAICS 4-digit -- by ownership sector","All establishment sizes",8,258,268,275,4208693,0,0,1213,"",0.78,0.99,1.02,1.03,0.98,0.00,0.00,0.97,"",0,0.0,9,3.6,20,8.1,31,12.7,-136397,-3.1,0,0.0,0,0.0,-140,-10.3
"36093","1","4911","76","0","2016","4","","Schenectady County, New York","Federal Government","NAICS 4911 Postal service","County, NAICS 4-digit -- by ownership sector","All establishment sizes",8,265,276,273,4218092,0,0,1196,"",0.78,0.98,1.01,0.97,0.96,0.00,0.00,0.97,"",0,0.0,19,7.7,18,7.0,16,6.2,-284366,-6.3,0,0.0,0,0.0,-169,-12.4
"36093","1","49111","77","0","2016","1","","Schenectady County, New York","Federal Government","NAICS 49111 Postal service","County, NAICS 5-digit -- by ownership sector","All establishment sizes",8,252,256,256,3501043,0,0,1058,"",0.78,0.95,0.95,0.95,0.97,0.00,0.00,1.02,"",0,0.0,-2,-0.8,3,1.2,2,0.8,-841258,-19.4,0,0.0,0,0.0,-259,-19.7
"36093","1","49111","77","0","2016","2","","Schenectady County, New York","Federal Government","NAICS 49111 Postal service","County, NAICS 5-digit -- by ownership sector","All establishment sizes",8,253,259,257,3412757,0,0,1024,"",0.77,0.94,0.96,0.93,0.85,0.00,0.00,0.90,"",0,0.0,-9,-3.4,10,4.0,12,4.9,-154953,-4.3,0,0.0,0,0.0,-65,-6.0
"36093","1","49111","77","0","2016","3","","Schenectady County, New York","Federal Government","NAICS 49111 Postal service","County, NAICS 5-digit -- by ownership sector","All establishment sizes",8,258,268,275,4208693,0,0,1213,"",0.78,0.99,1.02,1.03,0.98,0.00,0.00,0.97,"",0,0.0,9,3.6,20,8.1,31,12.7,-136397,-3.1,0,0.0,0,0.0,-140,-10.3
"36093","1","49111","77","0","2016","4","","Schenectady County, New York","Federal Government","NAICS 49111 Postal service","County, NAICS 5-digit -- by ownership sector","All establishment sizes",8,265,276,273,4218092,0,0,1196,"",0.78,0.98,1.01,0.97,0.96,0.00,0.00,0.97,"",0,0.0,19,7.7,18,7.0,16,6.2,-284366,-6.3,0,0.0,0,0.0,-169,-12.4
"36093","1","491110","78","0","2016","1","","Schenectady County, New York","Federal Government","NAICS 491110 Postal service","County, NAICS 6-digit -- by ownership sector","All establishment sizes",8,252,256,256,3501043,0,0,1058,"",0.78,0.95,0.95,0.95,0.97,0.00,0.00,1.02,"",0,0.0,-2,-0.8,3,1.2,2,0.8,-841258,-19.4,0,0.0,0,0.0,-259,-19.7
"36093","1","491110","78","0","2016","2","","Schenectady County, New York","Federal Government","NAICS 491110 Postal service","County, NAICS 6-digit -- by ownership sector","All establishment sizes",8,253,259,257,3412757,0,0,1024,"",0.77,0.94,0.96,0.93,0.85,0.00,0.00,0.90,"",0,0.0,-9,-3.4,10,4.0,12,4.9,-154953,-4.3,0,0.0,0,0.0,-65,-6.0
"36093","1","491110","78","0","2016","3","","Schenectady County, New York","Federal Government","NAICS 491110 Postal service","County, NAICS 6-digit -- by ownership sector","All establishment sizes",8,258,268,275,4208693,0,0,1213,"",0.78,0.99,1.02,1.03,0.98,0.00,0.00,0.97,"",0,0.0,9,3.6,20,8.1,31,12.7,-136397,-3.1,0,0.0,0,0.0,-140,-10.3
"36093","1","491110","78","0","2016","4","","Schenectady County, New York","Federal Government","NAICS 491110 Postal service","County, NAICS 6-digit -- by ownership sector","All establishment sizes",8,265,276,273,4218092,0,0,1196,"",0.78,0.98,1.01,0.97,0.96,0.00,0.00,0.97,"",0,0.0,19,7.7,18,7.0,16,6.2,-284366,-6.3,0,0.0,0,0.0,-169,-12.4
"36093","1","92","74","0","2016","1","","Schenectady County, New York","Federal Government","NAICS 92 Public administration","County, NAICS Sector -- by ownership sector","All establishment sizes",8,309,310,309,5437144,0,0,1352,"",0.92,0.46,0.46,0.46,0.37,0.00,0.00,0.80,"",0,0.0,-4,-1.3,-2,-0.6,-1,-0.3,-171137,-3.1,0,0.0,0,0.0,-32,-2.3
"36093","1","92","74","0","2016","2","","Schenectady County, New York","Federal Government","NAICS 92 Public administration","County, NAICS Sector -- by ownership sector","All establishment sizes",8,310,311,314,5142077,0,0,1269,"",0.92,0.46,0.46,0.45,0.34,0.00,0.00,0.73,"",-1,-11.1,0,0.0,-9,-2.8,-13,-4.0,-220493,-4.1,0,0.0,0,0.0,-24,-1.9
"36093","1","92","74","0","2016","3","","Schenectady County, New York","Federal Government","NAICS 92 Public administration","County, NAICS Sector -- by ownership sector","All establishment sizes",9,319,319,322,6046374,0,0,1453,"",1.03,0.48,0.48,0.48,0.37,0.00,0.00,0.76,"",0,0.0,-13,-3.9,-11,-3.3,-6,-1.8,184447,3.1,0,0.0,0,0.0,87,6.4
"36093","1","92","74","0","2016","4","","Schenectady County, New York","Federal Government","NAICS 92 Public administration","County, NAICS Sector -- by ownership sector","All establishment sizes",9,325,322,321,5787505,0,0,1380,"",1.03,0.48,0.47,0.48,0.40,0.00,0.00,0.85,"",0,0.0,9,2.8,5,1.6,8,2.6,726524,14.4,0,0.0,0,0.0,145,11.7
"36093","1","921","75","0","2016","1","","Schenectady County, New York","Federal Government","NAICS 921 Executive, legislative and general government","County, NAICS 3-digit -- by ownership sector","All establishment sizes",1,1,1,1,10718,0,0,824,"",1.37,0.01,0.01,0.01,0.01,0.00,0.00,0.51,"",1,100.0,1,100.0,1,100.0,1,100.0,10718,100.0,0,0.0,0,0.0,824,100.0
"36093","1","921","75","0","2016","2","","Schenectady County, New York","Federal Government","NAICS 921 Executive, legislative and general government","County, NAICS 3-digit -- by ownership sector","All establishment sizes",1,1,1,2,20094,0,0,1159,"",1.34,0.01,0.01,0.03,0.01,0.00,0.00,0.71,"",0,0.0,1,100.0,1,100.0,1,100.0,16266,424.9,0,0.0,0,0.0,276,31.3
"36093","1","921","75","0","2016","3","","Schenectady County, New York","Federal Government","NAICS 921 Executive, legislative and general government","County, NAICS 3-digit -- by ownership sector","All establishment sizes",1,2,2,2,23354,0,0,898,"",1.30,0.03,0.03,0.03,0.02,0.00,0.00,0.53,"",0,0.0,1,100.0,1,100.0,1,100.0,12921,123.8,0,0.0,0,0.0,95,11.8
"36093","1","921","75","0","2016","4","","Schenectady County, New York","Federal Government","NAICS 921 Executive, legislative and general government","County, NAICS 3-digit -- by ownership sector","All establishment sizes",1,2,2,2,29186,0,0,1123,"",1.29,0.03,0.03,0.03,0.02,0.00,0.00,0.73,"",0,0.0,1,100.0,1,100.0,1,100.0,20085,220.7,0,0.0,0,0.0,423,60.4
"36093","1","9211","76","0","2016","1","","Schenectady County, New York","Federal Government","NAICS 9211 Executive, legislative and general government","County, NAICS 4-digit -- by ownership sector","All establishment sizes",1,1,1,1,10718,0,0,824,"",1.37,0.01,0.01,0.01,0.01,0.00,0.00,0.51,"",1,100.0,1,100.0,1,100.0,1,100.0,10718,100.0,0,0.0,0,0.0,824,100.0
"36093","1","9211","76","0","2016","2","","Schenectady County, New York","Federal Government","NAICS 9211 Executive, legislative and general government","County, NAICS 4-digit -- by ownership sector","All establishment sizes",1,1,1,2,20094,0,0,1159,"",1.34,0.01,0.01,0.03,0.01,0.00,0.00,0.71,"",0,0.0,1,100.0,1,100.0,1,100.0,16266,424.9,0,0.0,0,0.0,276,31.3
"36093","1","9211","76","0","2016","3","","Schenectady County, New York","Federal Government","NAICS 9211 Executive, legislative and general government","County, NAICS 4-digit -- by ownership sector","All establishment sizes",1,2,2,2,23354,0,0,898,"",1.30,0.03,0.03,0.03,0.02,0.00,0.00,0.53,"",0,0.0,1,100.0,1,100.0,1,100.0,12921,123.8,0,0.0,0,0.0,95,11.8
"36093","1","9211","76","0","2016","4","","Schenectady County, New York","Federal Government","NAICS 9211 Executive, legislative and general government","County, NAICS 4-digit -- by ownership sector","All establishment sizes",1,2,2,2,29186,0,0,1123,"",1.29,0.03,0.03,0.03,0.02,0.00,0.00,0.73,"",0,0.0,1,100.0,1,100.0,1,100.0,20085,220.7,0,0.0,0,0.0,423,60.4
"36093","1","92119","77","0","2016","1","","Schenectady County, New York","Federal Government","NAICS 92119 Other general government support","County, NAICS 5-digit -- by ownership sector","All establishment sizes",1,1,1,1,10718,0,0,824,"",1.90,0.06,0.06,0.06,0.03,0.00,0.00,0.50,"",1,100.0,1,100.0,1,100.0,1,100.0,10718,100.0,0,0.0,0,0.0,824,100.0
"36093","1","92119","77","0","2016","2","","Schenectady County, New York","Federal Government","NAICS 92119 Other general government support","County, NAICS 5-digit -- by ownership sector","All establishment sizes",1,1,1,2,20094,0,0,1159,"",1.84,0.06,0.06,0.12,0.05,0.00,0.00,0.66,"",0,0.0,1,100.0,1,100.0,1,100.0,16266,424.9,0,0.0,0,0.0,276,31.3
"36093","1","92119","77","0","2016","3","","Schenectady County, New York","Federal Government","NAICS 92119 Other general government support","County, NAICS 5-digit -- by ownership sector","All establishment sizes",1,2,2,2,23354,0,0,898,"",1.78,0.13,0.12,0.12,0.07,0.00,0.00,0.56,"",0,0.0,1,100.0,1,100.0,1,100.0,12921,123.8,0,0.0,0,0.0,95,11.8
"36093","1","92119","77","0","2016","4","","Schenectady County, New York","Federal Government","NAICS 92119 Other general government support","County, NAICS 5-digit -- by ownership sector","All establishment sizes",1,2,2,2,29186,0,0,1123,"",1.74,0.12,0.12,0.12,0.08,0.00,0.00,0.67,"",0,0.0,1,100.0,1,100.0,1,100.0,20085,220.7,0,0.0,0,0.0,423,60.4
"36093","1","921190","78","0","2016","1","","Schenectady County, New York","Federal Government","NAICS 921190 Other general government support","County, NAICS 6-digit -- by ownership sector","All establishment sizes",1,1,1,1,10718,0,0,824,"",1.90,0.06,0.06,0.06,0.03,0.00,0.00,0.50,"",1,100.0,1,100.0,1,100.0,1,100.0,10718,100.0,0,0.0,0,0.0,824,100.0
"36093","1","921190","78","0","2016","2","","Schenectady County, New York","Federal Government","NAICS 921190 Other general government support","County, NAICS 6-digit -- by ownership sector","All establishment sizes",1,1,1,2,20094,0,0,1159,"",1.84,0.06,0.06,0.12,0.05,0.00,0.00,0.66,"",0,0.0,1,100.0,1,100.0,1,100.0,16266,424.9,0,0.0,0,0.0,276,31.3
"36093","1","921190","78","0","2016","3","","Schenectady County, New York","Federal Government","NAICS 921190 Other general government support","County, NAICS 6-digit -- by ownership sector","All establishment sizes",1,2,2,2,23354,0,0,898,"",1.78,0.13,0.12,0.12,0.07,0.00,0.00,0.56,"",0,0.0,1,100.0,1,100.0,1,100.0,12921,123.8,0,0.0,0,0.0,95,11.8
"36093","1","921190","78","0","2016","4","","Schenectady County, New York","Federal Government","NAICS 921190 Other general government support","County, NAICS 6-digit -- by ownership sector","All establishment sizes",1,2,2,2,29186,0,0,1123,"",1.74,0.12,0.12,0.12,0.08,0.00,0.00,0.67,"",0,0.0,1,100.0,1,100.0,1,100.0,20085,220.7,0,0.0,0,0.0,423,60.4
"36093","1","922","75","0","2016","1","","Schenectady County, New York","Federal Government","NAICS 922 Justice, public order, and safety activities","County, NAICS 3-digit -- by ownership sector","All establishment sizes",1,4,3,3,34081,0,0,786,"",0.79,0.04,0.03,0.03,0.01,0.00,0.00,0.40,"",0,0.0,2,100.0,-3,-50.0,-1,-25.0,766,2.3,0,0.0,0,0.0,145,22.6
"36093","1","922","75","0","2016","2","","Schenectady County, New York","Federal Government","NAICS 922 Justice, public order, and safety activities","County, NAICS 3-digit -- by ownership sector","All establishment sizes",1,4,3,4,46677,0,0,979,"",0.80,0.04,0.03,0.03,0.02,0.00,0.00,0.50,"",0,0.0,2,100.0,-1,-25.0,0,0.0,17868,62.0,0,0.0,0,0.0,314,47.2
"36093","1","922","75","0","2016","3","","Schenectady County, New York","Federal Government","NAICS 922 Justice, public order, and safety activities","County, NAICS 3-digit -- by ownership sector","All establishment sizes",2,7,4,4,73099,0,0,1125,"",1.60,0.06,0.04,0.04,0.02,0.00,0.00,0.52,"",1,100.0,0,0.0,1,33.3,-1,-20.0,21363,41.3,0,0.0,0,0.0,329,41.3
"36093","1","922","75","0","2016","4","","Schenectady County, New York","Federal Government","NAICS 922 Justice, public order, and safety activities","County, NAICS 3-digit -- by ownership sector","All establishment sizes",2,6,7,6,89832,0,0,1091,"",1.61,0.05,0.06,0.05,0.03,0.00,0.00,0.61,"",1,100.0,0,0.0,1,16.7,0,0.0,12942,16.8,0,0.0,0,0.0,105,10.6
"36093","1","9221","76","0","2016","1","","Schenectady County, New York","Federal Government","NAICS 9221 Justice, public order, and safety activities","County, NAICS 4-digit -- by ownership sector","All establishment sizes",1,4,3,3,34081,0,0,786,"",0.79,0.04,0.03,0.03,0.01,0.00,0.00,0.40,"",0,0.0,2,100.0,-3,-50.0,-1,-25.0,766,2.3,0,0.0,0,0.0,145,22.6
"36093","1","9221","76","0","2016","2","","Schenectady County, New York","Federal Government","NAICS 9221 Justice, public order, and safety activities","County, NAICS 4-digit -- by ownership sector","All establishment sizes",1,4,3,4,46677,0,0,979,"",0.80,0.04,0.03,0.03,0.02,0.00,0.00,0.50,"",0,0.0,2,100.0,-1,-25.0,0,0.0,17868,62.0,0,0.0,0,0.0,314,47.2
"36093","1","9221","76","0","2016","3","","Schenectady County, New York","Federal Government","NAICS 9221 Justice, public order, and safety activities","County, NAICS 4-digit -- by ownership sector","All establishment sizes",2,7,4,4,73099,0,0,1125,"",1.60,0.06,0.04,0.04,0.02,0.00,0.00,0.52,"",1,100.0,0,0.0,1,33.3,-1,-20.0,21363,41.3,0,0.0,0,0.0,329,41.3
"36093","1","9221","76","0","2016","4","","Schenectady County, New York","Federal Government","NAICS 9221 Justice, public order, and safety activities","County, NAICS 4-digit -- by ownership sector","All establishment sizes",2,6,7,6,89832,0,0,1091,"",1.61,0.05,0.06,0.05,0.03,0.00,0.00,0.61,"",1,100.0,0,0.0,1,16.7,0,0.0,12942,16.8,0,0.0,0,0.0,105,10.6
"36093","1","92211","77","0","2016","1","-","Schenectady County, New York","Federal Government","NAICS 92211 Courts","County, NAICS 5-digit -- by ownership sector","All establishment sizes",0,0,0,0,0,0,0,0,"N",0.00,0,0,0,0,0,0,0,"N",0,0,0,0,0,0,0,0,0,0,0,0,0,0,0,0
"36093","1","92211","77","0","2016","2","-","Schenectady County, New York","Federal Government","NAICS 92211 Courts","County, NAICS 5-digit -- by ownership sector","All establishment sizes",0,0,0,0,0,0,0,0,"N",0.00,0,0,0,0,0,0,0,"N",0,0,0,0,0,0,0,0,0,0,0,0,0,0,0,0
"36093","1","92211","77","0","2016","3","","Schenectady County, New York","Federal Government","NAICS 92211 Courts","County, NAICS 5-digit -- by ownership sector","All establishment sizes",1,1,1,1,19784,0,0,1522,"",4.57,0.07,0.07,0.07,0.05,0.00,0.00,0.76,"N",1,100.0,0,0,0,0,0,0,0,0,0,0,0,0,0,0
"36093","1","92211","77","0","2016","4","","Schenectady County, New York","Federal Government","NAICS 92211 Courts","County, NAICS 5-digit -- by ownership sector","All establishment sizes",1,1,1,1,27798,0,0,2138,"",4.58,0.07,0.07,0.07,0.08,0.00,0.00,1.23,"N",1,100.0,0,0,0,0,0,0,0,0,0,0,0,0,0,0
"36093","1","922110","78","0","2016","1","-","Schenectady County, New York","Federal Government","NAICS 922110 Courts","County, NAICS 6-digit -- by ownership sector","All establishment sizes",0,0,0,0,0,0,0,0,"N",0.00,0,0,0,0,0,0,0,"N",0,0,0,0,0,0,0,0,0,0,0,0,0,0,0,0
"36093","1","922110","78","0","2016","2","-","Schenectady County, New York","Federal Government","NAICS 922110 Courts","County, NAICS 6-digit -- by ownership sector","All establishment sizes",0,0,0,0,0,0,0,0,"N",0.00,0,0,0,0,0,0,0,"N",0,0,0,0,0,0,0,0,0,0,0,0,0,0,0,0
"36093","1","922110","78","0","2016","3","","Schenectady County, New York","Federal Government","NAICS 922110 Courts","County, NAICS 6-digit -- by ownership sector","All establishment sizes",1,1,1,1,19784,0,0,1522,"",4.57,0.07,0.07,0.07,0.05,0.00,0.00,0.76,"N",1,100.0,0,0,0,0,0,0,0,0,0,0,0,0,0,0
"36093","1","922110","78","0","2016","4","","Schenectady County, New York","Federal Government","NAICS 922110 Courts","County, NAICS 6-digit -- by ownership sector","All establishment sizes",1,1,1,1,27798,0,0,2138,"",4.58,0.07,0.07,0.07,0.08,0.00,0.00,1.23,"N",1,100.0,0,0,0,0,0,0,0,0,0,0,0,0,0,0
"36093","1","92219","77","0","2016","1","","Schenectady County, New York","Federal Government","NAICS 92219 Other justice and safety activities","County, NAICS 5-digit -- by ownership sector","All establishment sizes",1,4,3,3,34081,0,0,786,"",4.43,0.42,0.31,0.30,0.14,0.00,0.00,0.41,"",0,0.0,2,100.0,-3,-50.0,-1,-25.0,766,2.3,0,0.0,0,0.0,145,22.6
"36093","1","92219","77","0","2016","2","","Schenectady County, New York","Federal Government","NAICS 92219 Other justice and safety activities","County, NAICS 5-digit -- by ownership sector","All establishment sizes",1,4,3,4,46677,0,0,979,"",4.44,0.40,0.30,0.40,0.19,0.00,0.00,0.52,"",0,0.0,2,100.0,-1,-25.0,0,0.0,17868,62.0,0,0.0,0,0.0,314,47.2
"36093","1","92219","77","0","2016","3","","Schenectady County, New York","Federal Government","NAICS 92219 Other justice and safety activities","County, NAICS 5-digit -- by ownership sector","All establishment sizes",1,6,3,3,53315,0,0,1025,"",4.46,0.62,0.30,0.30,0.20,0.00,0.00,0.49,"",0,0.0,-1,-14.3,0,0.0,-2,-40.0,1579,3.1,0,0.0,0,0.0,229,28.8
"36093","1","92219","77","0","2016","4","","Schenectady County, New York","Federal Government","NAICS 92219 Other justice and safety activities","County, NAICS 5-digit -- by ownership sector","All establishment sizes",1,5,6,5,62034,0,0,895,"",4.49,0.48,0.56,0.48,0.26,0.00,0.00,0.52,"",0,0.0,-1,-16.7,0,0.0,-1,-16.7,-14856,-19.3,0,0.0,0,0.0,-91,-9.2
"36093","1","922190","78","0","2016","1","","Schenectady County, New York","Federal Government","NAICS 922190 Other justice and safety activities","County, NAICS 6-digit -- by ownership sector","All establishment sizes",1,4,3,3,34081,0,0,786,"",4.43,0.42,0.31,0.30,0.14,0.00,0.00,0.41,"",0,0.0,2,100.0,-3,-50.0,-1,-25.0,766,2.3,0,0.0,0,0.0,145,22.6
"36093","1","922190","78","0","2016","2","","Schenectady County, New York","Federal Government","NAICS 922190 Other justice and safety activities","County, NAICS 6-digit -- by ownership sector","All establishment sizes",1,4,3,4,46677,0,0,979,"",4.44,0.40,0.30,0.40,0.19,0.00,0.00,0.52,"",0,0.0,2,100.0,-1,-25.0,0,0.0,17868,62.0,0,0.0,0,0.0,314,47.2
"36093","1","922190","78","0","2016","3","","Schenectady County, New York","Federal Government","NAICS 922190 Other justice and safety activities","County, NAICS 6-digit -- by ownership sector","All establishment sizes",1,6,3,3,53315,0,0,1025,"",4.46,0.62,0.30,0.30,0.20,0.00,0.00,0.49,"",0,0.0,-1,-14.3,0,0.0,-2,-40.0,1579,3.1,0,0.0,0,0.0,229,28.8
"36093","1","922190","78","0","2016","4","","Schenectady County, New York","Federal Government","NAICS 922190 Other justice and safety activities","County, NAICS 6-digit -- by ownership sector","All establishment sizes",1,5,6,5,62034,0,0,895,"",4.49,0.48,0.56,0.48,0.26,0.00,0.00,0.52,"",0,0.0,-1,-16.7,0,0.0,-1,-16.7,-14856,-19.3,0,0.0,0,0.0,-91,-9.2
"36093","1","923","75","0","2016","1","","Schenectady County, New York","Federal Government","NAICS 923 Administration of human resource programs","County, NAICS 3-digit -- by ownership sector","All establishment sizes",1,31,30,31,573090,0,0,1438,"",1.07,0.38,0.37,0.38,0.33,0.00,0.00,0.87,"",0,0.0,-3,-8.8,-3,-9.1,-1,-3.1,21056,3.8,0,0.0,0,0.0,151,11.7
"36093","1","923","75","0","2016","2","","Schenectady County, New York","Federal Government","NAICS 923 Administration of human resource programs","County, NAICS 3-digit -- by ownership sector","All establishment sizes",1,30,30,30,480778,0,0,1233,"",1.08,0.37,0.37,0.36,0.25,0.00,0.00,0.69,"",0,0.0,-2,-6.2,-2,-6.2,-2,-6.2,-8766,-1.8,0,0.0,0,0.0,56,4.8
"36093","1","923","75","0","2016","3","","Schenectady County, New York","Federal Government","NAICS 923 Administration of human resource programs","County, NAICS 3-digit -- by ownership sector","All establishment sizes",1,29,29,30,586327,0,0,1538,"",1.08,0.36,0.36,0.37,0.29,0.00,0.00,0.79,"",0,0.0,-4,-12.1,-3,-9.4,-2,-6.2,-4856,-0.8,0,0.0,0,0.0,132,9.4
"36093","1","923","75","0","2016","4","","Schenectady County, New York","Federal Government","NAICS 923 Administration of human resource programs","County, NAICS 3-digit -- by ownership sector","All establishment sizes",1,29,28,27,441674,0,0,1213,"",1.08,0.35,0.34,0.33,0.24,0.00,0.00,0.71,"",0,0.0,-2,-6.5,-4,-12.5,-5,-15.6,-46636,-9.6,0,0.0,0,0.0,27,2.3
"36093","1","9231","76","0","2016","1","","Schenectady County, New York","Federal Government","NAICS 9231 Administration of human resource programs","County, NAICS 4-digit -- by ownership sector","All establishment sizes",1,31,30,31,573090,0,0,1438,"",1.07,0.38,0.37,0.38,0.33,0.00,0.00,0.87,"",0,0.0,-3,-8.8,-3,-9.1,-1,-3.1,21056,3.8,0,0.0,0,0.0,151,11.7
"36093","1","9231","76","0","2016","2","","Schenectady County, New York","Federal Government","NAICS 9231 Administration of human resource programs","County, NAICS 4-digit -- by ownership sector","All establishment sizes",1,30,30,30,480778,0,0,1233,"",1.08,0.37,0.37,0.36,0.25,0.00,0.00,0.69,"",0,0.0,-2,-6.2,-2,-6.2,-2,-6.2,-8766,-1.8,0,0.0,0,0.0,56,4.8
"36093","1","9231","76","0","2016","3","","Schenectady County, New York","Federal Government","NAICS 9231 Administration of human resource programs","County, NAICS 4-digit -- by ownership sector","All establishment sizes",1,29,29,30,586327,0,0,1538,"",1.08,0.36,0.36,0.37,0.29,0.00,0.00,0.79,"",0,0.0,-4,-12.1,-3,-9.4,-2,-6.2,-4856,-0.8,0,0.0,0,0.0,132,9.4
"36093","1","9231","76","0","2016","4","","Schenectady County, New York","Federal Government","NAICS 9231 Administration of human resource programs","County, NAICS 4-digit -- by ownership sector","All establishment sizes",1,29,28,27,441674,0,0,1213,"",1.08,0.35,0.34,0.33,0.24,0.00,0.00,0.71,"",0,0.0,-2,-6.5,-4,-12.5,-5,-15.6,-46636,-9.6,0,0.0,0,0.0,27,2.3
"36093","1","92313","77","0","2016","1","","Schenectady County, New York","Federal Government","NAICS 92313 Other human resource programs administration","County, NAICS 5-digit -- by ownership sector","All establishment sizes",1,31,30,31,573090,0,0,1438,"",1.83,0.95,0.92,0.95,0.84,0.00,0.00,0.89,"",0,0.0,-3,-8.8,-3,-9.1,-1,-3.1,21056,3.8,0,0.0,0,0.0,151,11.7
"36093","1","92313","77","0","2016","2","","Schenectady County, New York","Federal Government","NAICS 92313 Other human resource programs administration","County, NAICS 5-digit -- by ownership sector","All establishment sizes",1,30,30,30,480778,0,0,1233,"",1.83,0.93,0.93,0.90,0.71,0.00,0.00,0.77,"",0,0.0,-2,-6.2,-2,-6.2,-2,-6.2,-8766,-1.8,0,0.0,0,0.0,56,4.8
"36093","1","92313","77","0","2016","3","","Schenectady County, New York","Federal Government","NAICS 92313 Other human resource programs administration","County, NAICS 5-digit -- by ownership sector","All establishment sizes",1,29,29,30,586327,0,0,1538,"",1.84,0.92,0.92,0.94,0.80,0.00,0.00,0.87,"",0,0.0,-4,-12.1,-3,-9.4,-2,-6.2,-4856,-0.8,0,0.0,0,0.0,132,9.4
"36093","1","92313","77","0","2016","4","","Schenectady County, New York","Federal Government","NAICS 92313 Other human resource programs administration","County, NAICS 5-digit -- by ownership sector","All establishment sizes",1,29,28,27,441674,0,0,1213,"",1.84,0.91,0.87,0.85,0.76,0.00,0.00,0.86,"",0,0.0,-2,-6.5,-4,-12.5,-5,-15.6,-46636,-9.6,0,0.0,0,0.0,27,2.3
"36093","1","923130","78","0","2016","1","","Schenectady County, New York","Federal Government","NAICS 923130 Other human resource programs administration","County, NAICS 6-digit -- by ownership sector","All establishment sizes",1,31,30,31,573090,0,0,1438,"",1.83,0.95,0.92,0.95,0.84,0.00,0.00,0.89,"",0,0.0,-3,-8.8,-3,-9.1,-1,-3.1,21056,3.8,0,0.0,0,0.0,151,11.7
"36093","1","923130","78","0","2016","2","","Schenectady County, New York","Federal Government","NAICS 923130 Other human resource programs administration","County, NAICS 6-digit -- by ownership sector","All establishment sizes",1,30,30,30,480778,0,0,1233,"",1.83,0.93,0.93,0.90,0.71,0.00,0.00,0.77,"",0,0.0,-2,-6.2,-2,-6.2,-2,-6.2,-8766,-1.8,0,0.0,0,0.0,56,4.8
"36093","1","923130","78","0","2016","3","","Schenectady County, New York","Federal Government","NAICS 923130 Other human resource programs administration","County, NAICS 6-digit -- by ownership sector","All establishment sizes",1,29,29,30,586327,0,0,1538,"",1.84,0.92,0.92,0.94,0.80,0.00,0.00,0.87,"",0,0.0,-4,-12.1,-3,-9.4,-2,-6.2,-4856,-0.8,0,0.0,0,0.0,132,9.4
"36093","1","923130","78","0","2016","4","","Schenectady County, New York","Federal Government","NAICS 923130 Other human resource programs administration","County, NAICS 6-digit -- by ownership sector","All establishment sizes",1,29,28,27,441674,0,0,1213,"",1.84,0.91,0.87,0.85,0.76,0.00,0.00,0.86,"",0,0.0,-2,-6.5,-4,-12.5,-5,-15.6,-46636,-9.6,0,0.0,0,0.0,27,2.3
"36093","1","926","75","0","2016","1","","Schenectady County, New York","Federal Government","NAICS 926 Administration of economic programs","County, NAICS 3-digit -- by ownership sector","All establishment sizes",3,51,52,50,1474566,0,0,2224,"",1.03,0.48,0.49,0.47,0.59,0.00,0.00,1.23,"",-1,-25.0,-3,-5.6,-1,-1.9,-1,-2.0,222683,17.8,0,0.0,0,0.0,396,21.7
"36093","1","926","75","0","2016","2","","Schenectady County, New York","Federal Government","NAICS 926 Administration of economic programs","County, NAICS 3-digit -- by ownership sector","All establishment sizes",3,51,51,50,1238625,0,0,1881,"",1.04,0.48,0.48,0.46,0.51,0.00,0.00,1.08,"",-1,-25.0,-2,-3.8,-2,-3.8,-4,-7.4,-198690,-13.8,0,0.0,0,0.0,-192,-9.3
"36093","1","926","75","0","2016","3","","Schenectady County, New York","Federal Government","NAICS 926 Administration of economic programs","County, NAICS 3-digit -- by ownership sector","All establishment sizes",3,50,50,50,1380853,0,0,2124,"",1.04,0.48,0.48,0.48,0.53,0.00,0.00,1.10,"",-1,-25.0,-5,-9.1,-5,-9.1,-4,-7.4,106816,8.4,0,0.0,0,0.0,331,18.5
"36093","1","926","75","0","2016","4","","Schenectady County, New York","Federal Government","NAICS 926 Administration of economic programs","County, NAICS 3-digit -- by ownership sector","All establishment sizes",3,54,54,53,1321733,0,0,1895,"",1.04,0.50,0.50,0.49,0.59,0.00,0.00,1.19,"",-1,-25.0,1,1.9,1,1.9,1,1.9,216671,19.6,0,0.0,0,0.0,281,17.4
"36093","1","9261","76","0","2016","1","","Schenectady County, New York","Federal Government","NAICS 9261 Administration of economic programs","County, NAICS 4-digit -- by ownership sector","All establishment sizes",3,51,52,50,1474566,0,0,2224,"",1.03,0.48,0.49,0.47,0.59,0.00,0.00,1.23,"",-1,-25.0,-3,-5.6,-1,-1.9,-1,-2.0,222683,17.8,0,0.0,0,0.0,396,21.7
"36093","1","9261","76","0","2016","2","","Schenectady County, New York","Federal Government","NAICS 9261 Administration of economic programs","County, NAICS 4-digit -- by ownership sector","All establishment sizes",3,51,51,50,1238625,0,0,1881,"",1.04,0.48,0.48,0.46,0.51,0.00,0.00,1.08,"",-1,-25.0,-2,-3.8,-2,-3.8,-4,-7.4,-198690,-13.8,0,0.0,0,0.0,-192,-9.3
"36093","1","9261","76","0","2016","3","","Schenectady County, New York","Federal Government","NAICS 9261 Administration of economic programs","County, NAICS 4-digit -- by ownership sector","All establishment sizes",3,50,50,50,1380853,0,0,2124,"",1.04,0.48,0.48,0.48,0.53,0.00,0.00,1.10,"",-1,-25.0,-5,-9.1,-5,-9.1,-4,-7.4,106816,8.4,0,0.0,0,0.0,331,18.5
"36093","1","9261","76","0","2016","4","","Schenectady County, New York","Federal Government","NAICS 9261 Administration of economic programs","County, NAICS 4-digit -- by ownership sector","All establishment sizes",3,54,54,53,1321733,0,0,1895,"",1.04,0.50,0.50,0.49,0.59,0.00,0.00,1.19,"",-1,-25.0,1,1.9,1,1.9,1,1.9,216671,19.6,0,0.0,0,0.0,281,17.4
"36093","1","92611","77","0","2016","1","","Schenectady County, New York","Federal Government","NAICS 92611 Administration of general economic programs","County, NAICS 5-digit -- by ownership sector","All establishment sizes",2,49,50,49,1454995,0,0,2269,"",2.55,2.64,2.69,2.64,3.26,0.00,0.00,1.23,"",-1,-33.3,-2,-3.9,0,0.0,-1,-2.0,237246,19.5,0,0.0,0,0.0,408,21.9
"36093","1","92611","77","0","2016","2","","Schenectady County, New York","Federal Government","NAICS 92611 Administration of general economic programs","County, NAICS 5-digit -- by ownership sector","All establishment sizes",2,49,49,48,1205371,0,0,1905,"",2.56,2.62,2.63,2.51,2.75,0.00,0.00,1.06,"",-1,-33.3,-2,-3.9,-2,-3.9,-4,-7.7,-187327,-13.5,0,0.0,0,0.0,-182,-8.7
"36093","1","92611","77","0","2016","3","","Schenectady County, New York","Federal Government","NAICS 92611 Administration of general economic programs","County, NAICS 5-digit -- by ownership sector","All establishment sizes",2,49,49,49,1357677,0,0,2131,"",2.57,2.68,2.69,2.65,2.91,0.00,0.00,1.09,"",-1,-33.3,-4,-7.5,-4,-7.5,-3,-5.8,122388,9.9,0,0.0,0,0.0,327,18.1
"36093","1","92611","77","0","2016","4","","Schenectady County, New York","Federal Government","NAICS 92611 Administration of general economic programs","County, NAICS 5-digit -- by ownership sector","All establishment sizes",2,51,51,51,1277089,0,0,1926,"",2.57,2.68,2.67,2.70,3.15,0.00,0.00,1.17,"",-1,-33.3,0,0.0,0,0.0,1,2.0,203893,19.0,0,0.0,0,0.0,297,18.2
"36093","1","926110","78","0","2016","1","","Schenectady County, New York","Federal Government","NAICS 926110 Administration of general economic programs","County, NAICS 6-digit -- by ownership sector","All establishment sizes",2,49,50,49,1454995,0,0,2269,"",2.55,2.64,2.69,2.64,3.26,0.00,0.00,1.23,"",-1,-33.3,-2,-3.9,0,0.0,-1,-2.0,237246,19.5,0,0.0,0,0.0,408,21.9
"36093","1","926110","78","0","2016","2","","Schenectady County, New York","Federal Government","NAICS 926110 Administration of general economic programs","County, NAICS 6-digit -- by ownership sector","All establishment sizes",2,49,49,48,1205371,0,0,1905,"",2.56,2.62,2.63,2.51,2.75,0.00,0.00,1.06,"",-1,-33.3,-2,-3.9,-2,-3.9,-4,-7.7,-187327,-13.5,0,0.0,0,0.0,-182,-8.7
"36093","1","926110","78","0","2016","3","","Schenectady County, New York","Federal Government","NAICS 926110 Administration of general economic programs","County, NAICS 6-digit -- by ownership sector","All establishment sizes",2,49,49,49,1357677,0,0,2131,"",2.57,2.68,2.69,2.65,2.91,0.00,0.00,1.09,"",-1,-33.3,-4,-7.5,-4,-7.5,-3,-5.8,122388,9.9,0,0.0,0,0.0,327,18.1
"36093","1","926110","78","0","2016","4","","Schenectady County, New York","Federal Government","NAICS 926110 Administration of general economic programs","County, NAICS 6-digit -- by ownership sector","All establishment sizes",2,51,51,51,1277089,0,0,1926,"",2.57,2.68,2.67,2.70,3.15,0.00,0.00,1.17,"",-1,-33.3,0,0.0,0,0.0,1,2.0,203893,19.0,0,0.0,0,0.0,297,18.2
"36093","1","92614","77","0","2016","1","","Schenectady County, New York","Federal Government","NAICS 92614 Agricultural market and commodity regulation","County, NAICS 5-digit -- by ownership sector","All establishment sizes",1,2,2,1,19571,0,0,903,"",0.82,0.09,0.10,0.05,0.05,0.00,0.00,0.60,"",0,0.0,-1,-33.3,-1,-33.3,0,0.0,-14563,-42.7,0,0.0,0,0.0,-222,-19.7
"36093","1","92614","77","0","2016","2","","Schenectady County, New York","Federal Government","NAICS 92614 Agricultural market and commodity regulation","County, NAICS 5-digit -- by ownership sector","All establishment sizes",1,2,2,2,33254,0,0,1279,"",0.83,0.10,0.10,0.09,0.08,0.00,0.00,0.87,"",0,0.0,0,0.0,0,0.0,0,0.0,-11363,-25.5,0,0.0,0,0.0,-437,-25.5
"36093","1","92614","77","0","2016","3","","Schenectady County, New York","Federal Government","NAICS 92614 Agricultural market and commodity regulation","County, NAICS 5-digit -- by ownership sector","All establishment sizes",1,1,1,1,23176,0,0,1783,"",0.83,0.05,0.05,0.05,0.05,0.00,0.00,1.10,"",0,0.0,-1,-50.0,-1,-50.0,-1,-50.0,-15572,-40.2,0,0.0,0,0.0,293,19.7
"36093","1","92614","77","0","2016","4","","Schenectady County, New York","Federal Government","NAICS 92614 Agricultural market and commodity regulation","County, NAICS 5-digit -- by ownership sector","All establishment sizes",1,3,3,2,44644,0,0,1288,"",0.83,0.14,0.14,0.09,0.12,0.00,0.00,0.98,"",0,0.0,1,50.0,1,50.0,0,0.0,12778,40.1,0,0.0,0,0.0,62,5.1
"36093","1","926140","78","0","2016","1","","Schenectady County, New York","Federal Government","NAICS 926140 Agricultural market and commodity regulation","County, NAICS 6-digit -- by ownership sector","All establishment sizes",1,2,2,1,19571,0,0,903,"",0.82,0.09,0.10,0.05,0.05,0.00,0.00,0.60,"",0,0.0,-1,-33.3,-1,-33.3,0,0.0,-14563,-42.7,0,0.0,0,0.0,-222,-19.7
"36093","1","926140","78","0","2016","2","","Schenectady County, New York","Federal Government","NAICS 926140 Agricultural market and commodity regulation","County, NAICS 6-digit -- by ownership sector","All establishment sizes",1,2,2,2,33254,0,0,1279,"",0.83,0.10,0.10,0.09,0.08,0.00,0.00,0.87,"",0,0.0,0,0.0,0,0.0,0,0.0,-11363,-25.5,0,0.0,0,0.0,-437,-25.5
"36093","1","926140","78","0","2016","3","","Schenectady County, New York","Federal Government","NAICS 926140 Agricultural market and commodity regulation","County, NAICS 6-digit -- by ownership sector","All establishment sizes",1,1,1,1,23176,0,0,1783,"",0.83,0.05,0.05,0.05,0.05,0.00,0.00,1.10,"",0,0.0,-1,-50.0,-1,-50.0,-1,-50.0,-15572,-40.2,0,0.0,0,0.0,293,19.7
"36093","1","926140","78","0","2016","4","","Schenectady County, New York","Federal Government","NAICS 926140 Agricultural market and commodity regulation","County, NAICS 6-digit -- by ownership sector","All establishment sizes",1,3,3,2,44644,0,0,1288,"",0.83,0.14,0.14,0.09,0.12,0.00,0.00,0.98,"",0,0.0,1,50.0,1,50.0,0,0.0,12778,40.1,0,0.0,0,0.0,62,5.1
"36093","1","928","75","0","2016","1","","Schenectady County, New York","Federal Government","NAICS 928 National security and international affairs","County, NAICS 3-digit -- by ownership sector","All establishment sizes",2,222,224,224,3344689,0,0,1152,"",2.38,0.89,0.89,0.89,0.67,0.00,0.00,0.76,"",0,0.0,-1,-0.4,4,1.8,1,0.4,-426360,-11.3,0,0.0,0,0.0,-155,-11.9
"36093","1","928","75","0","2016","2","","Schenectady County, New York","Federal Government","NAICS 928 National security and international affairs","County, NAICS 3-digit -- by ownership sector","All establishment sizes",2,224,226,228,3355903,0,0,1142,"",2.39,0.89,0.91,0.90,0.62,0.00,0.00,0.69,"",0,0.0,1,0.4,-5,-2.2,-8,-3.4,-47171,-1.4,0,0.0,0,0.0,4,0.4
"36093","1","928","75","0","2016","3","","Schenectady County, New York","Federal Government","NAICS 928 National security and international affairs","County, NAICS 3-digit -- by ownership sector","All establishment sizes",2,231,234,236,3982741,0,0,1311,"",2.38,0.95,0.96,0.96,0.70,0.00,0.00,0.73,"",0,0.0,-5,-2.1,-5,-2.1,0,0.0,48203,1.2,0,0.0,0,0.0,34,2.7
"36093","1","928","75","0","2016","4","","Schenectady County, New York","Federal Government","NAICS 928 National security and international affairs","County, NAICS 3-digit -- by ownership sector","All establishment sizes",2,234,231,233,3905080,0,0,1291,"",2.38,0.93,0.91,0.93,0.75,0.00,0.00,0.81,"",0,0.0,9,4.0,6,2.7,11,5.0,523462,15.5,0,0.0,0,0.0,130,11.2
"36093","1","9281","76","0","2016","1","","Schenectady County, New York","Federal Government","NAICS 9281 National security and international affairs","County, NAICS 4-digit -- by ownership sector","All establishment sizes",2,222,224,224,3344689,0,0,1152,"",2.38,0.89,0.89,0.89,0.67,0.00,0.00,0.76,"",0,0.0,-1,-0.4,4,1.8,1,0.4,-426360,-11.3,0,0.0,0,0.0,-155,-11.9
"36093","1","9281","76","0","2016","2","","Schenectady County, New York","Federal Government","NAICS 9281 National security and international affairs","County, NAICS 4-digit -- by ownership sector","All establishment sizes",2,224,226,228,3355903,0,0,1142,"",2.39,0.89,0.91,0.90,0.62,0.00,0.00,0.69,"",0,0.0,1,0.4,-5,-2.2,-8,-3.4,-47171,-1.4,0,0.0,0,0.0,4,0.4
"36093","1","9281","76","0","2016","3","","Schenectady County, New York","Federal Government","NAICS 9281 National security and international affairs","County, NAICS 4-digit -- by ownership sector","All establishment sizes",2,231,234,236,3982741,0,0,1311,"",2.38,0.95,0.96,0.96,0.70,0.00,0.00,0.73,"",0,0.0,-5,-2.1,-5,-2.1,0,0.0,48203,1.2,0,0.0,0,0.0,34,2.7
"36093","1","9281","76","0","2016","4","","Schenectady County, New York","Federal Government","NAICS 9281 National security and international affairs","County, NAICS 4-digit -- by ownership sector","All establishment sizes",2,234,231,233,3905080,0,0,1291,"",2.38,0.93,0.91,0.93,0.75,0.00,0.00,0.81,"",0,0.0,9,4.0,6,2.7,11,5.0,523462,15.5,0,0.0,0,0.0,130,11.2
"36093","1","92811","77","0","2016","1","","Schenectady County, New York","Federal Government","NAICS 92811 National security","County, NAICS 5-digit -- by ownership sector","All establishment sizes",2,222,224,224,3344689,0,0,1152,"",2.75,0.94,0.95,0.95,0.73,0.00,0.00,0.77,"",0,0.0,-1,-0.4,4,1.8,1,0.4,-426360,-11.3,0,0.0,0,0.0,-155,-11.9
"36093","1","92811","77","0","2016","2","","Schenectady County, New York","Federal Government","NAICS 92811 National security","County, NAICS 5-digit -- by ownership sector","All establishment sizes",2,224,226,228,3355903,0,0,1142,"",2.76,0.95,0.96,0.95,0.67,0.00,0.00,0.70,"",0,0.0,1,0.4,-5,-2.2,-8,-3.4,-47171,-1.4,0,0.0,0,0.0,4,0.4
"36093","1","92811","77","0","2016","3","","Schenectady County, New York","Federal Government","NAICS 92811 National security","County, NAICS 5-digit -- by ownership sector","All establishment sizes",2,231,234,236,3982741,0,0,1311,"",2.77,1.01,1.02,1.02,0.75,0.00,0.00,0.74,"",0,0.0,-5,-2.1,-5,-2.1,0,0.0,48203,1.2,0,0.0,0,0.0,34,2.7
"36093","1","92811","77","0","2016","4","","Schenectady County, New York","Federal Government","NAICS 92811 National security","County, NAICS 5-digit -- by ownership sector","All establishment sizes",2,234,231,233,3905080,0,0,1291,"",2.78,0.99,0.97,0.99,0.80,0.00,0.00,0.81,"",0,0.0,9,4.0,6,2.7,11,5.0,523462,15.5,0,0.0,0,0.0,130,11.2
"36093","1","928110","78","0","2016","1","","Schenectady County, New York","Federal Government","NAICS 928110 National security","County, NAICS 6-digit -- by ownership sector","All establishment sizes",2,222,224,224,3344689,0,0,1152,"",2.75,0.94,0.95,0.95,0.73,0.00,0.00,0.77,"",0,0.0,-1,-0.4,4,1.8,1,0.4,-426360,-11.3,0,0.0,0,0.0,-155,-11.9
"36093","1","928110","78","0","2016","2","","Schenectady County, New York","Federal Government","NAICS 928110 National security","County, NAICS 6-digit -- by ownership sector","All establishment sizes",2,224,226,228,3355903,0,0,1142,"",2.76,0.95,0.96,0.95,0.67,0.00,0.00,0.70,"",0,0.0,1,0.4,-5,-2.2,-8,-3.4,-47171,-1.4,0,0.0,0,0.0,4,0.4
"36093","1","928110","78","0","2016","3","","Schenectady County, New York","Federal Government","NAICS 928110 National security","County, NAICS 6-digit -- by ownership sector","All establishment sizes",2,231,234,236,3982741,0,0,1311,"",2.77,1.01,1.02,1.02,0.75,0.00,0.00,0.74,"",0,0.0,-5,-2.1,-5,-2.1,0,0.0,48203,1.2,0,0.0,0,0.0,34,2.7
"36093","1","928110","78","0","2016","4","","Schenectady County, New York","Federal Government","NAICS 928110 National security","County, NAICS 6-digit -- by ownership sector","All establishment sizes",2,234,231,233,3905080,0,0,1291,"",2.78,0.99,0.97,0.99,0.80,0.00,0.00,0.81,"",0,0.0,9,4.0,6,2.7,11,5.0,523462,15.5,0,0.0,0,0.0,130,11.2
"36093","2","10","71","0","2016","1","","Schenectady County, New York","State Government","10 Total, all industries","County, Total -- by ownership sector","All establishment sizes",35,1750,1771,1782,27099035,0,0,1179,"",1.43,0.87,0.86,0.87,0.98,0.00,0.00,1.13,"",1,2.9,160,10.1,153,9.5,157,9.7,3427049,14.5,0,0.0,0,0.0,49,4.3
"36093","2","10","71","0","2016","2","","Schenectady County, New York","State Government","10 Total, all industries","County, Total -- by ownership sector","All establishment sizes",35,1782,1793,1843,31360462,0,0,1336,"",1.43,0.86,0.88,0.90,0.97,0.00,0.00,1.10,"",1,2.9,181,11.3,157,9.6,192,11.6,5641859,21.9,0,0.0,0,0.0,122,10.0
"36093","2","10","71","0","2016","3","","Schenectady County, New York","State Government","10 Total, all industries","County, Total -- by ownership sector","All establishment sizes",35,1899,1888,1814,30246659,0,0,1246,"",1.43,0.98,0.97,0.90,0.99,0.00,0.00,1.05,"",1,2.9,195,11.4,183,10.7,153,9.2,2059896,7.3,0,0.0,0,0.0,-37,-2.9
"36093","2","10","71","0","2016","4","","Schenectady County, New York","State Government","10 Total, all industries","County, Total -- by ownership sector","All establishment sizes",35,1836,1870,1855,31461930,0,0,1306,"",1.42,0.89,0.91,0.91,1.11,0.00,0.00,1.22,"",1,2.9,176,10.6,206,12.4,193,11.6,2471624,8.5,0,0.0,0,0.0,-36,-2.7
"36093","2","102","72","0","2016","1","","Schenectady County, New York","State Government","102 Service-providing","County, by Domain -- by ownership sector","All establishment sizes",35,1750,1771,1782,27099035,0,0,1179,"",1.47,0.89,0.88,0.88,0.99,0.00,0.00,1.13,"",1,2.9,160,10.1,153,9.5,157,9.7,3427049,14.5,0,0.0,0,0.0,49,4.3
"36093","2","102","72","0","2016","2","","Schenectady County, New York","State Government","102 Service-providing","County, by Domain -- by ownership sector","All establishment sizes",35,1782,1793,1843,31360462,0,0,1336,"",1.47,0.88,0.89,0.92,0.99,0.00,0.00,1.10,"",1,2.9,181,11.3,157,9.6,192,11.6,5641859,21.9,0,0.0,0,0.0,122,10.0
"36093","2","102","72","0","2016","3","","Schenectady County, New York","State Government","102 Service-providing","County, by Domain -- by ownership sector","All establishment sizes",35,1899,1888,1814,30246659,0,0,1246,"",1.47,0.99,0.99,0.91,1.01,0.00,0.00,1.04,"",1,2.9,195,11.4,183,10.7,153,9.2,2059896,7.3,0,0.0,0,0.0,-37,-2.9
"36093","2","102","72","0","2016","4","","Schenectady County, New York","State Government","102 Service-providing","County, by Domain -- by ownership sector","All establishment sizes",35,1836,1870,1855,31461930,0,0,1306,"",1.46,0.91,0.92,0.93,1.12,0.00,0.00,1.22,"",1,2.9,176,10.6,206,12.4,193,11.6,2471624,8.5,0,0.0,0,0.0,-36,-2.7
"36093","2","1021","73","0","2016","1","N","Schenectady County, New York","State Government","1021 Trade, transportation, and utilities","County, by Supersector -- by ownership sector","All establishment sizes",1,0,0,0,0,0,0,0,"N",2.89,0,0,0,0,0,0,0,"N",0,0.0,0,0,0,0,0,0,0,0,0,0,0,0,0,0
"36093","2","1021","73","0","2016","2","N","Schenectady County, New York","State Government","1021 Trade, transportation, and utilities","County, by Supersector -- by ownership sector","All establishment sizes",1,0,0,0,0,0,0,0,"N",2.87,0,0,0,0,0,0,0,"N",0,0.0,0,0,0,0,0,0,0,0,0,0,0,0,0,0
"36093","2","1021","73","0","2016","3","N","Schenectady County, New York","State Government","1021 Trade, transportation, and utilities","County, by Supersector -- by ownership sector","All establishment sizes",1,0,0,0,0,0,0,0,"N",2.89,0,0,0,0,0,0,0,"N",0,0.0,0,0,0,0,0,0,0,0,0,0,0,0,0,0
"36093","2","1021","73","0","2016","4","N","Schenectady County, New York","State Government","1021 Trade, transportation, and utilities","County, by Supersector -- by ownership sector","All establishment sizes",1,0,0,0,0,0,0,0,"N",2.89,0,0,0,0,0,0,0,"N",0,0.0,0,0,0,0,0,0,0,0,0,0,0,0,0,0
"36093","2","1023","73","0","2016","1","N","Schenectady County, New York","State Government","1023 Financial activities","County, by Supersector -- by ownership sector","All establishment sizes",1,0,0,0,0,0,0,0,"N",23.57,0,0,0,0,0,0,0,"N",0,0.0,0,0,0,0,0,0,0,0,0,0,0,0,0,0
"36093","2","1023","73","0","2016","2","N","Schenectady County, New York","State Government","1023 Financial activities","County, by Supersector -- by ownership sector","All establishment sizes",1,0,0,0,0,0,0,0,"N",24.29,0,0,0,0,0,0,0,"N",0,0.0,0,0,0,0,0,0,0,0,0,0,0,0,0,0
"36093","2","1023","73","0","2016","3","N","Schenectady County, New York","State Government","1023 Financial activities","County, by Supersector -- by ownership sector","All establishment sizes",1,0,0,0,0,0,0,0,"N",24.50,0,0,0,0,0,0,0,"N",0,0.0,0,0,0,0,0,0,0,0,0,0,0,0,0,0
"36093","2","1023","73","0","2016","4","N","Schenectady County, New York","State Government","1023 Financial activities","County, by Supersector -- by ownership sector","All establishment sizes",1,0,0,0,0,0,0,0,"N",24.73,0,0,0,0,0,0,0,"N",0,0.0,0,0,0,0,0,0,0,0,0,0,0,0,0,0
"36093","2","1025","73","0","2016","1","","Schenectady County, New York","State Government","1025 Education and health services","County, by Supersector -- by ownership sector","All establishment sizes",6,512,521,519,6636896,0,0,987,"",1.16,0.46,0.45,0.45,0.42,0.00,0.00,0.94,"",0,0.0,6,1.2,-10,-1.9,4,0.8,786494,13.4,0,0.0,0,0.0,117,13.4
"36093","2","1025","73","0","2016","2","","Schenectady County, New York","State Government","1025 Education and health services","County, by Supersector -- by ownership sector","All establishment sizes",6,511,516,540,6205130,0,0,914,"",1.15,0.44,0.45,0.48,0.34,0.00,0.00,0.75,"",0,0.0,27,5.6,30,6.2,48,9.8,-407255,-6.2,0,0.0,0,0.0,-130,-12.5
"36093","2","1025","73","0","2016","3","","Schenectady County, New York","State Government","1025 Education and health services","County, by Supersector -- by ownership sector","All establishment sizes",6,592,596,524,7620824,0,0,1027,"",1.15,0.55,0.56,0.46,0.44,0.00,0.00,0.85,"",0,0.0,40,7.2,39,7.0,8,1.6,1646669,27.6,0,0.0,0,0.0,179,21.1
"36093","2","1025","73","0","2016","4","","Schenectady County, New York","State Government","1025 Education and health services","County, by Supersector -- by ownership sector","All establishment sizes",6,545,567,567,6501781,0,0,894,"",1.17,0.47,0.48,0.49,0.41,0.00,0.00,0.84,"",0,0.0,36,7.1,57,11.2,61,12.1,-250747,-3.7,0,0.0,0,0.0,-128,-12.5
"36093","2","1028","73","0","2016","1","","Schenectady County, New York","State Government","1028 Public administration","County, by Supersector -- by ownership sector","All establishment sizes",27,1232,1244,1257,20294456,0,0,1255,"",1.56,1.55,1.56,1.58,1.88,0.00,0.00,1.20,"",1,3.8,154,14.3,164,15.2,154,14.0,2653677,15.0,0,0.0,0,0.0,7,0.6
"36093","2","1028","73","0","2016","2","","Schenectady County, New York","State Government","1028 Public administration","County, by Supersector -- by ownership sector","All establishment sizes",27,1265,1271,1298,24981224,0,0,1504,"",1.56,1.58,1.59,1.59,1.98,0.00,0.00,1.25,"",1,3.8,155,14.0,128,11.2,146,12.7,6028391,31.8,0,0.0,0,0.0,219,17.0
"36093","2","1028","73","0","2016","3","","Schenectady County, New York","State Government","1028 Public administration","County, by Supersector -- by ownership sector","All establishment sizes",27,1302,1287,1285,22464260,0,0,1338,"",1.56,1.68,1.66,1.65,1.90,0.00,0.00,1.14,"",1,3.8,157,13.7,146,12.8,141,12.3,436772,2.0,0,0.0,0,0.0,-144,-9.7
"36093","2","1028","73","0","2016","4","","Schenectady County, New York","State Government","1028 Public administration","County, by Supersector -- by ownership sector","All establishment sizes",27,1286,1297,1282,24775095,0,0,1479,"",1.55,1.62,1.63,1.63,2.21,0.00,0.00,1.36,"",1,3.8,141,12.3,149,13.0,132,11.5,2718468,12.3,0,0.0,0,0.0,1,0.1
"36093","2","48-49","74","0","2016","1","N","Schenectady County, New York","State Government","NAICS 48-49 Transportation and warehousing","County, NAICS Sector -- by ownership sector","All establishment sizes",1,0,0,0,0,0,0,0,"N",5.83,0,0,0,0,0,0,0,"N",0,0.0,0,0,0,0,0,0,0,0,0,0,0,0,0,0
"36093","2","48-49","74","0","2016","2","N","Schenectady County, New York","State Government","NAICS 48-49 Transportation and warehousing","County, NAICS Sector -- by ownership sector","All establishment sizes",1,0,0,0,0,0,0,0,"N",5.81,0,0,0,0,0,0,0,"N",0,0.0,0,0,0,0,0,0,0,0,0,0,0,0,0,0
"36093","2","48-49","74","0","2016","3","N","Schenectady County, New York","State Government","NAICS 48-49 Transportation and warehousing","County, NAICS Sector -- by ownership sector","All establishment sizes",1,0,0,0,0,0,0,0,"N",5.82,0,0,0,0,0,0,0,"N",0,0.0,0,0,0,0,0,0,0,0,0,0,0,0,0,0
"36093","2","48-49","74","0","2016","4","N","Schenectady County, New York","State Government","NAICS 48-49 Transportation and warehousing","County, NAICS Sector -- by ownership sector","All establishment sizes",1,0,0,0,0,0,0,0,"N",5.84,0,0,0,0,0,0,0,"N",0,0.0,0,0,0,0,0,0,0,0,0,0,0,0,0,0
"36093","2","488","75","0","2016","1","N","Schenectady County, New York","State Government","NAICS 488 Support activities for transportation","County, NAICS 3-digit -- by ownership sector","All establishment sizes",1,0,0,0,0,0,0,0,"N",7.12,0,0,0,0,0,0,0,"N",0,0.0,0,0,0,0,0,0,0,0,0,0,0,0,0,0
"36093","2","488","75","0","2016","2","N","Schenectady County, New York","State Government","NAICS 488 Support activities for transportation","County, NAICS 3-digit -- by ownership sector","All establishment sizes",1,0,0,0,0,0,0,0,"N",7.10,0,0,0,0,0,0,0,"N",0,0.0,0,0,0,0,0,0,0,0,0,0,0,0,0,0
"36093","2","488","75","0","2016","3","N","Schenectady County, New York","State Government","NAICS 488 Support activities for transportation","County, NAICS 3-digit -- by ownership sector","All establishment sizes",1,0,0,0,0,0,0,0,"N",7.10,0,0,0,0,0,0,0,"N",0,0.0,0,0,0,0,0,0,0,0,0,0,0,0,0,0
"36093","2","488","75","0","2016","4","N","Schenectady County, New York","State Government","NAICS 488 Support activities for transportation","County, NAICS 3-digit -- by ownership sector","All establishment sizes",1,0,0,0,0,0,0,0,"N",7.12,0,0,0,0,0,0,0,"N",0,0.0,0,0,0,0,0,0,0,0,0,0,0,0,0,0
"36093","2","4884","76","0","2016","1","N","Schenectady County, New York","State Government","NAICS 4884 Support activities for road transportation","County, NAICS 4-digit -- by ownership sector","All establishment sizes",1,0,0,0,0,0,0,0,"N",13.15,0,0,0,0,0,0,0,"N",0,0.0,0,0,0,0,0,0,0,0,0,0,0,0,0,0
"36093","2","4884","76","0","2016","2","N","Schenectady County, New York","State Government","NAICS 4884 Support activities for road transportation","County, NAICS 4-digit -- by ownership sector","All establishment sizes",1,0,0,0,0,0,0,0,"N",13.10,0,0,0,0,0,0,0,"N",0,0.0,0,0,0,0,0,0,0,0,0,0,0,0,0,0
"36093","2","4884","76","0","2016","3","N","Schenectady County, New York","State Government","NAICS 4884 Support activities for road transportation","County, NAICS 4-digit -- by ownership sector","All establishment sizes",1,0,0,0,0,0,0,0,"N",13.11,0,0,0,0,0,0,0,"N",0,0.0,0,0,0,0,0,0,0,0,0,0,0,0,0,0
"36093","2","4884","76","0","2016","4","N","Schenectady County, New York","State Government","NAICS 4884 Support activities for road transportation","County, NAICS 4-digit -- by ownership sector","All establishment sizes",1,0,0,0,0,0,0,0,"N",13.17,0,0,0,0,0,0,0,"N",0,0.0,0,0,0,0,0,0,0,0,0,0,0,0,0,0
"36093","2","48849","77","0","2016","1","N","Schenectady County, New York","State Government","NAICS 48849 Other support activities for road transport.","County, NAICS 5-digit -- by ownership sector","All establishment sizes",1,0,0,0,0,0,0,0,"N",13.15,0,0,0,0,0,0,0,"N",0,0.0,0,0,0,0,0,0,0,0,0,0,0,0,0,0
"36093","2","48849","77","0","2016","2","N","Schenectady County, New York","State Government","NAICS 48849 Other support activities for road transport.","County, NAICS 5-digit -- by ownership sector","All establishment sizes",1,0,0,0,0,0,0,0,"N",13.10,0,0,0,0,0,0,0,"N",0,0.0,0,0,0,0,0,0,0,0,0,0,0,0,0,0
"36093","2","48849","77","0","2016","3","N","Schenectady County, New York","State Government","NAICS 48849 Other support activities for road transport.","County, NAICS 5-digit -- by ownership sector","All establishment sizes",1,0,0,0,0,0,0,0,"N",13.11,0,0,0,0,0,0,0,"N",0,0.0,0,0,0,0,0,0,0,0,0,0,0,0,0,0
"36093","2","48849","77","0","2016","4","N","Schenectady County, New York","State Government","NAICS 48849 Other support activities for road transport.","County, NAICS 5-digit -- by ownership sector","All establishment sizes",1,0,0,0,0,0,0,0,"N",13.17,0,0,0,0,0,0,0,"N",0,0.0,0,0,0,0,0,0,0,0,0,0,0,0,0,0
"36093","2","488490","78","0","2016","1","N","Schenectady County, New York","State Government","NAICS 488490 Other support activities for road transport.","County, NAICS 6-digit -- by ownership sector","All establishment sizes",1,0,0,0,0,0,0,0,"N",13.15,0,0,0,0,0,0,0,"N",0,0.0,0,0,0,0,0,0,0,0,0,0,0,0,0,0
"36093","2","488490","78","0","2016","2","N","Schenectady County, New York","State Government","NAICS 488490 Other support activities for road transport.","County, NAICS 6-digit -- by ownership sector","All establishment sizes",1,0,0,0,0,0,0,0,"N",13.10,0,0,0,0,0,0,0,"N",0,0.0,0,0,0,0,0,0,0,0,0,0,0,0,0,0
"36093","2","488490","78","0","2016","3","N","Schenectady County, New York","State Government","NAICS 488490 Other support activities for road transport.","County, NAICS 6-digit -- by ownership sector","All establishment sizes",1,0,0,0,0,0,0,0,"N",13.11,0,0,0,0,0,0,0,"N",0,0.0,0,0,0,0,0,0,0,0,0,0,0,0,0,0
"36093","2","488490","78","0","2016","4","N","Schenectady County, New York","State Government","NAICS 488490 Other support activities for road transport.","County, NAICS 6-digit -- by ownership sector","All establishment sizes",1,0,0,0,0,0,0,0,"N",13.17,0,0,0,0,0,0,0,"N",0,0.0,0,0,0,0,0,0,0,0,0,0,0,0,0,0
"36093","2","52","74","0","2016","1","N","Schenectady County, New York","State Government","NAICS 52 Finance and insurance","County, NAICS Sector -- by ownership sector","All establishment sizes",1,0,0,0,0,0,0,0,"N",30.09,0,0,0,0,0,0,0,"N",0,0.0,0,0,0,0,0,0,0,0,0,0,0,0,0,0
"36093","2","52","74","0","2016","2","N","Schenectady County, New York","State Government","NAICS 52 Finance and insurance","County, NAICS Sector -- by ownership sector","All establishment sizes",1,0,0,0,0,0,0,0,"N",31.30,0,0,0,0,0,0,0,"N",0,0.0,0,0,0,0,0,0,0,0,0,0,0,0,0,0
"36093","2","52","74","0","2016","3","N","Schenectady County, New York","State Government","NAICS 52 Finance and insurance","County, NAICS Sector -- by ownership sector","All establishment sizes",1,0,0,0,0,0,0,0,"N",31.66,0,0,0,0,0,0,0,"N",0,0.0,0,0,0,0,0,0,0,0,0,0,0,0,0,0
"36093","2","52","74","0","2016","4","N","Schenectady County, New York","State Government","NAICS 52 Finance and insurance","County, NAICS Sector -- by ownership sector","All establishment sizes",1,0,0,0,0,0,0,0,"N",32.03,0,0,0,0,0,0,0,"N",0,0.0,0,0,0,0,0,0,0,0,0,0,0,0,0,0
"36093","2","524","75","0","2016","1","N","Schenectady County, New York","State Government","NAICS 524 Insurance carriers and related activities","County, NAICS 3-digit -- by ownership sector","All establishment sizes",1,0,0,0,0,0,0,0,"N",53.36,0,0,0,0,0,0,0,"N",0,0.0,0,0,0,0,0,0,0,0,0,0,0,0,0,0
"36093","2","524","75","0","2016","2","N","Schenectady County, New York","State Government","NAICS 524 Insurance carriers and related activities","County, NAICS 3-digit -- by ownership sector","All establishment sizes",1,0,0,0,0,0,0,0,"N",57.50,0,0,0,0,0,0,0,"N",0,0.0,0,0,0,0,0,0,0,0,0,0,0,0,0,0
"36093","2","524","75","0","2016","3","N","Schenectady County, New York","State Government","NAICS 524 Insurance carriers and related activities","County, NAICS 3-digit -- by ownership sector","All establishment sizes",1,0,0,0,0,0,0,0,"N",58.71,0,0,0,0,0,0,0,"N",0,0.0,0,0,0,0,0,0,0,0,0,0,0,0,0,0
"36093","2","524","75","0","2016","4","N","Schenectady County, New York","State Government","NAICS 524 Insurance carriers and related activities","County, NAICS 3-digit -- by ownership sector","All establishment sizes",1,0,0,0,0,0,0,0,"N",59.97,0,0,0,0,0,0,0,"N",0,0.0,0,0,0,0,0,0,0,0,0,0,0,0,0,0
"36093","2","5241","76","0","2016","1","N","Schenectady County, New York","State Government","NAICS 5241 Insurance carriers","County, NAICS 4-digit -- by ownership sector","All establishment sizes",1,0,0,0,0,0,0,0,"N",72.52,0,0,0,0,0,0,0,"N",0,0.0,0,0,0,0,0,0,0,0,0,0,0,0,0,0
"36093","2","5241","76","0","2016","2","N","Schenectady County, New York","State Government","NAICS 5241 Insurance carriers","County, NAICS 4-digit -- by ownership sector","All establishment sizes",1,0,0,0,0,0,0,0,"N",80.50,0,0,0,0,0,0,0,"N",0,0.0,0,0,0,0,0,0,0,0,0,0,0,0,0,0
"36093","2","5241","76","0","2016","3","N","Schenectady County, New York","State Government","NAICS 5241 Insurance carriers","County, NAICS 4-digit -- by ownership sector","All establishment sizes",1,0,0,0,0,0,0,0,"N",82.88,0,0,0,0,0,0,0,"N",0,0.0,0,0,0,0,0,0,0,0,0,0,0,0,0,0
"36093","2","5241","76","0","2016","4","N","Schenectady County, New York","State Government","NAICS 5241 Insurance carriers","County, NAICS 4-digit -- by ownership sector","All establishment sizes",1,0,0,0,0,0,0,0,"N",85.42,0,0,0,0,0,0,0,"N",0,0.0,0,0,0,0,0,0,0,0,0,0,0,0,0,0
"36093","2","52412","77","0","2016","1","N","Schenectady County, New York","State Government","NAICS 52412 Direct insurers, except life and health","County, NAICS 5-digit -- by ownership sector","All establishment sizes",1,0,0,0,0,0,0,0,"N",85.70,0,0,0,0,0,0,0,"N",0,0.0,0,0,0,0,0,0,0,0,0,0,0,0,0,0
"36093","2","52412","77","0","2016","2","N","Schenectady County, New York","State Government","NAICS 52412 Direct insurers, except life and health","County, NAICS 5-digit -- by ownership sector","All establishment sizes",1,0,0,0,0,0,0,0,"N",97.15,0,0,0,0,0,0,0,"N",0,0.0,0,0,0,0,0,0,0,0,0,0,0,0,0,0
"36093","2","52412","77","0","2016","3","N","Schenectady County, New York","State Government","NAICS 52412 Direct insurers, except life and health","County, NAICS 5-digit -- by ownership sector","All establishment sizes",1,0,0,0,0,0,0,0,"N",100.64,0,0,0,0,0,0,0,"N",0,0.0,0,0,0,0,0,0,0,0,0,0,0,0,0,0
"36093","2","52412","77","0","2016","4","N","Schenectady County, New York","State Government","NAICS 52412 Direct insurers, except life and health","County, NAICS 5-digit -- by ownership sector","All establishment sizes",1,0,0,0,0,0,0,0,"N",104.40,0,0,0,0,0,0,0,"N",0,0.0,0,0,0,0,0,0,0,0,0,0,0,0,0,0
"36093","2","524126","78","0","2016","1","N","Schenectady County, New York","State Government","NAICS 524126 Direct property and casualty insurers","County, NAICS 6-digit -- by ownership sector","All establishment sizes",1,0,0,0,0,0,0,0,"N",88.38,0,0,0,0,0,0,0,"N",0,0.0,0,0,0,0,0,0,0,0,0,0,0,0,0,0
"36093","2","524126","78","0","2016","2","N","Schenectady County, New York","State Government","NAICS 524126 Direct property and casualty insurers","County, NAICS 6-digit -- by ownership sector","All establishment sizes",1,0,0,0,0,0,0,0,"N",100.62,0,0,0,0,0,0,0,"N",0,0.0,0,0,0,0,0,0,0,0,0,0,0,0,0,0
"36093","2","524126","78","0","2016","3","N","Schenectady County, New York","State Government","NAICS 524126 Direct property and casualty insurers","County, NAICS 6-digit -- by ownership sector","All establishment sizes",1,0,0,0,0,0,0,0,"N",104.37,0,0,0,0,0,0,0,"N",0,0.0,0,0,0,0,0,0,0,0,0,0,0,0,0,0
"36093","2","524126","78","0","2016","4","N","Schenectady County, New York","State Government","NAICS 524126 Direct property and casualty insurers","County, NAICS 6-digit -- by ownership sector","All establishment sizes",1,0,0,0,0,0,0,0,"N",108.41,0,0,0,0,0,0,0,"N",0,0.0,0,0,0,0,0,0,0,0,0,0,0,0,0,0
"36093","2","62","74","0","2016","1","","Schenectady County, New York","State Government","NAICS 62 Health care and social assistance","County, NAICS Sector -- by ownership sector","All establishment sizes",6,512,521,519,6636896,0,0,987,"",2.47,1.80,1.83,1.82,1.79,0.00,0.00,0.98,"",0,0.0,6,1.2,-10,-1.9,4,0.8,786494,13.4,0,0.0,0,0.0,117,13.4
"36093","2","62","74","0","2016","2","","Schenectady County, New York","State Government","NAICS 62 Health care and social assistance","County, NAICS Sector -- by ownership sector","All establishment sizes",6,511,516,540,6205130,0,0,914,"",2.47,1.78,1.81,1.87,1.44,0.00,0.00,0.79,"",0,0.0,27,5.6,30,6.2,48,9.8,-407255,-6.2,0,0.0,0,0.0,-130,-12.5
"36093","2","62","74","0","2016","3","","Schenectady County, New York","State Government","NAICS 62 Health care and social assistance","County, NAICS Sector -- by ownership sector","All establishment sizes",6,592,596,524,7620824,0,0,1027,"",2.45,2.14,2.15,1.88,1.82,0.00,0.00,0.89,"",0,0.0,40,7.2,39,7.0,8,1.6,1646669,27.6,0,0.0,0,0.0,179,21.1
"36093","2","62","74","0","2016","4","","Schenectady County, New York","State Government","NAICS 62 Health care and social assistance","County, NAICS Sector -- by ownership sector","All establishment sizes",6,545,567,567,6501781,0,0,894,"",2.50,1.91,1.99,2.01,1.69,0.00,0.00,0.86,"",0,0.0,36,7.1,57,11.2,61,12.1,-250747,-3.7,0,0.0,0,0.0,-128,-12.5
"36093","2","622","75","0","2016","1","N","Schenectady County, New York","State Government","NAICS 622 Hospitals","County, NAICS 3-digit -- by ownership sector","All establishment sizes",2,0,0,0,0,0,0,0,"N",4.02,0,0,0,0,0,0,0,"N",0,0.0,0,0,0,0,0,0,0,0,0,0,0,0,0,0
"36093","2","622","75","0","2016","2","N","Schenectady County, New York","State Government","NAICS 622 Hospitals","County, NAICS 3-digit -- by ownership sector","All establishment sizes",2,0,0,0,0,0,0,0,"N",4.01,0,0,0,0,0,0,0,"N",0,0.0,0,0,0,0,0,0,0,0,0,0,0,0,0,0
"36093","2","622","75","0","2016","3","N","Schenectady County, New York","State Government","NAICS 622 Hospitals","County, NAICS 3-digit -- by ownership sector","All establishment sizes",2,0,0,0,0,0,0,0,"N",4.01,0,0,0,0,0,0,0,"N",0,0.0,0,0,0,0,0,0,0,0,0,0,0,0,0,0
"36093","2","622","75","0","2016","4","N","Schenectady County, New York","State Government","NAICS 622 Hospitals","County, NAICS 3-digit -- by ownership sector","All establishment sizes",2,0,0,0,0,0,0,0,"N",3.98,0,0,0,0,0,0,0,"N",0,0.0,0,0,0,0,0,0,0,0,0,0,0,0,0,0
"36093","2","6222","76","0","2016","1","N","Schenectady County, New York","State Government","NAICS 6222 Psychiatric and substance abuse hospitals","County, NAICS 4-digit -- by ownership sector","All establishment sizes",2,0,0,0,0,0,0,0,"N",5.06,0,0,0,0,0,0,0,"N",0,0.0,0,0,0,0,0,0,0,0,0,0,0,0,0,0
"36093","2","6222","76","0","2016","2","N","Schenectady County, New York","State Government","NAICS 6222 Psychiatric and substance abuse hospitals","County, NAICS 4-digit -- by ownership sector","All establishment sizes",2,0,0,0,0,0,0,0,"N",5.04,0,0,0,0,0,0,0,"N",0,0.0,0,0,0,0,0,0,0,0,0,0,0,0,0,0
"36093","2","6222","76","0","2016","3","N","Schenectady County, New York","State Government","NAICS 6222 Psychiatric and substance abuse hospitals","County, NAICS 4-digit -- by ownership sector","All establishment sizes",2,0,0,0,0,0,0,0,"N",5.04,0,0,0,0,0,0,0,"N",0,0.0,0,0,0,0,0,0,0,0,0,0,0,0,0,0
"36093","2","6222","76","0","2016","4","N","Schenectady County, New York","State Government","NAICS 6222 Psychiatric and substance abuse hospitals","County, NAICS 4-digit -- by ownership sector","All establishment sizes",2,0,0,0,0,0,0,0,"N",5.01,0,0,0,0,0,0,0,"N",0,0.0,0,0,0,0,0,0,0,0,0,0,0,0,0,0
"36093","2","62221","77","0","2016","1","N","Schenectady County, New York","State Government","NAICS 62221 Psychiatric and substance abuse hospitals","County, NAICS 5-digit -- by ownership sector","All establishment sizes",2,0,0,0,0,0,0,0,"N",5.06,0,0,0,0,0,0,0,"N",0,0.0,0,0,0,0,0,0,0,0,0,0,0,0,0,0
"36093","2","62221","77","0","2016","2","N","Schenectady County, New York","State Government","NAICS 62221 Psychiatric and substance abuse hospitals","County, NAICS 5-digit -- by ownership sector","All establishment sizes",2,0,0,0,0,0,0,0,"N",5.04,0,0,0,0,0,0,0,"N",0,0.0,0,0,0,0,0,0,0,0,0,0,0,0,0,0
"36093","2","62221","77","0","2016","3","N","Schenectady County, New York","State Government","NAICS 62221 Psychiatric and substance abuse hospitals","County, NAICS 5-digit -- by ownership sector","All establishment sizes",2,0,0,0,0,0,0,0,"N",5.04,0,0,0,0,0,0,0,"N",0,0.0,0,0,0,0,0,0,0,0,0,0,0,0,0,0
"36093","2","62221","77","0","2016","4","N","Schenectady County, New York","State Government","NAICS 62221 Psychiatric and substance abuse hospitals","County, NAICS 5-digit -- by ownership sector","All establishment sizes",2,0,0,0,0,0,0,0,"N",5.01,0,0,0,0,0,0,0,"N",0,0.0,0,0,0,0,0,0,0,0,0,0,0,0,0,0
"36093","2","622210","78","0","2016","1","N","Schenectady County, New York","State Government","NAICS 622210 Psychiatric and substance abuse hospitals","County, NAICS 6-digit -- by ownership sector","All establishment sizes",2,0,0,0,0,0,0,0,"N",5.06,0,0,0,0,0,0,0,"N",0,0.0,0,0,0,0,0,0,0,0,0,0,0,0,0,0
"36093","2","622210","78","0","2016","2","N","Schenectady County, New York","State Government","NAICS 622210 Psychiatric and substance abuse hospitals","County, NAICS 6-digit -- by ownership sector","All establishment sizes",2,0,0,0,0,0,0,0,"N",5.04,0,0,0,0,0,0,0,"N",0,0.0,0,0,0,0,0,0,0,0,0,0,0,0,0,0
"36093","2","622210","78","0","2016","3","N","Schenectady County, New York","State Government","NAICS 622210 Psychiatric and substance abuse hospitals","County, NAICS 6-digit -- by ownership sector","All establishment sizes",2,0,0,0,0,0,0,0,"N",5.04,0,0,0,0,0,0,0,"N",0,0.0,0,0,0,0,0,0,0,0,0,0,0,0,0,0
"36093","2","622210","78","0","2016","4","N","Schenectady County, New York","State Government","NAICS 622210 Psychiatric and substance abuse hospitals","County, NAICS 6-digit -- by ownership sector","All establishment sizes",2,0,0,0,0,0,0,0,"N",5.01,0,0,0,0,0,0,0,"N",0,0.0,0,0,0,0,0,0,0,0,0,0,0,0,0,0
"36093","2","623","75","0","2016","1","N","Schenectady County, New York","State Government","NAICS 623 Nursing and residential care facilities","County, NAICS 3-digit -- by ownership sector","All establishment sizes",4,0,0,0,0,0,0,0,"N",7.25,0,0,0,0,0,0,0,"N",0,0.0,0,0,0,0,0,0,0,0,0,0,0,0,0,0
"36093","2","623","75","0","2016","2","N","Schenectady County, New York","State Government","NAICS 623 Nursing and residential care facilities","County, NAICS 3-digit -- by ownership sector","All establishment sizes",4,0,0,0,0,0,0,0,"N",7.19,0,0,0,0,0,0,0,"N",0,0.0,0,0,0,0,0,0,0,0,0,0,0,0,0,0
"36093","2","623","75","0","2016","3","N","Schenectady County, New York","State Government","NAICS 623 Nursing and residential care facilities","County, NAICS 3-digit -- by ownership sector","All establishment sizes",4,0,0,0,0,0,0,0,"N",7.12,0,0,0,0,0,0,0,"N",0,0.0,0,0,0,0,0,0,0,0,0,0,0,0,0,0
"36093","2","623","75","0","2016","4","N","Schenectady County, New York","State Government","NAICS 623 Nursing and residential care facilities","County, NAICS 3-digit -- by ownership sector","All establishment sizes",4,0,0,0,0,0,0,0,"N",7.12,0,0,0,0,0,0,0,"N",0,0.0,0,0,0,0,0,0,0,0,0,0,0,0,0,0
"36093","2","6232","76","0","2016","1","N","Schenectady County, New York","State Government","NAICS 6232 Residential mental health facilities","County, NAICS 4-digit -- by ownership sector","All establishment sizes",3,0,0,0,0,0,0,0,"N",9.82,0,0,0,0,0,0,0,"N",0,0.0,0,0,0,0,0,0,0,0,0,0,0,0,0,0
"36093","2","6232","76","0","2016","2","N","Schenectady County, New York","State Government","NAICS 6232 Residential mental health facilities","County, NAICS 4-digit -- by ownership sector","All establishment sizes",3,0,0,0,0,0,0,0,"N",9.75,0,0,0,0,0,0,0,"N",0,0.0,0,0,0,0,0,0,0,0,0,0,0,0,0,0
"36093","2","6232","76","0","2016","3","N","Schenectady County, New York","State Government","NAICS 6232 Residential mental health facilities","County, NAICS 4-digit -- by ownership sector","All establishment sizes",3,0,0,0,0,0,0,0,"N",9.60,0,0,0,0,0,0,0,"N",0,0.0,0,0,0,0,0,0,0,0,0,0,0,0,0,0
"36093","2","6232","76","0","2016","4","N","Schenectady County, New York","State Government","NAICS 6232 Residential mental health facilities","County, NAICS 4-digit -- by ownership sector","All establishment sizes",3,0,0,0,0,0,0,0,"N",9.62,0,0,0,0,0,0,0,"N",0,0.0,0,0,0,0,0,0,0,0,0,0,0,0,0,0
"36093","2","62321","77","0","2016","1","N","Schenectady County, New York","State Government","NAICS 62321 Residential developmental disability homes","County, NAICS 5-digit -- by ownership sector","All establishment sizes",3,0,0,0,0,0,0,0,"N",11.22,0,0,0,0,0,0,0,"N",0,0.0,0,0,0,0,0,0,0,0,0,0,0,0,0,0
"36093","2","62321","77","0","2016","2","N","Schenectady County, New York","State Government","NAICS 62321 Residential developmental disability homes","County, NAICS 5-digit -- by ownership sector","All establishment sizes",3,0,0,0,0,0,0,0,"N",11.14,0,0,0,0,0,0,0,"N",0,0.0,0,0,0,0,0,0,0,0,0,0,0,0,0,0
"36093","2","62321","77","0","2016","3","N","Schenectady County, New York","State Government","NAICS 62321 Residential developmental disability homes","County, NAICS 5-digit -- by ownership sector","All establishment sizes",3,0,0,0,0,0,0,0,"N",11.09,0,0,0,0,0,0,0,"N",0,0.0,0,0,0,0,0,0,0,0,0,0,0,0,0,0
"36093","2","62321","77","0","2016","4","N","Schenectady County, New York","State Government","NAICS 62321 Residential developmental disability homes","County, NAICS 5-digit -- by ownership sector","All establishment sizes",3,0,0,0,0,0,0,0,"N",11.10,0,0,0,0,0,0,0,"N",0,0.0,0,0,0,0,0,0,0,0,0,0,0,0,0,0
"36093","2","623210","78","0","2016","1","N","Schenectady County, New York","State Government","NAICS 623210 Residential developmental disability homes","County, NAICS 6-digit -- by ownership sector","All establishment sizes",3,0,0,0,0,0,0,0,"N",11.22,0,0,0,0,0,0,0,"N",0,0.0,0,0,0,0,0,0,0,0,0,0,0,0,0,0
"36093","2","623210","78","0","2016","2","N","Schenectady County, New York","State Government","NAICS 623210 Residential developmental disability homes","County, NAICS 6-digit -- by ownership sector","All establishment sizes",3,0,0,0,0,0,0,0,"N",11.14,0,0,0,0,0,0,0,"N",0,0.0,0,0,0,0,0,0,0,0,0,0,0,0,0,0
"36093","2","623210","78","0","2016","3","N","Schenectady County, New York","State Government","NAICS 623210 Residential developmental disability homes","County, NAICS 6-digit -- by ownership sector","All establishment sizes",3,0,0,0,0,0,0,0,"N",11.09,0,0,0,0,0,0,0,"N",0,0.0,0,0,0,0,0,0,0,0,0,0,0,0,0,0
"36093","2","623210","78","0","2016","4","N","Schenectady County, New York","State Government","NAICS 623210 Residential developmental disability homes","County, NAICS 6-digit -- by ownership sector","All establishment sizes",3,0,0,0,0,0,0,0,"N",11.10,0,0,0,0,0,0,0,"N",0,0.0,0,0,0,0,0,0,0,0,0,0,0,0,0,0
"36093","2","6239","76","0","2016","1","N","Schenectady County, New York","State Government","NAICS 6239 Other residential care facilities","County, NAICS 4-digit -- by ownership sector","All establishment sizes",1,0,0,0,0,0,0,0,"N",9.75,0,0,0,0,0,0,0,"N",0,0.0,0,0,0,0,0,0,0,0,0,0,0,0,0,0
"36093","2","6239","76","0","2016","2","N","Schenectady County, New York","State Government","NAICS 6239 Other residential care facilities","County, NAICS 4-digit -- by ownership sector","All establishment sizes",1,0,0,0,0,0,0,0,"N",9.68,0,0,0,0,0,0,0,"N",0,0.0,0,0,0,0,0,0,0,0,0,0,0,0,0,0
"36093","2","6239","76","0","2016","3","N","Schenectady County, New York","State Government","NAICS 6239 Other residential care facilities","County, NAICS 4-digit -- by ownership sector","All establishment sizes",1,0,0,0,0,0,0,0,"N",9.49,0,0,0,0,0,0,0,"N",0,0.0,0,0,0,0,0,0,0,0,0,0,0,0,0,0
"36093","2","6239","76","0","2016","4","N","Schenectady County, New York","State Government","NAICS 6239 Other residential care facilities","County, NAICS 4-digit -- by ownership sector","All establishment sizes",1,0,0,0,0,0,0,0,"N",9.55,0,0,0,0,0,0,0,"N",0,0.0,0,0,0,0,0,0,0,0,0,0,0,0,0,0
"36093","2","62399","77","0","2016","1","N","Schenectady County, New York","State Government","NAICS 62399 Other residential care facilities","County, NAICS 5-digit -- by ownership sector","All establishment sizes",1,0,0,0,0,0,0,0,"N",9.75,0,0,0,0,0,0,0,"N",0,0.0,0,0,0,0,0,0,0,0,0,0,0,0,0,0
"36093","2","62399","77","0","2016","2","N","Schenectady County, New York","State Government","NAICS 62399 Other residential care facilities","County, NAICS 5-digit -- by ownership sector","All establishment sizes",1,0,0,0,0,0,0,0,"N",9.68,0,0,0,0,0,0,0,"N",0,0.0,0,0,0,0,0,0,0,0,0,0,0,0,0,0
"36093","2","62399","77","0","2016","3","N","Schenectady County, New York","State Government","NAICS 62399 Other residential care facilities","County, NAICS 5-digit -- by ownership sector","All establishment sizes",1,0,0,0,0,0,0,0,"N",9.49,0,0,0,0,0,0,0,"N",0,0.0,0,0,0,0,0,0,0,0,0,0,0,0,0,0
"36093","2","62399","77","0","2016","4","N","Schenectady County, New York","State Government","NAICS 62399 Other residential care facilities","County, NAICS 5-digit -- by ownership sector","All establishment sizes",1,0,0,0,0,0,0,0,"N",9.55,0,0,0,0,0,0,0,"N",0,0.0,0,0,0,0,0,0,0,0,0,0,0,0,0,0
"36093","2","623990","78","0","2016","1","N","Schenectady County, New York","State Government","NAICS 623990 Other residential care facilities","County, NAICS 6-digit -- by ownership sector","All establishment sizes",1,0,0,0,0,0,0,0,"N",9.75,0,0,0,0,0,0,0,"N",0,0.0,0,0,0,0,0,0,0,0,0,0,0,0,0,0
"36093","2","623990","78","0","2016","2","N","Schenectady County, New York","State Government","NAICS 623990 Other residential care facilities","County, NAICS 6-digit -- by ownership sector","All establishment sizes",1,0,0,0,0,0,0,0,"N",9.68,0,0,0,0,0,0,0,"N",0,0.0,0,0,0,0,0,0,0,0,0,0,0,0,0,0
"36093","2","623990","78","0","2016","3","N","Schenectady County, New York","State Government","NAICS 623990 Other residential care facilities","County, NAICS 6-digit -- by ownership sector","All establishment sizes",1,0,0,0,0,0,0,0,"N",9.49,0,0,0,0,0,0,0,"N",0,0.0,0,0,0,0,0,0,0,0,0,0,0,0,0,0
"36093","2","623990","78","0","2016","4","N","Schenectady County, New York","State Government","NAICS 623990 Other residential care facilities","County, NAICS 6-digit -- by ownership sector","All establishment sizes",1,0,0,0,0,0,0,0,"N",9.55,0,0,0,0,0,0,0,"N",0,0.0,0,0,0,0,0,0,0,0,0,0,0,0,0,0
"36093","2","92","74","0","2016","1","","Schenectady County, New York","State Government","NAICS 92 Public administration","County, NAICS Sector -- by ownership sector","All establishment sizes",27,1232,1244,1257,20294456,0,0,1255,"",1.56,1.55,1.56,1.58,1.88,0.00,0.00,1.20,"",1,3.8,154,14.3,164,15.2,154,14.0,2653677,15.0,0,0.0,0,0.0,7,0.6
"36093","2","92","74","0","2016","2","","Schenectady County, New York","State Government","NAICS 92 Public administration","County, NAICS Sector -- by ownership sector","All establishment sizes",27,1265,1271,1298,24981224,0,0,1504,"",1.56,1.58,1.59,1.59,1.98,0.00,0.00,1.25,"",1,3.8,155,14.0,128,11.2,146,12.7,6028391,31.8,0,0.0,0,0.0,219,17.0
"36093","2","92","74","0","2016","3","","Schenectady County, New York","State Government","NAICS 92 Public administration","County, NAICS Sector -- by ownership sector","All establishment sizes",27,1302,1287,1285,22464260,0,0,1338,"",1.56,1.68,1.66,1.65,1.90,0.00,0.00,1.14,"",1,3.8,157,13.7,146,12.8,141,12.3,436772,2.0,0,0.0,0,0.0,-144,-9.7
"36093","2","92","74","0","2016","4","","Schenectady County, New York","State Government","NAICS 92 Public administration","County, NAICS Sector -- by ownership sector","All establishment sizes",27,1286,1297,1282,24775095,0,0,1479,"",1.55,1.62,1.63,1.63,2.21,0.00,0.00,1.36,"",1,3.8,141,12.3,149,13.0,132,11.5,2718468,12.3,0,0.0,0,0.0,1,0.1
"36093","2","921","75","0","2016","1","N","Schenectady County, New York","State Government","NAICS 921 Executive, legislative and general government","County, NAICS 3-digit -- by ownership sector","All establishment sizes",6,0,0,0,0,0,0,0,"N",2.90,0,0,0,0,0,0,0,"N",0,0.0,0,0,0,0,0,0,0,0,0,0,0,0,0,0
"36093","2","921","75","0","2016","2","N","Schenectady County, New York","State Government","NAICS 921 Executive, legislative and general government","County, NAICS 3-digit -- by ownership sector","All establishment sizes",6,0,0,0,0,0,0,0,"N",2.90,0,0,0,0,0,0,0,"N",0,0.0,0,0,0,0,0,0,0,0,0,0,0,0,0,0
"36093","2","921","75","0","2016","3","N","Schenectady County, New York","State Government","NAICS 921 Executive, legislative and general government","County, NAICS 3-digit -- by ownership sector","All establishment sizes",6,0,0,0,0,0,0,0,"N",2.91,0,0,0,0,0,0,0,"N",0,0.0,0,0,0,0,0,0,0,0,0,0,0,0,0,0
"36093","2","921","75","0","2016","4","N","Schenectady County, New York","State Government","NAICS 921 Executive, legislative and general government","County, NAICS 3-digit -- by ownership sector","All establishment sizes",6,0,0,0,0,0,0,0,"N",2.90,0,0,0,0,0,0,0,"N",0,0.0,0,0,0,0,0,0,0,0,0,0,0,0,0,0
"36093","2","9211","76","0","2016","1","N","Schenectady County, New York","State Government","NAICS 9211 Executive, legislative and general government","County, NAICS 4-digit -- by ownership sector","All establishment sizes",6,0,0,0,0,0,0,0,"N",2.90,0,0,0,0,0,0,0,"N",0,0.0,0,0,0,0,0,0,0,0,0,0,0,0,0,0
"36093","2","9211","76","0","2016","2","N","Schenectady County, New York","State Government","NAICS 9211 Executive, legislative and general government","County, NAICS 4-digit -- by ownership sector","All establishment sizes",6,0,0,0,0,0,0,0,"N",2.90,0,0,0,0,0,0,0,"N",0,0.0,0,0,0,0,0,0,0,0,0,0,0,0,0,0
"36093","2","9211","76","0","2016","3","N","Schenectady County, New York","State Government","NAICS 9211 Executive, legislative and general government","County, NAICS 4-digit -- by ownership sector","All establishment sizes",6,0,0,0,0,0,0,0,"N",2.91,0,0,0,0,0,0,0,"N",0,0.0,0,0,0,0,0,0,0,0,0,0,0,0,0,0
"36093","2","9211","76","0","2016","4","N","Schenectady County, New York","State Government","NAICS 9211 Executive, legislative and general government","County, NAICS 4-digit -- by ownership sector","All establishment sizes",6,0,0,0,0,0,0,0,"N",2.90,0,0,0,0,0,0,0,"N",0,0.0,0,0,0,0,0,0,0,0,0,0,0,0,0,0
"36093","2","92113","77","0","2016","1","N","Schenectady County, New York","State Government","NAICS 92113 Public finance activities","County, NAICS 5-digit -- by ownership sector","All establishment sizes",5,0,0,0,0,0,0,0,"N",5.83,0,0,0,0,0,0,0,"N",0,0.0,0,0,0,0,0,0,0,0,0,0,0,0,0,0
"36093","2","92113","77","0","2016","2","N","Schenectady County, New York","State Government","NAICS 92113 Public finance activities","County, NAICS 5-digit -- by ownership sector","All establishment sizes",5,0,0,0,0,0,0,0,"N",5.84,0,0,0,0,0,0,0,"N",0,0.0,0,0,0,0,0,0,0,0,0,0,0,0,0,0
"36093","2","92113","77","0","2016","3","N","Schenectady County, New York","State Government","NAICS 92113 Public finance activities","County, NAICS 5-digit -- by ownership sector","All establishment sizes",5,0,0,0,0,0,0,0,"N",5.90,0,0,0,0,0,0,0,"N",0,0.0,0,0,0,0,0,0,0,0,0,0,0,0,0,0
"36093","2","92113","77","0","2016","4","N","Schenectady County, New York","State Government","NAICS 92113 Public finance activities","County, NAICS 5-digit -- by ownership sector","All establishment sizes",5,0,0,0,0,0,0,0,"N",5.86,0,0,0,0,0,0,0,"N",0,0.0,0,0,0,0,0,0,0,0,0,0,0,0,0,0
"36093","2","921130","78","0","2016","1","N","Schenectady County, New York","State Government","NAICS 921130 Public finance activities","County, NAICS 6-digit -- by ownership sector","All establishment sizes",5,0,0,0,0,0,0,0,"N",5.83,0,0,0,0,0,0,0,"N",0,0.0,0,0,0,0,0,0,0,0,0,0,0,0,0,0
"36093","2","921130","78","0","2016","2","N","Schenectady County, New York","State Government","NAICS 921130 Public finance activities","County, NAICS 6-digit -- by ownership sector","All establishment sizes",5,0,0,0,0,0,0,0,"N",5.84,0,0,0,0,0,0,0,"N",0,0.0,0,0,0,0,0,0,0,0,0,0,0,0,0,0
"36093","2","921130","78","0","2016","3","N","Schenectady County, New York","State Government","NAICS 921130 Public finance activities","County, NAICS 6-digit -- by ownership sector","All establishment sizes",5,0,0,0,0,0,0,0,"N",5.90,0,0,0,0,0,0,0,"N",0,0.0,0,0,0,0,0,0,0,0,0,0,0,0,0,0
"36093","2","921130","78","0","2016","4","N","Schenectady County, New York","State Government","NAICS 921130 Public finance activities","County, NAICS 6-digit -- by ownership sector","All establishment sizes",5,0,0,0,0,0,0,0,"N",5.86,0,0,0,0,0,0,0,"N",0,0.0,0,0,0,0,0,0,0,0,0,0,0,0,0,0
"36093","2","92119","77","0","2016","1","N","Schenectady County, New York","State Government","NAICS 92119 Other general government support","County, NAICS 5-digit -- by ownership sector","All establishment sizes",1,0,0,0,0,0,0,0,"N",1.19,0,0,0,0,0,0,0,"N",0,0.0,0,0,0,0,0,0,0,0,0,0,0,0,0,0
"36093","2","92119","77","0","2016","2","N","Schenectady County, New York","State Government","NAICS 92119 Other general government support","County, NAICS 5-digit -- by ownership sector","All establishment sizes",1,0,0,0,0,0,0,0,"N",1.19,0,0,0,0,0,0,0,"N",0,0.0,0,0,0,0,0,0,0,0,0,0,0,0,0,0
"36093","2","92119","77","0","2016","3","N","Schenectady County, New York","State Government","NAICS 92119 Other general government support","County, NAICS 5-digit -- by ownership sector","All establishment sizes",1,0,0,0,0,0,0,0,"N",1.18,0,0,0,0,0,0,0,"N",0,0.0,0,0,0,0,0,0,0,0,0,0,0,0,0,0
"36093","2","92119","77","0","2016","4","N","Schenectady County, New York","State Government","NAICS 92119 Other general government support","County, NAICS 5-digit -- by ownership sector","All establishment sizes",1,0,0,0,0,0,0,0,"N",1.17,0,0,0,0,0,0,0,"N",0,0.0,0,0,0,0,0,0,0,0,0,0,0,0,0,0
"36093","2","921190","78","0","2016","1","N","Schenectady County, New York","State Government","NAICS 921190 Other general government support","County, NAICS 6-digit -- by ownership sector","All establishment sizes",1,0,0,0,0,0,0,0,"N",1.19,0,0,0,0,0,0,0,"N",0,0.0,0,0,0,0,0,0,0,0,0,0,0,0,0,0
"36093","2","921190","78","0","2016","2","N","Schenectady County, New York","State Government","NAICS 921190 Other general government support","County, NAICS 6-digit -- by ownership sector","All establishment sizes",1,0,0,0,0,0,0,0,"N",1.19,0,0,0,0,0,0,0,"N",0,0.0,0,0,0,0,0,0,0,0,0,0,0,0,0,0
"36093","2","921190","78","0","2016","3","N","Schenectady County, New York","State Government","NAICS 921190 Other general government support","County, NAICS 6-digit -- by ownership sector","All establishment sizes",1,0,0,0,0,0,0,0,"N",1.18,0,0,0,0,0,0,0,"N",0,0.0,0,0,0,0,0,0,0,0,0,0,0,0,0,0
"36093","2","921190","78","0","2016","4","N","Schenectady County, New York","State Government","NAICS 921190 Other general government support","County, NAICS 6-digit -- by ownership sector","All establishment sizes",1,0,0,0,0,0,0,0,"N",1.17,0,0,0,0,0,0,0,"N",0,0.0,0,0,0,0,0,0,0,0,0,0,0,0,0,0
"36093","2","922","75","0","2016","1","","Schenectady County, New York","State Government","NAICS 922 Justice, public order, and safety activities","County, NAICS 3-digit -- by ownership sector","All establishment sizes",5,156,156,156,2868099,0,0,1414,"",1.01,0.49,0.49,0.49,0.67,0.00,0.00,1.35,"",0,0.0,16,11.4,12,8.3,3,2.0,147535,5.4,0,0.0,0,0.0,-23,-1.6
"36093","2","922","75","0","2016","2","","Schenectady County, New York","State Government","NAICS 922 Justice, public order, and safety activities","County, NAICS 3-digit -- by ownership sector","All establishment sizes",5,157,155,153,3674170,0,0,1823,"",1.00,0.49,0.49,0.48,0.73,0.00,0.00,1.50,"",0,0.0,4,2.6,5,3.3,5,3.4,731283,24.8,0,0.0,0,0.0,317,21.0
"36093","2","922","75","0","2016","3","","Schenectady County, New York","State Government","NAICS 922 Justice, public order, and safety activities","County, NAICS 3-digit -- by ownership sector","All establishment sizes",5,151,147,147,3034824,0,0,1574,"",0.99,0.49,0.48,0.47,0.64,0.00,0.00,1.33,"",0,0.0,5,3.4,0,0.0,-5,-3.3,-422156,-12.2,0,0.0,0,0.0,-219,-12.2
"36093","2","922","75","0","2016","4","","Schenectady County, New York","State Government","NAICS 922 Justice, public order, and safety activities","County, NAICS 3-digit -- by ownership sector","All establishment sizes",5,147,149,147,3438180,0,0,1791,"",0.99,0.47,0.47,0.47,0.77,0.00,0.00,1.64,"",0,0.0,-5,-3.3,-1,-0.7,-5,-3.3,74215,2.2,0,0.0,0,0.0,81,4.7
"36093","2","9221","76","0","2016","1","","Schenectady County, New York","State Government","NAICS 9221 Justice, public order, and safety activities","County, NAICS 4-digit -- by ownership sector","All establishment sizes",5,156,156,156,2868099,0,0,1414,"",1.01,0.49,0.49,0.49,0.67,0.00,0.00,1.35,"",0,0.0,16,11.4,12,8.3,3,2.0,147535,5.4,0,0.0,0,0.0,-23,-1.6
"36093","2","9221","76","0","2016","2","","Schenectady County, New York","State Government","NAICS 9221 Justice, public order, and safety activities","County, NAICS 4-digit -- by ownership sector","All establishment sizes",5,157,155,153,3674170,0,0,1823,"",1.00,0.49,0.49,0.48,0.73,0.00,0.00,1.50,"",0,0.0,4,2.6,5,3.3,5,3.4,731283,24.8,0,0.0,0,0.0,317,21.0
"36093","2","9221","76","0","2016","3","","Schenectady County, New York","State Government","NAICS 9221 Justice, public order, and safety activities","County, NAICS 4-digit -- by ownership sector","All establishment sizes",5,151,147,147,3034824,0,0,1574,"",0.99,0.49,0.48,0.47,0.64,0.00,0.00,1.33,"",0,0.0,5,3.4,0,0.0,-5,-3.3,-422156,-12.2,0,0.0,0,0.0,-219,-12.2
"36093","2","9221","76","0","2016","4","","Schenectady County, New York","State Government","NAICS 9221 Justice, public order, and safety activities","County, NAICS 4-digit -- by ownership sector","All establishment sizes",5,147,149,147,3438180,0,0,1791,"",0.99,0.47,0.47,0.47,0.77,0.00,0.00,1.64,"",0,0.0,-5,-3.3,-1,-0.7,-5,-3.3,74215,2.2,0,0.0,0,0.0,81,4.7
"36093","2","92211","77","0","2016","1","N","Schenectady County, New York","State Government","NAICS 92211 Courts","County, NAICS 5-digit -- by ownership sector","All establishment sizes",4,0,0,0,0,0,0,0,"N",2.98,0,0,0,0,0,0,0,"N",0,0.0,0,0,0,0,0,0,0,0,0,0,0,0,0,0
"36093","2","92211","77","0","2016","2","N","Schenectady County, New York","State Government","NAICS 92211 Courts","County, NAICS 5-digit -- by ownership sector","All establishment sizes",4,0,0,0,0,0,0,0,"N",2.97,0,0,0,0,0,0,0,"N",0,0.0,0,0,0,0,0,0,0,0,0,0,0,0,0,0
"36093","2","92211","77","0","2016","3","N","Schenectady County, New York","State Government","NAICS 92211 Courts","County, NAICS 5-digit -- by ownership sector","All establishment sizes",4,0,0,0,0,0,0,0,"N",2.96,0,0,0,0,0,0,0,"N",0,0.0,0,0,0,0,0,0,0,0,0,0,0,0,0,0
"36093","2","92211","77","0","2016","4","N","Schenectady County, New York","State Government","NAICS 92211 Courts","County, NAICS 5-digit -- by ownership sector","All establishment sizes",4,0,0,0,0,0,0,0,"N",2.96,0,0,0,0,0,0,0,"N",0,0.0,0,0,0,0,0,0,0,0,0,0,0,0,0,0
"36093","2","922110","78","0","2016","1","N","Schenectady County, New York","State Government","NAICS 922110 Courts","County, NAICS 6-digit -- by ownership sector","All establishment sizes",4,0,0,0,0,0,0,0,"N",2.98,0,0,0,0,0,0,0,"N",0,0.0,0,0,0,0,0,0,0,0,0,0,0,0,0,0
"36093","2","922110","78","0","2016","2","N","Schenectady County, New York","State Government","NAICS 922110 Courts","County, NAICS 6-digit -- by ownership sector","All establishment sizes",4,0,0,0,0,0,0,0,"N",2.97,0,0,0,0,0,0,0,"N",0,0.0,0,0,0,0,0,0,0,0,0,0,0,0,0,0
"36093","2","922110","78","0","2016","3","N","Schenectady County, New York","State Government","NAICS 922110 Courts","County, NAICS 6-digit -- by ownership sector","All establishment sizes",4,0,0,0,0,0,0,0,"N",2.96,0,0,0,0,0,0,0,"N",0,0.0,0,0,0,0,0,0,0,0,0,0,0,0,0,0
"36093","2","922110","78","0","2016","4","N","Schenectady County, New York","State Government","NAICS 922110 Courts","County, NAICS 6-digit -- by ownership sector","All establishment sizes",4,0,0,0,0,0,0,0,"N",2.96,0,0,0,0,0,0,0,"N",0,0.0,0,0,0,0,0,0,0,0,0,0,0,0,0,0
"36093","2","92212","77","0","2016","1","N","Schenectady County, New York","State Government","NAICS 92212 Police protection","County, NAICS 5-digit -- by ownership sector","All establishment sizes",1,0,0,0,0,0,0,0,"N",1.10,0,0,0,0,0,0,0,"N",0,0.0,0,0,0,0,0,0,0,0,0,0,0,0,0,0
"36093","2","92212","77","0","2016","2","N","Schenectady County, New York","State Government","NAICS 92212 Police protection","County, NAICS 5-digit -- by ownership sector","All establishment sizes",1,0,0,0,0,0,0,0,"N",1.10,0,0,0,0,0,0,0,"N",0,0.0,0,0,0,0,0,0,0,0,0,0,0,0,0,0
"36093","2","92212","77","0","2016","3","N","Schenectady County, New York","State Government","NAICS 92212 Police protection","County, NAICS 5-digit -- by ownership sector","All establishment sizes",1,0,0,0,0,0,0,0,"N",1.10,0,0,0,0,0,0,0,"N",0,0.0,0,0,0,0,0,0,0,0,0,0,0,0,0,0
"36093","2","92212","77","0","2016","4","N","Schenectady County, New York","State Government","NAICS 92212 Police protection","County, NAICS 5-digit -- by ownership sector","All establishment sizes",1,0,0,0,0,0,0,0,"N",1.10,0,0,0,0,0,0,0,"N",0,0.0,0,0,0,0,0,0,0,0,0,0,0,0,0,0
"36093","2","922120","78","0","2016","1","N","Schenectady County, New York","State Government","NAICS 922120 Police protection","County, NAICS 6-digit -- by ownership sector","All establishment sizes",1,0,0,0,0,0,0,0,"N",1.10,0,0,0,0,0,0,0,"N",0,0.0,0,0,0,0,0,0,0,0,0,0,0,0,0,0
"36093","2","922120","78","0","2016","2","N","Schenectady County, New York","State Government","NAICS 922120 Police protection","County, NAICS 6-digit -- by ownership sector","All establishment sizes",1,0,0,0,0,0,0,0,"N",1.10,0,0,0,0,0,0,0,"N",0,0.0,0,0,0,0,0,0,0,0,0,0,0,0,0,0
"36093","2","922120","78","0","2016","3","N","Schenectady County, New York","State Government","NAICS 922120 Police protection","County, NAICS 6-digit -- by ownership sector","All establishment sizes",1,0,0,0,0,0,0,0,"N",1.10,0,0,0,0,0,0,0,"N",0,0.0,0,0,0,0,0,0,0,0,0,0,0,0,0,0
"36093","2","922120","78","0","2016","4","N","Schenectady County, New York","State Government","NAICS 922120 Police protection","County, NAICS 6-digit -- by ownership sector","All establishment sizes",1,0,0,0,0,0,0,0,"N",1.10,0,0,0,0,0,0,0,"N",0,0.0,0,0,0,0,0,0,0,0,0,0,0,0,0,0
"36093","2","923","75","0","2016","1","","Schenectady County, New York","State Government","NAICS 923 Administration of human resource programs","County, NAICS 3-digit -- by ownership sector","All establishment sizes",6,522,531,537,8543131,0,0,1240,"",1.66,2.94,2.98,3.02,3.72,0.00,0.00,1.25,"",1,20.0,143,37.7,147,38.3,140,35.3,2369079,38.4,0,0.0,0,0.0,12,1.0
"36093","2","923","75","0","2016","2","","Schenectady County, New York","State Government","NAICS 923 Administration of human resource programs","County, NAICS 3-digit -- by ownership sector","All establishment sizes",6,537,539,548,10414220,0,0,1480,"",1.65,3.01,3.04,3.04,3.86,0.00,0.00,1.27,"",1,20.0,133,32.9,120,28.6,128,30.5,3553040,51.8,0,0.0,0,0.0,206,16.2
"36093","2","923","75","0","2016","3","","Schenectady County, New York","State Government","NAICS 923 Administration of human resource programs","County, NAICS 3-digit -- by ownership sector","All establishment sizes",6,557,557,560,9638535,0,0,1329,"",1.65,3.24,3.24,3.20,3.83,0.00,0.00,1.19,"",1,20.0,139,33.3,142,34.2,134,31.5,1495634,18.4,0,0.0,0,0.0,-164,-11.0
"36093","2","923","75","0","2016","4","","Schenectady County, New York","State Government","NAICS 923 Administration of human resource programs","County, NAICS 3-digit -- by ownership sector","All establishment sizes",6,567,578,582,10841211,0,0,1449,"",1.63,3.19,3.24,3.30,4.55,0.00,0.00,1.40,"",1,20.0,134,30.9,138,31.4,136,30.5,2332979,27.4,0,0.0,0,0.0,-40,-2.7
"36093","2","9231","76","0","2016","1","","Schenectady County, New York","State Government","NAICS 9231 Administration of human resource programs","County, NAICS 4-digit -- by ownership sector","All establishment sizes",6,522,531,537,8543131,0,0,1240,"",1.66,2.94,2.98,3.02,3.72,0.00,0.00,1.25,"",1,20.0,143,37.7,147,38.3,140,35.3,2369079,38.4,0,0.0,0,0.0,12,1.0
"36093","2","9231","76","0","2016","2","","Schenectady County, New York","State Government","NAICS 9231 Administration of human resource programs","County, NAICS 4-digit -- by ownership sector","All establishment sizes",6,537,539,548,10414220,0,0,1480,"",1.65,3.01,3.04,3.04,3.86,0.00,0.00,1.27,"",1,20.0,133,32.9,120,28.6,128,30.5,3553040,51.8,0,0.0,0,0.0,206,16.2
"36093","2","9231","76","0","2016","3","","Schenectady County, New York","State Government","NAICS 9231 Administration of human resource programs","County, NAICS 4-digit -- by ownership sector","All establishment sizes",6,557,557,560,9638535,0,0,1329,"",1.65,3.24,3.24,3.20,3.83,0.00,0.00,1.19,"",1,20.0,139,33.3,142,34.2,134,31.5,1495634,18.4,0,0.0,0,0.0,-164,-11.0
"36093","2","9231","76","0","2016","4","","Schenectady County, New York","State Government","NAICS 9231 Administration of human resource programs","County, NAICS 4-digit -- by ownership sector","All establishment sizes",6,567,578,582,10841211,0,0,1449,"",1.63,3.19,3.24,3.30,4.55,0.00,0.00,1.40,"",1,20.0,134,30.9,138,31.4,136,30.5,2332979,27.4,0,0.0,0,0.0,-40,-2.7
"36093","2","92312","77","0","2016","1","N","Schenectady County, New York","State Government","NAICS 92312 Administration of public health programs","County, NAICS 5-digit -- by ownership sector","All establishment sizes",2,0,0,0,0,0,0,0,"N",1.73,0,0,0,0,0,0,0,"N",0,0.0,0,0,0,0,0,0,0,0,0,0,0,0,0,0
"36093","2","92312","77","0","2016","2","N","Schenectady County, New York","State Government","NAICS 92312 Administration of public health programs","County, NAICS 5-digit -- by ownership sector","All establishment sizes",2,0,0,0,0,0,0,0,"N",1.73,0,0,0,0,0,0,0,"N",0,0.0,0,0,0,0,0,0,0,0,0,0,0,0,0,0
"36093","2","92312","77","0","2016","3","N","Schenectady County, New York","State Government","NAICS 92312 Administration of public health programs","County, NAICS 5-digit -- by ownership sector","All establishment sizes",2,0,0,0,0,0,0,0,"N",1.75,0,0,0,0,0,0,0,"N",0,0.0,0,0,0,0,0,0,0,0,0,0,0,0,0,0
"36093","2","92312","77","0","2016","4","N","Schenectady County, New York","State Government","NAICS 92312 Administration of public health programs","County, NAICS 5-digit -- by ownership sector","All establishment sizes",2,0,0,0,0,0,0,0,"N",1.71,0,0,0,0,0,0,0,"N",0,0.0,0,0,0,0,0,0,0,0,0,0,0,0,0,0
"36093","2","923120","78","0","2016","1","N","Schenectady County, New York","State Government","NAICS 923120 Administration of public health programs","County, NAICS 6-digit -- by ownership sector","All establishment sizes",2,0,0,0,0,0,0,0,"N",1.73,0,0,0,0,0,0,0,"N",0,0.0,0,0,0,0,0,0,0,0,0,0,0,0,0,0
"36093","2","923120","78","0","2016","2","N","Schenectady County, New York","State Government","NAICS 923120 Administration of public health programs","County, NAICS 6-digit -- by ownership sector","All establishment sizes",2,0,0,0,0,0,0,0,"N",1.73,0,0,0,0,0,0,0,"N",0,0.0,0,0,0,0,0,0,0,0,0,0,0,0,0,0
"36093","2","923120","78","0","2016","3","N","Schenectady County, New York","State Government","NAICS 923120 Administration of public health programs","County, NAICS 6-digit -- by ownership sector","All establishment sizes",2,0,0,0,0,0,0,0,"N",1.75,0,0,0,0,0,0,0,"N",0,0.0,0,0,0,0,0,0,0,0,0,0,0,0,0,0
"36093","2","923120","78","0","2016","4","N","Schenectady County, New York","State Government","NAICS 923120 Administration of public health programs","County, NAICS 6-digit -- by ownership sector","All establishment sizes",2,0,0,0,0,0,0,0,"N",1.71,0,0,0,0,0,0,0,"N",0,0.0,0,0,0,0,0,0,0,0,0,0,0,0,0,0
"36093","2","92313","77","0","2016","1","N","Schenectady County, New York","State Government","NAICS 92313 Other human resource programs administration","County, NAICS 5-digit -- by ownership sector","All establishment sizes",3,0,0,0,0,0,0,0,"N",1.58,0,0,0,0,0,0,0,"N",0,0.0,0,0,0,0,0,0,0,0,0,0,0,0,0,0
"36093","2","92313","77","0","2016","2","N","Schenectady County, New York","State Government","NAICS 92313 Other human resource programs administration","County, NAICS 5-digit -- by ownership sector","All establishment sizes",3,0,0,0,0,0,0,0,"N",1.57,0,0,0,0,0,0,0,"N",0,0.0,0,0,0,0,0,0,0,0,0,0,0,0,0,0
"36093","2","92313","77","0","2016","3","N","Schenectady County, New York","State Government","NAICS 92313 Other human resource programs administration","County, NAICS 5-digit -- by ownership sector","All establishment sizes",3,0,0,0,0,0,0,0,"N",1.58,0,0,0,0,0,0,0,"N",0,0.0,0,0,0,0,0,0,0,0,0,0,0,0,0,0
"36093","2","92313","77","0","2016","4","N","Schenectady County, New York","State Government","NAICS 92313 Other human resource programs administration","County, NAICS 5-digit -- by ownership sector","All establishment sizes",3,0,0,0,0,0,0,0,"N",1.57,0,0,0,0,0,0,0,"N",0,0.0,0,0,0,0,0,0,0,0,0,0,0,0,0,0
"36093","2","923130","78","0","2016","1","N","Schenectady County, New York","State Government","NAICS 923130 Other human resource programs administration","County, NAICS 6-digit -- by ownership sector","All establishment sizes",3,0,0,0,0,0,0,0,"N",1.58,0,0,0,0,0,0,0,"N",0,0.0,0,0,0,0,0,0,0,0,0,0,0,0,0,0
"36093","2","923130","78","0","2016","2","N","Schenectady County, New York","State Government","NAICS 923130 Other human resource programs administration","County, NAICS 6-digit -- by ownership sector","All establishment sizes",3,0,0,0,0,0,0,0,"N",1.57,0,0,0,0,0,0,0,"N",0,0.0,0,0,0,0,0,0,0,0,0,0,0,0,0,0
"36093","2","923130","78","0","2016","3","N","Schenectady County, New York","State Government","NAICS 923130 Other human resource programs administration","County, NAICS 6-digit -- by ownership sector","All establishment sizes",3,0,0,0,0,0,0,0,"N",1.58,0,0,0,0,0,0,0,"N",0,0.0,0,0,0,0,0,0,0,0,0,0,0,0,0,0
"36093","2","923130","78","0","2016","4","N","Schenectady County, New York","State Government","NAICS 923130 Other human resource programs administration","County, NAICS 6-digit -- by ownership sector","All establishment sizes",3,0,0,0,0,0,0,0,"N",1.57,0,0,0,0,0,0,0,"N",0,0.0,0,0,0,0,0,0,0,0,0,0,0,0,0,0
"36093","2","92314","77","0","2016","1","N","Schenectady County, New York","State Government","NAICS 92314 Administration of veterans' affairs","County, NAICS 5-digit -- by ownership sector","All establishment sizes",1,0,0,0,0,0,0,0,"N",5.48,0,0,0,0,0,0,0,"N",1,100.0,0,0,0,0,0,0,0,0,0,0,0,0,0,0
"36093","2","92314","77","0","2016","2","N","Schenectady County, New York","State Government","NAICS 92314 Administration of veterans' affairs","County, NAICS 5-digit -- by ownership sector","All establishment sizes",1,0,0,0,0,0,0,0,"N",5.39,0,0,0,0,0,0,0,"N",1,100.0,0,0,0,0,0,0,0,0,0,0,0,0,0,0
"36093","2","92314","77","0","2016","3","N","Schenectady County, New York","State Government","NAICS 92314 Administration of veterans' affairs","County, NAICS 5-digit -- by ownership sector","All establishment sizes",1,0,0,0,0,0,0,0,"N",5.41,0,0,0,0,0,0,0,"N",1,100.0,0,0,0,0,0,0,0,0,0,0,0,0,0,0
"36093","2","92314","77","0","2016","4","N","Schenectady County, New York","State Government","NAICS 92314 Administration of veterans' affairs","County, NAICS 5-digit -- by ownership sector","All establishment sizes",1,0,0,0,0,0,0,0,"N",5.34,0,0,0,0,0,0,0,"N",1,100.0,0,0,0,0,0,0,0,0,0,0,0,0,0,0
"36093","2","923140","78","0","2016","1","N","Schenectady County, New York","State Government","NAICS 923140 Administration of veterans' affairs","County, NAICS 6-digit -- by ownership sector","All establishment sizes",1,0,0,0,0,0,0,0,"N",5.48,0,0,0,0,0,0,0,"N",1,100.0,0,0,0,0,0,0,0,0,0,0,0,0,0,0
"36093","2","923140","78","0","2016","2","N","Schenectady County, New York","State Government","NAICS 923140 Administration of veterans' affairs","County, NAICS 6-digit -- by ownership sector","All establishment sizes",1,0,0,0,0,0,0,0,"N",5.39,0,0,0,0,0,0,0,"N",1,100.0,0,0,0,0,0,0,0,0,0,0,0,0,0,0
"36093","2","923140","78","0","2016","3","N","Schenectady County, New York","State Government","NAICS 923140 Administration of veterans' affairs","County, NAICS 6-digit -- by ownership sector","All establishment sizes",1,0,0,0,0,0,0,0,"N",5.41,0,0,0,0,0,0,0,"N",1,100.0,0,0,0,0,0,0,0,0,0,0,0,0,0,0
"36093","2","923140","78","0","2016","4","N","Schenectady County, New York","State Government","NAICS 923140 Administration of veterans' affairs","County, NAICS 6-digit -- by ownership sector","All establishment sizes",1,0,0,0,0,0,0,0,"N",5.34,0,0,0,0,0,0,0,"N",1,100.0,0,0,0,0,0,0,0,0,0,0,0,0,0,0
"36093","2","924","75","0","2016","1","N","Schenectady County, New York","State Government","NAICS 924 Administration of environmental programs","County, NAICS 3-digit -- by ownership sector","All establishment sizes",3,0,0,0,0,0,0,0,"N",1.26,0,0,0,0,0,0,0,"N",0,0.0,0,0,0,0,0,0,0,0,0,0,0,0,0,0
"36093","2","924","75","0","2016","2","N","Schenectady County, New York","State Government","NAICS 924 Administration of environmental programs","County, NAICS 3-digit -- by ownership sector","All establishment sizes",3,0,0,0,0,0,0,0,"N",1.25,0,0,0,0,0,0,0,"N",0,0.0,0,0,0,0,0,0,0,0,0,0,0,0,0,0
"36093","2","924","75","0","2016","3","N","Schenectady County, New York","State Government","NAICS 924 Administration of environmental programs","County, NAICS 3-digit -- by ownership sector","All establishment sizes",3,0,0,0,0,0,0,0,"N",1.25,0,0,0,0,0,0,0,"N",0,0.0,0,0,0,0,0,0,0,0,0,0,0,0,0,0
"36093","2","924","75","0","2016","4","N","Schenectady County, New York","State Government","NAICS 924 Administration of environmental programs","County, NAICS 3-digit -- by ownership sector","All establishment sizes",3,0,0,0,0,0,0,0,"N",1.24,0,0,0,0,0,0,0,"N",0,0.0,0,0,0,0,0,0,0,0,0,0,0,0,0,0
"36093","2","9241","76","0","2016","1","N","Schenectady County, New York","State Government","NAICS 9241 Administration of environmental programs","County, NAICS 4-digit -- by ownership sector","All establishment sizes",3,0,0,0,0,0,0,0,"N",1.26,0,0,0,0,0,0,0,"N",0,0.0,0,0,0,0,0,0,0,0,0,0,0,0,0,0
"36093","2","9241","76","0","2016","2","N","Schenectady County, New York","State Government","NAICS 9241 Administration of environmental programs","County, NAICS 4-digit -- by ownership sector","All establishment sizes",3,0,0,0,0,0,0,0,"N",1.25,0,0,0,0,0,0,0,"N",0,0.0,0,0,0,0,0,0,0,0,0,0,0,0,0,0
"36093","2","9241","76","0","2016","3","N","Schenectady County, New York","State Government","NAICS 9241 Administration of environmental programs","County, NAICS 4-digit -- by ownership sector","All establishment sizes",3,0,0,0,0,0,0,0,"N",1.25,0,0,0,0,0,0,0,"N",0,0.0,0,0,0,0,0,0,0,0,0,0,0,0,0,0
"36093","2","9241","76","0","2016","4","N","Schenectady County, New York","State Government","NAICS 9241 Administration of environmental programs","County, NAICS 4-digit -- by ownership sector","All establishment sizes",3,0,0,0,0,0,0,0,"N",1.24,0,0,0,0,0,0,0,"N",0,0.0,0,0,0,0,0,0,0,0,0,0,0,0,0,0
"36093","2","92411","77","0","2016","1","N","Schenectady County, New York","State Government","NAICS 92411 Air, water, and waste program administration","County, NAICS 5-digit -- by ownership sector","All establishment sizes",3,0,0,0,0,0,0,0,"N",6.91,0,0,0,0,0,0,0,"N",0,0.0,0,0,0,0,0,0,0,0,0,0,0,0,0,0
"36093","2","92411","77","0","2016","2","N","Schenectady County, New York","State Government","NAICS 92411 Air, water, and waste program administration","County, NAICS 5-digit -- by ownership sector","All establishment sizes",3,0,0,0,0,0,0,0,"N",6.95,0,0,0,0,0,0,0,"N",0,0.0,0,0,0,0,0,0,0,0,0,0,0,0,0,0
"36093","2","92411","77","0","2016","3","N","Schenectady County, New York","State Government","NAICS 92411 Air, water, and waste program administration","County, NAICS 5-digit -- by ownership sector","All establishment sizes",3,0,0,0,0,0,0,0,"N",7.06,0,0,0,0,0,0,0,"N",0,0.0,0,0,0,0,0,0,0,0,0,0,0,0,0,0
"36093","2","92411","77","0","2016","4","N","Schenectady County, New York","State Government","NAICS 92411 Air, water, and waste program administration","County, NAICS 5-digit -- by ownership sector","All establishment sizes",3,0,0,0,0,0,0,0,"N",6.99,0,0,0,0,0,0,0,"N",0,0.0,0,0,0,0,0,0,0,0,0,0,0,0,0,0
"36093","2","924110","78","0","2016","1","N","Schenectady County, New York","State Government","NAICS 924110 Air, water, and waste program administration","County, NAICS 6-digit -- by ownership sector","All establishment sizes",3,0,0,0,0,0,0,0,"N",6.91,0,0,0,0,0,0,0,"N",0,0.0,0,0,0,0,0,0,0,0,0,0,0,0,0,0
"36093","2","924110","78","0","2016","2","N","Schenectady County, New York","State Government","NAICS 924110 Air, water, and waste program administration","County, NAICS 6-digit -- by ownership sector","All establishment sizes",3,0,0,0,0,0,0,0,"N",6.95,0,0,0,0,0,0,0,"N",0,0.0,0,0,0,0,0,0,0,0,0,0,0,0,0,0
"36093","2","924110","78","0","2016","3","N","Schenectady County, New York","State Government","NAICS 924110 Air, water, and waste program administration","County, NAICS 6-digit -- by ownership sector","All establishment sizes",3,0,0,0,0,0,0,0,"N",7.06,0,0,0,0,0,0,0,"N",0,0.0,0,0,0,0,0,0,0,0,0,0,0,0,0,0
"36093","2","924110","78","0","2016","4","N","Schenectady County, New York","State Government","NAICS 924110 Air, water, and waste program administration","County, NAICS 6-digit -- by ownership sector","All establishment sizes",3,0,0,0,0,0,0,0,"N",6.99,0,0,0,0,0,0,0,"N",0,0.0,0,0,0,0,0,0,0,0,0,0,0,0,0,0
"36093","2","926","75","0","2016","1","N","Schenectady County, New York","State Government","NAICS 926 Administration of economic programs","County, NAICS 3-digit -- by ownership sector","All establishment sizes",4,0,0,0,0,0,0,0,"N",1.04,0,0,0,0,0,0,0,"N",0,0.0,0,0,0,0,0,0,0,0,0,0,0,0,0,0
"36093","2","926","75","0","2016","2","N","Schenectady County, New York","State Government","NAICS 926 Administration of economic programs","County, NAICS 3-digit -- by ownership sector","All establishment sizes",4,0,0,0,0,0,0,0,"N",1.04,0,0,0,0,0,0,0,"N",0,0.0,0,0,0,0,0,0,0,0,0,0,0,0,0,0
"36093","2","926","75","0","2016","3","","Schenectady County, New York","State Government","NAICS 926 Administration of economic programs","County, NAICS 3-digit -- by ownership sector","All establishment sizes",4,42,41,43,560434,0,0,1026,"",1.04,0.32,0.32,0.33,0.28,0.00,0.00,0.87,"",0,0.0,1,2.4,-1,-2.4,2,4.9,-87656,-13.5,0,0.0,0,0.0,-180,-14.9
"36093","2","926","75","0","2016","4","N","Schenectady County, New York","State Government","NAICS 926 Administration of economic programs","County, NAICS 3-digit -- by ownership sector","All establishment sizes",4,0,0,0,0,0,0,0,"N",1.04,0,0,0,0,0,0,0,"N",0,0.0,0,0,0,0,0,0,0,0,0,0,0,0,0,0
"36093","2","9261","76","0","2016","1","N","Schenectady County, New York","State Government","NAICS 9261 Administration of economic programs","County, NAICS 4-digit -- by ownership sector","All establishment sizes",4,0,0,0,0,0,0,0,"N",1.04,0,0,0,0,0,0,0,"N",0,0.0,0,0,0,0,0,0,0,0,0,0,0,0,0,0
"36093","2","9261","76","0","2016","2","N","Schenectady County, New York","State Government","NAICS 9261 Administration of economic programs","County, NAICS 4-digit -- by ownership sector","All establishment sizes",4,0,0,0,0,0,0,0,"N",1.04,0,0,0,0,0,0,0,"N",0,0.0,0,0,0,0,0,0,0,0,0,0,0,0,0,0
"36093","2","9261","76","0","2016","3","","Schenectady County, New York","State Government","NAICS 9261 Administration of economic programs","County, NAICS 4-digit -- by ownership sector","All establishment sizes",4,42,41,43,560434,0,0,1026,"",1.04,0.32,0.32,0.33,0.28,0.00,0.00,0.87,"",0,0.0,1,2.4,-1,-2.4,2,4.9,-87656,-13.5,0,0.0,0,0.0,-180,-14.9
"36093","2","9261","76","0","2016","4","N","Schenectady County, New York","State Government","NAICS 9261 Administration of economic programs","County, NAICS 4-digit -- by ownership sector","All establishment sizes",4,0,0,0,0,0,0,0,"N",1.04,0,0,0,0,0,0,0,"N",0,0.0,0,0,0,0,0,0,0,0,0,0,0,0,0,0
"36093","2","92612","77","0","2016","1","N","Schenectady County, New York","State Government","NAICS 92612 Transportation program administration","County, NAICS 5-digit -- by ownership sector","All establishment sizes",3,0,0,0,0,0,0,0,"N",2.24,0,0,0,0,0,0,0,"N",0,0.0,0,0,0,0,0,0,0,0,0,0,0,0,0,0
"36093","2","92612","77","0","2016","2","N","Schenectady County, New York","State Government","NAICS 92612 Transportation program administration","County, NAICS 5-digit -- by ownership sector","All establishment sizes",3,0,0,0,0,0,0,0,"N",2.23,0,0,0,0,0,0,0,"N",0,0.0,0,0,0,0,0,0,0,0,0,0,0,0,0,0
"36093","2","92612","77","0","2016","3","N","Schenectady County, New York","State Government","NAICS 92612 Transportation program administration","County, NAICS 5-digit -- by ownership sector","All establishment sizes",3,0,0,0,0,0,0,0,"N",2.22,0,0,0,0,0,0,0,"N",0,0.0,0,0,0,0,0,0,0,0,0,0,0,0,0,0
"36093","2","92612","77","0","2016","4","N","Schenectady County, New York","State Government","NAICS 92612 Transportation program administration","County, NAICS 5-digit -- by ownership sector","All establishment sizes",3,0,0,0,0,0,0,0,"N",2.23,0,0,0,0,0,0,0,"N",0,0.0,0,0,0,0,0,0,0,0,0,0,0,0,0,0
"36093","2","926120","78","0","2016","1","N","Schenectady County, New York","State Government","NAICS 926120 Transportation program administration","County, NAICS 6-digit -- by ownership sector","All establishment sizes",3,0,0,0,0,0,0,0,"N",2.24,0,0,0,0,0,0,0,"N",0,0.0,0,0,0,0,0,0,0,0,0,0,0,0,0,0
"36093","2","926120","78","0","2016","2","N","Schenectady County, New York","State Government","NAICS 926120 Transportation program administration","County, NAICS 6-digit -- by ownership sector","All establishment sizes",3,0,0,0,0,0,0,0,"N",2.23,0,0,0,0,0,0,0,"N",0,0.0,0,0,0,0,0,0,0,0,0,0,0,0,0,0
"36093","2","926120","78","0","2016","3","N","Schenectady County, New York","State Government","NAICS 926120 Transportation program administration","County, NAICS 6-digit -- by ownership sector","All establishment sizes",3,0,0,0,0,0,0,0,"N",2.22,0,0,0,0,0,0,0,"N",0,0.0,0,0,0,0,0,0,0,0,0,0,0,0,0,0
"36093","2","926120","78","0","2016","4","N","Schenectady County, New York","State Government","NAICS 926120 Transportation program administration","County, NAICS 6-digit -- by ownership sector","All establishment sizes",3,0,0,0,0,0,0,0,"N",2.23,0,0,0,0,0,0,0,"N",0,0.0,0,0,0,0,0,0,0,0,0,0,0,0,0,0
"36093","2","92614","77","0","2016","1","N","Schenectady County, New York","State Government","NAICS 92614 Agricultural market and commodity regulation","County, NAICS 5-digit -- by ownership sector","All establishment sizes",1,0,0,0,0,0,0,0,"N",0.88,0,0,0,0,0,0,0,"N",0,0.0,0,0,0,0,0,0,0,0,0,0,0,0,0,0
"36093","2","92614","77","0","2016","2","N","Schenectady County, New York","State Government","NAICS 92614 Agricultural market and commodity regulation","County, NAICS 5-digit -- by ownership sector","All establishment sizes",1,0,0,0,0,0,0,0,"N",0.88,0,0,0,0,0,0,0,"N",0,0.0,0,0,0,0,0,0,0,0,0,0,0,0,0,0
"36093","2","92614","77","0","2016","3","N","Schenectady County, New York","State Government","NAICS 92614 Agricultural market and commodity regulation","County, NAICS 5-digit -- by ownership sector","All establishment sizes",1,0,0,0,0,0,0,0,"N",0.88,0,0,0,0,0,0,0,"N",0,0.0,0,0,0,0,0,0,0,0,0,0,0,0,0,0
"36093","2","92614","77","0","2016","4","N","Schenectady County, New York","State Government","NAICS 92614 Agricultural market and commodity regulation","County, NAICS 5-digit -- by ownership sector","All establishment sizes",1,0,0,0,0,0,0,0,"N",0.87,0,0,0,0,0,0,0,"N",0,0.0,0,0,0,0,0,0,0,0,0,0,0,0,0,0
"36093","2","926140","78","0","2016","1","N","Schenectady County, New York","State Government","NAICS 926140 Agricultural market and commodity regulation","County, NAICS 6-digit -- by ownership sector","All establishment sizes",1,0,0,0,0,0,0,0,"N",0.88,0,0,0,0,0,0,0,"N",0,0.0,0,0,0,0,0,0,0,0,0,0,0,0,0,0
"36093","2","926140","78","0","2016","2","N","Schenectady County, New York","State Government","NAICS 926140 Agricultural market and commodity regulation","County, NAICS 6-digit -- by ownership sector","All establishment sizes",1,0,0,0,0,0,0,0,"N",0.88,0,0,0,0,0,0,0,"N",0,0.0,0,0,0,0,0,0,0,0,0,0,0,0,0,0
"36093","2","926140","78","0","2016","3","N","Schenectady County, New York","State Government","NAICS 926140 Agricultural market and commodity regulation","County, NAICS 6-digit -- by ownership sector","All establishment sizes",1,0,0,0,0,0,0,0,"N",0.88,0,0,0,0,0,0,0,"N",0,0.0,0,0,0,0,0,0,0,0,0,0,0,0,0,0
"36093","2","926140","78","0","2016","4","N","Schenectady County, New York","State Government","NAICS 926140 Agricultural market and commodity regulation","County, NAICS 6-digit -- by ownership sector","All establishment sizes",1,0,0,0,0,0,0,0,"N",0.87,0,0,0,0,0,0,0,"N",0,0.0,0,0,0,0,0,0,0,0,0,0,0,0,0,0
"36093","2","928","75","0","2016","1","","Schenectady County, New York","State Government","NAICS 928 National security and international affairs","County, NAICS 3-digit -- by ownership sector","All establishment sizes",3,41,41,41,506411,0,0,950,"",10.92,5.59,5.43,5.55,6.49,0.00,0.00,1.18,"",0,0.0,1,2.5,1,2.5,1,2.5,23854,4.9,0,0.0,0,0.0,22,2.4
"36093","2","928","75","0","2016","2","","Schenectady County, New York","State Government","NAICS 928 National security and international affairs","County, NAICS 3-digit -- by ownership sector","All establishment sizes",3,40,40,40,663371,0,0,1276,"",12.65,5.39,5.40,5.15,7.25,0.00,0.00,1.36,"",0,0.0,1,2.6,0,0.0,0,0.0,140166,26.8,0,0.0,0,0.0,261,25.7
"36093","2","928","75","0","2016","3","","Schenectady County, New York","State Government","NAICS 928 National security and international affairs","County, NAICS 3-digit -- by ownership sector","All establishment sizes",3,41,41,44,535969,0,0,982,"",12.60,5.68,5.71,6.07,6.30,0.00,0.00,1.08,"",0,0.0,1,2.5,1,2.5,4,10.0,-31555,-5.6,0,0.0,0,0.0,-109,-10.0
"36093","2","928","75","0","2016","4","","Schenectady County, New York","State Government","NAICS 928 National security and international affairs","County, NAICS 3-digit -- by ownership sector","All establishment sizes",3,46,46,46,655557,0,0,1096,"",12.58,6.27,5.98,6.30,8.02,0.00,0.00,1.30,"",0,0.0,6,15.0,5,12.2,5,12.2,93996,16.7,0,0.0,0,0.0,34,3.2
"36093","2","9281","76","0","2016","1","","Schenectady County, New York","State Government","NAICS 9281 National security and international affairs","County, NAICS 4-digit -- by ownership sector","All establishment sizes",3,41,41,41,506411,0,0,950,"",10.92,5.59,5.43,5.55,6.49,0.00,0.00,1.18,"",0,0.0,1,2.5,1,2.5,1,2.5,23854,4.9,0,0.0,0,0.0,22,2.4
"36093","2","9281","76","0","2016","2","","Schenectady County, New York","State Government","NAICS 9281 National security and international affairs","County, NAICS 4-digit -- by ownership sector","All establishment sizes",3,40,40,40,663371,0,0,1276,"",12.65,5.39,5.40,5.15,7.25,0.00,0.00,1.36,"",0,0.0,1,2.6,0,0.0,0,0.0,140166,26.8,0,0.0,0,0.0,261,25.7
"36093","2","9281","76","0","2016","3","","Schenectady County, New York","State Government","NAICS 9281 National security and international affairs","County, NAICS 4-digit -- by ownership sector","All establishment sizes",3,41,41,44,535969,0,0,982,"",12.60,5.68,5.71,6.07,6.30,0.00,0.00,1.08,"",0,0.0,1,2.5,1,2.5,4,10.0,-31555,-5.6,0,0.0,0,0.0,-109,-10.0
"36093","2","9281","76","0","2016","4","","Schenectady County, New York","State Government","NAICS 9281 National security and international affairs","County, NAICS 4-digit -- by ownership sector","All establishment sizes",3,46,46,46,655557,0,0,1096,"",12.58,6.27,5.98,6.30,8.02,0.00,0.00,1.30,"",0,0.0,6,15.0,5,12.2,5,12.2,93996,16.7,0,0.0,0,0.0,34,3.2
"36093","2","92811","77","0","2016","1","","Schenectady County, New York","State Government","NAICS 92811 National security","County, NAICS 5-digit -- by ownership sector","All establishment sizes",3,41,41,41,506411,0,0,950,"",12.89,5.63,5.47,5.59,6.54,0.00,0.00,1.18,"",0,0.0,1,2.5,1,2.5,1,2.5,23854,4.9,0,0.0,0,0.0,22,2.4
"36093","2","92811","77","0","2016","2","","Schenectady County, New York","State Government","NAICS 92811 National security","County, NAICS 5-digit -- by ownership sector","All establishment sizes",3,40,40,40,663371,0,0,1276,"",12.75,5.43,5.44,5.19,7.30,0.00,0.00,1.36,"",0,0.0,1,2.6,0,0.0,0,0.0,140166,26.8,0,0.0,0,0.0,261,25.7
"36093","2","92811","77","0","2016","3","","Schenectady County, New York","State Government","NAICS 92811 National security","County, NAICS 5-digit -- by ownership sector","All establishment sizes",3,41,41,44,535969,0,0,982,"",12.67,5.71,5.74,6.10,6.33,0.00,0.00,1.08,"",0,0.0,1,2.5,1,2.5,4,10.0,-31555,-5.6,0,0.0,0,0.0,-109,-10.0
"36093","2","92811","77","0","2016","4","","Schenectady County, New York","State Government","NAICS 92811 National security","County, NAICS 5-digit -- by ownership sector","All establishment sizes",3,46,46,46,655557,0,0,1096,"",12.66,6.29,6.00,6.32,8.05,0.00,0.00,1.30,"",0,0.0,6,15.0,5,12.2,5,12.2,93996,16.7,0,0.0,0,0.0,34,3.2
"36093","2","928110","78","0","2016","1","","Schenectady County, New York","State Government","NAICS 928110 National security","County, NAICS 6-digit -- by ownership sector","All establishment sizes",3,41,41,41,506411,0,0,950,"",12.89,5.63,5.47,5.59,6.54,0.00,0.00,1.18,"",0,0.0,1,2.5,1,2.5,1,2.5,23854,4.9,0,0.0,0,0.0,22,2.4
"36093","2","928110","78","0","2016","2","","Schenectady County, New York","State Government","NAICS 928110 National security","County, NAICS 6-digit -- by ownership sector","All establishment sizes",3,40,40,40,663371,0,0,1276,"",12.75,5.43,5.44,5.19,7.30,0.00,0.00,1.36,"",0,0.0,1,2.6,0,0.0,0,0.0,140166,26.8,0,0.0,0,0.0,261,25.7
"36093","2","928110","78","0","2016","3","","Schenectady County, New York","State Government","NAICS 928110 National security","County, NAICS 6-digit -- by ownership sector","All establishment sizes",3,41,41,44,535969,0,0,982,"",12.67,5.71,5.74,6.10,6.33,0.00,0.00,1.08,"",0,0.0,1,2.5,1,2.5,4,10.0,-31555,-5.6,0,0.0,0,0.0,-109,-10.0
"36093","2","928110","78","0","2016","4","","Schenectady County, New York","State Government","NAICS 928110 National security","County, NAICS 6-digit -- by ownership sector","All establishment sizes",3,46,46,46,655557,0,0,1096,"",12.66,6.29,6.00,6.32,8.05,0.00,0.00,1.30,"",0,0.0,6,15.0,5,12.2,5,12.2,93996,16.7,0,0.0,0,0.0,34,3.2
"36093","3","10","71","0","2016","1","","Schenectady County, New York","Local Government","10 Total, all industries","County, Total -- by ownership sector","All establishment sizes",72,7419,7868,7744,93898978,314825,5353,941,"",1.20,1.18,1.23,1.21,1.30,0.09,0.10,1.08,"",-1,-1.4,366,5.2,114,1.5,129,1.7,-4017848,-4.1,-1500,-0.5,-1291,-19.4,-67,-6.6
"36093","3","10","71","0","2016","2","","Schenectady County, New York","Local Government","10 Total, all industries","County, Total -- by ownership sector","All establishment sizes",72,7904,7846,7774,111189611,25161,428,1091,"",1.20,1.23,1.22,1.22,1.26,0.02,0.02,1.03,"",-1,-1.4,304,4.0,72,0.9,120,1.6,4809121,4.5,2459,10.8,-49,-10.3,25,2.3
"36093","3","10","71","0","2016","3","","Schenectady County, New York","Local Government","10 Total, all industries","County, Total -- by ownership sector","All establishment sizes",73,5160,5741,7232,72459430,36779,626,922,"",1.21,0.98,1.04,1.17,1.01,0.04,0.05,0.94,"",0,0.0,-130,-2.5,791,16.0,372,5.4,6812863,10.4,12932,54.2,125,25.0,36,4.1
"36093","3","10","71","0","2016","4","","Schenectady County, New York","Local Government","10 Total, all industries","County, Total -- by ownership sector","All establishment sizes",73,7696,7800,7882,100060605,29493,501,988,"",1.21,1.20,1.21,1.24,1.32,0.03,0.06,1.08,"",0,0.0,-95,-1.2,-78,-1.0,3,0.0,-1862185,-1.8,8978,43.8,71,16.5,-11,-1.1
"36093","3","102","72","0","2016","1","","Schenectady County, New York","Local Government","102 Service-providing","County, by Domain -- by ownership sector","All establishment sizes",72,7419,7868,7744,93898978,314825,5353,941,"",1.24,1.19,1.24,1.22,1.31,0.09,0.10,1.08,"",-1,-1.4,366,5.2,114,1.5,129,1.7,-4017848,-4.1,-1500,-0.5,-1291,-19.4,-67,-6.6
"36093","3","102","72","0","2016","2","","Schenectady County, New York","Local Government","102 Service-providing","County, by Domain -- by ownership sector","All establishment sizes",72,7904,7846,7774,111189611,25161,428,1091,"",1.23,1.24,1.23,1.23,1.26,0.02,0.02,1.03,"",-1,-1.4,304,4.0,72,0.9,120,1.6,4809121,4.5,2459,10.8,-49,-10.3,25,2.3
"36093","3","102","72","0","2016","3","","Schenectady County, New York","Local Government","102 Service-providing","County, by Domain -- by ownership sector","All establishment sizes",73,5160,5741,7232,72459430,36779,626,922,"",1.25,0.99,1.05,1.18,1.02,0.04,0.05,0.94,"",0,0.0,-130,-2.5,791,16.0,372,5.4,6812863,10.4,12932,54.2,125,25.0,36,4.1
"36093","3","102","72","0","2016","4","","Schenectady County, New York","Local Government","102 Service-providing","County, by Domain -- by ownership sector","All establishment sizes",73,7696,7800,7882,100060605,29493,501,988,"",1.25,1.21,1.22,1.25,1.33,0.03,0.06,1.08,"",0,0.0,-95,-1.2,-78,-1.0,3,0.0,-1862185,-1.8,8978,43.8,71,16.5,-11,-1.1
"36093","3","1021","73","0","2016","1","","Schenectady County, New York","Local Government","1021 Trade, transportation, and utilities","County, by Supersector -- by ownership sector","All establishment sizes",5,285,290,291,1807777,0,0,482,"",1.18,1.18,1.20,1.21,0.51,0.00,0.00,0.43,"",0,0.0,51,21.8,49,20.3,54,22.8,389241,27.4,0,0.0,0,0.0,22,4.8
"36093","3","1021","73","0","2016","2","","Schenectady County, New York","Local Government","1021 Trade, transportation, and utilities","County, by Supersector -- by ownership sector","All establishment sizes",5,298,306,307,2069805,0,0,524,"",1.17,1.23,1.27,1.25,0.50,0.00,0.00,0.40,"",0,0.0,70,30.7,78,34.2,78,34.1,589464,39.8,0,0.0,0,0.0,25,5.0
"36093","3","1021","73","0","2016","3","","Schenectady County, New York","Local Government","1021 Trade, transportation, and utilities","County, by Supersector -- by ownership sector","All establishment sizes",5,203,160,279,1084654,0,0,390,"",1.17,0.90,0.70,1.18,0.28,0.00,0.00,0.30,"",0,0.0,25,14.0,0,0.0,8,3.0,-47193,-4.2,0,0.0,0,0.0,-39,-9.1
"36093","3","1021","73","0","2016","4","","Schenectady County, New York","Local Government","1021 Trade, transportation, and utilities","County, by Supersector -- by ownership sector","All establishment sizes",5,294,307,305,2093968,0,0,533,"",1.18,1.21,1.26,1.27,0.56,0.00,0.00,0.45,"",0,0.0,5,1.7,18,6.2,9,3.0,113229,5.7,0,0.0,0,0.0,10,1.9
"36093","3","1022","73","0","2016","1","N","Schenectady County, New York","Local Government","1022 Information","County, by Supersector -- by ownership sector","All establishment sizes",1,0,0,0,0,0,0,0,"N",0.55,0,0,0,0,0,0,0,"N",0,0.0,0,0,0,0,0,0,0,0,0,0,0,0,0,0
"36093","3","1022","73","0","2016","2","N","Schenectady County, New York","Local Government","1022 Information","County, by Supersector -- by ownership sector","All establishment sizes",1,0,0,0,0,0,0,0,"N",0.55,0,0,0,0,0,0,0,"N",0,0.0,0,0,0,0,0,0,0,0,0,0,0,0,0,0
"36093","3","1022","73","0","2016","3","N","Schenectady County, New York","Local Government","1022 Information","County, by Supersector -- by ownership sector","All establishment sizes",1,0,0,0,0,0,0,0,"N",0.55,0,0,0,0,0,0,0,"N",0,0.0,0,0,0,0,0,0,0,0,0,0,0,0,0,0
"36093","3","1022","73","0","2016","4","N","Schenectady County, New York","Local Government","1022 Information","County, by Supersector -- by ownership sector","All establishment sizes",1,0,0,0,0,0,0,0,"N",0.55,0,0,0,0,0,0,0,"N",0,0.0,0,0,0,0,0,0,0,0,0,0,0,0,0,0
"36093","3","1023","73","0","2016","1","N","Schenectady County, New York","Local Government","1023 Financial activities","County, by Supersector -- by ownership sector","All establishment sizes",1,0,0,0,0,0,0,0,"N",1.54,0,0,0,0,0,0,0,"N",0,0.0,0,0,0,0,0,0,0,0,0,0,0,0,0,0
"36093","3","1023","73","0","2016","2","N","Schenectady County, New York","Local Government","1023 Financial activities","County, by Supersector -- by ownership sector","All establishment sizes",1,0,0,0,0,0,0,0,"N",1.53,0,0,0,0,0,0,0,"N",0,0.0,0,0,0,0,0,0,0,0,0,0,0,0,0,0
"36093","3","1023","73","0","2016","3","N","Schenectady County, New York","Local Government","1023 Financial activities","County, by Supersector -- by ownership sector","All establishment sizes",1,0,0,0,0,0,0,0,"N",1.54,0,0,0,0,0,0,0,"N",0,0.0,0,0,0,0,0,0,0,0,0,0,0,0,0,0
"36093","3","1023","73","0","2016","4","N","Schenectady County, New York","Local Government","1023 Financial activities","County, by Supersector -- by ownership sector","All establishment sizes",1,0,0,0,0,0,0,0,"N",1.54,0,0,0,0,0,0,0,"N",0,0.0,0,0,0,0,0,0,0,0,0,0,0,0,0,0
"36093","3","1024","73","0","2016","1","","Schenectady County, New York","Local Government","1024 Professional and business services","County, by Supersector -- by ownership sector","All establishment sizes",4,74,73,72,1006308,0,0,1060,"",2.58,1.74,1.71,1.68,1.94,0.00,0.00,1.13,"",0,0.0,-2,-2.6,-3,-3.9,-4,-5.3,-87773,-8.0,0,0.0,0,0.0,-47,-4.2
"36093","3","1024","73","0","2016","2","","Schenectady County, New York","Local Government","1024 Professional and business services","County, by Supersector -- by ownership sector","All establishment sizes",4,72,71,71,1014504,0,0,1094,"",2.55,1.66,1.62,1.56,1.66,0.00,0.00,1.03,"",0,0.0,-4,-5.3,-5,-6.6,-3,-4.1,-16795,-1.6,0,0.0,0,0.0,41,3.9
"36093","3","1024","73","0","2016","3","","Schenectady County, New York","Local Government","1024 Professional and business services","County, by Supersector -- by ownership sector","All establishment sizes",5,123,128,140,1556975,0,0,919,"",3.18,2.93,3.03,3.28,2.71,0.00,0.00,0.88,"",1,25.0,40,48.2,48,60.0,69,97.2,453591,41.1,0,0.0,0,0.0,-169,-15.5
"36093","3","1024","73","0","2016","4","","Schenectady County, New York","Local Government","1024 Professional and business services","County, by Supersector -- by ownership sector","All establishment sizes",5,138,142,143,1682749,0,0,918,"",3.19,3.18,3.26,3.35,3.04,0.00,0.00,0.93,"",1,25.0,64,86.5,67,89.3,66,85.7,571987,51.5,0,0.0,0,0.0,-216,-19.0
"36093","3","1025","73","0","2016","1","","Schenectady County, New York","Local Government","1025 Education and health services","County, by Supersector -- by ownership sector","All establishment sizes",31,4802,5271,5160,59599621,0,0,903,"",1.20,1.21,1.30,1.27,1.36,0.00,0.00,1.08,"",0,0.0,327,7.3,75,1.4,96,1.9,-3427124,-5.4,0,0.0,0,0.0,-84,-8.5
"36093","3","1025","73","0","2016","2","","Schenectady County, New York","Local Government","1025 Education and health services","County, by Supersector -- by ownership sector","All establishment sizes",31,5308,5227,5085,76489462,0,0,1130,"",1.20,1.31,1.29,1.31,1.40,0.00,0.00,1.08,"",0,0.0,227,4.5,33,0.6,74,1.5,4328880,6.0,0,0.0,0,0.0,41,3.8
"36093","3","1025","73","0","2016","3","","Schenectady County, New York","Local Government","1025 Education and health services","County, by Supersector -- by ownership sector","All establishment sizes",31,2116,2640,4537,34709686,0,0,862,"",1.19,0.75,0.85,1.19,0.89,0.00,0.00,0.93,"",0,0.0,-184,-8.0,664,33.6,313,7.4,2811393,8.8,0,0.0,0,0.0,-4,-0.5
"36093","3","1025","73","0","2016","4","","Schenectady County, New York","Local Government","1025 Education and health services","County, by Supersector -- by ownership sector","All establishment sizes",31,4995,5076,5157,62215458,0,0,943,"",1.20,1.24,1.25,1.29,1.38,0.00,0.00,1.10,"",0,0.0,-165,-3.2,-180,-3.4,-68,-1.3,-2262813,-3.5,0,0.0,0,0.0,-8,-0.8
"36093","3","1026","73","0","2016","1","","Schenectady County, New York","Local Government","1026 Leisure and hospitality","County, by Supersector -- by ownership sector","All establishment sizes",5,92,90,92,723705,0,0,610,"",3.01,0.55,0.53,0.54,0.58,0.00,0.00,1.08,"",-1,-16.7,-9,-8.9,-14,-13.5,-8,-8.0,-52163,-6.7,0,0.0,0,0.0,23,3.9
"36093","3","1026","73","0","2016","2","","Schenectady County, New York","Local Government","1026 Leisure and hospitality","County, by Supersector -- by ownership sector","All establishment sizes",5,92,91,95,919854,0,0,764,"",2.99,0.53,0.50,0.46,0.61,0.00,0.00,1.23,"",-1,-16.7,-5,-5.2,-8,-8.1,-5,-5.0,32058,3.6,0,0.0,0,0.0,72,10.4
"36093","3","1026","73","0","2016","3","","Schenectady County, New York","Local Government","1026 Leisure and hospitality","County, by Supersector -- by ownership sector","All establishment sizes",5,99,99,94,795010,0,0,628,"",3.00,0.49,0.50,0.53,0.53,0.00,0.00,1.05,"",-1,-16.7,-5,-4.8,-3,-2.9,-5,-5.1,-22290,-2.7,0,0.0,0,0.0,10,1.6
"36093","3","1026","73","0","2016","4","","Schenectady County, New York","Local Government","1026 Leisure and hospitality","County, by Supersector -- by ownership sector","All establishment sizes",5,89,89,87,721073,0,0,628,"",3.00,0.51,0.51,0.51,0.53,0.00,0.00,1.03,"",-1,-16.7,-7,-7.3,-5,-5.3,-9,-9.4,-161752,-18.3,0,0.0,0,0.0,-84,-11.8
"36093","3","1028","73","0","2016","1","","Schenectady County, New York","Local Government","1028 Public administration","County, by Supersector -- by ownership sector","All establishment sizes",25,2014,1992,1977,29523022,314825,5353,1139,"",1.15,1.16,1.14,1.13,1.34,0.22,0.24,1.17,"",0,0.0,-9,-0.4,0,0.0,-12,-0.6,-805479,-2.7,-1500,-0.5,-1291,-19.4,-27,-2.3
"36093","3","1028","73","0","2016","2","","Schenectady County, New York","Local Government","1028 Public administration","County, by Supersector -- by ownership sector","All establishment sizes",25,1985,1997,2061,29218652,25161,428,1116,"",1.15,1.12,1.12,1.11,1.12,0.04,0.05,1.00,"",0,0.0,18,0.9,-31,-1.5,-32,-1.5,-253845,-0.9,2459,10.8,-49,-10.3,-1,-0.1
"36093","3","1028","73","0","2016","3","","Schenectady County, New York","Local Government","1028 Public administration","County, by Supersector -- by ownership sector","All establishment sizes",25,2470,2560,2029,32797646,36779,626,1072,"",1.15,1.38,1.43,1.16,1.29,0.08,0.11,0.98,"",0,0.0,0,0.0,81,3.3,-16,-0.8,3401867,11.6,12932,54.2,125,25.0,102,10.5
"36093","3","1028","73","0","2016","4","","Schenectady County, New York","Local Government","1028 Public administration","County, by Supersector -- by ownership sector","All establishment sizes",25,2027,2035,2036,31825599,29493,501,1204,"",1.15,1.15,1.14,1.16,1.35,0.08,0.13,1.17,"",0,0.0,7,0.3,18,0.9,0,0.0,-137352,-0.4,8978,43.8,71,16.5,-11,-0.9
"36093","3","22","74","0","2016","1","N","Schenectady County, New York","Local Government","NAICS 22 Utilities","County, NAICS Sector -- by ownership sector","All establishment sizes",1,0,0,0,0,0,0,0,"N",0.33,0,0,0,0,0,0,0,"N",0,0.0,0,0,0,0,0,0,0,0,0,0,0,0,0,0
"36093","3","22","74","0","2016","2","N","Schenectady County, New York","Local Government","NAICS 22 Utilities","County, NAICS Sector -- by ownership sector","All establishment sizes",1,0,0,0,0,0,0,0,"N",0.33,0,0,0,0,0,0,0,"N",0,0.0,0,0,0,0,0,0,0,0,0,0,0,0,0,0
"36093","3","22","74","0","2016","3","N","Schenectady County, New York","Local Government","NAICS 22 Utilities","County, NAICS Sector -- by ownership sector","All establishment sizes",1,0,0,0,0,0,0,0,"N",0.33,0,0,0,0,0,0,0,"N",0,0.0,0,0,0,0,0,0,0,0,0,0,0,0,0,0
"36093","3","22","74","0","2016","4","N","Schenectady County, New York","Local Government","NAICS 22 Utilities","County, NAICS Sector -- by ownership sector","All establishment sizes",1,0,0,0,0,0,0,0,"N",0.33,0,0,0,0,0,0,0,"N",0,0.0,0,0,0,0,0,0,0,0,0,0,0,0,0,0
"36093","3","221","75","0","2016","1","N","Schenectady County, New York","Local Government","NAICS 221 Utilities","County, NAICS 3-digit -- by ownership sector","All establishment sizes",1,0,0,0,0,0,0,0,"N",0.33,0,0,0,0,0,0,0,"N",0,0.0,0,0,0,0,0,0,0,0,0,0,0,0,0,0
"36093","3","221","75","0","2016","2","N","Schenectady County, New York","Local Government","NAICS 221 Utilities","County, NAICS 3-digit -- by ownership sector","All establishment sizes",1,0,0,0,0,0,0,0,"N",0.33,0,0,0,0,0,0,0,"N",0,0.0,0,0,0,0,0,0,0,0,0,0,0,0,0,0
"36093","3","221","75","0","2016","3","N","Schenectady County, New York","Local Government","NAICS 221 Utilities","County, NAICS 3-digit -- by ownership sector","All establishment sizes",1,0,0,0,0,0,0,0,"N",0.33,0,0,0,0,0,0,0,"N",0,0.0,0,0,0,0,0,0,0,0,0,0,0,0,0,0
"36093","3","221","75","0","2016","4","N","Schenectady County, New York","Local Government","NAICS 221 Utilities","County, NAICS 3-digit -- by ownership sector","All establishment sizes",1,0,0,0,0,0,0,0,"N",0.33,0,0,0,0,0,0,0,"N",0,0.0,0,0,0,0,0,0,0,0,0,0,0,0,0,0
"36093","3","2213","76","0","2016","1","N","Schenectady County, New York","Local Government","NAICS 2213 Water, sewage and other systems","County, NAICS 4-digit -- by ownership sector","All establishment sizes",1,0,0,0,0,0,0,0,"N",0.39,0,0,0,0,0,0,0,"N",0,0.0,0,0,0,0,0,0,0,0,0,0,0,0,0,0
"36093","3","2213","76","0","2016","2","N","Schenectady County, New York","Local Government","NAICS 2213 Water, sewage and other systems","County, NAICS 4-digit -- by ownership sector","All establishment sizes",1,0,0,0,0,0,0,0,"N",0.38,0,0,0,0,0,0,0,"N",0,0.0,0,0,0,0,0,0,0,0,0,0,0,0,0,0
"36093","3","2213","76","0","2016","3","N","Schenectady County, New York","Local Government","NAICS 2213 Water, sewage and other systems","County, NAICS 4-digit -- by ownership sector","All establishment sizes",1,0,0,0,0,0,0,0,"N",0.38,0,0,0,0,0,0,0,"N",0,0.0,0,0,0,0,0,0,0,0,0,0,0,0,0,0
"36093","3","2213","76","0","2016","4","N","Schenectady County, New York","Local Government","NAICS 2213 Water, sewage and other systems","County, NAICS 4-digit -- by ownership sector","All establishment sizes",1,0,0,0,0,0,0,0,"N",0.39,0,0,0,0,0,0,0,"N",0,0.0,0,0,0,0,0,0,0,0,0,0,0,0,0,0
"36093","3","22131","77","0","2016","1","N","Schenectady County, New York","Local Government","NAICS 22131 Water supply and irrigation systems","County, NAICS 5-digit -- by ownership sector","All establishment sizes",1,0,0,0,0,0,0,0,"N",0.57,0,0,0,0,0,0,0,"N",0,0.0,0,0,0,0,0,0,0,0,0,0,0,0,0,0
"36093","3","22131","77","0","2016","2","N","Schenectady County, New York","Local Government","NAICS 22131 Water supply and irrigation systems","County, NAICS 5-digit -- by ownership sector","All establishment sizes",1,0,0,0,0,0,0,0,"N",0.57,0,0,0,0,0,0,0,"N",0,0.0,0,0,0,0,0,0,0,0,0,0,0,0,0,0
"36093","3","22131","77","0","2016","3","N","Schenectady County, New York","Local Government","NAICS 22131 Water supply and irrigation systems","County, NAICS 5-digit -- by ownership sector","All establishment sizes",1,0,0,0,0,0,0,0,"N",0.57,0,0,0,0,0,0,0,"N",0,0.0,0,0,0,0,0,0,0,0,0,0,0,0,0,0
"36093","3","22131","77","0","2016","4","N","Schenectady County, New York","Local Government","NAICS 22131 Water supply and irrigation systems","County, NAICS 5-digit -- by ownership sector","All establishment sizes",1,0,0,0,0,0,0,0,"N",0.57,0,0,0,0,0,0,0,"N",0,0.0,0,0,0,0,0,0,0,0,0,0,0,0,0,0
"36093","3","221310","78","0","2016","1","N","Schenectady County, New York","Local Government","NAICS 221310 Water supply and irrigation systems","County, NAICS 6-digit -- by ownership sector","All establishment sizes",1,0,0,0,0,0,0,0,"N",0.57,0,0,0,0,0,0,0,"N",0,0.0,0,0,0,0,0,0,0,0,0,0,0,0,0,0
"36093","3","221310","78","0","2016","2","N","Schenectady County, New York","Local Government","NAICS 221310 Water supply and irrigation systems","County, NAICS 6-digit -- by ownership sector","All establishment sizes",1,0,0,0,0,0,0,0,"N",0.57,0,0,0,0,0,0,0,"N",0,0.0,0,0,0,0,0,0,0,0,0,0,0,0,0,0
"36093","3","221310","78","0","2016","3","N","Schenectady County, New York","Local Government","NAICS 221310 Water supply and irrigation systems","County, NAICS 6-digit -- by ownership sector","All establishment sizes",1,0,0,0,0,0,0,0,"N",0.57,0,0,0,0,0,0,0,"N",0,0.0,0,0,0,0,0,0,0,0,0,0,0,0,0,0
"36093","3","221310","78","0","2016","4","N","Schenectady County, New York","Local Government","NAICS 221310 Water supply and irrigation systems","County, NAICS 6-digit -- by ownership sector","All establishment sizes",1,0,0,0,0,0,0,0,"N",0.57,0,0,0,0,0,0,0,"N",0,0.0,0,0,0,0,0,0,0,0,0,0,0,0,0,0
"36093","3","48-49","74","0","2016","1","N","Schenectady County, New York","Local Government","NAICS 48-49 Transportation and warehousing","County, NAICS Sector -- by ownership sector","All establishment sizes",4,0,0,0,0,0,0,0,"N",4.00,0,0,0,0,0,0,0,"N",0,0.0,0,0,0,0,0,0,0,0,0,0,0,0,0,0
"36093","3","48-49","74","0","2016","2","N","Schenectady County, New York","Local Government","NAICS 48-49 Transportation and warehousing","County, NAICS Sector -- by ownership sector","All establishment sizes",4,0,0,0,0,0,0,0,"N",3.98,0,0,0,0,0,0,0,"N",0,0.0,0,0,0,0,0,0,0,0,0,0,0,0,0,0
"36093","3","48-49","74","0","2016","3","N","Schenectady County, New York","Local Government","NAICS 48-49 Transportation and warehousing","County, NAICS Sector -- by ownership sector","All establishment sizes",4,0,0,0,0,0,0,0,"N",3.97,0,0,0,0,0,0,0,"N",0,0.0,0,0,0,0,0,0,0,0,0,0,0,0,0,0
"36093","3","48-49","74","0","2016","4","N","Schenectady County, New York","Local Government","NAICS 48-49 Transportation and warehousing","County, NAICS Sector -- by ownership sector","All establishment sizes",4,0,0,0,0,0,0,0,"N",3.97,0,0,0,0,0,0,0,"N",0,0.0,0,0,0,0,0,0,0,0,0,0,0,0,0,0
"36093","3","485","75","0","2016","1","N","Schenectady County, New York","Local Government","NAICS 485 Transit and ground passenger transportation","County, NAICS 3-digit -- by ownership sector","All establishment sizes",4,0,0,0,0,0,0,0,"N",6.70,0,0,0,0,0,0,0,"N",0,0.0,0,0,0,0,0,0,0,0,0,0,0,0,0,0
"36093","3","485","75","0","2016","2","N","Schenectady County, New York","Local Government","NAICS 485 Transit and ground passenger transportation","County, NAICS 3-digit -- by ownership sector","All establishment sizes",4,0,0,0,0,0,0,0,"N",6.68,0,0,0,0,0,0,0,"N",0,0.0,0,0,0,0,0,0,0,0,0,0,0,0,0,0
"36093","3","485","75","0","2016","3","N","Schenectady County, New York","Local Government","NAICS 485 Transit and ground passenger transportation","County, NAICS 3-digit -- by ownership sector","All establishment sizes",4,0,0,0,0,0,0,0,"N",6.64,0,0,0,0,0,0,0,"N",0,0.0,0,0,0,0,0,0,0,0,0,0,0,0,0,0
"36093","3","485","75","0","2016","4","N","Schenectady County, New York","Local Government","NAICS 485 Transit and ground passenger transportation","County, NAICS 3-digit -- by ownership sector","All establishment sizes",4,0,0,0,0,0,0,0,"N",6.65,0,0,0,0,0,0,0,"N",0,0.0,0,0,0,0,0,0,0,0,0,0,0,0,0,0
"36093","3","4854","76","0","2016","1","N","Schenectady County, New York","Local Government","NAICS 4854 School and employee bus transportation","County, NAICS 4-digit -- by ownership sector","All establishment sizes",4,0,0,0,0,0,0,0,"N",10.40,0,0,0,0,0,0,0,"N",0,0.0,0,0,0,0,0,0,0,0,0,0,0,0,0,0
"36093","3","4854","76","0","2016","2","N","Schenectady County, New York","Local Government","NAICS 4854 School and employee bus transportation","County, NAICS 4-digit -- by ownership sector","All establishment sizes",4,0,0,0,0,0,0,0,"N",10.37,0,0,0,0,0,0,0,"N",0,0.0,0,0,0,0,0,0,0,0,0,0,0,0,0,0
"36093","3","4854","76","0","2016","3","N","Schenectady County, New York","Local Government","NAICS 4854 School and employee bus transportation","County, NAICS 4-digit -- by ownership sector","All establishment sizes",4,0,0,0,0,0,0,0,"N",10.40,0,0,0,0,0,0,0,"N",0,0.0,0,0,0,0,0,0,0,0,0,0,0,0,0,0
"36093","3","4854","76","0","2016","4","N","Schenectady County, New York","Local Government","NAICS 4854 School and employee bus transportation","County, NAICS 4-digit -- by ownership sector","All establishment sizes",4,0,0,0,0,0,0,0,"N",10.42,0,0,0,0,0,0,0,"N",0,0.0,0,0,0,0,0,0,0,0,0,0,0,0,0,0
"36093","3","48541","77","0","2016","1","N","Schenectady County, New York","Local Government","NAICS 48541 School and employee bus transportation","County, NAICS 5-digit -- by ownership sector","All establishment sizes",4,0,0,0,0,0,0,0,"N",10.40,0,0,0,0,0,0,0,"N",0,0.0,0,0,0,0,0,0,0,0,0,0,0,0,0,0
"36093","3","48541","77","0","2016","2","N","Schenectady County, New York","Local Government","NAICS 48541 School and employee bus transportation","County, NAICS 5-digit -- by ownership sector","All establishment sizes",4,0,0,0,0,0,0,0,"N",10.37,0,0,0,0,0,0,0,"N",0,0.0,0,0,0,0,0,0,0,0,0,0,0,0,0,0
"36093","3","48541","77","0","2016","3","N","Schenectady County, New York","Local Government","NAICS 48541 School and employee bus transportation","County, NAICS 5-digit -- by ownership sector","All establishment sizes",4,0,0,0,0,0,0,0,"N",10.40,0,0,0,0,0,0,0,"N",0,0.0,0,0,0,0,0,0,0,0,0,0,0,0,0,0
"36093","3","48541","77","0","2016","4","N","Schenectady County, New York","Local Government","NAICS 48541 School and employee bus transportation","County, NAICS 5-digit -- by ownership sector","All establishment sizes",4,0,0,0,0,0,0,0,"N",10.42,0,0,0,0,0,0,0,"N",0,0.0,0,0,0,0,0,0,0,0,0,0,0,0,0,0
"36093","3","485410","78","0","2016","1","N","Schenectady County, New York","Local Government","NAICS 485410 School and employee bus transportation","County, NAICS 6-digit -- by ownership sector","All establishment sizes",4,0,0,0,0,0,0,0,"N",10.40,0,0,0,0,0,0,0,"N",0,0.0,0,0,0,0,0,0,0,0,0,0,0,0,0,0
"36093","3","485410","78","0","2016","2","N","Schenectady County, New York","Local Government","NAICS 485410 School and employee bus transportation","County, NAICS 6-digit -- by ownership sector","All establishment sizes",4,0,0,0,0,0,0,0,"N",10.37,0,0,0,0,0,0,0,"N",0,0.0,0,0,0,0,0,0,0,0,0,0,0,0,0,0
"36093","3","485410","78","0","2016","3","N","Schenectady County, New York","Local Government","NAICS 485410 School and employee bus transportation","County, NAICS 6-digit -- by ownership sector","All establishment sizes",4,0,0,0,0,0,0,0,"N",10.40,0,0,0,0,0,0,0,"N",0,0.0,0,0,0,0,0,0,0,0,0,0,0,0,0,0
"36093","3","485410","78","0","2016","4","N","Schenectady County, New York","Local Government","NAICS 485410 School and employee bus transportation","County, NAICS 6-digit -- by ownership sector","All establishment sizes",4,0,0,0,0,0,0,0,"N",10.42,0,0,0,0,0,0,0,"N",0,0.0,0,0,0,0,0,0,0,0,0,0,0,0,0,0
"36093","3","51","74","0","2016","1","N","Schenectady County, New York","Local Government","NAICS 51 Information","County, NAICS Sector -- by ownership sector","All establishment sizes",1,0,0,0,0,0,0,0,"N",0.55,0,0,0,0,0,0,0,"N",0,0.0,0,0,0,0,0,0,0,0,0,0,0,0,0,0
"36093","3","51","74","0","2016","2","N","Schenectady County, New York","Local Government","NAICS 51 Information","County, NAICS Sector -- by ownership sector","All establishment sizes",1,0,0,0,0,0,0,0,"N",0.55,0,0,0,0,0,0,0,"N",0,0.0,0,0,0,0,0,0,0,0,0,0,0,0,0,0
"36093","3","51","74","0","2016","3","N","Schenectady County, New York","Local Government","NAICS 51 Information","County, NAICS Sector -- by ownership sector","All establishment sizes",1,0,0,0,0,0,0,0,"N",0.55,0,0,0,0,0,0,0,"N",0,0.0,0,0,0,0,0,0,0,0,0,0,0,0,0,0
"36093","3","51","74","0","2016","4","N","Schenectady County, New York","Local Government","NAICS 51 Information","County, NAICS Sector -- by ownership sector","All establishment sizes",1,0,0,0,0,0,0,0,"N",0.55,0,0,0,0,0,0,0,"N",0,0.0,0,0,0,0,0,0,0,0,0,0,0,0,0,0
"36093","3","519","75","0","2016","1","N","Schenectady County, New York","Local Government","NAICS 519 Other information services","County, NAICS 3-digit -- by ownership sector","All establishment sizes",1,0,0,0,0,0,0,0,"N",0.58,0,0,0,0,0,0,0,"N",0,0.0,0,0,0,0,0,0,0,0,0,0,0,0,0,0
"36093","3","519","75","0","2016","2","N","Schenectady County, New York","Local Government","NAICS 519 Other information services","County, NAICS 3-digit -- by ownership sector","All establishment sizes",1,0,0,0,0,0,0,0,"N",0.57,0,0,0,0,0,0,0,"N",0,0.0,0,0,0,0,0,0,0,0,0,0,0,0,0,0
"36093","3","519","75","0","2016","3","N","Schenectady County, New York","Local Government","NAICS 519 Other information services","County, NAICS 3-digit -- by ownership sector","All establishment sizes",1,0,0,0,0,0,0,0,"N",0.57,0,0,0,0,0,0,0,"N",0,0.0,0,0,0,0,0,0,0,0,0,0,0,0,0,0
"36093","3","519","75","0","2016","4","N","Schenectady County, New York","Local Government","NAICS 519 Other information services","County, NAICS 3-digit -- by ownership sector","All establishment sizes",1,0,0,0,0,0,0,0,"N",0.57,0,0,0,0,0,0,0,"N",0,0.0,0,0,0,0,0,0,0,0,0,0,0,0,0,0
"36093","3","5191","76","0","2016","1","N","Schenectady County, New York","Local Government","NAICS 5191 Other information services","County, NAICS 4-digit -- by ownership sector","All establishment sizes",1,0,0,0,0,0,0,0,"N",0.58,0,0,0,0,0,0,0,"N",0,0.0,0,0,0,0,0,0,0,0,0,0,0,0,0,0
"36093","3","5191","76","0","2016","2","N","Schenectady County, New York","Local Government","NAICS 5191 Other information services","County, NAICS 4-digit -- by ownership sector","All establishment sizes",1,0,0,0,0,0,0,0,"N",0.57,0,0,0,0,0,0,0,"N",0,0.0,0,0,0,0,0,0,0,0,0,0,0,0,0,0
"36093","3","5191","76","0","2016","3","N","Schenectady County, New York","Local Government","NAICS 5191 Other information services","County, NAICS 4-digit -- by ownership sector","All establishment sizes",1,0,0,0,0,0,0,0,"N",0.57,0,0,0,0,0,0,0,"N",0,0.0,0,0,0,0,0,0,0,0,0,0,0,0,0,0
"36093","3","5191","76","0","2016","4","N","Schenectady County, New York","Local Government","NAICS 5191 Other information services","County, NAICS 4-digit -- by ownership sector","All establishment sizes",1,0,0,0,0,0,0,0,"N",0.57,0,0,0,0,0,0,0,"N",0,0.0,0,0,0,0,0,0,0,0,0,0,0,0,0,0
"36093","3","51912","77","0","2016","1","N","Schenectady County, New York","Local Government","NAICS 51912 Libraries and archives","County, NAICS 5-digit -- by ownership sector","All establishment sizes",1,0,0,0,0,0,0,0,"N",0.58,0,0,0,0,0,0,0,"N",0,0.0,0,0,0,0,0,0,0,0,0,0,0,0,0,0
"36093","3","51912","77","0","2016","2","N","Schenectady County, New York","Local Government","NAICS 51912 Libraries and archives","County, NAICS 5-digit -- by ownership sector","All establishment sizes",1,0,0,0,0,0,0,0,"N",0.57,0,0,0,0,0,0,0,"N",0,0.0,0,0,0,0,0,0,0,0,0,0,0,0,0,0
"36093","3","51912","77","0","2016","3","N","Schenectady County, New York","Local Government","NAICS 51912 Libraries and archives","County, NAICS 5-digit -- by ownership sector","All establishment sizes",1,0,0,0,0,0,0,0,"N",0.57,0,0,0,0,0,0,0,"N",0,0.0,0,0,0,0,0,0,0,0,0,0,0,0,0,0
"36093","3","51912","77","0","2016","4","N","Schenectady County, New York","Local Government","NAICS 51912 Libraries and archives","County, NAICS 5-digit -- by ownership sector","All establishment sizes",1,0,0,0,0,0,0,0,"N",0.57,0,0,0,0,0,0,0,"N",0,0.0,0,0,0,0,0,0,0,0,0,0,0,0,0,0
"36093","3","519120","78","0","2016","1","N","Schenectady County, New York","Local Government","NAICS 519120 Libraries and archives","County, NAICS 6-digit -- by ownership sector","All establishment sizes",1,0,0,0,0,0,0,0,"N",0.58,0,0,0,0,0,0,0,"N",0,0.0,0,0,0,0,0,0,0,0,0,0,0,0,0,0
"36093","3","519120","78","0","2016","2","N","Schenectady County, New York","Local Government","NAICS 519120 Libraries and archives","County, NAICS 6-digit -- by ownership sector","All establishment sizes",1,0,0,0,0,0,0,0,"N",0.57,0,0,0,0,0,0,0,"N",0,0.0,0,0,0,0,0,0,0,0,0,0,0,0,0,0
"36093","3","519120","78","0","2016","3","N","Schenectady County, New York","Local Government","NAICS 519120 Libraries and archives","County, NAICS 6-digit -- by ownership sector","All establishment sizes",1,0,0,0,0,0,0,0,"N",0.57,0,0,0,0,0,0,0,"N",0,0.0,0,0,0,0,0,0,0,0,0,0,0,0,0,0
"36093","3","519120","78","0","2016","4","N","Schenectady County, New York","Local Government","NAICS 519120 Libraries and archives","County, NAICS 6-digit -- by ownership sector","All establishment sizes",1,0,0,0,0,0,0,0,"N",0.57,0,0,0,0,0,0,0,"N",0,0.0,0,0,0,0,0,0,0,0,0,0,0,0,0,0
"36093","3","53","74","0","2016","1","N","Schenectady County, New York","Local Government","NAICS 53 Real estate and rental and leasing","County, NAICS Sector -- by ownership sector","All establishment sizes",1,0,0,0,0,0,0,0,"N",1.70,0,0,0,0,0,0,0,"N",0,0.0,0,0,0,0,0,0,0,0,0,0,0,0,0,0
"36093","3","53","74","0","2016","2","N","Schenectady County, New York","Local Government","NAICS 53 Real estate and rental and leasing","County, NAICS Sector -- by ownership sector","All establishment sizes",1,0,0,0,0,0,0,0,"N",1.69,0,0,0,0,0,0,0,"N",0,0.0,0,0,0,0,0,0,0,0,0,0,0,0,0,0
"36093","3","53","74","0","2016","3","N","Schenectady County, New York","Local Government","NAICS 53 Real estate and rental and leasing","County, NAICS Sector -- by ownership sector","All establishment sizes",1,0,0,0,0,0,0,0,"N",1.69,0,0,0,0,0,0,0,"N",0,0.0,0,0,0,0,0,0,0,0,0,0,0,0,0,0
"36093","3","53","74","0","2016","4","N","Schenectady County, New York","Local Government","NAICS 53 Real estate and rental and leasing","County, NAICS Sector -- by ownership sector","All establishment sizes",1,0,0,0,0,0,0,0,"N",1.69,0,0,0,0,0,0,0,"N",0,0.0,0,0,0,0,0,0,0,0,0,0,0,0,0,0
"36093","3","531","75","0","2016","1","N","Schenectady County, New York","Local Government","NAICS 531 Real estate","County, NAICS 3-digit -- by ownership sector","All establishment sizes",1,0,0,0,0,0,0,0,"N",1.71,0,0,0,0,0,0,0,"N",0,0.0,0,0,0,0,0,0,0,0,0,0,0,0,0,0
"36093","3","531","75","0","2016","2","N","Schenectady County, New York","Local Government","NAICS 531 Real estate","County, NAICS 3-digit -- by ownership sector","All establishment sizes",1,0,0,0,0,0,0,0,"N",1.70,0,0,0,0,0,0,0,"N",0,0.0,0,0,0,0,0,0,0,0,0,0,0,0,0,0
"36093","3","531","75","0","2016","3","N","Schenectady County, New York","Local Government","NAICS 531 Real estate","County, NAICS 3-digit -- by ownership sector","All establishment sizes",1,0,0,0,0,0,0,0,"N",1.70,0,0,0,0,0,0,0,"N",0,0.0,0,0,0,0,0,0,0,0,0,0,0,0,0,0
"36093","3","531","75","0","2016","4","N","Schenectady County, New York","Local Government","NAICS 531 Real estate","County, NAICS 3-digit -- by ownership sector","All establishment sizes",1,0,0,0,0,0,0,0,"N",1.70,0,0,0,0,0,0,0,"N",0,0.0,0,0,0,0,0,0,0,0,0,0,0,0,0,0
"36093","3","5311","76","0","2016","1","N","Schenectady County, New York","Local Government","NAICS 5311 Lessors of real estate","County, NAICS 4-digit -- by ownership sector","All establishment sizes",1,0,0,0,0,0,0,0,"N",2.53,0,0,0,0,0,0,0,"N",0,0.0,0,0,0,0,0,0,0,0,0,0,0,0,0,0
"36093","3","5311","76","0","2016","2","N","Schenectady County, New York","Local Government","NAICS 5311 Lessors of real estate","County, NAICS 4-digit -- by ownership sector","All establishment sizes",1,0,0,0,0,0,0,0,"N",2.51,0,0,0,0,0,0,0,"N",0,0.0,0,0,0,0,0,0,0,0,0,0,0,0,0,0
"36093","3","5311","76","0","2016","3","N","Schenectady County, New York","Local Government","NAICS 5311 Lessors of real estate","County, NAICS 4-digit -- by ownership sector","All establishment sizes",1,0,0,0,0,0,0,0,"N",2.51,0,0,0,0,0,0,0,"N",0,0.0,0,0,0,0,0,0,0,0,0,0,0,0,0,0
"36093","3","5311","76","0","2016","4","N","Schenectady County, New York","Local Government","NAICS 5311 Lessors of real estate","County, NAICS 4-digit -- by ownership sector","All establishment sizes",1,0,0,0,0,0,0,0,"N",2.51,0,0,0,0,0,0,0,"N",0,0.0,0,0,0,0,0,0,0,0,0,0,0,0,0,0
"36093","3","53111","77","0","2016","1","N","Schenectady County, New York","Local Government","NAICS 53111 Lessors of residential buildings","County, NAICS 5-digit -- by ownership sector","All establishment sizes",1,0,0,0,0,0,0,0,"N",2.79,0,0,0,0,0,0,0,"N",0,0.0,0,0,0,0,0,0,0,0,0,0,0,0,0,0
"36093","3","53111","77","0","2016","2","N","Schenectady County, New York","Local Government","NAICS 53111 Lessors of residential buildings","County, NAICS 5-digit -- by ownership sector","All establishment sizes",1,0,0,0,0,0,0,0,"N",2.78,0,0,0,0,0,0,0,"N",0,0.0,0,0,0,0,0,0,0,0,0,0,0,0,0,0
"36093","3","53111","77","0","2016","3","N","Schenectady County, New York","Local Government","NAICS 53111 Lessors of residential buildings","County, NAICS 5-digit -- by ownership sector","All establishment sizes",1,0,0,0,0,0,0,0,"N",2.78,0,0,0,0,0,0,0,"N",0,0.0,0,0,0,0,0,0,0,0,0,0,0,0,0,0
"36093","3","53111","77","0","2016","4","N","Schenectady County, New York","Local Government","NAICS 53111 Lessors of residential buildings","County, NAICS 5-digit -- by ownership sector","All establishment sizes",1,0,0,0,0,0,0,0,"N",2.79,0,0,0,0,0,0,0,"N",0,0.0,0,0,0,0,0,0,0,0,0,0,0,0,0,0
"36093","3","531110","78","0","2016","1","N","Schenectady County, New York","Local Government","NAICS 531110 Lessors of residential buildings","County, NAICS 6-digit -- by ownership sector","All establishment sizes",1,0,0,0,0,0,0,0,"N",2.79,0,0,0,0,0,0,0,"N",0,0.0,0,0,0,0,0,0,0,0,0,0,0,0,0,0
"36093","3","531110","78","0","2016","2","N","Schenectady County, New York","Local Government","NAICS 531110 Lessors of residential buildings","County, NAICS 6-digit -- by ownership sector","All establishment sizes",1,0,0,0,0,0,0,0,"N",2.78,0,0,0,0,0,0,0,"N",0,0.0,0,0,0,0,0,0,0,0,0,0,0,0,0,0
"36093","3","531110","78","0","2016","3","N","Schenectady County, New York","Local Government","NAICS 531110 Lessors of residential buildings","County, NAICS 6-digit -- by ownership sector","All establishment sizes",1,0,0,0,0,0,0,0,"N",2.78,0,0,0,0,0,0,0,"N",0,0.0,0,0,0,0,0,0,0,0,0,0,0,0,0,0
"36093","3","531110","78","0","2016","4","N","Schenectady County, New York","Local Government","NAICS 531110 Lessors of residential buildings","County, NAICS 6-digit -- by ownership sector","All establishment sizes",1,0,0,0,0,0,0,0,"N",2.79,0,0,0,0,0,0,0,"N",0,0.0,0,0,0,0,0,0,0,0,0,0,0,0,0,0
"36093","3","56","74","0","2016","1","","Schenectady County, New York","Local Government","NAICS 56 Administrative and waste services","County, NAICS Sector -- by ownership sector","All establishment sizes",4,74,73,72,1006308,0,0,1060,"",3.39,2.27,2.22,2.18,2.76,0.00,0.00,1.24,"",0,0.0,-2,-2.6,-3,-3.9,-4,-5.3,-87773,-8.0,0,0.0,0,0.0,-47,-4.2
"36093","3","56","74","0","2016","2","","Schenectady County, New York","Local Government","NAICS 56 Administrative and waste services","County, NAICS Sector -- by ownership sector","All establishment sizes",4,72,71,71,1014504,0,0,1094,"",3.35,2.16,2.09,2.01,2.33,0.00,0.00,1.12,"",0,0.0,-4,-5.3,-5,-6.6,-3,-4.1,-16795,-1.6,0,0.0,0,0.0,41,3.9
"36093","3","56","74","0","2016","3","","Schenectady County, New York","Local Government","NAICS 56 Administrative and waste services","County, NAICS Sector -- by ownership sector","All establishment sizes",5,123,128,140,1556975,0,0,919,"",4.19,3.79,3.92,4.26,3.89,0.00,0.00,0.98,"",1,25.0,40,48.2,48,60.0,69,97.2,453591,41.1,0,0.0,0,0.0,-169,-15.5
"36093","3","56","74","0","2016","4","","Schenectady County, New York","Local Government","NAICS 56 Administrative and waste services","County, NAICS Sector -- by ownership sector","All establishment sizes",5,138,142,143,1682749,0,0,918,"",4.20,4.14,4.25,4.37,4.28,0.00,0.00,1.01,"",1,25.0,64,86.5,67,89.3,66,85.7,571987,51.5,0,0.0,0,0.0,-216,-19.0
"36093","3","561","75","0","2016","1","","Schenectady County, New York","Local Government","NAICS 561 Administrative and support services","County, NAICS 3-digit -- by ownership sector","All establishment sizes",4,74,73,72,1006308,0,0,1060,"",5.19,4.28,4.18,4.10,5.64,0.00,0.00,1.35,"",0,0.0,-2,-2.6,-3,-3.9,-4,-5.3,-87773,-8.0,0,0.0,0,0.0,-47,-4.2
"36093","3","561","75","0","2016","2","","Schenectady County, New York","Local Government","NAICS 561 Administrative and support services","County, NAICS 3-digit -- by ownership sector","All establishment sizes",4,72,71,71,1014504,0,0,1094,"",5.11,4.03,3.85,3.71,4.66,0.00,0.00,1.21,"",0,0.0,-4,-5.3,-5,-6.6,-3,-4.1,-16795,-1.6,0,0.0,0,0.0,41,3.9
"36093","3","561","75","0","2016","3","","Schenectady County, New York","Local Government","NAICS 561 Administrative and support services","County, NAICS 3-digit -- by ownership sector","All establishment sizes",5,123,128,140,1556975,0,0,919,"",6.38,7.19,7.40,7.98,7.89,0.00,0.00,1.05,"",1,25.0,40,48.2,48,60.0,69,97.2,453591,41.1,0,0.0,0,0.0,-169,-15.5
"36093","3","561","75","0","2016","4","","Schenectady County, New York","Local Government","NAICS 561 Administrative and support services","County, NAICS 3-digit -- by ownership sector","All establishment sizes",5,138,142,143,1682749,0,0,918,"",6.39,7.73,7.93,8.21,8.55,0.00,0.00,1.07,"",1,25.0,64,86.5,67,89.3,66,85.7,571987,51.5,0,0.0,0,0.0,-216,-19.0
"36093","3","5614","76","0","2016","1","N","Schenectady County, New York","Local Government","NAICS 5614 Business support services","County, NAICS 4-digit -- by ownership sector","All establishment sizes",1,0,0,0,0,0,0,0,"N",31.78,0,0,0,0,0,0,0,"N",0,0.0,0,0,0,0,0,0,0,0,0,0,0,0,0,0
"36093","3","5614","76","0","2016","2","N","Schenectady County, New York","Local Government","NAICS 5614 Business support services","County, NAICS 4-digit -- by ownership sector","All establishment sizes",1,0,0,0,0,0,0,0,"N",30.96,0,0,0,0,0,0,0,"N",0,0.0,0,0,0,0,0,0,0,0,0,0,0,0,0,0
"36093","3","5614","76","0","2016","3","N","Schenectady County, New York","Local Government","NAICS 5614 Business support services","County, NAICS 4-digit -- by ownership sector","All establishment sizes",1,0,0,0,0,0,0,0,"N",30.97,0,0,0,0,0,0,0,"N",0,0.0,0,0,0,0,0,0,0,0,0,0,0,0,0,0
"36093","3","5614","76","0","2016","4","N","Schenectady County, New York","Local Government","NAICS 5614 Business support services","County, NAICS 4-digit -- by ownership sector","All establishment sizes",1,0,0,0,0,0,0,0,"N",30.97,0,0,0,0,0,0,0,"N",0,0.0,0,0,0,0,0,0,0,0,0,0,0,0,0,0
"36093","3","56142","77","0","2016","1","N","Schenectady County, New York","Local Government","NAICS 56142 Telephone call centers","County, NAICS 5-digit -- by ownership sector","All establishment sizes",1,0,0,0,0,0,0,0,"N",60.17,0,0,0,0,0,0,0,"N",0,0.0,0,0,0,0,0,0,0,0,0,0,0,0,0,0
"36093","3","56142","77","0","2016","2","N","Schenectady County, New York","Local Government","NAICS 56142 Telephone call centers","County, NAICS 5-digit -- by ownership sector","All establishment sizes",1,0,0,0,0,0,0,0,"N",59.94,0,0,0,0,0,0,0,"N",0,0.0,0,0,0,0,0,0,0,0,0,0,0,0,0,0
"36093","3","56142","77","0","2016","3","N","Schenectady County, New York","Local Government","NAICS 56142 Telephone call centers","County, NAICS 5-digit -- by ownership sector","All establishment sizes",1,0,0,0,0,0,0,0,"N",59.96,0,0,0,0,0,0,0,"N",0,0.0,0,0,0,0,0,0,0,0,0,0,0,0,0,0
"36093","3","56142","77","0","2016","4","N","Schenectady County, New York","Local Government","NAICS 56142 Telephone call centers","County, NAICS 5-digit -- by ownership sector","All establishment sizes",1,0,0,0,0,0,0,0,"N",59.97,0,0,0,0,0,0,0,"N",0,0.0,0,0,0,0,0,0,0,0,0,0,0,0,0,0
"36093","3","561422","78","0","2016","1","N","Schenectady County, New York","Local Government","NAICS 561422 Telemarketing and other contact centers","County, NAICS 6-digit -- by ownership sector","All establishment sizes",1,0,0,0,0,0,0,0,"N",257.10,0,0,0,0,0,0,0,"N",0,0.0,0,0,0,0,0,0,0,0,0,0,0,0,0,0
"36093","3","561422","78","0","2016","2","N","Schenectady County, New York","Local Government","NAICS 561422 Telemarketing and other contact centers","County, NAICS 6-digit -- by ownership sector","All establishment sizes",1,0,0,0,0,0,0,0,"N",256.12,0,0,0,0,0,0,0,"N",0,0.0,0,0,0,0,0,0,0,0,0,0,0,0,0,0
"36093","3","561422","78","0","2016","3","N","Schenectady County, New York","Local Government","NAICS 561422 Telemarketing and other contact centers","County, NAICS 6-digit -- by ownership sector","All establishment sizes",1,0,0,0,0,0,0,0,"N",256.18,0,0,0,0,0,0,0,"N",0,0.0,0,0,0,0,0,0,0,0,0,0,0,0,0,0
"36093","3","561422","78","0","2016","4","N","Schenectady County, New York","Local Government","NAICS 561422 Telemarketing and other contact centers","County, NAICS 6-digit -- by ownership sector","All establishment sizes",1,0,0,0,0,0,0,0,"N",256.25,0,0,0,0,0,0,0,"N",0,0.0,0,0,0,0,0,0,0,0,0,0,0,0,0,0
"36093","3","5617","76","0","2016","1","N","Schenectady County, New York","Local Government","NAICS 5617 Services to buildings and dwellings","County, NAICS 4-digit -- by ownership sector","All establishment sizes",3,0,0,0,0,0,0,0,"N",5.48,0,0,0,0,0,0,0,"N",0,0.0,0,0,0,0,0,0,0,0,0,0,0,0,0,0
"36093","3","5617","76","0","2016","2","N","Schenectady County, New York","Local Government","NAICS 5617 Services to buildings and dwellings","County, NAICS 4-digit -- by ownership sector","All establishment sizes",3,0,0,0,0,0,0,0,"N",5.44,0,0,0,0,0,0,0,"N",0,0.0,0,0,0,0,0,0,0,0,0,0,0,0,0,0
"36093","3","5617","76","0","2016","3","N","Schenectady County, New York","Local Government","NAICS 5617 Services to buildings and dwellings","County, NAICS 4-digit -- by ownership sector","All establishment sizes",4,0,0,0,0,0,0,0,"N",7.28,0,0,0,0,0,0,0,"N",1,33.3,0,0,0,0,0,0,0,0,0,0,0,0,0,0
"36093","3","5617","76","0","2016","4","N","Schenectady County, New York","Local Government","NAICS 5617 Services to buildings and dwellings","County, NAICS 4-digit -- by ownership sector","All establishment sizes",4,0,0,0,0,0,0,0,"N",7.30,0,0,0,0,0,0,0,"N",1,33.3,0,0,0,0,0,0,0,0,0,0,0,0,0,0
"36093","3","56172","77","0","2016","1","N","Schenectady County, New York","Local Government","NAICS 56172 Janitorial services","County, NAICS 5-digit -- by ownership sector","All establishment sizes",2,0,0,0,0,0,0,0,"N",6.11,0,0,0,0,0,0,0,"N",0,0.0,0,0,0,0,0,0,0,0,0,0,0,0,0,0
"36093","3","56172","77","0","2016","2","N","Schenectady County, New York","Local Government","NAICS 56172 Janitorial services","County, NAICS 5-digit -- by ownership sector","All establishment sizes",2,0,0,0,0,0,0,0,"N",6.06,0,0,0,0,0,0,0,"N",0,0.0,0,0,0,0,0,0,0,0,0,0,0,0,0,0
"36093","3","56172","77","0","2016","3","N","Schenectady County, New York","Local Government","NAICS 56172 Janitorial services","County, NAICS 5-digit -- by ownership sector","All establishment sizes",2,0,0,0,0,0,0,0,"N",6.10,0,0,0,0,0,0,0,"N",0,0.0,0,0,0,0,0,0,0,0,0,0,0,0,0,0
"36093","3","56172","77","0","2016","4","N","Schenectady County, New York","Local Government","NAICS 56172 Janitorial services","County, NAICS 5-digit -- by ownership sector","All establishment sizes",2,0,0,0,0,0,0,0,"N",6.12,0,0,0,0,0,0,0,"N",0,0.0,0,0,0,0,0,0,0,0,0,0,0,0,0,0
"36093","3","561720","78","0","2016","1","N","Schenectady County, New York","Local Government","NAICS 561720 Janitorial services","County, NAICS 6-digit -- by ownership sector","All establishment sizes",2,0,0,0,0,0,0,0,"N",6.11,0,0,0,0,0,0,0,"N",0,0.0,0,0,0,0,0,0,0,0,0,0,0,0,0,0
"36093","3","561720","78","0","2016","2","N","Schenectady County, New York","Local Government","NAICS 561720 Janitorial services","County, NAICS 6-digit -- by ownership sector","All establishment sizes",2,0,0,0,0,0,0,0,"N",6.06,0,0,0,0,0,0,0,"N",0,0.0,0,0,0,0,0,0,0,0,0,0,0,0,0,0
"36093","3","561720","78","0","2016","3","N","Schenectady County, New York","Local Government","NAICS 561720 Janitorial services","County, NAICS 6-digit -- by ownership sector","All establishment sizes",2,0,0,0,0,0,0,0,"N",6.10,0,0,0,0,0,0,0,"N",0,0.0,0,0,0,0,0,0,0,0,0,0,0,0,0,0
"36093","3","561720","78","0","2016","4","N","Schenectady County, New York","Local Government","NAICS 561720 Janitorial services","County, NAICS 6-digit -- by ownership sector","All establishment sizes",2,0,0,0,0,0,0,0,"N",6.12,0,0,0,0,0,0,0,"N",0,0.0,0,0,0,0,0,0,0,0,0,0,0,0,0,0
"36093","3","56179","77","0","2016","1","N","Schenectady County, New York","Local Government","NAICS 56179 Other services to buildings and dwellings","County, NAICS 5-digit -- by ownership sector","All establishment sizes",1,0,0,0,0,0,0,0,"N",9.99,0,0,0,0,0,0,0,"N",0,0.0,0,0,0,0,0,0,0,0,0,0,0,0,0,0
"36093","3","56179","77","0","2016","2","N","Schenectady County, New York","Local Government","NAICS 56179 Other services to buildings and dwellings","County, NAICS 5-digit -- by ownership sector","All establishment sizes",1,0,0,0,0,0,0,0,"N",9.96,0,0,0,0,0,0,0,"N",0,0.0,0,0,0,0,0,0,0,0,0,0,0,0,0,0
"36093","3","56179","77","0","2016","3","N","Schenectady County, New York","Local Government","NAICS 56179 Other services to buildings and dwellings","County, NAICS 5-digit -- by ownership sector","All establishment sizes",2,0,0,0,0,0,0,0,"N",19.84,0,0,0,0,0,0,0,"N",1,100.0,0,0,0,0,0,0,0,0,0,0,0,0,0,0
"36093","3","56179","77","0","2016","4","N","Schenectady County, New York","Local Government","NAICS 56179 Other services to buildings and dwellings","County, NAICS 5-digit -- by ownership sector","All establishment sizes",2,0,0,0,0,0,0,0,"N",19.78,0,0,0,0,0,0,0,"N",1,100.0,0,0,0,0,0,0,0,0,0,0,0,0,0,0
"36093","3","561790","78","0","2016","1","N","Schenectady County, New York","Local Government","NAICS 561790 Other services to buildings and dwellings","County, NAICS 6-digit -- by ownership sector","All establishment sizes",1,0,0,0,0,0,0,0,"N",9.99,0,0,0,0,0,0,0,"N",0,0.0,0,0,0,0,0,0,0,0,0,0,0,0,0,0
"36093","3","561790","78","0","2016","2","N","Schenectady County, New York","Local Government","NAICS 561790 Other services to buildings and dwellings","County, NAICS 6-digit -- by ownership sector","All establishment sizes",1,0,0,0,0,0,0,0,"N",9.96,0,0,0,0,0,0,0,"N",0,0.0,0,0,0,0,0,0,0,0,0,0,0,0,0,0
"36093","3","561790","78","0","2016","3","N","Schenectady County, New York","Local Government","NAICS 561790 Other services to buildings and dwellings","County, NAICS 6-digit -- by ownership sector","All establishment sizes",2,0,0,0,0,0,0,0,"N",19.84,0,0,0,0,0,0,0,"N",1,100.0,0,0,0,0,0,0,0,0,0,0,0,0,0,0
"36093","3","561790","78","0","2016","4","N","Schenectady County, New York","Local Government","NAICS 561790 Other services to buildings and dwellings","County, NAICS 6-digit -- by ownership sector","All establishment sizes",2,0,0,0,0,0,0,0,"N",19.78,0,0,0,0,0,0,0,"N",1,100.0,0,0,0,0,0,0,0,0,0,0,0,0,0,0
"36093","3","61","74","0","2016","1","N","Schenectady County, New York","Local Government","NAICS 61 Educational services","County, NAICS Sector -- by ownership sector","All establishment sizes",30,0,0,0,0,0,0,0,"N",1.29,0,0,0,0,0,0,0,"N",0,0.0,0,0,0,0,0,0,0,0,0,0,0,0,0,0
"36093","3","61","74","0","2016","2","N","Schenectady County, New York","Local Government","NAICS 61 Educational services","County, NAICS Sector -- by ownership sector","All establishment sizes",30,0,0,0,0,0,0,0,"N",1.28,0,0,0,0,0,0,0,"N",0,0.0,0,0,0,0,0,0,0,0,0,0,0,0,0,0
"36093","3","61","74","0","2016","3","N","Schenectady County, New York","Local Government","NAICS 61 Educational services","County, NAICS Sector -- by ownership sector","All establishment sizes",30,0,0,0,0,0,0,0,"N",1.28,0,0,0,0,0,0,0,"N",0,0.0,0,0,0,0,0,0,0,0,0,0,0,0,0,0
"36093","3","61","74","0","2016","4","N","Schenectady County, New York","Local Government","NAICS 61 Educational services","County, NAICS Sector -- by ownership sector","All establishment sizes",30,0,0,0,0,0,0,0,"N",1.28,0,0,0,0,0,0,0,"N",0,0.0,0,0,0,0,0,0,0,0,0,0,0,0,0,0
"36093","3","611","75","0","2016","1","N","Schenectady County, New York","Local Government","NAICS 611 Educational services","County, NAICS 3-digit -- by ownership sector","All establishment sizes",30,0,0,0,0,0,0,0,"N",1.29,0,0,0,0,0,0,0,"N",0,0.0,0,0,0,0,0,0,0,0,0,0,0,0,0,0
"36093","3","611","75","0","2016","2","N","Schenectady County, New York","Local Government","NAICS 611 Educational services","County, NAICS 3-digit -- by ownership sector","All establishment sizes",30,0,0,0,0,0,0,0,"N",1.28,0,0,0,0,0,0,0,"N",0,0.0,0,0,0,0,0,0,0,0,0,0,0,0,0,0
"36093","3","611","75","0","2016","3","N","Schenectady County, New York","Local Government","NAICS 611 Educational services","County, NAICS 3-digit -- by ownership sector","All establishment sizes",30,0,0,0,0,0,0,0,"N",1.28,0,0,0,0,0,0,0,"N",0,0.0,0,0,0,0,0,0,0,0,0,0,0,0,0,0
"36093","3","611","75","0","2016","4","N","Schenectady County, New York","Local Government","NAICS 611 Educational services","County, NAICS 3-digit -- by ownership sector","All establishment sizes",30,0,0,0,0,0,0,0,"N",1.28,0,0,0,0,0,0,0,"N",0,0.0,0,0,0,0,0,0,0,0,0,0,0,0,0,0
"36093","3","6111","76","0","2016","1","","Schenectady County, New York","Local Government","NAICS 6111 Elementary and secondary schools","County, NAICS 4-digit -- by ownership sector","All establishment sizes",28,4213,4442,4316,52920566,0,0,942,"",1.24,1.26,1.32,1.28,1.48,0.00,0.00,1.15,"",0,0.0,336,8.7,119,2.8,152,3.7,-3441360,-6.1,0,0.0,0,0.0,-110,-10.5
"36093","3","6111","76","0","2016","2","","Schenectady County, New York","Local Government","NAICS 6111 Elementary and secondary schools","County, NAICS 4-digit -- by ownership sector","All establishment sizes",28,4460,4394,4468,69774190,0,0,1209,"",1.24,1.32,1.30,1.38,1.54,0.00,0.00,1.15,"",0,0.0,258,6.1,75,1.7,98,2.2,4418792,6.8,0,0.0,0,0.0,39,3.3
"36093","3","6111","76","0","2016","3","","Schenectady County, New York","Local Government","NAICS 6111 Elementary and secondary schools","County, NAICS 4-digit -- by ownership sector","All establishment sizes",28,1506,2090,3779,27651839,0,0,865,"",1.23,0.68,0.84,1.20,0.91,0.00,0.00,0.97,"",0,0.0,-154,-9.3,695,49.8,145,4.0,2468741,9.8,0,0.0,0,0.0,-4,-0.5
"36093","3","6111","76","0","2016","4","","Schenectady County, New York","Local Government","NAICS 6111 Elementary and secondary schools","County, NAICS 4-digit -- by ownership sector","All establishment sizes",28,4176,4267,4343,54893765,0,0,991,"",1.24,1.25,1.26,1.30,1.50,0.00,0.00,1.18,"",0,0.0,-120,-2.8,-138,-3.1,-31,-0.7,-1413125,-2.5,0,0.0,0,0.0,-3,-0.3
"36093","3","61111","77","0","2016","1","","Schenectady County, New York","Local Government","NAICS 61111 Elementary and secondary schools","County, NAICS 5-digit -- by ownership sector","All establishment sizes",28,4213,4442,4316,52920566,0,0,942,"",1.24,1.26,1.32,1.28,1.48,0.00,0.00,1.15,"",0,0.0,336,8.7,119,2.8,152,3.7,-3441360,-6.1,0,0.0,0,0.0,-110,-10.5
"36093","3","61111","77","0","2016","2","","Schenectady County, New York","Local Government","NAICS 61111 Elementary and secondary schools","County, NAICS 5-digit -- by ownership sector","All establishment sizes",28,4460,4394,4468,69774190,0,0,1209,"",1.24,1.32,1.30,1.38,1.54,0.00,0.00,1.15,"",0,0.0,258,6.1,75,1.7,98,2.2,4418792,6.8,0,0.0,0,0.0,39,3.3
"36093","3","61111","77","0","2016","3","","Schenectady County, New York","Local Government","NAICS 61111 Elementary and secondary schools","County, NAICS 5-digit -- by ownership sector","All establishment sizes",28,1506,2090,3779,27651839,0,0,865,"",1.23,0.68,0.84,1.20,0.91,0.00,0.00,0.97,"",0,0.0,-154,-9.3,695,49.8,145,4.0,2468741,9.8,0,0.0,0,0.0,-4,-0.5
"36093","3","61111","77","0","2016","4","","Schenectady County, New York","Local Government","NAICS 61111 Elementary and secondary schools","County, NAICS 5-digit -- by ownership sector","All establishment sizes",28,4176,4267,4343,54893765,0,0,991,"",1.24,1.25,1.26,1.30,1.50,0.00,0.00,1.18,"",0,0.0,-120,-2.8,-138,-3.1,-31,-0.7,-1413125,-2.5,0,0.0,0,0.0,-3,-0.3
"36093","3","611110","78","0","2016","1","","Schenectady County, New York","Local Government","NAICS 611110 Elementary and secondary schools","County, NAICS 6-digit -- by ownership sector","All establishment sizes",28,4213,4442,4316,52920566,0,0,942,"",1.24,1.26,1.32,1.28,1.48,0.00,0.00,1.15,"",0,0.0,336,8.7,119,2.8,152,3.7,-3441360,-6.1,0,0.0,0,0.0,-110,-10.5
"36093","3","611110","78","0","2016","2","","Schenectady County, New York","Local Government","NAICS 611110 Elementary and secondary schools","County, NAICS 6-digit -- by ownership sector","All establishment sizes",28,4460,4394,4468,69774190,0,0,1209,"",1.24,1.32,1.30,1.38,1.54,0.00,0.00,1.15,"",0,0.0,258,6.1,75,1.7,98,2.2,4418792,6.8,0,0.0,0,0.0,39,3.3
"36093","3","611110","78","0","2016","3","","Schenectady County, New York","Local Government","NAICS 611110 Elementary and secondary schools","County, NAICS 6-digit -- by ownership sector","All establishment sizes",28,1506,2090,3779,27651839,0,0,865,"",1.23,0.68,0.84,1.20,0.91,0.00,0.00,0.97,"",0,0.0,-154,-9.3,695,49.8,145,4.0,2468741,9.8,0,0.0,0,0.0,-4,-0.5
"36093","3","611110","78","0","2016","4","","Schenectady County, New York","Local Government","NAICS 611110 Elementary and secondary schools","County, NAICS 6-digit -- by ownership sector","All establishment sizes",28,4176,4267,4343,54893765,0,0,991,"",1.24,1.25,1.26,1.30,1.50,0.00,0.00,1.18,"",0,0.0,-120,-2.8,-138,-3.1,-31,-0.7,-1413125,-2.5,0,0.0,0,0.0,-3,-0.3
"36093","3","6112","76","0","2016","1","N","Schenectady County, New York","Local Government","NAICS 6112 Junior colleges","County, NAICS 4-digit -- by ownership sector","All establishment sizes",1,0,0,0,0,0,0,0,"N",2.28,0,0,0,0,0,0,0,"N",0,0.0,0,0,0,0,0,0,0,0,0,0,0,0,0,0
"36093","3","6112","76","0","2016","2","N","Schenectady County, New York","Local Government","NAICS 6112 Junior colleges","County, NAICS 4-digit -- by ownership sector","All establishment sizes",1,0,0,0,0,0,0,0,"N",2.25,0,0,0,0,0,0,0,"N",0,0.0,0,0,0,0,0,0,0,0,0,0,0,0,0,0
"36093","3","6112","76","0","2016","3","N","Schenectady County, New York","Local Government","NAICS 6112 Junior colleges","County, NAICS 4-digit -- by ownership sector","All establishment sizes",1,0,0,0,0,0,0,0,"N",2.22,0,0,0,0,0,0,0,"N",0,0.0,0,0,0,0,0,0,0,0,0,0,0,0,0,0
"36093","3","6112","76","0","2016","4","N","Schenectady County, New York","Local Government","NAICS 6112 Junior colleges","County, NAICS 4-digit -- by ownership sector","All establishment sizes",1,0,0,0,0,0,0,0,"N",2.22,0,0,0,0,0,0,0,"N",0,0.0,0,0,0,0,0,0,0,0,0,0,0,0,0,0
"36093","3","61121","77","0","2016","1","N","Schenectady County, New York","Local Government","NAICS 61121 Junior colleges","County, NAICS 5-digit -- by ownership sector","All establishment sizes",1,0,0,0,0,0,0,0,"N",2.28,0,0,0,0,0,0,0,"N",0,0.0,0,0,0,0,0,0,0,0,0,0,0,0,0,0
"36093","3","61121","77","0","2016","2","N","Schenectady County, New York","Local Government","NAICS 61121 Junior colleges","County, NAICS 5-digit -- by ownership sector","All establishment sizes",1,0,0,0,0,0,0,0,"N",2.25,0,0,0,0,0,0,0,"N",0,0.0,0,0,0,0,0,0,0,0,0,0,0,0,0,0
"36093","3","61121","77","0","2016","3","N","Schenectady County, New York","Local Government","NAICS 61121 Junior colleges","County, NAICS 5-digit -- by ownership sector","All establishment sizes",1,0,0,0,0,0,0,0,"N",2.22,0,0,0,0,0,0,0,"N",0,0.0,0,0,0,0,0,0,0,0,0,0,0,0,0,0
"36093","3","61121","77","0","2016","4","N","Schenectady County, New York","Local Government","NAICS 61121 Junior colleges","County, NAICS 5-digit -- by ownership sector","All establishment sizes",1,0,0,0,0,0,0,0,"N",2.22,0,0,0,0,0,0,0,"N",0,0.0,0,0,0,0,0,0,0,0,0,0,0,0,0,0
"36093","3","611210","78","0","2016","1","N","Schenectady County, New York","Local Government","NAICS 611210 Junior colleges","County, NAICS 6-digit -- by ownership sector","All establishment sizes",1,0,0,0,0,0,0,0,"N",2.28,0,0,0,0,0,0,0,"N",0,0.0,0,0,0,0,0,0,0,0,0,0,0,0,0,0
"36093","3","611210","78","0","2016","2","N","Schenectady County, New York","Local Government","NAICS 611210 Junior colleges","County, NAICS 6-digit -- by ownership sector","All establishment sizes",1,0,0,0,0,0,0,0,"N",2.25,0,0,0,0,0,0,0,"N",0,0.0,0,0,0,0,0,0,0,0,0,0,0,0,0,0
"36093","3","611210","78","0","2016","3","N","Schenectady County, New York","Local Government","NAICS 611210 Junior colleges","County, NAICS 6-digit -- by ownership sector","All establishment sizes",1,0,0,0,0,0,0,0,"N",2.22,0,0,0,0,0,0,0,"N",0,0.0,0,0,0,0,0,0,0,0,0,0,0,0,0,0
"36093","3","611210","78","0","2016","4","N","Schenectady County, New York","Local Government","NAICS 611210 Junior colleges","County, NAICS 6-digit -- by ownership sector","All establishment sizes",1,0,0,0,0,0,0,0,"N",2.22,0,0,0,0,0,0,0,"N",0,0.0,0,0,0,0,0,0,0,0,0,0,0,0,0,0
"36093","3","6114","76","0","2016","1","N","Schenectady County, New York","Local Government","NAICS 6114 Business, computer and management training","County, NAICS 4-digit -- by ownership sector","All establishment sizes",1,0,0,0,0,0,0,0,"N",37.71,0,0,0,0,0,0,0,"N",0,0.0,0,0,0,0,0,0,0,0,0,0,0,0,0,0
"36093","3","6114","76","0","2016","2","N","Schenectady County, New York","Local Government","NAICS 6114 Business, computer and management training","County, NAICS 4-digit -- by ownership sector","All establishment sizes",1,0,0,0,0,0,0,0,"N",37.07,0,0,0,0,0,0,0,"N",0,0.0,0,0,0,0,0,0,0,0,0,0,0,0,0,0
"36093","3","6114","76","0","2016","3","N","Schenectady County, New York","Local Government","NAICS 6114 Business, computer and management training","County, NAICS 4-digit -- by ownership sector","All establishment sizes",1,0,0,0,0,0,0,0,"N",37.08,0,0,0,0,0,0,0,"N",0,0.0,0,0,0,0,0,0,0,0,0,0,0,0,0,0
"36093","3","6114","76","0","2016","4","N","Schenectady County, New York","Local Government","NAICS 6114 Business, computer and management training","County, NAICS 4-digit -- by ownership sector","All establishment sizes",1,0,0,0,0,0,0,0,"N",36.61,0,0,0,0,0,0,0,"N",0,0.0,0,0,0,0,0,0,0,0,0,0,0,0,0,0
"36093","3","61143","77","0","2016","1","N","Schenectady County, New York","Local Government","NAICS 61143 Management training","County, NAICS 5-digit -- by ownership sector","All establishment sizes",1,0,0,0,0,0,0,0,"N",40.99,0,0,0,0,0,0,0,"N",0,0.0,0,0,0,0,0,0,0,0,0,0,0,0,0,0
"36093","3","61143","77","0","2016","2","N","Schenectady County, New York","Local Government","NAICS 61143 Management training","County, NAICS 5-digit -- by ownership sector","All establishment sizes",1,0,0,0,0,0,0,0,"N",40.25,0,0,0,0,0,0,0,"N",0,0.0,0,0,0,0,0,0,0,0,0,0,0,0,0,0
"36093","3","61143","77","0","2016","3","N","Schenectady County, New York","Local Government","NAICS 61143 Management training","County, NAICS 5-digit -- by ownership sector","All establishment sizes",1,0,0,0,0,0,0,0,"N",40.26,0,0,0,0,0,0,0,"N",0,0.0,0,0,0,0,0,0,0,0,0,0,0,0,0,0
"36093","3","61143","77","0","2016","4","N","Schenectady County, New York","Local Government","NAICS 61143 Management training","County, NAICS 5-digit -- by ownership sector","All establishment sizes",1,0,0,0,0,0,0,0,"N",39.70,0,0,0,0,0,0,0,"N",0,0.0,0,0,0,0,0,0,0,0,0,0,0,0,0,0
"36093","3","611430","78","0","2016","1","N","Schenectady County, New York","Local Government","NAICS 611430 Management training","County, NAICS 6-digit -- by ownership sector","All establishment sizes",1,0,0,0,0,0,0,0,"N",40.99,0,0,0,0,0,0,0,"N",0,0.0,0,0,0,0,0,0,0,0,0,0,0,0,0,0
"36093","3","611430","78","0","2016","2","N","Schenectady County, New York","Local Government","NAICS 611430 Management training","County, NAICS 6-digit -- by ownership sector","All establishment sizes",1,0,0,0,0,0,0,0,"N",40.25,0,0,0,0,0,0,0,"N",0,0.0,0,0,0,0,0,0,0,0,0,0,0,0,0,0
"36093","3","611430","78","0","2016","3","N","Schenectady County, New York","Local Government","NAICS 611430 Management training","County, NAICS 6-digit -- by ownership sector","All establishment sizes",1,0,0,0,0,0,0,0,"N",40.26,0,0,0,0,0,0,0,"N",0,0.0,0,0,0,0,0,0,0,0,0,0,0,0,0,0
"36093","3","611430","78","0","2016","4","N","Schenectady County, New York","Local Government","NAICS 611430 Management training","County, NAICS 6-digit -- by ownership sector","All establishment sizes",1,0,0,0,0,0,0,0,"N",39.70,0,0,0,0,0,0,0,"N",0,0.0,0,0,0,0,0,0,0,0,0,0,0,0,0,0
"36093","3","62","74","0","2016","1","N","Schenectady County, New York","Local Government","NAICS 62 Health care and social assistance","County, NAICS Sector -- by ownership sector","All establishment sizes",1,0,0,0,0,0,0,0,"N",0.40,0,0,0,0,0,0,0,"N",0,0.0,0,0,0,0,0,0,0,0,0,0,0,0,0,0
"36093","3","62","74","0","2016","2","N","Schenectady County, New York","Local Government","NAICS 62 Health care and social assistance","County, NAICS Sector -- by ownership sector","All establishment sizes",1,0,0,0,0,0,0,0,"N",0.40,0,0,0,0,0,0,0,"N",0,0.0,0,0,0,0,0,0,0,0,0,0,0,0,0,0
"36093","3","62","74","0","2016","3","N","Schenectady County, New York","Local Government","NAICS 62 Health care and social assistance","County, NAICS Sector -- by ownership sector","All establishment sizes",1,0,0,0,0,0,0,0,"N",0.40,0,0,0,0,0,0,0,"N",0,0.0,0,0,0,0,0,0,0,0,0,0,0,0,0,0
"36093","3","62","74","0","2016","4","N","Schenectady County, New York","Local Government","NAICS 62 Health care and social assistance","County, NAICS Sector -- by ownership sector","All establishment sizes",1,0,0,0,0,0,0,0,"N",0.40,0,0,0,0,0,0,0,"N",0,0.0,0,0,0,0,0,0,0,0,0,0,0,0,0,0
"36093","3","623","75","0","2016","1","N","Schenectady County, New York","Local Government","NAICS 623 Nursing and residential care facilities","County, NAICS 3-digit -- by ownership sector","All establishment sizes",1,0,0,0,0,0,0,0,"N",3.73,0,0,0,0,0,0,0,"N",0,0.0,0,0,0,0,0,0,0,0,0,0,0,0,0,0
"36093","3","623","75","0","2016","2","N","Schenectady County, New York","Local Government","NAICS 623 Nursing and residential care facilities","County, NAICS 3-digit -- by ownership sector","All establishment sizes",1,0,0,0,0,0,0,0,"N",3.71,0,0,0,0,0,0,0,"N",0,0.0,0,0,0,0,0,0,0,0,0,0,0,0,0,0
"36093","3","623","75","0","2016","3","N","Schenectady County, New York","Local Government","NAICS 623 Nursing and residential care facilities","County, NAICS 3-digit -- by ownership sector","All establishment sizes",1,0,0,0,0,0,0,0,"N",3.76,0,0,0,0,0,0,0,"N",0,0.0,0,0,0,0,0,0,0,0,0,0,0,0,0,0
"36093","3","623","75","0","2016","4","N","Schenectady County, New York","Local Government","NAICS 623 Nursing and residential care facilities","County, NAICS 3-digit -- by ownership sector","All establishment sizes",1,0,0,0,0,0,0,0,"N",3.76,0,0,0,0,0,0,0,"N",0,0.0,0,0,0,0,0,0,0,0,0,0,0,0,0,0
"36093","3","6231","76","0","2016","1","N","Schenectady County, New York","Local Government","NAICS 6231 Nursing care facilities, skilled nursing","County, NAICS 4-digit -- by ownership sector","All establishment sizes",1,0,0,0,0,0,0,0,"N",8.65,0,0,0,0,0,0,0,"N",0,0.0,0,0,0,0,0,0,0,0,0,0,0,0,0,0
"36093","3","6231","76","0","2016","2","N","Schenectady County, New York","Local Government","NAICS 6231 Nursing care facilities, skilled nursing","County, NAICS 4-digit -- by ownership sector","All establishment sizes",1,0,0,0,0,0,0,0,"N",8.56,0,0,0,0,0,0,0,"N",0,0.0,0,0,0,0,0,0,0,0,0,0,0,0,0,0
"36093","3","6231","76","0","2016","3","N","Schenectady County, New York","Local Government","NAICS 6231 Nursing care facilities, skilled nursing","County, NAICS 4-digit -- by ownership sector","All establishment sizes",1,0,0,0,0,0,0,0,"N",8.64,0,0,0,0,0,0,0,"N",0,0.0,0,0,0,0,0,0,0,0,0,0,0,0,0,0
"36093","3","6231","76","0","2016","4","N","Schenectady County, New York","Local Government","NAICS 6231 Nursing care facilities, skilled nursing","County, NAICS 4-digit -- by ownership sector","All establishment sizes",1,0,0,0,0,0,0,0,"N",8.65,0,0,0,0,0,0,0,"N",0,0.0,0,0,0,0,0,0,0,0,0,0,0,0,0,0
"36093","3","62311","77","0","2016","1","N","Schenectady County, New York","Local Government","NAICS 62311 Nursing care facilities, skilled nursing","County, NAICS 5-digit -- by ownership sector","All establishment sizes",1,0,0,0,0,0,0,0,"N",8.65,0,0,0,0,0,0,0,"N",0,0.0,0,0,0,0,0,0,0,0,0,0,0,0,0,0
"36093","3","62311","77","0","2016","2","N","Schenectady County, New York","Local Government","NAICS 62311 Nursing care facilities, skilled nursing","County, NAICS 5-digit -- by ownership sector","All establishment sizes",1,0,0,0,0,0,0,0,"N",8.56,0,0,0,0,0,0,0,"N",0,0.0,0,0,0,0,0,0,0,0,0,0,0,0,0,0
"36093","3","62311","77","0","2016","3","N","Schenectady County, New York","Local Government","NAICS 62311 Nursing care facilities, skilled nursing","County, NAICS 5-digit -- by ownership sector","All establishment sizes",1,0,0,0,0,0,0,0,"N",8.64,0,0,0,0,0,0,0,"N",0,0.0,0,0,0,0,0,0,0,0,0,0,0,0,0,0
"36093","3","62311","77","0","2016","4","N","Schenectady County, New York","Local Government","NAICS 62311 Nursing care facilities, skilled nursing","County, NAICS 5-digit -- by ownership sector","All establishment sizes",1,0,0,0,0,0,0,0,"N",8.65,0,0,0,0,0,0,0,"N",0,0.0,0,0,0,0,0,0,0,0,0,0,0,0,0,0
"36093","3","623110","78","0","2016","1","N","Schenectady County, New York","Local Government","NAICS 623110 Nursing care facilities, skilled nursing","County, NAICS 6-digit -- by ownership sector","All establishment sizes",1,0,0,0,0,0,0,0,"N",8.65,0,0,0,0,0,0,0,"N",0,0.0,0,0,0,0,0,0,0,0,0,0,0,0,0,0
"36093","3","623110","78","0","2016","2","N","Schenectady County, New York","Local Government","NAICS 623110 Nursing care facilities, skilled nursing","County, NAICS 6-digit -- by ownership sector","All establishment sizes",1,0,0,0,0,0,0,0,"N",8.56,0,0,0,0,0,0,0,"N",0,0.0,0,0,0,0,0,0,0,0,0,0,0,0,0,0
"36093","3","623110","78","0","2016","3","N","Schenectady County, New York","Local Government","NAICS 623110 Nursing care facilities, skilled nursing","County, NAICS 6-digit -- by ownership sector","All establishment sizes",1,0,0,0,0,0,0,0,"N",8.64,0,0,0,0,0,0,0,"N",0,0.0,0,0,0,0,0,0,0,0,0,0,0,0,0,0
"36093","3","623110","78","0","2016","4","N","Schenectady County, New York","Local Government","NAICS 623110 Nursing care facilities, skilled nursing","County, NAICS 6-digit -- by ownership sector","All establishment sizes",1,0,0,0,0,0,0,0,"N",8.65,0,0,0,0,0,0,0,"N",0,0.0,0,0,0,0,0,0,0,0,0,0,0,0,0,0
"36093","3","71","74","0","2016","1","","Schenectady County, New York","Local Government","NAICS 71 Arts, entertainment, and recreation","County, NAICS Sector -- by ownership sector","All establishment sizes",5,92,90,92,723705,0,0,610,"",3.54,0.70,0.68,0.69,0.75,0.00,0.00,1.10,"",-1,-16.7,-9,-8.9,-14,-13.5,-8,-8.0,-52163,-6.7,0,0.0,0,0.0,23,3.9
"36093","3","71","74","0","2016","2","","Schenectady County, New York","Local Government","NAICS 71 Arts, entertainment, and recreation","County, NAICS Sector -- by ownership sector","All establishment sizes",5,92,91,95,919854,0,0,764,"",3.52,0.67,0.63,0.56,0.79,0.00,0.00,1.28,"",-1,-16.7,-5,-5.2,-8,-8.1,-5,-5.0,32058,3.6,0,0.0,0,0.0,72,10.4
"36093","3","71","74","0","2016","3","","Schenectady County, New York","Local Government","NAICS 71 Arts, entertainment, and recreation","County, NAICS Sector -- by ownership sector","All establishment sizes",5,99,99,94,795010,0,0,628,"",3.51,0.59,0.61,0.66,0.67,0.00,0.00,1.09,"",-1,-16.7,-5,-4.8,-3,-2.9,-5,-5.1,-22290,-2.7,0,0.0,0,0.0,10,1.6
"36093","3","71","74","0","2016","4","","Schenectady County, New York","Local Government","NAICS 71 Arts, entertainment, and recreation","County, NAICS Sector -- by ownership sector","All establishment sizes",5,89,89,87,721073,0,0,628,"",3.52,0.64,0.65,0.65,0.69,0.00,0.00,1.05,"",-1,-16.7,-7,-7.3,-5,-5.3,-9,-9.4,-161752,-18.3,0,0.0,0,0.0,-84,-11.8
"36093","3","713","75","0","2016","1","","Schenectady County, New York","Local Government","NAICS 713 Amusements, gambling, and recreation","County, NAICS 3-digit -- by ownership sector","All establishment sizes",5,92,90,92,723705,0,0,610,"",4.57,0.84,0.81,0.82,0.92,0.00,0.00,1.11,"",-1,-16.7,-9,-8.9,-14,-13.5,-8,-8.0,-52163,-6.7,0,0.0,0,0.0,23,3.9
"36093","3","713","75","0","2016","2","","Schenectady County, New York","Local Government","NAICS 713 Amusements, gambling, and recreation","County, NAICS 3-digit -- by ownership sector","All establishment sizes",5,92,91,95,919854,0,0,764,"",4.54,0.81,0.76,0.67,0.97,0.00,0.00,1.30,"",-1,-16.7,-5,-5.2,-8,-8.1,-5,-5.0,32058,3.6,0,0.0,0,0.0,72,10.4
"36093","3","713","75","0","2016","3","","Schenectady County, New York","Local Government","NAICS 713 Amusements, gambling, and recreation","County, NAICS 3-digit -- by ownership sector","All establishment sizes",5,99,99,94,795010,0,0,628,"",4.53,0.70,0.73,0.79,0.82,0.00,0.00,1.10,"",-1,-16.7,-5,-4.8,-3,-2.9,-5,-5.1,-22290,-2.7,0,0.0,0,0.0,10,1.6
"36093","3","713","75","0","2016","4","","Schenectady County, New York","Local Government","NAICS 713 Amusements, gambling, and recreation","County, NAICS 3-digit -- by ownership sector","All establishment sizes",5,89,89,87,721073,0,0,628,"",4.53,0.78,0.78,0.79,0.83,0.00,0.00,1.06,"",-1,-16.7,-7,-7.3,-5,-5.3,-9,-9.4,-161752,-18.3,0,0.0,0,0.0,-84,-11.8
"36093","3","7132","76","0","2016","1","","Schenectady County, New York","Local Government","NAICS 7132 Gambling industries","County, NAICS 4-digit -- by ownership sector","All establishment sizes",5,92,90,92,723705,0,0,610,"",37.31,1.56,1.51,1.55,1.42,0.00,0.00,0.92,"",-1,-16.7,-9,-8.9,-14,-13.5,-8,-8.0,-52163,-6.7,0,0.0,0,0.0,23,3.9
"36093","3","7132","76","0","2016","2","","Schenectady County, New York","Local Government","NAICS 7132 Gambling industries","County, NAICS 4-digit -- by ownership sector","All establishment sizes",5,92,91,95,919854,0,0,764,"",37.27,1.55,1.53,1.57,1.58,0.00,0.00,1.02,"",-1,-16.7,-5,-5.2,-8,-8.1,-5,-5.0,32058,3.6,0,0.0,0,0.0,72,10.4
"36093","3","7132","76","0","2016","3","","Schenectady County, New York","Local Government","NAICS 7132 Gambling industries","County, NAICS 4-digit -- by ownership sector","All establishment sizes",5,99,99,94,795010,0,0,628,"",37.18,1.72,1.71,1.61,1.43,0.00,0.00,0.85,"",-1,-16.7,-5,-4.8,-3,-2.9,-5,-5.1,-22290,-2.7,0,0.0,0,0.0,10,1.6
"36093","3","7132","76","0","2016","4","","Schenectady County, New York","Local Government","NAICS 7132 Gambling industries","County, NAICS 4-digit -- by ownership sector","All establishment sizes",5,89,89,87,721073,0,0,628,"",37.09,1.50,1.49,1.48,1.27,0.00,0.00,0.85,"",-1,-16.7,-7,-7.3,-5,-5.3,-9,-9.4,-161752,-18.3,0,0.0,0,0.0,-84,-11.8
"36093","3","71329","77","0","2016","1","","Schenectady County, New York","Local Government","NAICS 71329 Other gambling industries","County, NAICS 5-digit -- by ownership sector","All establishment sizes",5,92,90,92,723705,0,0,610,"",107.94,17.12,16.53,16.96,16.77,0.00,0.00,1.00,"",-1,-16.7,-9,-8.9,-14,-13.5,-8,-8.0,-52163,-6.7,0,0.0,0,0.0,23,3.9
"36093","3","71329","77","0","2016","2","","Schenectady County, New York","Local Government","NAICS 71329 Other gambling industries","County, NAICS 5-digit -- by ownership sector","All establishment sizes",5,92,91,95,919854,0,0,764,"",108.36,16.85,16.82,17.21,17.19,0.00,0.00,1.01,"",-1,-16.7,-5,-5.2,-8,-8.1,-5,-5.0,32058,3.6,0,0.0,0,0.0,72,10.4
"36093","3","71329","77","0","2016","3","","Schenectady County, New York","Local Government","NAICS 71329 Other gambling industries","County, NAICS 5-digit -- by ownership sector","All establishment sizes",5,99,99,94,795010,0,0,628,"",108.38,18.62,18.64,17.43,15.98,0.00,0.00,0.88,"",-1,-16.7,-5,-4.8,-3,-2.9,-5,-5.1,-22290,-2.7,0,0.0,0,0.0,10,1.6
"36093","3","71329","77","0","2016","4","","Schenectady County, New York","Local Government","NAICS 71329 Other gambling industries","County, NAICS 5-digit -- by ownership sector","All establishment sizes",5,89,89,87,721073,0,0,628,"",108.41,16.38,16.12,16.01,14.80,0.00,0.00,0.92,"",-1,-16.7,-7,-7.3,-5,-5.3,-9,-9.4,-161752,-18.3,0,0.0,0,0.0,-84,-11.8
"36093","3","713290","78","0","2016","1","","Schenectady County, New York","Local Government","NAICS 713290 Other gambling industries","County, NAICS 6-digit -- by ownership sector","All establishment sizes",5,92,90,92,723705,0,0,610,"",107.94,17.12,16.53,16.96,16.77,0.00,0.00,1.00,"",-1,-16.7,-9,-8.9,-14,-13.5,-8,-8.0,-52163,-6.7,0,0.0,0,0.0,23,3.9
"36093","3","713290","78","0","2016","2","","Schenectady County, New York","Local Government","NAICS 713290 Other gambling industries","County, NAICS 6-digit -- by ownership sector","All establishment sizes",5,92,91,95,919854,0,0,764,"",108.36,16.85,16.82,17.21,17.19,0.00,0.00,1.01,"",-1,-16.7,-5,-5.2,-8,-8.1,-5,-5.0,32058,3.6,0,0.0,0,0.0,72,10.4
"36093","3","713290","78","0","2016","3","","Schenectady County, New York","Local Government","NAICS 713290 Other gambling industries","County, NAICS 6-digit -- by ownership sector","All establishment sizes",5,99,99,94,795010,0,0,628,"",108.38,18.62,18.64,17.43,15.98,0.00,0.00,0.88,"",-1,-16.7,-5,-4.8,-3,-2.9,-5,-5.1,-22290,-2.7,0,0.0,0,0.0,10,1.6
"36093","3","713290","78","0","2016","4","","Schenectady County, New York","Local Government","NAICS 713290 Other gambling industries","County, NAICS 6-digit -- by ownership sector","All establishment sizes",5,89,89,87,721073,0,0,628,"",108.41,16.38,16.12,16.01,14.80,0.00,0.00,0.92,"",-1,-16.7,-7,-7.3,-5,-5.3,-9,-9.4,-161752,-18.3,0,0.0,0,0.0,-84,-11.8
"36093","3","92","74","0","2016","1","","Schenectady County, New York","Local Government","NAICS 92 Public administration","County, NAICS Sector -- by ownership sector","All establishment sizes",25,2014,1992,1977,29523022,314825,5353,1139,"",1.15,1.16,1.14,1.13,1.34,0.22,0.24,1.17,"",0,0.0,-9,-0.4,0,0.0,-12,-0.6,-805479,-2.7,-1500,-0.5,-1291,-19.4,-27,-2.3
"36093","3","92","74","0","2016","2","","Schenectady County, New York","Local Government","NAICS 92 Public administration","County, NAICS Sector -- by ownership sector","All establishment sizes",25,1985,1997,2061,29218652,25161,428,1116,"",1.15,1.12,1.12,1.11,1.12,0.04,0.05,1.00,"",0,0.0,18,0.9,-31,-1.5,-32,-1.5,-253845,-0.9,2459,10.8,-49,-10.3,-1,-0.1
"36093","3","92","74","0","2016","3","","Schenectady County, New York","Local Government","NAICS 92 Public administration","County, NAICS Sector -- by ownership sector","All establishment sizes",25,2470,2560,2029,32797646,36779,626,1072,"",1.15,1.38,1.43,1.16,1.29,0.08,0.11,0.98,"",0,0.0,0,0.0,81,3.3,-16,-0.8,3401867,11.6,12932,54.2,125,25.0,102,10.5
"36093","3","92","74","0","2016","4","","Schenectady County, New York","Local Government","NAICS 92 Public administration","County, NAICS Sector -- by ownership sector","All establishment sizes",25,2027,2035,2036,31825599,29493,501,1204,"",1.15,1.15,1.14,1.16,1.35,0.08,0.13,1.17,"",0,0.0,7,0.3,18,0.9,0,0.0,-137352,-0.4,8978,43.8,71,16.5,-11,-0.9
"36093","3","921","75","0","2016","1","","Schenectady County, New York","Local Government","NAICS 921 Executive, legislative and general government","County, NAICS 3-digit -- by ownership sector","All establishment sizes",9,1880,1858,1841,27730977,0,0,1147,"",0.70,1.64,1.61,1.58,2.09,0.00,0.00,1.30,"",0,0.0,-11,-0.6,-3,-0.2,-15,-0.8,-542274,-1.9,0,0.0,0,0.0,-16,-1.4
"36093","3","921","75","0","2016","2","","Schenectady County, New York","Local Government","NAICS 921 Executive, legislative and general government","County, NAICS 3-digit -- by ownership sector","All establishment sizes",9,1860,1874,1937,27597832,0,0,1123,"",0.70,1.59,1.59,1.55,1.75,0.00,0.00,1.11,"",0,0.0,19,1.0,-27,-1.4,-26,-1.3,-197821,-0.7,0,0.0,0,0.0,-1,-0.1
"36093","3","921","75","0","2016","3","","Schenectady County, New York","Local Government","NAICS 921 Executive, legislative and general government","County, NAICS 3-digit -- by ownership sector","All establishment sizes",9,2342,2433,1901,31047734,0,0,1073,"",0.70,1.94,2.02,1.63,2.03,0.00,0.00,1.09,"",0,0.0,-1,0.0,81,3.4,-13,-0.7,3291489,11.9,0,0.0,0,0.0,104,10.7
"36093","3","921","75","0","2016","4","","Schenectady County, New York","Local Government","NAICS 921 Executive, legislative and general government","County, NAICS 3-digit -- by ownership sector","All establishment sizes",9,1893,1901,1895,29929575,0,0,1214,"",0.70,1.62,1.60,1.63,2.10,0.00,0.00,1.30,"",0,0.0,1,0.1,10,0.5,-8,-0.4,-316951,-1.0,0,0.0,0,0.0,-14,-1.1
"36093","3","9211","76","0","2016","1","","Schenectady County, New York","Local Government","NAICS 9211 Executive, legislative and general government","County, NAICS 4-digit -- by ownership sector","All establishment sizes",9,1880,1858,1841,27730977,0,0,1147,"",0.70,1.64,1.61,1.58,2.09,0.00,0.00,1.30,"",0,0.0,-11,-0.6,-3,-0.2,-15,-0.8,-542274,-1.9,0,0.0,0,0.0,-16,-1.4
"36093","3","9211","76","0","2016","2","","Schenectady County, New York","Local Government","NAICS 9211 Executive, legislative and general government","County, NAICS 4-digit -- by ownership sector","All establishment sizes",9,1860,1874,1937,27597832,0,0,1123,"",0.70,1.59,1.59,1.55,1.75,0.00,0.00,1.11,"",0,0.0,19,1.0,-27,-1.4,-26,-1.3,-197821,-0.7,0,0.0,0,0.0,-1,-0.1
"36093","3","9211","76","0","2016","3","","Schenectady County, New York","Local Government","NAICS 9211 Executive, legislative and general government","County, NAICS 4-digit -- by ownership sector","All establishment sizes",9,2342,2433,1901,31047734,0,0,1073,"",0.70,1.94,2.02,1.63,2.03,0.00,0.00,1.09,"",0,0.0,-1,0.0,81,3.4,-13,-0.7,3291489,11.9,0,0.0,0,0.0,104,10.7
"36093","3","9211","76","0","2016","4","","Schenectady County, New York","Local Government","NAICS 9211 Executive, legislative and general government","County, NAICS 4-digit -- by ownership sector","All establishment sizes",9,1893,1901,1895,29929575,0,0,1214,"",0.70,1.62,1.60,1.63,2.10,0.00,0.00,1.30,"",0,0.0,1,0.1,10,0.5,-8,-0.4,-316951,-1.0,0,0.0,0,0.0,-14,-1.1
"36093","3","92112","77","0","2016","1","","Schenectady County, New York","Local Government","NAICS 92112 Legislative bodies","County, NAICS 5-digit -- by ownership sector","All establishment sizes",9,1880,1858,1841,27730977,0,0,1147,"",8.77,15.49,15.25,15.02,17.91,0.00,0.00,1.17,"",0,0.0,-11,-0.6,-3,-0.2,-15,-0.8,-542274,-1.9,0,0.0,0,0.0,-16,-1.4
"36093","3","92112","77","0","2016","2","","Schenectady County, New York","Local Government","NAICS 92112 Legislative bodies","County, NAICS 5-digit -- by ownership sector","All establishment sizes",9,1860,1874,1937,27597832,0,0,1123,"",8.75,15.13,15.16,14.83,15.26,0.00,0.00,1.01,"",0,0.0,19,1.0,-27,-1.4,-26,-1.3,-197821,-0.7,0,0.0,0,0.0,-1,-0.1
"36093","3","92112","77","0","2016","3","","Schenectady County, New York","Local Government","NAICS 92112 Legislative bodies","County, NAICS 5-digit -- by ownership sector","All establishment sizes",9,2342,2433,1901,31047734,0,0,1073,"",8.76,17.64,18.37,15.42,17.64,0.00,0.00,1.03,"",0,0.0,-1,0.0,81,3.4,-13,-0.7,3291489,11.9,0,0.0,0,0.0,104,10.7
"36093","3","92112","77","0","2016","4","","Schenectady County, New York","Local Government","NAICS 92112 Legislative bodies","County, NAICS 5-digit -- by ownership sector","All establishment sizes",9,1893,1901,1895,29929575,0,0,1214,"",8.76,15.38,15.36,15.48,18.18,0.00,0.00,1.18,"",0,0.0,1,0.1,10,0.5,-8,-0.4,-316951,-1.0,0,0.0,0,0.0,-14,-1.1
"36093","3","921120","78","0","2016","1","","Schenectady County, New York","Local Government","NAICS 921120 Legislative bodies","County, NAICS 6-digit -- by ownership sector","All establishment sizes",9,1880,1858,1841,27730977,0,0,1147,"",8.77,15.49,15.25,15.02,17.91,0.00,0.00,1.17,"",0,0.0,-11,-0.6,-3,-0.2,-15,-0.8,-542274,-1.9,0,0.0,0,0.0,-16,-1.4
"36093","3","921120","78","0","2016","2","","Schenectady County, New York","Local Government","NAICS 921120 Legislative bodies","County, NAICS 6-digit -- by ownership sector","All establishment sizes",9,1860,1874,1937,27597832,0,0,1123,"",8.75,15.13,15.16,14.83,15.26,0.00,0.00,1.01,"",0,0.0,19,1.0,-27,-1.4,-26,-1.3,-197821,-0.7,0,0.0,0,0.0,-1,-0.1
"36093","3","921120","78","0","2016","3","","Schenectady County, New York","Local Government","NAICS 921120 Legislative bodies","County, NAICS 6-digit -- by ownership sector","All establishment sizes",9,2342,2433,1901,31047734,0,0,1073,"",8.76,17.64,18.37,15.42,17.64,0.00,0.00,1.03,"",0,0.0,-1,0.0,81,3.4,-13,-0.7,3291489,11.9,0,0.0,0,0.0,104,10.7
"36093","3","921120","78","0","2016","4","","Schenectady County, New York","Local Government","NAICS 921120 Legislative bodies","County, NAICS 6-digit -- by ownership sector","All establishment sizes",9,1893,1901,1895,29929575,0,0,1214,"",8.76,15.38,15.36,15.48,18.18,0.00,0.00,1.18,"",0,0.0,1,0.1,10,0.5,-8,-0.4,-316951,-1.0,0,0.0,0,0.0,-14,-1.1
"36093","3","922","75","0","2016","1","","Schenectady County, New York","Local Government","NAICS 922 Justice, public order, and safety activities","County, NAICS 3-digit -- by ownership sector","All establishment sizes",11,39,39,42,451598,191948,3264,868,"",2.42,0.10,0.10,0.10,0.07,1.01,1.58,0.71,"",0,0.0,4,11.4,2,5.4,4,10.5,-53,0.0,1252,0.7,-741,-18.5,-80,-8.4
"36093","3","922","75","0","2016","2","","Schenectady County, New York","Local Government","NAICS 922 Justice, public order, and safety activities","County, NAICS 3-digit -- by ownership sector","All establishment sizes",11,39,38,37,417568,17669,301,845,"",2.41,0.10,0.09,0.09,0.05,0.29,0.34,0.59,"",0,0.0,2,5.4,1,2.7,-1,-2.6,-14198,-3.3,2240,14.5,-23,-7.1,-45,-5.1
"36093","3","922","75","0","2016","3","","Schenectady County, New York","Local Government","NAICS 922 Justice, public order, and safety activities","County, NAICS 3-digit -- by ownership sector","All establishment sizes",11,37,36,37,445433,14082,240,934,"",2.41,0.09,0.09,0.09,0.06,0.38,0.47,0.65,"",0,0.0,1,2.8,0,0.0,-4,-9.8,10113,2.3,-917,-6.1,-75,-23.8,45,5.1
"36093","3","922","75","0","2016","4","","Schenectady County, New York","Local Government","NAICS 922 Justice, public order, and safety activities","County, NAICS 3-digit -- by ownership sector","All establishment sizes",11,42,41,40,458579,15952,271,860,"",2.41,0.10,0.10,0.10,0.07,0.55,0.79,0.66,"",0,0.0,3,7.7,2,5.1,1,2.6,37185,8.8,-4497,-22.0,-158,-36.8,29,3.5
"36093","3","9221","76","0","2016","1","","Schenectady County, New York","Local Government","NAICS 9221 Justice, public order, and safety activities","County, NAICS 4-digit -- by ownership sector","All establishment sizes",11,39,39,42,451598,191948,3264,868,"",2.42,0.10,0.10,0.10,0.07,1.01,1.58,0.71,"",0,0.0,4,11.4,2,5.4,4,10.5,-53,0.0,1252,0.7,-741,-18.5,-80,-8.4
"36093","3","9221","76","0","2016","2","","Schenectady County, New York","Local Government","NAICS 9221 Justice, public order, and safety activities","County, NAICS 4-digit -- by ownership sector","All establishment sizes",11,39,38,37,417568,17669,301,845,"",2.41,0.10,0.09,0.09,0.05,0.29,0.34,0.59,"",0,0.0,2,5.4,1,2.7,-1,-2.6,-14198,-3.3,2240,14.5,-23,-7.1,-45,-5.1
"36093","3","9221","76","0","2016","3","","Schenectady County, New York","Local Government","NAICS 9221 Justice, public order, and safety activities","County, NAICS 4-digit -- by ownership sector","All establishment sizes",11,37,36,37,445433,14082,240,934,"",2.41,0.09,0.09,0.09,0.06,0.38,0.47,0.65,"",0,0.0,1,2.8,0,0.0,-4,-9.8,10113,2.3,-917,-6.1,-75,-23.8,45,5.1
"36093","3","9221","76","0","2016","4","","Schenectady County, New York","Local Government","NAICS 9221 Justice, public order, and safety activities","County, NAICS 4-digit -- by ownership sector","All establishment sizes",11,42,41,40,458579,15952,271,860,"",2.41,0.10,0.10,0.10,0.07,0.55,0.79,0.66,"",0,0.0,3,7.7,2,5.1,1,2.6,37185,8.8,-4497,-22.0,-158,-36.8,29,3.5
"36093","3","92216","77","0","2016","1","","Schenectady County, New York","Local Government","NAICS 92216 Fire protection","County, NAICS 5-digit -- by ownership sector","All establishment sizes",11,39,39,42,451598,191948,3264,868,"",5.98,0.44,0.44,0.47,0.31,2.24,3.31,0.69,"",0,0.0,4,11.4,2,5.4,4,10.5,-53,0.0,1252,0.7,-741,-18.5,-80,-8.4
"36093","3","92216","77","0","2016","2","","Schenectady County, New York","Local Government","NAICS 92216 Fire protection","County, NAICS 5-digit -- by ownership sector","All establishment sizes",11,39,38,37,417568,17669,301,845,"",5.95,0.44,0.43,0.41,0.25,0.63,0.77,0.58,"",0,0.0,2,5.4,1,2.7,-1,-2.6,-14198,-3.3,2240,14.5,-23,-7.1,-45,-5.1
"36093","3","92216","77","0","2016","3","","Schenectady County, New York","Local Government","NAICS 92216 Fire protection","County, NAICS 5-digit -- by ownership sector","All establishment sizes",11,37,36,37,445433,14082,240,934,"",5.95,0.43,0.42,0.42,0.27,0.70,0.84,0.64,"",0,0.0,1,2.8,0,0.0,-4,-9.8,10113,2.3,-917,-6.1,-75,-23.8,45,5.1
"36093","3","92216","77","0","2016","4","","Schenectady County, New York","Local Government","NAICS 92216 Fire protection","County, NAICS 5-digit -- by ownership sector","All establishment sizes",11,42,41,40,458579,15952,271,860,"",5.94,0.47,0.46,0.45,0.30,0.93,1.33,0.65,"",0,0.0,3,7.7,2,5.1,1,2.6,37185,8.8,-4497,-22.0,-158,-36.8,29,3.5
"36093","3","922160","78","0","2016","1","","Schenectady County, New York","Local Government","NAICS 922160 Fire protection","County, NAICS 6-digit -- by ownership sector","All establishment sizes",11,39,39,42,451598,191948,3264,868,"",5.98,0.44,0.44,0.47,0.31,2.24,3.31,0.69,"",0,0.0,4,11.4,2,5.4,4,10.5,-53,0.0,1252,0.7,-741,-18.5,-80,-8.4
"36093","3","922160","78","0","2016","2","","Schenectady County, New York","Local Government","NAICS 922160 Fire protection","County, NAICS 6-digit -- by ownership sector","All establishment sizes",11,39,38,37,417568,17669,301,845,"",5.95,0.44,0.43,0.41,0.25,0.63,0.77,0.58,"",0,0.0,2,5.4,1,2.7,-1,-2.6,-14198,-3.3,2240,14.5,-23,-7.1,-45,-5.1
"36093","3","922160","78","0","2016","3","","Schenectady County, New York","Local Government","NAICS 922160 Fire protection","County, NAICS 6-digit -- by ownership sector","All establishment sizes",11,37,36,37,445433,14082,240,934,"",5.95,0.43,0.42,0.42,0.27,0.70,0.84,0.64,"",0,0.0,1,2.8,0,0.0,-4,-9.8,10113,2.3,-917,-6.1,-75,-23.8,45,5.1
"36093","3","922160","78","0","2016","4","","Schenectady County, New York","Local Government","NAICS 922160 Fire protection","County, NAICS 6-digit -- by ownership sector","All establishment sizes",11,42,41,40,458579,15952,271,860,"",5.94,0.47,0.46,0.45,0.30,0.93,1.33,0.65,"",0,0.0,3,7.7,2,5.1,1,2.6,37185,8.8,-4497,-22.0,-158,-36.8,29,3.5
"36093","3","924","75","0","2016","1","N","Schenectady County, New York","Local Government","NAICS 924 Administration of environmental programs","County, NAICS 3-digit -- by ownership sector","All establishment sizes",1,0,0,0,0,0,0,0,"N",0.73,0,0,0,0,0,0,0,"N",0,0.0,0,0,0,0,0,0,0,0,0,0,0,0,0,0
"36093","3","924","75","0","2016","2","N","Schenectady County, New York","Local Government","NAICS 924 Administration of environmental programs","County, NAICS 3-digit -- by ownership sector","All establishment sizes",1,0,0,0,0,0,0,0,"N",0.73,0,0,0,0,0,0,0,"N",0,0.0,0,0,0,0,0,0,0,0,0,0,0,0,0,0
"36093","3","924","75","0","2016","3","N","Schenectady County, New York","Local Government","NAICS 924 Administration of environmental programs","County, NAICS 3-digit -- by ownership sector","All establishment sizes",1,0,0,0,0,0,0,0,"N",0.73,0,0,0,0,0,0,0,"N",0,0.0,0,0,0,0,0,0,0,0,0,0,0,0,0,0
"36093","3","924","75","0","2016","4","N","Schenectady County, New York","Local Government","NAICS 924 Administration of environmental programs","County, NAICS 3-digit -- by ownership sector","All establishment sizes",1,0,0,0,0,0,0,0,"N",0.73,0,0,0,0,0,0,0,"N",0,0.0,0,0,0,0,0,0,0,0,0,0,0,0,0,0
"36093","3","9241","76","0","2016","1","N","Schenectady County, New York","Local Government","NAICS 9241 Administration of environmental programs","County, NAICS 4-digit -- by ownership sector","All establishment sizes",1,0,0,0,0,0,0,0,"N",0.73,0,0,0,0,0,0,0,"N",0,0.0,0,0,0,0,0,0,0,0,0,0,0,0,0,0
"36093","3","9241","76","0","2016","2","N","Schenectady County, New York","Local Government","NAICS 9241 Administration of environmental programs","County, NAICS 4-digit -- by ownership sector","All establishment sizes",1,0,0,0,0,0,0,0,"N",0.73,0,0,0,0,0,0,0,"N",0,0.0,0,0,0,0,0,0,0,0,0,0,0,0,0,0
"36093","3","9241","76","0","2016","3","N","Schenectady County, New York","Local Government","NAICS 9241 Administration of environmental programs","County, NAICS 4-digit -- by ownership sector","All establishment sizes",1,0,0,0,0,0,0,0,"N",0.73,0,0,0,0,0,0,0,"N",0,0.0,0,0,0,0,0,0,0,0,0,0,0,0,0,0
"36093","3","9241","76","0","2016","4","N","Schenectady County, New York","Local Government","NAICS 9241 Administration of environmental programs","County, NAICS 4-digit -- by ownership sector","All establishment sizes",1,0,0,0,0,0,0,0,"N",0.73,0,0,0,0,0,0,0,"N",0,0.0,0,0,0,0,0,0,0,0,0,0,0,0,0,0
"36093","3","92411","77","0","2016","1","N","Schenectady County, New York","Local Government","NAICS 92411 Air, water, and waste program administration","County, NAICS 5-digit -- by ownership sector","All establishment sizes",1,0,0,0,0,0,0,0,"N",1.97,0,0,0,0,0,0,0,"N",0,0.0,0,0,0,0,0,0,0,0,0,0,0,0,0,0
"36093","3","92411","77","0","2016","2","N","Schenectady County, New York","Local Government","NAICS 92411 Air, water, and waste program administration","County, NAICS 5-digit -- by ownership sector","All establishment sizes",1,0,0,0,0,0,0,0,"N",1.95,0,0,0,0,0,0,0,"N",0,0.0,0,0,0,0,0,0,0,0,0,0,0,0,0,0
"36093","3","92411","77","0","2016","3","N","Schenectady County, New York","Local Government","NAICS 92411 Air, water, and waste program administration","County, NAICS 5-digit -- by ownership sector","All establishment sizes",1,0,0,0,0,0,0,0,"N",1.94,0,0,0,0,0,0,0,"N",0,0.0,0,0,0,0,0,0,0,0,0,0,0,0,0,0
"36093","3","92411","77","0","2016","4","N","Schenectady County, New York","Local Government","NAICS 92411 Air, water, and waste program administration","County, NAICS 5-digit -- by ownership sector","All establishment sizes",1,0,0,0,0,0,0,0,"N",1.94,0,0,0,0,0,0,0,"N",0,0.0,0,0,0,0,0,0,0,0,0,0,0,0,0,0
"36093","3","924110","78","0","2016","1","N","Schenectady County, New York","Local Government","NAICS 924110 Air, water, and waste program administration","County, NAICS 6-digit -- by ownership sector","All establishment sizes",1,0,0,0,0,0,0,0,"N",1.97,0,0,0,0,0,0,0,"N",0,0.0,0,0,0,0,0,0,0,0,0,0,0,0,0,0
"36093","3","924110","78","0","2016","2","N","Schenectady County, New York","Local Government","NAICS 924110 Air, water, and waste program administration","County, NAICS 6-digit -- by ownership sector","All establishment sizes",1,0,0,0,0,0,0,0,"N",1.95,0,0,0,0,0,0,0,"N",0,0.0,0,0,0,0,0,0,0,0,0,0,0,0,0,0
"36093","3","924110","78","0","2016","3","N","Schenectady County, New York","Local Government","NAICS 924110 Air, water, and waste program administration","County, NAICS 6-digit -- by ownership sector","All establishment sizes",1,0,0,0,0,0,0,0,"N",1.94,0,0,0,0,0,0,0,"N",0,0.0,0,0,0,0,0,0,0,0,0,0,0,0,0,0
"36093","3","924110","78","0","2016","4","N","Schenectady County, New York","Local Government","NAICS 924110 Air, water, and waste program administration","County, NAICS 6-digit -- by ownership sector","All establishment sizes",1,0,0,0,0,0,0,0,"N",1.94,0,0,0,0,0,0,0,"N",0,0.0,0,0,0,0,0,0,0,0,0,0,0,0,0,0
"36093","3","925","75","0","2016","1","N","Schenectady County, New York","Local Government","NAICS 925 Community and housing program administration","County, NAICS 3-digit -- by ownership sector","All establishment sizes",2,0,0,0,0,0,0,0,"N",1.63,0,0,0,0,0,0,0,"N",0,0.0,0,0,0,0,0,0,0,0,0,0,0,0,0,0
"36093","3","925","75","0","2016","2","N","Schenectady County, New York","Local Government","NAICS 925 Community and housing program administration","County, NAICS 3-digit -- by ownership sector","All establishment sizes",2,0,0,0,0,0,0,0,"N",1.62,0,0,0,0,0,0,0,"N",0,0.0,0,0,0,0,0,0,0,0,0,0,0,0,0,0
"36093","3","925","75","0","2016","3","N","Schenectady County, New York","Local Government","NAICS 925 Community and housing program administration","County, NAICS 3-digit -- by ownership sector","All establishment sizes",2,0,0,0,0,0,0,0,"N",1.63,0,0,0,0,0,0,0,"N",0,0.0,0,0,0,0,0,0,0,0,0,0,0,0,0,0
"36093","3","925","75","0","2016","4","N","Schenectady County, New York","Local Government","NAICS 925 Community and housing program administration","County, NAICS 3-digit -- by ownership sector","All establishment sizes",2,0,0,0,0,0,0,0,"N",1.63,0,0,0,0,0,0,0,"N",0,0.0,0,0,0,0,0,0,0,0,0,0,0,0,0,0
"36093","3","9251","76","0","2016","1","N","Schenectady County, New York","Local Government","NAICS 9251 Community and housing program administration","County, NAICS 4-digit -- by ownership sector","All establishment sizes",2,0,0,0,0,0,0,0,"N",1.63,0,0,0,0,0,0,0,"N",0,0.0,0,0,0,0,0,0,0,0,0,0,0,0,0,0
"36093","3","9251","76","0","2016","2","N","Schenectady County, New York","Local Government","NAICS 9251 Community and housing program administration","County, NAICS 4-digit -- by ownership sector","All establishment sizes",2,0,0,0,0,0,0,0,"N",1.62,0,0,0,0,0,0,0,"N",0,0.0,0,0,0,0,0,0,0,0,0,0,0,0,0,0
"36093","3","9251","76","0","2016","3","N","Schenectady County, New York","Local Government","NAICS 9251 Community and housing program administration","County, NAICS 4-digit -- by ownership sector","All establishment sizes",2,0,0,0,0,0,0,0,"N",1.63,0,0,0,0,0,0,0,"N",0,0.0,0,0,0,0,0,0,0,0,0,0,0,0,0,0
"36093","3","9251","76","0","2016","4","N","Schenectady County, New York","Local Government","NAICS 9251 Community and housing program administration","County, NAICS 4-digit -- by ownership sector","All establishment sizes",2,0,0,0,0,0,0,0,"N",1.63,0,0,0,0,0,0,0,"N",0,0.0,0,0,0,0,0,0,0,0,0,0,0,0,0,0
"36093","3","92512","77","0","2016","1","N","Schenectady County, New York","Local Government","NAICS 92512 Urban and rural development administration","County, NAICS 5-digit -- by ownership sector","All establishment sizes",2,0,0,0,0,0,0,0,"N",4.44,0,0,0,0,0,0,0,"N",0,0.0,0,0,0,0,0,0,0,0,0,0,0,0,0,0
"36093","3","92512","77","0","2016","2","N","Schenectady County, New York","Local Government","NAICS 92512 Urban and rural development administration","County, NAICS 5-digit -- by ownership sector","All establishment sizes",2,0,0,0,0,0,0,0,"N",4.41,0,0,0,0,0,0,0,"N",0,0.0,0,0,0,0,0,0,0,0,0,0,0,0,0,0
"36093","3","92512","77","0","2016","3","N","Schenectady County, New York","Local Government","NAICS 92512 Urban and rural development administration","County, NAICS 5-digit -- by ownership sector","All establishment sizes",2,0,0,0,0,0,0,0,"N",4.42,0,0,0,0,0,0,0,"N",0,0.0,0,0,0,0,0,0,0,0,0,0,0,0,0,0
"36093","3","92512","77","0","2016","4","N","Schenectady County, New York","Local Government","NAICS 92512 Urban and rural development administration","County, NAICS 5-digit -- by ownership sector","All establishment sizes",2,0,0,0,0,0,0,0,"N",4.44,0,0,0,0,0,0,0,"N",0,0.0,0,0,0,0,0,0,0,0,0,0,0,0,0,0
"36093","3","925120","78","0","2016","1","N","Schenectady County, New York","Local Government","NAICS 925120 Urban and rural development administration","County, NAICS 6-digit -- by ownership sector","All establishment sizes",2,0,0,0,0,0,0,0,"N",4.44,0,0,0,0,0,0,0,"N",0,0.0,0,0,0,0,0,0,0,0,0,0,0,0,0,0
"36093","3","925120","78","0","2016","2","N","Schenectady County, New York","Local Government","NAICS 925120 Urban and rural development administration","County, NAICS 6-digit -- by ownership sector","All establishment sizes",2,0,0,0,0,0,0,0,"N",4.41,0,0,0,0,0,0,0,"N",0,0.0,0,0,0,0,0,0,0,0,0,0,0,0,0,0
"36093","3","925120","78","0","2016","3","N","Schenectady County, New York","Local Government","NAICS 925120 Urban and rural development administration","County, NAICS 6-digit -- by ownership sector","All establishment sizes",2,0,0,0,0,0,0,0,"N",4.42,0,0,0,0,0,0,0,"N",0,0.0,0,0,0,0,0,0,0,0,0,0,0,0,0,0
"36093","3","925120","78","0","2016","4","N","Schenectady County, New York","Local Government","NAICS 925120 Urban and rural development administration","County, NAICS 6-digit -- by ownership sector","All establishment sizes",2,0,0,0,0,0,0,0,"N",4.44,0,0,0,0,0,0,0,"N",0,0.0,0,0,0,0,0,0,0,0,0,0,0,0,0,0
"36093","3","926","75","0","2016","1","N","Schenectady County, New York","Local Government","NAICS 926 Administration of economic programs","County, NAICS 3-digit -- by ownership sector","All establishment sizes",2,0,0,0,0,0,0,0,"N",2.09,0,0,0,0,0,0,0,"N",0,0.0,0,0,0,0,0,0,0,0,0,0,0,0,0,0
"36093","3","926","75","0","2016","2","N","Schenectady County, New York","Local Government","NAICS 926 Administration of economic programs","County, NAICS 3-digit -- by ownership sector","All establishment sizes",2,0,0,0,0,0,0,0,"N",2.08,0,0,0,0,0,0,0,"N",0,0.0,0,0,0,0,0,0,0,0,0,0,0,0,0,0
"36093","3","926","75","0","2016","3","N","Schenectady County, New York","Local Government","NAICS 926 Administration of economic programs","County, NAICS 3-digit -- by ownership sector","All establishment sizes",2,0,0,0,0,0,0,0,"N",2.08,0,0,0,0,0,0,0,"N",0,0.0,0,0,0,0,0,0,0,0,0,0,0,0,0,0
"36093","3","926","75","0","2016","4","N","Schenectady County, New York","Local Government","NAICS 926 Administration of economic programs","County, NAICS 3-digit -- by ownership sector","All establishment sizes",2,0,0,0,0,0,0,0,"N",2.09,0,0,0,0,0,0,0,"N",0,0.0,0,0,0,0,0,0,0,0,0,0,0,0,0,0
"36093","3","9261","76","0","2016","1","N","Schenectady County, New York","Local Government","NAICS 9261 Administration of economic programs","County, NAICS 4-digit -- by ownership sector","All establishment sizes",2,0,0,0,0,0,0,0,"N",2.09,0,0,0,0,0,0,0,"N",0,0.0,0,0,0,0,0,0,0,0,0,0,0,0,0,0
"36093","3","9261","76","0","2016","2","N","Schenectady County, New York","Local Government","NAICS 9261 Administration of economic programs","County, NAICS 4-digit -- by ownership sector","All establishment sizes",2,0,0,0,0,0,0,0,"N",2.08,0,0,0,0,0,0,0,"N",0,0.0,0,0,0,0,0,0,0,0,0,0,0,0,0,0
"36093","3","9261","76","0","2016","3","N","Schenectady County, New York","Local Government","NAICS 9261 Administration of economic programs","County, NAICS 4-digit -- by ownership sector","All establishment sizes",2,0,0,0,0,0,0,0,"N",2.08,0,0,0,0,0,0,0,"N",0,0.0,0,0,0,0,0,0,0,0,0,0,0,0,0,0
"36093","3","9261","76","0","2016","4","N","Schenectady County, New York","Local Government","NAICS 9261 Administration of economic programs","County, NAICS 4-digit -- by ownership sector","All establishment sizes",2,0,0,0,0,0,0,0,"N",2.09,0,0,0,0,0,0,0,"N",0,0.0,0,0,0,0,0,0,0,0,0,0,0,0,0,0
"36093","3","92611","77","0","2016","1","N","Schenectady County, New York","Local Government","NAICS 92611 Administration of general economic programs","County, NAICS 5-digit -- by ownership sector","All establishment sizes",1,0,0,0,0,0,0,0,"N",4.97,0,0,0,0,0,0,0,"N",0,0.0,0,0,0,0,0,0,0,0,0,0,0,0,0,0
"36093","3","92611","77","0","2016","2","N","Schenectady County, New York","Local Government","NAICS 92611 Administration of general economic programs","County, NAICS 5-digit -- by ownership sector","All establishment sizes",1,0,0,0,0,0,0,0,"N",4.93,0,0,0,0,0,0,0,"N",0,0.0,0,0,0,0,0,0,0,0,0,0,0,0,0,0
"36093","3","92611","77","0","2016","3","N","Schenectady County, New York","Local Government","NAICS 92611 Administration of general economic programs","County, NAICS 5-digit -- by ownership sector","All establishment sizes",1,0,0,0,0,0,0,0,"N",4.85,0,0,0,0,0,0,0,"N",0,0.0,0,0,0,0,0,0,0,0,0,0,0,0,0,0
"36093","3","92611","77","0","2016","4","N","Schenectady County, New York","Local Government","NAICS 92611 Administration of general economic programs","County, NAICS 5-digit -- by ownership sector","All establishment sizes",1,0,0,0,0,0,0,0,"N",4.91,0,0,0,0,0,0,0,"N",0,0.0,0,0,0,0,0,0,0,0,0,0,0,0,0,0
"36093","3","926110","78","0","2016","1","N","Schenectady County, New York","Local Government","NAICS 926110 Administration of general economic programs","County, NAICS 6-digit -- by ownership sector","All establishment sizes",1,0,0,0,0,0,0,0,"N",4.97,0,0,0,0,0,0,0,"N",0,0.0,0,0,0,0,0,0,0,0,0,0,0,0,0,0
"36093","3","926110","78","0","2016","2","N","Schenectady County, New York","Local Government","NAICS 926110 Administration of general economic programs","County, NAICS 6-digit -- by ownership sector","All establishment sizes",1,0,0,0,0,0,0,0,"N",4.93,0,0,0,0,0,0,0,"N",0,0.0,0,0,0,0,0,0,0,0,0,0,0,0,0,0
"36093","3","926110","78","0","2016","3","N","Schenectady County, New York","Local Government","NAICS 926110 Administration of general economic programs","County, NAICS 6-digit -- by ownership sector","All establishment sizes",1,0,0,0,0,0,0,0,"N",4.85,0,0,0,0,0,0,0,"N",0,0.0,0,0,0,0,0,0,0,0,0,0,0,0,0,0
"36093","3","926110","78","0","2016","4","N","Schenectady County, New York","Local Government","NAICS 926110 Administration of general economic programs","County, NAICS 6-digit -- by ownership sector","All establishment sizes",1,0,0,0,0,0,0,0,"N",4.91,0,0,0,0,0,0,0,"N",0,0.0,0,0,0,0,0,0,0,0,0,0,0,0,0,0
"36093","3","92612","77","0","2016","1","N","Schenectady County, New York","Local Government","NAICS 92612 Transportation program administration","County, NAICS 5-digit -- by ownership sector","All establishment sizes",1,0,0,0,0,0,0,0,"N",8.29,0,0,0,0,0,0,0,"N",0,0.0,0,0,0,0,0,0,0,0,0,0,0,0,0,0
"36093","3","92612","77","0","2016","2","N","Schenectady County, New York","Local Government","NAICS 92612 Transportation program administration","County, NAICS 5-digit -- by ownership sector","All establishment sizes",1,0,0,0,0,0,0,0,"N",8.34,0,0,0,0,0,0,0,"N",0,0.0,0,0,0,0,0,0,0,0,0,0,0,0,0,0
"36093","3","92612","77","0","2016","3","N","Schenectady County, New York","Local Government","NAICS 92612 Transportation program administration","County, NAICS 5-digit -- by ownership sector","All establishment sizes",1,0,0,0,0,0,0,0,"N",8.31,0,0,0,0,0,0,0,"N",0,0.0,0,0,0,0,0,0,0,0,0,0,0,0,0,0
"36093","3","92612","77","0","2016","4","N","Schenectady County, New York","Local Government","NAICS 92612 Transportation program administration","County, NAICS 5-digit -- by ownership sector","All establishment sizes",1,0,0,0,0,0,0,0,"N",8.34,0,0,0,0,0,0,0,"N",0,0.0,0,0,0,0,0,0,0,0,0,0,0,0,0,0
"36093","3","926120","78","0","2016","1","N","Schenectady County, New York","Local Government","NAICS 926120 Transportation program administration","County, NAICS 6-digit -- by ownership sector","All establishment sizes",1,0,0,0,0,0,0,0,"N",8.29,0,0,0,0,0,0,0,"N",0,0.0,0,0,0,0,0,0,0,0,0,0,0,0,0,0
"36093","3","926120","78","0","2016","2","N","Schenectady County, New York","Local Government","NAICS 926120 Transportation program administration","County, NAICS 6-digit -- by ownership sector","All establishment sizes",1,0,0,0,0,0,0,0,"N",8.34,0,0,0,0,0,0,0,"N",0,0.0,0,0,0,0,0,0,0,0,0,0,0,0,0,0
"36093","3","926120","78","0","2016","3","N","Schenectady County, New York","Local Government","NAICS 926120 Transportation program administration","County, NAICS 6-digit -- by ownership sector","All establishment sizes",1,0,0,0,0,0,0,0,"N",8.31,0,0,0,0,0,0,0,"N",0,0.0,0,0,0,0,0,0,0,0,0,0,0,0,0,0
"36093","3","926120","78","0","2016","4","N","Schenectady County, New York","Local Government","NAICS 926120 Transportation program administration","County, NAICS 6-digit -- by ownership sector","All establishment sizes",1,0,0,0,0,0,0,0,"N",8.34,0,0,0,0,0,0,0,"N",0,0.0,0,0,0,0,0,0,0,0,0,0,0,0,0,0
"36093","5","10","71","0","2016","1","","Schenectady County, New York","Private","10 Total, all industries","County, Total -- by ownership sector","All establishment sizes",3271,52275,52302,52536,698960867,318083740,9714094,1027,"",0.99,1.00,0.99,0.99,0.99,1.01,1.01,1.00,"",-62,-1.9,916,1.8,1049,2.0,1083,2.1,7858314,1.1,9020412,2.9,-1276561,-11.6,-8,-0.8
"36093","5","10","71","0","2016","2","","Schenectady County, New York","Private","10 Total, all industries","County, Total -- by ownership sector","All establishment sizes",3311,53154,53211,54343,757689111,91838766,3241021,1088,"",0.99,0.99,0.99,0.99,0.99,1.02,1.01,1.00,"",-19,-0.6,1273,2.5,454,0.9,769,1.4,70074292,10.2,2729525,3.1,-447735,-12.1,85,8.5
"36093","5","10","71","0","2016","3","","Schenectady County, New York","Private","10 Total, all industries","County, Total -- by ownership sector","All establishment sizes",3337,53218,53106,52709,745121863,57132113,1993558,1081,"",0.99,1.01,1.01,0.99,1.02,1.03,1.01,1.02,"",10,0.3,236,0.4,351,0.7,617,1.2,49195852,7.1,1245591,2.2,-338714,-14.5,63,6.2
"36093","5","10","71","0","2016","4","","Schenectady County, New York","Private","10 Total, all industries","County, Total -- by ownership sector","All establishment sizes",3361,53655,53900,52948,717627055,43077018,1466672,1032,"",0.99,0.99,0.99,0.99,0.98,1.03,1.01,0.99,"",23,0.7,343,0.6,435,0.8,292,0.6,-49075725,-6.4,-427540,-1.0,-291058,-16.6,-78,-7.0
"36093","5","101","72","0","2016","1","","Schenectady County, New York","Private","101 Goods-producing","County, by Domain -- by ownership sector","All establishment sizes",504,8172,8085,8151,172661405,74231029,2908300,1632,"",1.15,0.90,0.89,0.89,1.25,1.04,1.06,1.40,"",-28,-5.3,411,5.3,303,3.9,358,4.6,6936351,4.2,3534434,5.0,-89702,-3.0,-7,-0.4
"36093","5","101","72","0","2016","2","","Schenectady County, New York","Private","101 Goods-producing","County, by Domain -- by ownership sector","All establishment sizes",503,8158,8309,8538,171830247,13671640,772685,1586,"",1.13,0.88,0.89,0.89,1.11,0.74,0.88,1.25,"",-25,-4.7,160,2.0,104,1.3,90,1.1,24596841,16.7,-475887,-3.4,-112783,-12.7,208,15.1
"36093","5","101","72","0","2016","3","","Schenectady County, New York","Private","101 Goods-producing","County, by Domain -- by ownership sector","All establishment sizes",502,8575,8561,8512,166244963,8857927,478757,1496,"",1.12,0.93,0.93,0.92,1.12,0.84,0.94,1.20,"",-21,-4.0,71,0.8,52,0.6,176,2.1,5564168,3.5,-469726,-5.0,-112409,-19.0,33,2.3
"36093","5","101","72","0","2016","4","","Schenectady County, New York","Private","101 Goods-producing","County, by Domain -- by ownership sector","All establishment sizes",493,8418,8326,8235,156739735,6348565,330638,1448,"",1.10,0.90,0.89,0.90,1.07,0.90,0.99,1.19,"",-23,-4.5,101,1.2,6,0.1,2,0.0,-22853562,-12.7,-521906,-7.6,-78030,-19.1,-218,-13.1
"36093","5","1011","73","0","2016","1","","Schenectady County, New York","Private","1011 Natural resources and mining","County, by Supersector -- by ownership sector","All establishment sizes",9,53,52,54,556623,408872,37805,808,"",0.19,0.07,0.07,0.07,0.05,0.07,0.20,0.69,"",-1,-10.0,-5,-8.6,-3,-5.5,5,10.2,76110,15.8,22483,5.8,797,2.2,124,18.1
"36093","5","1011","73","0","2016","2","","Schenectady County, New York","Private","1011 Natural resources and mining","County, by Supersector -- by ownership sector","All establishment sizes",9,70,86,91,830168,289601,25142,776,"",0.18,0.08,0.10,0.10,0.07,0.15,0.29,0.69,"",0,0.0,8,12.9,17,24.6,7,8.3,47602,6.1,17575,6.5,1105,4.6,-64,-7.6
"36093","5","1011","73","0","2016","3","","Schenectady County, New York","Private","1011 Natural resources and mining","County, by Supersector -- by ownership sector","All establishment sizes",9,84,93,99,978315,173343,11649,818,"",0.18,0.10,0.11,0.12,0.08,0.13,0.19,0.77,"",0,0.0,2,2.4,5,5.7,18,22.2,107551,12.4,55084,46.6,4334,59.2,17,2.1
"36093","5","1011","73","0","2016","4","","Schenectady County, New York","Private","1011 Natural resources and mining","County, by Supersector -- by ownership sector","All establishment sizes",8,86,78,72,876315,66171,3786,857,"",0.16,0.10,0.10,0.09,0.08,0.07,0.10,0.80,"",-1,-11.1,10,13.2,6,8.3,-2,-2.7,-79119,-8.3,8945,15.6,492,14.9,-136,-13.7
"36093","5","1012","73","0","2016","1","","Schenectady County, New York","Private","1012 Construction","County, by Supersector -- by ownership sector","All establishment sizes",379,2136,2049,2104,24343813,18062727,1240758,893,"",1.40,0.77,0.73,0.74,0.64,0.83,1.12,0.87,"",-26,-6.4,161,8.2,111,5.7,151,7.7,3242093,15.4,2690653,17.5,111970,9.9,63,7.6
"36093","5","1012","73","0","2016","2","","Schenectady County, New York","Private","1012 Construction","County, by Supersector -- by ownership sector","All establishment sizes",376,2206,2318,2399,28780317,6627391,468191,959,"",1.37,0.75,0.77,0.78,0.62,0.95,1.05,0.80,"",-28,-6.9,74,3.5,16,0.7,-1,0.0,1433901,5.2,-715881,-9.7,-91245,-16.3,36,3.9
"36093","5","1012","73","0","2016","3","","Schenectady County, New York","Private","1012 Construction","County, by Supersector -- by ownership sector","All establishment sizes",379,2454,2483,2497,33110962,4509363,322493,1028,"",1.37,0.82,0.83,0.83,0.71,1.01,1.15,0.86,"",-19,-4.8,11,0.5,11,0.4,139,5.9,2439446,8.0,-861929,-16.0,-102365,-24.1,55,5.7
"36093","5","1012","73","0","2016","4","","Schenectady County, New York","Private","1012 Construction","County, by Supersector -- by ownership sector","All establishment sizes",373,2506,2440,2341,34801293,3158704,211603,1102,"",1.34,0.82,0.80,0.80,0.74,1.02,1.15,0.92,"",-18,-4.6,106,4.4,66,2.8,1,0.0,-564206,-1.6,-339061,-9.7,-62409,-22.8,-45,-3.9
"36093","5","1013","73","0","2016","1","","Schenectady County, New York","Private","1013 Manufacturing","County, by Supersector -- by ownership sector","All establishment sizes",116,5983,5984,5993,147760969,55759430,1629737,1899,"",0.96,1.09,1.09,1.09,1.68,1.27,1.12,1.54,"",-1,-0.9,255,4.5,195,3.4,202,3.5,3618148,2.5,821298,1.5,-202469,-11.1,-23,-1.2
"36093","5","1013","73","0","2016","2","","Schenectady County, New York","Private","1013 Manufacturing","County, by Supersector -- by ownership sector","All establishment sizes",118,5882,5905,6048,142219762,6754648,279352,1840,"",0.97,1.07,1.08,1.08,1.49,0.70,0.82,1.38,"",3,2.6,78,1.3,71,1.2,84,1.4,23115338,19.4,222419,3.4,-22643,-7.5,278,17.8
"36093","5","1013","73","0","2016","3","","Schenectady County, New York","Private","1013 Manufacturing","County, by Supersector -- by ownership sector","All establishment sizes",114,6037,5985,5916,132155686,4175221,144615,1700,"",0.93,1.13,1.12,1.10,1.46,0.87,0.85,1.31,"",-2,-1.7,58,1.0,36,0.6,19,0.3,3017171,2.3,337119,8.8,-14378,-9.0,28,1.7
"36093","5","1013","73","0","2016","4","","Schenectady County, New York","Private","1013 Manufacturing","County, by Supersector -- by ownership sector","All establishment sizes",112,5826,5808,5822,121062127,3123690,115249,1600,"",0.91,1.07,1.06,1.08,1.37,1.01,1.05,1.28,"",-4,-3.4,-15,-0.3,-66,-1.1,3,0.1,-22210237,-15.5,-191790,-5.8,-16113,-12.3,-286,-15.2
"36093","5","102","72","0","2016","1","","Schenectady County, New York","Private","102 Service-providing","County, by Domain -- by ownership sector","All establishment sizes",2767,44103,44217,44385,526299462,243852711,6805794,915,"",0.97,1.02,1.01,1.01,0.93,1.01,0.99,0.92,"",-34,-1.2,505,1.2,746,1.7,725,1.7,921963,0.2,5485978,2.3,-1186859,-14.8,-12,-1.3
"36093","5","102","72","0","2016","2","","Schenectady County, New York","Private","102 Service-providing","County, by Domain -- by ownership sector","All establishment sizes",2808,44996,44902,45805,585858864,78167126,2468336,996,"",0.97,1.01,1.01,1.01,0.96,1.10,1.05,0.95,"",6,0.2,1113,2.5,350,0.8,679,1.5,45477451,8.4,3205412,4.3,-334952,-11.9,62,6.6
"36093","5","102","72","0","2016","3","","Schenectady County, New York","Private","102 Service-providing","County, by Domain -- by ownership sector","All establishment sizes",2835,44643,44545,44197,578876900,48274186,1514801,1002,"",0.97,1.03,1.02,1.01,1.00,1.07,1.03,0.98,"",31,1.1,165,0.4,299,0.7,441,1.0,43631684,8.2,1715317,3.7,-226305,-13.0,70,7.5
"36093","5","102","72","0","2016","4","","Schenectady County, New York","Private","102 Service-providing","County, by Domain -- by ownership sector","All establishment sizes",2868,45237,45574,44713,560887320,36728453,1136034,955,"",0.98,1.01,1.01,1.00,0.96,1.06,1.01,0.95,"",46,1.6,242,0.5,429,1.0,290,0.7,-26222163,-4.5,94366,0.3,-213028,-15.8,-52,-5.2
"36093","5","1021","73","0","2016","1","","Schenectady County, New York","Private","1021 Trade, transportation, and utilities","County, by Supersector -- by ownership sector","All establishment sizes",640,9864,9783,9774,85640851,60897505,1677343,672,"",0.95,0.83,0.82,0.82,0.66,0.86,0.90,0.80,"",-35,-5.2,-271,-2.7,-145,-1.5,-231,-2.3,1007883,1.2,574052,1.0,-471212,-21.9,22,3.4
"36093","5","1021","73","0","2016","2","","Schenectady County, New York","Private","1021 Trade, transportation, and utilities","County, by Supersector -- by ownership sector","All establishment sizes",645,9744,9759,9882,89552310,24319190,676959,703,"",0.95,0.81,0.82,0.81,0.62,1.14,1.08,0.76,"",-12,-1.8,-304,-3.0,-304,-3.0,-342,-3.3,-315154,-0.4,691223,2.9,-155886,-18.7,19,2.8
"36093","5","1021","73","0","2016","3","","Schenectady County, New York","Private","1021 Trade, transportation, and utilities","County, by Supersector -- by ownership sector","All establishment sizes",645,9838,9818,9639,95071859,13926088,376840,749,"",0.95,0.85,0.84,0.82,0.69,1.10,1.06,0.83,"",-2,-0.3,-168,-1.7,-206,-2.1,-221,-2.2,5052806,5.6,-116449,-0.8,-104927,-21.8,54,7.8
"36093","5","1021","73","0","2016","4","","Schenectady County, New York","Private","1021 Trade, transportation, and utilities","County, by Supersector -- by ownership sector","All establishment sizes",648,9821,10030,9943,92621968,10434882,288465,717,"",0.95,0.81,0.81,0.81,0.68,1.07,1.04,0.84,"",7,1.1,-107,-1.1,-98,-1.0,-174,-1.7,-3709062,-3.9,-841259,-7.5,-105727,-26.8,-20,-2.7
"36093","5","1022","73","0","2016","1","","Schenectady County, New York","Private","1022 Information","County, by Supersector -- by ownership sector","All establishment sizes",35,1001,1025,1002,15743663,7372385,237220,1200,"",0.64,0.81,0.82,0.81,0.50,0.68,0.66,0.61,"",-3,-7.9,13,1.3,49,5.0,14,1.4,1162984,8.0,595974,8.8,-30650,-11.4,60,5.3
"36093","5","1022","73","0","2016","2","","Schenectady County, New York","Private","1022 Information","County, by Supersector -- by ownership sector","All establishment sizes",36,1007,937,1010,14021920,1115931,37827,1095,"",0.65,0.80,0.76,0.79,0.44,0.57,0.53,0.56,"",-2,-5.3,4,0.4,-64,-6.4,7,0.7,245755,1.8,-81134,-6.8,-11619,-23.5,38,3.6
"36093","5","1022","73","0","2016","3","","Schenectady County, New York","Private","1022 Information","County, by Supersector -- by ownership sector","All establishment sizes",35,1014,1007,1001,14782172,611831,19564,1129,"",0.63,0.83,0.83,0.82,0.46,0.54,0.43,0.56,"",-3,-7.9,-13,-1.3,-13,-1.3,-1,-0.1,531222,3.7,-92545,-13.1,-9254,-32.1,50,4.6
"36093","5","1022","73","0","2016","4","","Schenectady County, New York","Private","1022 Information","County, by Supersector -- by ownership sector","All establishment sizes",35,970,976,1001,16736223,572502,19574,1311,"",0.62,0.78,0.78,0.81,0.56,0.71,0.57,0.72,"",-2,-5.4,-48,-4.7,-40,-3.9,-8,-0.8,1457404,9.5,-94228,-14.1,-8851,-31.1,152,13.1
"36093","5","1023","73","0","2016","1","","Schenectady County, New York","Private","1023 Financial activities","County, by Supersector -- by ownership sector","All establishment sizes",254,2140,2132,2135,32623591,17813018,557041,1175,"",0.84,0.61,0.61,0.61,0.34,0.62,0.68,0.57,"",-10,-3.8,2,0.1,6,0.3,6,0.3,724607,2.3,501266,2.9,-106152,-16.0,24,2.1
"36093","5","1023","73","0","2016","2","","Schenectady County, New York","Private","1023 Financial activities","County, by Supersector -- by ownership sector","All establishment sizes",255,2125,2139,2181,40414635,3447724,102433,1447,"",0.84,0.60,0.61,0.60,0.53,0.64,0.62,0.88,"",-8,-3.0,1,0.0,16,0.8,30,1.4,7105702,21.3,349477,11.3,-10493,-9.3,246,20.5
"36093","5","1023","73","0","2016","3","","Schenectady County, New York","Private","1023 Financial activities","County, by Supersector -- by ownership sector","All establishment sizes",254,2206,2206,2188,34961103,1728533,54571,1222,"",0.83,0.64,0.63,0.63,0.48,0.57,0.58,0.76,"",-10,-3.8,44,2.0,40,1.8,46,2.1,5272019,17.8,224021,14.9,-2854,-5.0,163,15.4
"36093","5","1023","73","0","2016","4","","Schenectady County, New York","Private","1023 Financial activities","County, by Supersector -- by ownership sector","All establishment sizes",255,2210,2206,2207,34280568,1467405,45754,1194,"",0.83,0.62,0.62,0.62,0.45,0.67,0.65,0.72,"",-5,-1.9,69,3.2,53,2.5,44,2.0,52887,0.2,18327,1.3,-11370,-19.9,-29,-2.4
"36093","5","1024","73","0","2016","1","","Schenectady County, New York","Private","1024 Professional and business services","County, by Supersector -- by ownership sector","All establishment sizes",550,9760,9854,10049,221081917,97175340,2740495,1720,"",0.90,1.12,1.12,1.14,1.44,1.51,1.29,1.28,"",4,0.7,61,0.6,153,1.6,213,2.2,-3527563,-1.6,574192,0.6,-316793,-10.4,-53,-3.0
"36093","5","1024","73","0","2016","2","","Schenectady County, New York","Private","1024 Professional and business services","County, by Supersector -- by ownership sector","All establishment sizes",565,10253,10091,10376,251850760,15943485,733322,1892,"",0.91,1.15,1.14,1.14,1.52,0.97,1.09,1.33,"",15,2.7,163,1.6,58,0.6,196,1.9,32954699,15.1,259633,1.7,-57686,-7.3,225,13.5
"36093","5","1024","73","0","2016","3","","Schenectady County, New York","Private","1024 Professional and business services","County, by Supersector -- by ownership sector","All establishment sizes",563,10310,10321,10268,235376950,10963744,461289,1758,"",0.90,1.19,1.18,1.16,1.51,1.03,1.05,1.29,"",12,2.2,46,0.4,125,1.2,92,0.9,15458481,7.0,94150,0.9,-57874,-11.1,101,6.1
"36093","5","1024","73","0","2016","4","","Schenectady County, New York","Private","1024 Professional and business services","County, by Supersector -- by ownership sector","All establishment sizes",566,10275,10283,10167,226490613,8288078,331149,1701,"",0.90,1.14,1.13,1.14,1.40,0.97,0.94,1.23,"",9,1.6,129,1.3,221,2.2,156,1.6,-16800156,-6.9,391640,5.0,-31374,-8.7,-157,-8.4
"36093","5","1025","73","0","2016","1","","Schenectady County, New York","Private","1025 Education and health services","County, by Supersector -- by ownership sector","All establishment sizes",441,14209,14384,14432,137359473,33118876,798327,737,"",0.79,1.49,1.49,1.50,1.30,1.00,0.94,0.87,"",-6,-1.3,373,2.7,409,2.9,436,3.1,253648,0.2,1377216,4.3,-137499,-14.7,-20,-2.6
"36093","5","1025","73","0","2016","2","","Schenectady County, New York","Private","1025 Education and health services","County, by Supersector -- by ownership sector","All establishment sizes",445,14405,14379,14654,151655904,13130742,320867,806,"",0.79,1.49,1.49,1.51,1.20,1.23,0.98,0.81,"",-2,-0.4,585,4.2,387,2.8,423,3.0,3469939,2.3,78536,0.6,-66874,-17.2,-7,-0.9
"36093","5","1025","73","0","2016","3","","Schenectady County, New York","Private","1025 Education and health services","County, by Supersector -- by ownership sector","All establishment sizes",445,13632,13589,13596,158158063,6386016,151445,894,"",0.79,1.47,1.46,1.43,1.30,0.97,0.79,0.89,"",2,0.5,125,0.9,191,1.4,232,1.7,14244701,9.9,428928,7.2,-25554,-14.4,69,8.4
"36093","5","1025","73","0","2016","4","","Schenectady County, New York","Private","1025 Education and health services","County, by Supersector -- by ownership sector","All establishment sizes",442,14263,14318,13522,150886275,5147796,124011,827,"",0.77,1.46,1.46,1.40,1.26,1.01,0.83,0.87,"",1,0.2,-11,-0.1,-17,-0.1,-106,-0.8,-8504470,-5.3,-6824,-0.1,-30855,-19.9,-44,-5.1
"36093","5","1026","73","0","2016","1","","Schenectady County, New York","Private","1026 Leisure and hospitality","County, by Supersector -- by ownership sector","All establishment sizes",383,5179,5114,5085,22039048,19677721,561300,331,"",1.34,0.79,0.77,0.75,0.64,0.80,0.92,0.83,"",8,2.1,305,6.3,273,5.6,304,6.4,2001224,10.0,2015982,11.4,-35447,-5.9,12,3.8
"36093","5","1026","73","0","2016","2","","Schenectady County, New York","Private","1026 Leisure and hospitality","County, by Supersector -- by ownership sector","All establishment sizes",386,5497,5635,5733,25443214,16339950,478196,348,"",1.33,0.79,0.80,0.79,0.60,1.35,1.28,0.76,"",6,1.6,620,12.7,307,5.8,334,6.2,2868435,12.7,2061773,14.4,-9893,-2.0,14,4.2
"36093","5","1026","73","0","2016","3","","Schenectady County, New York","Private","1026 Leisure and hospitality","County, by Supersector -- by ownership sector","All establishment sizes",389,5544,5513,5438,27085934,12069492,371256,379,"",1.33,0.79,0.79,0.79,0.65,1.36,1.37,0.82,"",15,4.0,54,1.0,70,1.3,185,3.5,3205523,13.4,1038529,9.4,-16189,-4.2,39,11.5
"36093","5","1026","73","0","2016","4","","Schenectady County, New York","Private","1026 Leisure and hospitality","County, by Supersector -- by ownership sector","All establishment sizes",388,5619,5650,5746,26302557,8584771,254469,357,"",1.32,0.81,0.82,0.85,0.66,1.33,1.38,0.80,"",12,3.2,171,3.1,282,5.3,266,4.9,2076101,8.6,432209,5.3,-25358,-9.1,14,4.1
"36093","5","1027","73","0","2016","1","","Schenectady County, New York","Private","1027 Other services","County, by Supersector -- by ownership sector","All establishment sizes",338,1826,1782,1747,11159491,7197531,213348,481,"",1.16,0.96,0.92,0.90,0.68,0.76,0.82,0.74,"",3,0.9,-34,-1.8,-80,-4.3,-126,-6.7,-940868,-7.8,-437827,-5.7,-94883,-30.8,-18,-3.6
"36093","5","1027","73","0","2016","2","","Schenectady County, New York","Private","1027 Other services","County, by Supersector -- by ownership sector","All establishment sizes",342,1804,1807,1797,12097318,3311861,97288,516,"",1.16,0.92,0.92,0.89,0.63,1.05,0.99,0.69,"",11,3.3,-49,-2.6,-129,-6.7,-73,-3.9,-1205610,-9.1,-483166,-12.7,-34332,-26.1,-26,-4.8
"36093","5","1027","73","0","2016","3","","Schenectady County, New York","Private","1027 Other services","County, by Supersector -- by ownership sector","All establishment sizes",345,1887,1863,1836,12398542,1996286,56520,512,"",1.16,0.98,0.97,0.96,0.67,1.02,0.95,0.70,"",14,4.2,-8,-0.4,5,0.3,14,0.8,-469351,-3.6,-64912,-3.1,-16619,-22.7,-21,-3.9
"36093","5","1027","73","0","2016","4","","Schenectady County, New York","Private","1027 Other services","County, by Supersector -- by ownership sector","All establishment sizes",346,1799,1828,1872,12346112,1644646,48999,518,"",1.16,0.92,0.93,0.97,0.70,1.12,1.08,0.74,"",17,5.2,-85,-4.5,-75,-3.9,5,0.3,-1103325,-8.2,31147,1.9,-5797,-10.6,-31,-5.6
"36093","5","1029","73","0","2016","1","","Schenectady County, New York","Private","1029 Unclassified","County, by Supersector -- by ownership sector","All establishment sizes",126,124,143,161,651428,600335,20720,351,"",1.75,1.21,1.32,1.45,0.51,0.93,0.84,0.38,"",5,4.1,56,82.4,81,130.6,109,209.6,240048,58.4,285123,90.5,5777,38.7,-171,-32.8
"36093","5","1029","73","0","2016","2","","Schenectady County, New York","Private","1029 Unclassified","County, by Supersector -- by ownership sector","All establishment sizes",134,161,155,172,822803,558243,21444,389,"",1.76,1.53,1.41,1.50,0.57,2.33,1.83,0.38,"",-2,-1.5,93,136.8,79,103.9,104,152.9,353685,75.4,329070,143.6,11831,123.1,-122,-23.9
"36093","5","1029","73","0","2016","3","","Schenectady County, New York","Private","1029 Unclassified","County, by Supersector -- by ownership sector","All establishment sizes",159,212,228,231,1042277,592196,23316,358,"",1.79,1.70,1.76,1.73,0.66,2.70,2.15,0.38,"",3,1.9,85,66.9,87,61.7,94,68.6,336283,47.6,203595,52.4,6966,42.6,-44,-10.9
"36093","5","1029","73","0","2016","4","","Schenectady County, New York","Private","1029 Unclassified","County, by Supersector -- by ownership sector","All establishment sizes",188,280,283,255,1223004,588373,23613,345,"",2.09,2.12,2.09,1.85,0.59,2.66,2.21,0.29,"",7,3.9,124,79.5,103,57.2,107,72.3,308458,33.7,163354,38.4,6304,36.4,-91,-20.9
"36093","5","11","74","0","2016","1","N","Schenectady County, New York","Private","NAICS 11 Agriculture, forestry, fishing and hunting","County, NAICS Sector -- by ownership sector","All establishment sizes",6,0,0,0,0,0,0,0,"N",0.17,0,0,0,0,0,0,0,"N",-1,-14.3,0,0,0,0,0,0,0,0,0,0,0,0,0,0
"36093","5","11","74","0","2016","2","N","Schenectady County, New York","Private","NAICS 11 Agriculture, forestry, fishing and hunting","County, NAICS Sector -- by ownership sector","All establishment sizes",6,0,0,0,0,0,0,0,"N",0.16,0,0,0,0,0,0,0,"N",0,0.0,0,0,0,0,0,0,0,0,0,0,0,0,0,0
"36093","5","11","74","0","2016","3","N","Schenectady County, New York","Private","NAICS 11 Agriculture, forestry, fishing and hunting","County, NAICS Sector -- by ownership sector","All establishment sizes",6,0,0,0,0,0,0,0,"N",0.16,0,0,0,0,0,0,0,"N",0,0.0,0,0,0,0,0,0,0,0,0,0,0,0,0,0
"36093","5","11","74","0","2016","4","N","Schenectady County, New York","Private","NAICS 11 Agriculture, forestry, fishing and hunting","County, NAICS Sector -- by ownership sector","All establishment sizes",5,0,0,0,0,0,0,0,"N",0.14,0,0,0,0,0,0,0,"N",-1,-16.7,0,0,0,0,0,0,0,0,0,0,0,0,0,0
"36093","5","111","75","0","2016","1","N","Schenectady County, New York","Private","NAICS 111 Crop production","County, NAICS 3-digit -- by ownership sector","All establishment sizes",2,0,0,0,0,0,0,0,"N",0.12,0,0,0,0,0,0,0,"N",0,0.0,0,0,0,0,0,0,0,0,0,0,0,0,0,0
"36093","5","111","75","0","2016","2","N","Schenectady County, New York","Private","NAICS 111 Crop production","County, NAICS 3-digit -- by ownership sector","All establishment sizes",2,0,0,0,0,0,0,0,"N",0.12,0,0,0,0,0,0,0,"N",0,0.0,0,0,0,0,0,0,0,0,0,0,0,0,0,0
"36093","5","111","75","0","2016","3","N","Schenectady County, New York","Private","NAICS 111 Crop production","County, NAICS 3-digit -- by ownership sector","All establishment sizes",2,0,0,0,0,0,0,0,"N",0.12,0,0,0,0,0,0,0,"N",0,0.0,0,0,0,0,0,0,0,0,0,0,0,0,0,0
"36093","5","111","75","0","2016","4","N","Schenectady County, New York","Private","NAICS 111 Crop production","County, NAICS 3-digit -- by ownership sector","All establishment sizes",2,0,0,0,0,0,0,0,"N",0.12,0,0,0,0,0,0,0,"N",0,0.0,0,0,0,0,0,0,0,0,0,0,0,0,0,0
"36093","5","1113","76","0","2016","1","N","Schenectady County, New York","Private","NAICS 1113 Fruit and tree nut farming","County, NAICS 4-digit -- by ownership sector","All establishment sizes",1,0,0,0,0,0,0,0,"N",0.25,0,0,0,0,0,0,0,"N",0,0.0,0,0,0,0,0,0,0,0,0,0,0,0,0,0
"36093","5","1113","76","0","2016","2","N","Schenectady County, New York","Private","NAICS 1113 Fruit and tree nut farming","County, NAICS 4-digit -- by ownership sector","All establishment sizes",1,0,0,0,0,0,0,0,"N",0.25,0,0,0,0,0,0,0,"N",0,0.0,0,0,0,0,0,0,0,0,0,0,0,0,0,0
"36093","5","1113","76","0","2016","3","N","Schenectady County, New York","Private","NAICS 1113 Fruit and tree nut farming","County, NAICS 4-digit -- by ownership sector","All establishment sizes",1,0,0,0,0,0,0,0,"N",0.25,0,0,0,0,0,0,0,"N",0,0.0,0,0,0,0,0,0,0,0,0,0,0,0,0,0
"36093","5","1113","76","0","2016","4","N","Schenectady County, New York","Private","NAICS 1113 Fruit and tree nut farming","County, NAICS 4-digit -- by ownership sector","All establishment sizes",1,0,0,0,0,0,0,0,"N",0.25,0,0,0,0,0,0,0,"N",0,0.0,0,0,0,0,0,0,0,0,0,0,0,0,0,0
"36093","5","11133","77","0","2016","1","N","Schenectady County, New York","Private","NAICS 11133 Noncitrus fruit and tree nut farming","County, NAICS 5-digit -- by ownership sector","All establishment sizes",1,0,0,0,0,0,0,0,"N",0.27,0,0,0,0,0,0,0,"N",0,0.0,0,0,0,0,0,0,0,0,0,0,0,0,0,0
"36093","5","11133","77","0","2016","2","N","Schenectady County, New York","Private","NAICS 11133 Noncitrus fruit and tree nut farming","County, NAICS 5-digit -- by ownership sector","All establishment sizes",1,0,0,0,0,0,0,0,"N",0.27,0,0,0,0,0,0,0,"N",0,0.0,0,0,0,0,0,0,0,0,0,0,0,0,0,0
"36093","5","11133","77","0","2016","3","N","Schenectady County, New York","Private","NAICS 11133 Noncitrus fruit and tree nut farming","County, NAICS 5-digit -- by ownership sector","All establishment sizes",1,0,0,0,0,0,0,0,"N",0.27,0,0,0,0,0,0,0,"N",0,0.0,0,0,0,0,0,0,0,0,0,0,0,0,0,0
"36093","5","11133","77","0","2016","4","N","Schenectady County, New York","Private","NAICS 11133 Noncitrus fruit and tree nut farming","County, NAICS 5-digit -- by ownership sector","All establishment sizes",1,0,0,0,0,0,0,0,"N",0.27,0,0,0,0,0,0,0,"N",0,0.0,0,0,0,0,0,0,0,0,0,0,0,0,0,0
"36093","5","111333","78","0","2016","1","N","Schenectady County, New York","Private","NAICS 111333 Strawberry farming","County, NAICS 6-digit -- by ownership sector","All establishment sizes",1,0,0,0,0,0,0,0,"N",5.92,0,0,0,0,0,0,0,"N",0,0.0,0,0,0,0,0,0,0,0,0,0,0,0,0,0
"36093","5","111333","78","0","2016","2","N","Schenectady County, New York","Private","NAICS 111333 Strawberry farming","County, NAICS 6-digit -- by ownership sector","All establishment sizes",1,0,0,0,0,0,0,0,"N",5.94,0,0,0,0,0,0,0,"N",0,0.0,0,0,0,0,0,0,0,0,0,0,0,0,0,0
"36093","5","111333","78","0","2016","3","N","Schenectady County, New York","Private","NAICS 111333 Strawberry farming","County, NAICS 6-digit -- by ownership sector","All establishment sizes",1,0,0,0,0,0,0,0,"N",5.93,0,0,0,0,0,0,0,"N",0,0.0,0,0,0,0,0,0,0,0,0,0,0,0,0,0
"36093","5","111333","78","0","2016","4","N","Schenectady County, New York","Private","NAICS 111333 Strawberry farming","County, NAICS 6-digit -- by ownership sector","All establishment sizes",1,0,0,0,0,0,0,0,"N",5.95,0,0,0,0,0,0,0,"N",0,0.0,0,0,0,0,0,0,0,0,0,0,0,0,0,0
"36093","5","1114","76","0","2016","1","N","Schenectady County, New York","Private","NAICS 1114 Greenhouse and nursery production","County, NAICS 4-digit -- by ownership sector","All establishment sizes",1,0,0,0,0,0,0,0,"N",0.33,0,0,0,0,0,0,0,"N",0,0.0,0,0,0,0,0,0,0,0,0,0,0,0,0,0
"36093","5","1114","76","0","2016","2","N","Schenectady County, New York","Private","NAICS 1114 Greenhouse and nursery production","County, NAICS 4-digit -- by ownership sector","All establishment sizes",1,0,0,0,0,0,0,0,"N",0.32,0,0,0,0,0,0,0,"N",0,0.0,0,0,0,0,0,0,0,0,0,0,0,0,0,0
"36093","5","1114","76","0","2016","3","N","Schenectady County, New York","Private","NAICS 1114 Greenhouse and nursery production","County, NAICS 4-digit -- by ownership sector","All establishment sizes",1,0,0,0,0,0,0,0,"N",0.32,0,0,0,0,0,0,0,"N",0,0.0,0,0,0,0,0,0,0,0,0,0,0,0,0,0
"36093","5","1114","76","0","2016","4","N","Schenectady County, New York","Private","NAICS 1114 Greenhouse and nursery production","County, NAICS 4-digit -- by ownership sector","All establishment sizes",1,0,0,0,0,0,0,0,"N",0.32,0,0,0,0,0,0,0,"N",0,0.0,0,0,0,0,0,0,0,0,0,0,0,0,0,0
"36093","5","11142","77","0","2016","1","N","Schenectady County, New York","Private","NAICS 11142 Nursery and floriculture production","County, NAICS 5-digit -- by ownership sector","All establishment sizes",1,0,0,0,0,0,0,0,"N",0.39,0,0,0,0,0,0,0,"N",0,0.0,0,0,0,0,0,0,0,0,0,0,0,0,0,0
"36093","5","11142","77","0","2016","2","N","Schenectady County, New York","Private","NAICS 11142 Nursery and floriculture production","County, NAICS 5-digit -- by ownership sector","All establishment sizes",1,0,0,0,0,0,0,0,"N",0.39,0,0,0,0,0,0,0,"N",0,0.0,0,0,0,0,0,0,0,0,0,0,0,0,0,0
"36093","5","11142","77","0","2016","3","N","Schenectady County, New York","Private","NAICS 11142 Nursery and floriculture production","County, NAICS 5-digit -- by ownership sector","All establishment sizes",1,0,0,0,0,0,0,0,"N",0.38,0,0,0,0,0,0,0,"N",0,0.0,0,0,0,0,0,0,0,0,0,0,0,0,0,0
"36093","5","11142","77","0","2016","4","N","Schenectady County, New York","Private","NAICS 11142 Nursery and floriculture production","County, NAICS 5-digit -- by ownership sector","All establishment sizes",1,0,0,0,0,0,0,0,"N",0.38,0,0,0,0,0,0,0,"N",0,0.0,0,0,0,0,0,0,0,0,0,0,0,0,0,0
"36093","5","111422","78","0","2016","1","N","Schenectady County, New York","Private","NAICS 111422 Floriculture production","County, NAICS 6-digit -- by ownership sector","All establishment sizes",1,0,0,0,0,0,0,0,"N",1.25,0,0,0,0,0,0,0,"N",0,0.0,0,0,0,0,0,0,0,0,0,0,0,0,0,0
"36093","5","111422","78","0","2016","2","N","Schenectady County, New York","Private","NAICS 111422 Floriculture production","County, NAICS 6-digit -- by ownership sector","All establishment sizes",1,0,0,0,0,0,0,0,"N",1.24,0,0,0,0,0,0,0,"N",0,0.0,0,0,0,0,0,0,0,0,0,0,0,0,0,0
"36093","5","111422","78","0","2016","3","N","Schenectady County, New York","Private","NAICS 111422 Floriculture production","County, NAICS 6-digit -- by ownership sector","All establishment sizes",1,0,0,0,0,0,0,0,"N",1.24,0,0,0,0,0,0,0,"N",0,0.0,0,0,0,0,0,0,0,0,0,0,0,0,0,0
"36093","5","111422","78","0","2016","4","N","Schenectady County, New York","Private","NAICS 111422 Floriculture production","County, NAICS 6-digit -- by ownership sector","All establishment sizes",1,0,0,0,0,0,0,0,"N",1.25,0,0,0,0,0,0,0,"N",0,0.0,0,0,0,0,0,0,0,0,0,0,0,0,0,0
"36093","5","112","75","0","2016","1","N","Schenectady County, New York","Private","NAICS 112 Animal production and aquaculture","County, NAICS 3-digit -- by ownership sector","All establishment sizes",1,0,0,0,0,0,0,0,"N",0.11,0,0,0,0,0,0,0,"N",0,0.0,0,0,0,0,0,0,0,0,0,0,0,0,0,0
"36093","5","112","75","0","2016","2","N","Schenectady County, New York","Private","NAICS 112 Animal production and aquaculture","County, NAICS 3-digit -- by ownership sector","All establishment sizes",1,0,0,0,0,0,0,0,"N",0.11,0,0,0,0,0,0,0,"N",0,0.0,0,0,0,0,0,0,0,0,0,0,0,0,0,0
"36093","5","112","75","0","2016","3","N","Schenectady County, New York","Private","NAICS 112 Animal production and aquaculture","County, NAICS 3-digit -- by ownership sector","All establishment sizes",1,0,0,0,0,0,0,0,"N",0.11,0,0,0,0,0,0,0,"N",0,0.0,0,0,0,0,0,0,0,0,0,0,0,0,0,0
"36093","5","112","75","0","2016","4","N","Schenectady County, New York","Private","NAICS 112 Animal production and aquaculture","County, NAICS 3-digit -- by ownership sector","All establishment sizes",1,0,0,0,0,0,0,0,"N",0.11,0,0,0,0,0,0,0,"N",0,0.0,0,0,0,0,0,0,0,0,0,0,0,0,0,0
"36093","5","1121","76","0","2016","1","N","Schenectady County, New York","Private","NAICS 1121 Cattle ranching and farming","County, NAICS 4-digit -- by ownership sector","All establishment sizes",1,0,0,0,0,0,0,0,"N",0.17,0,0,0,0,0,0,0,"N",0,0.0,0,0,0,0,0,0,0,0,0,0,0,0,0,0
"36093","5","1121","76","0","2016","2","N","Schenectady County, New York","Private","NAICS 1121 Cattle ranching and farming","County, NAICS 4-digit -- by ownership sector","All establishment sizes",1,0,0,0,0,0,0,0,"N",0.17,0,0,0,0,0,0,0,"N",0,0.0,0,0,0,0,0,0,0,0,0,0,0,0,0,0
"36093","5","1121","76","0","2016","3","N","Schenectady County, New York","Private","NAICS 1121 Cattle ranching and farming","County, NAICS 4-digit -- by ownership sector","All establishment sizes",1,0,0,0,0,0,0,0,"N",0.17,0,0,0,0,0,0,0,"N",0,0.0,0,0,0,0,0,0,0,0,0,0,0,0,0,0
"36093","5","1121","76","0","2016","4","N","Schenectady County, New York","Private","NAICS 1121 Cattle ranching and farming","County, NAICS 4-digit -- by ownership sector","All establishment sizes",1,0,0,0,0,0,0,0,"N",0.17,0,0,0,0,0,0,0,"N",0,0.0,0,0,0,0,0,0,0,0,0,0,0,0,0,0
"36093","5","11212","77","0","2016","1","N","Schenectady County, New York","Private","NAICS 11212 Dairy cattle and milk production","County, NAICS 5-digit -- by ownership sector","All establishment sizes",1,0,0,0,0,0,0,0,"N",0.40,0,0,0,0,0,0,0,"N",0,0.0,0,0,0,0,0,0,0,0,0,0,0,0,0,0
"36093","5","11212","77","0","2016","2","N","Schenectady County, New York","Private","NAICS 11212 Dairy cattle and milk production","County, NAICS 5-digit -- by ownership sector","All establishment sizes",1,0,0,0,0,0,0,0,"N",0.40,0,0,0,0,0,0,0,"N",0,0.0,0,0,0,0,0,0,0,0,0,0,0,0,0,0
"36093","5","11212","77","0","2016","3","N","Schenectady County, New York","Private","NAICS 11212 Dairy cattle and milk production","County, NAICS 5-digit -- by ownership sector","All establishment sizes",1,0,0,0,0,0,0,0,"N",0.40,0,0,0,0,0,0,0,"N",0,0.0,0,0,0,0,0,0,0,0,0,0,0,0,0,0
"36093","5","11212","77","0","2016","4","N","Schenectady County, New York","Private","NAICS 11212 Dairy cattle and milk production","County, NAICS 5-digit -- by ownership sector","All establishment sizes",1,0,0,0,0,0,0,0,"N",0.40,0,0,0,0,0,0,0,"N",0,0.0,0,0,0,0,0,0,0,0,0,0,0,0,0,0
"36093","5","112120","78","0","2016","1","N","Schenectady County, New York","Private","NAICS 112120 Dairy cattle and milk production","County, NAICS 6-digit -- by ownership sector","All establishment sizes",1,0,0,0,0,0,0,0,"N",0.40,0,0,0,0,0,0,0,"N",0,0.0,0,0,0,0,0,0,0,0,0,0,0,0,0,0
"36093","5","112120","78","0","2016","2","N","Schenectady County, New York","Private","NAICS 112120 Dairy cattle and milk production","County, NAICS 6-digit -- by ownership sector","All establishment sizes",1,0,0,0,0,0,0,0,"N",0.40,0,0,0,0,0,0,0,"N",0,0.0,0,0,0,0,0,0,0,0,0,0,0,0,0,0
"36093","5","112120","78","0","2016","3","N","Schenectady County, New York","Private","NAICS 112120 Dairy cattle and milk production","County, NAICS 6-digit -- by ownership sector","All establishment sizes",1,0,0,0,0,0,0,0,"N",0.40,0,0,0,0,0,0,0,"N",0,0.0,0,0,0,0,0,0,0,0,0,0,0,0,0,0
"36093","5","112120","78","0","2016","4","N","Schenectady County, New York","Private","NAICS 112120 Dairy cattle and milk production","County, NAICS 6-digit -- by ownership sector","All establishment sizes",1,0,0,0,0,0,0,0,"N",0.40,0,0,0,0,0,0,0,"N",0,0.0,0,0,0,0,0,0,0,0,0,0,0,0,0,0
"36093","5","115","75","0","2016","1","","Schenectady County, New York","Private","NAICS 115 Agriculture and forestry support activities","County, NAICS 3-digit -- by ownership sector","All establishment sizes",3,8,8,7,12272,12272,209,123,"",0.45,0.06,0.05,0.05,0.01,0.02,0.01,0.22,"",-1,-25.0,-3,-27.3,-3,-27.3,0,0.0,-9685,-44.1,-9685,-44.1,-886,-80.9,-52,-29.7
"36093","5","115","75","0","2016","2","","Schenectady County, New York","Private","NAICS 115 Agriculture and forestry support activities","County, NAICS 3-digit -- by ownership sector","All establishment sizes",3,8,9,8,11983,11983,204,111,"",0.44,0.05,0.05,0.04,0.01,0.03,0.01,0.17,"",0,0.0,0,0.0,5,125.0,0,0.0,-4581,-27.7,-4581,-27.7,-156,-43.3,-80,-41.9
"36093","5","115","75","0","2016","3","","Schenectady County, New York","Private","NAICS 115 Agriculture and forestry support activities","County, NAICS 3-digit -- by ownership sector","All establishment sizes",3,2,10,11,22090,18660,317,222,"",0.44,0.01,0.06,0.06,0.01,0.06,0.02,0.34,"",0,0.0,-2,-50.0,2,25.0,3,37.5,3327,17.7,4697,33.6,13,4.3,6,2.8
"36093","5","115","75","0","2016","4","N","Schenectady County, New York","Private","NAICS 115 Agriculture and forestry support activities","County, NAICS 3-digit -- by ownership sector","All establishment sizes",2,0,0,0,0,0,0,0,"N",0.29,0,0,0,0,0,0,0,"N",-1,-33.3,0,0,0,0,0,0,0,0,0,0,0,0,0,0
"36093","5","1152","76","0","2016","1","","Schenectady County, New York","Private","NAICS 1152 Support activities for animal production","County, NAICS 4-digit -- by ownership sector","All establishment sizes",3,8,8,7,12272,12272,209,123,"",1.55,0.62,0.61,0.53,0.11,0.16,0.14,0.19,"",-1,-25.0,-3,-27.3,-3,-27.3,0,0.0,-9685,-44.1,-9685,-44.1,-886,-80.9,-52,-29.7
"36093","5","1152","76","0","2016","2","","Schenectady County, New York","Private","NAICS 1152 Support activities for animal production","County, NAICS 4-digit -- by ownership sector","All establishment sizes",3,8,9,8,11983,11983,204,111,"",1.54,0.60,0.67,0.58,0.09,0.45,0.34,0.15,"",0,0.0,0,0.0,5,125.0,0,0.0,-4581,-27.7,-4581,-27.7,-156,-43.3,-80,-41.9
"36093","5","1152","76","0","2016","3","","Schenectady County, New York","Private","NAICS 1152 Support activities for animal production","County, NAICS 4-digit -- by ownership sector","All establishment sizes",3,2,10,11,22090,18660,317,222,"",1.53,0.15,0.77,0.85,0.18,1.21,0.95,0.30,"",0,0.0,-2,-50.0,2,25.0,3,37.5,3327,17.7,4697,33.6,13,4.3,6,2.8
"36093","5","1152","76","0","2016","4","N","Schenectady County, New York","Private","NAICS 1152 Support activities for animal production","County, NAICS 4-digit -- by ownership sector","All establishment sizes",2,0,0,0,0,0,0,0,"N",1.02,0,0,0,0,0,0,0,"N",-1,-33.3,0,0,0,0,0,0,0,0,0,0,0,0,0,0
"36093","5","11521","77","0","2016","1","","Schenectady County, New York","Private","NAICS 11521 Support activities for animal production","County, NAICS 5-digit -- by ownership sector","All establishment sizes",3,8,8,7,12272,12272,209,123,"",1.55,0.62,0.61,0.53,0.11,0.16,0.14,0.19,"",-1,-25.0,-3,-27.3,-3,-27.3,0,0.0,-9685,-44.1,-9685,-44.1,-886,-80.9,-52,-29.7
"36093","5","11521","77","0","2016","2","","Schenectady County, New York","Private","NAICS 11521 Support activities for animal production","County, NAICS 5-digit -- by ownership sector","All establishment sizes",3,8,9,8,11983,11983,204,111,"",1.54,0.60,0.67,0.58,0.09,0.45,0.34,0.15,"",0,0.0,0,0.0,5,125.0,0,0.0,-4581,-27.7,-4581,-27.7,-156,-43.3,-80,-41.9
"36093","5","11521","77","0","2016","3","","Schenectady County, New York","Private","NAICS 11521 Support activities for animal production","County, NAICS 5-digit -- by ownership sector","All establishment sizes",3,2,10,11,22090,18660,317,222,"",1.53,0.15,0.77,0.85,0.18,1.21,0.95,0.30,"",0,0.0,-2,-50.0,2,25.0,3,37.5,3327,17.7,4697,33.6,13,4.3,6,2.8
"36093","5","11521","77","0","2016","4","N","Schenectady County, New York","Private","NAICS 11521 Support activities for animal production","County, NAICS 5-digit -- by ownership sector","All establishment sizes",2,0,0,0,0,0,0,0,"N",1.02,0,0,0,0,0,0,0,"N",-1,-33.3,0,0,0,0,0,0,0,0,0,0,0,0,0,0
"36093","5","115210","78","0","2016","1","","Schenectady County, New York","Private","NAICS 115210 Support activities for animal production","County, NAICS 6-digit -- by ownership sector","All establishment sizes",3,8,8,7,12272,12272,209,123,"",1.55,0.62,0.61,0.53,0.11,0.16,0.14,0.19,"",-1,-25.0,-3,-27.3,-3,-27.3,0,0.0,-9685,-44.1,-9685,-44.1,-886,-80.9,-52,-29.7
"36093","5","115210","78","0","2016","2","","Schenectady County, New York","Private","NAICS 115210 Support activities for animal production","County, NAICS 6-digit -- by ownership sector","All establishment sizes",3,8,9,8,11983,11983,204,111,"",1.54,0.60,0.67,0.58,0.09,0.45,0.34,0.15,"",0,0.0,0,0.0,5,125.0,0,0.0,-4581,-27.7,-4581,-27.7,-156,-43.3,-80,-41.9
"36093","5","115210","78","0","2016","3","","Schenectady County, New York","Private","NAICS 115210 Support activities for animal production","County, NAICS 6-digit -- by ownership sector","All establishment sizes",3,2,10,11,22090,18660,317,222,"",1.53,0.15,0.77,0.85,0.18,1.21,0.95,0.30,"",0,0.0,-2,-50.0,2,25.0,3,37.5,3327,17.7,4697,33.6,13,4.3,6,2.8
"36093","5","115210","78","0","2016","4","N","Schenectady County, New York","Private","NAICS 115210 Support activities for animal production","County, NAICS 6-digit -- by ownership sector","All establishment sizes",2,0,0,0,0,0,0,0,"N",1.02,0,0,0,0,0,0,0,"N",-1,-33.3,0,0,0,0,0,0,0,0,0,0,0,0,0,0
"36093","5","21","74","0","2016","1","N","Schenectady County, New York","Private","NAICS 21 Mining, quarrying, and oil and gas extraction","County, NAICS Sector -- by ownership sector","All establishment sizes",3,0,0,0,0,0,0,0,"N",0.24,0,0,0,0,0,0,0,"N",0,0.0,0,0,0,0,0,0,0,0,0,0,0,0,0,0
"36093","5","21","74","0","2016","2","N","Schenectady County, New York","Private","NAICS 21 Mining, quarrying, and oil and gas extraction","County, NAICS Sector -- by ownership sector","All establishment sizes",3,0,0,0,0,0,0,0,"N",0.25,0,0,0,0,0,0,0,"N",0,0.0,0,0,0,0,0,0,0,0,0,0,0,0,0,0
"36093","5","21","74","0","2016","3","N","Schenectady County, New York","Private","NAICS 21 Mining, quarrying, and oil and gas extraction","County, NAICS Sector -- by ownership sector","All establishment sizes",3,0,0,0,0,0,0,0,"N",0.25,0,0,0,0,0,0,0,"N",0,0.0,0,0,0,0,0,0,0,0,0,0,0,0,0,0
"36093","5","21","74","0","2016","4","N","Schenectady County, New York","Private","NAICS 21 Mining, quarrying, and oil and gas extraction","County, NAICS Sector -- by ownership sector","All establishment sizes",3,0,0,0,0,0,0,0,"N",0.25,0,0,0,0,0,0,0,"N",0,0.0,0,0,0,0,0,0,0,0,0,0,0,0,0,0
"36093","5","212","75","0","2016","1","N","Schenectady County, New York","Private","NAICS 212 Mining, except oil and gas","County, NAICS 3-digit -- by ownership sector","All establishment sizes",3,0,0,0,0,0,0,0,"N",1.19,0,0,0,0,0,0,0,"N",0,0.0,0,0,0,0,0,0,0,0,0,0,0,0,0,0
"36093","5","212","75","0","2016","2","N","Schenectady County, New York","Private","NAICS 212 Mining, except oil and gas","County, NAICS 3-digit -- by ownership sector","All establishment sizes",3,0,0,0,0,0,0,0,"N",1.19,0,0,0,0,0,0,0,"N",0,0.0,0,0,0,0,0,0,0,0,0,0,0,0,0,0
"36093","5","212","75","0","2016","3","N","Schenectady County, New York","Private","NAICS 212 Mining, except oil and gas","County, NAICS 3-digit -- by ownership sector","All establishment sizes",3,0,0,0,0,0,0,0,"N",1.20,0,0,0,0,0,0,0,"N",0,0.0,0,0,0,0,0,0,0,0,0,0,0,0,0,0
"36093","5","212","75","0","2016","4","N","Schenectady County, New York","Private","NAICS 212 Mining, except oil and gas","County, NAICS 3-digit -- by ownership sector","All establishment sizes",3,0,0,0,0,0,0,0,"N",1.20,0,0,0,0,0,0,0,"N",0,0.0,0,0,0,0,0,0,0,0,0,0,0,0,0,0
"36093","5","2123","76","0","2016","1","N","Schenectady County, New York","Private","NAICS 2123 Nonmetallic mineral mining and quarrying","County, NAICS 4-digit -- by ownership sector","All establishment sizes",3,0,0,0,0,0,0,0,"N",1.48,0,0,0,0,0,0,0,"N",0,0.0,0,0,0,0,0,0,0,0,0,0,0,0,0,0
"36093","5","2123","76","0","2016","2","N","Schenectady County, New York","Private","NAICS 2123 Nonmetallic mineral mining and quarrying","County, NAICS 4-digit -- by ownership sector","All establishment sizes",3,0,0,0,0,0,0,0,"N",1.47,0,0,0,0,0,0,0,"N",0,0.0,0,0,0,0,0,0,0,0,0,0,0,0,0,0
"36093","5","2123","76","0","2016","3","N","Schenectady County, New York","Private","NAICS 2123 Nonmetallic mineral mining and quarrying","County, NAICS 4-digit -- by ownership sector","All establishment sizes",3,0,0,0,0,0,0,0,"N",1.48,0,0,0,0,0,0,0,"N",0,0.0,0,0,0,0,0,0,0,0,0,0,0,0,0,0
"36093","5","2123","76","0","2016","4","N","Schenectady County, New York","Private","NAICS 2123 Nonmetallic mineral mining and quarrying","County, NAICS 4-digit -- by ownership sector","All establishment sizes",3,0,0,0,0,0,0,0,"N",1.48,0,0,0,0,0,0,0,"N",0,0.0,0,0,0,0,0,0,0,0,0,0,0,0,0,0
"36093","5","21232","77","0","2016","1","N","Schenectady County, New York","Private","NAICS 21232 Sand, gravel, clay, and refractory mining","County, NAICS 5-digit -- by ownership sector","All establishment sizes",3,0,0,0,0,0,0,0,"N",2.98,0,0,0,0,0,0,0,"N",0,0.0,0,0,0,0,0,0,0,0,0,0,0,0,0,0
"36093","5","21232","77","0","2016","2","N","Schenectady County, New York","Private","NAICS 21232 Sand, gravel, clay, and refractory mining","County, NAICS 5-digit -- by ownership sector","All establishment sizes",3,0,0,0,0,0,0,0,"N",2.98,0,0,0,0,0,0,0,"N",0,0.0,0,0,0,0,0,0,0,0,0,0,0,0,0,0
"36093","5","21232","77","0","2016","3","N","Schenectady County, New York","Private","NAICS 21232 Sand, gravel, clay, and refractory mining","County, NAICS 5-digit -- by ownership sector","All establishment sizes",3,0,0,0,0,0,0,0,"N",2.99,0,0,0,0,0,0,0,"N",0,0.0,0,0,0,0,0,0,0,0,0,0,0,0,0,0
"36093","5","21232","77","0","2016","4","N","Schenectady County, New York","Private","NAICS 21232 Sand, gravel, clay, and refractory mining","County, NAICS 5-digit -- by ownership sector","All establishment sizes",3,0,0,0,0,0,0,0,"N",3.00,0,0,0,0,0,0,0,"N",0,0.0,0,0,0,0,0,0,0,0,0,0,0,0,0,0
"36093","5","212321","78","0","2016","1","N","Schenectady County, New York","Private","NAICS 212321 Construction sand and gravel mining","County, NAICS 6-digit -- by ownership sector","All establishment sizes",3,0,0,0,0,0,0,0,"N",3.46,0,0,0,0,0,0,0,"N",0,0.0,0,0,0,0,0,0,0,0,0,0,0,0,0,0
"36093","5","212321","78","0","2016","2","N","Schenectady County, New York","Private","NAICS 212321 Construction sand and gravel mining","County, NAICS 6-digit -- by ownership sector","All establishment sizes",3,0,0,0,0,0,0,0,"N",3.46,0,0,0,0,0,0,0,"N",0,0.0,0,0,0,0,0,0,0,0,0,0,0,0,0,0
"36093","5","212321","78","0","2016","3","N","Schenectady County, New York","Private","NAICS 212321 Construction sand and gravel mining","County, NAICS 6-digit -- by ownership sector","All establishment sizes",3,0,0,0,0,0,0,0,"N",3.47,0,0,0,0,0,0,0,"N",0,0.0,0,0,0,0,0,0,0,0,0,0,0,0,0,0
"36093","5","212321","78","0","2016","4","N","Schenectady County, New York","Private","NAICS 212321 Construction sand and gravel mining","County, NAICS 6-digit -- by ownership sector","All establishment sizes",3,0,0,0,0,0,0,0,"N",3.48,0,0,0,0,0,0,0,"N",0,0.0,0,0,0,0,0,0,0,0,0,0,0,0,0,0
"36093","5","22","74","0","2016","1","N","Schenectady County, New York","Private","NAICS 22 Utilities","County, NAICS Sector -- by ownership sector","All establishment sizes",5,0,0,0,0,0,0,0,"N",0.80,0,0,0,0,0,0,0,"N",0,0.0,0,0,0,0,0,0,0,0,0,0,0,0,0,0
"36093","5","22","74","0","2016","2","N","Schenectady County, New York","Private","NAICS 22 Utilities","County, NAICS Sector -- by ownership sector","All establishment sizes",5,0,0,0,0,0,0,0,"N",0.80,0,0,0,0,0,0,0,"N",1,25.0,0,0,0,0,0,0,0,0,0,0,0,0,0,0
"36093","5","22","74","0","2016","3","N","Schenectady County, New York","Private","NAICS 22 Utilities","County, NAICS Sector -- by ownership sector","All establishment sizes",5,0,0,0,0,0,0,0,"N",0.80,0,0,0,0,0,0,0,"N",0,0.0,0,0,0,0,0,0,0,0,0,0,0,0,0,0
"36093","5","22","74","0","2016","4","N","Schenectady County, New York","Private","NAICS 22 Utilities","County, NAICS Sector -- by ownership sector","All establishment sizes",5,0,0,0,0,0,0,0,"N",0.79,0,0,0,0,0,0,0,"N",0,0.0,0,0,0,0,0,0,0,0,0,0,0,0,0,0
"36093","5","221","75","0","2016","1","N","Schenectady County, New York","Private","NAICS 221 Utilities","County, NAICS 3-digit -- by ownership sector","All establishment sizes",5,0,0,0,0,0,0,0,"N",0.80,0,0,0,0,0,0,0,"N",0,0.0,0,0,0,0,0,0,0,0,0,0,0,0,0,0
"36093","5","221","75","0","2016","2","N","Schenectady County, New York","Private","NAICS 221 Utilities","County, NAICS 3-digit -- by ownership sector","All establishment sizes",5,0,0,0,0,0,0,0,"N",0.80,0,0,0,0,0,0,0,"N",1,25.0,0,0,0,0,0,0,0,0,0,0,0,0,0,0
"36093","5","221","75","0","2016","3","N","Schenectady County, New York","Private","NAICS 221 Utilities","County, NAICS 3-digit -- by ownership sector","All establishment sizes",5,0,0,0,0,0,0,0,"N",0.80,0,0,0,0,0,0,0,"N",0,0.0,0,0,0,0,0,0,0,0,0,0,0,0,0,0
"36093","5","221","75","0","2016","4","N","Schenectady County, New York","Private","NAICS 221 Utilities","County, NAICS 3-digit -- by ownership sector","All establishment sizes",5,0,0,0,0,0,0,0,"N",0.79,0,0,0,0,0,0,0,"N",0,0.0,0,0,0,0,0,0,0,0,0,0,0,0,0,0
"36093","5","2211","76","0","2016","1","N","Schenectady County, New York","Private","NAICS 2211 Power generation and supply","County, NAICS 4-digit -- by ownership sector","All establishment sizes",4,0,0,0,0,0,0,0,"N",1.26,0,0,0,0,0,0,0,"N",0,0.0,0,0,0,0,0,0,0,0,0,0,0,0,0,0
"36093","5","2211","76","0","2016","2","N","Schenectady County, New York","Private","NAICS 2211 Power generation and supply","County, NAICS 4-digit -- by ownership sector","All establishment sizes",4,0,0,0,0,0,0,0,"N",1.25,0,0,0,0,0,0,0,"N",1,33.3,0,0,0,0,0,0,0,0,0,0,0,0,0,0
"36093","5","2211","76","0","2016","3","N","Schenectady County, New York","Private","NAICS 2211 Power generation and supply","County, NAICS 4-digit -- by ownership sector","All establishment sizes",4,0,0,0,0,0,0,0,"N",1.25,0,0,0,0,0,0,0,"N",0,0.0,0,0,0,0,0,0,0,0,0,0,0,0,0,0
"36093","5","2211","76","0","2016","4","N","Schenectady County, New York","Private","NAICS 2211 Power generation and supply","County, NAICS 4-digit -- by ownership sector","All establishment sizes",4,0,0,0,0,0,0,0,"N",1.24,0,0,0,0,0,0,0,"N",0,0.0,0,0,0,0,0,0,0,0,0,0,0,0,0,0
"36093","5","22111","77","0","2016","1","N","Schenectady County, New York","Private","NAICS 22111 Electric power generation","County, NAICS 5-digit -- by ownership sector","All establishment sizes",2,0,0,0,0,0,0,0,"N",1.73,0,0,0,0,0,0,0,"N",0,0.0,0,0,0,0,0,0,0,0,0,0,0,0,0,0
"36093","5","22111","77","0","2016","2","N","Schenectady County, New York","Private","NAICS 22111 Electric power generation","County, NAICS 5-digit -- by ownership sector","All establishment sizes",2,0,0,0,0,0,0,0,"N",1.70,0,0,0,0,0,0,0,"N",1,100.0,0,0,0,0,0,0,0,0,0,0,0,0,0,0
"36093","5","22111","77","0","2016","3","N","Schenectady County, New York","Private","NAICS 22111 Electric power generation","County, NAICS 5-digit -- by ownership sector","All establishment sizes",2,0,0,0,0,0,0,0,"N",1.70,0,0,0,0,0,0,0,"N",0,0.0,0,0,0,0,0,0,0,0,0,0,0,0,0,0
"36093","5","22111","77","0","2016","4","N","Schenectady County, New York","Private","NAICS 22111 Electric power generation","County, NAICS 5-digit -- by ownership sector","All establishment sizes",2,0,0,0,0,0,0,0,"N",1.69,0,0,0,0,0,0,0,"N",0,0.0,0,0,0,0,0,0,0,0,0,0,0,0,0,0
"36093","5","221112","78","0","2016","1","N","Schenectady County, New York","Private","NAICS 221112 Fossil fuel electric power generation","County, NAICS 6-digit -- by ownership sector","All establishment sizes",1,0,0,0,0,0,0,0,"N",1.60,0,0,0,0,0,0,0,"N",0,0.0,0,0,0,0,0,0,0,0,0,0,0,0,0,0
"36093","5","221112","78","0","2016","2","N","Schenectady County, New York","Private","NAICS 221112 Fossil fuel electric power generation","County, NAICS 6-digit -- by ownership sector","All establishment sizes",1,0,0,0,0,0,0,0,"N",1.58,0,0,0,0,0,0,0,"N",1,100.0,0,0,0,0,0,0,0,0,0,0,0,0,0,0
"36093","5","221112","78","0","2016","3","N","Schenectady County, New York","Private","NAICS 221112 Fossil fuel electric power generation","County, NAICS 6-digit -- by ownership sector","All establishment sizes",1,0,0,0,0,0,0,0,"N",1.59,0,0,0,0,0,0,0,"N",0,0.0,0,0,0,0,0,0,0,0,0,0,0,0,0,0
"36093","5","221112","78","0","2016","4","N","Schenectady County, New York","Private","NAICS 221112 Fossil fuel electric power generation","County, NAICS 6-digit -- by ownership sector","All establishment sizes",1,0,0,0,0,0,0,0,"N",1.61,0,0,0,0,0,0,0,"N",0,0.0,0,0,0,0,0,0,0,0,0,0,0,0,0,0
"36093","5","221115","78","0","2016","1","N","Schenectady County, New York","Private","NAICS 221115 Wind electric power generation","County, NAICS 6-digit -- by ownership sector","All establishment sizes",1,0,0,0,0,0,0,0,"N",10.44,0,0,0,0,0,0,0,"N",0,0.0,0,0,0,0,0,0,0,0,0,0,0,0,0,0
"36093","5","221115","78","0","2016","2","N","Schenectady County, New York","Private","NAICS 221115 Wind electric power generation","County, NAICS 6-digit -- by ownership sector","All establishment sizes",1,0,0,0,0,0,0,0,"N",10.32,0,0,0,0,0,0,0,"N",0,0.0,0,0,0,0,0,0,0,0,0,0,0,0,0,0
"36093","5","221115","78","0","2016","3","N","Schenectady County, New York","Private","NAICS 221115 Wind electric power generation","County, NAICS 6-digit -- by ownership sector","All establishment sizes",1,0,0,0,0,0,0,0,"N",10.10,0,0,0,0,0,0,0,"N",0,0.0,0,0,0,0,0,0,0,0,0,0,0,0,0,0
"36093","5","221115","78","0","2016","4","N","Schenectady County, New York","Private","NAICS 221115 Wind electric power generation","County, NAICS 6-digit -- by ownership sector","All establishment sizes",1,0,0,0,0,0,0,0,"N",9.93,0,0,0,0,0,0,0,"N",0,0.0,0,0,0,0,0,0,0,0,0,0,0,0,0,0
"36093","5","22112","77","0","2016","1","N","Schenectady County, New York","Private","NAICS 22112 Electric power transmission and distribution","County, NAICS 5-digit -- by ownership sector","All establishment sizes",2,0,0,0,0,0,0,0,"N",1.00,0,0,0,0,0,0,0,"N",0,0.0,0,0,0,0,0,0,0,0,0,0,0,0,0,0
"36093","5","22112","77","0","2016","2","N","Schenectady County, New York","Private","NAICS 22112 Electric power transmission and distribution","County, NAICS 5-digit -- by ownership sector","All establishment sizes",2,0,0,0,0,0,0,0,"N",0.99,0,0,0,0,0,0,0,"N",0,0.0,0,0,0,0,0,0,0,0,0,0,0,0,0,0
"36093","5","22112","77","0","2016","3","N","Schenectady County, New York","Private","NAICS 22112 Electric power transmission and distribution","County, NAICS 5-digit -- by ownership sector","All establishment sizes",2,0,0,0,0,0,0,0,"N",0.98,0,0,0,0,0,0,0,"N",0,0.0,0,0,0,0,0,0,0,0,0,0,0,0,0,0
"36093","5","22112","77","0","2016","4","N","Schenectady County, New York","Private","NAICS 22112 Electric power transmission and distribution","County, NAICS 5-digit -- by ownership sector","All establishment sizes",2,0,0,0,0,0,0,0,"N",0.98,0,0,0,0,0,0,0,"N",0,0.0,0,0,0,0,0,0,0,0,0,0,0,0,0,0
"36093","5","221122","78","0","2016","1","N","Schenectady County, New York","Private","NAICS 221122 Electric power distribution","County, NAICS 6-digit -- by ownership sector","All establishment sizes",2,0,0,0,0,0,0,0,"N",1.12,0,0,0,0,0,0,0,"N",0,0.0,0,0,0,0,0,0,0,0,0,0,0,0,0,0
"36093","5","221122","78","0","2016","2","N","Schenectady County, New York","Private","NAICS 221122 Electric power distribution","County, NAICS 6-digit -- by ownership sector","All establishment sizes",2,0,0,0,0,0,0,0,"N",1.11,0,0,0,0,0,0,0,"N",0,0.0,0,0,0,0,0,0,0,0,0,0,0,0,0,0
"36093","5","221122","78","0","2016","3","N","Schenectady County, New York","Private","NAICS 221122 Electric power distribution","County, NAICS 6-digit -- by ownership sector","All establishment sizes",2,0,0,0,0,0,0,0,"N",1.10,0,0,0,0,0,0,0,"N",0,0.0,0,0,0,0,0,0,0,0,0,0,0,0,0,0
"36093","5","221122","78","0","2016","4","N","Schenectady County, New York","Private","NAICS 221122 Electric power distribution","County, NAICS 6-digit -- by ownership sector","All establishment sizes",2,0,0,0,0,0,0,0,"N",1.10,0,0,0,0,0,0,0,"N",0,0.0,0,0,0,0,0,0,0,0,0,0,0,0,0,0
"36093","5","2212","76","0","2016","1","N","Schenectady County, New York","Private","NAICS 2212 Natural gas distribution","County, NAICS 4-digit -- by ownership sector","All establishment sizes",1,0,0,0,0,0,0,0,"N",0.95,0,0,0,0,0,0,0,"N",0,0.0,0,0,0,0,0,0,0,0,0,0,0,0,0,0
"36093","5","2212","76","0","2016","2","N","Schenectady County, New York","Private","NAICS 2212 Natural gas distribution","County, NAICS 4-digit -- by ownership sector","All establishment sizes",1,0,0,0,0,0,0,0,"N",0.96,0,0,0,0,0,0,0,"N",0,0.0,0,0,0,0,0,0,0,0,0,0,0,0,0,0
"36093","5","2212","76","0","2016","3","N","Schenectady County, New York","Private","NAICS 2212 Natural gas distribution","County, NAICS 4-digit -- by ownership sector","All establishment sizes",1,0,0,0,0,0,0,0,"N",0.97,0,0,0,0,0,0,0,"N",0,0.0,0,0,0,0,0,0,0,0,0,0,0,0,0,0
"36093","5","2212","76","0","2016","4","N","Schenectady County, New York","Private","NAICS 2212 Natural gas distribution","County, NAICS 4-digit -- by ownership sector","All establishment sizes",1,0,0,0,0,0,0,0,"N",0.97,0,0,0,0,0,0,0,"N",0,0.0,0,0,0,0,0,0,0,0,0,0,0,0,0,0
"36093","5","22121","77","0","2016","1","N","Schenectady County, New York","Private","NAICS 22121 Natural gas distribution","County, NAICS 5-digit -- by ownership sector","All establishment sizes",1,0,0,0,0,0,0,0,"N",0.95,0,0,0,0,0,0,0,"N",0,0.0,0,0,0,0,0,0,0,0,0,0,0,0,0,0
"36093","5","22121","77","0","2016","2","N","Schenectady County, New York","Private","NAICS 22121 Natural gas distribution","County, NAICS 5-digit -- by ownership sector","All establishment sizes",1,0,0,0,0,0,0,0,"N",0.96,0,0,0,0,0,0,0,"N",0,0.0,0,0,0,0,0,0,0,0,0,0,0,0,0,0
"36093","5","22121","77","0","2016","3","N","Schenectady County, New York","Private","NAICS 22121 Natural gas distribution","County, NAICS 5-digit -- by ownership sector","All establishment sizes",1,0,0,0,0,0,0,0,"N",0.97,0,0,0,0,0,0,0,"N",0,0.0,0,0,0,0,0,0,0,0,0,0,0,0,0,0
"36093","5","22121","77","0","2016","4","N","Schenectady County, New York","Private","NAICS 22121 Natural gas distribution","County, NAICS 5-digit -- by ownership sector","All establishment sizes",1,0,0,0,0,0,0,0,"N",0.97,0,0,0,0,0,0,0,"N",0,0.0,0,0,0,0,0,0,0,0,0,0,0,0,0,0
"36093","5","221210","78","0","2016","1","N","Schenectady County, New York","Private","NAICS 221210 Natural gas distribution","County, NAICS 6-digit -- by ownership sector","All establishment sizes",1,0,0,0,0,0,0,0,"N",0.95,0,0,0,0,0,0,0,"N",0,0.0,0,0,0,0,0,0,0,0,0,0,0,0,0,0
"36093","5","221210","78","0","2016","2","N","Schenectady County, New York","Private","NAICS 221210 Natural gas distribution","County, NAICS 6-digit -- by ownership sector","All establishment sizes",1,0,0,0,0,0,0,0,"N",0.96,0,0,0,0,0,0,0,"N",0,0.0,0,0,0,0,0,0,0,0,0,0,0,0,0,0
"36093","5","221210","78","0","2016","3","N","Schenectady County, New York","Private","NAICS 221210 Natural gas distribution","County, NAICS 6-digit -- by ownership sector","All establishment sizes",1,0,0,0,0,0,0,0,"N",0.97,0,0,0,0,0,0,0,"N",0,0.0,0,0,0,0,0,0,0,0,0,0,0,0,0,0
"36093","5","221210","78","0","2016","4","N","Schenectady County, New York","Private","NAICS 221210 Natural gas distribution","County, NAICS 6-digit -- by ownership sector","All establishment sizes",1,0,0,0,0,0,0,0,"N",0.97,0,0,0,0,0,0,0,"N",0,0.0,0,0,0,0,0,0,0,0,0,0,0,0,0,0
"36093","5","23","74","0","2016","1","","Schenectady County, New York","Private","NAICS 23 Construction","County, NAICS Sector -- by ownership sector","All establishment sizes",379,2136,2049,2104,24343813,18062727,1240758,893,"",1.40,0.77,0.73,0.74,0.64,0.83,1.12,0.87,"",-26,-6.4,161,8.2,111,5.7,151,7.7,3242093,15.4,2690653,17.5,111970,9.9,63,7.6
"36093","5","23","74","0","2016","2","","Schenectady County, New York","Private","NAICS 23 Construction","County, NAICS Sector -- by ownership sector","All establishment sizes",376,2206,2318,2399,28780317,6627391,468191,959,"",1.37,0.75,0.77,0.78,0.62,0.95,1.05,0.80,"",-28,-6.9,74,3.5,16,0.7,-1,0.0,1433901,5.2,-715881,-9.7,-91245,-16.3,36,3.9
"36093","5","23","74","0","2016","3","","Schenectady County, New York","Private","NAICS 23 Construction","County, NAICS Sector -- by ownership sector","All establishment sizes",379,2454,2483,2497,33110962,4509363,322493,1028,"",1.37,0.82,0.83,0.83,0.71,1.01,1.15,0.86,"",-19,-4.8,11,0.5,11,0.4,139,5.9,2439446,8.0,-861929,-16.0,-102365,-24.1,55,5.7
"36093","5","23","74","0","2016","4","","Schenectady County, New York","Private","NAICS 23 Construction","County, NAICS Sector -- by ownership sector","All establishment sizes",373,2506,2440,2341,34801293,3158704,211603,1102,"",1.34,0.82,0.80,0.80,0.74,1.02,1.15,0.92,"",-18,-4.6,106,4.4,66,2.8,1,0.0,-564206,-1.6,-339061,-9.7,-62409,-22.8,-45,-3.9
"36093","5","236","75","0","2016","1","","Schenectady County, New York","Private","NAICS 236 Construction of buildings","County, NAICS 3-digit -- by ownership sector","All establishment sizes",123,459,458,467,5436194,4008589,270529,906,"",1.52,0.73,0.72,0.73,0.57,0.79,1.09,0.79,"",-4,-3.1,-32,-6.5,-27,-5.6,-25,-5.1,409793,8.2,574440,16.7,50950,23.2,116,14.7
"36093","5","236","75","0","2016","2","","Schenectady County, New York","Private","NAICS 236 Construction of buildings","County, NAICS 3-digit -- by ownership sector","All establishment sizes",120,472,475,485,5863152,1222394,73974,945,"",1.46,0.72,0.72,0.71,0.53,0.84,0.87,0.74,"",-8,-6.2,-36,-7.1,-78,-14.1,-97,-16.7,-217593,-3.6,-532997,-30.4,-41710,-36.1,91,10.7
"36093","5","236","75","0","2016","3","","Schenectady County, New York","Private","NAICS 236 Construction of buildings","County, NAICS 3-digit -- by ownership sector","All establishment sizes",123,506,522,514,6879777,1019132,74778,1030,"",1.48,0.77,0.79,0.77,0.63,1.07,1.36,0.81,"",-5,-3.9,-70,-12.2,-65,-11.1,-24,-4.5,-166889,-2.4,-412933,-28.8,-35809,-32.4,74,7.7
"36093","5","236","75","0","2016","4","","Schenectady County, New York","Private","NAICS 236 Construction of buildings","County, NAICS 3-digit -- by ownership sector","All establishment sizes",120,528,524,524,7832949,794172,49752,1147,"",1.43,0.78,0.78,0.79,0.68,1.13,1.27,0.86,"",-4,-3.2,-5,-0.9,-4,-0.8,14,2.7,-52455,-0.7,25791,3.4,-6766,-12.0,-11,-0.9
"36093","5","2361","76","0","2016","1","","Schenectady County, New York","Private","NAICS 2361 Residential building construction","County, NAICS 4-digit -- by ownership sector","All establishment sizes",105,284,287,298,2715350,2266771,113134,721,"",1.69,0.93,0.94,0.96,0.72,1.06,1.35,0.76,"",-1,-0.9,-46,-13.9,-40,-12.2,-39,-11.6,-158528,-5.5,6745,0.3,1283,1.1,54,8.1
"36093","5","2361","76","0","2016","2","","Schenectady County, New York","Private","NAICS 2361 Residential building construction","County, NAICS 4-digit -- by ownership sector","All establishment sizes",102,299,302,302,2950995,882250,42950,754,"",1.61,0.94,0.94,0.91,0.66,1.23,1.26,0.71,"",-5,-4.7,-41,-12.1,-67,-18.2,-92,-23.4,-429204,-12.7,-364891,-29.3,-24756,-36.6,47,6.6
"36093","5","2361","76","0","2016","3","","Schenectady County, New York","Private","NAICS 2361 Residential building construction","County, NAICS 4-digit -- by ownership sector","All establishment sizes",104,311,320,301,3269301,622768,37841,810,"",1.62,0.97,0.99,0.93,0.74,1.30,1.70,0.77,"",-3,-2.8,-62,-16.6,-59,-15.6,-37,-10.9,-335837,-9.3,-180962,-22.5,-11809,-23.8,47,6.2
"36093","5","2361","76","0","2016","4","","Schenectady County, New York","Private","NAICS 2361 Residential building construction","County, NAICS 4-digit -- by ownership sector","All establishment sizes",103,316,315,313,3917034,531845,25077,958,"",1.59,0.95,0.95,0.96,0.85,1.45,1.54,0.89,"",-4,-3.7,-23,-6.8,-14,-4.3,-1,-0.3,-401016,-9.3,126553,31.2,3033,13.8,-57,-5.6
"36093","5","23611","77","0","2016","1","","Schenectady County, New York","Private","NAICS 23611 Residential building construction","County, NAICS 5-digit -- by ownership sector","All establishment sizes",105,284,287,298,2715350,2266771,113134,721,"",1.69,0.93,0.94,0.96,0.72,1.06,1.35,0.76,"",-1,-0.9,-46,-13.9,-40,-12.2,-39,-11.6,-158528,-5.5,6745,0.3,1283,1.1,54,8.1
"36093","5","23611","77","0","2016","2","","Schenectady County, New York","Private","NAICS 23611 Residential building construction","County, NAICS 5-digit -- by ownership sector","All establishment sizes",102,299,302,302,2950995,882250,42950,754,"",1.61,0.94,0.94,0.91,0.66,1.23,1.26,0.71,"",-5,-4.7,-41,-12.1,-67,-18.2,-92,-23.4,-429204,-12.7,-364891,-29.3,-24756,-36.6,47,6.6
"36093","5","23611","77","0","2016","3","","Schenectady County, New York","Private","NAICS 23611 Residential building construction","County, NAICS 5-digit -- by ownership sector","All establishment sizes",104,311,320,301,3269301,622768,37841,810,"",1.62,0.97,0.99,0.93,0.74,1.30,1.70,0.77,"",-3,-2.8,-62,-16.6,-59,-15.6,-37,-10.9,-335837,-9.3,-180962,-22.5,-11809,-23.8,47,6.2
"36093","5","23611","77","0","2016","4","","Schenectady County, New York","Private","NAICS 23611 Residential building construction","County, NAICS 5-digit -- by ownership sector","All establishment sizes",103,316,315,313,3917034,531845,25077,958,"",1.59,0.95,0.95,0.96,0.85,1.45,1.54,0.89,"",-4,-3.7,-23,-6.8,-14,-4.3,-1,-0.3,-401016,-9.3,126553,31.2,3033,13.8,-57,-5.6
"36093","5","236115","78","0","2016","1","","Schenectady County, New York","Private","NAICS 236115 New single-family general contractors","County, NAICS 6-digit -- by ownership sector","All establishment sizes",32,91,91,96,899285,737402,23733,747,"",1.11,0.63,0.63,0.66,0.47,0.72,0.61,0.74,"",2,6.7,-19,-17.3,-13,-12.5,-14,-12.7,-46088,-4.9,52742,7.7,-523,-2.2,74,11.0
"36093","5","236115","78","0","2016","2","","Schenectady County, New York","Private","NAICS 236115 New single-family general contractors","County, NAICS 6-digit -- by ownership sector","All establishment sizes",32,95,89,100,1024565,273698,8447,833,"",1.09,0.63,0.59,0.64,0.47,0.80,0.54,0.75,"",2,6.7,-8,-7.8,-15,-14.4,2,2.0,70497,7.4,-92190,-25.2,-4976,-37.1,111,15.4
"36093","5","236115","78","0","2016","3","","Schenectady County, New York","Private","NAICS 236115 New single-family general contractors","County, NAICS 6-digit -- by ownership sector","All establishment sizes",33,103,102,91,1045850,190116,8994,815,"",1.11,0.68,0.67,0.60,0.48,0.82,0.87,0.74,"",4,13.8,9,9.6,1,1.0,-3,-3.2,169234,19.3,62505,49.0,4262,90.1,115,16.4
"36093","5","236115","78","0","2016","4","","Schenectady County, New York","Private","NAICS 236115 New single-family general contractors","County, NAICS 6-digit -- by ownership sector","All establishment sizes",33,110,109,106,1421416,188443,5895,1009,"",1.10,0.70,0.70,0.69,0.61,1.04,0.77,0.88,"",4,13.8,10,10.0,17,18.5,15,16.5,475300,50.2,107258,132.1,1991,51.0,238,30.9
"36093","5","236117","78","0","2016","1","","Schenectady County, New York","Private","NAICS 236117 New housing for-sale builders","County, NAICS 6-digit -- by ownership sector","All establishment sizes",5,6,9,8,111954,72769,3281,1123,"",3.78,0.40,0.60,0.53,0.36,0.58,0.74,0.70,"",0,0.0,-14,-70.0,-12,-57.1,-13,-61.9,-161910,-59.1,-116163,-61.5,-5022,-60.5,104,10.2
"36093","5","236117","78","0","2016","2","","Schenectady County, New York","Private","NAICS 236117 New housing for-sale builders","County, NAICS 6-digit -- by ownership sector","All establishment sizes",5,9,9,9,133959,16711,892,1145,"",3.67,0.58,0.58,0.56,0.43,0.56,0.71,0.74,"",0,0.0,-12,-57.1,-12,-57.1,-13,-59.1,-195537,-59.3,-9437,-36.1,-639,-41.7,-43,-3.6
"36093","5","236117","78","0","2016","3","","Schenectady County, New York","Private","NAICS 236117 New housing for-sale builders","County, NAICS 6-digit -- by ownership sector","All establishment sizes",5,10,10,10,126415,15790,937,972,"",3.62,0.64,0.64,0.64,0.41,0.90,1.34,0.64,"",0,0.0,-12,-54.5,-12,-54.5,-12,-54.5,-195937,-60.8,6260,65.7,127,15.7,-155,-13.8
"36093","5","236117","78","0","2016","4","","Schenectady County, New York","Private","NAICS 236117 New housing for-sale builders","County, NAICS 6-digit -- by ownership sector","All establishment sizes",5,8,8,8,149820,2050,119,1441,"",3.54,0.49,0.49,0.49,0.45,0.15,0.23,0.92,"",0,0.0,-13,-61.9,-11,-57.9,-11,-57.9,-546748,-78.5,1050,105.0,23,24.0,-1284,-47.1
"36093","5","236118","78","0","2016","1","","Schenectady County, New York","Private","NAICS 236118 Residential remodelers","County, NAICS 6-digit -- by ownership sector","All establishment sizes",68,187,187,194,1704111,1456600,86120,692,"",2.22,1.41,1.40,1.44,1.28,1.67,2.39,0.90,"",-3,-4.2,-13,-6.5,-15,-7.4,-12,-5.8,49470,3.0,70166,5.1,6828,8.6,64,10.2
"36093","5","236118","78","0","2016","2","","Schenectady County, New York","Private","NAICS 236118 Residential remodelers","County, NAICS 6-digit -- by ownership sector","All establishment sizes",65,195,204,193,1792471,591841,33611,699,"",2.08,1.40,1.45,1.33,1.06,1.90,2.15,0.76,"",-7,-9.7,-21,-9.7,-40,-16.4,-81,-29.6,-304164,-14.5,-263264,-30.8,-19141,-36.3,40,6.1
"36093","5","236118","78","0","2016","3","","Schenectady County, New York","Private","NAICS 236118 Residential remodelers","County, NAICS 6-digit -- by ownership sector","All establishment sizes",66,198,208,200,2097036,416862,27910,799,"",2.09,1.41,1.48,1.42,1.26,1.99,2.71,0.88,"",-7,-9.6,-59,-23.0,-48,-18.8,-22,-9.9,-309134,-12.8,-249727,-37.5,-16198,-36.7,44,5.8
"36093","5","236118","78","0","2016","4","","Schenectady County, New York","Private","NAICS 236118 Residential remodelers","County, NAICS 6-digit -- by ownership sector","All establishment sizes",65,198,198,199,2345798,341352,19063,910,"",2.04,1.37,1.38,1.42,1.40,2.18,2.60,1.01,"",-8,-11.0,-20,-9.2,-20,-9.2,-5,-2.5,-329568,-12.3,18245,5.6,1019,5.6,-55,-5.7
"36093","5","2362","76","0","2016","1","","Schenectady County, New York","Private","NAICS 2362 Nonresidential building construction","County, NAICS 4-digit -- by ownership sector","All establishment sizes",18,175,171,169,2720844,1741818,157395,1219,"",0.95,0.53,0.52,0.51,0.47,0.60,0.96,0.91,"",-3,-14.3,14,8.7,13,8.2,14,9.0,568321,26.4,567695,48.4,49667,46.1,171,16.3
"36093","5","2362","76","0","2016","2","","Schenectady County, New York","Private","NAICS 2362 Nonresidential building construction","County, NAICS 4-digit -- by ownership sector","All establishment sizes",18,173,173,183,2912157,340144,31024,1270,"",0.94,0.51,0.51,0.52,0.44,0.46,0.61,0.86,"",-3,-14.3,5,3.0,-11,-6.0,-5,-2.7,211611,7.8,-168106,-33.1,-16954,-35.3,116,10.1
"36093","5","2362","76","0","2016","3","","Schenectady County, New York","Private","NAICS 2362 Nonresidential building construction","County, NAICS 4-digit -- by ownership sector","All establishment sizes",19,195,202,213,3610476,396364,36937,1366,"",0.98,0.57,0.59,0.62,0.56,0.84,1.12,0.93,"",-2,-9.5,-8,-3.9,-6,-2.9,13,6.5,168948,4.9,-231971,-36.9,-24000,-39.4,66,5.1
"36093","5","2362","76","0","2016","4","","Schenectady County, New York","Private","NAICS 2362 Nonresidential building construction","County, NAICS 4-digit -- by ownership sector","All establishment sizes",17,212,209,211,3915915,262327,24675,1430,"",0.88,0.61,0.61,0.63,0.56,0.78,1.08,0.91,"",0,0.0,18,9.3,10,5.0,15,7.7,348561,9.8,-100762,-27.8,-9799,-28.4,32,2.3
"36093","5","23621","77","0","2016","1","N","Schenectady County, New York","Private","NAICS 23621 Industrial building construction","County, NAICS 5-digit -- by ownership sector","All establishment sizes",2,0,0,0,0,0,0,0,"N",0.92,0,0,0,0,0,0,0,"N",0,0.0,0,0,0,0,0,0,0,0,0,0,0,0,0,0
"36093","5","23621","77","0","2016","2","N","Schenectady County, New York","Private","NAICS 23621 Industrial building construction","County, NAICS 5-digit -- by ownership sector","All establishment sizes",2,0,0,0,0,0,0,0,"N",0.91,0,0,0,0,0,0,0,"N",0,0.0,0,0,0,0,0,0,0,0,0,0,0,0,0,0
"36093","5","23621","77","0","2016","3","N","Schenectady County, New York","Private","NAICS 23621 Industrial building construction","County, NAICS 5-digit -- by ownership sector","All establishment sizes",2,0,0,0,0,0,0,0,"N",0.90,0,0,0,0,0,0,0,"N",0,0.0,0,0,0,0,0,0,0,0,0,0,0,0,0,0
"36093","5","23621","77","0","2016","4","N","Schenectady County, New York","Private","NAICS 23621 Industrial building construction","County, NAICS 5-digit -- by ownership sector","All establishment sizes",2,0,0,0,0,0,0,0,"N",0.89,0,0,0,0,0,0,0,"N",0,0.0,0,0,0,0,0,0,0,0,0,0,0,0,0,0
"36093","5","236210","78","0","2016","1","N","Schenectady County, New York","Private","NAICS 236210 Industrial building construction","County, NAICS 6-digit -- by ownership sector","All establishment sizes",2,0,0,0,0,0,0,0,"N",0.92,0,0,0,0,0,0,0,"N",0,0.0,0,0,0,0,0,0,0,0,0,0,0,0,0,0
"36093","5","236210","78","0","2016","2","N","Schenectady County, New York","Private","NAICS 236210 Industrial building construction","County, NAICS 6-digit -- by ownership sector","All establishment sizes",2,0,0,0,0,0,0,0,"N",0.91,0,0,0,0,0,0,0,"N",0,0.0,0,0,0,0,0,0,0,0,0,0,0,0,0,0
"36093","5","236210","78","0","2016","3","N","Schenectady County, New York","Private","NAICS 236210 Industrial building construction","County, NAICS 6-digit -- by ownership sector","All establishment sizes",2,0,0,0,0,0,0,0,"N",0.90,0,0,0,0,0,0,0,"N",0,0.0,0,0,0,0,0,0,0,0,0,0,0,0,0,0
"36093","5","236210","78","0","2016","4","N","Schenectady County, New York","Private","NAICS 236210 Industrial building construction","County, NAICS 6-digit -- by ownership sector","All establishment sizes",2,0,0,0,0,0,0,0,"N",0.89,0,0,0,0,0,0,0,"N",0,0.0,0,0,0,0,0,0,0,0,0,0,0,0,0,0
"36093","5","23622","77","0","2016","1","N","Schenectady County, New York","Private","NAICS 23622 Commercial building construction","County, NAICS 5-digit -- by ownership sector","All establishment sizes",16,0,0,0,0,0,0,0,"N",0.95,0,0,0,0,0,0,0,"N",-3,-15.8,0,0,0,0,0,0,0,0,0,0,0,0,0,0
"36093","5","23622","77","0","2016","2","N","Schenectady County, New York","Private","NAICS 23622 Commercial building construction","County, NAICS 5-digit -- by ownership sector","All establishment sizes",16,0,0,0,0,0,0,0,"N",0.94,0,0,0,0,0,0,0,"N",-3,-15.8,0,0,0,0,0,0,0,0,0,0,0,0,0,0
"36093","5","23622","77","0","2016","3","N","Schenectady County, New York","Private","NAICS 23622 Commercial building construction","County, NAICS 5-digit -- by ownership sector","All establishment sizes",17,0,0,0,0,0,0,0,"N",0.99,0,0,0,0,0,0,0,"N",-2,-10.5,0,0,0,0,0,0,0,0,0,0,0,0,0,0
"36093","5","23622","77","0","2016","4","N","Schenectady County, New York","Private","NAICS 23622 Commercial building construction","County, NAICS 5-digit -- by ownership sector","All establishment sizes",15,0,0,0,0,0,0,0,"N",0.87,0,0,0,0,0,0,0,"N",0,0.0,0,0,0,0,0,0,0,0,0,0,0,0,0,0
"36093","5","236220","78","0","2016","1","N","Schenectady County, New York","Private","NAICS 236220 Commercial building construction","County, NAICS 6-digit -- by ownership sector","All establishment sizes",16,0,0,0,0,0,0,0,"N",0.95,0,0,0,0,0,0,0,"N",-3,-15.8,0,0,0,0,0,0,0,0,0,0,0,0,0,0
"36093","5","236220","78","0","2016","2","N","Schenectady County, New York","Private","NAICS 236220 Commercial building construction","County, NAICS 6-digit -- by ownership sector","All establishment sizes",16,0,0,0,0,0,0,0,"N",0.94,0,0,0,0,0,0,0,"N",-3,-15.8,0,0,0,0,0,0,0,0,0,0,0,0,0,0
"36093","5","236220","78","0","2016","3","N","Schenectady County, New York","Private","NAICS 236220 Commercial building construction","County, NAICS 6-digit -- by ownership sector","All establishment sizes",17,0,0,0,0,0,0,0,"N",0.99,0,0,0,0,0,0,0,"N",-2,-10.5,0,0,0,0,0,0,0,0,0,0,0,0,0,0
"36093","5","236220","78","0","2016","4","N","Schenectady County, New York","Private","NAICS 236220 Commercial building construction","County, NAICS 6-digit -- by ownership sector","All establishment sizes",15,0,0,0,0,0,0,0,"N",0.87,0,0,0,0,0,0,0,"N",0,0.0,0,0,0,0,0,0,0,0,0,0,0,0,0,0
"36093","5","237","75","0","2016","1","","Schenectady County, New York","Private","NAICS 237 Heavy and civil engineering construction","County, NAICS 3-digit -- by ownership sector","All establishment sizes",8,82,81,105,1108847,771886,65111,955,"",0.45,0.22,0.21,0.27,0.18,0.24,0.35,0.77,"",-1,-11.1,-22,-21.2,-13,-13.8,30,40.0,58100,5.5,-28889,-3.6,-12947,-16.6,67,7.5
"36093","5","237","75","0","2016","2","","Schenectady County, New York","Private","NAICS 237 Heavy and civil engineering construction","County, NAICS 3-digit -- by ownership sector","All establishment sizes",8,117,130,142,2033420,569796,52041,1206,"",0.45,0.28,0.30,0.32,0.26,0.51,0.56,0.85,"",0,0.0,20,20.6,4,3.2,4,2.9,77149,3.9,-201450,-26.1,-24312,-31.8,-45,-3.6
"36093","5","237","75","0","2016","3","","Schenectady County, New York","Private","NAICS 237 Heavy and civil engineering construction","County, NAICS 3-digit -- by ownership sector","All establishment sizes",8,154,157,163,2584594,271063,23420,1258,"",0.45,0.36,0.37,0.37,0.32,0.38,0.42,0.88,"",0,0.0,12,8.5,3,1.9,16,10.9,36937,1.4,-164737,-37.8,-15011,-39.1,-69,-5.2
"36093","5","237","75","0","2016","4","","Schenectady County, New York","Private","NAICS 237 Heavy and civil engineering construction","County, NAICS 3-digit -- by ownership sector","All establishment sizes",8,154,148,126,2295065,145976,12692,1237,"",0.45,0.35,0.34,0.31,0.29,0.33,0.40,0.87,"",0,0.0,28,22.2,17,13.0,-5,-3.8,232915,11.3,28460,24.2,1057,9.1,11,0.9
"36093","5","2371","76","0","2016","1","","Schenectady County, New York","Private","NAICS 2371 Utility system construction","County, NAICS 4-digit -- by ownership sector","All establishment sizes",4,51,64,75,684927,489479,38282,832,"",0.45,0.25,0.31,0.36,0.21,0.28,0.40,0.67,"",0,0.0,-14,-21.5,-2,-3.0,19,33.9,45692,7.1,-42465,-8.0,-13162,-25.6,43,5.4
"36093","5","2371","76","0","2016","2","","Schenectady County, New York","Private","NAICS 2371 Utility system construction","County, NAICS 4-digit -- by ownership sector","All establishment sizes",4,78,84,86,1195218,249131,21578,1112,"",0.45,0.36,0.39,0.39,0.29,0.47,0.55,0.77,"",0,0.0,4,5.4,1,1.2,1,1.2,-60624,-4.8,-245691,-49.7,-27409,-56.0,-86,-7.2
"36093","5","2371","76","0","2016","3","","Schenectady County, New York","Private","NAICS 2371 Utility system construction","County, NAICS 4-digit -- by ownership sector","All establishment sizes",4,87,91,94,1299971,135952,10584,1103,"",0.45,0.41,0.43,0.43,0.33,0.38,0.41,0.77,"",0,0.0,-3,-3.3,-10,-9.9,0,0.0,-286318,-18.0,-177929,-56.7,-15777,-59.8,-181,-14.1
"36093","5","2371","76","0","2016","4","","Schenectady County, New York","Private","NAICS 2371 Utility system construction","County, NAICS 4-digit -- by ownership sector","All establishment sizes",4,89,79,87,1129705,75916,6036,1022,"",0.45,0.40,0.36,0.42,0.28,0.29,0.33,0.72,"",0,0.0,19,27.1,7,9.7,15,20.8,198981,21.4,29419,63.3,1432,31.1,18,1.8
"36093","5","23711","77","0","2016","1","N","Schenectady County, New York","Private","NAICS 23711 Water and sewer system construction","County, NAICS 5-digit -- by ownership sector","All establishment sizes",2,0,0,0,0,0,0,0,"N",0.46,0,0,0,0,0,0,0,"N",0,0.0,0,0,0,0,0,0,0,0,0,0,0,0,0,0
"36093","5","23711","77","0","2016","2","N","Schenectady County, New York","Private","NAICS 23711 Water and sewer system construction","County, NAICS 5-digit -- by ownership sector","All establishment sizes",2,0,0,0,0,0,0,0,"N",0.46,0,0,0,0,0,0,0,"N",0,0.0,0,0,0,0,0,0,0,0,0,0,0,0,0,0
"36093","5","23711","77","0","2016","3","N","Schenectady County, New York","Private","NAICS 23711 Water and sewer system construction","County, NAICS 5-digit -- by ownership sector","All establishment sizes",2,0,0,0,0,0,0,0,"N",0.46,0,0,0,0,0,0,0,"N",0,0.0,0,0,0,0,0,0,0,0,0,0,0,0,0,0
"36093","5","23711","77","0","2016","4","N","Schenectady County, New York","Private","NAICS 23711 Water and sewer system construction","County, NAICS 5-digit -- by ownership sector","All establishment sizes",2,0,0,0,0,0,0,0,"N",0.46,0,0,0,0,0,0,0,"N",0,0.0,0,0,0,0,0,0,0,0,0,0,0,0,0,0
"36093","5","237110","78","0","2016","1","N","Schenectady County, New York","Private","NAICS 237110 Water and sewer system construction","County, NAICS 6-digit -- by ownership sector","All establishment sizes",2,0,0,0,0,0,0,0,"N",0.46,0,0,0,0,0,0,0,"N",0,0.0,0,0,0,0,0,0,0,0,0,0,0,0,0,0
"36093","5","237110","78","0","2016","2","N","Schenectady County, New York","Private","NAICS 237110 Water and sewer system construction","County, NAICS 6-digit -- by ownership sector","All establishment sizes",2,0,0,0,0,0,0,0,"N",0.46,0,0,0,0,0,0,0,"N",0,0.0,0,0,0,0,0,0,0,0,0,0,0,0,0,0
"36093","5","237110","78","0","2016","3","N","Schenectady County, New York","Private","NAICS 237110 Water and sewer system construction","County, NAICS 6-digit -- by ownership sector","All establishment sizes",2,0,0,0,0,0,0,0,"N",0.46,0,0,0,0,0,0,0,"N",0,0.0,0,0,0,0,0,0,0,0,0,0,0,0,0,0
"36093","5","237110","78","0","2016","4","N","Schenectady County, New York","Private","NAICS 237110 Water and sewer system construction","County, NAICS 6-digit -- by ownership sector","All establishment sizes",2,0,0,0,0,0,0,0,"N",0.46,0,0,0,0,0,0,0,"N",0,0.0,0,0,0,0,0,0,0,0,0,0,0,0,0,0
"36093","5","23712","77","0","2016","1","N","Schenectady County, New York","Private","NAICS 23712 Oil and gas pipeline construction","County, NAICS 5-digit -- by ownership sector","All establishment sizes",1,0,0,0,0,0,0,0,"N",0.75,0,0,0,0,0,0,0,"N",0,0.0,0,0,0,0,0,0,0,0,0,0,0,0,0,0
"36093","5","23712","77","0","2016","2","N","Schenectady County, New York","Private","NAICS 23712 Oil and gas pipeline construction","County, NAICS 5-digit -- by ownership sector","All establishment sizes",1,0,0,0,0,0,0,0,"N",0.74,0,0,0,0,0,0,0,"N",0,0.0,0,0,0,0,0,0,0,0,0,0,0,0,0,0
"36093","5","23712","77","0","2016","3","N","Schenectady County, New York","Private","NAICS 23712 Oil and gas pipeline construction","County, NAICS 5-digit -- by ownership sector","All establishment sizes",1,0,0,0,0,0,0,0,"N",0.73,0,0,0,0,0,0,0,"N",0,0.0,0,0,0,0,0,0,0,0,0,0,0,0,0,0
"36093","5","23712","77","0","2016","4","N","Schenectady County, New York","Private","NAICS 23712 Oil and gas pipeline construction","County, NAICS 5-digit -- by ownership sector","All establishment sizes",1,0,0,0,0,0,0,0,"N",0.74,0,0,0,0,0,0,0,"N",0,0.0,0,0,0,0,0,0,0,0,0,0,0,0,0,0
"36093","5","237120","78","0","2016","1","N","Schenectady County, New York","Private","NAICS 237120 Oil and gas pipeline construction","County, NAICS 6-digit -- by ownership sector","All establishment sizes",1,0,0,0,0,0,0,0,"N",0.75,0,0,0,0,0,0,0,"N",0,0.0,0,0,0,0,0,0,0,0,0,0,0,0,0,0
"36093","5","237120","78","0","2016","2","N","Schenectady County, New York","Private","NAICS 237120 Oil and gas pipeline construction","County, NAICS 6-digit -- by ownership sector","All establishment sizes",1,0,0,0,0,0,0,0,"N",0.74,0,0,0,0,0,0,0,"N",0,0.0,0,0,0,0,0,0,0,0,0,0,0,0,0,0
"36093","5","237120","78","0","2016","3","N","Schenectady County, New York","Private","NAICS 237120 Oil and gas pipeline construction","County, NAICS 6-digit -- by ownership sector","All establishment sizes",1,0,0,0,0,0,0,0,"N",0.73,0,0,0,0,0,0,0,"N",0,0.0,0,0,0,0,0,0,0,0,0,0,0,0,0,0
"36093","5","237120","78","0","2016","4","N","Schenectady County, New York","Private","NAICS 237120 Oil and gas pipeline construction","County, NAICS 6-digit -- by ownership sector","All establishment sizes",1,0,0,0,0,0,0,0,"N",0.74,0,0,0,0,0,0,0,"N",0,0.0,0,0,0,0,0,0,0,0,0,0,0,0,0,0
"36093","5","23713","77","0","2016","1","N","Schenectady County, New York","Private","NAICS 23713 Power and communication system construction","County, NAICS 5-digit -- by ownership sector","All establishment sizes",1,0,0,0,0,0,0,0,"N",0.32,0,0,0,0,0,0,0,"N",0,0.0,0,0,0,0,0,0,0,0,0,0,0,0,0,0
"36093","5","23713","77","0","2016","2","N","Schenectady County, New York","Private","NAICS 23713 Power and communication system construction","County, NAICS 5-digit -- by ownership sector","All establishment sizes",1,0,0,0,0,0,0,0,"N",0.31,0,0,0,0,0,0,0,"N",0,0.0,0,0,0,0,0,0,0,0,0,0,0,0,0,0
"36093","5","23713","77","0","2016","3","N","Schenectady County, New York","Private","NAICS 23713 Power and communication system construction","County, NAICS 5-digit -- by ownership sector","All establishment sizes",1,0,0,0,0,0,0,0,"N",0.31,0,0,0,0,0,0,0,"N",0,0.0,0,0,0,0,0,0,0,0,0,0,0,0,0,0
"36093","5","23713","77","0","2016","4","N","Schenectady County, New York","Private","NAICS 23713 Power and communication system construction","County, NAICS 5-digit -- by ownership sector","All establishment sizes",1,0,0,0,0,0,0,0,"N",0.31,0,0,0,0,0,0,0,"N",0,0.0,0,0,0,0,0,0,0,0,0,0,0,0,0,0
"36093","5","237130","78","0","2016","1","N","Schenectady County, New York","Private","NAICS 237130 Power and communication system construction","County, NAICS 6-digit -- by ownership sector","All establishment sizes",1,0,0,0,0,0,0,0,"N",0.32,0,0,0,0,0,0,0,"N",0,0.0,0,0,0,0,0,0,0,0,0,0,0,0,0,0
"36093","5","237130","78","0","2016","2","N","Schenectady County, New York","Private","NAICS 237130 Power and communication system construction","County, NAICS 6-digit -- by ownership sector","All establishment sizes",1,0,0,0,0,0,0,0,"N",0.31,0,0,0,0,0,0,0,"N",0,0.0,0,0,0,0,0,0,0,0,0,0,0,0,0,0
"36093","5","237130","78","0","2016","3","N","Schenectady County, New York","Private","NAICS 237130 Power and communication system construction","County, NAICS 6-digit -- by ownership sector","All establishment sizes",1,0,0,0,0,0,0,0,"N",0.31,0,0,0,0,0,0,0,"N",0,0.0,0,0,0,0,0,0,0,0,0,0,0,0,0,0
"36093","5","237130","78","0","2016","4","N","Schenectady County, New York","Private","NAICS 237130 Power and communication system construction","County, NAICS 6-digit -- by ownership sector","All establishment sizes",1,0,0,0,0,0,0,0,"N",0.31,0,0,0,0,0,0,0,"N",0,0.0,0,0,0,0,0,0,0,0,0,0,0,0,0,0
"36093","5","2373","76","0","2016","1","N","Schenectady County, New York","Private","NAICS 2373 Highway, street, and bridge construction","County, NAICS 4-digit -- by ownership sector","All establishment sizes",3,0,0,0,0,0,0,0,"N",0.77,0,0,0,0,0,0,0,"N",-1,-25.0,0,0,0,0,0,0,0,0,0,0,0,0,0,0
"36093","5","2373","76","0","2016","2","N","Schenectady County, New York","Private","NAICS 2373 Highway, street, and bridge construction","County, NAICS 4-digit -- by ownership sector","All establishment sizes",3,0,0,0,0,0,0,0,"N",0.76,0,0,0,0,0,0,0,"N",0,0.0,0,0,0,0,0,0,0,0,0,0,0,0,0,0
"36093","5","2373","76","0","2016","3","N","Schenectady County, New York","Private","NAICS 2373 Highway, street, and bridge construction","County, NAICS 4-digit -- by ownership sector","All establishment sizes",3,0,0,0,0,0,0,0,"N",0.76,0,0,0,0,0,0,0,"N",0,0.0,0,0,0,0,0,0,0,0,0,0,0,0,0,0
"36093","5","2373","76","0","2016","4","N","Schenectady County, New York","Private","NAICS 2373 Highway, street, and bridge construction","County, NAICS 4-digit -- by ownership sector","All establishment sizes",3,0,0,0,0,0,0,0,"N",0.76,0,0,0,0,0,0,0,"N",0,0.0,0,0,0,0,0,0,0,0,0,0,0,0,0,0
"36093","5","23731","77","0","2016","1","N","Schenectady County, New York","Private","NAICS 23731 Highway, street, and bridge construction","County, NAICS 5-digit -- by ownership sector","All establishment sizes",3,0,0,0,0,0,0,0,"N",0.77,0,0,0,0,0,0,0,"N",-1,-25.0,0,0,0,0,0,0,0,0,0,0,0,0,0,0
"36093","5","23731","77","0","2016","2","N","Schenectady County, New York","Private","NAICS 23731 Highway, street, and bridge construction","County, NAICS 5-digit -- by ownership sector","All establishment sizes",3,0,0,0,0,0,0,0,"N",0.76,0,0,0,0,0,0,0,"N",0,0.0,0,0,0,0,0,0,0,0,0,0,0,0,0,0
"36093","5","23731","77","0","2016","3","N","Schenectady County, New York","Private","NAICS 23731 Highway, street, and bridge construction","County, NAICS 5-digit -- by ownership sector","All establishment sizes",3,0,0,0,0,0,0,0,"N",0.76,0,0,0,0,0,0,0,"N",0,0.0,0,0,0,0,0,0,0,0,0,0,0,0,0,0
"36093","5","23731","77","0","2016","4","N","Schenectady County, New York","Private","NAICS 23731 Highway, street, and bridge construction","County, NAICS 5-digit -- by ownership sector","All establishment sizes",3,0,0,0,0,0,0,0,"N",0.76,0,0,0,0,0,0,0,"N",0,0.0,0,0,0,0,0,0,0,0,0,0,0,0,0,0
"36093","5","237310","78","0","2016","1","N","Schenectady County, New York","Private","NAICS 237310 Highway, street, and bridge construction","County, NAICS 6-digit -- by ownership sector","All establishment sizes",3,0,0,0,0,0,0,0,"N",0.77,0,0,0,0,0,0,0,"N",-1,-25.0,0,0,0,0,0,0,0,0,0,0,0,0,0,0
"36093","5","237310","78","0","2016","2","N","Schenectady County, New York","Private","NAICS 237310 Highway, street, and bridge construction","County, NAICS 6-digit -- by ownership sector","All establishment sizes",3,0,0,0,0,0,0,0,"N",0.76,0,0,0,0,0,0,0,"N",0,0.0,0,0,0,0,0,0,0,0,0,0,0,0,0,0
"36093","5","237310","78","0","2016","3","N","Schenectady County, New York","Private","NAICS 237310 Highway, street, and bridge construction","County, NAICS 6-digit -- by ownership sector","All establishment sizes",3,0,0,0,0,0,0,0,"N",0.76,0,0,0,0,0,0,0,"N",0,0.0,0,0,0,0,0,0,0,0,0,0,0,0,0,0
"36093","5","237310","78","0","2016","4","N","Schenectady County, New York","Private","NAICS 237310 Highway, street, and bridge construction","County, NAICS 6-digit -- by ownership sector","All establishment sizes",3,0,0,0,0,0,0,0,"N",0.76,0,0,0,0,0,0,0,"N",0,0.0,0,0,0,0,0,0,0,0,0,0,0,0,0,0
"36093","5","2379","76","0","2016","1","N","Schenectady County, New York","Private","NAICS 2379 Other heavy construction","County, NAICS 4-digit -- by ownership sector","All establishment sizes",1,0,0,0,0,0,0,0,"N",0.36,0,0,0,0,0,0,0,"N",0,0.0,0,0,0,0,0,0,0,0,0,0,0,0,0,0
"36093","5","2379","76","0","2016","2","N","Schenectady County, New York","Private","NAICS 2379 Other heavy construction","County, NAICS 4-digit -- by ownership sector","All establishment sizes",1,0,0,0,0,0,0,0,"N",0.36,0,0,0,0,0,0,0,"N",0,0.0,0,0,0,0,0,0,0,0,0,0,0,0,0,0
"36093","5","2379","76","0","2016","3","N","Schenectady County, New York","Private","NAICS 2379 Other heavy construction","County, NAICS 4-digit -- by ownership sector","All establishment sizes",1,0,0,0,0,0,0,0,"N",0.36,0,0,0,0,0,0,0,"N",0,0.0,0,0,0,0,0,0,0,0,0,0,0,0,0,0
"36093","5","2379","76","0","2016","4","N","Schenectady County, New York","Private","NAICS 2379 Other heavy construction","County, NAICS 4-digit -- by ownership sector","All establishment sizes",1,0,0,0,0,0,0,0,"N",0.35,0,0,0,0,0,0,0,"N",0,0.0,0,0,0,0,0,0,0,0,0,0,0,0,0,0
"36093","5","23799","77","0","2016","1","N","Schenectady County, New York","Private","NAICS 23799 Other heavy construction","County, NAICS 5-digit -- by ownership sector","All establishment sizes",1,0,0,0,0,0,0,0,"N",0.36,0,0,0,0,0,0,0,"N",0,0.0,0,0,0,0,0,0,0,0,0,0,0,0,0,0
"36093","5","23799","77","0","2016","2","N","Schenectady County, New York","Private","NAICS 23799 Other heavy construction","County, NAICS 5-digit -- by ownership sector","All establishment sizes",1,0,0,0,0,0,0,0,"N",0.36,0,0,0,0,0,0,0,"N",0,0.0,0,0,0,0,0,0,0,0,0,0,0,0,0,0
"36093","5","23799","77","0","2016","3","N","Schenectady County, New York","Private","NAICS 23799 Other heavy construction","County, NAICS 5-digit -- by ownership sector","All establishment sizes",1,0,0,0,0,0,0,0,"N",0.36,0,0,0,0,0,0,0,"N",0,0.0,0,0,0,0,0,0,0,0,0,0,0,0,0,0
"36093","5","23799","77","0","2016","4","N","Schenectady County, New York","Private","NAICS 23799 Other heavy construction","County, NAICS 5-digit -- by ownership sector","All establishment sizes",1,0,0,0,0,0,0,0,"N",0.35,0,0,0,0,0,0,0,"N",0,0.0,0,0,0,0,0,0,0,0,0,0,0,0,0,0
"36093","5","237990","78","0","2016","1","N","Schenectady County, New York","Private","NAICS 237990 Other heavy construction","County, NAICS 6-digit -- by ownership sector","All establishment sizes",1,0,0,0,0,0,0,0,"N",0.36,0,0,0,0,0,0,0,"N",0,0.0,0,0,0,0,0,0,0,0,0,0,0,0,0,0
"36093","5","237990","78","0","2016","2","N","Schenectady County, New York","Private","NAICS 237990 Other heavy construction","County, NAICS 6-digit -- by ownership sector","All establishment sizes",1,0,0,0,0,0,0,0,"N",0.36,0,0,0,0,0,0,0,"N",0,0.0,0,0,0,0,0,0,0,0,0,0,0,0,0,0
"36093","5","237990","78","0","2016","3","N","Schenectady County, New York","Private","NAICS 237990 Other heavy construction","County, NAICS 6-digit -- by ownership sector","All establishment sizes",1,0,0,0,0,0,0,0,"N",0.36,0,0,0,0,0,0,0,"N",0,0.0,0,0,0,0,0,0,0,0,0,0,0,0,0,0
"36093","5","237990","78","0","2016","4","N","Schenectady County, New York","Private","NAICS 237990 Other heavy construction","County, NAICS 6-digit -- by ownership sector","All establishment sizes",1,0,0,0,0,0,0,0,"N",0.35,0,0,0,0,0,0,0,"N",0,0.0,0,0,0,0,0,0,0,0,0,0,0,0,0,0
"36093","5","238","75","0","2016","1","","Schenectady County, New York","Private","NAICS 238 Specialty trade contractors","County, NAICS 3-digit -- by ownership sector","All establishment sizes",248,1595,1510,1532,17798772,13282252,905118,886,"",1.45,0.90,0.84,0.84,0.81,0.98,1.34,0.94,"",-21,-7.8,215,15.6,151,11.1,146,10.5,2774200,18.5,2145102,19.3,73967,8.9,45,5.4
"36093","5","238","75","0","2016","2","","Schenectady County, New York","Private","NAICS 238 Specialty trade contractors","County, NAICS 3-digit -- by ownership sector","All establishment sizes",248,1617,1713,1772,20883745,4835201,342176,945,"",1.43,0.86,0.90,0.90,0.75,1.11,1.27,0.85,"",-20,-7.5,90,5.9,90,5.5,92,5.5,1574345,8.2,18566,0.4,-25223,-6.9,22,2.4
"36093","5","238","75","0","2016","3","","Schenectady County, New York","Private","NAICS 238 Specialty trade contractors","County, NAICS 3-digit -- by ownership sector","All establishment sizes",248,1794,1804,1820,23646591,3219168,224295,1007,"",1.42,0.95,0.95,0.95,0.86,1.15,1.32,0.90,"",-14,-5.3,69,4.0,73,4.2,147,8.8,2569398,12.2,-284259,-8.1,-51545,-18.7,59,6.2
"36093","5","238","75","0","2016","4","","Schenectady County, New York","Private","NAICS 238 Specialty trade contractors","County, NAICS 3-digit -- by ownership sector","All establishment sizes",245,1824,1768,1691,24673279,2218556,149159,1078,"",1.39,0.94,0.91,0.90,0.89,1.14,1.31,0.98,"",-14,-5.4,83,4.8,53,3.1,-8,-0.5,-744666,-2.9,-393312,-15.1,-56700,-27.5,-60,-5.3
"36093","5","2381","76","0","2016","1","","Schenectady County, New York","Private","NAICS 2381 Building foundation and exterior contractors","County, NAICS 4-digit -- by ownership sector","All establishment sizes",50,295,259,276,3101556,2419242,188530,862,"",1.49,0.86,0.75,0.78,0.82,0.99,1.55,1.03,"",-4,-7.4,41,16.1,31,13.6,25,10.0,575829,22.8,436183,22.0,25606,15.7,67,8.4
"36093","5","2381","76","0","2016","2","","Schenectady County, New York","Private","NAICS 2381 Building foundation and exterior contractors","County, NAICS 4-digit -- by ownership sector","All establishment sizes",51,338,375,409,4184608,1430158,120399,861,"",1.49,0.91,0.99,1.04,0.83,1.52,1.97,0.85,"",-5,-8.9,43,14.6,58,18.3,54,15.2,623622,17.5,142660,11.1,10105,9.2,11,1.3
"36093","5","2381","76","0","2016","3","","Schenectady County, New York","Private","NAICS 2381 Building foundation and exterior contractors","County, NAICS 4-digit -- by ownership sector","All establishment sizes",51,390,400,411,4913502,782618,61756,944,"",1.48,1.03,1.05,1.07,0.97,1.22,1.55,0.92,"",-2,-3.8,-3,-0.8,54,15.6,75,22.3,765729,18.5,-110383,-12.4,-17485,-22.1,54,6.1
"36093","5","2381","76","0","2016","4","","Schenectady County, New York","Private","NAICS 2381 Building foundation and exterior contractors","County, NAICS 4-digit -- by ownership sector","All establishment sizes",51,408,392,362,6142718,553562,42957,1220,"",1.47,1.05,1.01,0.98,1.21,1.28,1.71,1.20,"",-1,-1.9,61,17.6,52,15.3,23,6.8,763534,14.2,-109369,-16.5,-13313,-23.7,10,0.8
"36093","5","23811","77","0","2016","1","N","Schenectady County, New York","Private","NAICS 23811 Poured concrete structure contractors","County, NAICS 5-digit -- by ownership sector","All establishment sizes",2,0,0,0,0,0,0,0,"N",0.31,0,0,0,0,0,0,0,"N",0,0.0,0,0,0,0,0,0,0,0,0,0,0,0,0,0
"36093","5","23811","77","0","2016","2","N","Schenectady County, New York","Private","NAICS 23811 Poured concrete structure contractors","County, NAICS 5-digit -- by ownership sector","All establishment sizes",2,0,0,0,0,0,0,0,"N",0.30,0,0,0,0,0,0,0,"N",0,0.0,0,0,0,0,0,0,0,0,0,0,0,0,0,0
"36093","5","23811","77","0","2016","3","N","Schenectady County, New York","Private","NAICS 23811 Poured concrete structure contractors","County, NAICS 5-digit -- by ownership sector","All establishment sizes",2,0,0,0,0,0,0,0,"N",0.30,0,0,0,0,0,0,0,"N",0,0.0,0,0,0,0,0,0,0,0,0,0,0,0,0,0
"36093","5","23811","77","0","2016","4","N","Schenectady County, New York","Private","NAICS 23811 Poured concrete structure contractors","County, NAICS 5-digit -- by ownership sector","All establishment sizes",2,0,0,0,0,0,0,0,"N",0.29,0,0,0,0,0,0,0,"N",0,0.0,0,0,0,0,0,0,0,0,0,0,0,0,0,0
"36093","5","238112","78","0","2016","1","N","Schenectady County, New York","Private","NAICS 238112 Nonresidential poured foundation contractors","County, NAICS 6-digit -- by ownership sector","All establishment sizes",2,0,0,0,0,0,0,0,"N",1.02,0,0,0,0,0,0,0,"N",0,0.0,0,0,0,0,0,0,0,0,0,0,0,0,0,0
"36093","5","238112","78","0","2016","2","N","Schenectady County, New York","Private","NAICS 238112 Nonresidential poured foundation contractors","County, NAICS 6-digit -- by ownership sector","All establishment sizes",2,0,0,0,0,0,0,0,"N",1.02,0,0,0,0,0,0,0,"N",0,0.0,0,0,0,0,0,0,0,0,0,0,0,0,0,0
"36093","5","238112","78","0","2016","3","N","Schenectady County, New York","Private","NAICS 238112 Nonresidential poured foundation contractors","County, NAICS 6-digit -- by ownership sector","All establishment sizes",2,0,0,0,0,0,0,0,"N",1.01,0,0,0,0,0,0,0,"N",0,0.0,0,0,0,0,0,0,0,0,0,0,0,0,0,0
"36093","5","238112","78","0","2016","4","N","Schenectady County, New York","Private","NAICS 238112 Nonresidential poured foundation contractors","County, NAICS 6-digit -- by ownership sector","All establishment sizes",2,0,0,0,0,0,0,0,"N",1.01,0,0,0,0,0,0,0,"N",0,0.0,0,0,0,0,0,0,0,0,0,0,0,0,0,0
"36093","5","23812","77","0","2016","1","N","Schenectady County, New York","Private","NAICS 23812 Steel and precast concrete contractors","County, NAICS 5-digit -- by ownership sector","All establishment sizes",2,0,0,0,0,0,0,0,"N",1.11,0,0,0,0,0,0,0,"N",0,0.0,0,0,0,0,0,0,0,0,0,0,0,0,0,0
"36093","5","23812","77","0","2016","2","N","Schenectady County, New York","Private","NAICS 23812 Steel and precast concrete contractors","County, NAICS 5-digit -- by ownership sector","All establishment sizes",2,0,0,0,0,0,0,0,"N",1.10,0,0,0,0,0,0,0,"N",0,0.0,0,0,0,0,0,0,0,0,0,0,0,0,0,0
"36093","5","23812","77","0","2016","3","N","Schenectady County, New York","Private","NAICS 23812 Steel and precast concrete contractors","County, NAICS 5-digit -- by ownership sector","All establishment sizes",2,0,0,0,0,0,0,0,"N",1.09,0,0,0,0,0,0,0,"N",0,0.0,0,0,0,0,0,0,0,0,0,0,0,0,0,0
"36093","5","23812","77","0","2016","4","N","Schenectady County, New York","Private","NAICS 23812 Steel and precast concrete contractors","County, NAICS 5-digit -- by ownership sector","All establishment sizes",2,0,0,0,0,0,0,0,"N",1.08,0,0,0,0,0,0,0,"N",0,0.0,0,0,0,0,0,0,0,0,0,0,0,0,0,0
"36093","5","238121","78","0","2016","1","N","Schenectady County, New York","Private","NAICS 238121 Residential structural steel contractors","County, NAICS 6-digit -- by ownership sector","All establishment sizes",1,0,0,0,0,0,0,0,"N",2.32,0,0,0,0,0,0,0,"N",0,0.0,0,0,0,0,0,0,0,0,0,0,0,0,0,0
"36093","5","238121","78","0","2016","2","N","Schenectady County, New York","Private","NAICS 238121 Residential structural steel contractors","County, NAICS 6-digit -- by ownership sector","All establishment sizes",1,0,0,0,0,0,0,0,"N",2.29,0,0,0,0,0,0,0,"N",0,0.0,0,0,0,0,0,0,0,0,0,0,0,0,0,0
"36093","5","238121","78","0","2016","3","N","Schenectady County, New York","Private","NAICS 238121 Residential structural steel contractors","County, NAICS 6-digit -- by ownership sector","All establishment sizes",1,0,0,0,0,0,0,0,"N",2.25,0,0,0,0,0,0,0,"N",0,0.0,0,0,0,0,0,0,0,0,0,0,0,0,0,0
"36093","5","238121","78","0","2016","4","N","Schenectady County, New York","Private","NAICS 238121 Residential structural steel contractors","County, NAICS 6-digit -- by ownership sector","All establishment sizes",1,0,0,0,0,0,0,0,"N",2.22,0,0,0,0,0,0,0,"N",0,0.0,0,0,0,0,0,0,0,0,0,0,0,0,0,0
"36093","5","238122","78","0","2016","1","N","Schenectady County, New York","Private","NAICS 238122 Nonresidential structural steel contractors","County, NAICS 6-digit -- by ownership sector","All establishment sizes",1,0,0,0,0,0,0,0,"N",0.73,0,0,0,0,0,0,0,"N",0,0.0,0,0,0,0,0,0,0,0,0,0,0,0,0,0
"36093","5","238122","78","0","2016","2","N","Schenectady County, New York","Private","NAICS 238122 Nonresidential structural steel contractors","County, NAICS 6-digit -- by ownership sector","All establishment sizes",1,0,0,0,0,0,0,0,"N",0.72,0,0,0,0,0,0,0,"N",0,0.0,0,0,0,0,0,0,0,0,0,0,0,0,0,0
"36093","5","238122","78","0","2016","3","N","Schenectady County, New York","Private","NAICS 238122 Nonresidential structural steel contractors","County, NAICS 6-digit -- by ownership sector","All establishment sizes",1,0,0,0,0,0,0,0,"N",0.72,0,0,0,0,0,0,0,"N",0,0.0,0,0,0,0,0,0,0,0,0,0,0,0,0,0
"36093","5","238122","78","0","2016","4","N","Schenectady County, New York","Private","NAICS 238122 Nonresidential structural steel contractors","County, NAICS 6-digit -- by ownership sector","All establishment sizes",1,0,0,0,0,0,0,0,"N",0.72,0,0,0,0,0,0,0,"N",0,0.0,0,0,0,0,0,0,0,0,0,0,0,0,0,0
"36093","5","23813","77","0","2016","1","","Schenectady County, New York","Private","NAICS 23813 Framing contractors","County, NAICS 5-digit -- by ownership sector","All establishment sizes",7,29,27,21,236227,182417,12457,708,"",1.83,0.89,0.82,0.63,0.79,0.85,1.38,1.01,"",0,0.0,11,61.1,9,50.0,3,16.7,146027,161.9,97317,114.4,8787,239.4,323,83.9
"36093","5","23813","77","0","2016","2","","Schenectady County, New York","Private","NAICS 23813 Framing contractors","County, NAICS 5-digit -- by ownership sector","All establishment sizes",7,28,29,29,219096,95007,7064,588,"",1.81,0.82,0.84,0.81,0.56,1.05,1.58,0.69,"",0,0.0,7,33.3,8,38.1,8,38.1,42111,23.8,8277,9.5,2054,41.0,-60,-9.3
"36093","5","23813","77","0","2016","3","","Schenectady County, New York","Private","NAICS 23813 Framing contractors","County, NAICS 5-digit -- by ownership sector","All establishment sizes",7,32,30,30,244747,71916,6050,614,"",1.79,0.92,0.85,0.85,0.62,1.07,1.85,0.71,"",0,0.0,6,23.1,5,20.0,6,25.0,52585,27.4,15705,27.9,3254,116.4,23,3.9
"36093","5","23813","77","0","2016","4","","Schenectady County, New York","Private","NAICS 23813 Framing contractors","County, NAICS 5-digit -- by ownership sector","All establishment sizes",7,30,29,31,206651,49647,4023,530,"",1.79,0.84,0.82,0.90,0.54,1.02,1.77,0.64,"",0,0.0,2,7.1,1,3.6,3,10.7,-37501,-15.4,-28326,-36.3,-1879,-31.8,-141,-21.0
"36093","5","238131","78","0","2016","1","","Schenectady County, New York","Private","NAICS 238131 Residential framing contractors","County, NAICS 6-digit -- by ownership sector","All establishment sizes",7,29,27,21,236227,182417,12457,708,"",2.15,1.16,1.06,0.81,1.10,1.15,1.93,1.09,"",0,0.0,11,61.1,9,50.0,3,16.7,146027,161.9,97317,114.4,8787,239.4,323,83.9
"36093","5","238131","78","0","2016","2","","Schenectady County, New York","Private","NAICS 238131 Residential framing contractors","County, NAICS 6-digit -- by ownership sector","All establishment sizes",7,28,29,29,219096,95007,7064,588,"",2.12,1.05,1.08,1.04,0.77,1.34,2.04,0.73,"",0,0.0,7,33.3,8,38.1,8,38.1,42111,23.8,8277,9.5,2054,41.0,-60,-9.3
"36093","5","238131","78","0","2016","3","","Schenectady County, New York","Private","NAICS 238131 Residential framing contractors","County, NAICS 6-digit -- by ownership sector","All establishment sizes",7,32,30,30,244747,71916,6050,614,"",2.09,1.18,1.09,1.10,0.85,1.36,2.38,0.76,"",0,0.0,6,23.1,5,20.0,6,25.0,52585,27.4,15705,27.9,3254,116.4,23,3.9
"36093","5","238131","78","0","2016","4","","Schenectady County, New York","Private","NAICS 238131 Residential framing contractors","County, NAICS 6-digit -- by ownership sector","All establishment sizes",7,30,29,31,206651,49647,4023,530,"",2.09,1.09,1.06,1.17,0.76,1.30,2.31,0.69,"",0,0.0,2,7.1,1,3.6,3,10.7,-37501,-15.4,-28326,-36.3,-1879,-31.8,-141,-21.0
"36093","5","23814","77","0","2016","1","","Schenectady County, New York","Private","NAICS 23814 Masonry contractors","County, NAICS 5-digit -- by ownership sector","All establishment sizes",11,26,24,25,333221,260619,22028,1025,"",1.54,0.44,0.41,0.40,0.56,0.64,0.92,1.35,"",-5,-31.2,-1,-3.7,-4,-14.3,-3,-10.7,27614,9.0,8983,3.6,-185,-0.8,175,20.6
"36093","5","23814","77","0","2016","2","","Schenectady County, New York","Private","NAICS 23814 Masonry contractors","County, NAICS 5-digit -- by ownership sector","All establishment sizes",12,28,30,38,420599,145159,12557,1011,"",1.66,0.42,0.45,0.55,0.52,0.82,0.91,1.09,"",-4,-25.0,-5,-15.2,-5,-14.3,1,2.7,-23907,-5.4,3336,2.4,-770,-5.8,34,3.5
"36093","5","23814","77","0","2016","3","","Schenectady County, New York","Private","NAICS 23814 Masonry contractors","County, NAICS 5-digit -- by ownership sector","All establishment sizes",12,43,46,44,563787,123970,8804,978,"",1.66,0.64,0.69,0.65,0.69,1.07,1.04,1.04,"",-3,-20.0,-39,-47.6,1,2.2,5,12.8,-49493,-8.1,-94549,-43.3,-11667,-57.0,125,14.7
"36093","5","23814","77","0","2016","4","","Schenectady County, New York","Private","NAICS 23814 Masonry contractors","County, NAICS 5-digit -- by ownership sector","All establishment sizes",12,44,48,38,779963,142534,11666,1385,"",1.66,0.64,0.71,0.60,0.96,1.85,2.24,1.47,"",-2,-14.3,6,15.8,10,26.3,1,2.7,105594,15.7,57656,67.9,4381,60.1,8,0.6
"36093","5","238141","78","0","2016","1","N","Schenectady County, New York","Private","NAICS 238141 Residential masonry contractors","County, NAICS 6-digit -- by ownership sector","All establishment sizes",9,0,0,0,0,0,0,0,"N",1.72,0,0,0,0,0,0,0,"N",-4,-30.8,0,0,0,0,0,0,0,0,0,0,0,0,0,0
"36093","5","238141","78","0","2016","2","N","Schenectady County, New York","Private","NAICS 238141 Residential masonry contractors","County, NAICS 6-digit -- by ownership sector","All establishment sizes",10,0,0,0,0,0,0,0,"N",1.88,0,0,0,0,0,0,0,"N",-3,-23.1,0,0,0,0,0,0,0,0,0,0,0,0,0,0
"36093","5","238141","78","0","2016","3","N","Schenectady County, New York","Private","NAICS 238141 Residential masonry contractors","County, NAICS 6-digit -- by ownership sector","All establishment sizes",10,0,0,0,0,0,0,0,"N",1.86,0,0,0,0,0,0,0,"N",-3,-23.1,0,0,0,0,0,0,0,0,0,0,0,0,0,0
"36093","5","238141","78","0","2016","4","N","Schenectady County, New York","Private","NAICS 238141 Residential masonry contractors","County, NAICS 6-digit -- by ownership sector","All establishment sizes",10,0,0,0,0,0,0,0,"N",1.86,0,0,0,0,0,0,0,"N",-2,-16.7,0,0,0,0,0,0,0,0,0,0,0,0,0,0
"36093","5","238142","78","0","2016","1","N","Schenectady County, New York","Private","NAICS 238142 Nonresidential masonry contractors","County, NAICS 6-digit -- by ownership sector","All establishment sizes",2,0,0,0,0,0,0,0,"N",1.06,0,0,0,0,0,0,0,"N",-1,-33.3,0,0,0,0,0,0,0,0,0,0,0,0,0,0
"36093","5","238142","78","0","2016","2","N","Schenectady County, New York","Private","NAICS 238142 Nonresidential masonry contractors","County, NAICS 6-digit -- by ownership sector","All establishment sizes",2,0,0,0,0,0,0,0,"N",1.06,0,0,0,0,0,0,0,"N",-1,-33.3,0,0,0,0,0,0,0,0,0,0,0,0,0,0
"36093","5","238142","78","0","2016","3","N","Schenectady County, New York","Private","NAICS 238142 Nonresidential masonry contractors","County, NAICS 6-digit -- by ownership sector","All establishment sizes",2,0,0,0,0,0,0,0,"N",1.06,0,0,0,0,0,0,0,"N",0,0.0,0,0,0,0,0,0,0,0,0,0,0,0,0,0
"36093","5","238142","78","0","2016","4","N","Schenectady County, New York","Private","NAICS 238142 Nonresidential masonry contractors","County, NAICS 6-digit -- by ownership sector","All establishment sizes",2,0,0,0,0,0,0,0,"N",1.07,0,0,0,0,0,0,0,"N",0,0.0,0,0,0,0,0,0,0,0,0,0,0,0,0,0
"36093","5","23815","77","0","2016","1","N","Schenectady County, New York","Private","NAICS 23815 Glass and glazing contractors","County, NAICS 5-digit -- by ownership sector","All establishment sizes",4,0,0,0,0,0,0,0,"N",1.88,0,0,0,0,0,0,0,"N",0,0.0,0,0,0,0,0,0,0,0,0,0,0,0,0,0
"36093","5","23815","77","0","2016","2","N","Schenectady County, New York","Private","NAICS 23815 Glass and glazing contractors","County, NAICS 5-digit -- by ownership sector","All establishment sizes",4,0,0,0,0,0,0,0,"N",1.86,0,0,0,0,0,0,0,"N",0,0.0,0,0,0,0,0,0,0,0,0,0,0,0,0,0
"36093","5","23815","77","0","2016","3","N","Schenectady County, New York","Private","NAICS 23815 Glass and glazing contractors","County, NAICS 5-digit -- by ownership sector","All establishment sizes",4,0,0,0,0,0,0,0,"N",1.85,0,0,0,0,0,0,0,"N",0,0.0,0,0,0,0,0,0,0,0,0,0,0,0,0,0
"36093","5","23815","77","0","2016","4","N","Schenectady County, New York","Private","NAICS 23815 Glass and glazing contractors","County, NAICS 5-digit -- by ownership sector","All establishment sizes",4,0,0,0,0,0,0,0,"N",1.85,0,0,0,0,0,0,0,"N",0,0.0,0,0,0,0,0,0,0,0,0,0,0,0,0,0
"36093","5","238151","78","0","2016","1","N","Schenectady County, New York","Private","NAICS 238151 Residential glass and glazing contractors","County, NAICS 6-digit -- by ownership sector","All establishment sizes",1,0,0,0,0,0,0,0,"N",0.90,0,0,0,0,0,0,0,"N",0,0.0,0,0,0,0,0,0,0,0,0,0,0,0,0,0
"36093","5","238151","78","0","2016","2","N","Schenectady County, New York","Private","NAICS 238151 Residential glass and glazing contractors","County, NAICS 6-digit -- by ownership sector","All establishment sizes",1,0,0,0,0,0,0,0,"N",0.88,0,0,0,0,0,0,0,"N",0,0.0,0,0,0,0,0,0,0,0,0,0,0,0,0,0
"36093","5","238151","78","0","2016","3","N","Schenectady County, New York","Private","NAICS 238151 Residential glass and glazing contractors","County, NAICS 6-digit -- by ownership sector","All establishment sizes",1,0,0,0,0,0,0,0,"N",0.88,0,0,0,0,0,0,0,"N",0,0.0,0,0,0,0,0,0,0,0,0,0,0,0,0,0
"36093","5","238151","78","0","2016","4","N","Schenectady County, New York","Private","NAICS 238151 Residential glass and glazing contractors","County, NAICS 6-digit -- by ownership sector","All establishment sizes",1,0,0,0,0,0,0,0,"N",0.87,0,0,0,0,0,0,0,"N",0,0.0,0,0,0,0,0,0,0,0,0,0,0,0,0,0
"36093","5","238152","78","0","2016","1","N","Schenectady County, New York","Private","NAICS 238152 Nonresidential glass and glazing contractors","County, NAICS 6-digit -- by ownership sector","All establishment sizes",3,0,0,0,0,0,0,0,"N",2.97,0,0,0,0,0,0,0,"N",0,0.0,0,0,0,0,0,0,0,0,0,0,0,0,0,0
"36093","5","238152","78","0","2016","2","N","Schenectady County, New York","Private","NAICS 238152 Nonresidential glass and glazing contractors","County, NAICS 6-digit -- by ownership sector","All establishment sizes",3,0,0,0,0,0,0,0,"N",2.95,0,0,0,0,0,0,0,"N",0,0.0,0,0,0,0,0,0,0,0,0,0,0,0,0,0
"36093","5","238152","78","0","2016","3","N","Schenectady County, New York","Private","NAICS 238152 Nonresidential glass and glazing contractors","County, NAICS 6-digit -- by ownership sector","All establishment sizes",3,0,0,0,0,0,0,0,"N",2.94,0,0,0,0,0,0,0,"N",0,0.0,0,0,0,0,0,0,0,0,0,0,0,0,0,0
"36093","5","238152","78","0","2016","4","N","Schenectady County, New York","Private","NAICS 238152 Nonresidential glass and glazing contractors","County, NAICS 6-digit -- by ownership sector","All establishment sizes",3,0,0,0,0,0,0,0,"N",2.97,0,0,0,0,0,0,0,"N",0,0.0,0,0,0,0,0,0,0,0,0,0,0,0,0,0
"36093","5","23816","77","0","2016","1","","Schenectady County, New York","Private","NAICS 23816 Roofing contractors","County, NAICS 5-digit -- by ownership sector","All establishment sizes",14,139,114,123,1482205,1104462,104319,910,"",1.89,1.83,1.52,1.58,1.88,2.17,4.31,1.15,"",2,16.7,29,26.4,21,22.6,18,17.1,321472,27.7,258810,30.6,21427,25.8,40,4.6
"36093","5","23816","77","0","2016","2","","Schenectady County, New York","Private","NAICS 23816 Roofing contractors","County, NAICS 5-digit -- by ownership sector","All establishment sizes",14,160,191,201,2076492,725455,66159,868,"",1.87,1.94,2.26,2.28,1.95,3.64,5.09,0.90,"",2,16.7,39,32.2,53,38.4,40,24.8,521647,33.5,151437,26.4,10282,18.4,14,1.6
"36093","5","23816","77","0","2016","3","","Schenectady County, New York","Private","NAICS 23816 Roofing contractors","County, NAICS 5-digit -- by ownership sector","All establishment sizes",14,180,193,204,2320797,373352,32507,928,"",1.84,2.11,2.26,2.38,2.08,2.77,3.94,0.92,"",2,16.7,23,14.6,44,29.5,53,35.1,464028,25.0,-15356,-4.0,-5239,-13.9,-10,-1.1
"36093","5","23816","77","0","2016","4","","Schenectady County, New York","Private","NAICS 23816 Roofing contractors","County, NAICS 5-digit -- by ownership sector","All establishment sizes",14,197,187,177,3355649,205249,18231,1380,"",1.83,2.26,2.15,2.16,3.04,2.42,3.98,1.39,"",2,16.7,34,20.9,31,19.9,28,18.8,706437,26.7,-111980,-35.3,-12506,-40.7,74,5.7
"36093","5","238161","78","0","2016","1","N","Schenectady County, New York","Private","NAICS 238161 Residential roofing contractors","County, NAICS 6-digit -- by ownership sector","All establishment sizes",7,0,0,0,0,0,0,0,"N",1.28,0,0,0,0,0,0,0,"N",2,40.0,0,0,0,0,0,0,0,0,0,0,0,0,0,0
"36093","5","238161","78","0","2016","2","","Schenectady County, New York","Private","NAICS 238161 Residential roofing contractors","County, NAICS 6-digit -- by ownership sector","All establishment sizes",7,25,31,30,158794,117586,8909,426,"",1.26,0.65,0.78,0.73,0.37,1.29,1.90,0.51,"",2,40.0,9,56.2,12,63.2,10,50.0,28011,21.4,8775,8.1,-1864,-17.3,-123,-22.4
"36093","5","238161","78","0","2016","3","","Schenectady County, New York","Private","NAICS 238161 Residential roofing contractors","County, NAICS 6-digit -- by ownership sector","All establishment sizes",7,27,30,31,178478,54148,2588,468,"",1.24,0.69,0.76,0.78,0.40,0.84,0.82,0.54,"",2,40.0,-2,-6.9,5,20.0,5,19.2,7471,4.4,-13955,-20.5,-3496,-57.5,-25,-5.1
"36093","5","238161","78","0","2016","4","N","Schenectady County, New York","Private","NAICS 238161 Residential roofing contractors","County, NAICS 6-digit -- by ownership sector","All establishment sizes",7,0,0,0,0,0,0,0,"N",1.23,0,0,0,0,0,0,0,"N",2,40.0,0,0,0,0,0,0,0,0,0,0,0,0,0,0
"36093","5","238162","78","0","2016","1","N","Schenectady County, New York","Private","NAICS 238162 Nonresidential roofing contractors","County, NAICS 6-digit -- by ownership sector","All establishment sizes",7,0,0,0,0,0,0,0,"N",3.61,0,0,0,0,0,0,0,"N",0,0.0,0,0,0,0,0,0,0,0,0,0,0,0,0,0
"36093","5","238162","78","0","2016","2","","Schenectady County, New York","Private","NAICS 238162 Nonresidential roofing contractors","County, NAICS 6-digit -- by ownership sector","All establishment sizes",7,135,160,171,1917698,607869,57250,950,"",3.59,3.07,3.55,3.62,3.05,5.61,6.90,0.89,"",0,0.0,30,28.6,41,34.5,30,21.3,493636,34.7,142662,30.7,12146,26.9,50,5.6
"36093","5","238162","78","0","2016","3","","Schenectady County, New York","Private","NAICS 238162 Nonresidential roofing contractors","County, NAICS 6-digit -- by ownership sector","All establishment sizes",7,153,163,173,2142319,319204,29919,1011,"",3.57,3.34,3.54,3.77,3.18,4.55,5.89,0.90,"",0,0.0,25,19.5,39,31.5,48,38.4,456557,27.1,-1401,-0.4,-1743,-5.5,-21,-2.0
"36093","5","238162","78","0","2016","4","N","Schenectady County, New York","Private","NAICS 238162 Nonresidential roofing contractors","County, NAICS 6-digit -- by ownership sector","All establishment sizes",7,0,0,0,0,0,0,0,"N",3.58,0,0,0,0,0,0,0,"N",0,0.0,0,0,0,0,0,0,0,0,0,0,0,0,0,0
"36093","5","23817","77","0","2016","1","","Schenectady County, New York","Private","NAICS 23817 Siding contractors","County, NAICS 5-digit -- by ownership sector","All establishment sizes",8,22,20,19,144559,133631,9120,547,"",3.04,1.52,1.40,1.28,1.10,1.42,2.36,0.79,"",-1,-11.1,5,29.4,8,66.7,4,26.7,67356,87.2,56718,73.7,4881,115.1,142,35.1
"36093","5","23817","77","0","2016","2","","Schenectady County, New York","Private","NAICS 23817 Siding contractors","County, NAICS 5-digit -- by ownership sector","All establishment sizes",8,25,20,25,162621,78737,4990,536,"",2.99,1.60,1.25,1.51,0.91,1.76,2.07,0.63,"",-2,-20.0,-4,-13.8,-12,-37.5,-10,-28.6,-69127,-29.8,-103515,-56.8,-8541,-63.1,-21,-3.8
"36093","5","23817","77","0","2016","3","","Schenectady County, New York","Private","NAICS 23817 Siding contractors","County, NAICS 5-digit -- by ownership sector","All establishment sizes",8,22,20,21,144652,40090,2386,530,"",2.98,1.38,1.25,1.31,0.80,1.35,1.59,0.61,"",-2,-20.0,-6,-21.4,-8,-28.6,-6,-22.2,-75140,-34.2,-51723,-56.3,-5182,-68.5,-81,-13.3
"36093","5","23817","77","0","2016","4","","Schenectady County, New York","Private","NAICS 23817 Siding contractors","County, NAICS 5-digit -- by ownership sector","All establishment sizes",8,21,14,18,124931,22398,1162,544,"",2.97,1.29,0.86,1.15,0.69,1.08,1.21,0.63,"",-2,-20.0,-3,-12.5,-8,-36.4,-12,-40.0,-97609,-43.9,-30682,-57.8,-2503,-68.3,-132,-19.5
"36093","5","238171","78","0","2016","1","","Schenectady County, New York","Private","NAICS 238171 Residential siding contractors","County, NAICS 6-digit -- by ownership sector","All establishment sizes",8,22,20,19,144559,133631,9120,547,"",3.30,1.80,1.66,1.51,1.38,1.74,3.08,0.83,"",-1,-11.1,5,29.4,8,66.7,4,26.7,67356,87.2,56718,73.7,4881,115.1,142,35.1
"36093","5","238171","78","0","2016","2","","Schenectady County, New York","Private","NAICS 238171 Residential siding contractors","County, NAICS 6-digit -- by ownership sector","All establishment sizes",8,25,20,25,162621,78737,4990,536,"",3.25,1.90,1.48,1.78,1.13,2.05,2.48,0.66,"",-2,-20.0,-4,-13.8,-12,-37.5,-10,-28.6,-69127,-29.8,-103515,-56.8,-8541,-63.1,-21,-3.8
"36093","5","238171","78","0","2016","3","","Schenectady County, New York","Private","NAICS 238171 Residential siding contractors","County, NAICS 6-digit -- by ownership sector","All establishment sizes",8,22,20,21,144652,40090,2386,530,"",3.24,1.63,1.49,1.55,0.99,1.58,1.93,0.64,"",-2,-20.0,-6,-21.4,-8,-28.6,-6,-22.2,-75140,-34.2,-51723,-56.3,-5182,-68.5,-81,-13.3
"36093","5","238171","78","0","2016","4","","Schenectady County, New York","Private","NAICS 238171 Residential siding contractors","County, NAICS 6-digit -- by ownership sector","All establishment sizes",8,21,14,18,124931,22398,1162,544,"",3.22,1.53,1.02,1.37,0.88,1.25,1.46,0.67,"",-2,-20.0,-3,-12.5,-8,-36.4,-12,-40.0,-97609,-43.9,-30682,-57.8,-2503,-68.3,-132,-19.5
"36093","5","23819","77","0","2016","1","N","Schenectady County, New York","Private","NAICS 23819 Other building exterior contractors","County, NAICS 5-digit -- by ownership sector","All establishment sizes",2,0,0,0,0,0,0,0,"N",0.91,0,0,0,0,0,0,0,"N",0,0.0,0,0,0,0,0,0,0,0,0,0,0,0,0,0
"36093","5","23819","77","0","2016","2","N","Schenectady County, New York","Private","NAICS 23819 Other building exterior contractors","County, NAICS 5-digit -- by ownership sector","All establishment sizes",2,0,0,0,0,0,0,0,"N",0.89,0,0,0,0,0,0,0,"N",-1,-33.3,0,0,0,0,0,0,0,0,0,0,0,0,0,0
"36093","5","23819","77","0","2016","3","N","Schenectady County, New York","Private","NAICS 23819 Other building exterior contractors","County, NAICS 5-digit -- by ownership sector","All establishment sizes",2,0,0,0,0,0,0,0,"N",0.89,0,0,0,0,0,0,0,"N",1,100.0,0,0,0,0,0,0,0,0,0,0,0,0,0,0
"36093","5","23819","77","0","2016","4","N","Schenectady County, New York","Private","NAICS 23819 Other building exterior contractors","County, NAICS 5-digit -- by ownership sector","All establishment sizes",2,0,0,0,0,0,0,0,"N",0.88,0,0,0,0,0,0,0,"N",1,100.0,0,0,0,0,0,0,0,0,0,0,0,0,0,0
"36093","5","238191","78","0","2016","1","N","Schenectady County, New York","Private","NAICS 238191 Other residential exterior contractors","County, NAICS 6-digit -- by ownership sector","All establishment sizes",1,0,0,0,0,0,0,0,"N",0.93,0,0,0,0,0,0,0,"N",1,100.0,0,0,0,0,0,0,0,0,0,0,0,0,0,0
"36093","5","238191","78","0","2016","2","N","Schenectady County, New York","Private","NAICS 238191 Other residential exterior contractors","County, NAICS 6-digit -- by ownership sector","All establishment sizes",1,0,0,0,0,0,0,0,"N",0.89,0,0,0,0,0,0,0,"N",1,100.0,0,0,0,0,0,0,0,0,0,0,0,0,0,0
"36093","5","238191","78","0","2016","3","N","Schenectady County, New York","Private","NAICS 238191 Other residential exterior contractors","County, NAICS 6-digit -- by ownership sector","All establishment sizes",1,0,0,0,0,0,0,0,"N",0.88,0,0,0,0,0,0,0,"N",1,100.0,0,0,0,0,0,0,0,0,0,0,0,0,0,0
"36093","5","238191","78","0","2016","4","N","Schenectady County, New York","Private","NAICS 238191 Other residential exterior contractors","County, NAICS 6-digit -- by ownership sector","All establishment sizes",1,0,0,0,0,0,0,0,"N",0.87,0,0,0,0,0,0,0,"N",1,100.0,0,0,0,0,0,0,0,0,0,0,0,0,0,0
"36093","5","238192","78","0","2016","1","N","Schenectady County, New York","Private","NAICS 238192 Other nonresidential exterior contractors","County, NAICS 6-digit -- by ownership sector","All establishment sizes",1,0,0,0,0,0,0,0,"N",0.90,0,0,0,0,0,0,0,"N",-1,-50.0,0,0,0,0,0,0,0,0,0,0,0,0,0,0
"36093","5","238192","78","0","2016","2","N","Schenectady County, New York","Private","NAICS 238192 Other nonresidential exterior contractors","County, NAICS 6-digit -- by ownership sector","All establishment sizes",1,0,0,0,0,0,0,0,"N",0.89,0,0,0,0,0,0,0,"N",-2,-66.7,0,0,0,0,0,0,0,0,0,0,0,0,0,0
"36093","5","238192","78","0","2016","3","N","Schenectady County, New York","Private","NAICS 238192 Other nonresidential exterior contractors","County, NAICS 6-digit -- by ownership sector","All establishment sizes",1,0,0,0,0,0,0,0,"N",0.89,0,0,0,0,0,0,0,"N",0,0.0,0,0,0,0,0,0,0,0,0,0,0,0,0,0
"36093","5","238192","78","0","2016","4","N","Schenectady County, New York","Private","NAICS 238192 Other nonresidential exterior contractors","County, NAICS 6-digit -- by ownership sector","All establishment sizes",1,0,0,0,0,0,0,0,"N",0.89,0,0,0,0,0,0,0,"N",0,0.0,0,0,0,0,0,0,0,0,0,0,0,0,0,0
"36093","5","2382","76","0","2016","1","","Schenectady County, New York","Private","NAICS 2382 Building equipment contractors","County, NAICS 4-digit -- by ownership sector","All establishment sizes",88,798,788,783,10117732,7153956,475380,986,"",1.28,0.92,0.90,0.89,0.85,1.02,1.39,0.94,"",-3,-3.3,131,19.6,128,19.4,116,17.4,1985086,24.4,1399525,24.3,45124,10.5,45,4.8
"36093","5","2382","76","0","2016","2","","Schenectady County, New York","Private","NAICS 2382 Building equipment contractors","County, NAICS 4-digit -- by ownership sector","All establishment sizes",89,780,793,798,10853135,1531199,93634,1056,"",1.28,0.88,0.89,0.87,0.76,0.82,0.90,0.86,"",0,0.0,43,5.8,49,6.6,46,6.1,1186411,12.3,-116900,-7.1,-24842,-21.0,57,5.7
"36093","5","2382","76","0","2016","3","","Schenectady County, New York","Private","NAICS 2382 Building equipment contractors","County, NAICS 4-digit -- by ownership sector","All establishment sizes",90,825,826,824,11600418,1074976,68625,1082,"",1.28,0.93,0.93,0.92,0.83,0.95,1.07,0.89,"",1,1.1,55,7.1,35,4.4,46,5.9,1319964,12.8,-168145,-13.5,-27185,-28.4,68,6.7
"36093","5","2382","76","0","2016","4","","Schenectady County, New York","Private","NAICS 2382 Building equipment contractors","County, NAICS 4-digit -- by ownership sector","All establishment sizes",85,805,796,812,11696825,800263,51873,1119,"",1.21,0.88,0.87,0.90,0.82,0.97,1.08,0.93,"",-5,-5.6,-15,-1.8,-26,-3.2,-11,-1.3,-1228075,-9.5,-323002,-28.8,-33492,-39.2,-91,-7.5
"36093","5","23821","77","0","2016","1","","Schenectady County, New York","Private","NAICS 23821 Electrical and wiring contractors","County, NAICS 5-digit -- by ownership sector","All establishment sizes",40,298,290,288,3817554,2552549,165688,1006,"",1.37,0.80,0.78,0.77,0.74,0.84,1.08,0.95,"",-1,-2.4,25,9.2,24,9.0,13,4.7,494794,14.9,273802,12.0,-3154,-1.9,64,6.8
"36093","5","23821","77","0","2016","2","","Schenectady County, New York","Private","NAICS 23821 Electrical and wiring contractors","County, NAICS 5-digit -- by ownership sector","All establishment sizes",40,299,298,300,3958936,637635,35927,1019,"",1.36,0.79,0.79,0.77,0.65,0.80,0.80,0.83,"",0,0.0,6,2.0,-2,-0.7,3,1.0,-85791,-2.1,18031,2.9,-7592,-17.4,-30,-2.9
"36093","5","23821","77","0","2016","3","","Schenectady County, New York","Private","NAICS 23821 Electrical and wiring contractors","County, NAICS 5-digit -- by ownership sector","All establishment sizes",40,309,307,311,4255161,445502,26527,1059,"",1.35,0.82,0.81,0.81,0.71,0.90,0.91,0.87,"",0,0.0,-8,-2.5,-17,-5.2,-7,-2.2,317903,8.1,-73561,-14.2,-12229,-31.6,112,11.8
"36093","5","23821","77","0","2016","4","","Schenectady County, New York","Private","NAICS 23821 Electrical and wiring contractors","County, NAICS 5-digit -- by ownership sector","All establishment sizes",38,293,298,306,4099627,331912,20615,1055,"",1.28,0.75,0.76,0.79,0.66,0.88,0.91,0.86,"",-3,-7.3,-41,-12.3,-36,-10.8,-25,-7.6,-1331453,-24.5,-227832,-40.7,-25165,-55.0,-200,-15.9
"36093","5","238211","78","0","2016","1","","Schenectady County, New York","Private","NAICS 238211 Residential electrical contractors","County, NAICS 6-digit -- by ownership sector","All establishment sizes",27,100,101,100,861373,778695,34270,660,"",1.64,0.84,0.84,0.84,0.68,0.93,1.08,0.81,"",0,0.0,4,4.2,16,18.8,10,11.1,208738,32.0,215924,38.4,761,2.3,104,18.7
"36093","5","238211","78","0","2016","2","","Schenectady County, New York","Private","NAICS 238211 Residential electrical contractors","County, NAICS 6-digit -- by ownership sector","All establishment sizes",27,104,105,105,971532,357749,16159,714,"",1.61,0.86,0.86,0.84,0.63,1.32,1.39,0.73,"",1,3.8,27,35.1,15,16.7,12,12.9,256878,35.9,90676,34.0,1614,11.1,80,12.6
"36093","5","238211","78","0","2016","3","","Schenectady County, New York","Private","NAICS 238211 Residential electrical contractors","County, NAICS 6-digit -- by ownership sector","All establishment sizes",27,110,107,103,1132062,217664,10405,816,"",1.61,0.91,0.88,0.84,0.74,1.25,1.40,0.84,"",1,3.8,13,13.4,4,3.9,14,15.7,275458,32.2,11406,5.5,-2009,-16.2,132,19.3
"36093","5","238211","78","0","2016","4","","Schenectady County, New York","Private","NAICS 238211 Residential electrical contractors","County, NAICS 6-digit -- by ownership sector","All establishment sizes",27,106,110,112,996212,207407,11587,701,"",1.59,0.85,0.88,0.90,0.64,1.59,2.08,0.73,"",0,0.0,10,10.4,1,0.9,-1,-0.9,-53123,-5.1,-10459,-4.8,-4444,-27.7,-60,-7.9
"36093","5","238212","78","0","2016","1","","Schenectady County, New York","Private","NAICS 238212 Nonresidential electrical contractors","County, NAICS 6-digit -- by ownership sector","All establishment sizes",13,198,189,188,2956181,1773854,131418,1186,"",1.02,0.78,0.74,0.74,0.76,0.81,1.08,1.01,"",-1,-7.1,21,11.9,8,4.4,3,1.6,286056,10.7,57878,3.4,-3915,-2.9,51,4.5
"36093","5","238212","78","0","2016","2","","Schenectady County, New York","Private","NAICS 238212 Nonresidential electrical contractors","County, NAICS 6-digit -- by ownership sector","All establishment sizes",13,195,193,195,2987404,279886,19768,1183,"",1.02,0.76,0.75,0.74,0.65,0.53,0.59,0.88,"",-1,-7.1,-21,-9.7,-17,-8.1,-9,-4.4,-342669,-10.3,-72645,-20.6,-9206,-31.8,-37,-3.0
"36093","5","238212","78","0","2016","3","","Schenectady County, New York","Private","NAICS 238212 Nonresidential electrical contractors","County, NAICS 6-digit -- by ownership sector","All establishment sizes",13,199,200,208,3123099,227838,16122,1187,"",1.02,0.78,0.78,0.80,0.70,0.71,0.74,0.89,"",-1,-7.1,-21,-9.5,-21,-9.5,-21,-9.2,42445,1.4,-84967,-27.2,-10220,-38.8,126,11.9
"36093","5","238212","78","0","2016","4","","Schenectady County, New York","Private","NAICS 238212 Nonresidential electrical contractors","County, NAICS 6-digit -- by ownership sector","All establishment sizes",11,187,188,194,3103415,124505,9028,1259,"",0.86,0.70,0.71,0.74,0.67,0.50,0.53,0.94,"",-3,-21.4,-51,-21.4,-37,-16.4,-24,-11.0,-1278330,-29.2,-217373,-63.6,-20721,-69.7,-226,-15.2
"36093","5","23822","77","0","2016","1","","Schenectady County, New York","Private","NAICS 23822 Plumbing and hvac contractors","County, NAICS 5-digit -- by ownership sector","All establishment sizes",44,439,437,436,5438357,4042473,280243,957,"",1.22,1.01,1.00,0.99,0.95,1.16,1.70,0.95,"",-3,-6.4,59,15.5,61,16.2,61,16.3,833182,18.1,702797,21.0,31475,12.7,17,1.8
"36093","5","23822","77","0","2016","2","","Schenectady County, New York","Private","NAICS 23822 Plumbing and hvac contractors","County, NAICS 5-digit -- by ownership sector","All establishment sizes",45,422,434,437,6002659,834660,53871,1071,"",1.23,0.94,0.96,0.94,0.86,0.88,1.05,0.91,"",-1,-2.2,-1,-0.2,10,2.4,5,1.2,628677,11.7,-157844,-15.9,-17804,-24.8,101,10.4
"36093","5","23822","77","0","2016","3","","Schenectady County, New York","Private","NAICS 23822 Plumbing and hvac contractors","County, NAICS 5-digit -- by ownership sector","All establishment sizes",46,453,459,451,6345584,588836,39377,1074,"",1.25,1.01,1.02,1.00,0.93,1.06,1.29,0.91,"",0,0.0,20,4.6,13,2.9,13,3.0,262807,4.3,-114940,-16.3,-16207,-29.2,8,0.8
"36093","5","23822","77","0","2016","4","","Schenectady County, New York","Private","NAICS 23822 Plumbing and hvac contractors","County, NAICS 5-digit -- by ownership sector","All establishment sizes",43,449,436,444,6420601,448712,29980,1115,"",1.17,0.98,0.95,0.98,0.93,1.16,1.40,0.96,"",-3,-6.5,-12,-2.6,-28,-6.0,-24,-5.1,-470820,-6.8,-108292,-19.4,-8959,-23.0,-27,-2.4
"36093","5","238221","78","0","2016","1","","Schenectady County, New York","Private","NAICS 238221 Residential plumbing and hvac contractors","County, NAICS 6-digit -- by ownership sector","All establishment sizes",34,335,328,324,3959499,3018187,191066,926,"",1.31,1.60,1.56,1.54,1.77,2.03,3.58,1.13,"",-2,-5.6,49,17.1,43,15.1,39,13.7,654279,19.8,485589,19.2,15201,8.6,35,3.9
"36093","5","238221","78","0","2016","2","","Schenectady County, New York","Private","NAICS 238221 Residential plumbing and hvac contractors","County, NAICS 6-digit -- by ownership sector","All establishment sizes",34,314,320,322,4004935,613437,34660,967,"",1.29,1.45,1.47,1.43,1.42,1.33,1.75,0.98,"",-1,-2.9,-10,-3.1,-5,-1.5,-7,-2.1,-81474,-2.0,-123860,-16.8,-14693,-29.8,3,0.3
"36093","5","238221","78","0","2016","3","","Schenectady County, New York","Private","NAICS 238221 Residential plumbing and hvac contractors","County, NAICS 6-digit -- by ownership sector","All establishment sizes",35,338,342,334,4368137,386465,21481,994,"",1.32,1.55,1.57,1.53,1.54,1.39,1.84,0.99,"",0,0.0,9,2.7,7,2.1,3,0.9,250190,6.1,-85804,-18.2,-12966,-37.6,39,4.1
"36093","5","238221","78","0","2016","4","","Schenectady County, New York","Private","NAICS 238221 Residential plumbing and hvac contractors","County, NAICS 6-digit -- by ownership sector","All establishment sizes",32,334,323,333,4445152,338920,20682,1036,"",1.20,1.50,1.45,1.52,1.59,1.78,2.59,1.07,"",-3,-8.6,-13,-3.7,-26,-7.4,-17,-4.9,-249004,-5.3,-150772,-30.8,-11824,-36.4,0,0.0
"36093","5","238222","78","0","2016","1","","Schenectady County, New York","Private","NAICS 238222 Nonresidential plumbing and hvac contractors","County, NAICS 6-digit -- by ownership sector","All establishment sizes",10,104,109,112,1478858,1024286,89177,1050,"",0.99,0.46,0.48,0.49,0.42,0.52,0.80,0.89,"",-1,-9.1,10,10.6,18,19.8,22,24.4,178903,13.8,217208,26.9,16274,22.3,-41,-3.8
"36093","5","238222","78","0","2016","2","","Schenectady County, New York","Private","NAICS 238222 Nonresidential plumbing and hvac contractors","County, NAICS 6-digit -- by ownership sector","All establishment sizes",11,108,114,115,1997724,221223,19211,1368,"",1.08,0.46,0.49,0.48,0.48,0.45,0.61,1.01,"",0,0.0,9,9.1,15,15.2,12,11.7,710151,55.2,-33984,-13.3,-3111,-13.9,381,38.6
"36093","5","238222","78","0","2016","3","","Schenectady County, New York","Private","NAICS 238222 Nonresidential plumbing and hvac contractors","County, NAICS 6-digit -- by ownership sector","All establishment sizes",11,115,117,117,1977447,202371,17896,1308,"",1.08,0.50,0.51,0.51,0.49,0.72,0.95,0.98,"",0,0.0,11,10.6,6,5.4,10,9.3,12617,0.6,-29136,-12.6,-3241,-15.3,-100,-7.1
"36093","5","238222","78","0","2016","4","","Schenectady County, New York","Private","NAICS 238222 Nonresidential plumbing and hvac contractors","County, NAICS 6-digit -- by ownership sector","All establishment sizes",11,115,113,111,1975449,109792,9298,1345,"",1.08,0.49,0.48,0.48,0.48,0.56,0.69,1.00,"",0,0.0,1,0.9,-2,-1.7,-7,-5.9,-221816,-10.1,42480,63.1,2865,44.5,-116,-7.9
"36093","5","23829","77","0","2016","1","","Schenectady County, New York","Private","NAICS 23829 Other building equipment contractors","County, NAICS 5-digit -- by ownership sector","All establishment sizes",4,61,61,59,861821,558934,29449,1099,"",1.10,1.03,1.03,0.99,0.86,1.06,1.19,0.84,"",1,33.3,47,335.7,43,238.9,42,247.1,657110,321.0,422926,311.0,16803,132.9,135,14.0
"36093","5","23829","77","0","2016","2","","Schenectady County, New York","Private","NAICS 23829 Other building equipment contractors","County, NAICS 5-digit -- by ownership sector","All establishment sizes",4,59,61,61,891540,58904,3836,1137,"",1.08,0.97,1.00,0.99,0.76,0.47,0.50,0.77,"",1,33.3,38,181.0,41,205.0,38,165.2,643525,259.5,22913,63.7,554,16.9,243,27.2
"36093","5","23829","77","0","2016","3","","Schenectady County, New York","Private","NAICS 23829 Other building equipment contractors","County, NAICS 5-digit -- by ownership sector","All establishment sizes",4,63,60,62,999673,40638,2721,1247,"",1.08,1.07,1.01,1.03,0.89,0.56,0.60,0.86,"",1,33.3,43,215.0,39,185.7,40,181.8,739254,283.9,20356,100.4,1251,85.1,293,30.7
"36093","5","23829","77","0","2016","4","","Schenectady County, New York","Private","NAICS 23829 Other building equipment contractors","County, NAICS 5-digit -- by ownership sector","All establishment sizes",4,63,62,62,1176597,19639,1278,1452,"",1.07,1.02,1.00,1.02,1.04,0.35,0.34,1.02,"",1,33.3,38,152.0,38,158.3,38,158.3,574198,95.3,13122,201.4,632,97.8,-452,-23.7
"36093","5","238291","78","0","2016","1","N","Schenectady County, New York","Private","NAICS 238291 Other residential equipment contractors","County, NAICS 6-digit -- by ownership sector","All establishment sizes",1,0,0,0,0,0,0,0,"N",1.40,0,0,0,0,0,0,0,"N",0,0.0,0,0,0,0,0,0,0,0,0,0,0,0,0,0
"36093","5","238291","78","0","2016","2","N","Schenectady County, New York","Private","NAICS 238291 Other residential equipment contractors","County, NAICS 6-digit -- by ownership sector","All establishment sizes",1,0,0,0,0,0,0,0,"N",1.37,0,0,0,0,0,0,0,"N",0,0.0,0,0,0,0,0,0,0,0,0,0,0,0,0,0
"36093","5","238291","78","0","2016","3","N","Schenectady County, New York","Private","NAICS 238291 Other residential equipment contractors","County, NAICS 6-digit -- by ownership sector","All establishment sizes",1,0,0,0,0,0,0,0,"N",1.36,0,0,0,0,0,0,0,"N",0,0.0,0,0,0,0,0,0,0,0,0,0,0,0,0,0
"36093","5","238291","78","0","2016","4","N","Schenectady County, New York","Private","NAICS 238291 Other residential equipment contractors","County, NAICS 6-digit -- by ownership sector","All establishment sizes",1,0,0,0,0,0,0,0,"N",1.33,0,0,0,0,0,0,0,"N",0,0.0,0,0,0,0,0,0,0,0,0,0,0,0,0,0
"36093","5","238292","78","0","2016","1","N","Schenectady County, New York","Private","NAICS 238292 Other nonresidential equipment contractors","County, NAICS 6-digit -- by ownership sector","All establishment sizes",3,0,0,0,0,0,0,0,"N",1.02,0,0,0,0,0,0,0,"N",1,50.0,0,0,0,0,0,0,0,0,0,0,0,0,0,0
"36093","5","238292","78","0","2016","2","N","Schenectady County, New York","Private","NAICS 238292 Other nonresidential equipment contractors","County, NAICS 6-digit -- by ownership sector","All establishment sizes",3,0,0,0,0,0,0,0,"N",1.01,0,0,0,0,0,0,0,"N",1,50.0,0,0,0,0,0,0,0,0,0,0,0,0,0,0
"36093","5","238292","78","0","2016","3","N","Schenectady County, New York","Private","NAICS 238292 Other nonresidential equipment contractors","County, NAICS 6-digit -- by ownership sector","All establishment sizes",3,0,0,0,0,0,0,0,"N",1.01,0,0,0,0,0,0,0,"N",1,50.0,0,0,0,0,0,0,0,0,0,0,0,0,0,0
"36093","5","238292","78","0","2016","4","N","Schenectady County, New York","Private","NAICS 238292 Other nonresidential equipment contractors","County, NAICS 6-digit -- by ownership sector","All establishment sizes",3,0,0,0,0,0,0,0,"N",1.01,0,0,0,0,0,0,0,"N",1,50.0,0,0,0,0,0,0,0,0,0,0,0,0,0,0
"36093","5","2383","76","0","2016","1","","Schenectady County, New York","Private","NAICS 2383 Building finishing contractors","County, NAICS 4-digit -- by ownership sector","All establishment sizes",72,333,307,322,2962164,2506694,150978,711,"",1.72,1.03,0.94,0.97,0.85,1.09,1.32,0.87,"",-11,-13.3,31,10.3,-17,-5.2,8,2.5,339498,12.9,305113,13.9,-676,-0.4,67,10.4
"36093","5","2383","76","0","2016","2","","Schenectady County, New York","Private","NAICS 2383 Building finishing contractors","County, NAICS 4-digit -- by ownership sector","All establishment sizes",71,326,351,354,3644932,1079195,62110,816,"",1.67,0.96,1.02,0.99,0.83,1.33,1.30,0.84,"",-11,-13.4,4,1.2,2,0.6,2,0.6,-41119,-1.1,5432,0.5,-8507,-12.0,-16,-1.9
"36093","5","2383","76","0","2016","3","","Schenectady County, New York","Private","NAICS 2383 Building finishing contractors","County, NAICS 4-digit -- by ownership sector","All establishment sizes",70,348,341,360,4010047,758672,45452,882,"",1.63,1.01,0.98,1.04,0.91,1.37,1.43,0.90,"",-10,-12.5,12,3.6,-19,-5.3,10,2.9,290904,7.8,7962,1.1,-6746,-12.9,61,7.4
"36093","5","2383","76","0","2016","4","","Schenectady County, New York","Private","NAICS 2383 Building finishing contractors","County, NAICS 4-digit -- by ownership sector","All establishment sizes",71,383,373,354,4212163,607646,36585,876,"",1.65,1.08,1.06,1.04,0.97,1.54,1.67,0.91,"",-6,-7.8,41,12.0,16,4.5,-11,-3.0,46203,1.1,75789,14.2,-3844,-9.5,-28,-3.1
"36093","5","23831","77","0","2016","1","","Schenectady County, New York","Private","NAICS 23831 Drywall and insulation contractors","County, NAICS 5-digit -- by ownership sector","All establishment sizes",11,141,127,132,1366846,1068678,66147,789,"",1.58,1.39,1.23,1.26,1.13,1.38,1.52,0.88,"",0,0.0,35,33.0,5,4.1,2,1.5,241978,21.5,188725,21.4,-752,-1.1,64,8.8
"36093","5","23831","77","0","2016","2","","Schenectady County, New York","Private","NAICS 23831 Drywall and insulation contractors","County, NAICS 5-digit -- by ownership sector","All establishment sizes",10,147,163,161,1828255,511723,31620,896,"",1.42,1.38,1.53,1.47,1.23,1.94,1.87,0.84,"",-1,-9.1,23,18.5,22,15.6,21,15.0,264986,17.0,116253,29.4,3419,12.1,5,0.6
"36093","5","23831","77","0","2016","3","","Schenectady County, New York","Private","NAICS 23831 Drywall and insulation contractors","County, NAICS 5-digit -- by ownership sector","All establishment sizes",9,162,163,178,2133665,350198,20571,979,"",1.26,1.54,1.54,1.66,1.46,1.95,1.84,0.92,"",-2,-18.2,32,24.6,26,19.0,38,27.1,500313,30.6,83488,31.3,296,1.5,53,5.7
"36093","5","23831","77","0","2016","4","","Schenectady County, New York","Private","NAICS 23831 Drywall and insulation contractors","County, NAICS 5-digit -- by ownership sector","All establishment sizes",9,170,172,165,2118343,265243,15629,964,"",1.26,1.56,1.59,1.55,1.45,2.01,1.93,0.92,"",-2,-18.2,37,27.8,24,16.2,9,5.8,84670,4.2,-16248,-5.8,-6691,-30.0,-110,-10.2
"36093","5","238311","78","0","2016","1","N","Schenectady County, New York","Private","NAICS 238311 Residential drywall contractors","County, NAICS 6-digit -- by ownership sector","All establishment sizes",10,0,0,0,0,0,0,0,"N",2.13,0,0,0,0,0,0,0,"N",1,11.1,0,0,0,0,0,0,0,0,0,0,0,0,0,0
"36093","5","238311","78","0","2016","2","N","Schenectady County, New York","Private","NAICS 238311 Residential drywall contractors","County, NAICS 6-digit -- by ownership sector","All establishment sizes",9,0,0,0,0,0,0,0,"N",1.88,0,0,0,0,0,0,0,"N",0,0.0,0,0,0,0,0,0,0,0,0,0,0,0,0,0
"36093","5","238311","78","0","2016","3","N","Schenectady County, New York","Private","NAICS 238311 Residential drywall contractors","County, NAICS 6-digit -- by ownership sector","All establishment sizes",8,0,0,0,0,0,0,0,"N",1.65,0,0,0,0,0,0,0,"N",-1,-11.1,0,0,0,0,0,0,0,0,0,0,0,0,0,0
"36093","5","238311","78","0","2016","4","N","Schenectady County, New York","Private","NAICS 238311 Residential drywall contractors","County, NAICS 6-digit -- by ownership sector","All establishment sizes",8,0,0,0,0,0,0,0,"N",1.64,0,0,0,0,0,0,0,"N",-1,-11.1,0,0,0,0,0,0,0,0,0,0,0,0,0,0
"36093","5","238312","78","0","2016","1","N","Schenectady County, New York","Private","NAICS 238312 Nonresidential drywall contractors","County, NAICS 6-digit -- by ownership sector","All establishment sizes",1,0,0,0,0,0,0,0,"N",0.44,0,0,0,0,0,0,0,"N",-1,-50.0,0,0,0,0,0,0,0,0,0,0,0,0,0,0
"36093","5","238312","78","0","2016","2","N","Schenectady County, New York","Private","NAICS 238312 Nonresidential drywall contractors","County, NAICS 6-digit -- by ownership sector","All establishment sizes",1,0,0,0,0,0,0,0,"N",0.44,0,0,0,0,0,0,0,"N",-1,-50.0,0,0,0,0,0,0,0,0,0,0,0,0,0,0
"36093","5","238312","78","0","2016","3","N","Schenectady County, New York","Private","NAICS 238312 Nonresidential drywall contractors","County, NAICS 6-digit -- by ownership sector","All establishment sizes",1,0,0,0,0,0,0,0,"N",0.44,0,0,0,0,0,0,0,"N",-1,-50.0,0,0,0,0,0,0,0,0,0,0,0,0,0,0
"36093","5","238312","78","0","2016","4","N","Schenectady County, New York","Private","NAICS 238312 Nonresidential drywall contractors","County, NAICS 6-digit -- by ownership sector","All establishment sizes",1,0,0,0,0,0,0,0,"N",0.44,0,0,0,0,0,0,0,"N",-1,-50.0,0,0,0,0,0,0,0,0,0,0,0,0,0,0
"36093","5","23832","77","0","2016","1","","Schenectady County, New York","Private","NAICS 23832 Painting and wall covering contractors","County, NAICS 5-digit -- by ownership sector","All establishment sizes",18,47,48,47,350285,317477,23009,569,"",1.41,0.60,0.61,0.58,0.47,0.62,0.90,0.79,"",-3,-14.3,15,46.9,1,2.1,6,14.6,48640,16.1,57882,22.3,5150,28.8,-11,-1.9
"36093","5","23832","77","0","2016","2","","Schenectady County, New York","Private","NAICS 23832 Painting and wall covering contractors","County, NAICS 5-digit -- by ownership sector","All establishment sizes",17,41,39,42,272295,127857,7792,515,"",1.30,0.48,0.44,0.45,0.27,0.60,0.59,0.60,"",-4,-19.0,0,0.0,-14,-26.4,-10,-19.2,-100992,-27.1,-53548,-29.5,-4590,-37.1,-75,-12.7
"36093","5","23832","77","0","2016","3","","Schenectady County, New York","Private","NAICS 23832 Painting and wall covering contractors","County, NAICS 5-digit -- by ownership sector","All establishment sizes",18,31,35,42,301671,86636,5590,645,"",1.36,0.34,0.38,0.47,0.29,0.55,0.61,0.74,"",-2,-10.0,-19,-38.0,-19,-35.2,-10,-19.2,-167323,-35.7,-55044,-38.9,-4803,-46.2,-49,-7.1
"36093","5","23832","77","0","2016","4","N","Schenectady County, New York","Private","NAICS 23832 Painting and wall covering contractors","County, NAICS 5-digit -- by ownership sector","All establishment sizes",18,0,0,0,0,0,0,0,"N",1.35,0,0,0,0,0,0,0,"N",-2,-10.0,0,0,0,0,0,0,0,0,0,0,0,0,0,0
"36093","5","238321","78","0","2016","1","N","Schenectady County, New York","Private","NAICS 238321 Residential painting contractors","County, NAICS 6-digit -- by ownership sector","All establishment sizes",17,0,0,0,0,0,0,0,"N",1.65,0,0,0,0,0,0,0,"N",-2,-10.5,0,0,0,0,0,0,0,0,0,0,0,0,0,0
"36093","5","238321","78","0","2016","2","N","Schenectady County, New York","Private","NAICS 238321 Residential painting contractors","County, NAICS 6-digit -- by ownership sector","All establishment sizes",16,0,0,0,0,0,0,0,"N",1.52,0,0,0,0,0,0,0,"N",-3,-15.8,0,0,0,0,0,0,0,0,0,0,0,0,0,0
"36093","5","238321","78","0","2016","3","N","Schenectady County, New York","Private","NAICS 238321 Residential painting contractors","County, NAICS 6-digit -- by ownership sector","All establishment sizes",17,0,0,0,0,0,0,0,"N",1.59,0,0,0,0,0,0,0,"N",-1,-5.6,0,0,0,0,0,0,0,0,0,0,0,0,0,0
"36093","5","238321","78","0","2016","4","","Schenectady County, New York","Private","NAICS 238321 Residential painting contractors","County, NAICS 6-digit -- by ownership sector","All establishment sizes",17,32,27,25,176501,48243,3525,485,"",1.58,0.60,0.52,0.51,0.37,0.76,1.21,0.68,"N",-1,-5.6,0,0,0,0,0,0,0,0,0,0,0,0,0,0
"36093","5","238322","78","0","2016","1","N","Schenectady County, New York","Private","NAICS 238322 Nonresidential painting contractors","County, NAICS 6-digit -- by ownership sector","All establishment sizes",1,0,0,0,0,0,0,0,"N",0.40,0,0,0,0,0,0,0,"N",-1,-50.0,0,0,0,0,0,0,0,0,0,0,0,0,0,0
"36093","5","238322","78","0","2016","2","N","Schenectady County, New York","Private","NAICS 238322 Nonresidential painting contractors","County, NAICS 6-digit -- by ownership sector","All establishment sizes",1,0,0,0,0,0,0,0,"N",0.39,0,0,0,0,0,0,0,"N",-1,-50.0,0,0,0,0,0,0,0,0,0,0,0,0,0,0
"36093","5","238322","78","0","2016","3","N","Schenectady County, New York","Private","NAICS 238322 Nonresidential painting contractors","County, NAICS 6-digit -- by ownership sector","All establishment sizes",1,0,0,0,0,0,0,0,"N",0.39,0,0,0,0,0,0,0,"N",-1,-50.0,0,0,0,0,0,0,0,0,0,0,0,0,0,0
"36093","5","238322","78","0","2016","4","N","Schenectady County, New York","Private","NAICS 238322 Nonresidential painting contractors","County, NAICS 6-digit -- by ownership sector","All establishment sizes",1,0,0,0,0,0,0,0,"N",0.39,0,0,0,0,0,0,0,"N",-1,-50.0,0,0,0,0,0,0,0,0,0,0,0,0,0,0
"36093","5","23833","77","0","2016","1","N","Schenectady County, New York","Private","NAICS 23833 Flooring contractors","County, NAICS 5-digit -- by ownership sector","All establishment sizes",14,0,0,0,0,0,0,0,"N",2.54,0,0,0,0,0,0,0,"N",-4,-22.2,0,0,0,0,0,0,0,0,0,0,0,0,0,0
"36093","5","23833","77","0","2016","2","N","Schenectady County, New York","Private","NAICS 23833 Flooring contractors","County, NAICS 5-digit -- by ownership sector","All establishment sizes",15,0,0,0,0,0,0,0,"N",2.68,0,0,0,0,0,0,0,"N",-3,-16.7,0,0,0,0,0,0,0,0,0,0,0,0,0,0
"36093","5","23833","77","0","2016","3","N","Schenectady County, New York","Private","NAICS 23833 Flooring contractors","County, NAICS 5-digit -- by ownership sector","All establishment sizes",15,0,0,0,0,0,0,0,"N",2.64,0,0,0,0,0,0,0,"N",-3,-16.7,0,0,0,0,0,0,0,0,0,0,0,0,0,0
"36093","5","23833","77","0","2016","4","","Schenectady County, New York","Private","NAICS 23833 Flooring contractors","County, NAICS 5-digit -- by ownership sector","All establishment sizes",15,44,44,42,395668,30215,1000,702,"",2.62,1.36,1.36,1.31,0.95,0.89,0.62,0.71,"N",-1,-6.2,0,0,0,0,0,0,0,0,0,0,0,0,0,0
"36093","5","238331","78","0","2016","1","","Schenectady County, New York","Private","NAICS 238331 Residential flooring contractors","County, NAICS 6-digit -- by ownership sector","All establishment sizes",11,36,32,34,282261,266146,10918,639,"",2.49,1.85,1.62,1.71,1.52,2.13,2.47,0.88,"",-4,-26.7,-1,-2.7,-7,-17.9,1,3.0,34737,14.0,37688,16.5,1773,19.4,115,21.9
"36093","5","238331","78","0","2016","2","","Schenectady County, New York","Private","NAICS 238331 Residential flooring contractors","County, NAICS 6-digit -- by ownership sector","All establishment sizes",12,35,37,32,302307,89302,3689,671,"",2.67,1.73,1.82,1.52,1.29,1.90,1.90,0.76,"",-3,-20.0,-6,-14.6,1,2.8,-3,-8.6,-4082,-1.3,-40039,-31.0,-1600,-30.3,40,6.3
"36093","5","238331","78","0","2016","3","","Schenectady County, New York","Private","NAICS 238331 Residential flooring contractors","County, NAICS 6-digit -- by ownership sector","All establishment sizes",12,35,33,36,316964,43291,1384,703,"",2.62,1.72,1.61,1.75,1.33,1.33,1.03,0.78,"",-3,-20.0,-3,-7.9,-8,-19.5,-4,-10.0,12202,4.0,-21462,-33.1,-1635,-54.2,112,19.0
"36093","5","238331","78","0","2016","4","","Schenectady County, New York","Private","NAICS 238331 Residential flooring contractors","County, NAICS 6-digit -- by ownership sector","All establishment sizes",12,40,39,38,350587,30215,1000,691,"",2.60,1.91,1.86,1.83,1.48,1.29,1.06,0.79,"",-1,-7.7,8,25.0,5,14.7,7,22.6,1097,0.3,3696,13.9,-159,-13.7,-140,-16.8
"36093","5","238332","78","0","2016","1","N","Schenectady County, New York","Private","NAICS 238332 Nonresidential flooring contractors","County, NAICS 6-digit -- by ownership sector","All establishment sizes",3,0,0,0,0,0,0,0,"N",2.76,0,0,0,0,0,0,0,"N",0,0.0,0,0,0,0,0,0,0,0,0,0,0,0,0,0
"36093","5","238332","78","0","2016","2","N","Schenectady County, New York","Private","NAICS 238332 Nonresidential flooring contractors","County, NAICS 6-digit -- by ownership sector","All establishment sizes",3,0,0,0,0,0,0,0,"N",2.74,0,0,0,0,0,0,0,"N",0,0.0,0,0,0,0,0,0,0,0,0,0,0,0,0,0
"36093","5","238332","78","0","2016","3","N","Schenectady County, New York","Private","NAICS 238332 Nonresidential flooring contractors","County, NAICS 6-digit -- by ownership sector","All establishment sizes",3,0,0,0,0,0,0,0,"N",2.73,0,0,0,0,0,0,0,"N",0,0.0,0,0,0,0,0,0,0,0,0,0,0,0,0,0
"36093","5","238332","78","0","2016","4","","Schenectady County, New York","Private","NAICS 238332 Nonresidential flooring contractors","County, NAICS 6-digit -- by ownership sector","All establishment sizes",3,4,5,4,45081,0,0,800,"",2.73,0.35,0.44,0.36,0.25,0.00,0.00,0.66,"N",0,0.0,0,0,0,0,0,0,0,0,0,0,0,0,0,0
"36093","5","23834","77","0","2016","1","","Schenectady County, New York","Private","NAICS 23834 Tile and terrazzo contractors","County, NAICS 5-digit -- by ownership sector","All establishment sizes",8,58,51,60,617058,530586,35710,843,"",2.41,2.53,2.19,2.55,2.65,3.34,5.22,1.09,"",-1,-11.1,-8,-12.1,-6,-10.5,3,5.3,-18081,-2.8,-4894,-0.9,-5760,-13.9,29,3.6
"36093","5","23834","77","0","2016","2","","Schenectady County, New York","Private","NAICS 23834 Tile and terrazzo contractors","County, NAICS 5-digit -- by ownership sector","All establishment sizes",8,58,59,64,739865,158131,11476,943,"",2.37,2.41,2.44,2.59,2.49,2.87,4.26,1.00,"",0,0.0,-1,-1.7,1,1.7,0,0.0,32613,4.6,-7588,-4.6,-1974,-14.7,41,4.5
"36093","5","23834","77","0","2016","3","","Schenectady County, New York","Private","NAICS 23834 Tile and terrazzo contractors","County, NAICS 5-digit -- by ownership sector","All establishment sizes",8,62,66,55,826366,142656,11139,1042,"",2.35,2.58,2.74,2.27,2.82,3.95,6.49,1.11,"",0,0.0,0,0.0,3,4.8,-7,-11.3,-1754,-0.2,49820,53.7,3194,40.2,20,2.0
"36093","5","23834","77","0","2016","4","","Schenectady County, New York","Private","NAICS 23834 Tile and terrazzo contractors","County, NAICS 5-digit -- by ownership sector","All establishment sizes",8,66,61,60,989302,93869,6409,1221,"",2.33,2.67,2.47,2.47,3.39,3.61,5.37,1.33,"",0,0.0,12,22.2,3,5.2,2,3.4,213384,27.5,70088,294.7,4289,202.3,168,16.0
"36093","5","238341","78","0","2016","1","N","Schenectady County, New York","Private","NAICS 238341 Residential tile and terrazzo contractors","County, NAICS 6-digit -- by ownership sector","All establishment sizes",7,0,0,0,0,0,0,0,"N",2.48,0,0,0,0,0,0,0,"N",-1,-12.5,0,0,0,0,0,0,0,0,0,0,0,0,0,0
"36093","5","238341","78","0","2016","2","N","Schenectady County, New York","Private","NAICS 238341 Residential tile and terrazzo contractors","County, NAICS 6-digit -- by ownership sector","All establishment sizes",7,0,0,0,0,0,0,0,"N",2.43,0,0,0,0,0,0,0,"N",0,0.0,0,0,0,0,0,0,0,0,0,0,0,0,0,0
"36093","5","238341","78","0","2016","3","N","Schenectady County, New York","Private","NAICS 238341 Residential tile and terrazzo contractors","County, NAICS 6-digit -- by ownership sector","All establishment sizes",7,0,0,0,0,0,0,0,"N",2.40,0,0,0,0,0,0,0,"N",0,0.0,0,0,0,0,0,0,0,0,0,0,0,0,0,0
"36093","5","238341","78","0","2016","4","N","Schenectady County, New York","Private","NAICS 238341 Residential tile and terrazzo contractors","County, NAICS 6-digit -- by ownership sector","All establishment sizes",7,0,0,0,0,0,0,0,"N",2.38,0,0,0,0,0,0,0,"N",0,0.0,0,0,0,0,0,0,0,0,0,0,0,0,0,0
"36093","5","238342","78","0","2016","1","N","Schenectady County, New York","Private","NAICS 238342 Nonresidential tile and terrazzo contractors","County, NAICS 6-digit -- by ownership sector","All establishment sizes",1,0,0,0,0,0,0,0,"N",2.03,0,0,0,0,0,0,0,"N",0,0.0,0,0,0,0,0,0,0,0,0,0,0,0,0,0
"36093","5","238342","78","0","2016","2","N","Schenectady County, New York","Private","NAICS 238342 Nonresidential tile and terrazzo contractors","County, NAICS 6-digit -- by ownership sector","All establishment sizes",1,0,0,0,0,0,0,0,"N",2.02,0,0,0,0,0,0,0,"N",0,0.0,0,0,0,0,0,0,0,0,0,0,0,0,0,0
"36093","5","238342","78","0","2016","3","N","Schenectady County, New York","Private","NAICS 238342 Nonresidential tile and terrazzo contractors","County, NAICS 6-digit -- by ownership sector","All establishment sizes",1,0,0,0,0,0,0,0,"N",2.04,0,0,0,0,0,0,0,"N",0,0.0,0,0,0,0,0,0,0,0,0,0,0,0,0,0
"36093","5","238342","78","0","2016","4","N","Schenectady County, New York","Private","NAICS 238342 Nonresidential tile and terrazzo contractors","County, NAICS 6-digit -- by ownership sector","All establishment sizes",1,0,0,0,0,0,0,0,"N",2.04,0,0,0,0,0,0,0,"N",0,0.0,0,0,0,0,0,0,0,0,0,0,0,0,0,0
"36093","5","23835","77","0","2016","1","","Schenectady County, New York","Private","NAICS 23835 Finish carpentry contractors","County, NAICS 5-digit -- by ownership sector","All establishment sizes",20,45,42,46,302695,280788,13799,525,"",1.98,0.77,0.72,0.78,0.50,0.69,0.79,0.66,"",-1,-4.8,-2,-4.3,-2,-4.5,6,15.0,16856,5.9,10284,3.8,-1340,-8.9,21,4.2
"36093","5","23835","77","0","2016","2","","Schenectady County, New York","Private","NAICS 23835 Finish carpentry contractors","County, NAICS 5-digit -- by ownership sector","All establishment sizes",20,41,48,50,459263,165998,6642,762,"",1.96,0.68,0.79,0.80,0.61,1.23,0.99,0.80,"",-1,-4.8,-1,-2.4,1,2.1,3,6.4,-180020,-28.2,9465,6.0,-2786,-29.6,-323,-29.8
"36093","5","23835","77","0","2016","3","","Schenectady County, New York","Private","NAICS 23835 Finish carpentry contractors","County, NAICS 5-digit -- by ownership sector","All establishment sizes",19,53,40,45,393703,127634,6359,658,"",1.85,0.88,0.66,0.74,0.53,1.48,1.51,0.69,"N",-1,-5.0,0,0,0,0,0,0,0,0,0,0,0,0,0,0
"36093","5","23835","77","0","2016","4","","Schenectady County, New York","Private","NAICS 23835 Finish carpentry contractors","County, NAICS 5-digit -- by ownership sector","All establishment sizes",20,59,56,51,373527,133218,6520,519,"",1.94,0.96,0.90,0.83,0.50,2.05,2.07,0.55,"N",0,0.0,0,0,0,0,0,0,0,0,0,0,0,0,0,0
"36093","5","238351","78","0","2016","1","","Schenectady County, New York","Private","NAICS 238351 Residential finish carpentry contractors","County, NAICS 6-digit -- by ownership sector","All establishment sizes",17,35,32,37,210382,202052,7381,467,"",1.98,0.81,0.73,0.84,0.51,0.70,0.71,0.64,"N",-1,-5.6,0,0,0,0,0,0,0,0,0,0,0,0,0,0
"36093","5","238351","78","0","2016","2","N","Schenectady County, New York","Private","NAICS 238351 Residential finish carpentry contractors","County, NAICS 6-digit -- by ownership sector","All establishment sizes",17,0,0,0,0,0,0,0,"N",1.95,0,0,0,0,0,0,0,"N",-1,-5.6,0,0,0,0,0,0,0,0,0,0,0,0,0,0
"36093","5","238351","78","0","2016","3","","Schenectady County, New York","Private","NAICS 238351 Residential finish carpentry contractors","County, NAICS 6-digit -- by ownership sector","All establishment sizes",16,44,35,36,288624,113537,5781,579,"",1.82,0.98,0.77,0.80,0.56,1.76,2.15,0.66,"",-1,-5.9,9,25.7,-9,-20.5,0,0.0,-7989,-2.7,-31420,-21.7,-2785,-32.5,-16,-2.7
"36093","5","238351","78","0","2016","4","N","Schenectady County, New York","Private","NAICS 238351 Residential finish carpentry contractors","County, NAICS 6-digit -- by ownership sector","All establishment sizes",16,0,0,0,0,0,0,0,"N",1.81,0,0,0,0,0,0,0,"N",-1,-5.9,0,0,0,0,0,0,0,0,0,0,0,0,0,0
"36093","5","238352","78","0","2016","1","","Schenectady County, New York","Private","NAICS 238352 Nonresidential finish carpentry contractors","County, NAICS 6-digit -- by ownership sector","All establishment sizes",3,10,10,9,92313,78736,6418,735,"",2.02,0.67,0.67,0.60,0.48,0.65,0.91,0.75,"N",0,0.0,0,0,0,0,0,0,0,0,0,0,0,0,0,0
"36093","5","238352","78","0","2016","2","N","Schenectady County, New York","Private","NAICS 238352 Nonresidential finish carpentry contractors","County, NAICS 6-digit -- by ownership sector","All establishment sizes",3,0,0,0,0,0,0,0,"N",2.02,0,0,0,0,0,0,0,"N",0,0.0,0,0,0,0,0,0,0,0,0,0,0,0,0,0
"36093","5","238352","78","0","2016","3","","Schenectady County, New York","Private","NAICS 238352 Nonresidential finish carpentry contractors","County, NAICS 6-digit -- by ownership sector","All establishment sizes",3,9,5,9,105079,14097,578,1054,"",2.02,0.59,0.33,0.59,0.45,0.65,0.38,0.89,"N",0,0.0,0,0,0,0,0,0,0,0,0,0,0,0,0,0
"36093","5","238352","78","0","2016","4","N","Schenectady County, New York","Private","NAICS 238352 Nonresidential finish carpentry contractors","County, NAICS 6-digit -- by ownership sector","All establishment sizes",4,0,0,0,0,0,0,0,"N",2.69,0,0,0,0,0,0,0,"N",1,33.3,0,0,0,0,0,0,0,0,0,0,0,0,0,0
"36093","5","23839","77","0","2016","1","N","Schenectady County, New York","Private","NAICS 23839 Other building finishing contractors","County, NAICS 5-digit -- by ownership sector","All establishment sizes",1,0,0,0,0,0,0,0,"N",0.32,0,0,0,0,0,0,0,"N",-2,-66.7,0,0,0,0,0,0,0,0,0,0,0,0,0,0
"36093","5","23839","77","0","2016","2","N","Schenectady County, New York","Private","NAICS 23839 Other building finishing contractors","County, NAICS 5-digit -- by ownership sector","All establishment sizes",1,0,0,0,0,0,0,0,"N",0.32,0,0,0,0,0,0,0,"N",-2,-66.7,0,0,0,0,0,0,0,0,0,0,0,0,0,0
"36093","5","23839","77","0","2016","3","N","Schenectady County, New York","Private","NAICS 23839 Other building finishing contractors","County, NAICS 5-digit -- by ownership sector","All establishment sizes",1,0,0,0,0,0,0,0,"N",0.31,0,0,0,0,0,0,0,"N",-2,-66.7,0,0,0,0,0,0,0,0,0,0,0,0,0,0
"36093","5","23839","77","0","2016","4","N","Schenectady County, New York","Private","NAICS 23839 Other building finishing contractors","County, NAICS 5-digit -- by ownership sector","All establishment sizes",1,0,0,0,0,0,0,0,"N",0.31,0,0,0,0,0,0,0,"N",-1,-50.0,0,0,0,0,0,0,0,0,0,0,0,0,0,0
"36093","5","238391","78","0","2016","1","N","Schenectady County, New York","Private","NAICS 238391 Other residential finishing contractors","County, NAICS 6-digit -- by ownership sector","All establishment sizes",1,0,0,0,0,0,0,0,"N",0.63,0,0,0,0,0,0,0,"N",0,0.0,0,0,0,0,0,0,0,0,0,0,0,0,0,0
"36093","5","238391","78","0","2016","2","N","Schenectady County, New York","Private","NAICS 238391 Other residential finishing contractors","County, NAICS 6-digit -- by ownership sector","All establishment sizes",1,0,0,0,0,0,0,0,"N",0.62,0,0,0,0,0,0,0,"N",0,0.0,0,0,0,0,0,0,0,0,0,0,0,0,0,0
"36093","5","238391","78","0","2016","3","N","Schenectady County, New York","Private","NAICS 238391 Other residential finishing contractors","County, NAICS 6-digit -- by ownership sector","All establishment sizes",1,0,0,0,0,0,0,0,"N",0.61,0,0,0,0,0,0,0,"N",0,0.0,0,0,0,0,0,0,0,0,0,0,0,0,0,0
"36093","5","238391","78","0","2016","4","N","Schenectady County, New York","Private","NAICS 238391 Other residential finishing contractors","County, NAICS 6-digit -- by ownership sector","All establishment sizes",1,0,0,0,0,0,0,0,"N",0.61,0,0,0,0,0,0,0,"N",0,0.0,0,0,0,0,0,0,0,0,0,0,0,0,0,0
"36093","5","2389","76","0","2016","1","","Schenectady County, New York","Private","NAICS 2389 Other specialty trade contractors","County, NAICS 4-digit -- by ownership sector","All establishment sizes",38,169,156,151,1617320,1202360,90230,784,"",1.41,0.69,0.63,0.59,0.57,0.67,0.94,0.89,"",-3,-7.3,12,7.6,9,6.1,-3,-1.9,-126213,-7.2,4281,0.4,3913,4.5,-95,-10.8
"36093","5","2389","76","0","2016","2","","Schenectady County, New York","Private","NAICS 2389 Other specialty trade contractors","County, NAICS 4-digit -- by ownership sector","All establishment sizes",37,173,194,211,2201070,794649,66033,879,"",1.35,0.62,0.67,0.70,0.55,1.06,1.15,0.82,"",-4,-9.8,0,0.0,-19,-8.9,-10,-4.5,-194569,-8.1,-12626,-1.6,-1979,-2.9,-32,-3.5
"36093","5","2389","76","0","2016","3","","Schenectady County, New York","Private","NAICS 2389 Other specialty trade contractors","County, NAICS 4-digit -- by ownership sector","All establishment sizes",37,231,237,225,3122624,602902,48462,1040,"",1.34,0.80,0.82,0.77,0.75,1.25,1.41,0.95,"",-3,-7.5,5,2.2,3,1.3,16,7.7,192801,6.6,-13693,-2.2,-129,-0.3,29,2.9
"36093","5","2389","76","0","2016","4","","Schenectady County, New York","Private","NAICS 2389 Other specialty trade contractors","County, NAICS 4-digit -- by ownership sector","All establishment sizes",38,228,207,163,2621573,257085,17744,1012,"",1.37,0.77,0.72,0.60,0.66,0.87,0.94,0.94,"",-2,-5.0,-4,-1.7,11,5.6,-9,-5.2,-326328,-11.1,-36730,-12.5,-6051,-25.4,-122,-10.8
"36093","5","23891","77","0","2016","1","","Schenectady County, New York","Private","NAICS 23891 Site preparation contractors","County, NAICS 5-digit -- by ownership sector","All establishment sizes",17,106,96,91,1183561,835553,62620,932,"",1.34,0.84,0.76,0.71,0.80,0.87,1.20,1.04,"",0,0.0,-2,-1.9,-3,-3.0,-14,-13.3,-183984,-13.5,-48660,-5.5,1609,2.6,-79,-7.8
"36093","5","23891","77","0","2016","2","","Schenectady County, New York","Private","NAICS 23891 Site preparation contractors","County, NAICS 5-digit -- by ownership sector","All establishment sizes",16,82,78,90,1141718,154907,11073,1054,"",1.25,0.60,0.55,0.61,0.57,0.43,0.42,0.96,"",-1,-5.9,-19,-18.8,-19,-19.6,-17,-15.9,-316573,-21.7,-55976,-26.5,-4800,-30.2,-49,-4.4
"36093","5","23891","77","0","2016","3","","Schenectady County, New York","Private","NAICS 23891 Site preparation contractors","County, NAICS 5-digit -- by ownership sector","All establishment sizes",16,112,106,93,1551058,237119,19281,1151,"",1.25,0.79,0.75,0.65,0.74,1.01,1.19,1.02,"",-1,-5.9,6,5.7,-9,-7.8,-14,-13.1,-72301,-4.5,-2430,-1.0,1974,11.4,9,0.8
"36093","5","23891","77","0","2016","4","","Schenectady County, New York","Private","NAICS 23891 Site preparation contractors","County, NAICS 5-digit -- by ownership sector","All establishment sizes",17,110,103,101,1396864,146311,9969,1027,"",1.32,0.76,0.72,0.74,0.69,1.00,1.06,0.93,"",0,0.0,-7,-6.0,-1,-1.0,-1,-1.0,-305560,-17.9,-18932,-11.5,-4097,-29.1,-189,-15.5
"36093","5","238911","78","0","2016","1","","Schenectady County, New York","Private","NAICS 238911 Residential site preparation contractors","County, NAICS 6-digit -- by ownership sector","All establishment sizes",12,43,41,38,362109,304260,18909,685,"",1.71,0.98,0.93,0.84,0.81,0.98,1.24,0.88,"",0,0.0,-10,-18.9,-3,-6.8,-12,-24.0,-42118,-10.4,-75700,-19.9,-7768,-29.1,50,7.9
"36093","5","238911","78","0","2016","2","","Schenectady County, New York","Private","NAICS 238911 Residential site preparation contractors","County, NAICS 6-digit -- by ownership sector","All establishment sizes",11,33,31,43,367452,114726,8247,792,"",1.55,0.68,0.62,0.82,0.59,0.85,0.92,0.83,"",-1,-8.3,-15,-31.2,-11,-26.2,-9,-17.3,-90521,-19.8,-28289,-19.8,-2373,-22.3,48,6.5
"36093","5","238911","78","0","2016","3","","Schenectady County, New York","Private","NAICS 238911 Residential site preparation contractors","County, NAICS 6-digit -- by ownership sector","All establishment sizes",11,63,62,50,676996,194448,15476,893,"",1.54,1.25,1.22,0.98,1.04,2.14,2.71,0.91,"",-1,-8.3,10,18.9,3,5.1,-3,-5.7,43349,6.8,47280,32.1,4015,35.0,7,0.8
"36093","5","238911","78","0","2016","4","","Schenectady County, New York","Private","NAICS 238911 Residential site preparation contractors","County, NAICS 6-digit -- by ownership sector","All establishment sizes",11,51,43,40,502153,56438,3579,865,"",1.54,0.98,0.83,0.81,0.79,0.99,1.12,0.91,"",-1,-8.3,-3,-5.6,0,0.0,-5,-11.1,-82136,-14.1,-16836,-23.0,-1822,-33.7,-85,-8.9
"36093","5","238912","78","0","2016","1","","Schenectady County, New York","Private","NAICS 238912 Nonresidential site preparation contractors","County, NAICS 6-digit -- by ownership sector","All establishment sizes",5,63,55,53,821452,531293,43711,1109,"",0.88,0.76,0.67,0.63,0.79,0.81,1.19,1.16,"",0,0.0,8,14.5,0,0.0,-2,-3.6,-141866,-14.7,27040,5.4,9377,27.3,-238,-17.7
"36093","5","238912","78","0","2016","2","","Schenectady County, New York","Private","NAICS 238912 Nonresidential site preparation contractors","County, NAICS 6-digit -- by ownership sector","All establishment sizes",5,49,47,47,774266,40181,2826,1249,"",0.88,0.55,0.52,0.50,0.56,0.17,0.16,1.06,"",0,0.0,-4,-7.5,-8,-14.5,-8,-14.5,-226052,-22.6,-27687,-40.8,-2427,-46.2,-167,-11.8
"36093","5","238912","78","0","2016","3","","Schenectady County, New York","Private","NAICS 238912 Nonresidential site preparation contractors","County, NAICS 6-digit -- by ownership sector","All establishment sizes",5,49,44,43,874062,42671,3805,1483,"",0.88,0.54,0.48,0.47,0.61,0.29,0.36,1.23,"",0,0.0,-4,-7.5,-12,-21.4,-11,-20.4,-115650,-11.7,-49710,-53.8,-2041,-34.9,82,5.9
"36093","5","238912","78","0","2016","4","","Schenectady County, New York","Private","NAICS 238912 Nonresidential site preparation contractors","County, NAICS 6-digit -- by ownership sector","All establishment sizes",6,59,60,61,894711,89873,6390,1147,"",1.06,0.63,0.65,0.70,0.64,1.00,1.04,0.97,"",1,20.0,-4,-6.3,-1,-1.6,4,7.0,-223424,-20.0,-2096,-2.3,-2275,-26.3,-279,-19.6
"36093","5","23899","77","0","2016","1","","Schenectady County, New York","Private","NAICS 23899 All other specialty trade contractors","County, NAICS 5-digit -- by ownership sector","All establishment sizes",21,63,60,60,433759,366807,27610,547,"",1.46,0.53,0.50,0.48,0.32,0.43,0.63,0.63,"",-3,-12.5,14,28.6,12,25.0,11,22.4,57771,15.4,52941,16.9,2304,9.1,-47,-7.9
"36093","5","23899","77","0","2016","2","","Schenectady County, New York","Private","NAICS 23899 All other specialty trade contractors","County, NAICS 5-digit -- by ownership sector","All establishment sizes",21,91,116,121,1059352,639742,54960,745,"",1.43,0.65,0.78,0.79,0.53,1.68,1.80,0.71,"",-3,-12.5,19,26.4,0,0.0,7,6.1,122004,13.0,43350,7.3,2821,5.4,29,4.1
"36093","5","23899","77","0","2016","3","","Schenectady County, New York","Private","NAICS 23899 All other specialty trade contractors","County, NAICS 5-digit -- by ownership sector","All establishment sizes",21,119,131,132,1571566,365783,29181,949,"",1.42,0.80,0.89,0.89,0.77,1.49,1.61,0.89,"",-2,-8.7,-1,-0.8,12,10.1,30,29.4,265102,20.3,-11263,-3.0,-2103,-6.7,65,7.4
"36093","5","23899","77","0","2016","4","","Schenectady County, New York","Private","NAICS 23899 All other specialty trade contractors","County, NAICS 5-digit -- by ownership sector","All establishment sizes",21,118,104,62,1224709,110774,7775,995,"",1.41,0.79,0.72,0.47,0.63,0.75,0.81,0.95,"",-2,-8.7,3,2.6,12,13.0,-8,-11.4,-20768,-1.7,-17798,-13.8,-1954,-20.1,-43,-4.1
"36093","5","238991","78","0","2016","1","N","Schenectady County, New York","Private","NAICS 238991 All other residential trade contractors","County, NAICS 6-digit -- by ownership sector","All establishment sizes",19,0,0,0,0,0,0,0,"N",2.03,0,0,0,0,0,0,0,"N",-3,-13.6,0,0,0,0,0,0,0,0,0,0,0,0,0,0
"36093","5","238991","78","0","2016","2","N","Schenectady County, New York","Private","NAICS 238991 All other residential trade contractors","County, NAICS 6-digit -- by ownership sector","All establishment sizes",19,0,0,0,0,0,0,0,"N",1.99,0,0,0,0,0,0,0,"N",-3,-13.6,0,0,0,0,0,0,0,0,0,0,0,0,0,0
"36093","5","238991","78","0","2016","3","N","Schenectady County, New York","Private","NAICS 238991 All other residential trade contractors","County, NAICS 6-digit -- by ownership sector","All establishment sizes",19,0,0,0,0,0,0,0,"N",1.97,0,0,0,0,0,0,0,"N",-2,-9.5,0,0,0,0,0,0,0,0,0,0,0,0,0,0
"36093","5","238991","78","0","2016","4","N","Schenectady County, New York","Private","NAICS 238991 All other residential trade contractors","County, NAICS 6-digit -- by ownership sector","All establishment sizes",19,0,0,0,0,0,0,0,"N",1.95,0,0,0,0,0,0,0,"N",-2,-9.5,0,0,0,0,0,0,0,0,0,0,0,0,0,0
"36093","5","238992","78","0","2016","1","N","Schenectady County, New York","Private","NAICS 238992 All other nonresidential trade contractors","County, NAICS 6-digit -- by ownership sector","All establishment sizes",2,0,0,0,0,0,0,0,"N",0.40,0,0,0,0,0,0,0,"N",0,0.0,0,0,0,0,0,0,0,0,0,0,0,0,0,0
"36093","5","238992","78","0","2016","2","N","Schenectady County, New York","Private","NAICS 238992 All other nonresidential trade contractors","County, NAICS 6-digit -- by ownership sector","All establishment sizes",2,0,0,0,0,0,0,0,"N",0.39,0,0,0,0,0,0,0,"N",0,0.0,0,0,0,0,0,0,0,0,0,0,0,0,0,0
"36093","5","238992","78","0","2016","3","N","Schenectady County, New York","Private","NAICS 238992 All other nonresidential trade contractors","County, NAICS 6-digit -- by ownership sector","All establishment sizes",2,0,0,0,0,0,0,0,"N",0.39,0,0,0,0,0,0,0,"N",0,0.0,0,0,0,0,0,0,0,0,0,0,0,0,0,0
"36093","5","238992","78","0","2016","4","N","Schenectady County, New York","Private","NAICS 238992 All other nonresidential trade contractors","County, NAICS 6-digit -- by ownership sector","All establishment sizes",2,0,0,0,0,0,0,0,"N",0.38,0,0,0,0,0,0,0,"N",0,0.0,0,0,0,0,0,0,0,0,0,0,0,0,0,0
"36093","5","31-33","74","0","2016","1","","Schenectady County, New York","Private","NAICS 31-33 Manufacturing","County, NAICS Sector -- by ownership sector","All establishment sizes",116,5983,5984,5993,147760969,55759430,1629737,1899,"",0.96,1.09,1.09,1.09,1.68,1.27,1.12,1.54,"",-1,-0.9,255,4.5,195,3.4,202,3.5,3618148,2.5,821298,1.5,-202469,-11.1,-23,-1.2
"36093","5","31-33","74","0","2016","2","","Schenectady County, New York","Private","NAICS 31-33 Manufacturing","County, NAICS Sector -- by ownership sector","All establishment sizes",118,5882,5905,6048,142219762,6754648,279352,1840,"",0.97,1.07,1.08,1.08,1.49,0.70,0.82,1.38,"",3,2.6,78,1.3,71,1.2,84,1.4,23115338,19.4,222419,3.4,-22643,-7.5,278,17.8
"36093","5","31-33","74","0","2016","3","","Schenectady County, New York","Private","NAICS 31-33 Manufacturing","County, NAICS Sector -- by ownership sector","All establishment sizes",114,6037,5985,5916,132155686,4175221,144615,1700,"",0.93,1.13,1.12,1.10,1.46,0.87,0.85,1.31,"",-2,-1.7,58,1.0,36,0.6,19,0.3,3017171,2.3,337119,8.8,-14378,-9.0,28,1.7
"36093","5","31-33","74","0","2016","4","","Schenectady County, New York","Private","NAICS 31-33 Manufacturing","County, NAICS Sector -- by ownership sector","All establishment sizes",112,5826,5808,5822,121062127,3123690,115249,1600,"",0.91,1.07,1.06,1.08,1.37,1.01,1.05,1.28,"",-4,-3.4,-15,-0.3,-66,-1.1,3,0.1,-22210237,-15.5,-191790,-5.8,-16113,-12.3,-286,-15.2
"36093","5","311","75","0","2016","1","","Schenectady County, New York","Private","NAICS 311 Food manufacturing","County, NAICS 3-digit -- by ownership sector","All establishment sizes",18,236,240,243,2689791,1714970,79943,863,"",1.58,0.35,0.35,0.36,0.36,0.37,0.59,1.01,"",1,5.9,-2,-0.8,16,7.1,17,7.5,425667,18.8,122850,7.7,-6164,-7.2,104,13.7
"36093","5","311","75","0","2016","2","","Schenectady County, New York","Private","NAICS 311 Food manufacturing","County, NAICS 3-digit -- by ownership sector","All establishment sizes",18,241,245,239,2247806,637962,25670,715,"",1.56,0.36,0.36,0.34,0.27,0.43,0.56,0.76,"",1,5.9,14,6.2,19,8.4,17,7.7,265771,13.4,111297,21.1,2419,10.4,37,5.5
"36093","5","311","75","0","2016","3","","Schenectady County, New York","Private","NAICS 311 Food manufacturing","County, NAICS 3-digit -- by ownership sector","All establishment sizes",17,200,191,191,1961387,243796,7978,778,"",1.47,0.30,0.28,0.28,0.23,0.27,0.26,0.83,"",-1,-5.6,-25,-11.1,-34,-15.1,-35,-15.5,-188418,-8.8,-17363,-6.6,-3648,-31.4,44,6.0
"36093","5","311","75","0","2016","4","","Schenectady County, New York","Private","NAICS 311 Food manufacturing","County, NAICS 3-digit -- by ownership sector","All establishment sizes",16,193,195,197,2060784,206424,7681,813,"",1.37,0.28,0.28,0.29,0.25,0.35,0.42,0.91,"",-2,-11.1,-44,-18.6,-45,-18.8,-51,-20.6,-282824,-12.1,-86192,-29.5,-7292,-48.7,67,9.0
"36093","5","3112","76","0","2016","1","N","Schenectady County, New York","Private","NAICS 3112 Grain and oilseed milling","County, NAICS 4-digit -- by ownership sector","All establishment sizes",2,0,0,0,0,0,0,0,"N",5.87,0,0,0,0,0,0,0,"N",0,0.0,0,0,0,0,0,0,0,0,0,0,0,0,0,0
"36093","5","3112","76","0","2016","2","N","Schenectady County, New York","Private","NAICS 3112 Grain and oilseed milling","County, NAICS 4-digit -- by ownership sector","All establishment sizes",2,0,0,0,0,0,0,0,"N",5.80,0,0,0,0,0,0,0,"N",0,0.0,0,0,0,0,0,0,0,0,0,0,0,0,0,0
"36093","5","3112","76","0","2016","3","N","Schenectady County, New York","Private","NAICS 3112 Grain and oilseed milling","County, NAICS 4-digit -- by ownership sector","All establishment sizes",2,0,0,0,0,0,0,0,"N",5.74,0,0,0,0,0,0,0,"N",0,0.0,0,0,0,0,0,0,0,0,0,0,0,0,0,0
"36093","5","3112","76","0","2016","4","N","Schenectady County, New York","Private","NAICS 3112 Grain and oilseed milling","County, NAICS 4-digit -- by ownership sector","All establishment sizes",2,0,0,0,0,0,0,0,"N",5.74,0,0,0,0,0,0,0,"N",0,0.0,0,0,0,0,0,0,0,0,0,0,0,0,0,0
"36093","5","31121","77","0","2016","1","N","Schenectady County, New York","Private","NAICS 31121 Flour milling and malt manufacturing","County, NAICS 5-digit -- by ownership sector","All establishment sizes",1,0,0,0,0,0,0,0,"N",6.06,0,0,0,0,0,0,0,"N",0,0.0,0,0,0,0,0,0,0,0,0,0,0,0,0,0
"36093","5","31121","77","0","2016","2","N","Schenectady County, New York","Private","NAICS 31121 Flour milling and malt manufacturing","County, NAICS 5-digit -- by ownership sector","All establishment sizes",1,0,0,0,0,0,0,0,"N",6.02,0,0,0,0,0,0,0,"N",0,0.0,0,0,0,0,0,0,0,0,0,0,0,0,0,0
"36093","5","31121","77","0","2016","3","N","Schenectady County, New York","Private","NAICS 31121 Flour milling and malt manufacturing","County, NAICS 5-digit -- by ownership sector","All establishment sizes",1,0,0,0,0,0,0,0,"N",5.98,0,0,0,0,0,0,0,"N",0,0.0,0,0,0,0,0,0,0,0,0,0,0,0,0,0
"36093","5","31121","77","0","2016","4","N","Schenectady County, New York","Private","NAICS 31121 Flour milling and malt manufacturing","County, NAICS 5-digit -- by ownership sector","All establishment sizes",1,0,0,0,0,0,0,0,"N",5.97,0,0,0,0,0,0,0,"N",0,0.0,0,0,0,0,0,0,0,0,0,0,0,0,0,0
"36093","5","311211","78","0","2016","1","N","Schenectady County, New York","Private","NAICS 311211 Flour milling","County, NAICS 6-digit -- by ownership sector","All establishment sizes",1,0,0,0,0,0,0,0,"N",8.84,0,0,0,0,0,0,0,"N",0,0.0,0,0,0,0,0,0,0,0,0,0,0,0,0,0
"36093","5","311211","78","0","2016","2","N","Schenectady County, New York","Private","NAICS 311211 Flour milling","County, NAICS 6-digit -- by ownership sector","All establishment sizes",1,0,0,0,0,0,0,0,"N",8.72,0,0,0,0,0,0,0,"N",0,0.0,0,0,0,0,0,0,0,0,0,0,0,0,0,0
"36093","5","311211","78","0","2016","3","N","Schenectady County, New York","Private","NAICS 311211 Flour milling","County, NAICS 6-digit -- by ownership sector","All establishment sizes",1,0,0,0,0,0,0,0,"N",8.75,0,0,0,0,0,0,0,"N",0,0.0,0,0,0,0,0,0,0,0,0,0,0,0,0,0
"36093","5","311211","78","0","2016","4","N","Schenectady County, New York","Private","NAICS 311211 Flour milling","County, NAICS 6-digit -- by ownership sector","All establishment sizes",1,0,0,0,0,0,0,0,"N",8.78,0,0,0,0,0,0,0,"N",0,0.0,0,0,0,0,0,0,0,0,0,0,0,0,0,0
"36093","5","31123","77","0","2016","1","N","Schenectady County, New York","Private","NAICS 31123 Breakfast cereal manufacturing","County, NAICS 5-digit -- by ownership sector","All establishment sizes",1,0,0,0,0,0,0,0,"N",26.93,0,0,0,0,0,0,0,"N",0,0.0,0,0,0,0,0,0,0,0,0,0,0,0,0,0
"36093","5","31123","77","0","2016","2","N","Schenectady County, New York","Private","NAICS 31123 Breakfast cereal manufacturing","County, NAICS 5-digit -- by ownership sector","All establishment sizes",1,0,0,0,0,0,0,0,"N",25.85,0,0,0,0,0,0,0,"N",0,0.0,0,0,0,0,0,0,0,0,0,0,0,0,0,0
"36093","5","31123","77","0","2016","3","N","Schenectady County, New York","Private","NAICS 31123 Breakfast cereal manufacturing","County, NAICS 5-digit -- by ownership sector","All establishment sizes",1,0,0,0,0,0,0,0,"N",25.39,0,0,0,0,0,0,0,"N",0,0.0,0,0,0,0,0,0,0,0,0,0,0,0,0,0
"36093","5","31123","77","0","2016","4","N","Schenectady County, New York","Private","NAICS 31123 Breakfast cereal manufacturing","County, NAICS 5-digit -- by ownership sector","All establishment sizes",1,0,0,0,0,0,0,0,"N",25.62,0,0,0,0,0,0,0,"N",0,0.0,0,0,0,0,0,0,0,0,0,0,0,0,0,0
"36093","5","311230","78","0","2016","1","N","Schenectady County, New York","Private","NAICS 311230 Breakfast cereal manufacturing","County, NAICS 6-digit -- by ownership sector","All establishment sizes",1,0,0,0,0,0,0,0,"N",26.93,0,0,0,0,0,0,0,"N",0,0.0,0,0,0,0,0,0,0,0,0,0,0,0,0,0
"36093","5","311230","78","0","2016","2","N","Schenectady County, New York","Private","NAICS 311230 Breakfast cereal manufacturing","County, NAICS 6-digit -- by ownership sector","All establishment sizes",1,0,0,0,0,0,0,0,"N",25.85,0,0,0,0,0,0,0,"N",0,0.0,0,0,0,0,0,0,0,0,0,0,0,0,0,0
"36093","5","311230","78","0","2016","3","N","Schenectady County, New York","Private","NAICS 311230 Breakfast cereal manufacturing","County, NAICS 6-digit -- by ownership sector","All establishment sizes",1,0,0,0,0,0,0,0,"N",25.39,0,0,0,0,0,0,0,"N",0,0.0,0,0,0,0,0,0,0,0,0,0,0,0,0,0
"36093","5","311230","78","0","2016","4","N","Schenectady County, New York","Private","NAICS 311230 Breakfast cereal manufacturing","County, NAICS 6-digit -- by ownership sector","All establishment sizes",1,0,0,0,0,0,0,0,"N",25.62,0,0,0,0,0,0,0,"N",0,0.0,0,0,0,0,0,0,0,0,0,0,0,0,0,0
"36093","5","3113","76","0","2016","1","N","Schenectady County, New York","Private","NAICS 3113 Sugar and confectionery product manufacturing","County, NAICS 4-digit -- by ownership sector","All establishment sizes",1,0,0,0,0,0,0,0,"N",1.37,0,0,0,0,0,0,0,"N",0,0.0,0,0,0,0,0,0,0,0,0,0,0,0,0,0
"36093","5","3113","76","0","2016","2","N","Schenectady County, New York","Private","NAICS 3113 Sugar and confectionery product manufacturing","County, NAICS 4-digit -- by ownership sector","All establishment sizes",1,0,0,0,0,0,0,0,"N",1.36,0,0,0,0,0,0,0,"N",0,0.0,0,0,0,0,0,0,0,0,0,0,0,0,0,0
"36093","5","3113","76","0","2016","3","N","Schenectady County, New York","Private","NAICS 3113 Sugar and confectionery product manufacturing","County, NAICS 4-digit -- by ownership sector","All establishment sizes",1,0,0,0,0,0,0,0,"N",1.36,0,0,0,0,0,0,0,"N",0,0.0,0,0,0,0,0,0,0,0,0,0,0,0,0,0
"36093","5","3113","76","0","2016","4","N","Schenectady County, New York","Private","NAICS 3113 Sugar and confectionery product manufacturing","County, NAICS 4-digit -- by ownership sector","All establishment sizes",1,0,0,0,0,0,0,0,"N",1.35,0,0,0,0,0,0,0,"N",0,0.0,0,0,0,0,0,0,0,0,0,0,0,0,0,0
"36093","5","31135","77","0","2016","1","N","Schenectady County, New York","Private","NAICS 31135 Chocolate and confectionery manufacturing","County, NAICS 5-digit -- by ownership sector","All establishment sizes",1,0,0,0,0,0,0,0,"N",2.07,0,0,0,0,0,0,0,"N",0,0.0,0,0,0,0,0,0,0,0,0,0,0,0,0,0
"36093","5","31135","77","0","2016","2","N","Schenectady County, New York","Private","NAICS 31135 Chocolate and confectionery manufacturing","County, NAICS 5-digit -- by ownership sector","All establishment sizes",1,0,0,0,0,0,0,0,"N",2.05,0,0,0,0,0,0,0,"N",0,0.0,0,0,0,0,0,0,0,0,0,0,0,0,0,0
"36093","5","31135","77","0","2016","3","N","Schenectady County, New York","Private","NAICS 31135 Chocolate and confectionery manufacturing","County, NAICS 5-digit -- by ownership sector","All establishment sizes",1,0,0,0,0,0,0,0,"N",2.05,0,0,0,0,0,0,0,"N",0,0.0,0,0,0,0,0,0,0,0,0,0,0,0,0,0
"36093","5","31135","77","0","2016","4","N","Schenectady County, New York","Private","NAICS 31135 Chocolate and confectionery manufacturing","County, NAICS 5-digit -- by ownership sector","All establishment sizes",1,0,0,0,0,0,0,0,"N",2.02,0,0,0,0,0,0,0,"N",0,0.0,0,0,0,0,0,0,0,0,0,0,0,0,0,0
"36093","5","311352","78","0","2016","1","N","Schenectady County, New York","Private","NAICS 311352 Confectionery mfg. from purchased chocolate","County, NAICS 6-digit -- by ownership sector","All establishment sizes",1,0,0,0,0,0,0,0,"N",2.45,0,0,0,0,0,0,0,"N",0,0.0,0,0,0,0,0,0,0,0,0,0,0,0,0,0
"36093","5","311352","78","0","2016","2","N","Schenectady County, New York","Private","NAICS 311352 Confectionery mfg. from purchased chocolate","County, NAICS 6-digit -- by ownership sector","All establishment sizes",1,0,0,0,0,0,0,0,"N",2.45,0,0,0,0,0,0,0,"N",0,0.0,0,0,0,0,0,0,0,0,0,0,0,0,0,0
"36093","5","311352","78","0","2016","3","N","Schenectady County, New York","Private","NAICS 311352 Confectionery mfg. from purchased chocolate","County, NAICS 6-digit -- by ownership sector","All establishment sizes",1,0,0,0,0,0,0,0,"N",2.45,0,0,0,0,0,0,0,"N",0,0.0,0,0,0,0,0,0,0,0,0,0,0,0,0,0
"36093","5","311352","78","0","2016","4","N","Schenectady County, New York","Private","NAICS 311352 Confectionery mfg. from purchased chocolate","County, NAICS 6-digit -- by ownership sector","All establishment sizes",1,0,0,0,0,0,0,0,"N",2.43,0,0,0,0,0,0,0,"N",0,0.0,0,0,0,0,0,0,0,0,0,0,0,0,0,0
"36093","5","3114","76","0","2016","1","","Schenectady County, New York","Private","NAICS 3114 Fruit and vegetable preserving and specialty","County, NAICS 4-digit -- by ownership sector","All establishment sizes",3,70,68,68,725907,565972,23053,813,"",3.92,0.98,0.95,0.95,0.92,1.12,1.07,0.95,"",0,0.0,-4,-5.4,2,3.0,-2,-2.9,50526,7.5,22575,4.2,-3602,-13.5,71,9.6
"36093","5","3114","76","0","2016","2","","Schenectady County, New York","Private","NAICS 3114 Fruit and vegetable preserving and specialty","County, NAICS 4-digit -- by ownership sector","All establishment sizes",3,67,64,65,694907,145917,4644,818,"",3.86,0.93,0.87,0.83,0.72,0.84,0.57,0.82,"",0,0.0,-3,-4.3,-4,-5.9,-4,-5.8,-4402,-0.6,-26591,-15.4,-2165,-31.8,38,4.9
"36093","5","3114","76","0","2016","3","","Schenectady County, New York","Private","NAICS 3114 Fruit and vegetable preserving and specialty","County, NAICS 4-digit -- by ownership sector","All establishment sizes",3,65,67,64,703553,49623,1696,828,"",3.82,0.81,0.80,0.78,0.69,0.33,0.19,0.86,"",0,0.0,-3,-4.4,-2,-2.9,-4,-5.9,-32817,-4.5,-15450,-23.7,-1143,-40.3,-1,-0.1
"36093","5","3114","76","0","2016","4","","Schenectady County, New York","Private","NAICS 3114 Fruit and vegetable preserving and specialty","County, NAICS 4-digit -- by ownership sector","All establishment sizes",3,66,68,69,834294,79773,3033,948,"",3.81,0.85,0.92,0.96,0.90,0.99,0.86,0.99,"",0,0.0,-8,-10.8,-2,-2.9,-2,-2.8,56623,7.3,-18190,-18.6,-1987,-39.6,113,13.5
"36093","5","31141","77","0","2016","1","N","Schenectady County, New York","Private","NAICS 31141 Frozen food manufacturing","County, NAICS 5-digit -- by ownership sector","All establishment sizes",2,0,0,0,0,0,0,0,"N",6.81,0,0,0,0,0,0,0,"N",0,0.0,0,0,0,0,0,0,0,0,0,0,0,0,0,0
"36093","5","31141","77","0","2016","2","N","Schenectady County, New York","Private","NAICS 31141 Frozen food manufacturing","County, NAICS 5-digit -- by ownership sector","All establishment sizes",2,0,0,0,0,0,0,0,"N",6.69,0,0,0,0,0,0,0,"N",0,0.0,0,0,0,0,0,0,0,0,0,0,0,0,0,0
"36093","5","31141","77","0","2016","3","N","Schenectady County, New York","Private","NAICS 31141 Frozen food manufacturing","County, NAICS 5-digit -- by ownership sector","All establishment sizes",2,0,0,0,0,0,0,0,"N",6.69,0,0,0,0,0,0,0,"N",0,0.0,0,0,0,0,0,0,0,0,0,0,0,0,0,0
"36093","5","31141","77","0","2016","4","N","Schenectady County, New York","Private","NAICS 31141 Frozen food manufacturing","County, NAICS 5-digit -- by ownership sector","All establishment sizes",2,0,0,0,0,0,0,0,"N",6.70,0,0,0,0,0,0,0,"N",0,0.0,0,0,0,0,0,0,0,0,0,0,0,0,0,0
"36093","5","311412","78","0","2016","1","N","Schenectady County, New York","Private","NAICS 311412 Frozen specialty food manufacturing","County, NAICS 6-digit -- by ownership sector","All establishment sizes",2,0,0,0,0,0,0,0,"N",9.84,0,0,0,0,0,0,0,"N",0,0.0,0,0,0,0,0,0,0,0,0,0,0,0,0,0
"36093","5","311412","78","0","2016","2","N","Schenectady County, New York","Private","NAICS 311412 Frozen specialty food manufacturing","County, NAICS 6-digit -- by ownership sector","All establishment sizes",2,0,0,0,0,0,0,0,"N",9.68,0,0,0,0,0,0,0,"N",0,0.0,0,0,0,0,0,0,0,0,0,0,0,0,0,0
"36093","5","311412","78","0","2016","3","N","Schenectady County, New York","Private","NAICS 311412 Frozen specialty food manufacturing","County, NAICS 6-digit -- by ownership sector","All establishment sizes",2,0,0,0,0,0,0,0,"N",9.67,0,0,0,0,0,0,0,"N",0,0.0,0,0,0,0,0,0,0,0,0,0,0,0,0,0
"36093","5","311412","78","0","2016","4","N","Schenectady County, New York","Private","NAICS 311412 Frozen specialty food manufacturing","County, NAICS 6-digit -- by ownership sector","All establishment sizes",2,0,0,0,0,0,0,0,"N",9.65,0,0,0,0,0,0,0,"N",0,0.0,0,0,0,0,0,0,0,0,0,0,0,0,0,0
"36093","5","31142","77","0","2016","1","N","Schenectady County, New York","Private","NAICS 31142 Fruit and vegetable canning and drying","County, NAICS 5-digit -- by ownership sector","All establishment sizes",1,0,0,0,0,0,0,0,"N",2.12,0,0,0,0,0,0,0,"N",0,0.0,0,0,0,0,0,0,0,0,0,0,0,0,0,0
"36093","5","31142","77","0","2016","2","N","Schenectady County, New York","Private","NAICS 31142 Fruit and vegetable canning and drying","County, NAICS 5-digit -- by ownership sector","All establishment sizes",1,0,0,0,0,0,0,0,"N",2.09,0,0,0,0,0,0,0,"N",0,0.0,0,0,0,0,0,0,0,0,0,0,0,0,0,0
"36093","5","31142","77","0","2016","3","N","Schenectady County, New York","Private","NAICS 31142 Fruit and vegetable canning and drying","County, NAICS 5-digit -- by ownership sector","All establishment sizes",1,0,0,0,0,0,0,0,"N",2.05,0,0,0,0,0,0,0,"N",0,0.0,0,0,0,0,0,0,0,0,0,0,0,0,0,0
"36093","5","31142","77","0","2016","4","N","Schenectady County, New York","Private","NAICS 31142 Fruit and vegetable canning and drying","County, NAICS 5-digit -- by ownership sector","All establishment sizes",1,0,0,0,0,0,0,0,"N",2.05,0,0,0,0,0,0,0,"N",0,0.0,0,0,0,0,0,0,0,0,0,0,0,0,0,0
"36093","5","311421","78","0","2016","1","N","Schenectady County, New York","Private","NAICS 311421 Fruit and vegetable canning","County, NAICS 6-digit -- by ownership sector","All establishment sizes",1,0,0,0,0,0,0,0,"N",2.72,0,0,0,0,0,0,0,"N",0,0.0,0,0,0,0,0,0,0,0,0,0,0,0,0,0
"36093","5","311421","78","0","2016","2","N","Schenectady County, New York","Private","NAICS 311421 Fruit and vegetable canning","County, NAICS 6-digit -- by ownership sector","All establishment sizes",1,0,0,0,0,0,0,0,"N",2.68,0,0,0,0,0,0,0,"N",0,0.0,0,0,0,0,0,0,0,0,0,0,0,0,0,0
"36093","5","311421","78","0","2016","3","N","Schenectady County, New York","Private","NAICS 311421 Fruit and vegetable canning","County, NAICS 6-digit -- by ownership sector","All establishment sizes",1,0,0,0,0,0,0,0,"N",2.63,0,0,0,0,0,0,0,"N",0,0.0,0,0,0,0,0,0,0,0,0,0,0,0,0,0
"36093","5","311421","78","0","2016","4","N","Schenectady County, New York","Private","NAICS 311421 Fruit and vegetable canning","County, NAICS 6-digit -- by ownership sector","All establishment sizes",1,0,0,0,0,0,0,0,"N",2.63,0,0,0,0,0,0,0,"N",0,0.0,0,0,0,0,0,0,0,0,0,0,0,0,0,0
"36093","5","3115","76","0","2016","1","N","Schenectady County, New York","Private","NAICS 3115 Dairy product manufacturing","County, NAICS 4-digit -- by ownership sector","All establishment sizes",1,0,0,0,0,0,0,0,"N",1.37,0,0,0,0,0,0,0,"N",0,0.0,0,0,0,0,0,0,0,0,0,0,0,0,0,0
"36093","5","3115","76","0","2016","2","N","Schenectady County, New York","Private","NAICS 3115 Dairy product manufacturing","County, NAICS 4-digit -- by ownership sector","All establishment sizes",1,0,0,0,0,0,0,0,"N",1.35,0,0,0,0,0,0,0,"N",0,0.0,0,0,0,0,0,0,0,0,0,0,0,0,0,0
"36093","5","3115","76","0","2016","3","N","Schenectady County, New York","Private","NAICS 3115 Dairy product manufacturing","County, NAICS 4-digit -- by ownership sector","All establishment sizes",1,0,0,0,0,0,0,0,"N",1.34,0,0,0,0,0,0,0,"N",0,0.0,0,0,0,0,0,0,0,0,0,0,0,0,0,0
"36093","5","3115","76","0","2016","4","N","Schenectady County, New York","Private","NAICS 3115 Dairy product manufacturing","County, NAICS 4-digit -- by ownership sector","All establishment sizes",1,0,0,0,0,0,0,0,"N",1.34,0,0,0,0,0,0,0,"N",0,0.0,0,0,0,0,0,0,0,0,0,0,0,0,0,0
"36093","5","31151","77","0","2016","1","N","Schenectady County, New York","Private","NAICS 31151 Dairy product, except frozen, manufacturing","County, NAICS 5-digit -- by ownership sector","All establishment sizes",1,0,0,0,0,0,0,0,"N",1.88,0,0,0,0,0,0,0,"N",0,0.0,0,0,0,0,0,0,0,0,0,0,0,0,0,0
"36093","5","31151","77","0","2016","2","N","Schenectady County, New York","Private","NAICS 31151 Dairy product, except frozen, manufacturing","County, NAICS 5-digit -- by ownership sector","All establishment sizes",1,0,0,0,0,0,0,0,"N",1.86,0,0,0,0,0,0,0,"N",0,0.0,0,0,0,0,0,0,0,0,0,0,0,0,0,0
"36093","5","31151","77","0","2016","3","N","Schenectady County, New York","Private","NAICS 31151 Dairy product, except frozen, manufacturing","County, NAICS 5-digit -- by ownership sector","All establishment sizes",1,0,0,0,0,0,0,0,"N",1.86,0,0,0,0,0,0,0,"N",0,0.0,0,0,0,0,0,0,0,0,0,0,0,0,0,0
"36093","5","31151","77","0","2016","4","N","Schenectady County, New York","Private","NAICS 31151 Dairy product, except frozen, manufacturing","County, NAICS 5-digit -- by ownership sector","All establishment sizes",1,0,0,0,0,0,0,0,"N",1.86,0,0,0,0,0,0,0,"N",0,0.0,0,0,0,0,0,0,0,0,0,0,0,0,0,0
"36093","5","311513","78","0","2016","1","N","Schenectady County, New York","Private","NAICS 311513 Cheese manufacturing","County, NAICS 6-digit -- by ownership sector","All establishment sizes",1,0,0,0,0,0,0,0,"N",4.52,0,0,0,0,0,0,0,"N",0,0.0,0,0,0,0,0,0,0,0,0,0,0,0,0,0
"36093","5","311513","78","0","2016","2","N","Schenectady County, New York","Private","NAICS 311513 Cheese manufacturing","County, NAICS 6-digit -- by ownership sector","All establishment sizes",1,0,0,0,0,0,0,0,"N",4.48,0,0,0,0,0,0,0,"N",0,0.0,0,0,0,0,0,0,0,0,0,0,0,0,0,0
"36093","5","311513","78","0","2016","3","N","Schenectady County, New York","Private","NAICS 311513 Cheese manufacturing","County, NAICS 6-digit -- by ownership sector","All establishment sizes",1,0,0,0,0,0,0,0,"N",4.47,0,0,0,0,0,0,0,"N",0,0.0,0,0,0,0,0,0,0,0,0,0,0,0,0,0
"36093","5","311513","78","0","2016","4","N","Schenectady County, New York","Private","NAICS 311513 Cheese manufacturing","County, NAICS 6-digit -- by ownership sector","All establishment sizes",1,0,0,0,0,0,0,0,"N",4.47,0,0,0,0,0,0,0,"N",0,0.0,0,0,0,0,0,0,0,0,0,0,0,0,0,0
"36093","5","3116","76","0","2016","1","N","Schenectady County, New York","Private","NAICS 3116 Animal slaughtering and processing","County, NAICS 4-digit -- by ownership sector","All establishment sizes",2,0,0,0,0,0,0,0,"N",1.41,0,0,0,0,0,0,0,"N",0,0.0,0,0,0,0,0,0,0,0,0,0,0,0,0,0
"36093","5","3116","76","0","2016","2","N","Schenectady County, New York","Private","NAICS 3116 Animal slaughtering and processing","County, NAICS 4-digit -- by ownership sector","All establishment sizes",2,0,0,0,0,0,0,0,"N",1.41,0,0,0,0,0,0,0,"N",0,0.0,0,0,0,0,0,0,0,0,0,0,0,0,0,0
"36093","5","3116","76","0","2016","3","N","Schenectady County, New York","Private","NAICS 3116 Animal slaughtering and processing","County, NAICS 4-digit -- by ownership sector","All establishment sizes",2,0,0,0,0,0,0,0,"N",1.41,0,0,0,0,0,0,0,"N",0,0.0,0,0,0,0,0,0,0,0,0,0,0,0,0,0
"36093","5","3116","76","0","2016","4","N","Schenectady County, New York","Private","NAICS 3116 Animal slaughtering and processing","County, NAICS 4-digit -- by ownership sector","All establishment sizes",2,0,0,0,0,0,0,0,"N",1.40,0,0,0,0,0,0,0,"N",0,0.0,0,0,0,0,0,0,0,0,0,0,0,0,0,0
"36093","5","31161","77","0","2016","1","N","Schenectady County, New York","Private","NAICS 31161 Animal slaughtering and processing","County, NAICS 5-digit -- by ownership sector","All establishment sizes",2,0,0,0,0,0,0,0,"N",1.41,0,0,0,0,0,0,0,"N",0,0.0,0,0,0,0,0,0,0,0,0,0,0,0,0,0
"36093","5","31161","77","0","2016","2","N","Schenectady County, New York","Private","NAICS 31161 Animal slaughtering and processing","County, NAICS 5-digit -- by ownership sector","All establishment sizes",2,0,0,0,0,0,0,0,"N",1.41,0,0,0,0,0,0,0,"N",0,0.0,0,0,0,0,0,0,0,0,0,0,0,0,0,0
"36093","5","31161","77","0","2016","3","N","Schenectady County, New York","Private","NAICS 31161 Animal slaughtering and processing","County, NAICS 5-digit -- by ownership sector","All establishment sizes",2,0,0,0,0,0,0,0,"N",1.41,0,0,0,0,0,0,0,"N",0,0.0,0,0,0,0,0,0,0,0,0,0,0,0,0,0
"36093","5","31161","77","0","2016","4","N","Schenectady County, New York","Private","NAICS 31161 Animal slaughtering and processing","County, NAICS 5-digit -- by ownership sector","All establishment sizes",2,0,0,0,0,0,0,0,"N",1.40,0,0,0,0,0,0,0,"N",0,0.0,0,0,0,0,0,0,0,0,0,0,0,0,0,0
"36093","5","311612","78","0","2016","1","N","Schenectady County, New York","Private","NAICS 311612 Meat processed from carcasses","County, NAICS 6-digit -- by ownership sector","All establishment sizes",2,0,0,0,0,0,0,0,"N",3.66,0,0,0,0,0,0,0,"N",0,0.0,0,0,0,0,0,0,0,0,0,0,0,0,0,0
"36093","5","311612","78","0","2016","2","N","Schenectady County, New York","Private","NAICS 311612 Meat processed from carcasses","County, NAICS 6-digit -- by ownership sector","All establishment sizes",2,0,0,0,0,0,0,0,"N",3.67,0,0,0,0,0,0,0,"N",0,0.0,0,0,0,0,0,0,0,0,0,0,0,0,0,0
"36093","5","311612","78","0","2016","3","N","Schenectady County, New York","Private","NAICS 311612 Meat processed from carcasses","County, NAICS 6-digit -- by ownership sector","All establishment sizes",2,0,0,0,0,0,0,0,"N",3.66,0,0,0,0,0,0,0,"N",0,0.0,0,0,0,0,0,0,0,0,0,0,0,0,0,0
"36093","5","311612","78","0","2016","4","N","Schenectady County, New York","Private","NAICS 311612 Meat processed from carcasses","County, NAICS 6-digit -- by ownership sector","All establishment sizes",2,0,0,0,0,0,0,0,"N",3.61,0,0,0,0,0,0,0,"N",0,0.0,0,0,0,0,0,0,0,0,0,0,0,0,0,0
"36093","5","3118","76","0","2016","1","","Schenectady County, New York","Private","NAICS 3118 Bakeries and tortilla manufacturing","County, NAICS 4-digit -- by ownership sector","All establishment sizes",8,86,90,93,642238,549672,25280,551,"",1.73,0.65,0.67,0.70,0.53,0.69,1.03,0.79,"",1,14.3,6,7.5,14,18.4,19,25.7,81420,14.5,81409,17.4,2717,12.0,-12,-2.1
"36093","5","3118","76","0","2016","2","","Schenectady County, New York","Private","NAICS 3118 Bakeries and tortilla manufacturing","County, NAICS 4-digit -- by ownership sector","All establishment sizes",8,95,95,91,689950,317221,14936,567,"",1.71,0.70,0.70,0.66,0.49,1.22,1.80,0.72,"",1,14.3,19,25.0,18,23.4,15,19.7,120534,21.2,107060,50.9,5876,64.9,-7,-1.2
"36093","5","3118","76","0","2016","3","","Schenectady County, New York","Private","NAICS 3118 Bakeries and tortilla manufacturing","County, NAICS 4-digit -- by ownership sector","All establishment sizes",7,50,44,44,370016,100629,3354,619,"",1.49,0.38,0.33,0.33,0.27,0.66,0.75,0.78,"",-1,-12.5,-29,-36.7,-35,-44.3,-38,-46.3,-259012,-41.2,-24861,-19.8,-2496,-42.7,14,2.3
"36093","5","3118","76","0","2016","4","","Schenectady County, New York","Private","NAICS 3118 Bakeries and tortilla manufacturing","County, NAICS 4-digit -- by ownership sector","All establishment sizes",6,46,44,41,271718,51612,1343,479,"",1.27,0.34,0.32,0.30,0.20,0.43,0.38,0.64,"",-2,-25.0,-42,-47.7,-42,-48.8,-46,-52.9,-404613,-59.8,-70536,-57.7,-4984,-78.8,-119,-19.9
"36093","5","31181","77","0","2016","1","N","Schenectady County, New York","Private","NAICS 31181 Bread and bakery product manufacturing","County, NAICS 5-digit -- by ownership sector","All establishment sizes",7,0,0,0,0,0,0,0,"N",1.71,0,0,0,0,0,0,0,"N",1,16.7,0,0,0,0,0,0,0,0,0,0,0,0,0,0
"36093","5","31181","77","0","2016","2","N","Schenectady County, New York","Private","NAICS 31181 Bread and bakery product manufacturing","County, NAICS 5-digit -- by ownership sector","All establishment sizes",7,0,0,0,0,0,0,0,"N",1.69,0,0,0,0,0,0,0,"N",1,16.7,0,0,0,0,0,0,0,0,0,0,0,0,0,0
"36093","5","31181","77","0","2016","3","N","Schenectady County, New York","Private","NAICS 31181 Bread and bakery product manufacturing","County, NAICS 5-digit -- by ownership sector","All establishment sizes",6,0,0,0,0,0,0,0,"N",1.44,0,0,0,0,0,0,0,"N",-1,-14.3,0,0,0,0,0,0,0,0,0,0,0,0,0,0
"36093","5","31181","77","0","2016","4","N","Schenectady County, New York","Private","NAICS 31181 Bread and bakery product manufacturing","County, NAICS 5-digit -- by ownership sector","All establishment sizes",5,0,0,0,0,0,0,0,"N",1.19,0,0,0,0,0,0,0,"N",-2,-28.6,0,0,0,0,0,0,0,0,0,0,0,0,0,0
"36093","5","311811","78","0","2016","1","","Schenectady County, New York","Private","NAICS 311811 Retail bakeries","County, NAICS 6-digit -- by ownership sector","All establishment sizes",4,20,20,20,100461,94121,1634,386,"",1.50,0.56,0.56,0.56,0.56,0.67,0.48,1.00,"",0,0.0,-4,-16.7,-3,-13.0,-2,-9.1,-6308,-5.9,-5508,-5.5,-574,-26.0,29,8.1
"36093","5","311811","78","0","2016","2","","Schenectady County, New York","Private","NAICS 311811 Retail bakeries","County, NAICS 6-digit -- by ownership sector","All establishment sizes",4,19,18,21,104432,56815,1083,416,"",1.48,0.52,0.49,0.56,0.47,0.83,0.55,0.91,"",0,0.0,-2,-9.5,-3,-14.3,1,5.0,2880,2.8,2703,5.0,-58,-5.1,38,10.1
"36093","5","311811","78","0","2016","3","","Schenectady County, New York","Private","NAICS 311811 Retail bakeries","County, NAICS 6-digit -- by ownership sector","All establishment sizes",3,21,21,23,114177,45438,1117,405,"",1.11,0.58,0.58,0.63,0.54,0.97,0.89,0.90,"",-1,-25.0,0,0.0,0,0.0,3,15.0,11126,10.8,11605,34.3,406,57.1,21,5.5
"36093","5","311811","78","0","2016","4","N","Schenectady County, New York","Private","NAICS 311811 Retail bakeries","County, NAICS 6-digit -- by ownership sector","All establishment sizes",3,0,0,0,0,0,0,0,"N",1.10,0,0,0,0,0,0,0,"N",-1,-25.0,0,0,0,0,0,0,0,0,0,0,0,0,0,0
"36093","5","311812","78","0","2016","1","N","Schenectady County, New York","Private","NAICS 311812 Commercial bakeries","County, NAICS 6-digit -- by ownership sector","All establishment sizes",3,0,0,0,0,0,0,0,"N",2.25,0,0,0,0,0,0,0,"N",1,50.0,0,0,0,0,0,0,0,0,0,0,0,0,0,0
"36093","5","311812","78","0","2016","2","N","Schenectady County, New York","Private","NAICS 311812 Commercial bakeries","County, NAICS 6-digit -- by ownership sector","All establishment sizes",3,0,0,0,0,0,0,0,"N",2.20,0,0,0,0,0,0,0,"N",1,50.0,0,0,0,0,0,0,0,0,0,0,0,0,0,0
"36093","5","311812","78","0","2016","3","N","Schenectady County, New York","Private","NAICS 311812 Commercial bakeries","County, NAICS 6-digit -- by ownership sector","All establishment sizes",3,0,0,0,0,0,0,0,"N",2.18,0,0,0,0,0,0,0,"N",0,0.0,0,0,0,0,0,0,0,0,0,0,0,0,0,0
"36093","5","311812","78","0","2016","4","N","Schenectady County, New York","Private","NAICS 311812 Commercial bakeries","County, NAICS 6-digit -- by ownership sector","All establishment sizes",2,0,0,0,0,0,0,0,"N",1.44,0,0,0,0,0,0,0,"N",-1,-33.3,0,0,0,0,0,0,0,0,0,0,0,0,0,0
"36093","5","31182","77","0","2016","1","N","Schenectady County, New York","Private","NAICS 31182 Cookie, cracker, and pasta manufacturing","County, NAICS 5-digit -- by ownership sector","All establishment sizes",1,0,0,0,0,0,0,0,"N",2.69,0,0,0,0,0,0,0,"N",0,0.0,0,0,0,0,0,0,0,0,0,0,0,0,0,0
"36093","5","31182","77","0","2016","2","N","Schenectady County, New York","Private","NAICS 31182 Cookie, cracker, and pasta manufacturing","County, NAICS 5-digit -- by ownership sector","All establishment sizes",1,0,0,0,0,0,0,0,"N",2.66,0,0,0,0,0,0,0,"N",0,0.0,0,0,0,0,0,0,0,0,0,0,0,0,0,0
"36093","5","31182","77","0","2016","3","N","Schenectady County, New York","Private","NAICS 31182 Cookie, cracker, and pasta manufacturing","County, NAICS 5-digit -- by ownership sector","All establishment sizes",1,0,0,0,0,0,0,0,"N",2.65,0,0,0,0,0,0,0,"N",0,0.0,0,0,0,0,0,0,0,0,0,0,0,0,0,0
"36093","5","31182","77","0","2016","4","N","Schenectady County, New York","Private","NAICS 31182 Cookie, cracker, and pasta manufacturing","County, NAICS 5-digit -- by ownership sector","All establishment sizes",1,0,0,0,0,0,0,0,"N",2.64,0,0,0,0,0,0,0,"N",0,0.0,0,0,0,0,0,0,0,0,0,0,0,0,0,0
"36093","5","311824","78","0","2016","1","N","Schenectady County, New York","Private","NAICS 311824 Pasta, dough and mixes from purchased flour","County, NAICS 6-digit -- by ownership sector","All establishment sizes",1,0,0,0,0,0,0,0,"N",6.03,0,0,0,0,0,0,0,"N",0,0.0,0,0,0,0,0,0,0,0,0,0,0,0,0,0
"36093","5","311824","78","0","2016","2","N","Schenectady County, New York","Private","NAICS 311824 Pasta, dough and mixes from purchased flour","County, NAICS 6-digit -- by ownership sector","All establishment sizes",1,0,0,0,0,0,0,0,"N",6.01,0,0,0,0,0,0,0,"N",0,0.0,0,0,0,0,0,0,0,0,0,0,0,0,0,0
"36093","5","311824","78","0","2016","3","N","Schenectady County, New York","Private","NAICS 311824 Pasta, dough and mixes from purchased flour","County, NAICS 6-digit -- by ownership sector","All establishment sizes",1,0,0,0,0,0,0,0,"N",5.95,0,0,0,0,0,0,0,"N",0,0.0,0,0,0,0,0,0,0,0,0,0,0,0,0,0
"36093","5","311824","78","0","2016","4","N","Schenectady County, New York","Private","NAICS 311824 Pasta, dough and mixes from purchased flour","County, NAICS 6-digit -- by ownership sector","All establishment sizes",1,0,0,0,0,0,0,0,"N",5.93,0,0,0,0,0,0,0,"N",0,0.0,0,0,0,0,0,0,0,0,0,0,0,0,0,0
"36093","5","3119","76","0","2016","1","N","Schenectady County, New York","Private","NAICS 3119 Other food manufacturing","County, NAICS 4-digit -- by ownership sector","All establishment sizes",1,0,0,0,0,0,0,0,"N",0.59,0,0,0,0,0,0,0,"N",0,0.0,0,0,0,0,0,0,0,0,0,0,0,0,0,0
"36093","5","3119","76","0","2016","2","N","Schenectady County, New York","Private","NAICS 3119 Other food manufacturing","County, NAICS 4-digit -- by ownership sector","All establishment sizes",1,0,0,0,0,0,0,0,"N",0.57,0,0,0,0,0,0,0,"N",0,0.0,0,0,0,0,0,0,0,0,0,0,0,0,0,0
"36093","5","3119","76","0","2016","3","N","Schenectady County, New York","Private","NAICS 3119 Other food manufacturing","County, NAICS 4-digit -- by ownership sector","All establishment sizes",1,0,0,0,0,0,0,0,"N",0.56,0,0,0,0,0,0,0,"N",0,0.0,0,0,0,0,0,0,0,0,0,0,0,0,0,0
"36093","5","3119","76","0","2016","4","N","Schenectady County, New York","Private","NAICS 3119 Other food manufacturing","County, NAICS 4-digit -- by ownership sector","All establishment sizes",1,0,0,0,0,0,0,0,"N",0.56,0,0,0,0,0,0,0,"N",0,0.0,0,0,0,0,0,0,0,0,0,0,0,0,0,0
"36093","5","31192","77","0","2016","1","N","Schenectady County, New York","Private","NAICS 31192 Coffee and tea manufacturing","County, NAICS 5-digit -- by ownership sector","All establishment sizes",1,0,0,0,0,0,0,0,"N",3.52,0,0,0,0,0,0,0,"N",0,0.0,0,0,0,0,0,0,0,0,0,0,0,0,0,0
"36093","5","31192","77","0","2016","2","N","Schenectady County, New York","Private","NAICS 31192 Coffee and tea manufacturing","County, NAICS 5-digit -- by ownership sector","All establishment sizes",1,0,0,0,0,0,0,0,"N",3.40,0,0,0,0,0,0,0,"N",0,0.0,0,0,0,0,0,0,0,0,0,0,0,0,0,0
"36093","5","31192","77","0","2016","3","N","Schenectady County, New York","Private","NAICS 31192 Coffee and tea manufacturing","County, NAICS 5-digit -- by ownership sector","All establishment sizes",1,0,0,0,0,0,0,0,"N",3.32,0,0,0,0,0,0,0,"N",0,0.0,0,0,0,0,0,0,0,0,0,0,0,0,0,0
"36093","5","31192","77","0","2016","4","N","Schenectady County, New York","Private","NAICS 31192 Coffee and tea manufacturing","County, NAICS 5-digit -- by ownership sector","All establishment sizes",1,0,0,0,0,0,0,0,"N",3.25,0,0,0,0,0,0,0,"N",0,0.0,0,0,0,0,0,0,0,0,0,0,0,0,0,0
"36093","5","311920","78","0","2016","1","N","Schenectady County, New York","Private","NAICS 311920 Coffee and tea manufacturing","County, NAICS 6-digit -- by ownership sector","All establishment sizes",1,0,0,0,0,0,0,0,"N",3.52,0,0,0,0,0,0,0,"N",0,0.0,0,0,0,0,0,0,0,0,0,0,0,0,0,0
"36093","5","311920","78","0","2016","2","N","Schenectady County, New York","Private","NAICS 311920 Coffee and tea manufacturing","County, NAICS 6-digit -- by ownership sector","All establishment sizes",1,0,0,0,0,0,0,0,"N",3.40,0,0,0,0,0,0,0,"N",0,0.0,0,0,0,0,0,0,0,0,0,0,0,0,0,0
"36093","5","311920","78","0","2016","3","N","Schenectady County, New York","Private","NAICS 311920 Coffee and tea manufacturing","County, NAICS 6-digit -- by ownership sector","All establishment sizes",1,0,0,0,0,0,0,0,"N",3.32,0,0,0,0,0,0,0,"N",0,0.0,0,0,0,0,0,0,0,0,0,0,0,0,0,0
"36093","5","311920","78","0","2016","4","N","Schenectady County, New York","Private","NAICS 311920 Coffee and tea manufacturing","County, NAICS 6-digit -- by ownership sector","All establishment sizes",1,0,0,0,0,0,0,0,"N",3.25,0,0,0,0,0,0,0,"N",0,0.0,0,0,0,0,0,0,0,0,0,0,0,0,0,0
"36093","5","312","75","0","2016","1","N","Schenectady County, New York","Private","NAICS 312 Beverage and tobacco product manufacturing","County, NAICS 3-digit -- by ownership sector","All establishment sizes",1,0,0,0,0,0,0,0,"N",0.30,0,0,0,0,0,0,0,"N",0,0.0,0,0,0,0,0,0,0,0,0,0,0,0,0,0
"36093","5","312","75","0","2016","2","N","Schenectady County, New York","Private","NAICS 312 Beverage and tobacco product manufacturing","County, NAICS 3-digit -- by ownership sector","All establishment sizes",1,0,0,0,0,0,0,0,"N",0.29,0,0,0,0,0,0,0,"N",0,0.0,0,0,0,0,0,0,0,0,0,0,0,0,0,0
"36093","5","312","75","0","2016","3","N","Schenectady County, New York","Private","NAICS 312 Beverage and tobacco product manufacturing","County, NAICS 3-digit -- by ownership sector","All establishment sizes",1,0,0,0,0,0,0,0,"N",0.28,0,0,0,0,0,0,0,"N",0,0.0,0,0,0,0,0,0,0,0,0,0,0,0,0,0
"36093","5","312","75","0","2016","4","N","Schenectady County, New York","Private","NAICS 312 Beverage and tobacco product manufacturing","County, NAICS 3-digit -- by ownership sector","All establishment sizes",1,0,0,0,0,0,0,0,"N",0.28,0,0,0,0,0,0,0,"N",0,0.0,0,0,0,0,0,0,0,0,0,0,0,0,0,0
"36093","5","3121","76","0","2016","1","N","Schenectady County, New York","Private","NAICS 3121 Beverage manufacturing","County, NAICS 4-digit -- by ownership sector","All establishment sizes",1,0,0,0,0,0,0,0,"N",0.31,0,0,0,0,0,0,0,"N",0,0.0,0,0,0,0,0,0,0,0,0,0,0,0,0,0
"36093","5","3121","76","0","2016","2","N","Schenectady County, New York","Private","NAICS 3121 Beverage manufacturing","County, NAICS 4-digit -- by ownership sector","All establishment sizes",1,0,0,0,0,0,0,0,"N",0.30,0,0,0,0,0,0,0,"N",0,0.0,0,0,0,0,0,0,0,0,0,0,0,0,0,0
"36093","5","3121","76","0","2016","3","N","Schenectady County, New York","Private","NAICS 3121 Beverage manufacturing","County, NAICS 4-digit -- by ownership sector","All establishment sizes",1,0,0,0,0,0,0,0,"N",0.29,0,0,0,0,0,0,0,"N",0,0.0,0,0,0,0,0,0,0,0,0,0,0,0,0,0
"36093","5","3121","76","0","2016","4","N","Schenectady County, New York","Private","NAICS 3121 Beverage manufacturing","County, NAICS 4-digit -- by ownership sector","All establishment sizes",1,0,0,0,0,0,0,0,"N",0.28,0,0,0,0,0,0,0,"N",0,0.0,0,0,0,0,0,0,0,0,0,0,0,0,0,0
"36093","5","31211","77","0","2016","1","N","Schenectady County, New York","Private","NAICS 31211 Soft drink and ice manufacturing","County, NAICS 5-digit -- by ownership sector","All establishment sizes",1,0,0,0,0,0,0,0,"N",1.47,0,0,0,0,0,0,0,"N",0,0.0,0,0,0,0,0,0,0,0,0,0,0,0,0,0
"36093","5","31211","77","0","2016","2","N","Schenectady County, New York","Private","NAICS 31211 Soft drink and ice manufacturing","County, NAICS 5-digit -- by ownership sector","All establishment sizes",1,0,0,0,0,0,0,0,"N",1.43,0,0,0,0,0,0,0,"N",0,0.0,0,0,0,0,0,0,0,0,0,0,0,0,0,0
"36093","5","31211","77","0","2016","3","N","Schenectady County, New York","Private","NAICS 31211 Soft drink and ice manufacturing","County, NAICS 5-digit -- by ownership sector","All establishment sizes",1,0,0,0,0,0,0,0,"N",1.43,0,0,0,0,0,0,0,"N",0,0.0,0,0,0,0,0,0,0,0,0,0,0,0,0,0
"36093","5","31211","77","0","2016","4","N","Schenectady County, New York","Private","NAICS 31211 Soft drink and ice manufacturing","County, NAICS 5-digit -- by ownership sector","All establishment sizes",1,0,0,0,0,0,0,0,"N",1.40,0,0,0,0,0,0,0,"N",0,0.0,0,0,0,0,0,0,0,0,0,0,0,0,0,0
"36093","5","312111","78","0","2016","1","N","Schenectady County, New York","Private","NAICS 312111 Soft drink manufacturing","County, NAICS 6-digit -- by ownership sector","All establishment sizes",1,0,0,0,0,0,0,0,"N",3.18,0,0,0,0,0,0,0,"N",0,0.0,0,0,0,0,0,0,0,0,0,0,0,0,0,0
"36093","5","312111","78","0","2016","2","N","Schenectady County, New York","Private","NAICS 312111 Soft drink manufacturing","County, NAICS 6-digit -- by ownership sector","All establishment sizes",1,0,0,0,0,0,0,0,"N",3.08,0,0,0,0,0,0,0,"N",0,0.0,0,0,0,0,0,0,0,0,0,0,0,0,0,0
"36093","5","312111","78","0","2016","3","N","Schenectady County, New York","Private","NAICS 312111 Soft drink manufacturing","County, NAICS 6-digit -- by ownership sector","All establishment sizes",1,0,0,0,0,0,0,0,"N",3.06,0,0,0,0,0,0,0,"N",0,0.0,0,0,0,0,0,0,0,0,0,0,0,0,0,0
"36093","5","312111","78","0","2016","4","N","Schenectady County, New York","Private","NAICS 312111 Soft drink manufacturing","County, NAICS 6-digit -- by ownership sector","All establishment sizes",1,0,0,0,0,0,0,0,"N",2.99,0,0,0,0,0,0,0,"N",0,0.0,0,0,0,0,0,0,0,0,0,0,0,0,0,0
"36093","5","313","75","0","2016","1","","Schenectady County, New York","Private","NAICS 313 Textile mills","County, NAICS 3-digit -- by ownership sector","All establishment sizes",3,33,33,32,397625,247669,13075,936,"",3.01,0.64,0.64,0.62,0.72,0.69,0.93,1.13,"N",1,50.0,0,0,0,0,0,0,0,0,0,0,0,0,0,0
"36093","5","313","75","0","2016","2","","Schenectady County, New York","Private","NAICS 313 Textile mills","County, NAICS 3-digit -- by ownership sector","All establishment sizes",3,32,32,31,452100,64731,2955,1098,"",3.00,0.62,0.63,0.60,0.73,0.57,0.56,1.18,"N",1,50.0,0,0,0,0,0,0,0,0,0,0,0,0,0,0
"36093","5","313","75","0","2016","3","","Schenectady County, New York","Private","NAICS 313 Textile mills","County, NAICS 3-digit -- by ownership sector","All establishment sizes",3,28,28,29,450165,27565,912,1222,"",3.02,0.58,0.57,0.59,0.80,0.52,0.40,1.38,"N",1,50.0,0,0,0,0,0,0,0,0,0,0,0,0,0,0
"36093","5","313","75","0","2016","4","","Schenectady County, New York","Private","NAICS 313 Textile mills","County, NAICS 3-digit -- by ownership sector","All establishment sizes",3,30,31,31,396599,21504,992,995,"",3.02,0.60,0.62,0.62,0.69,0.62,0.69,1.13,"N",1,50.0,0,0,0,0,0,0,0,0,0,0,0,0,0,0
"36093","5","3132","76","0","2016","1","","Schenectady County, New York","Private","NAICS 3132 Fabric mills","County, NAICS 4-digit -- by ownership sector","All establishment sizes",3,33,33,32,397625,247669,13075,936,"",7.53,1.36,1.36,1.32,1.45,1.40,2.14,1.07,"N",1,50.0,0,0,0,0,0,0,0,0,0,0,0,0,0,0
"36093","5","3132","76","0","2016","2","","Schenectady County, New York","Private","NAICS 3132 Fabric mills","County, NAICS 4-digit -- by ownership sector","All establishment sizes",3,32,32,31,452100,64731,2955,1098,"",7.48,1.32,1.33,1.26,1.48,1.18,1.25,1.13,"N",1,50.0,0,0,0,0,0,0,0,0,0,0,0,0,0,0
"36093","5","3132","76","0","2016","3","","Schenectady County, New York","Private","NAICS 3132 Fabric mills","County, NAICS 4-digit -- by ownership sector","All establishment sizes",3,28,28,29,450165,27565,912,1222,"",7.48,1.22,1.22,1.25,1.63,1.13,0.93,1.33,"N",1,50.0,0,0,0,0,0,0,0,0,0,0,0,0,0,0
"36093","5","3132","76","0","2016","4","","Schenectady County, New York","Private","NAICS 3132 Fabric mills","County, NAICS 4-digit -- by ownership sector","All establishment sizes",3,30,31,31,396599,21504,992,995,"",7.50,1.26,1.31,1.32,1.42,1.36,1.63,1.09,"N",1,50.0,0,0,0,0,0,0,0,0,0,0,0,0,0,0
"36093","5","31321","77","0","2016","1","N","Schenectady County, New York","Private","NAICS 31321 Broadwoven fabric mills","County, NAICS 5-digit -- by ownership sector","All establishment sizes",1,0,0,0,0,0,0,0,"N",6.27,0,0,0,0,0,0,0,"N",0,0.0,0,0,0,0,0,0,0,0,0,0,0,0,0,0
"36093","5","31321","77","0","2016","2","N","Schenectady County, New York","Private","NAICS 31321 Broadwoven fabric mills","County, NAICS 5-digit -- by ownership sector","All establishment sizes",1,0,0,0,0,0,0,0,"N",6.18,0,0,0,0,0,0,0,"N",0,0.0,0,0,0,0,0,0,0,0,0,0,0,0,0,0
"36093","5","31321","77","0","2016","3","N","Schenectady County, New York","Private","NAICS 31321 Broadwoven fabric mills","County, NAICS 5-digit -- by ownership sector","All establishment sizes",1,0,0,0,0,0,0,0,"N",6.11,0,0,0,0,0,0,0,"N",0,0.0,0,0,0,0,0,0,0,0,0,0,0,0,0,0
"36093","5","31321","77","0","2016","4","N","Schenectady County, New York","Private","NAICS 31321 Broadwoven fabric mills","County, NAICS 5-digit -- by ownership sector","All establishment sizes",1,0,0,0,0,0,0,0,"N",6.21,0,0,0,0,0,0,0,"N",0,0.0,0,0,0,0,0,0,0,0,0,0,0,0,0,0
"36093","5","313210","78","0","2016","1","N","Schenectady County, New York","Private","NAICS 313210 Broadwoven fabric mills","County, NAICS 6-digit -- by ownership sector","All establishment sizes",1,0,0,0,0,0,0,0,"N",6.27,0,0,0,0,0,0,0,"N",0,0.0,0,0,0,0,0,0,0,0,0,0,0,0,0,0
"36093","5","313210","78","0","2016","2","N","Schenectady County, New York","Private","NAICS 313210 Broadwoven fabric mills","County, NAICS 6-digit -- by ownership sector","All establishment sizes",1,0,0,0,0,0,0,0,"N",6.18,0,0,0,0,0,0,0,"N",0,0.0,0,0,0,0,0,0,0,0,0,0,0,0,0,0
"36093","5","313210","78","0","2016","3","N","Schenectady County, New York","Private","NAICS 313210 Broadwoven fabric mills","County, NAICS 6-digit -- by ownership sector","All establishment sizes",1,0,0,0,0,0,0,0,"N",6.11,0,0,0,0,0,0,0,"N",0,0.0,0,0,0,0,0,0,0,0,0,0,0,0,0,0
"36093","5","313210","78","0","2016","4","N","Schenectady County, New York","Private","NAICS 313210 Broadwoven fabric mills","County, NAICS 6-digit -- by ownership sector","All establishment sizes",1,0,0,0,0,0,0,0,"N",6.21,0,0,0,0,0,0,0,"N",0,0.0,0,0,0,0,0,0,0,0,0,0,0,0,0,0
"36093","5","31322","77","0","2016","1","N","Schenectady County, New York","Private","NAICS 31322 Narrow fabric mills and schiffli embroidery","County, NAICS 5-digit -- by ownership sector","All establishment sizes",1,0,0,0,0,0,0,0,"N",10.92,0,0,0,0,0,0,0,"N",0,0.0,0,0,0,0,0,0,0,0,0,0,0,0,0,0
"36093","5","31322","77","0","2016","2","N","Schenectady County, New York","Private","NAICS 31322 Narrow fabric mills and schiffli embroidery","County, NAICS 5-digit -- by ownership sector","All establishment sizes",1,0,0,0,0,0,0,0,"N",10.79,0,0,0,0,0,0,0,"N",0,0.0,0,0,0,0,0,0,0,0,0,0,0,0,0,0
"36093","5","31322","77","0","2016","3","N","Schenectady County, New York","Private","NAICS 31322 Narrow fabric mills and schiffli embroidery","County, NAICS 5-digit -- by ownership sector","All establishment sizes",1,0,0,0,0,0,0,0,"N",11.05,0,0,0,0,0,0,0,"N",0,0.0,0,0,0,0,0,0,0,0,0,0,0,0,0,0
"36093","5","31322","77","0","2016","4","N","Schenectady County, New York","Private","NAICS 31322 Narrow fabric mills and schiffli embroidery","County, NAICS 5-digit -- by ownership sector","All establishment sizes",1,0,0,0,0,0,0,0,"N",10.97,0,0,0,0,0,0,0,"N",0,0.0,0,0,0,0,0,0,0,0,0,0,0,0,0,0
"36093","5","313220","78","0","2016","1","N","Schenectady County, New York","Private","NAICS 313220 Narrow fabric mills and schiffli embroidery","County, NAICS 6-digit -- by ownership sector","All establishment sizes",1,0,0,0,0,0,0,0,"N",10.92,0,0,0,0,0,0,0,"N",0,0.0,0,0,0,0,0,0,0,0,0,0,0,0,0,0
"36093","5","313220","78","0","2016","2","N","Schenectady County, New York","Private","NAICS 313220 Narrow fabric mills and schiffli embroidery","County, NAICS 6-digit -- by ownership sector","All establishment sizes",1,0,0,0,0,0,0,0,"N",10.79,0,0,0,0,0,0,0,"N",0,0.0,0,0,0,0,0,0,0,0,0,0,0,0,0,0
"36093","5","313220","78","0","2016","3","N","Schenectady County, New York","Private","NAICS 313220 Narrow fabric mills and schiffli embroidery","County, NAICS 6-digit -- by ownership sector","All establishment sizes",1,0,0,0,0,0,0,0,"N",11.05,0,0,0,0,0,0,0,"N",0,0.0,0,0,0,0,0,0,0,0,0,0,0,0,0,0
"36093","5","313220","78","0","2016","4","N","Schenectady County, New York","Private","NAICS 313220 Narrow fabric mills and schiffli embroidery","County, NAICS 6-digit -- by ownership sector","All establishment sizes",1,0,0,0,0,0,0,0,"N",10.97,0,0,0,0,0,0,0,"N",0,0.0,0,0,0,0,0,0,0,0,0,0,0,0,0,0
"36093","5","31323","77","0","2016","1","N","Schenectady County, New York","Private","NAICS 31323 Nonwoven fabric mills","County, NAICS 5-digit -- by ownership sector","All establishment sizes",1,0,0,0,0,0,0,0,"N",11.54,0,0,0,0,0,0,0,"N",1,100.0,0,0,0,0,0,0,0,0,0,0,0,0,0,0
"36093","5","31323","77","0","2016","2","N","Schenectady County, New York","Private","NAICS 31323 Nonwoven fabric mills","County, NAICS 5-digit -- by ownership sector","All establishment sizes",1,0,0,0,0,0,0,0,"N",11.64,0,0,0,0,0,0,0,"N",1,100.0,0,0,0,0,0,0,0,0,0,0,0,0,0,0
"36093","5","31323","77","0","2016","3","N","Schenectady County, New York","Private","NAICS 31323 Nonwoven fabric mills","County, NAICS 5-digit -- by ownership sector","All establishment sizes",1,0,0,0,0,0,0,0,"N",11.64,0,0,0,0,0,0,0,"N",1,100.0,0,0,0,0,0,0,0,0,0,0,0,0,0,0
"36093","5","31323","77","0","2016","4","N","Schenectady County, New York","Private","NAICS 31323 Nonwoven fabric mills","County, NAICS 5-digit -- by ownership sector","All establishment sizes",1,0,0,0,0,0,0,0,"N",11.60,0,0,0,0,0,0,0,"N",1,100.0,0,0,0,0,0,0,0,0,0,0,0,0,0,0
"36093","5","313230","78","0","2016","1","N","Schenectady County, New York","Private","NAICS 313230 Nonwoven fabric mills","County, NAICS 6-digit -- by ownership sector","All establishment sizes",1,0,0,0,0,0,0,0,"N",11.54,0,0,0,0,0,0,0,"N",1,100.0,0,0,0,0,0,0,0,0,0,0,0,0,0,0
"36093","5","313230","78","0","2016","2","N","Schenectady County, New York","Private","NAICS 313230 Nonwoven fabric mills","County, NAICS 6-digit -- by ownership sector","All establishment sizes",1,0,0,0,0,0,0,0,"N",11.64,0,0,0,0,0,0,0,"N",1,100.0,0,0,0,0,0,0,0,0,0,0,0,0,0,0
"36093","5","313230","78","0","2016","3","N","Schenectady County, New York","Private","NAICS 313230 Nonwoven fabric mills","County, NAICS 6-digit -- by ownership sector","All establishment sizes",1,0,0,0,0,0,0,0,"N",11.64,0,0,0,0,0,0,0,"N",1,100.0,0,0,0,0,0,0,0,0,0,0,0,0,0,0
"36093","5","313230","78","0","2016","4","N","Schenectady County, New York","Private","NAICS 313230 Nonwoven fabric mills","County, NAICS 6-digit -- by ownership sector","All establishment sizes",1,0,0,0,0,0,0,0,"N",11.60,0,0,0,0,0,0,0,"N",1,100.0,0,0,0,0,0,0,0,0,0,0,0,0,0,0
"36093","5","314","75","0","2016","1","N","Schenectady County, New York","Private","NAICS 314 Textile product mills","County, NAICS 3-digit -- by ownership sector","All establishment sizes",1,0,0,0,0,0,0,0,"N",0.42,0,0,0,0,0,0,0,"N",-1,-50.0,0,0,0,0,0,0,0,0,0,0,0,0,0,0
"36093","5","314","75","0","2016","2","N","Schenectady County, New York","Private","NAICS 314 Textile product mills","County, NAICS 3-digit -- by ownership sector","All establishment sizes",1,0,0,0,0,0,0,0,"N",0.42,0,0,0,0,0,0,0,"N",-1,-50.0,0,0,0,0,0,0,0,0,0,0,0,0,0,0
"36093","5","314","75","0","2016","3","N","Schenectady County, New York","Private","NAICS 314 Textile product mills","County, NAICS 3-digit -- by ownership sector","All establishment sizes",1,0,0,0,0,0,0,0,"N",0.42,0,0,0,0,0,0,0,"N",-1,-50.0,0,0,0,0,0,0,0,0,0,0,0,0,0,0
"36093","5","314","75","0","2016","4","N","Schenectady County, New York","Private","NAICS 314 Textile product mills","County, NAICS 3-digit -- by ownership sector","All establishment sizes",1,0,0,0,0,0,0,0,"N",0.42,0,0,0,0,0,0,0,"N",-1,-50.0,0,0,0,0,0,0,0,0,0,0,0,0,0,0
"36093","5","3149","76","0","2016","1","N","Schenectady County, New York","Private","NAICS 3149 Other textile product mills","County, NAICS 4-digit -- by ownership sector","All establishment sizes",1,0,0,0,0,0,0,0,"N",0.59,0,0,0,0,0,0,0,"N",-1,-50.0,0,0,0,0,0,0,0,0,0,0,0,0,0,0
"36093","5","3149","76","0","2016","2","N","Schenectady County, New York","Private","NAICS 3149 Other textile product mills","County, NAICS 4-digit -- by ownership sector","All establishment sizes",1,0,0,0,0,0,0,0,"N",0.59,0,0,0,0,0,0,0,"N",-1,-50.0,0,0,0,0,0,0,0,0,0,0,0,0,0,0
"36093","5","3149","76","0","2016","3","N","Schenectady County, New York","Private","NAICS 3149 Other textile product mills","County, NAICS 4-digit -- by ownership sector","All establishment sizes",1,0,0,0,0,0,0,0,"N",0.59,0,0,0,0,0,0,0,"N",-1,-50.0,0,0,0,0,0,0,0,0,0,0,0,0,0,0
"36093","5","3149","76","0","2016","4","N","Schenectady County, New York","Private","NAICS 3149 Other textile product mills","County, NAICS 4-digit -- by ownership sector","All establishment sizes",1,0,0,0,0,0,0,0,"N",0.59,0,0,0,0,0,0,0,"N",-1,-50.0,0,0,0,0,0,0,0,0,0,0,0,0,0,0
"36093","5","31491","77","0","2016","1","N","Schenectady County, New York","Private","NAICS 31491 Textile bag and canvas mills","County, NAICS 5-digit -- by ownership sector","All establishment sizes",1,0,0,0,0,0,0,0,"N",1.59,0,0,0,0,0,0,0,"N",0,0.0,0,0,0,0,0,0,0,0,0,0,0,0,0,0
"36093","5","31491","77","0","2016","2","N","Schenectady County, New York","Private","NAICS 31491 Textile bag and canvas mills","County, NAICS 5-digit -- by ownership sector","All establishment sizes",1,0,0,0,0,0,0,0,"N",1.58,0,0,0,0,0,0,0,"N",0,0.0,0,0,0,0,0,0,0,0,0,0,0,0,0,0
"36093","5","31491","77","0","2016","3","N","Schenectady County, New York","Private","NAICS 31491 Textile bag and canvas mills","County, NAICS 5-digit -- by ownership sector","All establishment sizes",1,0,0,0,0,0,0,0,"N",1.58,0,0,0,0,0,0,0,"N",0,0.0,0,0,0,0,0,0,0,0,0,0,0,0,0,0
"36093","5","31491","77","0","2016","4","N","Schenectady County, New York","Private","NAICS 31491 Textile bag and canvas mills","County, NAICS 5-digit -- by ownership sector","All establishment sizes",1,0,0,0,0,0,0,0,"N",1.59,0,0,0,0,0,0,0,"N",0,0.0,0,0,0,0,0,0,0,0,0,0,0,0,0,0
"36093","5","314910","78","0","2016","1","N","Schenectady County, New York","Private","NAICS 314910 Textile bag and canvas mills","County, NAICS 6-digit -- by ownership sector","All establishment sizes",1,0,0,0,0,0,0,0,"N",1.59,0,0,0,0,0,0,0,"N",0,0.0,0,0,0,0,0,0,0,0,0,0,0,0,0,0
"36093","5","314910","78","0","2016","2","N","Schenectady County, New York","Private","NAICS 314910 Textile bag and canvas mills","County, NAICS 6-digit -- by ownership sector","All establishment sizes",1,0,0,0,0,0,0,0,"N",1.58,0,0,0,0,0,0,0,"N",0,0.0,0,0,0,0,0,0,0,0,0,0,0,0,0,0
"36093","5","314910","78","0","2016","3","N","Schenectady County, New York","Private","NAICS 314910 Textile bag and canvas mills","County, NAICS 6-digit -- by ownership sector","All establishment sizes",1,0,0,0,0,0,0,0,"N",1.58,0,0,0,0,0,0,0,"N",0,0.0,0,0,0,0,0,0,0,0,0,0,0,0,0,0
"36093","5","314910","78","0","2016","4","N","Schenectady County, New York","Private","NAICS 314910 Textile bag and canvas mills","County, NAICS 6-digit -- by ownership sector","All establishment sizes",1,0,0,0,0,0,0,0,"N",1.59,0,0,0,0,0,0,0,"N",0,0.0,0,0,0,0,0,0,0,0,0,0,0,0,0,0
"36093","5","315","75","0","2016","1","N","Schenectady County, New York","Private","NAICS 315 Apparel manufacturing","County, NAICS 3-digit -- by ownership sector","All establishment sizes",3,0,0,0,0,0,0,0,"N",1.26,0,0,0,0,0,0,0,"N",0,0.0,0,0,0,0,0,0,0,0,0,0,0,0,0,0
"36093","5","315","75","0","2016","2","","Schenectady County, New York","Private","NAICS 315 Apparel manufacturing","County, NAICS 3-digit -- by ownership sector","All establishment sizes",3,9,9,12,65965,43469,1290,507,"",1.23,0.15,0.15,0.20,0.11,0.44,0.26,0.62,"N",0,0.0,0,0,0,0,0,0,0,0,0,0,0,0,0,0
"36093","5","315","75","0","2016","3","","Schenectady County, New York","Private","NAICS 315 Apparel manufacturing","County, NAICS 3-digit -- by ownership sector","All establishment sizes",3,14,13,13,83921,25426,792,484,"",1.25,0.25,0.24,0.23,0.14,0.47,0.32,0.60,"",0,0.0,-1,-6.7,-5,-27.8,-4,-23.5,-11503,-12.1,-17694,-41.0,-415,-34.4,44,10.0
"36093","5","315","75","0","2016","4","N","Schenectady County, New York","Private","NAICS 315 Apparel manufacturing","County, NAICS 3-digit -- by ownership sector","All establishment sizes",3,0,0,0,0,0,0,0,"N",1.25,0,0,0,0,0,0,0,"N",0,0.0,0,0,0,0,0,0,0,0,0,0,0,0,0,0
"36093","5","3151","76","0","2016","1","N","Schenectady County, New York","Private","NAICS 3151 Apparel knitting mills","County, NAICS 4-digit -- by ownership sector","All establishment sizes",1,0,0,0,0,0,0,0,"N",9.79,0,0,0,0,0,0,0,"N",0,0.0,0,0,0,0,0,0,0,0,0,0,0,0,0,0
"36093","5","3151","76","0","2016","2","N","Schenectady County, New York","Private","NAICS 3151 Apparel knitting mills","County, NAICS 4-digit -- by ownership sector","All establishment sizes",1,0,0,0,0,0,0,0,"N",9.75,0,0,0,0,0,0,0,"N",0,0.0,0,0,0,0,0,0,0,0,0,0,0,0,0,0
"36093","5","3151","76","0","2016","3","N","Schenectady County, New York","Private","NAICS 3151 Apparel knitting mills","County, NAICS 4-digit -- by ownership sector","All establishment sizes",1,0,0,0,0,0,0,0,"N",9.72,0,0,0,0,0,0,0,"N",0,0.0,0,0,0,0,0,0,0,0,0,0,0,0,0,0
"36093","5","3151","76","0","2016","4","N","Schenectady County, New York","Private","NAICS 3151 Apparel knitting mills","County, NAICS 4-digit -- by ownership sector","All establishment sizes",1,0,0,0,0,0,0,0,"N",9.62,0,0,0,0,0,0,0,"N",0,0.0,0,0,0,0,0,0,0,0,0,0,0,0,0,0
"36093","5","31519","77","0","2016","1","N","Schenectady County, New York","Private","NAICS 31519 Other apparel knitting mills","County, NAICS 5-digit -- by ownership sector","All establishment sizes",1,0,0,0,0,0,0,0,"N",20.35,0,0,0,0,0,0,0,"N",0,0.0,0,0,0,0,0,0,0,0,0,0,0,0,0,0
"36093","5","31519","77","0","2016","2","N","Schenectady County, New York","Private","NAICS 31519 Other apparel knitting mills","County, NAICS 5-digit -- by ownership sector","All establishment sizes",1,0,0,0,0,0,0,0,"N",20.12,0,0,0,0,0,0,0,"N",0,0.0,0,0,0,0,0,0,0,0,0,0,0,0,0,0
"36093","5","31519","77","0","2016","3","N","Schenectady County, New York","Private","NAICS 31519 Other apparel knitting mills","County, NAICS 5-digit -- by ownership sector","All establishment sizes",1,0,0,0,0,0,0,0,"N",19.71,0,0,0,0,0,0,0,"N",0,0.0,0,0,0,0,0,0,0,0,0,0,0,0,0,0
"36093","5","31519","77","0","2016","4","N","Schenectady County, New York","Private","NAICS 31519 Other apparel knitting mills","County, NAICS 5-digit -- by ownership sector","All establishment sizes",1,0,0,0,0,0,0,0,"N",19.44,0,0,0,0,0,0,0,"N",0,0.0,0,0,0,0,0,0,0,0,0,0,0,0,0,0
"36093","5","315190","78","0","2016","1","N","Schenectady County, New York","Private","NAICS 315190 Other apparel knitting mills","County, NAICS 6-digit -- by ownership sector","All establishment sizes",1,0,0,0,0,0,0,0,"N",20.35,0,0,0,0,0,0,0,"N",0,0.0,0,0,0,0,0,0,0,0,0,0,0,0,0,0
"36093","5","315190","78","0","2016","2","N","Schenectady County, New York","Private","NAICS 315190 Other apparel knitting mills","County, NAICS 6-digit -- by ownership sector","All establishment sizes",1,0,0,0,0,0,0,0,"N",20.12,0,0,0,0,0,0,0,"N",0,0.0,0,0,0,0,0,0,0,0,0,0,0,0,0,0
"36093","5","315190","78","0","2016","3","N","Schenectady County, New York","Private","NAICS 315190 Other apparel knitting mills","County, NAICS 6-digit -- by ownership sector","All establishment sizes",1,0,0,0,0,0,0,0,"N",19.71,0,0,0,0,0,0,0,"N",0,0.0,0,0,0,0,0,0,0,0,0,0,0,0,0,0
"36093","5","315190","78","0","2016","4","N","Schenectady County, New York","Private","NAICS 315190 Other apparel knitting mills","County, NAICS 6-digit -- by ownership sector","All establishment sizes",1,0,0,0,0,0,0,0,"N",19.44,0,0,0,0,0,0,0,"N",0,0.0,0,0,0,0,0,0,0,0,0,0,0,0,0,0
"36093","5","3152","76","0","2016","1","N","Schenectady County, New York","Private","NAICS 3152 Cut and sew apparel manufacturing","County, NAICS 4-digit -- by ownership sector","All establishment sizes",2,0,0,0,0,0,0,0,"N",0.98,0,0,0,0,0,0,0,"N",0,0.0,0,0,0,0,0,0,0,0,0,0,0,0,0,0
"36093","5","3152","76","0","2016","2","N","Schenectady County, New York","Private","NAICS 3152 Cut and sew apparel manufacturing","County, NAICS 4-digit -- by ownership sector","All establishment sizes",2,0,0,0,0,0,0,0,"N",0.97,0,0,0,0,0,0,0,"N",0,0.0,0,0,0,0,0,0,0,0,0,0,0,0,0,0
"36093","5","3152","76","0","2016","3","N","Schenectady County, New York","Private","NAICS 3152 Cut and sew apparel manufacturing","County, NAICS 4-digit -- by ownership sector","All establishment sizes",2,0,0,0,0,0,0,0,"N",0.98,0,0,0,0,0,0,0,"N",0,0.0,0,0,0,0,0,0,0,0,0,0,0,0,0,0
"36093","5","3152","76","0","2016","4","N","Schenectady County, New York","Private","NAICS 3152 Cut and sew apparel manufacturing","County, NAICS 4-digit -- by ownership sector","All establishment sizes",2,0,0,0,0,0,0,0,"N",0.98,0,0,0,0,0,0,0,"N",0,0.0,0,0,0,0,0,0,0,0,0,0,0,0,0,0
"36093","5","31524","77","0","2016","1","N","Schenectady County, New York","Private","NAICS 31524 Women's, girls', infants' cut-sew apparel mfg","County, NAICS 5-digit -- by ownership sector","All establishment sizes",1,0,0,0,0,0,0,0,"N",2.21,0,0,0,0,0,0,0,"N",0,0.0,0,0,0,0,0,0,0,0,0,0,0,0,0,0
"36093","5","31524","77","0","2016","2","N","Schenectady County, New York","Private","NAICS 31524 Women's, girls', infants' cut-sew apparel mfg","County, NAICS 5-digit -- by ownership sector","All establishment sizes",1,0,0,0,0,0,0,0,"N",2.21,0,0,0,0,0,0,0,"N",0,0.0,0,0,0,0,0,0,0,0,0,0,0,0,0,0
"36093","5","31524","77","0","2016","3","N","Schenectady County, New York","Private","NAICS 31524 Women's, girls', infants' cut-sew apparel mfg","County, NAICS 5-digit -- by ownership sector","All establishment sizes",1,0,0,0,0,0,0,0,"N",2.27,0,0,0,0,0,0,0,"N",0,0.0,0,0,0,0,0,0,0,0,0,0,0,0,0,0
"36093","5","31524","77","0","2016","4","N","Schenectady County, New York","Private","NAICS 31524 Women's, girls', infants' cut-sew apparel mfg","County, NAICS 5-digit -- by ownership sector","All establishment sizes",1,0,0,0,0,0,0,0,"N",2.27,0,0,0,0,0,0,0,"N",0,0.0,0,0,0,0,0,0,0,0,0,0,0,0,0,0
"36093","5","315240","78","0","2016","1","N","Schenectady County, New York","Private","NAICS 315240 Women's, girls', infants' cut-sew apparel mfg","County, NAICS 6-digit -- by ownership sector","All establishment sizes",1,0,0,0,0,0,0,0,"N",2.21,0,0,0,0,0,0,0,"N",0,0.0,0,0,0,0,0,0,0,0,0,0,0,0,0,0
"36093","5","315240","78","0","2016","2","N","Schenectady County, New York","Private","NAICS 315240 Women's, girls', infants' cut-sew apparel mfg","County, NAICS 6-digit -- by ownership sector","All establishment sizes",1,0,0,0,0,0,0,0,"N",2.21,0,0,0,0,0,0,0,"N",0,0.0,0,0,0,0,0,0,0,0,0,0,0,0,0,0
"36093","5","315240","78","0","2016","3","N","Schenectady County, New York","Private","NAICS 315240 Women's, girls', infants' cut-sew apparel mfg","County, NAICS 6-digit -- by ownership sector","All establishment sizes",1,0,0,0,0,0,0,0,"N",2.27,0,0,0,0,0,0,0,"N",0,0.0,0,0,0,0,0,0,0,0,0,0,0,0,0,0
"36093","5","315240","78","0","2016","4","N","Schenectady County, New York","Private","NAICS 315240 Women's, girls', infants' cut-sew apparel mfg","County, NAICS 6-digit -- by ownership sector","All establishment sizes",1,0,0,0,0,0,0,0,"N",2.27,0,0,0,0,0,0,0,"N",0,0.0,0,0,0,0,0,0,0,0,0,0,0,0,0,0
"36093","5","31528","77","0","2016","1","N","Schenectady County, New York","Private","NAICS 31528 Other cut and sew apparel manufacturing","County, NAICS 5-digit -- by ownership sector","All establishment sizes",1,0,0,0,0,0,0,0,"N",4.52,0,0,0,0,0,0,0,"N",0,0.0,0,0,0,0,0,0,0,0,0,0,0,0,0,0
"36093","5","31528","77","0","2016","2","N","Schenectady County, New York","Private","NAICS 31528 Other cut and sew apparel manufacturing","County, NAICS 5-digit -- by ownership sector","All establishment sizes",1,0,0,0,0,0,0,0,"N",4.49,0,0,0,0,0,0,0,"N",0,0.0,0,0,0,0,0,0,0,0,0,0,0,0,0,0
"36093","5","31528","77","0","2016","3","N","Schenectady County, New York","Private","NAICS 31528 Other cut and sew apparel manufacturing","County, NAICS 5-digit -- by ownership sector","All establishment sizes",1,0,0,0,0,0,0,0,"N",4.45,0,0,0,0,0,0,0,"N",0,0.0,0,0,0,0,0,0,0,0,0,0,0,0,0,0
"36093","5","31528","77","0","2016","4","N","Schenectady County, New York","Private","NAICS 31528 Other cut and sew apparel manufacturing","County, NAICS 5-digit -- by ownership sector","All establishment sizes",1,0,0,0,0,0,0,0,"N",4.44,0,0,0,0,0,0,0,"N",0,0.0,0,0,0,0,0,0,0,0,0,0,0,0,0,0
"36093","5","315280","78","0","2016","1","N","Schenectady County, New York","Private","NAICS 315280 Other cut and sew apparel manufacturing","County, NAICS 6-digit -- by ownership sector","All establishment sizes",1,0,0,0,0,0,0,0,"N",4.52,0,0,0,0,0,0,0,"N",0,0.0,0,0,0,0,0,0,0,0,0,0,0,0,0,0
"36093","5","315280","78","0","2016","2","N","Schenectady County, New York","Private","NAICS 315280 Other cut and sew apparel manufacturing","County, NAICS 6-digit -- by ownership sector","All establishment sizes",1,0,0,0,0,0,0,0,"N",4.49,0,0,0,0,0,0,0,"N",0,0.0,0,0,0,0,0,0,0,0,0,0,0,0,0,0
"36093","5","315280","78","0","2016","3","N","Schenectady County, New York","Private","NAICS 315280 Other cut and sew apparel manufacturing","County, NAICS 6-digit -- by ownership sector","All establishment sizes",1,0,0,0,0,0,0,0,"N",4.45,0,0,0,0,0,0,0,"N",0,0.0,0,0,0,0,0,0,0,0,0,0,0,0,0,0
"36093","5","315280","78","0","2016","4","N","Schenectady County, New York","Private","NAICS 315280 Other cut and sew apparel manufacturing","County, NAICS 6-digit -- by ownership sector","All establishment sizes",1,0,0,0,0,0,0,0,"N",4.44,0,0,0,0,0,0,0,"N",0,0.0,0,0,0,0,0,0,0,0,0,0,0,0,0,0
"36093","5","316","75","0","2016","1","N","Schenectady County, New York","Private","NAICS 316 Leather and allied product manufacturing","County, NAICS 3-digit -- by ownership sector","All establishment sizes",1,0,0,0,0,0,0,0,"N",2.12,0,0,0,0,0,0,0,"N",0,0.0,0,0,0,0,0,0,0,0,0,0,0,0,0,0
"36093","5","316","75","0","2016","2","N","Schenectady County, New York","Private","NAICS 316 Leather and allied product manufacturing","County, NAICS 3-digit -- by ownership sector","All establishment sizes",1,0,0,0,0,0,0,0,"N",2.07,0,0,0,0,0,0,0,"N",0,0.0,0,0,0,0,0,0,0,0,0,0,0,0,0,0
"36093","5","316","75","0","2016","3","N","Schenectady County, New York","Private","NAICS 316 Leather and allied product manufacturing","County, NAICS 3-digit -- by ownership sector","All establishment sizes",1,0,0,0,0,0,0,0,"N",2.08,0,0,0,0,0,0,0,"N",0,0.0,0,0,0,0,0,0,0,0,0,0,0,0,0,0
"36093","5","316","75","0","2016","4","N","Schenectady County, New York","Private","NAICS 316 Leather and allied product manufacturing","County, NAICS 3-digit -- by ownership sector","All establishment sizes",1,0,0,0,0,0,0,0,"N",2.08,0,0,0,0,0,0,0,"N",0,0.0,0,0,0,0,0,0,0,0,0,0,0,0,0,0
"36093","5","3169","76","0","2016","1","N","Schenectady County, New York","Private","NAICS 3169 Other leather product manufacturing","County, NAICS 4-digit -- by ownership sector","All establishment sizes",1,0,0,0,0,0,0,0,"N",3.45,0,0,0,0,0,0,0,"N",0,0.0,0,0,0,0,0,0,0,0,0,0,0,0,0,0
"36093","5","3169","76","0","2016","2","N","Schenectady County, New York","Private","NAICS 3169 Other leather product manufacturing","County, NAICS 4-digit -- by ownership sector","All establishment sizes",1,0,0,0,0,0,0,0,"N",3.39,0,0,0,0,0,0,0,"N",0,0.0,0,0,0,0,0,0,0,0,0,0,0,0,0,0
"36093","5","3169","76","0","2016","3","N","Schenectady County, New York","Private","NAICS 3169 Other leather product manufacturing","County, NAICS 4-digit -- by ownership sector","All establishment sizes",1,0,0,0,0,0,0,0,"N",3.40,0,0,0,0,0,0,0,"N",0,0.0,0,0,0,0,0,0,0,0,0,0,0,0,0,0
"36093","5","3169","76","0","2016","4","N","Schenectady County, New York","Private","NAICS 3169 Other leather product manufacturing","County, NAICS 4-digit -- by ownership sector","All establishment sizes",1,0,0,0,0,0,0,0,"N",3.40,0,0,0,0,0,0,0,"N",0,0.0,0,0,0,0,0,0,0,0,0,0,0,0,0,0
"36093","5","31699","77","0","2016","1","N","Schenectady County, New York","Private","NAICS 31699 Other leather product manufacturing","County, NAICS 5-digit -- by ownership sector","All establishment sizes",1,0,0,0,0,0,0,0,"N",3.45,0,0,0,0,0,0,0,"N",0,0.0,0,0,0,0,0,0,0,0,0,0,0,0,0,0
"36093","5","31699","77","0","2016","2","N","Schenectady County, New York","Private","NAICS 31699 Other leather product manufacturing","County, NAICS 5-digit -- by ownership sector","All establishment sizes",1,0,0,0,0,0,0,0,"N",3.39,0,0,0,0,0,0,0,"N",0,0.0,0,0,0,0,0,0,0,0,0,0,0,0,0,0
"36093","5","31699","77","0","2016","3","N","Schenectady County, New York","Private","NAICS 31699 Other leather product manufacturing","County, NAICS 5-digit -- by ownership sector","All establishment sizes",1,0,0,0,0,0,0,0,"N",3.40,0,0,0,0,0,0,0,"N",0,0.0,0,0,0,0,0,0,0,0,0,0,0,0,0,0
"36093","5","31699","77","0","2016","4","N","Schenectady County, New York","Private","NAICS 31699 Other leather product manufacturing","County, NAICS 5-digit -- by ownership sector","All establishment sizes",1,0,0,0,0,0,0,0,"N",3.40,0,0,0,0,0,0,0,"N",0,0.0,0,0,0,0,0,0,0,0,0,0,0,0,0,0
"36093","5","316998","78","0","2016","1","N","Schenectady County, New York","Private","NAICS 316998 All other leather and allied good mfg.","County, NAICS 6-digit -- by ownership sector","All establishment sizes",1,0,0,0,0,0,0,0,"N",4.03,0,0,0,0,0,0,0,"N",0,0.0,0,0,0,0,0,0,0,0,0,0,0,0,0,0
"36093","5","316998","78","0","2016","2","N","Schenectady County, New York","Private","NAICS 316998 All other leather and allied good mfg.","County, NAICS 6-digit -- by ownership sector","All establishment sizes",1,0,0,0,0,0,0,0,"N",3.94,0,0,0,0,0,0,0,"N",0,0.0,0,0,0,0,0,0,0,0,0,0,0,0,0,0
"36093","5","316998","78","0","2016","3","N","Schenectady County, New York","Private","NAICS 316998 All other leather and allied good mfg.","County, NAICS 6-digit -- by ownership sector","All establishment sizes",1,0,0,0,0,0,0,0,"N",3.94,0,0,0,0,0,0,0,"N",0,0.0,0,0,0,0,0,0,0,0,0,0,0,0,0,0
"36093","5","316998","78","0","2016","4","N","Schenectady County, New York","Private","NAICS 316998 All other leather and allied good mfg.","County, NAICS 6-digit -- by ownership sector","All establishment sizes",1,0,0,0,0,0,0,0,"N",3.95,0,0,0,0,0,0,0,"N",0,0.0,0,0,0,0,0,0,0,0,0,0,0,0,0,0
"36093","5","321","75","0","2016","1","","Schenectady County, New York","Private","NAICS 321 Wood product manufacturing","County, NAICS 3-digit -- by ownership sector","All establishment sizes",6,114,110,115,1296845,969981,29084,883,"",1.16,0.67,0.64,0.67,0.77,0.82,0.80,1.17,"",1,20.0,5,4.6,0,0.0,3,2.7,103016,8.6,79372,8.9,-16620,-36.4,51,6.1
"36093","5","321","75","0","2016","2","","Schenectady County, New York","Private","NAICS 321 Wood product manufacturing","County, NAICS 3-digit -- by ownership sector","All establishment sizes",6,115,110,109,1100179,197962,5797,760,"",1.15,0.66,0.63,0.61,0.55,0.46,0.38,0.86,"",1,20.0,14,13.9,5,4.8,-2,-1.8,83523,8.2,51921,35.6,-2245,-27.9,20,2.7
"36093","5","321","75","0","2016","3","","Schenectady County, New York","Private","NAICS 321 Wood product manufacturing","County, NAICS 3-digit -- by ownership sector","All establishment sizes",6,110,109,111,1177835,82926,2595,824,"",1.15,0.65,0.64,0.65,0.61,0.34,0.31,0.94,"",0,0.0,0,0.0,1,0.9,6,5.7,124900,11.9,36835,79.9,-385,-12.9,72,9.6
"36093","5","321","75","0","2016","4","","Schenectady County, New York","Private","NAICS 321 Wood product manufacturing","County, NAICS 3-digit -- by ownership sector","All establishment sizes",6,104,108,111,1288559,74157,2064,921,"",1.15,0.59,0.62,0.64,0.68,0.47,0.39,1.11,"",0,0.0,-4,-3.7,-3,-2.7,-1,-0.9,-61385,-4.5,12446,20.2,-2239,-52.0,-20,-2.1
"36093","5","3212","76","0","2016","1","N","Schenectady County, New York","Private","NAICS 3212 Plywood and engineered wood product mfg.","County, NAICS 4-digit -- by ownership sector","All establishment sizes",1,0,0,0,0,0,0,0,"N",1.77,0,0,0,0,0,0,0,"N",0,0.0,0,0,0,0,0,0,0,0,0,0,0,0,0,0
"36093","5","3212","76","0","2016","2","N","Schenectady County, New York","Private","NAICS 3212 Plywood and engineered wood product mfg.","County, NAICS 4-digit -- by ownership sector","All establishment sizes",1,0,0,0,0,0,0,0,"N",1.75,0,0,0,0,0,0,0,"N",0,0.0,0,0,0,0,0,0,0,0,0,0,0,0,0,0
"36093","5","3212","76","0","2016","3","N","Schenectady County, New York","Private","NAICS 3212 Plywood and engineered wood product mfg.","County, NAICS 4-digit -- by ownership sector","All establishment sizes",1,0,0,0,0,0,0,0,"N",1.74,0,0,0,0,0,0,0,"N",0,0.0,0,0,0,0,0,0,0,0,0,0,0,0,0,0
"36093","5","3212","76","0","2016","4","N","Schenectady County, New York","Private","NAICS 3212 Plywood and engineered wood product mfg.","County, NAICS 4-digit -- by ownership sector","All establishment sizes",1,0,0,0,0,0,0,0,"N",1.74,0,0,0,0,0,0,0,"N",0,0.0,0,0,0,0,0,0,0,0,0,0,0,0,0,0
"36093","5","32121","77","0","2016","1","N","Schenectady County, New York","Private","NAICS 32121 Plywood and engineered wood product mfg.","County, NAICS 5-digit -- by ownership sector","All establishment sizes",1,0,0,0,0,0,0,0,"N",1.77,0,0,0,0,0,0,0,"N",0,0.0,0,0,0,0,0,0,0,0,0,0,0,0,0,0
"36093","5","32121","77","0","2016","2","N","Schenectady County, New York","Private","NAICS 32121 Plywood and engineered wood product mfg.","County, NAICS 5-digit -- by ownership sector","All establishment sizes",1,0,0,0,0,0,0,0,"N",1.75,0,0,0,0,0,0,0,"N",0,0.0,0,0,0,0,0,0,0,0,0,0,0,0,0,0
"36093","5","32121","77","0","2016","3","N","Schenectady County, New York","Private","NAICS 32121 Plywood and engineered wood product mfg.","County, NAICS 5-digit -- by ownership sector","All establishment sizes",1,0,0,0,0,0,0,0,"N",1.74,0,0,0,0,0,0,0,"N",0,0.0,0,0,0,0,0,0,0,0,0,0,0,0,0,0
"36093","5","32121","77","0","2016","4","N","Schenectady County, New York","Private","NAICS 32121 Plywood and engineered wood product mfg.","County, NAICS 5-digit -- by ownership sector","All establishment sizes",1,0,0,0,0,0,0,0,"N",1.74,0,0,0,0,0,0,0,"N",0,0.0,0,0,0,0,0,0,0,0,0,0,0,0,0,0
"36093","5","321214","78","0","2016","1","N","Schenectady County, New York","Private","NAICS 321214 Truss manufacturing","County, NAICS 6-digit -- by ownership sector","All establishment sizes",1,0,0,0,0,0,0,0,"N",3.55,0,0,0,0,0,0,0,"N",0,0.0,0,0,0,0,0,0,0,0,0,0,0,0,0,0
"36093","5","321214","78","0","2016","2","N","Schenectady County, New York","Private","NAICS 321214 Truss manufacturing","County, NAICS 6-digit -- by ownership sector","All establishment sizes",1,0,0,0,0,0,0,0,"N",3.51,0,0,0,0,0,0,0,"N",0,0.0,0,0,0,0,0,0,0,0,0,0,0,0,0,0
"36093","5","321214","78","0","2016","3","N","Schenectady County, New York","Private","NAICS 321214 Truss manufacturing","County, NAICS 6-digit -- by ownership sector","All establishment sizes",1,0,0,0,0,0,0,0,"N",3.50,0,0,0,0,0,0,0,"N",0,0.0,0,0,0,0,0,0,0,0,0,0,0,0,0,0
"36093","5","321214","78","0","2016","4","N","Schenectady County, New York","Private","NAICS 321214 Truss manufacturing","County, NAICS 6-digit -- by ownership sector","All establishment sizes",1,0,0,0,0,0,0,0,"N",3.51,0,0,0,0,0,0,0,"N",0,0.0,0,0,0,0,0,0,0,0,0,0,0,0,0,0
"36093","5","3219","76","0","2016","1","N","Schenectady County, New York","Private","NAICS 3219 Other wood product manufacturing","County, NAICS 4-digit -- by ownership sector","All establishment sizes",5,0,0,0,0,0,0,0,"N",1.50,0,0,0,0,0,0,0,"N",1,25.0,0,0,0,0,0,0,0,0,0,0,0,0,0,0
"36093","5","3219","76","0","2016","2","N","Schenectady County, New York","Private","NAICS 3219 Other wood product manufacturing","County, NAICS 4-digit -- by ownership sector","All establishment sizes",5,0,0,0,0,0,0,0,"N",1.49,0,0,0,0,0,0,0,"N",1,25.0,0,0,0,0,0,0,0,0,0,0,0,0,0,0
"36093","5","3219","76","0","2016","3","N","Schenectady County, New York","Private","NAICS 3219 Other wood product manufacturing","County, NAICS 4-digit -- by ownership sector","All establishment sizes",5,0,0,0,0,0,0,0,"N",1.49,0,0,0,0,0,0,0,"N",0,0.0,0,0,0,0,0,0,0,0,0,0,0,0,0,0
"36093","5","3219","76","0","2016","4","N","Schenectady County, New York","Private","NAICS 3219 Other wood product manufacturing","County, NAICS 4-digit -- by ownership sector","All establishment sizes",5,0,0,0,0,0,0,0,"N",1.49,0,0,0,0,0,0,0,"N",0,0.0,0,0,0,0,0,0,0,0,0,0,0,0,0,0
"36093","5","32191","77","0","2016","1","N","Schenectady County, New York","Private","NAICS 32191 Millwork","County, NAICS 5-digit -- by ownership sector","All establishment sizes",1,0,0,0,0,0,0,0,"N",0.82,0,0,0,0,0,0,0,"N",0,0.0,0,0,0,0,0,0,0,0,0,0,0,0,0,0
"36093","5","32191","77","0","2016","2","N","Schenectady County, New York","Private","NAICS 32191 Millwork","County, NAICS 5-digit -- by ownership sector","All establishment sizes",1,0,0,0,0,0,0,0,"N",0.81,0,0,0,0,0,0,0,"N",0,0.0,0,0,0,0,0,0,0,0,0,0,0,0,0,0
"36093","5","32191","77","0","2016","3","N","Schenectady County, New York","Private","NAICS 32191 Millwork","County, NAICS 5-digit -- by ownership sector","All establishment sizes",1,0,0,0,0,0,0,0,"N",0.82,0,0,0,0,0,0,0,"N",0,0.0,0,0,0,0,0,0,0,0,0,0,0,0,0,0
"36093","5","32191","77","0","2016","4","N","Schenectady County, New York","Private","NAICS 32191 Millwork","County, NAICS 5-digit -- by ownership sector","All establishment sizes",1,0,0,0,0,0,0,0,"N",0.82,0,0,0,0,0,0,0,"N",0,0.0,0,0,0,0,0,0,0,0,0,0,0,0,0,0
"36093","5","321918","78","0","2016","1","N","Schenectady County, New York","Private","NAICS 321918 Other millwork, including flooring","County, NAICS 6-digit -- by ownership sector","All establishment sizes",1,0,0,0,0,0,0,0,"N",1.55,0,0,0,0,0,0,0,"N",0,0.0,0,0,0,0,0,0,0,0,0,0,0,0,0,0
"36093","5","321918","78","0","2016","2","N","Schenectady County, New York","Private","NAICS 321918 Other millwork, including flooring","County, NAICS 6-digit -- by ownership sector","All establishment sizes",1,0,0,0,0,0,0,0,"N",1.54,0,0,0,0,0,0,0,"N",0,0.0,0,0,0,0,0,0,0,0,0,0,0,0,0,0
"36093","5","321918","78","0","2016","3","N","Schenectady County, New York","Private","NAICS 321918 Other millwork, including flooring","County, NAICS 6-digit -- by ownership sector","All establishment sizes",1,0,0,0,0,0,0,0,"N",1.55,0,0,0,0,0,0,0,"N",0,0.0,0,0,0,0,0,0,0,0,0,0,0,0,0,0
"36093","5","321918","78","0","2016","4","N","Schenectady County, New York","Private","NAICS 321918 Other millwork, including flooring","County, NAICS 6-digit -- by ownership sector","All establishment sizes",1,0,0,0,0,0,0,0,"N",1.55,0,0,0,0,0,0,0,"N",0,0.0,0,0,0,0,0,0,0,0,0,0,0,0,0,0
"36093","5","32192","77","0","2016","1","N","Schenectady County, New York","Private","NAICS 32192 Wood container and pallet manufacturing","County, NAICS 5-digit -- by ownership sector","All establishment sizes",3,0,0,0,0,0,0,0,"N",2.89,0,0,0,0,0,0,0,"N",1,50.0,0,0,0,0,0,0,0,0,0,0,0,0,0,0
"36093","5","32192","77","0","2016","2","N","Schenectady County, New York","Private","NAICS 32192 Wood container and pallet manufacturing","County, NAICS 5-digit -- by ownership sector","All establishment sizes",3,0,0,0,0,0,0,0,"N",2.88,0,0,0,0,0,0,0,"N",1,50.0,0,0,0,0,0,0,0,0,0,0,0,0,0,0
"36093","5","32192","77","0","2016","3","N","Schenectady County, New York","Private","NAICS 32192 Wood container and pallet manufacturing","County, NAICS 5-digit -- by ownership sector","All establishment sizes",3,0,0,0,0,0,0,0,"N",2.86,0,0,0,0,0,0,0,"N",0,0.0,0,0,0,0,0,0,0,0,0,0,0,0,0,0
"36093","5","32192","77","0","2016","4","N","Schenectady County, New York","Private","NAICS 32192 Wood container and pallet manufacturing","County, NAICS 5-digit -- by ownership sector","All establishment sizes",3,0,0,0,0,0,0,0,"N",2.87,0,0,0,0,0,0,0,"N",0,0.0,0,0,0,0,0,0,0,0,0,0,0,0,0,0
"36093","5","321920","78","0","2016","1","N","Schenectady County, New York","Private","NAICS 321920 Wood container and pallet manufacturing","County, NAICS 6-digit -- by ownership sector","All establishment sizes",3,0,0,0,0,0,0,0,"N",2.89,0,0,0,0,0,0,0,"N",1,50.0,0,0,0,0,0,0,0,0,0,0,0,0,0,0
"36093","5","321920","78","0","2016","2","N","Schenectady County, New York","Private","NAICS 321920 Wood container and pallet manufacturing","County, NAICS 6-digit -- by ownership sector","All establishment sizes",3,0,0,0,0,0,0,0,"N",2.88,0,0,0,0,0,0,0,"N",1,50.0,0,0,0,0,0,0,0,0,0,0,0,0,0,0
"36093","5","321920","78","0","2016","3","N","Schenectady County, New York","Private","NAICS 321920 Wood container and pallet manufacturing","County, NAICS 6-digit -- by ownership sector","All establishment sizes",3,0,0,0,0,0,0,0,"N",2.86,0,0,0,0,0,0,0,"N",0,0.0,0,0,0,0,0,0,0,0,0,0,0,0,0,0
"36093","5","321920","78","0","2016","4","N","Schenectady County, New York","Private","NAICS 321920 Wood container and pallet manufacturing","County, NAICS 6-digit -- by ownership sector","All establishment sizes",3,0,0,0,0,0,0,0,"N",2.87,0,0,0,0,0,0,0,"N",0,0.0,0,0,0,0,0,0,0,0,0,0,0,0,0,0
"36093","5","32199","77","0","2016","1","N","Schenectady County, New York","Private","NAICS 32199 All other wood product manufacturing","County, NAICS 5-digit -- by ownership sector","All establishment sizes",1,0,0,0,0,0,0,0,"N",0.94,0,0,0,0,0,0,0,"N",0,0.0,0,0,0,0,0,0,0,0,0,0,0,0,0,0
"36093","5","32199","77","0","2016","2","N","Schenectady County, New York","Private","NAICS 32199 All other wood product manufacturing","County, NAICS 5-digit -- by ownership sector","All establishment sizes",1,0,0,0,0,0,0,0,"N",0.93,0,0,0,0,0,0,0,"N",0,0.0,0,0,0,0,0,0,0,0,0,0,0,0,0,0
"36093","5","32199","77","0","2016","3","N","Schenectady County, New York","Private","NAICS 32199 All other wood product manufacturing","County, NAICS 5-digit -- by ownership sector","All establishment sizes",1,0,0,0,0,0,0,0,"N",0.92,0,0,0,0,0,0,0,"N",0,0.0,0,0,0,0,0,0,0,0,0,0,0,0,0,0
"36093","5","32199","77","0","2016","4","N","Schenectady County, New York","Private","NAICS 32199 All other wood product manufacturing","County, NAICS 5-digit -- by ownership sector","All establishment sizes",1,0,0,0,0,0,0,0,"N",0.92,0,0,0,0,0,0,0,"N",0,0.0,0,0,0,0,0,0,0,0,0,0,0,0,0,0
"36093","5","321992","78","0","2016","1","N","Schenectady County, New York","Private","NAICS 321992 Prefabricated wood building manufacturing","County, NAICS 6-digit -- by ownership sector","All establishment sizes",1,0,0,0,0,0,0,0,"N",3.98,0,0,0,0,0,0,0,"N",0,0.0,0,0,0,0,0,0,0,0,0,0,0,0,0,0
"36093","5","321992","78","0","2016","2","N","Schenectady County, New York","Private","NAICS 321992 Prefabricated wood building manufacturing","County, NAICS 6-digit -- by ownership sector","All establishment sizes",1,0,0,0,0,0,0,0,"N",3.91,0,0,0,0,0,0,0,"N",0,0.0,0,0,0,0,0,0,0,0,0,0,0,0,0,0
"36093","5","321992","78","0","2016","3","N","Schenectady County, New York","Private","NAICS 321992 Prefabricated wood building manufacturing","County, NAICS 6-digit -- by ownership sector","All establishment sizes",1,0,0,0,0,0,0,0,"N",3.89,0,0,0,0,0,0,0,"N",0,0.0,0,0,0,0,0,0,0,0,0,0,0,0,0,0
"36093","5","321992","78","0","2016","4","N","Schenectady County, New York","Private","NAICS 321992 Prefabricated wood building manufacturing","County, NAICS 6-digit -- by ownership sector","All establishment sizes",1,0,0,0,0,0,0,0,"N",3.87,0,0,0,0,0,0,0,"N",0,0.0,0,0,0,0,0,0,0,0,0,0,0,0,0,0
"36093","5","322","75","0","2016","1","","Schenectady County, New York","Private","NAICS 322 Paper manufacturing","County, NAICS 3-digit -- by ownership sector","All establishment sizes",3,166,172,166,1875680,1469254,83954,859,"",1.55,1.01,1.04,1.01,0.68,1.02,2.08,0.67,"",0,0.0,-3,-1.8,1,0.6,-11,-6.2,-66544,-3.4,1558,0.1,-8692,-9.4,-8,-0.9
"36093","5","322","75","0","2016","2","","Schenectady County, New York","Private","NAICS 322 Paper manufacturing","County, NAICS 3-digit -- by ownership sector","All establishment sizes",3,170,172,183,2190594,327120,20007,963,"",1.55,1.03,1.05,1.09,0.76,1.21,2.47,0.72,"",0,0.0,2,1.2,5,3.0,2,1.1,188608,9.4,62701,23.7,2221,12.5,68,7.6
"36093","5","322","75","0","2016","3","","Schenectady County, New York","Private","NAICS 322 Paper manufacturing","County, NAICS 3-digit -- by ownership sector","All establishment sizes",3,173,159,161,2525837,232956,14191,1182,"",1.54,1.08,0.99,1.00,0.92,1.98,4.04,0.89,"",0,0.0,-1,-0.6,-18,-10.2,-4,-2.4,291886,13.1,-51845,-18.2,-4801,-25.3,183,18.3
"36093","5","322","75","0","2016","4","N","Schenectady County, New York","Private","NAICS 322 Paper manufacturing","County, NAICS 3-digit -- by ownership sector","All establishment sizes",3,0,0,0,0,0,0,0,"N",1.54,0,0,0,0,0,0,0,"N",0,0.0,0,0,0,0,0,0,0,0,0,0,0,0,0,0
"36093","5","3222","76","0","2016","1","","Schenectady County, New York","Private","NAICS 3222 Converted paper product manufacturing","County, NAICS 4-digit -- by ownership sector","All establishment sizes",3,166,172,166,1875680,1469254,83954,859,"",1.81,1.38,1.43,1.38,1.05,1.49,2.75,0.75,"",0,0.0,-3,-1.8,1,0.6,-11,-6.2,-66544,-3.4,1558,0.1,-8692,-9.4,-8,-0.9
"36093","5","3222","76","0","2016","2","","Schenectady County, New York","Private","NAICS 3222 Converted paper product manufacturing","County, NAICS 4-digit -- by ownership sector","All establishment sizes",3,170,172,183,2190594,327120,20007,963,"",1.80,1.41,1.44,1.50,1.16,1.61,2.98,0.80,"",0,0.0,2,1.2,5,3.0,2,1.1,188608,9.4,62701,23.7,2221,12.5,68,7.6
"36093","5","3222","76","0","2016","3","","Schenectady County, New York","Private","NAICS 3222 Converted paper product manufacturing","County, NAICS 4-digit -- by ownership sector","All establishment sizes",3,173,159,161,2525837,232956,14191,1182,"",1.80,1.48,1.36,1.37,1.39,2.55,4.82,0.99,"",0,0.0,-1,-0.6,-18,-10.2,-4,-2.4,291886,13.1,-51845,-18.2,-4801,-25.3,183,18.3
"36093","5","3222","76","0","2016","4","N","Schenectady County, New York","Private","NAICS 3222 Converted paper product manufacturing","County, NAICS 4-digit -- by ownership sector","All establishment sizes",3,0,0,0,0,0,0,0,"N",1.80,0,0,0,0,0,0,0,"N",0,0.0,0,0,0,0,0,0,0,0,0,0,0,0,0,0
"36093","5","32221","77","0","2016","1","","Schenectady County, New York","Private","NAICS 32221 Paperboard container manufacturing","County, NAICS 5-digit -- by ownership sector","All establishment sizes",3,166,172,166,1875680,1469254,83954,859,"",3.55,2.53,2.61,2.52,1.96,2.80,4.91,0.77,"",0,0.0,-3,-1.8,1,0.6,-11,-6.2,-66544,-3.4,1558,0.1,-8692,-9.4,-8,-0.9
"36093","5","32221","77","0","2016","2","","Schenectady County, New York","Private","NAICS 32221 Paperboard container manufacturing","County, NAICS 5-digit -- by ownership sector","All establishment sizes",3,170,172,183,2190594,327120,20007,963,"",3.52,2.59,2.63,2.74,2.15,3.02,5.63,0.81,"",0,0.0,2,1.2,5,3.0,2,1.1,188608,9.4,62701,23.7,2221,12.5,68,7.6
"36093","5","32221","77","0","2016","3","","Schenectady County, New York","Private","NAICS 32221 Paperboard container manufacturing","County, NAICS 5-digit -- by ownership sector","All establishment sizes",3,173,159,161,2525837,232956,14191,1182,"",3.50,2.72,2.50,2.51,2.55,4.56,8.32,0.99,"",0,0.0,-1,-0.6,-18,-10.2,-4,-2.4,291886,13.1,-51845,-18.2,-4801,-25.3,183,18.3
"36093","5","32221","77","0","2016","4","N","Schenectady County, New York","Private","NAICS 32221 Paperboard container manufacturing","County, NAICS 5-digit -- by ownership sector","All establishment sizes",3,0,0,0,0,0,0,0,"N",3.51,0,0,0,0,0,0,0,"N",0,0.0,0,0,0,0,0,0,0,0,0,0,0,0,0,0
"36093","5","322211","78","0","2016","1","","Schenectady County, New York","Private","NAICS 322211 Corrugated and solid fiber box manufacturing","County, NAICS 6-digit -- by ownership sector","All establishment sizes",3,166,172,166,1875680,1469254,83954,859,"",5.27,4.00,4.13,4.00,2.98,4.33,7.54,0.74,"",0,0.0,-3,-1.8,1,0.6,-11,-6.2,-66544,-3.4,1558,0.1,-8692,-9.4,-8,-0.9
"36093","5","322211","78","0","2016","2","","Schenectady County, New York","Private","NAICS 322211 Corrugated and solid fiber box manufacturing","County, NAICS 6-digit -- by ownership sector","All establishment sizes",3,170,172,183,2190594,327120,20007,963,"",5.23,4.10,4.16,4.33,3.29,4.72,8.99,0.78,"",0,0.0,2,1.2,5,3.0,2,1.1,188608,9.4,62701,23.7,2221,12.5,68,7.6
"36093","5","322211","78","0","2016","3","","Schenectady County, New York","Private","NAICS 322211 Corrugated and solid fiber box manufacturing","County, NAICS 6-digit -- by ownership sector","All establishment sizes",3,173,159,161,2525837,232956,14191,1182,"",5.19,4.29,3.95,3.96,3.86,6.93,12.62,0.95,"",0,0.0,-1,-0.6,-18,-10.2,-4,-2.4,291886,13.1,-51845,-18.2,-4801,-25.3,183,18.3
"36093","5","322211","78","0","2016","4","N","Schenectady County, New York","Private","NAICS 322211 Corrugated and solid fiber box manufacturing","County, NAICS 6-digit -- by ownership sector","All establishment sizes",3,0,0,0,0,0,0,0,"N",5.22,0,0,0,0,0,0,0,"N",0,0.0,0,0,0,0,0,0,0,0,0,0,0,0,0,0
"36093","5","323","75","0","2016","1","","Schenectady County, New York","Private","NAICS 323 Printing and related support activities","County, NAICS 3-digit -- by ownership sector","All establishment sizes",9,179,178,171,2344431,1555604,60104,1025,"",0.88,0.90,0.89,0.86,1.04,1.08,1.27,1.18,"",0,0.0,1,0.6,8,4.7,4,2.4,-5439,-0.2,42190,2.8,-20617,-25.5,-28,-2.7
"36093","5","323","75","0","2016","2","","Schenectady County, New York","Private","NAICS 323 Printing and related support activities","County, NAICS 3-digit -- by ownership sector","All establishment sizes",10,169,164,166,2560356,300551,11056,1184,"",0.98,0.85,0.82,0.82,0.99,0.76,0.83,1.19,"",1,11.1,-4,-2.3,-9,-5.2,-8,-4.6,21716,0.9,18436,6.5,-1725,-13.5,57,5.1
"36093","5","323","75","0","2016","3","","Schenectady County, New York","Private","NAICS 323 Printing and related support activities","County, NAICS 3-digit -- by ownership sector","All establishment sizes",8,158,159,158,2531684,123036,4374,1230,"",0.78,0.82,0.82,0.81,1.03,0.63,0.72,1.26,"",-1,-11.1,-18,-10.2,-16,-9.1,-18,-10.2,74693,3.0,1345,1.1,-654,-13.0,154,14.3
"36093","5","323","75","0","2016","4","","Schenectady County, New York","Private","NAICS 323 Printing and related support activities","County, NAICS 3-digit -- by ownership sector","All establishment sizes",8,159,167,165,2716412,147174,5276,1277,"",0.79,0.80,0.84,0.84,1.11,1.18,1.29,1.34,"",-1,-11.1,-22,-12.2,-13,-7.2,-14,-7.8,-289214,-9.6,33597,29.6,-624,-10.6,-7,-0.5
"36093","5","3231","76","0","2016","1","","Schenectady County, New York","Private","NAICS 3231 Printing and related support activities","County, NAICS 4-digit -- by ownership sector","All establishment sizes",9,179,178,171,2344431,1555604,60104,1025,"",0.88,0.90,0.89,0.86,1.04,1.08,1.27,1.18,"",0,0.0,1,0.6,8,4.7,4,2.4,-5439,-0.2,42190,2.8,-20617,-25.5,-28,-2.7
"36093","5","3231","76","0","2016","2","","Schenectady County, New York","Private","NAICS 3231 Printing and related support activities","County, NAICS 4-digit -- by ownership sector","All establishment sizes",10,169,164,166,2560356,300551,11056,1184,"",0.98,0.85,0.82,0.82,0.99,0.76,0.83,1.19,"",1,11.1,-4,-2.3,-9,-5.2,-8,-4.6,21716,0.9,18436,6.5,-1725,-13.5,57,5.1
"36093","5","3231","76","0","2016","3","","Schenectady County, New York","Private","NAICS 3231 Printing and related support activities","County, NAICS 4-digit -- by ownership sector","All establishment sizes",8,158,159,158,2531684,123036,4374,1230,"",0.78,0.82,0.82,0.81,1.03,0.63,0.72,1.26,"",-1,-11.1,-18,-10.2,-16,-9.1,-18,-10.2,74693,3.0,1345,1.1,-654,-13.0,154,14.3
"36093","5","3231","76","0","2016","4","","Schenectady County, New York","Private","NAICS 3231 Printing and related support activities","County, NAICS 4-digit -- by ownership sector","All establishment sizes",8,159,167,165,2716412,147174,5276,1277,"",0.79,0.80,0.84,0.84,1.11,1.18,1.29,1.34,"",-1,-11.1,-22,-12.2,-13,-7.2,-14,-7.8,-289214,-9.6,33597,29.6,-624,-10.6,-7,-0.5
"36093","5","32311","77","0","2016","1","N","Schenectady County, New York","Private","NAICS 32311 Printing","County, NAICS 5-digit -- by ownership sector","All establishment sizes",7,0,0,0,0,0,0,0,"N",0.73,0,0,0,0,0,0,0,"N",0,0.0,0,0,0,0,0,0,0,0,0,0,0,0,0,0
"36093","5","32311","77","0","2016","2","N","Schenectady County, New York","Private","NAICS 32311 Printing","County, NAICS 5-digit -- by ownership sector","All establishment sizes",8,0,0,0,0,0,0,0,"N",0.83,0,0,0,0,0,0,0,"N",1,14.3,0,0,0,0,0,0,0,0,0,0,0,0,0,0
"36093","5","32311","77","0","2016","3","N","Schenectady County, New York","Private","NAICS 32311 Printing","County, NAICS 5-digit -- by ownership sector","All establishment sizes",6,0,0,0,0,0,0,0,"N",0.62,0,0,0,0,0,0,0,"N",-1,-14.3,0,0,0,0,0,0,0,0,0,0,0,0,0,0
"36093","5","32311","77","0","2016","4","N","Schenectady County, New York","Private","NAICS 32311 Printing","County, NAICS 5-digit -- by ownership sector","All establishment sizes",6,0,0,0,0,0,0,0,"N",0.63,0,0,0,0,0,0,0,"N",-1,-14.3,0,0,0,0,0,0,0,0,0,0,0,0,0,0
"36093","5","323111","78","0","2016","1","","Schenectady County, New York","Private","NAICS 323111 Commercial printing, except screen and books","County, NAICS 6-digit -- by ownership sector","All establishment sizes",6,172,171,164,2309183,1520356,59449,1051,"",0.83,1.17,1.16,1.12,1.31,1.38,1.62,1.14,"",0,0.0,-1,-0.6,4,2.4,0,0.0,-24074,-1.0,23555,1.6,-20738,-25.9,-17,-1.6
"36093","5","323111","78","0","2016","2","","Schenectady County, New York","Private","NAICS 323111 Commercial printing, except screen and books","County, NAICS 6-digit -- by ownership sector","All establishment sizes",7,163,158,160,2534502,277239,10628,1216,"",0.97,1.11,1.08,1.08,1.27,0.97,1.11,1.16,"",1,16.7,-3,-1.8,-7,-4.2,-6,-3.6,37146,1.5,36408,15.1,-583,-5.2,56,4.8
"36093","5","323111","78","0","2016","3","","Schenectady County, New York","Private","NAICS 323111 Commercial printing, except screen and books","County, NAICS 6-digit -- by ownership sector","All establishment sizes",5,153,154,153,2508824,115282,4238,1259,"",0.69,1.08,1.09,1.08,1.33,0.83,0.99,1.22,"",-1,-16.7,-15,-8.9,-13,-7.8,-14,-8.4,146026,6.2,42824,59.1,723,20.6,173,15.9
"36093","5","323111","78","0","2016","4","","Schenectady County, New York","Private","NAICS 323111 Commercial printing, except screen and books","County, NAICS 6-digit -- by ownership sector","All establishment sizes",5,155,163,160,2644875,135809,5081,1277,"",0.69,1.07,1.12,1.12,1.41,1.55,1.77,1.28,"",-1,-16.7,-19,-10.9,-9,-5.2,-11,-6.4,-326259,-11.0,24474,22.0,-725,-12.5,-49,-3.7
"36093","5","323113","78","0","2016","1","N","Schenectady County, New York","Private","NAICS 323113 Commercial screen printing","County, NAICS 6-digit -- by ownership sector","All establishment sizes",1,0,0,0,0,0,0,0,"N",0.46,0,0,0,0,0,0,0,"N",0,0.0,0,0,0,0,0,0,0,0,0,0,0,0,0,0
"36093","5","323113","78","0","2016","2","N","Schenectady County, New York","Private","NAICS 323113 Commercial screen printing","County, NAICS 6-digit -- by ownership sector","All establishment sizes",1,0,0,0,0,0,0,0,"N",0.45,0,0,0,0,0,0,0,"N",0,0.0,0,0,0,0,0,0,0,0,0,0,0,0,0,0
"36093","5","323113","78","0","2016","3","N","Schenectady County, New York","Private","NAICS 323113 Commercial screen printing","County, NAICS 6-digit -- by ownership sector","All establishment sizes",1,0,0,0,0,0,0,0,"N",0.45,0,0,0,0,0,0,0,"N",0,0.0,0,0,0,0,0,0,0,0,0,0,0,0,0,0
"36093","5","323113","78","0","2016","4","N","Schenectady County, New York","Private","NAICS 323113 Commercial screen printing","County, NAICS 6-digit -- by ownership sector","All establishment sizes",1,0,0,0,0,0,0,0,"N",0.45,0,0,0,0,0,0,0,"N",0,0.0,0,0,0,0,0,0,0,0,0,0,0,0,0,0
"36093","5","32312","77","0","2016","1","N","Schenectady County, New York","Private","NAICS 32312 Support activities for printing","County, NAICS 5-digit -- by ownership sector","All establishment sizes",2,0,0,0,0,0,0,0,"N",3.44,0,0,0,0,0,0,0,"N",0,0.0,0,0,0,0,0,0,0,0,0,0,0,0,0,0
"36093","5","32312","77","0","2016","2","N","Schenectady County, New York","Private","NAICS 32312 Support activities for printing","County, NAICS 5-digit -- by ownership sector","All establishment sizes",2,0,0,0,0,0,0,0,"N",3.42,0,0,0,0,0,0,0,"N",0,0.0,0,0,0,0,0,0,0,0,0,0,0,0,0,0
"36093","5","32312","77","0","2016","3","N","Schenectady County, New York","Private","NAICS 32312 Support activities for printing","County, NAICS 5-digit -- by ownership sector","All establishment sizes",2,0,0,0,0,0,0,0,"N",3.40,0,0,0,0,0,0,0,"N",0,0.0,0,0,0,0,0,0,0,0,0,0,0,0,0,0
"36093","5","32312","77","0","2016","4","N","Schenectady County, New York","Private","NAICS 32312 Support activities for printing","County, NAICS 5-digit -- by ownership sector","All establishment sizes",2,0,0,0,0,0,0,0,"N",3.40,0,0,0,0,0,0,0,"N",0,0.0,0,0,0,0,0,0,0,0,0,0,0,0,0,0
"36093","5","323120","78","0","2016","1","N","Schenectady County, New York","Private","NAICS 323120 Support activities for printing","County, NAICS 6-digit -- by ownership sector","All establishment sizes",2,0,0,0,0,0,0,0,"N",3.44,0,0,0,0,0,0,0,"N",0,0.0,0,0,0,0,0,0,0,0,0,0,0,0,0,0
"36093","5","323120","78","0","2016","2","N","Schenectady County, New York","Private","NAICS 323120 Support activities for printing","County, NAICS 6-digit -- by ownership sector","All establishment sizes",2,0,0,0,0,0,0,0,"N",3.42,0,0,0,0,0,0,0,"N",0,0.0,0,0,0,0,0,0,0,0,0,0,0,0,0,0
"36093","5","323120","78","0","2016","3","N","Schenectady County, New York","Private","NAICS 323120 Support activities for printing","County, NAICS 6-digit -- by ownership sector","All establishment sizes",2,0,0,0,0,0,0,0,"N",3.40,0,0,0,0,0,0,0,"N",0,0.0,0,0,0,0,0,0,0,0,0,0,0,0,0,0
"36093","5","323120","78","0","2016","4","N","Schenectady County, New York","Private","NAICS 323120 Support activities for printing","County, NAICS 6-digit -- by ownership sector","All establishment sizes",2,0,0,0,0,0,0,0,"N",3.40,0,0,0,0,0,0,0,"N",0,0.0,0,0,0,0,0,0,0,0,0,0,0,0,0,0
"36093","5","324","75","0","2016","1","N","Schenectady County, New York","Private","NAICS 324 Petroleum and coal products manufacturing","County, NAICS 3-digit -- by ownership sector","All establishment sizes",2,0,0,0,0,0,0,0,"N",2.44,0,0,0,0,0,0,0,"N",0,0.0,0,0,0,0,0,0,0,0,0,0,0,0,0,0
"36093","5","324","75","0","2016","2","N","Schenectady County, New York","Private","NAICS 324 Petroleum and coal products manufacturing","County, NAICS 3-digit -- by ownership sector","All establishment sizes",2,0,0,0,0,0,0,0,"N",2.44,0,0,0,0,0,0,0,"N",0,0.0,0,0,0,0,0,0,0,0,0,0,0,0,0,0
"36093","5","324","75","0","2016","3","N","Schenectady County, New York","Private","NAICS 324 Petroleum and coal products manufacturing","County, NAICS 3-digit -- by ownership sector","All establishment sizes",2,0,0,0,0,0,0,0,"N",2.43,0,0,0,0,0,0,0,"N",0,0.0,0,0,0,0,0,0,0,0,0,0,0,0,0,0
"36093","5","324","75","0","2016","4","N","Schenectady County, New York","Private","NAICS 324 Petroleum and coal products manufacturing","County, NAICS 3-digit -- by ownership sector","All establishment sizes",2,0,0,0,0,0,0,0,"N",2.45,0,0,0,0,0,0,0,"N",0,0.0,0,0,0,0,0,0,0,0,0,0,0,0,0,0
"36093","5","3241","76","0","2016","1","N","Schenectady County, New York","Private","NAICS 3241 Petroleum and coal products manufacturing","County, NAICS 4-digit -- by ownership sector","All establishment sizes",2,0,0,0,0,0,0,0,"N",2.44,0,0,0,0,0,0,0,"N",0,0.0,0,0,0,0,0,0,0,0,0,0,0,0,0,0
"36093","5","3241","76","0","2016","2","N","Schenectady County, New York","Private","NAICS 3241 Petroleum and coal products manufacturing","County, NAICS 4-digit -- by ownership sector","All establishment sizes",2,0,0,0,0,0,0,0,"N",2.44,0,0,0,0,0,0,0,"N",0,0.0,0,0,0,0,0,0,0,0,0,0,0,0,0,0
"36093","5","3241","76","0","2016","3","N","Schenectady County, New York","Private","NAICS 3241 Petroleum and coal products manufacturing","County, NAICS 4-digit -- by ownership sector","All establishment sizes",2,0,0,0,0,0,0,0,"N",2.43,0,0,0,0,0,0,0,"N",0,0.0,0,0,0,0,0,0,0,0,0,0,0,0,0,0
"36093","5","3241","76","0","2016","4","N","Schenectady County, New York","Private","NAICS 3241 Petroleum and coal products manufacturing","County, NAICS 4-digit -- by ownership sector","All establishment sizes",2,0,0,0,0,0,0,0,"N",2.45,0,0,0,0,0,0,0,"N",0,0.0,0,0,0,0,0,0,0,0,0,0,0,0,0,0
"36093","5","32412","77","0","2016","1","N","Schenectady County, New York","Private","NAICS 32412 Asphalt paving and roofing materials mfg.","County, NAICS 5-digit -- by ownership sector","All establishment sizes",2,0,0,0,0,0,0,0,"N",4.90,0,0,0,0,0,0,0,"N",0,0.0,0,0,0,0,0,0,0,0,0,0,0,0,0,0
"36093","5","32412","77","0","2016","2","N","Schenectady County, New York","Private","NAICS 32412 Asphalt paving and roofing materials mfg.","County, NAICS 5-digit -- by ownership sector","All establishment sizes",2,0,0,0,0,0,0,0,"N",4.83,0,0,0,0,0,0,0,"N",0,0.0,0,0,0,0,0,0,0,0,0,0,0,0,0,0
"36093","5","32412","77","0","2016","3","N","Schenectady County, New York","Private","NAICS 32412 Asphalt paving and roofing materials mfg.","County, NAICS 5-digit -- by ownership sector","All establishment sizes",2,0,0,0,0,0,0,0,"N",4.81,0,0,0,0,0,0,0,"N",0,0.0,0,0,0,0,0,0,0,0,0,0,0,0,0,0
"36093","5","32412","77","0","2016","4","N","Schenectady County, New York","Private","NAICS 32412 Asphalt paving and roofing materials mfg.","County, NAICS 5-digit -- by ownership sector","All establishment sizes",2,0,0,0,0,0,0,0,"N",4.80,0,0,0,0,0,0,0,"N",0,0.0,0,0,0,0,0,0,0,0,0,0,0,0,0,0
"36093","5","324121","78","0","2016","1","N","Schenectady County, New York","Private","NAICS 324121 Asphalt paving mixture and block mfg.","County, NAICS 6-digit -- by ownership sector","All establishment sizes",2,0,0,0,0,0,0,0,"N",6.43,0,0,0,0,0,0,0,"N",0,0.0,0,0,0,0,0,0,0,0,0,0,0,0,0,0
"36093","5","324121","78","0","2016","2","N","Schenectady County, New York","Private","NAICS 324121 Asphalt paving mixture and block mfg.","County, NAICS 6-digit -- by ownership sector","All establishment sizes",2,0,0,0,0,0,0,0,"N",6.35,0,0,0,0,0,0,0,"N",0,0.0,0,0,0,0,0,0,0,0,0,0,0,0,0,0
"36093","5","324121","78","0","2016","3","N","Schenectady County, New York","Private","NAICS 324121 Asphalt paving mixture and block mfg.","County, NAICS 6-digit -- by ownership sector","All establishment sizes",2,0,0,0,0,0,0,0,"N",6.31,0,0,0,0,0,0,0,"N",0,0.0,0,0,0,0,0,0,0,0,0,0,0,0,0,0
"36093","5","324121","78","0","2016","4","N","Schenectady County, New York","Private","NAICS 324121 Asphalt paving mixture and block mfg.","County, NAICS 6-digit -- by ownership sector","All establishment sizes",2,0,0,0,0,0,0,0,"N",6.31,0,0,0,0,0,0,0,"N",0,0.0,0,0,0,0,0,0,0,0,0,0,0,0,0,0
"36093","5","325","75","0","2016","1","N","Schenectady County, New York","Private","NAICS 325 Chemical manufacturing","County, NAICS 3-digit -- by ownership sector","All establishment sizes",6,0,0,0,0,0,0,0,"N",0.98,0,0,0,0,0,0,0,"N",0,0.0,0,0,0,0,0,0,0,0,0,0,0,0,0,0
"36093","5","325","75","0","2016","2","N","Schenectady County, New York","Private","NAICS 325 Chemical manufacturing","County, NAICS 3-digit -- by ownership sector","All establishment sizes",6,0,0,0,0,0,0,0,"N",0.97,0,0,0,0,0,0,0,"N",0,0.0,0,0,0,0,0,0,0,0,0,0,0,0,0,0
"36093","5","325","75","0","2016","3","N","Schenectady County, New York","Private","NAICS 325 Chemical manufacturing","County, NAICS 3-digit -- by ownership sector","All establishment sizes",6,0,0,0,0,0,0,0,"N",0.96,0,0,0,0,0,0,0,"N",0,0.0,0,0,0,0,0,0,0,0,0,0,0,0,0,0
"36093","5","325","75","0","2016","4","N","Schenectady County, New York","Private","NAICS 325 Chemical manufacturing","County, NAICS 3-digit -- by ownership sector","All establishment sizes",6,0,0,0,0,0,0,0,"N",0.96,0,0,0,0,0,0,0,"N",0,0.0,0,0,0,0,0,0,0,0,0,0,0,0,0,0
"36093","5","3252","76","0","2016","1","N","Schenectady County, New York","Private","NAICS 3252 Resin, rubber, and artificial fibers mfg.","County, NAICS 4-digit -- by ownership sector","All establishment sizes",3,0,0,0,0,0,0,0,"N",5.44,0,0,0,0,0,0,0,"N",0,0.0,0,0,0,0,0,0,0,0,0,0,0,0,0,0
"36093","5","3252","76","0","2016","2","N","Schenectady County, New York","Private","NAICS 3252 Resin, rubber, and artificial fibers mfg.","County, NAICS 4-digit -- by ownership sector","All establishment sizes",3,0,0,0,0,0,0,0,"N",5.38,0,0,0,0,0,0,0,"N",0,0.0,0,0,0,0,0,0,0,0,0,0,0,0,0,0
"36093","5","3252","76","0","2016","3","N","Schenectady County, New York","Private","NAICS 3252 Resin, rubber, and artificial fibers mfg.","County, NAICS 4-digit -- by ownership sector","All establishment sizes",3,0,0,0,0,0,0,0,"N",5.39,0,0,0,0,0,0,0,"N",0,0.0,0,0,0,0,0,0,0,0,0,0,0,0,0,0
"36093","5","3252","76","0","2016","4","N","Schenectady County, New York","Private","NAICS 3252 Resin, rubber, and artificial fibers mfg.","County, NAICS 4-digit -- by ownership sector","All establishment sizes",3,0,0,0,0,0,0,0,"N",5.38,0,0,0,0,0,0,0,"N",0,0.0,0,0,0,0,0,0,0,0,0,0,0,0,0,0
"36093","5","32521","77","0","2016","1","N","Schenectady County, New York","Private","NAICS 32521 Resin and synthetic rubber manufacturing","County, NAICS 5-digit -- by ownership sector","All establishment sizes",3,0,0,0,0,0,0,0,"N",6.34,0,0,0,0,0,0,0,"N",0,0.0,0,0,0,0,0,0,0,0,0,0,0,0,0,0
"36093","5","32521","77","0","2016","2","N","Schenectady County, New York","Private","NAICS 32521 Resin and synthetic rubber manufacturing","County, NAICS 5-digit -- by ownership sector","All establishment sizes",3,0,0,0,0,0,0,0,"N",6.27,0,0,0,0,0,0,0,"N",0,0.0,0,0,0,0,0,0,0,0,0,0,0,0,0,0
"36093","5","32521","77","0","2016","3","N","Schenectady County, New York","Private","NAICS 32521 Resin and synthetic rubber manufacturing","County, NAICS 5-digit -- by ownership sector","All establishment sizes",3,0,0,0,0,0,0,0,"N",6.29,0,0,0,0,0,0,0,"N",0,0.0,0,0,0,0,0,0,0,0,0,0,0,0,0,0
"36093","5","32521","77","0","2016","4","N","Schenectady County, New York","Private","NAICS 32521 Resin and synthetic rubber manufacturing","County, NAICS 5-digit -- by ownership sector","All establishment sizes",3,0,0,0,0,0,0,0,"N",6.26,0,0,0,0,0,0,0,"N",0,0.0,0,0,0,0,0,0,0,0,0,0,0,0,0,0
"36093","5","325211","78","0","2016","1","N","Schenectady County, New York","Private","NAICS 325211 Plastics material and resin manufacturing","County, NAICS 6-digit -- by ownership sector","All establishment sizes",3,0,0,0,0,0,0,0,"N",7.42,0,0,0,0,0,0,0,"N",0,0.0,0,0,0,0,0,0,0,0,0,0,0,0,0,0
"36093","5","325211","78","0","2016","2","N","Schenectady County, New York","Private","NAICS 325211 Plastics material and resin manufacturing","County, NAICS 6-digit -- by ownership sector","All establishment sizes",3,0,0,0,0,0,0,0,"N",7.34,0,0,0,0,0,0,0,"N",0,0.0,0,0,0,0,0,0,0,0,0,0,0,0,0,0
"36093","5","325211","78","0","2016","3","N","Schenectady County, New York","Private","NAICS 325211 Plastics material and resin manufacturing","County, NAICS 6-digit -- by ownership sector","All establishment sizes",3,0,0,0,0,0,0,0,"N",7.38,0,0,0,0,0,0,0,"N",0,0.0,0,0,0,0,0,0,0,0,0,0,0,0,0,0
"36093","5","325211","78","0","2016","4","N","Schenectady County, New York","Private","NAICS 325211 Plastics material and resin manufacturing","County, NAICS 6-digit -- by ownership sector","All establishment sizes",3,0,0,0,0,0,0,0,"N",7.33,0,0,0,0,0,0,0,"N",0,0.0,0,0,0,0,0,0,0,0,0,0,0,0,0,0
"36093","5","3254","76","0","2016","1","N","Schenectady County, New York","Private","NAICS 3254 Pharmaceutical and medicine manufacturing","County, NAICS 4-digit -- by ownership sector","All establishment sizes",1,0,0,0,0,0,0,0,"N",0.79,0,0,0,0,0,0,0,"N",0,0.0,0,0,0,0,0,0,0,0,0,0,0,0,0,0
"36093","5","3254","76","0","2016","2","N","Schenectady County, New York","Private","NAICS 3254 Pharmaceutical and medicine manufacturing","County, NAICS 4-digit -- by ownership sector","All establishment sizes",1,0,0,0,0,0,0,0,"N",0.77,0,0,0,0,0,0,0,"N",0,0.0,0,0,0,0,0,0,0,0,0,0,0,0,0,0
"36093","5","3254","76","0","2016","3","N","Schenectady County, New York","Private","NAICS 3254 Pharmaceutical and medicine manufacturing","County, NAICS 4-digit -- by ownership sector","All establishment sizes",1,0,0,0,0,0,0,0,"N",0.76,0,0,0,0,0,0,0,"N",0,0.0,0,0,0,0,0,0,0,0,0,0,0,0,0,0
"36093","5","3254","76","0","2016","4","N","Schenectady County, New York","Private","NAICS 3254 Pharmaceutical and medicine manufacturing","County, NAICS 4-digit -- by ownership sector","All establishment sizes",1,0,0,0,0,0,0,0,"N",0.75,0,0,0,0,0,0,0,"N",0,0.0,0,0,0,0,0,0,0,0,0,0,0,0,0,0
"36093","5","32541","77","0","2016","1","N","Schenectady County, New York","Private","NAICS 32541 Pharmaceutical and medicine manufacturing","County, NAICS 5-digit -- by ownership sector","All establishment sizes",1,0,0,0,0,0,0,0,"N",0.79,0,0,0,0,0,0,0,"N",0,0.0,0,0,0,0,0,0,0,0,0,0,0,0,0,0
"36093","5","32541","77","0","2016","2","N","Schenectady County, New York","Private","NAICS 32541 Pharmaceutical and medicine manufacturing","County, NAICS 5-digit -- by ownership sector","All establishment sizes",1,0,0,0,0,0,0,0,"N",0.77,0,0,0,0,0,0,0,"N",0,0.0,0,0,0,0,0,0,0,0,0,0,0,0,0,0
"36093","5","32541","77","0","2016","3","N","Schenectady County, New York","Private","NAICS 32541 Pharmaceutical and medicine manufacturing","County, NAICS 5-digit -- by ownership sector","All establishment sizes",1,0,0,0,0,0,0,0,"N",0.76,0,0,0,0,0,0,0,"N",0,0.0,0,0,0,0,0,0,0,0,0,0,0,0,0,0
"36093","5","32541","77","0","2016","4","N","Schenectady County, New York","Private","NAICS 32541 Pharmaceutical and medicine manufacturing","County, NAICS 5-digit -- by ownership sector","All establishment sizes",1,0,0,0,0,0,0,0,"N",0.75,0,0,0,0,0,0,0,"N",0,0.0,0,0,0,0,0,0,0,0,0,0,0,0,0,0
"36093","5","325412","78","0","2016","1","N","Schenectady County, New York","Private","NAICS 325412 Pharmaceutical preparation manufacturing","County, NAICS 6-digit -- by ownership sector","All establishment sizes",1,0,0,0,0,0,0,0,"N",1.24,0,0,0,0,0,0,0,"N",0,0.0,0,0,0,0,0,0,0,0,0,0,0,0,0,0
"36093","5","325412","78","0","2016","2","N","Schenectady County, New York","Private","NAICS 325412 Pharmaceutical preparation manufacturing","County, NAICS 6-digit -- by ownership sector","All establishment sizes",1,0,0,0,0,0,0,0,"N",1.22,0,0,0,0,0,0,0,"N",0,0.0,0,0,0,0,0,0,0,0,0,0,0,0,0,0
"36093","5","325412","78","0","2016","3","N","Schenectady County, New York","Private","NAICS 325412 Pharmaceutical preparation manufacturing","County, NAICS 6-digit -- by ownership sector","All establishment sizes",1,0,0,0,0,0,0,0,"N",1.20,0,0,0,0,0,0,0,"N",0,0.0,0,0,0,0,0,0,0,0,0,0,0,0,0,0
"36093","5","325412","78","0","2016","4","N","Schenectady County, New York","Private","NAICS 325412 Pharmaceutical preparation manufacturing","County, NAICS 6-digit -- by ownership sector","All establishment sizes",1,0,0,0,0,0,0,0,"N",1.19,0,0,0,0,0,0,0,"N",0,0.0,0,0,0,0,0,0,0,0,0,0,0,0,0,0
"36093","5","3259","76","0","2016","1","N","Schenectady County, New York","Private","NAICS 3259 Other chemical product and preparation mfg.","County, NAICS 4-digit -- by ownership sector","All establishment sizes",2,0,0,0,0,0,0,0,"N",1.96,0,0,0,0,0,0,0,"N",0,0.0,0,0,0,0,0,0,0,0,0,0,0,0,0,0
"36093","5","3259","76","0","2016","2","N","Schenectady County, New York","Private","NAICS 3259 Other chemical product and preparation mfg.","County, NAICS 4-digit -- by ownership sector","All establishment sizes",2,0,0,0,0,0,0,0,"N",1.95,0,0,0,0,0,0,0,"N",0,0.0,0,0,0,0,0,0,0,0,0,0,0,0,0,0
"36093","5","3259","76","0","2016","3","N","Schenectady County, New York","Private","NAICS 3259 Other chemical product and preparation mfg.","County, NAICS 4-digit -- by ownership sector","All establishment sizes",2,0,0,0,0,0,0,0,"N",1.93,0,0,0,0,0,0,0,"N",0,0.0,0,0,0,0,0,0,0,0,0,0,0,0,0,0
"36093","5","3259","76","0","2016","4","N","Schenectady County, New York","Private","NAICS 3259 Other chemical product and preparation mfg.","County, NAICS 4-digit -- by ownership sector","All establishment sizes",2,0,0,0,0,0,0,0,"N",1.92,0,0,0,0,0,0,0,"N",0,0.0,0,0,0,0,0,0,0,0,0,0,0,0,0,0
"36093","5","32599","77","0","2016","1","N","Schenectady County, New York","Private","NAICS 32599 All other chemical preparation manufacturing","County, NAICS 5-digit -- by ownership sector","All establishment sizes",2,0,0,0,0,0,0,0,"N",2.45,0,0,0,0,0,0,0,"N",0,0.0,0,0,0,0,0,0,0,0,0,0,0,0,0,0
"36093","5","32599","77","0","2016","2","N","Schenectady County, New York","Private","NAICS 32599 All other chemical preparation manufacturing","County, NAICS 5-digit -- by ownership sector","All establishment sizes",2,0,0,0,0,0,0,0,"N",2.44,0,0,0,0,0,0,0,"N",0,0.0,0,0,0,0,0,0,0,0,0,0,0,0,0,0
"36093","5","32599","77","0","2016","3","N","Schenectady County, New York","Private","NAICS 32599 All other chemical preparation manufacturing","County, NAICS 5-digit -- by ownership sector","All establishment sizes",2,0,0,0,0,0,0,0,"N",2.41,0,0,0,0,0,0,0,"N",0,0.0,0,0,0,0,0,0,0,0,0,0,0,0,0,0
"36093","5","32599","77","0","2016","4","N","Schenectady County, New York","Private","NAICS 32599 All other chemical preparation manufacturing","County, NAICS 5-digit -- by ownership sector","All establishment sizes",2,0,0,0,0,0,0,0,"N",2.40,0,0,0,0,0,0,0,"N",0,0.0,0,0,0,0,0,0,0,0,0,0,0,0,0,0
"36093","5","325998","78","0","2016","1","N","Schenectady County, New York","Private","NAICS 325998 Other miscellaneous chemical product mfg.","County, NAICS 6-digit -- by ownership sector","All establishment sizes",2,0,0,0,0,0,0,0,"N",3.58,0,0,0,0,0,0,0,"N",0,0.0,0,0,0,0,0,0,0,0,0,0,0,0,0,0
"36093","5","325998","78","0","2016","2","N","Schenectady County, New York","Private","NAICS 325998 Other miscellaneous chemical product mfg.","County, NAICS 6-digit -- by ownership sector","All establishment sizes",2,0,0,0,0,0,0,0,"N",3.55,0,0,0,0,0,0,0,"N",0,0.0,0,0,0,0,0,0,0,0,0,0,0,0,0,0
"36093","5","325998","78","0","2016","3","N","Schenectady County, New York","Private","NAICS 325998 Other miscellaneous chemical product mfg.","County, NAICS 6-digit -- by ownership sector","All establishment sizes",2,0,0,0,0,0,0,0,"N",3.52,0,0,0,0,0,0,0,"N",0,0.0,0,0,0,0,0,0,0,0,0,0,0,0,0,0
"36093","5","325998","78","0","2016","4","N","Schenectady County, New York","Private","NAICS 325998 Other miscellaneous chemical product mfg.","County, NAICS 6-digit -- by ownership sector","All establishment sizes",2,0,0,0,0,0,0,0,"N",3.47,0,0,0,0,0,0,0,"N",0,0.0,0,0,0,0,0,0,0,0,0,0,0,0,0,0
"36093","5","326","75","0","2016","1","N","Schenectady County, New York","Private","NAICS 326 Plastics and rubber products manufacturing","County, NAICS 3-digit -- by ownership sector","All establishment sizes",3,0,0,0,0,0,0,0,"N",0.65,0,0,0,0,0,0,0,"N",0,0.0,0,0,0,0,0,0,0,0,0,0,0,0,0,0
"36093","5","326","75","0","2016","2","N","Schenectady County, New York","Private","NAICS 326 Plastics and rubber products manufacturing","County, NAICS 3-digit -- by ownership sector","All establishment sizes",3,0,0,0,0,0,0,0,"N",0.64,0,0,0,0,0,0,0,"N",0,0.0,0,0,0,0,0,0,0,0,0,0,0,0,0,0
"36093","5","326","75","0","2016","3","N","Schenectady County, New York","Private","NAICS 326 Plastics and rubber products manufacturing","County, NAICS 3-digit -- by ownership sector","All establishment sizes",3,0,0,0,0,0,0,0,"N",0.64,0,0,0,0,0,0,0,"N",0,0.0,0,0,0,0,0,0,0,0,0,0,0,0,0,0
"36093","5","326","75","0","2016","4","N","Schenectady County, New York","Private","NAICS 326 Plastics and rubber products manufacturing","County, NAICS 3-digit -- by ownership sector","All establishment sizes",3,0,0,0,0,0,0,0,"N",0.64,0,0,0,0,0,0,0,"N",0,0.0,0,0,0,0,0,0,0,0,0,0,0,0,0,0
"36093","5","3261","76","0","2016","1","N","Schenectady County, New York","Private","NAICS 3261 Plastics product manufacturing","County, NAICS 4-digit -- by ownership sector","All establishment sizes",3,0,0,0,0,0,0,0,"N",0.76,0,0,0,0,0,0,0,"N",0,0.0,0,0,0,0,0,0,0,0,0,0,0,0,0,0
"36093","5","3261","76","0","2016","2","N","Schenectady County, New York","Private","NAICS 3261 Plastics product manufacturing","County, NAICS 4-digit -- by ownership sector","All establishment sizes",3,0,0,0,0,0,0,0,"N",0.76,0,0,0,0,0,0,0,"N",0,0.0,0,0,0,0,0,0,0,0,0,0,0,0,0,0
"36093","5","3261","76","0","2016","3","N","Schenectady County, New York","Private","NAICS 3261 Plastics product manufacturing","County, NAICS 4-digit -- by ownership sector","All establishment sizes",3,0,0,0,0,0,0,0,"N",0.76,0,0,0,0,0,0,0,"N",0,0.0,0,0,0,0,0,0,0,0,0,0,0,0,0,0
"36093","5","3261","76","0","2016","4","N","Schenectady County, New York","Private","NAICS 3261 Plastics product manufacturing","County, NAICS 4-digit -- by ownership sector","All establishment sizes",3,0,0,0,0,0,0,0,"N",0.76,0,0,0,0,0,0,0,"N",0,0.0,0,0,0,0,0,0,0,0,0,0,0,0,0,0
"36093","5","32614","77","0","2016","1","N","Schenectady County, New York","Private","NAICS 32614 Polystyrene foam product manufacturing","County, NAICS 5-digit -- by ownership sector","All establishment sizes",1,0,0,0,0,0,0,0,"N",4.86,0,0,0,0,0,0,0,"N",0,0.0,0,0,0,0,0,0,0,0,0,0,0,0,0,0
"36093","5","32614","77","0","2016","2","N","Schenectady County, New York","Private","NAICS 32614 Polystyrene foam product manufacturing","County, NAICS 5-digit -- by ownership sector","All establishment sizes",1,0,0,0,0,0,0,0,"N",4.79,0,0,0,0,0,0,0,"N",0,0.0,0,0,0,0,0,0,0,0,0,0,0,0,0,0
"36093","5","32614","77","0","2016","3","N","Schenectady County, New York","Private","NAICS 32614 Polystyrene foam product manufacturing","County, NAICS 5-digit -- by ownership sector","All establishment sizes",1,0,0,0,0,0,0,0,"N",4.74,0,0,0,0,0,0,0,"N",0,0.0,0,0,0,0,0,0,0,0,0,0,0,0,0,0
"36093","5","32614","77","0","2016","4","N","Schenectady County, New York","Private","NAICS 32614 Polystyrene foam product manufacturing","County, NAICS 5-digit -- by ownership sector","All establishment sizes",1,0,0,0,0,0,0,0,"N",4.79,0,0,0,0,0,0,0,"N",0,0.0,0,0,0,0,0,0,0,0,0,0,0,0,0,0
"36093","5","326140","78","0","2016","1","N","Schenectady County, New York","Private","NAICS 326140 Polystyrene foam product manufacturing","County, NAICS 6-digit -- by ownership sector","All establishment sizes",1,0,0,0,0,0,0,0,"N",4.86,0,0,0,0,0,0,0,"N",0,0.0,0,0,0,0,0,0,0,0,0,0,0,0,0,0
"36093","5","326140","78","0","2016","2","N","Schenectady County, New York","Private","NAICS 326140 Polystyrene foam product manufacturing","County, NAICS 6-digit -- by ownership sector","All establishment sizes",1,0,0,0,0,0,0,0,"N",4.79,0,0,0,0,0,0,0,"N",0,0.0,0,0,0,0,0,0,0,0,0,0,0,0,0,0
"36093","5","326140","78","0","2016","3","N","Schenectady County, New York","Private","NAICS 326140 Polystyrene foam product manufacturing","County, NAICS 6-digit -- by ownership sector","All establishment sizes",1,0,0,0,0,0,0,0,"N",4.74,0,0,0,0,0,0,0,"N",0,0.0,0,0,0,0,0,0,0,0,0,0,0,0,0,0
"36093","5","326140","78","0","2016","4","N","Schenectady County, New York","Private","NAICS 326140 Polystyrene foam product manufacturing","County, NAICS 6-digit -- by ownership sector","All establishment sizes",1,0,0,0,0,0,0,0,"N",4.79,0,0,0,0,0,0,0,"N",0,0.0,0,0,0,0,0,0,0,0,0,0,0,0,0,0
"36093","5","32619","77","0","2016","1","N","Schenectady County, New York","Private","NAICS 32619 Other plastics product manufacturing","County, NAICS 5-digit -- by ownership sector","All establishment sizes",2,0,0,0,0,0,0,0,"N",0.90,0,0,0,0,0,0,0,"N",0,0.0,0,0,0,0,0,0,0,0,0,0,0,0,0,0
"36093","5","32619","77","0","2016","2","N","Schenectady County, New York","Private","NAICS 32619 Other plastics product manufacturing","County, NAICS 5-digit -- by ownership sector","All establishment sizes",2,0,0,0,0,0,0,0,"N",0.90,0,0,0,0,0,0,0,"N",0,0.0,0,0,0,0,0,0,0,0,0,0,0,0,0,0
"36093","5","32619","77","0","2016","3","N","Schenectady County, New York","Private","NAICS 32619 Other plastics product manufacturing","County, NAICS 5-digit -- by ownership sector","All establishment sizes",2,0,0,0,0,0,0,0,"N",0.90,0,0,0,0,0,0,0,"N",0,0.0,0,0,0,0,0,0,0,0,0,0,0,0,0,0
"36093","5","32619","77","0","2016","4","N","Schenectady County, New York","Private","NAICS 32619 Other plastics product manufacturing","County, NAICS 5-digit -- by ownership sector","All establishment sizes",2,0,0,0,0,0,0,0,"N",0.90,0,0,0,0,0,0,0,"N",0,0.0,0,0,0,0,0,0,0,0,0,0,0,0,0,0
"36093","5","326199","78","0","2016","1","N","Schenectady County, New York","Private","NAICS 326199 All other plastics product manufacturing","County, NAICS 6-digit -- by ownership sector","All establishment sizes",2,0,0,0,0,0,0,0,"N",0.96,0,0,0,0,0,0,0,"N",0,0.0,0,0,0,0,0,0,0,0,0,0,0,0,0,0
"36093","5","326199","78","0","2016","2","N","Schenectady County, New York","Private","NAICS 326199 All other plastics product manufacturing","County, NAICS 6-digit -- by ownership sector","All establishment sizes",2,0,0,0,0,0,0,0,"N",0.96,0,0,0,0,0,0,0,"N",0,0.0,0,0,0,0,0,0,0,0,0,0,0,0,0,0
"36093","5","326199","78","0","2016","3","N","Schenectady County, New York","Private","NAICS 326199 All other plastics product manufacturing","County, NAICS 6-digit -- by ownership sector","All establishment sizes",2,0,0,0,0,0,0,0,"N",0.96,0,0,0,0,0,0,0,"N",0,0.0,0,0,0,0,0,0,0,0,0,0,0,0,0,0
"36093","5","326199","78","0","2016","4","N","Schenectady County, New York","Private","NAICS 326199 All other plastics product manufacturing","County, NAICS 6-digit -- by ownership sector","All establishment sizes",2,0,0,0,0,0,0,0,"N",0.96,0,0,0,0,0,0,0,"N",0,0.0,0,0,0,0,0,0,0,0,0,0,0,0,0,0
"36093","5","327","75","0","2016","1","","Schenectady County, New York","Private","NAICS 327 Nonmetallic mineral product manufacturing","County, NAICS 3-digit -- by ownership sector","All establishment sizes",10,247,241,242,3392534,2424341,104787,1072,"",1.74,1.41,1.38,1.37,1.47,1.78,1.93,1.06,"",0,0.0,9,3.8,7,3.0,11,4.8,42975,1.3,149480,6.6,-13530,-11.4,-28,-2.5
"36093","5","327","75","0","2016","2","","Schenectady County, New York","Private","NAICS 327 Nonmetallic mineral product manufacturing","County, NAICS 3-digit -- by ownership sector","All establishment sizes",11,246,250,258,3742127,347241,21494,1145,"",1.90,1.36,1.38,1.39,1.35,0.95,1.11,0.98,"",1,10.0,4,1.7,0,0.0,8,3.2,68478,1.9,-21299,-5.8,-6617,-23.5,2,0.2
"36093","5","327","75","0","2016","3","","Schenectady County, New York","Private","NAICS 327 Nonmetallic mineral product manufacturing","County, NAICS 3-digit -- by ownership sector","All establishment sizes",10,251,242,233,4178015,173188,9962,1328,"",1.73,1.41,1.35,1.30,1.58,0.90,1.03,1.17,"",0,0.0,-3,-1.2,-13,-5.1,-25,-9.7,430746,11.5,-61000,-26.0,-5291,-34.7,201,17.8
"36093","5","327","75","0","2016","4","","Schenectady County, New York","Private","NAICS 327 Nonmetallic mineral product manufacturing","County, NAICS 3-digit -- by ownership sector","All establishment sizes",10,236,233,230,3538928,88928,3334,1168,"",1.73,1.29,1.27,1.29,1.38,0.79,0.67,1.07,"",0,0.0,-19,-7.5,-19,-7.5,-23,-9.1,-464904,-11.6,-16243,-15.4,-2907,-46.6,-48,-3.9
"36093","5","3272","76","0","2016","1","N","Schenectady County, New York","Private","NAICS 3272 Glass and glass product manufacturing","County, NAICS 4-digit -- by ownership sector","All establishment sizes",1,0,0,0,0,0,0,0,"N",1.47,0,0,0,0,0,0,0,"N",0,0.0,0,0,0,0,0,0,0,0,0,0,0,0,0,0
"36093","5","3272","76","0","2016","2","N","Schenectady County, New York","Private","NAICS 3272 Glass and glass product manufacturing","County, NAICS 4-digit -- by ownership sector","All establishment sizes",2,0,0,0,0,0,0,0,"N",2.93,0,0,0,0,0,0,0,"N",1,100.0,0,0,0,0,0,0,0,0,0,0,0,0,0,0
"36093","5","3272","76","0","2016","3","N","Schenectady County, New York","Private","NAICS 3272 Glass and glass product manufacturing","County, NAICS 4-digit -- by ownership sector","All establishment sizes",1,0,0,0,0,0,0,0,"N",1.47,0,0,0,0,0,0,0,"N",0,0.0,0,0,0,0,0,0,0,0,0,0,0,0,0,0
"36093","5","3272","76","0","2016","4","N","Schenectady County, New York","Private","NAICS 3272 Glass and glass product manufacturing","County, NAICS 4-digit -- by ownership sector","All establishment sizes",1,0,0,0,0,0,0,0,"N",1.47,0,0,0,0,0,0,0,"N",0,0.0,0,0,0,0,0,0,0,0,0,0,0,0,0,0
"36093","5","32721","77","0","2016","1","N","Schenectady County, New York","Private","NAICS 32721 Glass and glass product manufacturing","County, NAICS 5-digit -- by ownership sector","All establishment sizes",1,0,0,0,0,0,0,0,"N",1.47,0,0,0,0,0,0,0,"N",0,0.0,0,0,0,0,0,0,0,0,0,0,0,0,0,0
"36093","5","32721","77","0","2016","2","N","Schenectady County, New York","Private","NAICS 32721 Glass and glass product manufacturing","County, NAICS 5-digit -- by ownership sector","All establishment sizes",2,0,0,0,0,0,0,0,"N",2.93,0,0,0,0,0,0,0,"N",1,100.0,0,0,0,0,0,0,0,0,0,0,0,0,0,0
"36093","5","32721","77","0","2016","3","N","Schenectady County, New York","Private","NAICS 32721 Glass and glass product manufacturing","County, NAICS 5-digit -- by ownership sector","All establishment sizes",1,0,0,0,0,0,0,0,"N",1.47,0,0,0,0,0,0,0,"N",0,0.0,0,0,0,0,0,0,0,0,0,0,0,0,0,0
"36093","5","32721","77","0","2016","4","N","Schenectady County, New York","Private","NAICS 32721 Glass and glass product manufacturing","County, NAICS 5-digit -- by ownership sector","All establishment sizes",1,0,0,0,0,0,0,0,"N",1.47,0,0,0,0,0,0,0,"N",0,0.0,0,0,0,0,0,0,0,0,0,0,0,0,0,0
"36093","5","327215","78","0","2016","1","N","Schenectady County, New York","Private","NAICS 327215 Glass product mfg. made of purchased glass","County, NAICS 6-digit -- by ownership sector","All establishment sizes",1,0,0,0,0,0,0,0,"N",2.33,0,0,0,0,0,0,0,"N",0,0.0,0,0,0,0,0,0,0,0,0,0,0,0,0,0
"36093","5","327215","78","0","2016","2","N","Schenectady County, New York","Private","NAICS 327215 Glass product mfg. made of purchased glass","County, NAICS 6-digit -- by ownership sector","All establishment sizes",2,0,0,0,0,0,0,0,"N",4.65,0,0,0,0,0,0,0,"N",1,100.0,0,0,0,0,0,0,0,0,0,0,0,0,0,0
"36093","5","327215","78","0","2016","3","N","Schenectady County, New York","Private","NAICS 327215 Glass product mfg. made of purchased glass","County, NAICS 6-digit -- by ownership sector","All establishment sizes",1,0,0,0,0,0,0,0,"N",2.34,0,0,0,0,0,0,0,"N",0,0.0,0,0,0,0,0,0,0,0,0,0,0,0,0,0
"36093","5","327215","78","0","2016","4","N","Schenectady County, New York","Private","NAICS 327215 Glass product mfg. made of purchased glass","County, NAICS 6-digit -- by ownership sector","All establishment sizes",1,0,0,0,0,0,0,0,"N",2.34,0,0,0,0,0,0,0,"N",0,0.0,0,0,0,0,0,0,0,0,0,0,0,0,0,0
"36093","5","3273","76","0","2016","1","","Schenectady County, New York","Private","NAICS 3273 Cement and concrete product manufacturing","County, NAICS 4-digit -- by ownership sector","All establishment sizes",7,64,58,62,635291,541467,43546,797,"",2.21,0.80,0.73,0.76,0.62,0.88,1.56,0.82,"",0,0.0,6,10.3,3,5.5,8,14.8,65633,11.5,59633,12.4,-3099,-6.6,10,1.3
"36093","5","3273","76","0","2016","2","","Schenectady County, New York","Private","NAICS 3273 Cement and concrete product manufacturing","County, NAICS 4-digit -- by ownership sector","All establishment sizes",7,69,73,79,867804,210617,17085,906,"",2.20,0.81,0.85,0.90,0.66,1.13,1.35,0.77,"",0,0.0,4,6.2,2,2.8,5,6.8,43584,5.3,-24986,-10.6,-5761,-25.2,0,0.0
"36093","5","3273","76","0","2016","3","","Schenectady County, New York","Private","NAICS 3273 Cement and concrete product manufacturing","County, NAICS 4-digit -- by ownership sector","All establishment sizes",7,82,79,73,1016681,102587,8311,1003,"",2.21,0.97,0.94,0.86,0.79,1.02,1.27,0.85,"",0,0.0,7,9.3,6,8.2,-4,-5.2,122960,13.8,-4256,-4.0,-1877,-18.4,86,9.4
"36093","5","3273","76","0","2016","4","","Schenectady County, New York","Private","NAICS 3273 Cement and concrete product manufacturing","County, NAICS 4-digit -- by ownership sector","All establishment sizes",7,73,71,69,867037,41885,2326,939,"",2.21,0.85,0.83,0.84,0.71,0.81,0.82,0.84,"",0,0.0,1,1.4,0,0.0,-2,-2.8,-25937,-2.9,2280,5.8,-1319,-36.2,-24,-2.5
"36093","5","32732","77","0","2016","1","N","Schenectady County, New York","Private","NAICS 32732 Ready-mix concrete manufacturing","County, NAICS 5-digit -- by ownership sector","All establishment sizes",2,0,0,0,0,0,0,0,"N",1.07,0,0,0,0,0,0,0,"N",0,0.0,0,0,0,0,0,0,0,0,0,0,0,0,0,0
"36093","5","32732","77","0","2016","2","N","Schenectady County, New York","Private","NAICS 32732 Ready-mix concrete manufacturing","County, NAICS 5-digit -- by ownership sector","All establishment sizes",2,0,0,0,0,0,0,0,"N",1.06,0,0,0,0,0,0,0,"N",0,0.0,0,0,0,0,0,0,0,0,0,0,0,0,0,0
"36093","5","32732","77","0","2016","3","N","Schenectady County, New York","Private","NAICS 32732 Ready-mix concrete manufacturing","County, NAICS 5-digit -- by ownership sector","All establishment sizes",2,0,0,0,0,0,0,0,"N",1.06,0,0,0,0,0,0,0,"N",0,0.0,0,0,0,0,0,0,0,0,0,0,0,0,0,0
"36093","5","32732","77","0","2016","4","N","Schenectady County, New York","Private","NAICS 32732 Ready-mix concrete manufacturing","County, NAICS 5-digit -- by ownership sector","All establishment sizes",2,0,0,0,0,0,0,0,"N",1.07,0,0,0,0,0,0,0,"N",0,0.0,0,0,0,0,0,0,0,0,0,0,0,0,0,0
"36093","5","327320","78","0","2016","1","N","Schenectady County, New York","Private","NAICS 327320 Ready-mix concrete manufacturing","County, NAICS 6-digit -- by ownership sector","All establishment sizes",2,0,0,0,0,0,0,0,"N",1.07,0,0,0,0,0,0,0,"N",0,0.0,0,0,0,0,0,0,0,0,0,0,0,0,0,0
"36093","5","327320","78","0","2016","2","N","Schenectady County, New York","Private","NAICS 327320 Ready-mix concrete manufacturing","County, NAICS 6-digit -- by ownership sector","All establishment sizes",2,0,0,0,0,0,0,0,"N",1.06,0,0,0,0,0,0,0,"N",0,0.0,0,0,0,0,0,0,0,0,0,0,0,0,0,0
"36093","5","327320","78","0","2016","3","N","Schenectady County, New York","Private","NAICS 327320 Ready-mix concrete manufacturing","County, NAICS 6-digit -- by ownership sector","All establishment sizes",2,0,0,0,0,0,0,0,"N",1.06,0,0,0,0,0,0,0,"N",0,0.0,0,0,0,0,0,0,0,0,0,0,0,0,0,0
"36093","5","327320","78","0","2016","4","N","Schenectady County, New York","Private","NAICS 327320 Ready-mix concrete manufacturing","County, NAICS 6-digit -- by ownership sector","All establishment sizes",2,0,0,0,0,0,0,0,"N",1.07,0,0,0,0,0,0,0,"N",0,0.0,0,0,0,0,0,0,0,0,0,0,0,0,0,0
"36093","5","32733","77","0","2016","1","","Schenectady County, New York","Private","NAICS 32733 Concrete pipe, brick, and block manufacturing","County, NAICS 5-digit -- by ownership sector","All establishment sizes",3,38,35,35,377472,312169,22590,807,"",7.21,3.32,3.03,2.98,2.57,3.59,6.16,0.83,"",0,0.0,1,2.7,-1,-2.8,2,6.1,18300,5.1,17159,5.8,-6429,-22.2,25,3.2
"36093","5","32733","77","0","2016","2","","Schenectady County, New York","Private","NAICS 32733 Concrete pipe, brick, and block manufacturing","County, NAICS 5-digit -- by ownership sector","All establishment sizes",3,37,40,44,459700,94985,6536,877,"",7.17,3.05,3.28,3.53,2.56,3.92,4.49,0.78,"",0,0.0,-1,-2.6,1,2.6,2,4.8,7688,1.7,-7881,-7.7,-3580,-35.4,0,0.0
"36093","5","32733","77","0","2016","3","","Schenectady County, New York","Private","NAICS 32733 Concrete pipe, brick, and block manufacturing","County, NAICS 5-digit -- by ownership sector","All establishment sizes",3,47,43,38,516089,46797,3461,930,"",7.23,3.92,3.57,3.15,2.87,3.57,4.61,0.81,"",0,0.0,3,6.8,0,0.0,-8,-17.4,44669,9.5,-16544,-26.1,-2759,-44.4,112,13.7
"36093","5","32733","77","0","2016","4","","Schenectady County, New York","Private","NAICS 32733 Concrete pipe, brick, and block manufacturing","County, NAICS 5-digit -- by ownership sector","All establishment sizes",3,38,36,37,436447,19067,349,907,"",7.31,3.12,2.96,3.12,2.57,2.46,0.87,0.84,"",0,0.0,-4,-9.5,-5,-12.2,-3,-7.5,-21695,-4.7,3900,25.7,-1112,-76.1,47,5.5
"36093","5","327331","78","0","2016","1","","Schenectady County, New York","Private","NAICS 327331 Concrete block and brick manufacturing","County, NAICS 6-digit -- by ownership sector","All establishment sizes",3,38,35,35,377472,312169,22590,807,"",9.31,4.56,4.18,4.14,3.69,5.01,8.62,0.86,"",0,0.0,1,2.7,-1,-2.8,2,6.1,18300,5.1,17159,5.8,-6429,-22.2,25,3.2
"36093","5","327331","78","0","2016","2","","Schenectady County, New York","Private","NAICS 327331 Concrete block and brick manufacturing","County, NAICS 6-digit -- by ownership sector","All establishment sizes",3,37,40,44,459700,94985,6536,877,"",9.25,4.24,4.55,4.88,3.63,5.58,6.88,0.79,"",0,0.0,-1,-2.6,1,2.6,2,4.8,7688,1.7,-7881,-7.7,-3580,-35.4,0,0.0
"36093","5","327331","78","0","2016","3","","Schenectady County, New York","Private","NAICS 327331 Concrete block and brick manufacturing","County, NAICS 6-digit -- by ownership sector","All establishment sizes",3,47,43,38,516089,46797,3461,930,"",9.35,5.44,4.96,4.37,4.05,5.17,7.49,0.82,"",0,0.0,3,6.8,0,0.0,-8,-17.4,44669,9.5,-16544,-26.1,-2759,-44.4,112,13.7
"36093","5","327331","78","0","2016","4","","Schenectady County, New York","Private","NAICS 327331 Concrete block and brick manufacturing","County, NAICS 6-digit -- by ownership sector","All establishment sizes",3,38,36,37,436447,19067,349,907,"",9.60,4.33,4.12,4.31,3.66,3.64,1.30,0.86,"",0,0.0,-4,-9.5,-5,-12.2,-3,-7.5,-21695,-4.7,3900,25.7,-1112,-76.1,47,5.5
"36093","5","32739","77","0","2016","1","N","Schenectady County, New York","Private","NAICS 32739 Other concrete product manufacturing","County, NAICS 5-digit -- by ownership sector","All establishment sizes",2,0,0,0,0,0,0,0,"N",2.59,0,0,0,0,0,0,0,"N",0,0.0,0,0,0,0,0,0,0,0,0,0,0,0,0,0
"36093","5","32739","77","0","2016","2","N","Schenectady County, New York","Private","NAICS 32739 Other concrete product manufacturing","County, NAICS 5-digit -- by ownership sector","All establishment sizes",2,0,0,0,0,0,0,0,"N",2.60,0,0,0,0,0,0,0,"N",0,0.0,0,0,0,0,0,0,0,0,0,0,0,0,0,0
"36093","5","32739","77","0","2016","3","N","Schenectady County, New York","Private","NAICS 32739 Other concrete product manufacturing","County, NAICS 5-digit -- by ownership sector","All establishment sizes",2,0,0,0,0,0,0,0,"N",2.61,0,0,0,0,0,0,0,"N",0,0.0,0,0,0,0,0,0,0,0,0,0,0,0,0,0
"36093","5","32739","77","0","2016","4","N","Schenectady County, New York","Private","NAICS 32739 Other concrete product manufacturing","County, NAICS 5-digit -- by ownership sector","All establishment sizes",2,0,0,0,0,0,0,0,"N",2.60,0,0,0,0,0,0,0,"N",0,0.0,0,0,0,0,0,0,0,0,0,0,0,0,0,0
"36093","5","327390","78","0","2016","1","N","Schenectady County, New York","Private","NAICS 327390 Other concrete product manufacturing","County, NAICS 6-digit -- by ownership sector","All establishment sizes",2,0,0,0,0,0,0,0,"N",2.59,0,0,0,0,0,0,0,"N",0,0.0,0,0,0,0,0,0,0,0,0,0,0,0,0,0
"36093","5","327390","78","0","2016","2","N","Schenectady County, New York","Private","NAICS 327390 Other concrete product manufacturing","County, NAICS 6-digit -- by ownership sector","All establishment sizes",2,0,0,0,0,0,0,0,"N",2.60,0,0,0,0,0,0,0,"N",0,0.0,0,0,0,0,0,0,0,0,0,0,0,0,0,0
"36093","5","327390","78","0","2016","3","N","Schenectady County, New York","Private","NAICS 327390 Other concrete product manufacturing","County, NAICS 6-digit -- by ownership sector","All establishment sizes",2,0,0,0,0,0,0,0,"N",2.61,0,0,0,0,0,0,0,"N",0,0.0,0,0,0,0,0,0,0,0,0,0,0,0,0,0
"36093","5","327390","78","0","2016","4","N","Schenectady County, New York","Private","NAICS 327390 Other concrete product manufacturing","County, NAICS 6-digit -- by ownership sector","All establishment sizes",2,0,0,0,0,0,0,0,"N",2.60,0,0,0,0,0,0,0,"N",0,0.0,0,0,0,0,0,0,0,0,0,0,0,0,0,0
"36093","5","3279","76","0","2016","1","N","Schenectady County, New York","Private","NAICS 3279 Other nonmetallic mineral products","County, NAICS 4-digit -- by ownership sector","All establishment sizes",2,0,0,0,0,0,0,0,"N",1.57,0,0,0,0,0,0,0,"N",0,0.0,0,0,0,0,0,0,0,0,0,0,0,0,0,0
"36093","5","3279","76","0","2016","2","N","Schenectady County, New York","Private","NAICS 3279 Other nonmetallic mineral products","County, NAICS 4-digit -- by ownership sector","All establishment sizes",2,0,0,0,0,0,0,0,"N",1.55,0,0,0,0,0,0,0,"N",0,0.0,0,0,0,0,0,0,0,0,0,0,0,0,0,0
"36093","5","3279","76","0","2016","3","N","Schenectady County, New York","Private","NAICS 3279 Other nonmetallic mineral products","County, NAICS 4-digit -- by ownership sector","All establishment sizes",2,0,0,0,0,0,0,0,"N",1.54,0,0,0,0,0,0,0,"N",0,0.0,0,0,0,0,0,0,0,0,0,0,0,0,0,0
"36093","5","3279","76","0","2016","4","N","Schenectady County, New York","Private","NAICS 3279 Other nonmetallic mineral products","County, NAICS 4-digit -- by ownership sector","All establishment sizes",2,0,0,0,0,0,0,0,"N",1.54,0,0,0,0,0,0,0,"N",0,0.0,0,0,0,0,0,0,0,0,0,0,0,0,0,0
"36093","5","32799","77","0","2016","1","N","Schenectady County, New York","Private","NAICS 32799 All other nonmetallic mineral products mfg.","County, NAICS 5-digit -- by ownership sector","All establishment sizes",2,0,0,0,0,0,0,0,"N",1.73,0,0,0,0,0,0,0,"N",0,0.0,0,0,0,0,0,0,0,0,0,0,0,0,0,0
"36093","5","32799","77","0","2016","2","N","Schenectady County, New York","Private","NAICS 32799 All other nonmetallic mineral products mfg.","County, NAICS 5-digit -- by ownership sector","All establishment sizes",2,0,0,0,0,0,0,0,"N",1.71,0,0,0,0,0,0,0,"N",0,0.0,0,0,0,0,0,0,0,0,0,0,0,0,0,0
"36093","5","32799","77","0","2016","3","N","Schenectady County, New York","Private","NAICS 32799 All other nonmetallic mineral products mfg.","County, NAICS 5-digit -- by ownership sector","All establishment sizes",2,0,0,0,0,0,0,0,"N",1.69,0,0,0,0,0,0,0,"N",0,0.0,0,0,0,0,0,0,0,0,0,0,0,0,0,0
"36093","5","32799","77","0","2016","4","N","Schenectady County, New York","Private","NAICS 32799 All other nonmetallic mineral products mfg.","County, NAICS 5-digit -- by ownership sector","All establishment sizes",2,0,0,0,0,0,0,0,"N",1.69,0,0,0,0,0,0,0,"N",0,0.0,0,0,0,0,0,0,0,0,0,0,0,0,0,0
"36093","5","327991","78","0","2016","1","N","Schenectady County, New York","Private","NAICS 327991 Cut stone and stone product manufacturing","County, NAICS 6-digit -- by ownership sector","All establishment sizes",1,0,0,0,0,0,0,0,"N",1.22,0,0,0,0,0,0,0,"N",0,0.0,0,0,0,0,0,0,0,0,0,0,0,0,0,0
"36093","5","327991","78","0","2016","2","N","Schenectady County, New York","Private","NAICS 327991 Cut stone and stone product manufacturing","County, NAICS 6-digit -- by ownership sector","All establishment sizes",1,0,0,0,0,0,0,0,"N",1.21,0,0,0,0,0,0,0,"N",0,0.0,0,0,0,0,0,0,0,0,0,0,0,0,0,0
"36093","5","327991","78","0","2016","3","N","Schenectady County, New York","Private","NAICS 327991 Cut stone and stone product manufacturing","County, NAICS 6-digit -- by ownership sector","All establishment sizes",1,0,0,0,0,0,0,0,"N",1.19,0,0,0,0,0,0,0,"N",0,0.0,0,0,0,0,0,0,0,0,0,0,0,0,0,0
"36093","5","327991","78","0","2016","4","N","Schenectady County, New York","Private","NAICS 327991 Cut stone and stone product manufacturing","County, NAICS 6-digit -- by ownership sector","All establishment sizes",1,0,0,0,0,0,0,0,"N",1.19,0,0,0,0,0,0,0,"N",0,0.0,0,0,0,0,0,0,0,0,0,0,0,0,0,0
"36093","5","327999","78","0","2016","1","N","Schenectady County, New York","Private","NAICS 327999 Miscellaneous nonmetallic mineral products","County, NAICS 6-digit -- by ownership sector","All establishment sizes",1,0,0,0,0,0,0,0,"N",5.83,0,0,0,0,0,0,0,"N",0,0.0,0,0,0,0,0,0,0,0,0,0,0,0,0,0
"36093","5","327999","78","0","2016","2","N","Schenectady County, New York","Private","NAICS 327999 Miscellaneous nonmetallic mineral products","County, NAICS 6-digit -- by ownership sector","All establishment sizes",1,0,0,0,0,0,0,0,"N",5.68,0,0,0,0,0,0,0,"N",0,0.0,0,0,0,0,0,0,0,0,0,0,0,0,0,0
"36093","5","327999","78","0","2016","3","N","Schenectady County, New York","Private","NAICS 327999 Miscellaneous nonmetallic mineral products","County, NAICS 6-digit -- by ownership sector","All establishment sizes",1,0,0,0,0,0,0,0,"N",5.67,0,0,0,0,0,0,0,"N",0,0.0,0,0,0,0,0,0,0,0,0,0,0,0,0,0
"36093","5","327999","78","0","2016","4","N","Schenectady County, New York","Private","NAICS 327999 Miscellaneous nonmetallic mineral products","County, NAICS 6-digit -- by ownership sector","All establishment sizes",1,0,0,0,0,0,0,0,"N",5.66,0,0,0,0,0,0,0,"N",0,0.0,0,0,0,0,0,0,0,0,0,0,0,0,0,0
"36093","5","332","75","0","2016","1","","Schenectady County, New York","Private","NAICS 332 Fabricated metal product manufacturing","County, NAICS 3-digit -- by ownership sector","All establishment sizes",12,328,323,324,4217755,3031359,122733,998,"",0.58,0.51,0.51,0.51,0.52,0.62,0.71,1.02,"",-2,-14.3,-2,-0.6,-12,-3.6,-10,-3.0,-45310,-1.1,299246,11.0,4526,3.8,13,1.3
"36093","5","332","75","0","2016","2","","Schenectady County, New York","Private","NAICS 332 Fabricated metal product manufacturing","County, NAICS 3-digit -- by ownership sector","All establishment sizes",12,327,331,348,4868203,679245,26767,1117,"",0.58,0.52,0.52,0.54,0.53,0.61,0.64,1.00,"",0,0.0,-19,-5.5,-11,-3.2,4,1.2,135649,2.9,-110212,-14.0,-15174,-36.2,59,5.6
"36093","5","332","75","0","2016","3","","Schenectady County, New York","Private","NAICS 332 Fabricated metal product manufacturing","County, NAICS 3-digit -- by ownership sector","All establishment sizes",12,348,348,338,4868780,400194,17179,1087,"",0.58,0.57,0.57,0.55,0.55,0.76,0.89,0.98,"",0,0.0,-3,-0.9,2,0.6,-4,-1.2,261379,5.7,12044,3.1,-2238,-11.5,64,6.3
"36093","5","332","75","0","2016","4","","Schenectady County, New York","Private","NAICS 332 Fabricated metal product manufacturing","County, NAICS 3-digit -- by ownership sector","All establishment sizes",12,339,342,340,5408967,338246,14043,1223,"",0.58,0.54,0.55,0.55,0.61,0.96,1.03,1.12,"",0,0.0,-1,-0.3,3,0.9,5,1.5,-113045,-2.0,57751,20.6,-34,-0.2,-34,-2.7
"36093","5","3323","76","0","2016","1","N","Schenectady County, New York","Private","NAICS 3323 Architectural and structural metals mfg.","County, NAICS 4-digit -- by ownership sector","All establishment sizes",9,0,0,0,0,0,0,0,"N",1.75,0,0,0,0,0,0,0,"N",0,0.0,0,0,0,0,0,0,0,0,0,0,0,0,0,0
"36093","5","3323","76","0","2016","2","N","Schenectady County, New York","Private","NAICS 3323 Architectural and structural metals mfg.","County, NAICS 4-digit -- by ownership sector","All establishment sizes",9,0,0,0,0,0,0,0,"N",1.74,0,0,0,0,0,0,0,"N",0,0.0,0,0,0,0,0,0,0,0,0,0,0,0,0,0
"36093","5","3323","76","0","2016","3","N","Schenectady County, New York","Private","NAICS 3323 Architectural and structural metals mfg.","County, NAICS 4-digit -- by ownership sector","All establishment sizes",9,0,0,0,0,0,0,0,"N",1.74,0,0,0,0,0,0,0,"N",0,0.0,0,0,0,0,0,0,0,0,0,0,0,0,0,0
"36093","5","3323","76","0","2016","4","N","Schenectady County, New York","Private","NAICS 3323 Architectural and structural metals mfg.","County, NAICS 4-digit -- by ownership sector","All establishment sizes",9,0,0,0,0,0,0,0,"N",1.74,0,0,0,0,0,0,0,"N",0,0.0,0,0,0,0,0,0,0,0,0,0,0,0,0,0
"36093","5","33231","77","0","2016","1","","Schenectady County, New York","Private","NAICS 33231 Plate work and fabricated structural products","County, NAICS 5-digit -- by ownership sector","All establishment sizes",4,182,177,182,2363682,1742435,54920,1008,"",1.86,2.48,2.41,2.49,2.53,3.08,2.67,1.03,"",0,0.0,6,3.4,3,1.7,5,2.8,108172,4.8,70920,4.2,-12016,-18.0,20,2.0
"36093","5","33231","77","0","2016","2","","Schenectady County, New York","Private","NAICS 33231 Plate work and fabricated structural products","County, NAICS 5-digit -- by ownership sector","All establishment sizes",4,189,188,198,3015430,350131,11854,1210,"",1.85,2.60,2.61,2.71,2.84,2.68,2.26,1.07,"",0,0.0,2,1.1,-2,-1.1,2,1.0,220502,7.9,20947,6.4,-2163,-15.4,84,7.5
"36093","5","33231","77","0","2016","3","","Schenectady County, New York","Private","NAICS 33231 Plate work and fabricated structural products","County, NAICS 5-digit -- by ownership sector","All establishment sizes",4,199,197,190,2877362,140748,4924,1133,"",1.85,2.86,2.83,2.71,2.84,2.09,1.89,1.02,"",0,0.0,1,0.5,-3,-1.5,-3,-1.6,256861,9.8,-78533,-35.8,-4378,-47.1,110,10.8
"36093","5","33231","77","0","2016","4","","Schenectady County, New York","Private","NAICS 33231 Plate work and fabricated structural products","County, NAICS 5-digit -- by ownership sector","All establishment sizes",4,192,193,190,3346578,105828,3058,1343,"",1.85,2.69,2.70,2.70,3.17,2.37,1.66,1.17,"",0,0.0,4,2.1,7,3.8,7,3.8,47966,1.5,-37676,-26.3,-2964,-49.2,-24,-1.8
"36093","5","332312","78","0","2016","1","","Schenectady County, New York","Private","NAICS 332312 Fabricated structural metal manufacturing","County, NAICS 6-digit -- by ownership sector","All establishment sizes",4,182,177,182,2363682,1742435,54920,1008,"",3.36,4.57,4.43,4.58,4.69,5.57,4.91,1.04,"",0,0.0,6,3.4,3,1.7,5,2.8,108172,4.8,70920,4.2,-12016,-18.0,20,2.0
"36093","5","332312","78","0","2016","2","","Schenectady County, New York","Private","NAICS 332312 Fabricated structural metal manufacturing","County, NAICS 6-digit -- by ownership sector","All establishment sizes",4,189,188,198,3015430,350131,11854,1210,"",3.35,4.79,4.79,4.97,5.23,4.78,4.14,1.08,"",0,0.0,2,1.1,-2,-1.1,2,1.0,220502,7.9,20947,6.4,-2163,-15.4,84,7.5
"36093","5","332312","78","0","2016","3","","Schenectady County, New York","Private","NAICS 332312 Fabricated structural metal manufacturing","County, NAICS 6-digit -- by ownership sector","All establishment sizes",4,199,197,190,2877362,140748,4924,1133,"",3.35,5.24,5.19,4.96,5.22,3.62,3.28,1.02,"",0,0.0,1,0.5,-3,-1.5,-3,-1.6,256861,9.8,-78533,-35.8,-4378,-47.1,110,10.8
"36093","5","332312","78","0","2016","4","","Schenectady County, New York","Private","NAICS 332312 Fabricated structural metal manufacturing","County, NAICS 6-digit -- by ownership sector","All establishment sizes",4,192,193,190,3346578,105828,3058,1343,"",3.35,4.95,4.97,4.95,5.65,4.13,2.90,1.14,"",0,0.0,4,2.1,7,3.8,7,3.8,47966,1.5,-37676,-26.3,-2964,-49.2,-24,-1.8
"36093","5","33232","77","0","2016","1","N","Schenectady County, New York","Private","NAICS 33232 Ornamental and architectural metal products","County, NAICS 5-digit -- by ownership sector","All establishment sizes",5,0,0,0,0,0,0,0,"N",1.67,0,0,0,0,0,0,0,"N",0,0.0,0,0,0,0,0,0,0,0,0,0,0,0,0,0
"36093","5","33232","77","0","2016","2","N","Schenectady County, New York","Private","NAICS 33232 Ornamental and architectural metal products","County, NAICS 5-digit -- by ownership sector","All establishment sizes",5,0,0,0,0,0,0,0,"N",1.67,0,0,0,0,0,0,0,"N",0,0.0,0,0,0,0,0,0,0,0,0,0,0,0,0,0
"36093","5","33232","77","0","2016","3","N","Schenectady County, New York","Private","NAICS 33232 Ornamental and architectural metal products","County, NAICS 5-digit -- by ownership sector","All establishment sizes",5,0,0,0,0,0,0,0,"N",1.66,0,0,0,0,0,0,0,"N",0,0.0,0,0,0,0,0,0,0,0,0,0,0,0,0,0
"36093","5","33232","77","0","2016","4","N","Schenectady County, New York","Private","NAICS 33232 Ornamental and architectural metal products","County, NAICS 5-digit -- by ownership sector","All establishment sizes",5,0,0,0,0,0,0,0,"N",1.66,0,0,0,0,0,0,0,"N",0,0.0,0,0,0,0,0,0,0,0,0,0,0,0,0,0
"36093","5","332322","78","0","2016","1","","Schenectady County, New York","Private","NAICS 332322 Sheet metal work manufacturing","County, NAICS 6-digit -- by ownership sector","All establishment sizes",3,13,13,12,99592,98151,1669,605,"",1.95,0.28,0.28,0.26,0.18,0.28,0.12,0.68,"N",0,0.0,0,0,0,0,0,0,0,0,0,0,0,0,0,0
"36093","5","332322","78","0","2016","2","","Schenectady County, New York","Private","NAICS 332322 Sheet metal work manufacturing","County, NAICS 6-digit -- by ownership sector","All establishment sizes",3,12,12,13,112480,33727,573,702,"",1.95,0.25,0.26,0.27,0.18,0.35,0.15,0.68,"N",0,0.0,0,0,0,0,0,0,0,0,0,0,0,0,0,0
"36093","5","332322","78","0","2016","3","","Schenectady County, New York","Private","NAICS 332322 Sheet metal work manufacturing","County, NAICS 6-digit -- by ownership sector","All establishment sizes",3,13,14,12,124986,8325,142,740,"",1.95,0.28,0.30,0.26,0.20,0.16,0.08,0.72,"",0,0.0,-3,-18.8,0,0.0,-3,-20.0,-3007,-2.3,-2773,-25.0,-91,-39.1,84,12.8
"36093","5","332322","78","0","2016","4","","Schenectady County, New York","Private","NAICS 332322 Sheet metal work manufacturing","County, NAICS 6-digit -- by ownership sector","All establishment sizes",3,11,13,13,126175,5749,98,787,"",1.95,0.23,0.28,0.28,0.20,0.18,0.08,0.76,"",0,0.0,-4,-26.7,-2,-13.3,-1,-7.1,-13758,-9.8,-2433,-29.7,-74,-43.0,53,7.2
"36093","5","332323","78","0","2016","1","N","Schenectady County, New York","Private","NAICS 332323 Ornamental and architectural metal work mfg.","County, NAICS 6-digit -- by ownership sector","All establishment sizes",2,0,0,0,0,0,0,0,"N",2.00,0,0,0,0,0,0,0,"N",0,0.0,0,0,0,0,0,0,0,0,0,0,0,0,0,0
"36093","5","332323","78","0","2016","2","N","Schenectady County, New York","Private","NAICS 332323 Ornamental and architectural metal work mfg.","County, NAICS 6-digit -- by ownership sector","All establishment sizes",2,0,0,0,0,0,0,0,"N",1.99,0,0,0,0,0,0,0,"N",0,0.0,0,0,0,0,0,0,0,0,0,0,0,0,0,0
"36093","5","332323","78","0","2016","3","N","Schenectady County, New York","Private","NAICS 332323 Ornamental and architectural metal work mfg.","County, NAICS 6-digit -- by ownership sector","All establishment sizes",2,0,0,0,0,0,0,0,"N",1.99,0,0,0,0,0,0,0,"N",0,0.0,0,0,0,0,0,0,0,0,0,0,0,0,0,0
"36093","5","332323","78","0","2016","4","N","Schenectady County, New York","Private","NAICS 332323 Ornamental and architectural metal work mfg.","County, NAICS 6-digit -- by ownership sector","All establishment sizes",2,0,0,0,0,0,0,0,"N",1.99,0,0,0,0,0,0,0,"N",0,0.0,0,0,0,0,0,0,0,0,0,0,0,0,0,0
"36093","5","3327","76","0","2016","1","N","Schenectady County, New York","Private","NAICS 3327 Machine shops and threaded product mfg.","County, NAICS 4-digit -- by ownership sector","All establishment sizes",3,0,0,0,0,0,0,0,"N",0.38,0,0,0,0,0,0,0,"N",-1,-25.0,0,0,0,0,0,0,0,0,0,0,0,0,0,0
"36093","5","3327","76","0","2016","2","N","Schenectady County, New York","Private","NAICS 3327 Machine shops and threaded product mfg.","County, NAICS 4-digit -- by ownership sector","All establishment sizes",3,0,0,0,0,0,0,0,"N",0.38,0,0,0,0,0,0,0,"N",0,0.0,0,0,0,0,0,0,0,0,0,0,0,0,0,0
"36093","5","3327","76","0","2016","3","N","Schenectady County, New York","Private","NAICS 3327 Machine shops and threaded product mfg.","County, NAICS 4-digit -- by ownership sector","All establishment sizes",3,0,0,0,0,0,0,0,"N",0.38,0,0,0,0,0,0,0,"N",0,0.0,0,0,0,0,0,0,0,0,0,0,0,0,0,0
"36093","5","3327","76","0","2016","4","N","Schenectady County, New York","Private","NAICS 3327 Machine shops and threaded product mfg.","County, NAICS 4-digit -- by ownership sector","All establishment sizes",3,0,0,0,0,0,0,0,"N",0.38,0,0,0,0,0,0,0,"N",0,0.0,0,0,0,0,0,0,0,0,0,0,0,0,0,0
"36093","5","33271","77","0","2016","1","N","Schenectady County, New York","Private","NAICS 33271 Machine shops","County, NAICS 5-digit -- by ownership sector","All establishment sizes",2,0,0,0,0,0,0,0,"N",0.28,0,0,0,0,0,0,0,"N",-1,-33.3,0,0,0,0,0,0,0,0,0,0,0,0,0,0
"36093","5","33271","77","0","2016","2","N","Schenectady County, New York","Private","NAICS 33271 Machine shops","County, NAICS 5-digit -- by ownership sector","All establishment sizes",2,0,0,0,0,0,0,0,"N",0.28,0,0,0,0,0,0,0,"N",0,0.0,0,0,0,0,0,0,0,0,0,0,0,0,0,0
"36093","5","33271","77","0","2016","3","N","Schenectady County, New York","Private","NAICS 33271 Machine shops","County, NAICS 5-digit -- by ownership sector","All establishment sizes",2,0,0,0,0,0,0,0,"N",0.28,0,0,0,0,0,0,0,"N",0,0.0,0,0,0,0,0,0,0,0,0,0,0,0,0,0
"36093","5","33271","77","0","2016","4","N","Schenectady County, New York","Private","NAICS 33271 Machine shops","County, NAICS 5-digit -- by ownership sector","All establishment sizes",2,0,0,0,0,0,0,0,"N",0.28,0,0,0,0,0,0,0,"N",0,0.0,0,0,0,0,0,0,0,0,0,0,0,0,0,0
"36093","5","332710","78","0","2016","1","N","Schenectady County, New York","Private","NAICS 332710 Machine shops","County, NAICS 6-digit -- by ownership sector","All establishment sizes",2,0,0,0,0,0,0,0,"N",0.28,0,0,0,0,0,0,0,"N",-1,-33.3,0,0,0,0,0,0,0,0,0,0,0,0,0,0
"36093","5","332710","78","0","2016","2","N","Schenectady County, New York","Private","NAICS 332710 Machine shops","County, NAICS 6-digit -- by ownership sector","All establishment sizes",2,0,0,0,0,0,0,0,"N",0.28,0,0,0,0,0,0,0,"N",0,0.0,0,0,0,0,0,0,0,0,0,0,0,0,0,0
"36093","5","332710","78","0","2016","3","N","Schenectady County, New York","Private","NAICS 332710 Machine shops","County, NAICS 6-digit -- by ownership sector","All establishment sizes",2,0,0,0,0,0,0,0,"N",0.28,0,0,0,0,0,0,0,"N",0,0.0,0,0,0,0,0,0,0,0,0,0,0,0,0,0
"36093","5","332710","78","0","2016","4","N","Schenectady County, New York","Private","NAICS 332710 Machine shops","County, NAICS 6-digit -- by ownership sector","All establishment sizes",2,0,0,0,0,0,0,0,"N",0.28,0,0,0,0,0,0,0,"N",0,0.0,0,0,0,0,0,0,0,0,0,0,0,0,0,0
"36093","5","33272","77","0","2016","1","N","Schenectady County, New York","Private","NAICS 33272 Turned product and screw, nut, and bolt mfg.","County, NAICS 5-digit -- by ownership sector","All establishment sizes",1,0,0,0,0,0,0,0,"N",1.31,0,0,0,0,0,0,0,"N",0,0.0,0,0,0,0,0,0,0,0,0,0,0,0,0,0
"36093","5","33272","77","0","2016","2","N","Schenectady County, New York","Private","NAICS 33272 Turned product and screw, nut, and bolt mfg.","County, NAICS 5-digit -- by ownership sector","All establishment sizes",1,0,0,0,0,0,0,0,"N",1.31,0,0,0,0,0,0,0,"N",0,0.0,0,0,0,0,0,0,0,0,0,0,0,0,0,0
"36093","5","33272","77","0","2016","3","N","Schenectady County, New York","Private","NAICS 33272 Turned product and screw, nut, and bolt mfg.","County, NAICS 5-digit -- by ownership sector","All establishment sizes",1,0,0,0,0,0,0,0,"N",1.32,0,0,0,0,0,0,0,"N",0,0.0,0,0,0,0,0,0,0,0,0,0,0,0,0,0
"36093","5","33272","77","0","2016","4","N","Schenectady County, New York","Private","NAICS 33272 Turned product and screw, nut, and bolt mfg.","County, NAICS 5-digit -- by ownership sector","All establishment sizes",1,0,0,0,0,0,0,0,"N",1.32,0,0,0,0,0,0,0,"N",0,0.0,0,0,0,0,0,0,0,0,0,0,0,0,0,0
"36093","5","332722","78","0","2016","1","N","Schenectady County, New York","Private","NAICS 332722 Bolt, nut, screw, rivet, and washer mfg.","County, NAICS 6-digit -- by ownership sector","All establishment sizes",1,0,0,0,0,0,0,0,"N",3.52,0,0,0,0,0,0,0,"N",0,0.0,0,0,0,0,0,0,0,0,0,0,0,0,0,0
"36093","5","332722","78","0","2016","2","N","Schenectady County, New York","Private","NAICS 332722 Bolt, nut, screw, rivet, and washer mfg.","County, NAICS 6-digit -- by ownership sector","All establishment sizes",1,0,0,0,0,0,0,0,"N",3.52,0,0,0,0,0,0,0,"N",0,0.0,0,0,0,0,0,0,0,0,0,0,0,0,0,0
"36093","5","332722","78","0","2016","3","N","Schenectady County, New York","Private","NAICS 332722 Bolt, nut, screw, rivet, and washer mfg.","County, NAICS 6-digit -- by ownership sector","All establishment sizes",1,0,0,0,0,0,0,0,"N",3.51,0,0,0,0,0,0,0,"N",0,0.0,0,0,0,0,0,0,0,0,0,0,0,0,0,0
"36093","5","332722","78","0","2016","4","N","Schenectady County, New York","Private","NAICS 332722 Bolt, nut, screw, rivet, and washer mfg.","County, NAICS 6-digit -- by ownership sector","All establishment sizes",1,0,0,0,0,0,0,0,"N",3.53,0,0,0,0,0,0,0,"N",0,0.0,0,0,0,0,0,0,0,0,0,0,0,0,0,0
"36093","5","333","75","0","2016","1","N","Schenectady County, New York","Private","NAICS 333 Machinery manufacturing","County, NAICS 3-digit -- by ownership sector","All establishment sizes",12,0,0,0,0,0,0,0,"N",1.14,0,0,0,0,0,0,0,"N",0,0.0,0,0,0,0,0,0,0,0,0,0,0,0,0,0
"36093","5","333","75","0","2016","2","N","Schenectady County, New York","Private","NAICS 333 Machinery manufacturing","County, NAICS 3-digit -- by ownership sector","All establishment sizes",12,0,0,0,0,0,0,0,"N",1.13,0,0,0,0,0,0,0,"N",0,0.0,0,0,0,0,0,0,0,0,0,0,0,0,0,0
"36093","5","333","75","0","2016","3","N","Schenectady County, New York","Private","NAICS 333 Machinery manufacturing","County, NAICS 3-digit -- by ownership sector","All establishment sizes",12,0,0,0,0,0,0,0,"N",1.13,0,0,0,0,0,0,0,"N",0,0.0,0,0,0,0,0,0,0,0,0,0,0,0,0,0
"36093","5","333","75","0","2016","4","N","Schenectady County, New York","Private","NAICS 333 Machinery manufacturing","County, NAICS 3-digit -- by ownership sector","All establishment sizes",12,0,0,0,0,0,0,0,"N",1.13,0,0,0,0,0,0,0,"N",0,0.0,0,0,0,0,0,0,0,0,0,0,0,0,0,0
"36093","5","3331","76","0","2016","1","N","Schenectady County, New York","Private","NAICS 3331 Ag., construction, and mining machinery mfg.","County, NAICS 4-digit -- by ownership sector","All establishment sizes",1,0,0,0,0,0,0,0,"N",0.68,0,0,0,0,0,0,0,"N",0,0.0,0,0,0,0,0,0,0,0,0,0,0,0,0,0
"36093","5","3331","76","0","2016","2","N","Schenectady County, New York","Private","NAICS 3331 Ag., construction, and mining machinery mfg.","County, NAICS 4-digit -- by ownership sector","All establishment sizes",1,0,0,0,0,0,0,0,"N",0.68,0,0,0,0,0,0,0,"N",0,0.0,0,0,0,0,0,0,0,0,0,0,0,0,0,0
"36093","5","3331","76","0","2016","3","N","Schenectady County, New York","Private","NAICS 3331 Ag., construction, and mining machinery mfg.","County, NAICS 4-digit -- by ownership sector","All establishment sizes",1,0,0,0,0,0,0,0,"N",0.68,0,0,0,0,0,0,0,"N",0,0.0,0,0,0,0,0,0,0,0,0,0,0,0,0,0
"36093","5","3331","76","0","2016","4","N","Schenectady County, New York","Private","NAICS 3331 Ag., construction, and mining machinery mfg.","County, NAICS 4-digit -- by ownership sector","All establishment sizes",1,0,0,0,0,0,0,0,"N",0.68,0,0,0,0,0,0,0,"N",0,0.0,0,0,0,0,0,0,0,0,0,0,0,0,0,0
"36093","5","33312","77","0","2016","1","N","Schenectady County, New York","Private","NAICS 33312 Construction machinery manufacturing","County, NAICS 5-digit -- by ownership sector","All establishment sizes",1,0,0,0,0,0,0,0,"N",3.24,0,0,0,0,0,0,0,"N",0,0.0,0,0,0,0,0,0,0,0,0,0,0,0,0,0
"36093","5","33312","77","0","2016","2","N","Schenectady County, New York","Private","NAICS 33312 Construction machinery manufacturing","County, NAICS 5-digit -- by ownership sector","All establishment sizes",1,0,0,0,0,0,0,0,"N",3.22,0,0,0,0,0,0,0,"N",0,0.0,0,0,0,0,0,0,0,0,0,0,0,0,0,0
"36093","5","33312","77","0","2016","3","N","Schenectady County, New York","Private","NAICS 33312 Construction machinery manufacturing","County, NAICS 5-digit -- by ownership sector","All establishment sizes",1,0,0,0,0,0,0,0,"N",3.18,0,0,0,0,0,0,0,"N",0,0.0,0,0,0,0,0,0,0,0,0,0,0,0,0,0
"36093","5","33312","77","0","2016","4","N","Schenectady County, New York","Private","NAICS 33312 Construction machinery manufacturing","County, NAICS 5-digit -- by ownership sector","All establishment sizes",1,0,0,0,0,0,0,0,"N",3.13,0,0,0,0,0,0,0,"N",0,0.0,0,0,0,0,0,0,0,0,0,0,0,0,0,0
"36093","5","333120","78","0","2016","1","N","Schenectady County, New York","Private","NAICS 333120 Construction machinery manufacturing","County, NAICS 6-digit -- by ownership sector","All establishment sizes",1,0,0,0,0,0,0,0,"N",3.24,0,0,0,0,0,0,0,"N",0,0.0,0,0,0,0,0,0,0,0,0,0,0,0,0,0
"36093","5","333120","78","0","2016","2","N","Schenectady County, New York","Private","NAICS 333120 Construction machinery manufacturing","County, NAICS 6-digit -- by ownership sector","All establishment sizes",1,0,0,0,0,0,0,0,"N",3.22,0,0,0,0,0,0,0,"N",0,0.0,0,0,0,0,0,0,0,0,0,0,0,0,0,0
"36093","5","333120","78","0","2016","3","N","Schenectady County, New York","Private","NAICS 333120 Construction machinery manufacturing","County, NAICS 6-digit -- by ownership sector","All establishment sizes",1,0,0,0,0,0,0,0,"N",3.18,0,0,0,0,0,0,0,"N",0,0.0,0,0,0,0,0,0,0,0,0,0,0,0,0,0
"36093","5","333120","78","0","2016","4","N","Schenectady County, New York","Private","NAICS 333120 Construction machinery manufacturing","County, NAICS 6-digit -- by ownership sector","All establishment sizes",1,0,0,0,0,0,0,0,"N",3.13,0,0,0,0,0,0,0,"N",0,0.0,0,0,0,0,0,0,0,0,0,0,0,0,0,0
"36093","5","3334","76","0","2016","1","N","Schenectady County, New York","Private","NAICS 3334 Hvac and commercial refrigeration equipment","County, NAICS 4-digit -- by ownership sector","All establishment sizes",1,0,0,0,0,0,0,0,"N",1.24,0,0,0,0,0,0,0,"N",0,0.0,0,0,0,0,0,0,0,0,0,0,0,0,0,0
"36093","5","3334","76","0","2016","2","N","Schenectady County, New York","Private","NAICS 3334 Hvac and commercial refrigeration equipment","County, NAICS 4-digit -- by ownership sector","All establishment sizes",1,0,0,0,0,0,0,0,"N",1.23,0,0,0,0,0,0,0,"N",0,0.0,0,0,0,0,0,0,0,0,0,0,0,0,0,0
"36093","5","3334","76","0","2016","3","N","Schenectady County, New York","Private","NAICS 3334 Hvac and commercial refrigeration equipment","County, NAICS 4-digit -- by ownership sector","All establishment sizes",1,0,0,0,0,0,0,0,"N",1.23,0,0,0,0,0,0,0,"N",0,0.0,0,0,0,0,0,0,0,0,0,0,0,0,0,0
"36093","5","3334","76","0","2016","4","N","Schenectady County, New York","Private","NAICS 3334 Hvac and commercial refrigeration equipment","County, NAICS 4-digit -- by ownership sector","All establishment sizes",1,0,0,0,0,0,0,0,"N",1.22,0,0,0,0,0,0,0,"N",0,0.0,0,0,0,0,0,0,0,0,0,0,0,0,0,0
"36093","5","33341","77","0","2016","1","N","Schenectady County, New York","Private","NAICS 33341 Hvac and commercial refrigeration equipment","County, NAICS 5-digit -- by ownership sector","All establishment sizes",1,0,0,0,0,0,0,0,"N",1.24,0,0,0,0,0,0,0,"N",0,0.0,0,0,0,0,0,0,0,0,0,0,0,0,0,0
"36093","5","33341","77","0","2016","2","N","Schenectady County, New York","Private","NAICS 33341 Hvac and commercial refrigeration equipment","County, NAICS 5-digit -- by ownership sector","All establishment sizes",1,0,0,0,0,0,0,0,"N",1.23,0,0,0,0,0,0,0,"N",0,0.0,0,0,0,0,0,0,0,0,0,0,0,0,0,0
"36093","5","33341","77","0","2016","3","N","Schenectady County, New York","Private","NAICS 33341 Hvac and commercial refrigeration equipment","County, NAICS 5-digit -- by ownership sector","All establishment sizes",1,0,0,0,0,0,0,0,"N",1.23,0,0,0,0,0,0,0,"N",0,0.0,0,0,0,0,0,0,0,0,0,0,0,0,0,0
"36093","5","33341","77","0","2016","4","N","Schenectady County, New York","Private","NAICS 33341 Hvac and commercial refrigeration equipment","County, NAICS 5-digit -- by ownership sector","All establishment sizes",1,0,0,0,0,0,0,0,"N",1.22,0,0,0,0,0,0,0,"N",0,0.0,0,0,0,0,0,0,0,0,0,0,0,0,0,0
"36093","5","333414","78","0","2016","1","N","Schenectady County, New York","Private","NAICS 333414 Heating equipment, except warm air furnaces","County, NAICS 6-digit -- by ownership sector","All establishment sizes",1,0,0,0,0,0,0,0,"N",6.22,0,0,0,0,0,0,0,"N",0,0.0,0,0,0,0,0,0,0,0,0,0,0,0,0,0
"36093","5","333414","78","0","2016","2","N","Schenectady County, New York","Private","NAICS 333414 Heating equipment, except warm air furnaces","County, NAICS 6-digit -- by ownership sector","All establishment sizes",1,0,0,0,0,0,0,0,"N",6.23,0,0,0,0,0,0,0,"N",0,0.0,0,0,0,0,0,0,0,0,0,0,0,0,0,0
"36093","5","333414","78","0","2016","3","N","Schenectady County, New York","Private","NAICS 333414 Heating equipment, except warm air furnaces","County, NAICS 6-digit -- by ownership sector","All establishment sizes",1,0,0,0,0,0,0,0,"N",6.33,0,0,0,0,0,0,0,"N",0,0.0,0,0,0,0,0,0,0,0,0,0,0,0,0,0
"36093","5","333414","78","0","2016","4","N","Schenectady County, New York","Private","NAICS 333414 Heating equipment, except warm air furnaces","County, NAICS 6-digit -- by ownership sector","All establishment sizes",1,0,0,0,0,0,0,0,"N",6.26,0,0,0,0,0,0,0,"N",0,0.0,0,0,0,0,0,0,0,0,0,0,0,0,0,0
"36093","5","3335","76","0","2016","1","N","Schenectady County, New York","Private","NAICS 3335 Metalworking machinery manufacturing","County, NAICS 4-digit -- by ownership sector","All establishment sizes",2,0,0,0,0,0,0,0,"N",0.67,0,0,0,0,0,0,0,"N",0,0.0,0,0,0,0,0,0,0,0,0,0,0,0,0,0
"36093","5","3335","76","0","2016","2","N","Schenectady County, New York","Private","NAICS 3335 Metalworking machinery manufacturing","County, NAICS 4-digit -- by ownership sector","All establishment sizes",2,0,0,0,0,0,0,0,"N",0.66,0,0,0,0,0,0,0,"N",0,0.0,0,0,0,0,0,0,0,0,0,0,0,0,0,0
"36093","5","3335","76","0","2016","3","N","Schenectady County, New York","Private","NAICS 3335 Metalworking machinery manufacturing","County, NAICS 4-digit -- by ownership sector","All establishment sizes",2,0,0,0,0,0,0,0,"N",0.66,0,0,0,0,0,0,0,"N",0,0.0,0,0,0,0,0,0,0,0,0,0,0,0,0,0
"36093","5","3335","76","0","2016","4","N","Schenectady County, New York","Private","NAICS 3335 Metalworking machinery manufacturing","County, NAICS 4-digit -- by ownership sector","All establishment sizes",2,0,0,0,0,0,0,0,"N",0.67,0,0,0,0,0,0,0,"N",0,0.0,0,0,0,0,0,0,0,0,0,0,0,0,0,0
"36093","5","33351","77","0","2016","1","N","Schenectady County, New York","Private","NAICS 33351 Metalworking machinery manufacturing","County, NAICS 5-digit -- by ownership sector","All establishment sizes",2,0,0,0,0,0,0,0,"N",0.67,0,0,0,0,0,0,0,"N",0,0.0,0,0,0,0,0,0,0,0,0,0,0,0,0,0
"36093","5","33351","77","0","2016","2","N","Schenectady County, New York","Private","NAICS 33351 Metalworking machinery manufacturing","County, NAICS 5-digit -- by ownership sector","All establishment sizes",2,0,0,0,0,0,0,0,"N",0.66,0,0,0,0,0,0,0,"N",0,0.0,0,0,0,0,0,0,0,0,0,0,0,0,0,0
"36093","5","33351","77","0","2016","3","N","Schenectady County, New York","Private","NAICS 33351 Metalworking machinery manufacturing","County, NAICS 5-digit -- by ownership sector","All establishment sizes",2,0,0,0,0,0,0,0,"N",0.66,0,0,0,0,0,0,0,"N",0,0.0,0,0,0,0,0,0,0,0,0,0,0,0,0,0
"36093","5","33351","77","0","2016","4","N","Schenectady County, New York","Private","NAICS 33351 Metalworking machinery manufacturing","County, NAICS 5-digit -- by ownership sector","All establishment sizes",2,0,0,0,0,0,0,0,"N",0.67,0,0,0,0,0,0,0,"N",0,0.0,0,0,0,0,0,0,0,0,0,0,0,0,0,0
"36093","5","333514","78","0","2016","1","N","Schenectady County, New York","Private","NAICS 333514 Special tool, die, jig, and fixture mfg.","County, NAICS 6-digit -- by ownership sector","All establishment sizes",1,0,0,0,0,0,0,0,"N",0.87,0,0,0,0,0,0,0,"N",0,0.0,0,0,0,0,0,0,0,0,0,0,0,0,0,0
"36093","5","333514","78","0","2016","2","N","Schenectady County, New York","Private","NAICS 333514 Special tool, die, jig, and fixture mfg.","County, NAICS 6-digit -- by ownership sector","All establishment sizes",1,0,0,0,0,0,0,0,"N",0.88,0,0,0,0,0,0,0,"N",0,0.0,0,0,0,0,0,0,0,0,0,0,0,0,0,0
"36093","5","333514","78","0","2016","3","N","Schenectady County, New York","Private","NAICS 333514 Special tool, die, jig, and fixture mfg.","County, NAICS 6-digit -- by ownership sector","All establishment sizes",1,0,0,0,0,0,0,0,"N",0.88,0,0,0,0,0,0,0,"N",0,0.0,0,0,0,0,0,0,0,0,0,0,0,0,0,0
"36093","5","333514","78","0","2016","4","N","Schenectady County, New York","Private","NAICS 333514 Special tool, die, jig, and fixture mfg.","County, NAICS 6-digit -- by ownership sector","All establishment sizes",1,0,0,0,0,0,0,0,"N",0.88,0,0,0,0,0,0,0,"N",0,0.0,0,0,0,0,0,0,0,0,0,0,0,0,0,0
"36093","5","333517","78","0","2016","1","N","Schenectady County, New York","Private","NAICS 333517 Machine tool manufacturing","County, NAICS 6-digit -- by ownership sector","All establishment sizes",1,0,0,0,0,0,0,0,"N",1.47,0,0,0,0,0,0,0,"N",0,0.0,0,0,0,0,0,0,0,0,0,0,0,0,0,0
"36093","5","333517","78","0","2016","2","N","Schenectady County, New York","Private","NAICS 333517 Machine tool manufacturing","County, NAICS 6-digit -- by ownership sector","All establishment sizes",1,0,0,0,0,0,0,0,"N",1.45,0,0,0,0,0,0,0,"N",0,0.0,0,0,0,0,0,0,0,0,0,0,0,0,0,0
"36093","5","333517","78","0","2016","3","N","Schenectady County, New York","Private","NAICS 333517 Machine tool manufacturing","County, NAICS 6-digit -- by ownership sector","All establishment sizes",1,0,0,0,0,0,0,0,"N",1.45,0,0,0,0,0,0,0,"N",0,0.0,0,0,0,0,0,0,0,0,0,0,0,0,0,0
"36093","5","333517","78","0","2016","4","N","Schenectady County, New York","Private","NAICS 333517 Machine tool manufacturing","County, NAICS 6-digit -- by ownership sector","All establishment sizes",1,0,0,0,0,0,0,0,"N",1.45,0,0,0,0,0,0,0,"N",0,0.0,0,0,0,0,0,0,0,0,0,0,0,0,0,0
"36093","5","3336","76","0","2016","1","N","Schenectady County, New York","Private","NAICS 3336 Turbine and power transmission equipment mfg.","County, NAICS 4-digit -- by ownership sector","All establishment sizes",3,0,0,0,0,0,0,0,"N",6.96,0,0,0,0,0,0,0,"N",0,0.0,0,0,0,0,0,0,0,0,0,0,0,0,0,0
"36093","5","3336","76","0","2016","2","N","Schenectady County, New York","Private","NAICS 3336 Turbine and power transmission equipment mfg.","County, NAICS 4-digit -- by ownership sector","All establishment sizes",3,0,0,0,0,0,0,0,"N",6.95,0,0,0,0,0,0,0,"N",0,0.0,0,0,0,0,0,0,0,0,0,0,0,0,0,0
"36093","5","3336","76","0","2016","3","N","Schenectady County, New York","Private","NAICS 3336 Turbine and power transmission equipment mfg.","County, NAICS 4-digit -- by ownership sector","All establishment sizes",3,0,0,0,0,0,0,0,"N",7.00,0,0,0,0,0,0,0,"N",0,0.0,0,0,0,0,0,0,0,0,0,0,0,0,0,0
"36093","5","3336","76","0","2016","4","N","Schenectady County, New York","Private","NAICS 3336 Turbine and power transmission equipment mfg.","County, NAICS 4-digit -- by ownership sector","All establishment sizes",3,0,0,0,0,0,0,0,"N",6.96,0,0,0,0,0,0,0,"N",0,0.0,0,0,0,0,0,0,0,0,0,0,0,0,0,0
"36093","5","33361","77","0","2016","1","N","Schenectady County, New York","Private","NAICS 33361 Turbine and power transmission equipment mfg.","County, NAICS 5-digit -- by ownership sector","All establishment sizes",3,0,0,0,0,0,0,0,"N",6.96,0,0,0,0,0,0,0,"N",0,0.0,0,0,0,0,0,0,0,0,0,0,0,0,0,0
"36093","5","33361","77","0","2016","2","N","Schenectady County, New York","Private","NAICS 33361 Turbine and power transmission equipment mfg.","County, NAICS 5-digit -- by ownership sector","All establishment sizes",3,0,0,0,0,0,0,0,"N",6.95,0,0,0,0,0,0,0,"N",0,0.0,0,0,0,0,0,0,0,0,0,0,0,0,0,0
"36093","5","33361","77","0","2016","3","N","Schenectady County, New York","Private","NAICS 33361 Turbine and power transmission equipment mfg.","County, NAICS 5-digit -- by ownership sector","All establishment sizes",3,0,0,0,0,0,0,0,"N",7.00,0,0,0,0,0,0,0,"N",0,0.0,0,0,0,0,0,0,0,0,0,0,0,0,0,0
"36093","5","33361","77","0","2016","4","N","Schenectady County, New York","Private","NAICS 33361 Turbine and power transmission equipment mfg.","County, NAICS 5-digit -- by ownership sector","All establishment sizes",3,0,0,0,0,0,0,0,"N",6.96,0,0,0,0,0,0,0,"N",0,0.0,0,0,0,0,0,0,0,0,0,0,0,0,0,0
"36093","5","333611","78","0","2016","1","N","Schenectady County, New York","Private","NAICS 333611 Turbine and turbine generator set units mfg.","County, NAICS 6-digit -- by ownership sector","All establishment sizes",3,0,0,0,0,0,0,0,"N",27.55,0,0,0,0,0,0,0,"N",0,0.0,0,0,0,0,0,0,0,0,0,0,0,0,0,0
"36093","5","333611","78","0","2016","2","N","Schenectady County, New York","Private","NAICS 333611 Turbine and turbine generator set units mfg.","County, NAICS 6-digit -- by ownership sector","All establishment sizes",3,0,0,0,0,0,0,0,"N",27.35,0,0,0,0,0,0,0,"N",0,0.0,0,0,0,0,0,0,0,0,0,0,0,0,0,0
"36093","5","333611","78","0","2016","3","N","Schenectady County, New York","Private","NAICS 333611 Turbine and turbine generator set units mfg.","County, NAICS 6-digit -- by ownership sector","All establishment sizes",3,0,0,0,0,0,0,0,"N",27.18,0,0,0,0,0,0,0,"N",0,0.0,0,0,0,0,0,0,0,0,0,0,0,0,0,0
"36093","5","333611","78","0","2016","4","N","Schenectady County, New York","Private","NAICS 333611 Turbine and turbine generator set units mfg.","County, NAICS 6-digit -- by ownership sector","All establishment sizes",3,0,0,0,0,0,0,0,"N",27.02,0,0,0,0,0,0,0,"N",0,0.0,0,0,0,0,0,0,0,0,0,0,0,0,0,0
"36093","5","3339","76","0","2016","1","","Schenectady County, New York","Private","NAICS 3339 Other general purpose machinery manufacturing","County, NAICS 4-digit -- by ownership sector","All establishment sizes",5,193,191,189,3940668,1921870,67095,1587,"",2.03,1.65,1.63,1.63,2.09,1.88,2.16,1.28,"",0,0.0,3,1.6,-1,-0.5,-3,-1.6,608305,18.3,-5165,-0.3,-19850,-22.8,247,18.4
"36093","5","3339","76","0","2016","2","","Schenectady County, New York","Private","NAICS 3339 Other general purpose machinery manufacturing","County, NAICS 4-digit -- by ownership sector","All establishment sizes",5,193,194,197,3681274,186741,6472,1455,"",2.02,1.67,1.68,1.68,1.81,0.97,1.19,1.08,"",0,0.0,2,1.0,2,1.0,2,1.0,64433,1.8,18024,10.7,-1193,-15.6,11,0.8
"36093","5","3339","76","0","2016","3","","Schenectady County, New York","Private","NAICS 3339 Other general purpose machinery manufacturing","County, NAICS 4-digit -- by ownership sector","All establishment sizes",5,197,194,195,3728043,112855,4074,1468,"",2.02,1.76,1.74,1.75,1.94,1.32,1.72,1.11,"",0,0.0,2,1.0,0,0.0,5,2.6,198678,5.6,49678,78.6,1143,39.0,61,4.3
"36093","5","3339","76","0","2016","4","","Schenectady County, New York","Private","NAICS 3339 Other general purpose machinery manufacturing","County, NAICS 4-digit -- by ownership sector","All establishment sizes",5,200,201,200,3485261,123878,4268,1338,"",2.01,1.76,1.77,1.78,1.82,2.51,2.72,1.03,"",0,0.0,10,5.3,9,4.7,9,4.7,-411693,-10.6,7668,6.6,-589,-12.1,-231,-14.7
"36093","5","33391","77","0","2016","1","N","Schenectady County, New York","Private","NAICS 33391 Pump and compressor manufacturing","County, NAICS 5-digit -- by ownership sector","All establishment sizes",2,0,0,0,0,0,0,0,"N",4.60,0,0,0,0,0,0,0,"N",0,0.0,0,0,0,0,0,0,0,0,0,0,0,0,0,0
"36093","5","33391","77","0","2016","2","N","Schenectady County, New York","Private","NAICS 33391 Pump and compressor manufacturing","County, NAICS 5-digit -- by ownership sector","All establishment sizes",2,0,0,0,0,0,0,0,"N",4.60,0,0,0,0,0,0,0,"N",0,0.0,0,0,0,0,0,0,0,0,0,0,0,0,0,0
"36093","5","33391","77","0","2016","3","N","Schenectady County, New York","Private","NAICS 33391 Pump and compressor manufacturing","County, NAICS 5-digit -- by ownership sector","All establishment sizes",2,0,0,0,0,0,0,0,"N",4.57,0,0,0,0,0,0,0,"N",0,0.0,0,0,0,0,0,0,0,0,0,0,0,0,0,0
"36093","5","33391","77","0","2016","4","N","Schenectady County, New York","Private","NAICS 33391 Pump and compressor manufacturing","County, NAICS 5-digit -- by ownership sector","All establishment sizes",2,0,0,0,0,0,0,0,"N",4.59,0,0,0,0,0,0,0,"N",0,0.0,0,0,0,0,0,0,0,0,0,0,0,0,0,0
"36093","5","333911","78","0","2016","1","N","Schenectady County, New York","Private","NAICS12 333911 Pump and pumping equipment manufacturing","County, NAICS 6-digit -- by ownership sector","All establishment sizes",1,0,0,0,0,0,0,0,"N",3.70,0,0,0,0,0,0,0,"N",0,0.0,0,0,0,0,0,0,0,0,0,0,0,0,0,0
"36093","5","333911","78","0","2016","2","N","Schenectady County, New York","Private","NAICS12 333911 Pump and pumping equipment manufacturing","County, NAICS 6-digit -- by ownership sector","All establishment sizes",1,0,0,0,0,0,0,0,"N",3.68,0,0,0,0,0,0,0,"N",0,0.0,0,0,0,0,0,0,0,0,0,0,0,0,0,0
"36093","5","333911","78","0","2016","3","N","Schenectady County, New York","Private","NAICS12 333911 Pump and pumping equipment manufacturing","County, NAICS 6-digit -- by ownership sector","All establishment sizes",1,0,0,0,0,0,0,0,"N",3.66,0,0,0,0,0,0,0,"N",0,0.0,0,0,0,0,0,0,0,0,0,0,0,0,0,0
"36093","5","333911","78","0","2016","4","N","Schenectady County, New York","Private","NAICS12 333911 Pump and pumping equipment manufacturing","County, NAICS 6-digit -- by ownership sector","All establishment sizes",1,0,0,0,0,0,0,0,"N",3.66,0,0,0,0,0,0,0,"N",0,0.0,0,0,0,0,0,0,0,0,0,0,0,0,0,0
"36093","5","333912","78","0","2016","1","N","Schenectady County, New York","Private","NAICS 333912 Air and gas compressor manufacturing","County, NAICS 6-digit -- by ownership sector","All establishment sizes",1,0,0,0,0,0,0,0,"N",6.81,0,0,0,0,0,0,0,"N",0,0.0,0,0,0,0,0,0,0,0,0,0,0,0,0,0
"36093","5","333912","78","0","2016","2","N","Schenectady County, New York","Private","NAICS 333912 Air and gas compressor manufacturing","County, NAICS 6-digit -- by ownership sector","All establishment sizes",1,0,0,0,0,0,0,0,"N",6.87,0,0,0,0,0,0,0,"N",0,0.0,0,0,0,0,0,0,0,0,0,0,0,0,0,0
"36093","5","333912","78","0","2016","3","N","Schenectady County, New York","Private","NAICS 333912 Air and gas compressor manufacturing","County, NAICS 6-digit -- by ownership sector","All establishment sizes",1,0,0,0,0,0,0,0,"N",6.84,0,0,0,0,0,0,0,"N",0,0.0,0,0,0,0,0,0,0,0,0,0,0,0,0,0
"36093","5","333912","78","0","2016","4","N","Schenectady County, New York","Private","NAICS 333912 Air and gas compressor manufacturing","County, NAICS 6-digit -- by ownership sector","All establishment sizes",1,0,0,0,0,0,0,0,"N",6.91,0,0,0,0,0,0,0,"N",0,0.0,0,0,0,0,0,0,0,0,0,0,0,0,0,0
"36093","5","33399","77","0","2016","1","N","Schenectady County, New York","Private","NAICS 33399 All other general purpose machinery mfg.","County, NAICS 5-digit -- by ownership sector","All establishment sizes",3,0,0,0,0,0,0,0,"N",2.12,0,0,0,0,0,0,0,"N",0,0.0,0,0,0,0,0,0,0,0,0,0,0,0,0,0
"36093","5","33399","77","0","2016","2","N","Schenectady County, New York","Private","NAICS 33399 All other general purpose machinery mfg.","County, NAICS 5-digit -- by ownership sector","All establishment sizes",3,0,0,0,0,0,0,0,"N",2.11,0,0,0,0,0,0,0,"N",0,0.0,0,0,0,0,0,0,0,0,0,0,0,0,0,0
"36093","5","33399","77","0","2016","3","N","Schenectady County, New York","Private","NAICS 33399 All other general purpose machinery mfg.","County, NAICS 5-digit -- by ownership sector","All establishment sizes",3,0,0,0,0,0,0,0,"N",2.10,0,0,0,0,0,0,0,"N",0,0.0,0,0,0,0,0,0,0,0,0,0,0,0,0,0
"36093","5","33399","77","0","2016","4","N","Schenectady County, New York","Private","NAICS 33399 All other general purpose machinery mfg.","County, NAICS 5-digit -- by ownership sector","All establishment sizes",3,0,0,0,0,0,0,0,"N",2.10,0,0,0,0,0,0,0,"N",0,0.0,0,0,0,0,0,0,0,0,0,0,0,0,0,0
"36093","5","333999","78","0","2016","1","N","Schenectady County, New York","Private","NAICS 333999 Miscellaneous general purpose machinery mfg.","County, NAICS 6-digit -- by ownership sector","All establishment sizes",3,0,0,0,0,0,0,0,"N",5.80,0,0,0,0,0,0,0,"N",0,0.0,0,0,0,0,0,0,0,0,0,0,0,0,0,0
"36093","5","333999","78","0","2016","2","N","Schenectady County, New York","Private","NAICS 333999 Miscellaneous general purpose machinery mfg.","County, NAICS 6-digit -- by ownership sector","All establishment sizes",3,0,0,0,0,0,0,0,"N",5.78,0,0,0,0,0,0,0,"N",0,0.0,0,0,0,0,0,0,0,0,0,0,0,0,0,0
"36093","5","333999","78","0","2016","3","N","Schenectady County, New York","Private","NAICS 333999 Miscellaneous general purpose machinery mfg.","County, NAICS 6-digit -- by ownership sector","All establishment sizes",3,0,0,0,0,0,0,0,"N",5.77,0,0,0,0,0,0,0,"N",0,0.0,0,0,0,0,0,0,0,0,0,0,0,0,0,0
"36093","5","333999","78","0","2016","4","N","Schenectady County, New York","Private","NAICS 333999 Miscellaneous general purpose machinery mfg.","County, NAICS 6-digit -- by ownership sector","All establishment sizes",3,0,0,0,0,0,0,0,"N",5.78,0,0,0,0,0,0,0,"N",0,0.0,0,0,0,0,0,0,0,0,0,0,0,0,0,0
"36093","5","334","75","0","2016","1","N","Schenectady County, New York","Private","NAICS 334 Computer and electronic product manufacturing","County, NAICS 3-digit -- by ownership sector","All establishment sizes",5,0,0,0,0,0,0,0,"N",0.73,0,0,0,0,0,0,0,"N",0,0.0,0,0,0,0,0,0,0,0,0,0,0,0,0,0
"36093","5","334","75","0","2016","2","N","Schenectady County, New York","Private","NAICS 334 Computer and electronic product manufacturing","County, NAICS 3-digit -- by ownership sector","All establishment sizes",5,0,0,0,0,0,0,0,"N",0.72,0,0,0,0,0,0,0,"N",0,0.0,0,0,0,0,0,0,0,0,0,0,0,0,0,0
"36093","5","334","75","0","2016","3","N","Schenectady County, New York","Private","NAICS 334 Computer and electronic product manufacturing","County, NAICS 3-digit -- by ownership sector","All establishment sizes",5,0,0,0,0,0,0,0,"N",0.72,0,0,0,0,0,0,0,"N",1,25.0,0,0,0,0,0,0,0,0,0,0,0,0,0,0
"36093","5","334","75","0","2016","4","N","Schenectady County, New York","Private","NAICS 334 Computer and electronic product manufacturing","County, NAICS 3-digit -- by ownership sector","All establishment sizes",5,0,0,0,0,0,0,0,"N",0.71,0,0,0,0,0,0,0,"N",1,25.0,0,0,0,0,0,0,0,0,0,0,0,0,0,0
"36093","5","3342","76","0","2016","1","N","Schenectady County, New York","Private","NAICS 3342 Communications equipment manufacturing","County, NAICS 4-digit -- by ownership sector","All establishment sizes",2,0,0,0,0,0,0,0,"N",2.41,0,0,0,0,0,0,0,"N",1,100.0,0,0,0,0,0,0,0,0,0,0,0,0,0,0
"36093","5","3342","76","0","2016","2","N","Schenectady County, New York","Private","NAICS 3342 Communications equipment manufacturing","County, NAICS 4-digit -- by ownership sector","All establishment sizes",2,0,0,0,0,0,0,0,"N",2.37,0,0,0,0,0,0,0,"N",1,100.0,0,0,0,0,0,0,0,0,0,0,0,0,0,0
"36093","5","3342","76","0","2016","3","N","Schenectady County, New York","Private","NAICS 3342 Communications equipment manufacturing","County, NAICS 4-digit -- by ownership sector","All establishment sizes",2,0,0,0,0,0,0,0,"N",2.37,0,0,0,0,0,0,0,"N",1,100.0,0,0,0,0,0,0,0,0,0,0,0,0,0,0
"36093","5","3342","76","0","2016","4","N","Schenectady County, New York","Private","NAICS 3342 Communications equipment manufacturing","County, NAICS 4-digit -- by ownership sector","All establishment sizes",2,0,0,0,0,0,0,0,"N",2.37,0,0,0,0,0,0,0,"N",1,100.0,0,0,0,0,0,0,0,0,0,0,0,0,0,0
"36093","5","33422","77","0","2016","1","N","Schenectady County, New York","Private","NAICS 33422 Broadcast and wireless communications equip.","County, NAICS 5-digit -- by ownership sector","All establishment sizes",2,0,0,0,0,0,0,0,"N",4.50,0,0,0,0,0,0,0,"N",1,100.0,0,0,0,0,0,0,0,0,0,0,0,0,0,0
"36093","5","33422","77","0","2016","2","N","Schenectady County, New York","Private","NAICS 33422 Broadcast and wireless communications equip.","County, NAICS 5-digit -- by ownership sector","All establishment sizes",2,0,0,0,0,0,0,0,"N",4.43,0,0,0,0,0,0,0,"N",1,100.0,0,0,0,0,0,0,0,0,0,0,0,0,0,0
"36093","5","33422","77","0","2016","3","N","Schenectady County, New York","Private","NAICS 33422 Broadcast and wireless communications equip.","County, NAICS 5-digit -- by ownership sector","All establishment sizes",2,0,0,0,0,0,0,0,"N",4.47,0,0,0,0,0,0,0,"N",1,100.0,0,0,0,0,0,0,0,0,0,0,0,0,0,0
"36093","5","33422","77","0","2016","4","N","Schenectady County, New York","Private","NAICS 33422 Broadcast and wireless communications equip.","County, NAICS 5-digit -- by ownership sector","All establishment sizes",2,0,0,0,0,0,0,0,"N",4.46,0,0,0,0,0,0,0,"N",1,100.0,0,0,0,0,0,0,0,0,0,0,0,0,0,0
"36093","5","334220","78","0","2016","1","N","Schenectady County, New York","Private","NAICS 334220 Broadcast and wireless communications equip.","County, NAICS 6-digit -- by ownership sector","All establishment sizes",2,0,0,0,0,0,0,0,"N",4.50,0,0,0,0,0,0,0,"N",1,100.0,0,0,0,0,0,0,0,0,0,0,0,0,0,0
"36093","5","334220","78","0","2016","2","N","Schenectady County, New York","Private","NAICS 334220 Broadcast and wireless communications equip.","County, NAICS 6-digit -- by ownership sector","All establishment sizes",2,0,0,0,0,0,0,0,"N",4.43,0,0,0,0,0,0,0,"N",1,100.0,0,0,0,0,0,0,0,0,0,0,0,0,0,0
"36093","5","334220","78","0","2016","3","N","Schenectady County, New York","Private","NAICS 334220 Broadcast and wireless communications equip.","County, NAICS 6-digit -- by ownership sector","All establishment sizes",2,0,0,0,0,0,0,0,"N",4.47,0,0,0,0,0,0,0,"N",1,100.0,0,0,0,0,0,0,0,0,0,0,0,0,0,0
"36093","5","334220","78","0","2016","4","N","Schenectady County, New York","Private","NAICS 334220 Broadcast and wireless communications equip.","County, NAICS 6-digit -- by ownership sector","All establishment sizes",2,0,0,0,0,0,0,0,"N",4.46,0,0,0,0,0,0,0,"N",1,100.0,0,0,0,0,0,0,0,0,0,0,0,0,0,0
"36093","5","3345","76","0","2016","1","N","Schenectady County, New York","Private","NAICS 3345 Electronic instrument manufacturing","County, NAICS 4-digit -- by ownership sector","All establishment sizes",3,0,0,0,0,0,0,0,"N",1.04,0,0,0,0,0,0,0,"N",-1,-25.0,0,0,0,0,0,0,0,0,0,0,0,0,0,0
"36093","5","3345","76","0","2016","2","","Schenectady County, New York","Private","NAICS 3345 Electronic instrument manufacturing","County, NAICS 4-digit -- by ownership sector","All establishment sizes",3,5,6,6,125134,6000,552,1699,"",1.03,0.03,0.03,0.03,0.03,0.02,0.07,0.86,"N",-1,-25.0,0,0,0,0,0,0,0,0,0,0,0,0,0,0
"36093","5","3345","76","0","2016","3","","Schenectady County, New York","Private","NAICS 3345 Electronic instrument manufacturing","County, NAICS 4-digit -- by ownership sector","All establishment sizes",3,5,5,6,127634,1353,124,1841,"",1.03,0.03,0.03,0.03,0.03,0.01,0.04,0.90,"N",0,0.0,0,0,0,0,0,0,0,0,0,0,0,0,0,0
"36093","5","3345","76","0","2016","4","N","Schenectady County, New York","Private","NAICS 3345 Electronic instrument manufacturing","County, NAICS 4-digit -- by ownership sector","All establishment sizes",3,0,0,0,0,0,0,0,"N",1.02,0,0,0,0,0,0,0,"N",0,0.0,0,0,0,0,0,0,0,0,0,0,0,0,0,0
"36093","5","33451","77","0","2016","1","N","Schenectady County, New York","Private","NAICS 33451 Electronic instrument manufacturing","County, NAICS 5-digit -- by ownership sector","All establishment sizes",3,0,0,0,0,0,0,0,"N",1.04,0,0,0,0,0,0,0,"N",-1,-25.0,0,0,0,0,0,0,0,0,0,0,0,0,0,0
"36093","5","33451","77","0","2016","2","","Schenectady County, New York","Private","NAICS 33451 Electronic instrument manufacturing","County, NAICS 5-digit -- by ownership sector","All establishment sizes",3,5,6,6,125134,6000,552,1699,"",1.03,0.03,0.03,0.03,0.03,0.02,0.07,0.86,"N",-1,-25.0,0,0,0,0,0,0,0,0,0,0,0,0,0,0
"36093","5","33451","77","0","2016","3","","Schenectady County, New York","Private","NAICS 33451 Electronic instrument manufacturing","County, NAICS 5-digit -- by ownership sector","All establishment sizes",3,5,5,6,127634,1353,124,1841,"",1.03,0.03,0.03,0.03,0.03,0.01,0.04,0.90,"N",0,0.0,0,0,0,0,0,0,0,0,0,0,0,0,0,0
"36093","5","33451","77","0","2016","4","N","Schenectady County, New York","Private","NAICS 33451 Electronic instrument manufacturing","County, NAICS 5-digit -- by ownership sector","All establishment sizes",3,0,0,0,0,0,0,0,"N",1.02,0,0,0,0,0,0,0,"N",0,0.0,0,0,0,0,0,0,0,0,0,0,0,0,0,0
"36093","5","334513","78","0","2016","1","N","Schenectady County, New York","Private","NAICS 334513 Industrial process variable instruments","County, NAICS 6-digit -- by ownership sector","All establishment sizes",1,0,0,0,0,0,0,0,"N",1.50,0,0,0,0,0,0,0,"N",-1,-50.0,0,0,0,0,0,0,0,0,0,0,0,0,0,0
"36093","5","334513","78","0","2016","2","N","Schenectady County, New York","Private","NAICS 334513 Industrial process variable instruments","County, NAICS 6-digit -- by ownership sector","All establishment sizes",1,0,0,0,0,0,0,0,"N",1.49,0,0,0,0,0,0,0,"N",-1,-50.0,0,0,0,0,0,0,0,0,0,0,0,0,0,0
"36093","5","334513","78","0","2016","3","N","Schenectady County, New York","Private","NAICS 334513 Industrial process variable instruments","County, NAICS 6-digit -- by ownership sector","All establishment sizes",1,0,0,0,0,0,0,0,"N",1.49,0,0,0,0,0,0,0,"N",0,0.0,0,0,0,0,0,0,0,0,0,0,0,0,0,0
"36093","5","334513","78","0","2016","4","N","Schenectady County, New York","Private","NAICS 334513 Industrial process variable instruments","County, NAICS 6-digit -- by ownership sector","All establishment sizes",1,0,0,0,0,0,0,0,"N",1.48,0,0,0,0,0,0,0,"N",0,0.0,0,0,0,0,0,0,0,0,0,0,0,0,0,0
"36093","5","334515","78","0","2016","1","N","Schenectady County, New York","Private","NAICS 334515 Electricity and signal testing instruments","County, NAICS 6-digit -- by ownership sector","All establishment sizes",1,0,0,0,0,0,0,0,"N",2.62,0,0,0,0,0,0,0,"N",0,0.0,0,0,0,0,0,0,0,0,0,0,0,0,0,0
"36093","5","334515","78","0","2016","2","N","Schenectady County, New York","Private","NAICS 334515 Electricity and signal testing instruments","County, NAICS 6-digit -- by ownership sector","All establishment sizes",1,0,0,0,0,0,0,0,"N",2.59,0,0,0,0,0,0,0,"N",0,0.0,0,0,0,0,0,0,0,0,0,0,0,0,0,0
"36093","5","334515","78","0","2016","3","N","Schenectady County, New York","Private","NAICS 334515 Electricity and signal testing instruments","County, NAICS 6-digit -- by ownership sector","All establishment sizes",1,0,0,0,0,0,0,0,"N",2.61,0,0,0,0,0,0,0,"N",0,0.0,0,0,0,0,0,0,0,0,0,0,0,0,0,0
"36093","5","334515","78","0","2016","4","N","Schenectady County, New York","Private","NAICS 334515 Electricity and signal testing instruments","County, NAICS 6-digit -- by ownership sector","All establishment sizes",1,0,0,0,0,0,0,0,"N",2.60,0,0,0,0,0,0,0,"N",0,0.0,0,0,0,0,0,0,0,0,0,0,0,0,0,0
"36093","5","334517","78","0","2016","1","N","Schenectady County, New York","Private","NAICS 334517 Irradiation apparatus manufacturing","County, NAICS 6-digit -- by ownership sector","All establishment sizes",1,0,0,0,0,0,0,0,"N",10.67,0,0,0,0,0,0,0,"N",0,0.0,0,0,0,0,0,0,0,0,0,0,0,0,0,0
"36093","5","334517","78","0","2016","2","N","Schenectady County, New York","Private","NAICS 334517 Irradiation apparatus manufacturing","County, NAICS 6-digit -- by ownership sector","All establishment sizes",1,0,0,0,0,0,0,0,"N",10.67,0,0,0,0,0,0,0,"N",0,0.0,0,0,0,0,0,0,0,0,0,0,0,0,0,0
"36093","5","334517","78","0","2016","3","N","Schenectady County, New York","Private","NAICS 334517 Irradiation apparatus manufacturing","County, NAICS 6-digit -- by ownership sector","All establishment sizes",1,0,0,0,0,0,0,0,"N",10.59,0,0,0,0,0,0,0,"N",0,0.0,0,0,0,0,0,0,0,0,0,0,0,0,0,0
"36093","5","334517","78","0","2016","4","N","Schenectady County, New York","Private","NAICS 334517 Irradiation apparatus manufacturing","County, NAICS 6-digit -- by ownership sector","All establishment sizes",1,0,0,0,0,0,0,0,"N",10.64,0,0,0,0,0,0,0,"N",0,0.0,0,0,0,0,0,0,0,0,0,0,0,0,0,0
"36093","5","335","75","0","2016","1","","Schenectady County, New York","Private","NAICS 335 Electrical equipment and appliance mfg.","County, NAICS 3-digit -- by ownership sector","All establishment sizes",4,146,143,139,4656958,1584852,45221,2511,"",1.43,0.86,0.84,0.82,1.77,1.13,0.96,2.11,"",0,0.0,-143,-49.5,-209,-59.4,-128,-47.9,-4561139,-49.5,-2258104,-58.8,-50089,-52.6,168,7.2
"36093","5","335","75","0","2016","2","","Schenectady County, New York","Private","NAICS 335 Electrical equipment and appliance mfg.","County, NAICS 3-digit -- by ownership sector","All establishment sizes",4,128,122,127,3219878,93602,2218,1971,"",1.42,0.75,0.72,0.74,1.07,0.33,0.22,1.45,"",0,0.0,-111,-46.4,-80,-39.6,-71,-35.9,-1556710,-32.6,-171375,-64.7,-4157,-65.2,246,14.3
"36093","5","335","75","0","2016","3","","Schenectady County, New York","Private","NAICS 335 Electrical equipment and appliance mfg.","County, NAICS 3-digit -- by ownership sector","All establishment sizes",4,124,120,117,3395715,62768,1205,2171,"",1.41,0.75,0.73,0.71,1.22,0.49,0.26,1.67,"",0,0.0,-65,-34.4,-70,-36.8,-72,-38.1,-1864405,-35.4,-81609,-56.5,-2225,-64.9,34,1.6
"36093","5","335","75","0","2016","4","","Schenectady County, New York","Private","NAICS 335 Electrical equipment and appliance mfg.","County, NAICS 3-digit -- by ownership sector","All establishment sizes",3,43,44,43,892281,4618,97,1584,"",1.05,0.26,0.26,0.26,0.31,0.06,0.04,1.23,"",-1,-25.0,-149,-77.6,-145,-76.7,-112,-72.3,-3858398,-81.2,-101160,-95.6,-2363,-96.1,-461,-22.5
"36093","5","3359","76","0","2016","1","","Schenectady County, New York","Private","NAICS 3359 Other electrical equipment and component mfg.","County, NAICS 4-digit -- by ownership sector","All establishment sizes",4,146,143,139,4656958,1584852,45221,2511,"",3.80,2.50,2.44,2.37,5.27,3.28,2.40,2.16,"",0,0.0,-143,-49.5,-209,-59.4,-128,-47.9,-4561139,-49.5,-2258104,-58.8,-50089,-52.6,168,7.2
"36093","5","3359","76","0","2016","2","","Schenectady County, New York","Private","NAICS 3359 Other electrical equipment and component mfg.","County, NAICS 4-digit -- by ownership sector","All establishment sizes",4,128,122,127,3219878,93602,2218,1971,"",3.73,2.18,2.09,2.14,3.17,0.97,0.58,1.48,"",0,0.0,-111,-46.4,-80,-39.6,-71,-35.9,-1556710,-32.6,-171375,-64.7,-4157,-65.2,246,14.3
"36093","5","3359","76","0","2016","3","","Schenectady County, New York","Private","NAICS 3359 Other electrical equipment and component mfg.","County, NAICS 4-digit -- by ownership sector","All establishment sizes",4,124,120,117,3395715,62768,1205,2171,"",3.70,2.19,2.12,2.06,3.53,1.59,0.81,1.66,"",0,0.0,-65,-34.4,-70,-36.8,-72,-38.1,-1864405,-35.4,-81609,-56.5,-2225,-64.9,34,1.6
"36093","5","3359","76","0","2016","4","","Schenectady County, New York","Private","NAICS 3359 Other electrical equipment and component mfg.","County, NAICS 4-digit -- by ownership sector","All establishment sizes",3,43,44,43,892281,4618,97,1584,"",2.77,0.74,0.76,0.74,0.92,0.17,0.09,1.24,"",-1,-25.0,-149,-77.6,-145,-76.7,-112,-72.3,-3858398,-81.2,-101160,-95.6,-2363,-96.1,-461,-22.5
"36093","5","33591","77","0","2016","1","N","Schenectady County, New York","Private","NAICS 33591 Battery manufacturing","County, NAICS 5-digit -- by ownership sector","All establishment sizes",1,0,0,0,0,0,0,0,"N",9.85,0,0,0,0,0,0,0,"N",0,0.0,0,0,0,0,0,0,0,0,0,0,0,0,0,0
"36093","5","33591","77","0","2016","2","N","Schenectady County, New York","Private","NAICS 33591 Battery manufacturing","County, NAICS 5-digit -- by ownership sector","All establishment sizes",1,0,0,0,0,0,0,0,"N",9.78,0,0,0,0,0,0,0,"N",0,0.0,0,0,0,0,0,0,0,0,0,0,0,0,0,0
"36093","5","33591","77","0","2016","3","N","Schenectady County, New York","Private","NAICS 33591 Battery manufacturing","County, NAICS 5-digit -- by ownership sector","All establishment sizes",1,0,0,0,0,0,0,0,"N",9.65,0,0,0,0,0,0,0,"N",0,0.0,0,0,0,0,0,0,0,0,0,0,0,0,0,0
"36093","5","33591","77","0","2016","4","-","Schenectady County, New York","Private","NAICS 33591 Battery manufacturing","County, NAICS 5-digit -- by ownership sector","All establishment sizes",0,0,0,0,0,0,0,0,"N",0.00,0,0,0,0,0,0,0,"N",-1,-100.0,0,0,0,0,0,0,0,0,0,0,0,0,0,0
"36093","5","335911","78","0","2016","1","N","Schenectady County, New York","Private","NAICS 335911 Storage battery manufacturing","County, NAICS 6-digit -- by ownership sector","All establishment sizes",1,0,0,0,0,0,0,0,"N",13.86,0,0,0,0,0,0,0,"N",0,0.0,0,0,0,0,0,0,0,0,0,0,0,0,0,0
"36093","5","335911","78","0","2016","2","N","Schenectady County, New York","Private","NAICS 335911 Storage battery manufacturing","County, NAICS 6-digit -- by ownership sector","All establishment sizes",1,0,0,0,0,0,0,0,"N",13.74,0,0,0,0,0,0,0,"N",0,0.0,0,0,0,0,0,0,0,0,0,0,0,0,0,0
"36093","5","335911","78","0","2016","3","N","Schenectady County, New York","Private","NAICS 335911 Storage battery manufacturing","County, NAICS 6-digit -- by ownership sector","All establishment sizes",1,0,0,0,0,0,0,0,"N",13.36,0,0,0,0,0,0,0,"N",0,0.0,0,0,0,0,0,0,0,0,0,0,0,0,0,0
"36093","5","335911","78","0","2016","4","-","Schenectady County, New York","Private","NAICS 335911 Storage battery manufacturing","County, NAICS 6-digit -- by ownership sector","All establishment sizes",0,0,0,0,0,0,0,0,"N",0.00,0,0,0,0,0,0,0,"N",-1,-100.0,0,0,0,0,0,0,0,0,0,0,0,0,0,0
"36093","5","33593","77","0","2016","1","N","Schenectady County, New York","Private","NAICS 33593 Wiring device manufacturing","County, NAICS 5-digit -- by ownership sector","All establishment sizes",1,0,0,0,0,0,0,0,"N",3.79,0,0,0,0,0,0,0,"N",0,0.0,0,0,0,0,0,0,0,0,0,0,0,0,0,0
"36093","5","33593","77","0","2016","2","N","Schenectady County, New York","Private","NAICS 33593 Wiring device manufacturing","County, NAICS 5-digit -- by ownership sector","All establishment sizes",1,0,0,0,0,0,0,0,"N",3.74,0,0,0,0,0,0,0,"N",0,0.0,0,0,0,0,0,0,0,0,0,0,0,0,0,0
"36093","5","33593","77","0","2016","3","N","Schenectady County, New York","Private","NAICS 33593 Wiring device manufacturing","County, NAICS 5-digit -- by ownership sector","All establishment sizes",1,0,0,0,0,0,0,0,"N",3.74,0,0,0,0,0,0,0,"N",0,0.0,0,0,0,0,0,0,0,0,0,0,0,0,0,0
"36093","5","33593","77","0","2016","4","N","Schenectady County, New York","Private","NAICS 33593 Wiring device manufacturing","County, NAICS 5-digit -- by ownership sector","All establishment sizes",1,0,0,0,0,0,0,0,"N",3.75,0,0,0,0,0,0,0,"N",0,0.0,0,0,0,0,0,0,0,0,0,0,0,0,0,0
"36093","5","335931","78","0","2016","1","N","Schenectady County, New York","Private","NAICS 335931 Current-carrying wiring device manufacturing","County, NAICS 6-digit -- by ownership sector","All establishment sizes",1,0,0,0,0,0,0,0,"N",5.07,0,0,0,0,0,0,0,"N",0,0.0,0,0,0,0,0,0,0,0,0,0,0,0,0,0
"36093","5","335931","78","0","2016","2","N","Schenectady County, New York","Private","NAICS 335931 Current-carrying wiring device manufacturing","County, NAICS 6-digit -- by ownership sector","All establishment sizes",1,0,0,0,0,0,0,0,"N",4.99,0,0,0,0,0,0,0,"N",0,0.0,0,0,0,0,0,0,0,0,0,0,0,0,0,0
"36093","5","335931","78","0","2016","3","N","Schenectady County, New York","Private","NAICS 335931 Current-carrying wiring device manufacturing","County, NAICS 6-digit -- by ownership sector","All establishment sizes",1,0,0,0,0,0,0,0,"N",4.98,0,0,0,0,0,0,0,"N",0,0.0,0,0,0,0,0,0,0,0,0,0,0,0,0,0
"36093","5","335931","78","0","2016","4","N","Schenectady County, New York","Private","NAICS 335931 Current-carrying wiring device manufacturing","County, NAICS 6-digit -- by ownership sector","All establishment sizes",1,0,0,0,0,0,0,0,"N",5.02,0,0,0,0,0,0,0,"N",0,0.0,0,0,0,0,0,0,0,0,0,0,0,0,0,0
"36093","5","33599","77","0","2016","1","N","Schenectady County, New York","Private","NAICS 33599 Other electrical equipment and component mfg.","County, NAICS 5-digit -- by ownership sector","All establishment sizes",2,0,0,0,0,0,0,0,"N",3.75,0,0,0,0,0,0,0,"N",0,0.0,0,0,0,0,0,0,0,0,0,0,0,0,0,0
"36093","5","33599","77","0","2016","2","N","Schenectady County, New York","Private","NAICS 33599 Other electrical equipment and component mfg.","County, NAICS 5-digit -- by ownership sector","All establishment sizes",2,0,0,0,0,0,0,0,"N",3.64,0,0,0,0,0,0,0,"N",0,0.0,0,0,0,0,0,0,0,0,0,0,0,0,0,0
"36093","5","33599","77","0","2016","3","N","Schenectady County, New York","Private","NAICS 33599 Other electrical equipment and component mfg.","County, NAICS 5-digit -- by ownership sector","All establishment sizes",2,0,0,0,0,0,0,0,"N",3.58,0,0,0,0,0,0,0,"N",0,0.0,0,0,0,0,0,0,0,0,0,0,0,0,0,0
"36093","5","33599","77","0","2016","4","N","Schenectady County, New York","Private","NAICS 33599 Other electrical equipment and component mfg.","County, NAICS 5-digit -- by ownership sector","All establishment sizes",2,0,0,0,0,0,0,0,"N",3.56,0,0,0,0,0,0,0,"N",0,0.0,0,0,0,0,0,0,0,0,0,0,0,0,0,0
"36093","5","335991","78","0","2016","1","N","Schenectady County, New York","Private","NAICS 335991 Carbon and graphite product manufacturing","County, NAICS 6-digit -- by ownership sector","All establishment sizes",1,0,0,0,0,0,0,0,"N",17.90,0,0,0,0,0,0,0,"N",0,0.0,0,0,0,0,0,0,0,0,0,0,0,0,0,0
"36093","5","335991","78","0","2016","2","N","Schenectady County, New York","Private","NAICS 335991 Carbon and graphite product manufacturing","County, NAICS 6-digit -- by ownership sector","All establishment sizes",1,0,0,0,0,0,0,0,"N",16.57,0,0,0,0,0,0,0,"N",0,0.0,0,0,0,0,0,0,0,0,0,0,0,0,0,0
"36093","5","335991","78","0","2016","3","N","Schenectady County, New York","Private","NAICS 335991 Carbon and graphite product manufacturing","County, NAICS 6-digit -- by ownership sector","All establishment sizes",1,0,0,0,0,0,0,0,"N",16.48,0,0,0,0,0,0,0,"N",0,0.0,0,0,0,0,0,0,0,0,0,0,0,0,0,0
"36093","5","335991","78","0","2016","4","N","Schenectady County, New York","Private","NAICS 335991 Carbon and graphite product manufacturing","County, NAICS 6-digit -- by ownership sector","All establishment sizes",1,0,0,0,0,0,0,0,"N",16.29,0,0,0,0,0,0,0,"N",0,0.0,0,0,0,0,0,0,0,0,0,0,0,0,0,0
"36093","5","335999","78","0","2016","1","N","Schenectady County, New York","Private","NAICS 335999 Miscellaneous electrical equipment mfg.","County, NAICS 6-digit -- by ownership sector","All establishment sizes",1,0,0,0,0,0,0,0,"N",2.09,0,0,0,0,0,0,0,"N",0,0.0,0,0,0,0,0,0,0,0,0,0,0,0,0,0
"36093","5","335999","78","0","2016","2","N","Schenectady County, New York","Private","NAICS 335999 Miscellaneous electrical equipment mfg.","County, NAICS 6-digit -- by ownership sector","All establishment sizes",1,0,0,0,0,0,0,0,"N",2.04,0,0,0,0,0,0,0,"N",0,0.0,0,0,0,0,0,0,0,0,0,0,0,0,0,0
"36093","5","335999","78","0","2016","3","N","Schenectady County, New York","Private","NAICS 335999 Miscellaneous electrical equipment mfg.","County, NAICS 6-digit -- by ownership sector","All establishment sizes",1,0,0,0,0,0,0,0,"N",2.01,0,0,0,0,0,0,0,"N",0,0.0,0,0,0,0,0,0,0,0,0,0,0,0,0,0
"36093","5","335999","78","0","2016","4","N","Schenectady County, New York","Private","NAICS 335999 Miscellaneous electrical equipment mfg.","County, NAICS 6-digit -- by ownership sector","All establishment sizes",1,0,0,0,0,0,0,0,"N",2.00,0,0,0,0,0,0,0,"N",0,0.0,0,0,0,0,0,0,0,0,0,0,0,0,0,0
"36093","5","336","75","0","2016","1","N","Schenectady County, New York","Private","NAICS 336 Transportation equipment manufacturing","County, NAICS 3-digit -- by ownership sector","All establishment sizes",3,0,0,0,0,0,0,0,"N",0.58,0,0,0,0,0,0,0,"N",0,0.0,0,0,0,0,0,0,0,0,0,0,0,0,0,0
"36093","5","336","75","0","2016","2","N","Schenectady County, New York","Private","NAICS 336 Transportation equipment manufacturing","County, NAICS 3-digit -- by ownership sector","All establishment sizes",3,0,0,0,0,0,0,0,"N",0.57,0,0,0,0,0,0,0,"N",0,0.0,0,0,0,0,0,0,0,0,0,0,0,0,0,0
"36093","5","336","75","0","2016","3","N","Schenectady County, New York","Private","NAICS 336 Transportation equipment manufacturing","County, NAICS 3-digit -- by ownership sector","All establishment sizes",3,0,0,0,0,0,0,0,"N",0.57,0,0,0,0,0,0,0,"N",0,0.0,0,0,0,0,0,0,0,0,0,0,0,0,0,0
"36093","5","336","75","0","2016","4","N","Schenectady County, New York","Private","NAICS 336 Transportation equipment manufacturing","County, NAICS 3-digit -- by ownership sector","All establishment sizes",3,0,0,0,0,0,0,0,"N",0.57,0,0,0,0,0,0,0,"N",0,0.0,0,0,0,0,0,0,0,0,0,0,0,0,0,0
"36093","5","3363","76","0","2016","1","N","Schenectady County, New York","Private","NAICS 3363 Motor vehicle parts manufacturing","County, NAICS 4-digit -- by ownership sector","All establishment sizes",2,0,0,0,0,0,0,0,"N",1.00,0,0,0,0,0,0,0,"N",0,0.0,0,0,0,0,0,0,0,0,0,0,0,0,0,0
"36093","5","3363","76","0","2016","2","N","Schenectady County, New York","Private","NAICS 3363 Motor vehicle parts manufacturing","County, NAICS 4-digit -- by ownership sector","All establishment sizes",2,0,0,0,0,0,0,0,"N",1.00,0,0,0,0,0,0,0,"N",0,0.0,0,0,0,0,0,0,0,0,0,0,0,0,0,0
"36093","5","3363","76","0","2016","3","N","Schenectady County, New York","Private","NAICS 3363 Motor vehicle parts manufacturing","County, NAICS 4-digit -- by ownership sector","All establishment sizes",2,0,0,0,0,0,0,0,"N",1.00,0,0,0,0,0,0,0,"N",0,0.0,0,0,0,0,0,0,0,0,0,0,0,0,0,0
"36093","5","3363","76","0","2016","4","N","Schenectady County, New York","Private","NAICS 3363 Motor vehicle parts manufacturing","County, NAICS 4-digit -- by ownership sector","All establishment sizes",2,0,0,0,0,0,0,0,"N",1.00,0,0,0,0,0,0,0,"N",0,0.0,0,0,0,0,0,0,0,0,0,0,0,0,0,0
"36093","5","33632","77","0","2016","1","N","Schenectady County, New York","Private","NAICS 33632 Motor vehicle electric equipment mfg.","County, NAICS 5-digit -- by ownership sector","All establishment sizes",2,0,0,0,0,0,0,0,"N",7.26,0,0,0,0,0,0,0,"N",0,0.0,0,0,0,0,0,0,0,0,0,0,0,0,0,0
"36093","5","33632","77","0","2016","2","N","Schenectady County, New York","Private","NAICS 33632 Motor vehicle electric equipment mfg.","County, NAICS 5-digit -- by ownership sector","All establishment sizes",2,0,0,0,0,0,0,0,"N",7.30,0,0,0,0,0,0,0,"N",0,0.0,0,0,0,0,0,0,0,0,0,0,0,0,0,0
"36093","5","33632","77","0","2016","3","N","Schenectady County, New York","Private","NAICS 33632 Motor vehicle electric equipment mfg.","County, NAICS 5-digit -- by ownership sector","All establishment sizes",2,0,0,0,0,0,0,0,"N",7.31,0,0,0,0,0,0,0,"N",0,0.0,0,0,0,0,0,0,0,0,0,0,0,0,0,0
"36093","5","33632","77","0","2016","4","N","Schenectady County, New York","Private","NAICS 33632 Motor vehicle electric equipment mfg.","County, NAICS 5-digit -- by ownership sector","All establishment sizes",2,0,0,0,0,0,0,0,"N",7.33,0,0,0,0,0,0,0,"N",0,0.0,0,0,0,0,0,0,0,0,0,0,0,0,0,0
"36093","5","336320","78","0","2016","1","N","Schenectady County, New York","Private","NAICS 336320 Motor vehicle electric equipment mfg.","County, NAICS 6-digit -- by ownership sector","All establishment sizes",2,0,0,0,0,0,0,0,"N",7.26,0,0,0,0,0,0,0,"N",0,0.0,0,0,0,0,0,0,0,0,0,0,0,0,0,0
"36093","5","336320","78","0","2016","2","N","Schenectady County, New York","Private","NAICS 336320 Motor vehicle electric equipment mfg.","County, NAICS 6-digit -- by ownership sector","All establishment sizes",2,0,0,0,0,0,0,0,"N",7.30,0,0,0,0,0,0,0,"N",0,0.0,0,0,0,0,0,0,0,0,0,0,0,0,0,0
"36093","5","336320","78","0","2016","3","N","Schenectady County, New York","Private","NAICS 336320 Motor vehicle electric equipment mfg.","County, NAICS 6-digit -- by ownership sector","All establishment sizes",2,0,0,0,0,0,0,0,"N",7.31,0,0,0,0,0,0,0,"N",0,0.0,0,0,0,0,0,0,0,0,0,0,0,0,0,0
"36093","5","336320","78","0","2016","4","N","Schenectady County, New York","Private","NAICS 336320 Motor vehicle electric equipment mfg.","County, NAICS 6-digit -- by ownership sector","All establishment sizes",2,0,0,0,0,0,0,0,"N",7.33,0,0,0,0,0,0,0,"N",0,0.0,0,0,0,0,0,0,0,0,0,0,0,0,0,0
"36093","5","3369","76","0","2016","1","N","Schenectady County, New York","Private","NAICS 3369 Other transportation equipment manufacturing","County, NAICS 4-digit -- by ownership sector","All establishment sizes",1,0,0,0,0,0,0,0,"N",2.69,0,0,0,0,0,0,0,"N",0,0.0,0,0,0,0,0,0,0,0,0,0,0,0,0,0
"36093","5","3369","76","0","2016","2","N","Schenectady County, New York","Private","NAICS 3369 Other transportation equipment manufacturing","County, NAICS 4-digit -- by ownership sector","All establishment sizes",1,0,0,0,0,0,0,0,"N",2.70,0,0,0,0,0,0,0,"N",0,0.0,0,0,0,0,0,0,0,0,0,0,0,0,0,0
"36093","5","3369","76","0","2016","3","N","Schenectady County, New York","Private","NAICS 3369 Other transportation equipment manufacturing","County, NAICS 4-digit -- by ownership sector","All establishment sizes",1,0,0,0,0,0,0,0,"N",2.69,0,0,0,0,0,0,0,"N",0,0.0,0,0,0,0,0,0,0,0,0,0,0,0,0,0
"36093","5","3369","76","0","2016","4","N","Schenectady County, New York","Private","NAICS 3369 Other transportation equipment manufacturing","County, NAICS 4-digit -- by ownership sector","All establishment sizes",1,0,0,0,0,0,0,0,"N",2.66,0,0,0,0,0,0,0,"N",0,0.0,0,0,0,0,0,0,0,0,0,0,0,0,0,0
"36093","5","33699","77","0","2016","1","N","Schenectady County, New York","Private","NAICS 33699 Other transportation equipment manufacturing","County, NAICS 5-digit -- by ownership sector","All establishment sizes",1,0,0,0,0,0,0,0,"N",2.69,0,0,0,0,0,0,0,"N",0,0.0,0,0,0,0,0,0,0,0,0,0,0,0,0,0
"36093","5","33699","77","0","2016","2","N","Schenectady County, New York","Private","NAICS 33699 Other transportation equipment manufacturing","County, NAICS 5-digit -- by ownership sector","All establishment sizes",1,0,0,0,0,0,0,0,"N",2.70,0,0,0,0,0,0,0,"N",0,0.0,0,0,0,0,0,0,0,0,0,0,0,0,0,0
"36093","5","33699","77","0","2016","3","N","Schenectady County, New York","Private","NAICS 33699 Other transportation equipment manufacturing","County, NAICS 5-digit -- by ownership sector","All establishment sizes",1,0,0,0,0,0,0,0,"N",2.69,0,0,0,0,0,0,0,"N",0,0.0,0,0,0,0,0,0,0,0,0,0,0,0,0,0
"36093","5","33699","77","0","2016","4","N","Schenectady County, New York","Private","NAICS 33699 Other transportation equipment manufacturing","County, NAICS 5-digit -- by ownership sector","All establishment sizes",1,0,0,0,0,0,0,0,"N",2.66,0,0,0,0,0,0,0,"N",0,0.0,0,0,0,0,0,0,0,0,0,0,0,0,0,0
"36093","5","336999","78","0","2016","1","N","Schenectady County, New York","Private","NAICS 336999 All other transportation equipment mfg.","County, NAICS 6-digit -- by ownership sector","All establishment sizes",1,0,0,0,0,0,0,0,"N",5.66,0,0,0,0,0,0,0,"N",0,0.0,0,0,0,0,0,0,0,0,0,0,0,0,0,0
"36093","5","336999","78","0","2016","2","N","Schenectady County, New York","Private","NAICS 336999 All other transportation equipment mfg.","County, NAICS 6-digit -- by ownership sector","All establishment sizes",1,0,0,0,0,0,0,0,"N",5.80,0,0,0,0,0,0,0,"N",0,0.0,0,0,0,0,0,0,0,0,0,0,0,0,0,0
"36093","5","336999","78","0","2016","3","N","Schenectady County, New York","Private","NAICS 336999 All other transportation equipment mfg.","County, NAICS 6-digit -- by ownership sector","All establishment sizes",1,0,0,0,0,0,0,0,"N",5.74,0,0,0,0,0,0,0,"N",0,0.0,0,0,0,0,0,0,0,0,0,0,0,0,0,0
"36093","5","336999","78","0","2016","4","N","Schenectady County, New York","Private","NAICS 336999 All other transportation equipment mfg.","County, NAICS 6-digit -- by ownership sector","All establishment sizes",1,0,0,0,0,0,0,0,"N",5.65,0,0,0,0,0,0,0,"N",0,0.0,0,0,0,0,0,0,0,0,0,0,0,0,0,0
"36093","5","337","75","0","2016","1","","Schenectady County, New York","Private","NAICS 337 Furniture and related product manufacturing","County, NAICS 3-digit -- by ownership sector","All establishment sizes",3,74,75,69,727145,609687,32729,770,"",0.48,0.43,0.43,0.40,0.41,0.51,0.79,0.97,"",0,0.0,-2,-2.6,3,4.2,-6,-8.0,-30197,-4.0,-15252,-2.4,-3354,-9.3,-14,-1.8
"36093","5","337","75","0","2016","2","","Schenectady County, New York","Private","NAICS 337 Furniture and related product manufacturing","County, NAICS 3-digit -- by ownership sector","All establishment sizes",3,71,74,72,799018,169395,9215,850,"",0.48,0.41,0.43,0.41,0.39,0.45,0.67,0.94,"",0,0.0,-4,-5.3,-4,-5.1,-3,-4.0,21514,2.8,-4734,-2.7,-1209,-11.6,63,8.0
"36093","5","337","75","0","2016","3","","Schenectady County, New York","Private","NAICS 337 Furniture and related product manufacturing","County, NAICS 3-digit -- by ownership sector","All establishment sizes",3,74,75,74,865441,59138,3251,896,"",0.48,0.44,0.44,0.44,0.44,0.30,0.48,1.01,"",0,0.0,-6,-7.5,1,1.4,0,0.0,97598,12.7,-19556,-24.9,-1924,-37.2,119,15.3
"36093","5","337","75","0","2016","4","","Schenectady County, New York","Private","NAICS 337 Furniture and related product manufacturing","County, NAICS 3-digit -- by ownership sector","All establishment sizes",3,76,78,77,855282,78491,4438,854,"",0.48,0.44,0.45,0.45,0.45,0.60,0.99,1.01,"",0,0.0,3,4.1,2,2.6,-1,-1.3,8766,1.0,11008,16.3,885,24.9,-7,-0.8
"36093","5","3371","76","0","2016","1","N","Schenectady County, New York","Private","NAICS 3371 Household and institutional furniture mfg.","County, NAICS 4-digit -- by ownership sector","All establishment sizes",1,0,0,0,0,0,0,0,"N",0.22,0,0,0,0,0,0,0,"N",0,0.0,0,0,0,0,0,0,0,0,0,0,0,0,0,0
"36093","5","3371","76","0","2016","2","N","Schenectady County, New York","Private","NAICS 3371 Household and institutional furniture mfg.","County, NAICS 4-digit -- by ownership sector","All establishment sizes",1,0,0,0,0,0,0,0,"N",0.22,0,0,0,0,0,0,0,"N",0,0.0,0,0,0,0,0,0,0,0,0,0,0,0,0,0
"36093","5","3371","76","0","2016","3","N","Schenectady County, New York","Private","NAICS 3371 Household and institutional furniture mfg.","County, NAICS 4-digit -- by ownership sector","All establishment sizes",1,0,0,0,0,0,0,0,"N",0.22,0,0,0,0,0,0,0,"N",0,0.0,0,0,0,0,0,0,0,0,0,0,0,0,0,0
"36093","5","3371","76","0","2016","4","N","Schenectady County, New York","Private","NAICS 3371 Household and institutional furniture mfg.","County, NAICS 4-digit -- by ownership sector","All establishment sizes",1,0,0,0,0,0,0,0,"N",0.22,0,0,0,0,0,0,0,"N",0,0.0,0,0,0,0,0,0,0,0,0,0,0,0,0,0
"36093","5","33711","77","0","2016","1","N","Schenectady County, New York","Private","NAICS 33711 Wood kitchen cabinet and countertop mfg.","County, NAICS 5-digit -- by ownership sector","All establishment sizes",1,0,0,0,0,0,0,0,"N",0.34,0,0,0,0,0,0,0,"N",0,0.0,0,0,0,0,0,0,0,0,0,0,0,0,0,0
"36093","5","33711","77","0","2016","2","N","Schenectady County, New York","Private","NAICS 33711 Wood kitchen cabinet and countertop mfg.","County, NAICS 5-digit -- by ownership sector","All establishment sizes",1,0,0,0,0,0,0,0,"N",0.34,0,0,0,0,0,0,0,"N",0,0.0,0,0,0,0,0,0,0,0,0,0,0,0,0,0
"36093","5","33711","77","0","2016","3","N","Schenectady County, New York","Private","NAICS 33711 Wood kitchen cabinet and countertop mfg.","County, NAICS 5-digit -- by ownership sector","All establishment sizes",1,0,0,0,0,0,0,0,"N",0.34,0,0,0,0,0,0,0,"N",0,0.0,0,0,0,0,0,0,0,0,0,0,0,0,0,0
"36093","5","33711","77","0","2016","4","N","Schenectady County, New York","Private","NAICS 33711 Wood kitchen cabinet and countertop mfg.","County, NAICS 5-digit -- by ownership sector","All establishment sizes",1,0,0,0,0,0,0,0,"N",0.34,0,0,0,0,0,0,0,"N",0,0.0,0,0,0,0,0,0,0,0,0,0,0,0,0,0
"36093","5","337110","78","0","2016","1","N","Schenectady County, New York","Private","NAICS 337110 Wood kitchen cabinet and countertop mfg.","County, NAICS 6-digit -- by ownership sector","All establishment sizes",1,0,0,0,0,0,0,0,"N",0.34,0,0,0,0,0,0,0,"N",0,0.0,0,0,0,0,0,0,0,0,0,0,0,0,0,0
"36093","5","337110","78","0","2016","2","N","Schenectady County, New York","Private","NAICS 337110 Wood kitchen cabinet and countertop mfg.","County, NAICS 6-digit -- by ownership sector","All establishment sizes",1,0,0,0,0,0,0,0,"N",0.34,0,0,0,0,0,0,0,"N",0,0.0,0,0,0,0,0,0,0,0,0,0,0,0,0,0
"36093","5","337110","78","0","2016","3","N","Schenectady County, New York","Private","NAICS 337110 Wood kitchen cabinet and countertop mfg.","County, NAICS 6-digit -- by ownership sector","All establishment sizes",1,0,0,0,0,0,0,0,"N",0.34,0,0,0,0,0,0,0,"N",0,0.0,0,0,0,0,0,0,0,0,0,0,0,0,0,0
"36093","5","337110","78","0","2016","4","N","Schenectady County, New York","Private","NAICS 337110 Wood kitchen cabinet and countertop mfg.","County, NAICS 6-digit -- by ownership sector","All establishment sizes",1,0,0,0,0,0,0,0,"N",0.34,0,0,0,0,0,0,0,"N",0,0.0,0,0,0,0,0,0,0,0,0,0,0,0,0,0
"36093","5","3372","76","0","2016","1","N","Schenectady County, New York","Private","NAICS 3372 Office furniture and fixtures manufacturing","County, NAICS 4-digit -- by ownership sector","All establishment sizes",2,0,0,0,0,0,0,0,"N",1.51,0,0,0,0,0,0,0,"N",0,0.0,0,0,0,0,0,0,0,0,0,0,0,0,0,0
"36093","5","3372","76","0","2016","2","N","Schenectady County, New York","Private","NAICS 3372 Office furniture and fixtures manufacturing","County, NAICS 4-digit -- by ownership sector","All establishment sizes",2,0,0,0,0,0,0,0,"N",1.51,0,0,0,0,0,0,0,"N",0,0.0,0,0,0,0,0,0,0,0,0,0,0,0,0,0
"36093","5","3372","76","0","2016","3","N","Schenectady County, New York","Private","NAICS 3372 Office furniture and fixtures manufacturing","County, NAICS 4-digit -- by ownership sector","All establishment sizes",2,0,0,0,0,0,0,0,"N",1.50,0,0,0,0,0,0,0,"N",0,0.0,0,0,0,0,0,0,0,0,0,0,0,0,0,0
"36093","5","3372","76","0","2016","4","N","Schenectady County, New York","Private","NAICS 3372 Office furniture and fixtures manufacturing","County, NAICS 4-digit -- by ownership sector","All establishment sizes",2,0,0,0,0,0,0,0,"N",1.50,0,0,0,0,0,0,0,"N",0,0.0,0,0,0,0,0,0,0,0,0,0,0,0,0,0
"36093","5","33721","77","0","2016","1","N","Schenectady County, New York","Private","NAICS 33721 Office furniture and fixtures manufacturing","County, NAICS 5-digit -- by ownership sector","All establishment sizes",2,0,0,0,0,0,0,0,"N",1.51,0,0,0,0,0,0,0,"N",0,0.0,0,0,0,0,0,0,0,0,0,0,0,0,0,0
"36093","5","33721","77","0","2016","2","N","Schenectady County, New York","Private","NAICS 33721 Office furniture and fixtures manufacturing","County, NAICS 5-digit -- by ownership sector","All establishment sizes",2,0,0,0,0,0,0,0,"N",1.51,0,0,0,0,0,0,0,"N",0,0.0,0,0,0,0,0,0,0,0,0,0,0,0,0,0
"36093","5","33721","77","0","2016","3","N","Schenectady County, New York","Private","NAICS 33721 Office furniture and fixtures manufacturing","County, NAICS 5-digit -- by ownership sector","All establishment sizes",2,0,0,0,0,0,0,0,"N",1.50,0,0,0,0,0,0,0,"N",0,0.0,0,0,0,0,0,0,0,0,0,0,0,0,0,0
"36093","5","33721","77","0","2016","4","N","Schenectady County, New York","Private","NAICS 33721 Office furniture and fixtures manufacturing","County, NAICS 5-digit -- by ownership sector","All establishment sizes",2,0,0,0,0,0,0,0,"N",1.50,0,0,0,0,0,0,0,"N",0,0.0,0,0,0,0,0,0,0,0,0,0,0,0,0,0
"36093","5","337212","78","0","2016","1","N","Schenectady County, New York","Private","NAICS 337212 Custom architectural woodwork and millwork","County, NAICS 6-digit -- by ownership sector","All establishment sizes",1,0,0,0,0,0,0,0,"N",2.10,0,0,0,0,0,0,0,"N",0,0.0,0,0,0,0,0,0,0,0,0,0,0,0,0,0
"36093","5","337212","78","0","2016","2","N","Schenectady County, New York","Private","NAICS 337212 Custom architectural woodwork and millwork","County, NAICS 6-digit -- by ownership sector","All establishment sizes",1,0,0,0,0,0,0,0,"N",2.07,0,0,0,0,0,0,0,"N",0,0.0,0,0,0,0,0,0,0,0,0,0,0,0,0,0
"36093","5","337212","78","0","2016","3","N","Schenectady County, New York","Private","NAICS 337212 Custom architectural woodwork and millwork","County, NAICS 6-digit -- by ownership sector","All establishment sizes",1,0,0,0,0,0,0,0,"N",2.05,0,0,0,0,0,0,0,"N",0,0.0,0,0,0,0,0,0,0,0,0,0,0,0,0,0
"36093","5","337212","78","0","2016","4","N","Schenectady County, New York","Private","NAICS 337212 Custom architectural woodwork and millwork","County, NAICS 6-digit -- by ownership sector","All establishment sizes",1,0,0,0,0,0,0,0,"N",2.04,0,0,0,0,0,0,0,"N",0,0.0,0,0,0,0,0,0,0,0,0,0,0,0,0,0
"36093","5","337215","78","0","2016","1","N","Schenectady County, New York","Private","NAICS 337215 Showcases, partitions, shelving, and lockers","County, NAICS 6-digit -- by ownership sector","All establishment sizes",1,0,0,0,0,0,0,0,"N",1.90,0,0,0,0,0,0,0,"N",0,0.0,0,0,0,0,0,0,0,0,0,0,0,0,0,0
"36093","5","337215","78","0","2016","2","N","Schenectady County, New York","Private","NAICS 337215 Showcases, partitions, shelving, and lockers","County, NAICS 6-digit -- by ownership sector","All establishment sizes",1,0,0,0,0,0,0,0,"N",1.90,0,0,0,0,0,0,0,"N",0,0.0,0,0,0,0,0,0,0,0,0,0,0,0,0,0
"36093","5","337215","78","0","2016","3","N","Schenectady County, New York","Private","NAICS 337215 Showcases, partitions, shelving, and lockers","County, NAICS 6-digit -- by ownership sector","All establishment sizes",1,0,0,0,0,0,0,0,"N",1.90,0,0,0,0,0,0,0,"N",0,0.0,0,0,0,0,0,0,0,0,0,0,0,0,0,0
"36093","5","337215","78","0","2016","4","N","Schenectady County, New York","Private","NAICS 337215 Showcases, partitions, shelving, and lockers","County, NAICS 6-digit -- by ownership sector","All establishment sizes",1,0,0,0,0,0,0,0,"N",1.91,0,0,0,0,0,0,0,"N",0,0.0,0,0,0,0,0,0,0,0,0,0,0,0,0,0
"36093","5","339","75","0","2016","1","","Schenectady County, New York","Private","NAICS 339 Miscellaneous manufacturing","County, NAICS 3-digit -- by ownership sector","All establishment sizes",11,72,73,73,829709,588139,22975,878,"",0.98,0.28,0.28,0.28,0.20,0.29,0.36,0.73,"",-1,-8.3,-4,-5.3,0,0.0,3,4.3,217,0.0,5719,1.0,-210,-0.9,4,0.5
"36093","5","339","75","0","2016","2","","Schenectady County, New York","Private","NAICS 339 Miscellaneous manufacturing","County, NAICS 3-digit -- by ownership sector","All establishment sizes",11,65,67,65,778224,149609,6712,912,"",0.97,0.25,0.26,0.24,0.18,0.30,0.42,0.73,"",-1,-8.3,-3,-4.4,-2,-2.9,-8,-11.0,-35060,-4.3,-27445,-15.5,-1938,-22.4,18,2.0
"36093","5","339","75","0","2016","3","","Schenectady County, New York","Private","NAICS 339 Miscellaneous manufacturing","County, NAICS 3-digit -- by ownership sector","All establishment sizes",11,70,71,73,875654,100773,6621,944,"",0.97,0.27,0.28,0.28,0.21,0.39,0.86,0.76,"",-1,-8.3,-6,-7.9,-1,-1.4,-1,-1.4,20337,2.4,5490,5.8,304,4.8,55,6.2
"36093","5","339","75","0","2016","4","","Schenectady County, New York","Private","NAICS 339 Miscellaneous manufacturing","County, NAICS 3-digit -- by ownership sector","All establishment sizes",11,70,69,69,869439,75224,3869,965,"",0.96,0.27,0.26,0.26,0.22,0.44,0.71,0.82,"",-1,-8.3,-4,-5.4,-8,-10.4,-3,-4.2,-82142,-8.6,-30977,-29.2,-2400,-38.3,-20,-2.0
"36093","5","3391","76","0","2016","1","","Schenectady County, New York","Private","NAICS 3391 Medical equipment and supplies manufacturing","County, NAICS 4-digit -- by ownership sector","All establishment sizes",4,24,24,24,343100,204879,8343,1100,"",0.90,0.18,0.18,0.18,0.13,0.18,0.26,0.76,"",0,0.0,-4,-14.3,-3,-11.1,-4,-14.3,852,0.2,-3644,-1.7,750,9.9,148,15.5
"36093","5","3391","76","0","2016","2","N","Schenectady County, New York","Private","NAICS 3391 Medical equipment and supplies manufacturing","County, NAICS 4-digit -- by ownership sector","All establishment sizes",4,0,0,0,0,0,0,0,"N",0.89,0,0,0,0,0,0,0,"N",0,0.0,0,0,0,0,0,0,0,0,0,0,0,0,0,0
"36093","5","3391","76","0","2016","3","","Schenectady County, New York","Private","NAICS 3391 Medical equipment and supplies manufacturing","County, NAICS 4-digit -- by ownership sector","All establishment sizes",4,22,26,25,342001,27127,1066,1081,"",0.89,0.17,0.20,0.19,0.14,0.22,0.33,0.76,"N",0,0.0,0,0,0,0,0,0,0,0,0,0,0,0,0,0
"36093","5","3391","76","0","2016","4","N","Schenectady County, New York","Private","NAICS 3391 Medical equipment and supplies manufacturing","County, NAICS 4-digit -- by ownership sector","All establishment sizes",4,0,0,0,0,0,0,0,"N",0.89,0,0,0,0,0,0,0,"N",0,0.0,0,0,0,0,0,0,0,0,0,0,0,0,0,0
"36093","5","33911","77","0","2016","1","","Schenectady County, New York","Private","NAICS 33911 Medical equipment and supplies manufacturing","County, NAICS 5-digit -- by ownership sector","All establishment sizes",4,24,24,24,343100,204879,8343,1100,"",0.90,0.18,0.18,0.18,0.13,0.18,0.26,0.76,"",0,0.0,-4,-14.3,-3,-11.1,-4,-14.3,852,0.2,-3644,-1.7,750,9.9,148,15.5
"36093","5","33911","77","0","2016","2","N","Schenectady County, New York","Private","NAICS 33911 Medical equipment and supplies manufacturing","County, NAICS 5-digit -- by ownership sector","All establishment sizes",4,0,0,0,0,0,0,0,"N",0.89,0,0,0,0,0,0,0,"N",0,0.0,0,0,0,0,0,0,0,0,0,0,0,0,0,0
"36093","5","33911","77","0","2016","3","","Schenectady County, New York","Private","NAICS 33911 Medical equipment and supplies manufacturing","County, NAICS 5-digit -- by ownership sector","All establishment sizes",4,22,26,25,342001,27127,1066,1081,"",0.89,0.17,0.20,0.19,0.14,0.22,0.33,0.76,"N",0,0.0,0,0,0,0,0,0,0,0,0,0,0,0,0,0
"36093","5","33911","77","0","2016","4","N","Schenectady County, New York","Private","NAICS 33911 Medical equipment and supplies manufacturing","County, NAICS 5-digit -- by ownership sector","All establishment sizes",4,0,0,0,0,0,0,0,"N",0.89,0,0,0,0,0,0,0,"N",0,0.0,0,0,0,0,0,0,0,0,0,0,0,0,0,0
"36093","5","339113","78","0","2016","1","N","Schenectady County, New York","Private","NAICS 339113 Surgical appliance and supplies manufacturing","County, NAICS 6-digit -- by ownership sector","All establishment sizes",2,0,0,0,0,0,0,0,"N",1.97,0,0,0,0,0,0,0,"N",0,0.0,0,0,0,0,0,0,0,0,0,0,0,0,0,0
"36093","5","339113","78","0","2016","2","N","Schenectady County, New York","Private","NAICS 339113 Surgical appliance and supplies manufacturing","County, NAICS 6-digit -- by ownership sector","All establishment sizes",2,0,0,0,0,0,0,0,"N",1.93,0,0,0,0,0,0,0,"N",0,0.0,0,0,0,0,0,0,0,0,0,0,0,0,0,0
"36093","5","339113","78","0","2016","3","N","Schenectady County, New York","Private","NAICS 339113 Surgical appliance and supplies manufacturing","County, NAICS 6-digit -- by ownership sector","All establishment sizes",2,0,0,0,0,0,0,0,"N",1.93,0,0,0,0,0,0,0,"N",0,0.0,0,0,0,0,0,0,0,0,0,0,0,0,0,0
"36093","5","339113","78","0","2016","4","N","Schenectady County, New York","Private","NAICS 339113 Surgical appliance and supplies manufacturing","County, NAICS 6-digit -- by ownership sector","All establishment sizes",2,0,0,0,0,0,0,0,"N",1.92,0,0,0,0,0,0,0,"N",0,0.0,0,0,0,0,0,0,0,0,0,0,0,0,0,0
"36093","5","339116","78","0","2016","1","N","Schenectady County, New York","Private","NAICS 339116 Dental laboratories","County, NAICS 6-digit -- by ownership sector","All establishment sizes",2,0,0,0,0,0,0,0,"N",0.89,0,0,0,0,0,0,0,"N",0,0.0,0,0,0,0,0,0,0,0,0,0,0,0,0,0
"36093","5","339116","78","0","2016","2","N","Schenectady County, New York","Private","NAICS 339116 Dental laboratories","County, NAICS 6-digit -- by ownership sector","All establishment sizes",2,0,0,0,0,0,0,0,"N",0.89,0,0,0,0,0,0,0,"N",0,0.0,0,0,0,0,0,0,0,0,0,0,0,0,0,0
"36093","5","339116","78","0","2016","3","N","Schenectady County, New York","Private","NAICS 339116 Dental laboratories","County, NAICS 6-digit -- by ownership sector","All establishment sizes",2,0,0,0,0,0,0,0,"N",0.89,0,0,0,0,0,0,0,"N",0,0.0,0,0,0,0,0,0,0,0,0,0,0,0,0,0
"36093","5","339116","78","0","2016","4","N","Schenectady County, New York","Private","NAICS 339116 Dental laboratories","County, NAICS 6-digit -- by ownership sector","All establishment sizes",2,0,0,0,0,0,0,0,"N",0.90,0,0,0,0,0,0,0,"N",0,0.0,0,0,0,0,0,0,0,0,0,0,0,0,0,0
"36093","5","3399","76","0","2016","1","","Schenectady County, New York","Private","NAICS 3399 Other miscellaneous manufacturing","County, NAICS 4-digit -- by ownership sector","All establishment sizes",7,48,49,49,486609,383260,14632,769,"",1.04,0.38,0.39,0.39,0.32,0.42,0.47,0.82,"",-1,-12.5,0,0.0,3,6.5,7,16.7,-635,-0.1,9363,2.5,-960,-6.2,-58,-7.0
"36093","5","3399","76","0","2016","2","N","Schenectady County, New York","Private","NAICS 3399 Other miscellaneous manufacturing","County, NAICS 4-digit -- by ownership sector","All establishment sizes",7,0,0,0,0,0,0,0,"N",1.03,0,0,0,0,0,0,0,"N",-1,-12.5,0,0,0,0,0,0,0,0,0,0,0,0,0,0
"36093","5","3399","76","0","2016","3","","Schenectady County, New York","Private","NAICS 3399 Other miscellaneous manufacturing","County, NAICS 4-digit -- by ownership sector","All establishment sizes",7,48,45,48,533653,73646,5555,873,"",1.02,0.39,0.37,0.39,0.32,0.55,1.24,0.84,"N",-1,-12.5,0,0,0,0,0,0,0,0,0,0,0,0,0,0
"36093","5","3399","76","0","2016","4","N","Schenectady County, New York","Private","NAICS 3399 Other miscellaneous manufacturing","County, NAICS 4-digit -- by ownership sector","All establishment sizes",7,0,0,0,0,0,0,0,"N",1.01,0,0,0,0,0,0,0,"N",-1,-12.5,0,0,0,0,0,0,0,0,0,0,0,0,0,0
"36093","5","33992","77","0","2016","1","","Schenectady County, New York","Private","NAICS 33992 Sporting and athletic goods manufacturing","County, NAICS 5-digit -- by ownership sector","All establishment sizes",3,6,7,10,74075,52107,4637,743,"",4.45,0.31,0.36,0.52,0.27,0.36,0.99,0.68,"N",0,0.0,0,0,0,0,0,0,0,0,0,0,0,0,0,0
"36093","5","33992","77","0","2016","2","","Schenectady County, New York","Private","NAICS 33992 Sporting and athletic goods manufacturing","County, NAICS 5-digit -- by ownership sector","All establishment sizes",3,6,11,10,100314,37399,3272,857,"",4.40,0.31,0.57,0.51,0.37,0.79,2.20,0.80,"",0,0.0,-2,-25.0,3,37.5,0,0.0,9414,10.4,-10158,-21.4,-1156,-26.1,50,6.2
"36093","5","33992","77","0","2016","3","","Schenectady County, New York","Private","NAICS 33992 Sporting and athletic goods manufacturing","County, NAICS 5-digit -- by ownership sector","All establishment sizes",3,11,11,12,124112,57884,5190,842,"",4.40,0.58,0.58,0.64,0.49,2.17,7.22,0.82,"",0,0.0,-1,-8.3,1,10.0,0,0.0,7346,6.3,11475,24.7,853,19.7,49,6.2
"36093","5","33992","77","0","2016","4","","Schenectady County, New York","Private","NAICS 33992 Sporting and athletic goods manufacturing","County, NAICS 5-digit -- by ownership sector","All establishment sizes",3,11,9,8,106057,24673,2337,874,"",4.37,0.58,0.47,0.42,0.42,1.35,4.92,0.86,"",0,0.0,1,10.0,0,0.0,1,14.3,10088,10.5,15433,167.0,1422,155.4,22,2.6
"36093","5","339920","78","0","2016","1","","Schenectady County, New York","Private","NAICS 339920 Sporting and athletic goods manufacturing","County, NAICS 6-digit -- by ownership sector","All establishment sizes",3,6,7,10,74075,52107,4637,743,"",4.45,0.31,0.36,0.52,0.27,0.36,0.99,0.68,"N",0,0.0,0,0,0,0,0,0,0,0,0,0,0,0,0,0
"36093","5","339920","78","0","2016","2","","Schenectady County, New York","Private","NAICS 339920 Sporting and athletic goods manufacturing","County, NAICS 6-digit -- by ownership sector","All establishment sizes",3,6,11,10,100314,37399,3272,857,"",4.40,0.31,0.57,0.51,0.37,0.79,2.20,0.80,"",0,0.0,-2,-25.0,3,37.5,0,0.0,9414,10.4,-10158,-21.4,-1156,-26.1,50,6.2
"36093","5","339920","78","0","2016","3","","Schenectady County, New York","Private","NAICS 339920 Sporting and athletic goods manufacturing","County, NAICS 6-digit -- by ownership sector","All establishment sizes",3,11,11,12,124112,57884,5190,842,"",4.40,0.58,0.58,0.64,0.49,2.17,7.22,0.82,"",0,0.0,-1,-8.3,1,10.0,0,0.0,7346,6.3,11475,24.7,853,19.7,49,6.2
"36093","5","339920","78","0","2016","4","","Schenectady County, New York","Private","NAICS 339920 Sporting and athletic goods manufacturing","County, NAICS 6-digit -- by ownership sector","All establishment sizes",3,11,9,8,106057,24673,2337,874,"",4.37,0.58,0.47,0.42,0.42,1.35,4.92,0.86,"",0,0.0,1,10.0,0,0.0,1,14.3,10088,10.5,15433,167.0,1422,155.4,22,2.6
"36093","5","33995","77","0","2016","1","N","Schenectady County, New York","Private","NAICS 33995 Sign manufacturing","County, NAICS 5-digit -- by ownership sector","All establishment sizes",1,0,0,0,0,0,0,0,"N",0.42,0,0,0,0,0,0,0,"N",0,0.0,0,0,0,0,0,0,0,0,0,0,0,0,0,0
"36093","5","33995","77","0","2016","2","N","Schenectady County, New York","Private","NAICS 33995 Sign manufacturing","County, NAICS 5-digit -- by ownership sector","All establishment sizes",1,0,0,0,0,0,0,0,"N",0.42,0,0,0,0,0,0,0,"N",0,0.0,0,0,0,0,0,0,0,0,0,0,0,0,0,0
"36093","5","33995","77","0","2016","3","N","Schenectady County, New York","Private","NAICS 33995 Sign manufacturing","County, NAICS 5-digit -- by ownership sector","All establishment sizes",1,0,0,0,0,0,0,0,"N",0.41,0,0,0,0,0,0,0,"N",0,0.0,0,0,0,0,0,0,0,0,0,0,0,0,0,0
"36093","5","33995","77","0","2016","4","N","Schenectady County, New York","Private","NAICS 33995 Sign manufacturing","County, NAICS 5-digit -- by ownership sector","All establishment sizes",1,0,0,0,0,0,0,0,"N",0.41,0,0,0,0,0,0,0,"N",0,0.0,0,0,0,0,0,0,0,0,0,0,0,0,0,0
"36093","5","339950","78","0","2016","1","N","Schenectady County, New York","Private","NAICS 339950 Sign manufacturing","County, NAICS 6-digit -- by ownership sector","All establishment sizes",1,0,0,0,0,0,0,0,"N",0.42,0,0,0,0,0,0,0,"N",0,0.0,0,0,0,0,0,0,0,0,0,0,0,0,0,0
"36093","5","339950","78","0","2016","2","N","Schenectady County, New York","Private","NAICS 339950 Sign manufacturing","County, NAICS 6-digit -- by ownership sector","All establishment sizes",1,0,0,0,0,0,0,0,"N",0.42,0,0,0,0,0,0,0,"N",0,0.0,0,0,0,0,0,0,0,0,0,0,0,0,0,0
"36093","5","339950","78","0","2016","3","N","Schenectady County, New York","Private","NAICS 339950 Sign manufacturing","County, NAICS 6-digit -- by ownership sector","All establishment sizes",1,0,0,0,0,0,0,0,"N",0.41,0,0,0,0,0,0,0,"N",0,0.0,0,0,0,0,0,0,0,0,0,0,0,0,0,0
"36093","5","339950","78","0","2016","4","N","Schenectady County, New York","Private","NAICS 339950 Sign manufacturing","County, NAICS 6-digit -- by ownership sector","All establishment sizes",1,0,0,0,0,0,0,0,"N",0.41,0,0,0,0,0,0,0,"N",0,0.0,0,0,0,0,0,0,0,0,0,0,0,0,0,0
"36093","5","33999","77","0","2016","1","N","Schenectady County, New York","Private","NAICS 33999 All other miscellaneous manufacturing","County, NAICS 5-digit -- by ownership sector","All establishment sizes",3,0,0,0,0,0,0,0,"N",1.24,0,0,0,0,0,0,0,"N",-1,-25.0,0,0,0,0,0,0,0,0,0,0,0,0,0,0
"36093","5","33999","77","0","2016","2","N","Schenectady County, New York","Private","NAICS 33999 All other miscellaneous manufacturing","County, NAICS 5-digit -- by ownership sector","All establishment sizes",3,0,0,0,0,0,0,0,"N",1.21,0,0,0,0,0,0,0,"N",-1,-25.0,0,0,0,0,0,0,0,0,0,0,0,0,0,0
"36093","5","33999","77","0","2016","3","N","Schenectady County, New York","Private","NAICS 33999 All other miscellaneous manufacturing","County, NAICS 5-digit -- by ownership sector","All establishment sizes",3,0,0,0,0,0,0,0,"N",1.20,0,0,0,0,0,0,0,"N",-1,-25.0,0,0,0,0,0,0,0,0,0,0,0,0,0,0
"36093","5","33999","77","0","2016","4","N","Schenectady County, New York","Private","NAICS 33999 All other miscellaneous manufacturing","County, NAICS 5-digit -- by ownership sector","All establishment sizes",3,0,0,0,0,0,0,0,"N",1.18,0,0,0,0,0,0,0,"N",-1,-25.0,0,0,0,0,0,0,0,0,0,0,0,0,0,0
"36093","5","339991","78","0","2016","1","N","Schenectady County, New York","Private","NAICS 339991 Gasket, packing, and sealing device mfg.","County, NAICS 6-digit -- by ownership sector","All establishment sizes",1,0,0,0,0,0,0,0,"N",3.74,0,0,0,0,0,0,0,"N",0,0.0,0,0,0,0,0,0,0,0,0,0,0,0,0,0
"36093","5","339991","78","0","2016","2","N","Schenectady County, New York","Private","NAICS 339991 Gasket, packing, and sealing device mfg.","County, NAICS 6-digit -- by ownership sector","All establishment sizes",1,0,0,0,0,0,0,0,"N",3.70,0,0,0,0,0,0,0,"N",0,0.0,0,0,0,0,0,0,0,0,0,0,0,0,0,0
"36093","5","339991","78","0","2016","3","N","Schenectady County, New York","Private","NAICS 339991 Gasket, packing, and sealing device mfg.","County, NAICS 6-digit -- by ownership sector","All establishment sizes",1,0,0,0,0,0,0,0,"N",3.70,0,0,0,0,0,0,0,"N",0,0.0,0,0,0,0,0,0,0,0,0,0,0,0,0,0
"36093","5","339991","78","0","2016","4","N","Schenectady County, New York","Private","NAICS 339991 Gasket, packing, and sealing device mfg.","County, NAICS 6-digit -- by ownership sector","All establishment sizes",1,0,0,0,0,0,0,0,"N",3.68,0,0,0,0,0,0,0,"N",0,0.0,0,0,0,0,0,0,0,0,0,0,0,0,0,0
"36093","5","339992","78","0","2016","1","N","Schenectady County, New York","Private","NAICS 339992 Musical instrument manufacturing","County, NAICS 6-digit -- by ownership sector","All establishment sizes",1,0,0,0,0,0,0,0,"N",4.38,0,0,0,0,0,0,0,"N",0,0.0,0,0,0,0,0,0,0,0,0,0,0,0,0,0
"36093","5","339992","78","0","2016","2","N","Schenectady County, New York","Private","NAICS 339992 Musical instrument manufacturing","County, NAICS 6-digit -- by ownership sector","All establishment sizes",1,0,0,0,0,0,0,0,"N",4.38,0,0,0,0,0,0,0,"N",0,0.0,0,0,0,0,0,0,0,0,0,0,0,0,0,0
"36093","5","339992","78","0","2016","3","N","Schenectady County, New York","Private","NAICS 339992 Musical instrument manufacturing","County, NAICS 6-digit -- by ownership sector","All establishment sizes",1,0,0,0,0,0,0,0,"N",4.40,0,0,0,0,0,0,0,"N",0,0.0,0,0,0,0,0,0,0,0,0,0,0,0,0,0
"36093","5","339992","78","0","2016","4","N","Schenectady County, New York","Private","NAICS 339992 Musical instrument manufacturing","County, NAICS 6-digit -- by ownership sector","All establishment sizes",1,0,0,0,0,0,0,0,"N",4.36,0,0,0,0,0,0,0,"N",0,0.0,0,0,0,0,0,0,0,0,0,0,0,0,0,0
"36093","5","339999","78","0","2016","1","N","Schenectady County, New York","Private","NAICS 339999 All other miscellaneous manufacturing","County, NAICS 6-digit -- by ownership sector","All establishment sizes",1,0,0,0,0,0,0,0,"N",0.58,0,0,0,0,0,0,0,"N",-1,-50.0,0,0,0,0,0,0,0,0,0,0,0,0,0,0
"36093","5","339999","78","0","2016","2","N","Schenectady County, New York","Private","NAICS 339999 All other miscellaneous manufacturing","County, NAICS 6-digit -- by ownership sector","All establishment sizes",1,0,0,0,0,0,0,0,"N",0.56,0,0,0,0,0,0,0,"N",-1,-50.0,0,0,0,0,0,0,0,0,0,0,0,0,0,0
"36093","5","339999","78","0","2016","3","N","Schenectady County, New York","Private","NAICS 339999 All other miscellaneous manufacturing","County, NAICS 6-digit -- by ownership sector","All establishment sizes",1,0,0,0,0,0,0,0,"N",0.55,0,0,0,0,0,0,0,"N",-1,-50.0,0,0,0,0,0,0,0,0,0,0,0,0,0,0
"36093","5","339999","78","0","2016","4","N","Schenectady County, New York","Private","NAICS 339999 All other miscellaneous manufacturing","County, NAICS 6-digit -- by ownership sector","All establishment sizes",1,0,0,0,0,0,0,0,"N",0.54,0,0,0,0,0,0,0,"N",-1,-50.0,0,0,0,0,0,0,0,0,0,0,0,0,0,0
"36093","5","42","74","0","2016","1","N","Schenectady County, New York","Private","NAICS 42 Wholesale trade","County, NAICS Sector -- by ownership sector","All establishment sizes",103,0,0,0,0,0,0,0,"N",0.47,0,0,0,0,0,0,0,"N",-6,-5.5,0,0,0,0,0,0,0,0,0,0,0,0,0,0
"36093","5","42","74","0","2016","2","N","Schenectady County, New York","Private","NAICS 42 Wholesale trade","County, NAICS Sector -- by ownership sector","All establishment sizes",103,0,0,0,0,0,0,0,"N",0.47,0,0,0,0,0,0,0,"N",-3,-2.8,0,0,0,0,0,0,0,0,0,0,0,0,0,0
"36093","5","42","74","0","2016","3","N","Schenectady County, New York","Private","NAICS 42 Wholesale trade","County, NAICS Sector -- by ownership sector","All establishment sizes",103,0,0,0,0,0,0,0,"N",0.47,0,0,0,0,0,0,0,"N",-1,-1.0,0,0,0,0,0,0,0,0,0,0,0,0,0,0
"36093","5","42","74","0","2016","4","N","Schenectady County, New York","Private","NAICS 42 Wholesale trade","County, NAICS Sector -- by ownership sector","All establishment sizes",105,0,0,0,0,0,0,0,"N",0.48,0,0,0,0,0,0,0,"N",0,0.0,0,0,0,0,0,0,0,0,0,0,0,0,0,0
"36093","5","423","75","0","2016","1","","Schenectady County, New York","Private","NAICS 423 Merchant wholesalers, durable goods","County, NAICS 3-digit -- by ownership sector","All establishment sizes",59,609,597,611,9171165,5306101,201726,1165,"",0.66,0.47,0.46,0.47,0.40,0.50,0.63,0.87,"",1,1.7,49,8.8,41,7.4,56,10.1,1018298,12.5,705642,15.3,-2779,-1.4,39,3.5
"36093","5","423","75","0","2016","2","","Schenectady County, New York","Private","NAICS 423 Merchant wholesalers, durable goods","County, NAICS 3-digit -- by ownership sector","All establishment sizes",59,579,589,612,9804018,1362549,58851,1271,"",0.66,0.44,0.45,0.46,0.39,0.61,0.84,0.86,"",2,3.5,5,0.9,5,0.9,11,1.8,1589167,19.3,132142,10.7,-4427,-7.0,193,17.9
"36093","5","423","75","0","2016","3","","Schenectady County, New York","Private","NAICS 423 Merchant wholesalers, durable goods","County, NAICS 3-digit -- by ownership sector","All establishment sizes",59,620,624,623,12892592,781442,34353,1594,"",0.66,0.49,0.49,0.49,0.54,0.69,0.98,1.10,"",2,3.5,20,3.3,15,2.5,26,4.4,4275204,49.6,-9,0.0,-6721,-16.4,493,44.8
"36093","5","423","75","0","2016","4","","Schenectady County, New York","Private","NAICS 423 Merchant wholesalers, durable goods","County, NAICS 3-digit -- by ownership sector","All establishment sizes",60,618,616,614,11515860,520395,21370,1438,"",0.67,0.47,0.47,0.47,0.47,0.67,0.85,1.00,"",3,5.3,30,5.1,32,5.5,35,6.0,1869484,19.4,-50080,-8.8,-6497,-23.3,167,13.1
"36093","5","4231","76","0","2016","1","","Schenectady County, New York","Private","NAICS 4231 Motor vehicle and parts merchant wholesalers","County, NAICS 4-digit -- by ownership sector","All establishment sizes",9,86,86,84,1476991,802090,35980,1331,"",1.11,0.58,0.58,0.57,0.74,0.74,1.20,1.28,"",1,12.5,22,34.4,22,34.4,20,31.2,314714,27.1,240367,42.8,7552,26.6,-66,-4.7
"36093","5","4231","76","0","2016","2","","Schenectady County, New York","Private","NAICS 4231 Motor vehicle and parts merchant wholesalers","County, NAICS 4-digit -- by ownership sector","All establishment sizes",9,85,86,90,1644473,164082,6419,1454,"",1.10,0.57,0.58,0.60,0.74,0.61,0.80,1.26,"",1,12.5,21,32.8,23,36.5,27,42.9,606226,58.4,47507,40.8,1450,29.2,193,15.3
"36093","5","4231","76","0","2016","3","","Schenectady County, New York","Private","NAICS 4231 Motor vehicle and parts merchant wholesalers","County, NAICS 4-digit -- by ownership sector","All establishment sizes",9,89,91,93,1627919,124911,4858,1376,"",1.10,0.62,0.63,0.64,0.77,0.90,1.22,1.22,"",1,12.5,27,43.5,28,44.4,30,47.6,577848,55.0,21158,20.4,-563,-10.4,87,6.7
"36093","5","4231","76","0","2016","4","","Schenectady County, New York","Private","NAICS 4231 Motor vehicle and parts merchant wholesalers","County, NAICS 4-digit -- by ownership sector","All establishment sizes",9,97,99,97,1629951,88567,3492,1284,"",1.10,0.66,0.67,0.66,0.78,0.93,1.25,1.17,"",1,12.5,30,44.8,32,47.8,29,42.6,418480,34.5,2890,3.4,-629,-15.3,-100,-7.2
"36093","5","42312","77","0","2016","1","","Schenectady County, New York","Private","NAICS 42312 New motor vehicle parts merchant wholesalers","County, NAICS 5-digit -- by ownership sector","All establishment sizes",9,86,86,84,1476991,802090,35980,1331,"",1.98,1.17,1.17,1.14,1.55,1.57,2.32,1.34,"",1,12.5,22,34.4,22,34.4,20,31.2,314714,27.1,240367,42.8,7552,26.6,-66,-4.7
"36093","5","42312","77","0","2016","2","","Schenectady County, New York","Private","NAICS 42312 New motor vehicle parts merchant wholesalers","County, NAICS 5-digit -- by ownership sector","All establishment sizes",9,85,86,90,1644473,164082,6419,1454,"",1.97,1.14,1.16,1.19,1.54,1.25,1.53,1.32,"",1,12.5,21,32.8,23,36.5,27,42.9,606226,58.4,47507,40.8,1450,29.2,193,15.3
"36093","5","42312","77","0","2016","3","","Schenectady County, New York","Private","NAICS 42312 New motor vehicle parts merchant wholesalers","County, NAICS 5-digit -- by ownership sector","All establishment sizes",9,89,91,93,1627919,124911,4858,1376,"",1.98,1.24,1.26,1.28,1.62,1.83,2.37,1.28,"",1,12.5,27,43.5,28,44.4,30,47.6,577848,55.0,21158,20.4,-563,-10.4,87,6.7
"36093","5","42312","77","0","2016","4","","Schenectady County, New York","Private","NAICS 42312 New motor vehicle parts merchant wholesalers","County, NAICS 5-digit -- by ownership sector","All establishment sizes",9,97,99,97,1629951,88567,3492,1284,"",1.97,1.31,1.34,1.32,1.64,1.87,2.40,1.24,"",1,12.5,30,44.8,32,47.8,29,42.6,418480,34.5,2890,3.4,-629,-15.3,-100,-7.2
"36093","5","423120","78","0","2016","1","","Schenectady County, New York","Private","NAICS 423120 New motor vehicle parts merchant wholesalers","County, NAICS 6-digit -- by ownership sector","All establishment sizes",9,86,86,84,1476991,802090,35980,1331,"",1.98,1.17,1.17,1.14,1.55,1.57,2.32,1.34,"",1,12.5,22,34.4,22,34.4,20,31.2,314714,27.1,240367,42.8,7552,26.6,-66,-4.7
"36093","5","423120","78","0","2016","2","","Schenectady County, New York","Private","NAICS 423120 New motor vehicle parts merchant wholesalers","County, NAICS 6-digit -- by ownership sector","All establishment sizes",9,85,86,90,1644473,164082,6419,1454,"",1.97,1.14,1.16,1.19,1.54,1.25,1.53,1.32,"",1,12.5,21,32.8,23,36.5,27,42.9,606226,58.4,47507,40.8,1450,29.2,193,15.3
"36093","5","423120","78","0","2016","3","","Schenectady County, New York","Private","NAICS 423120 New motor vehicle parts merchant wholesalers","County, NAICS 6-digit -- by ownership sector","All establishment sizes",9,89,91,93,1627919,124911,4858,1376,"",1.98,1.24,1.26,1.28,1.62,1.83,2.37,1.28,"",1,12.5,27,43.5,28,44.4,30,47.6,577848,55.0,21158,20.4,-563,-10.4,87,6.7
"36093","5","423120","78","0","2016","4","","Schenectady County, New York","Private","NAICS 423120 New motor vehicle parts merchant wholesalers","County, NAICS 6-digit -- by ownership sector","All establishment sizes",9,97,99,97,1629951,88567,3492,1284,"",1.97,1.31,1.34,1.32,1.64,1.87,2.40,1.24,"",1,12.5,30,44.8,32,47.8,29,42.6,418480,34.5,2890,3.4,-629,-15.3,-100,-7.2
"36093","5","4233","76","0","2016","1","N","Schenectady County, New York","Private","NAICS 4233 Lumber and const. supply merchant wholesalers","County, NAICS 4-digit -- by ownership sector","All establishment sizes",4,0,0,0,0,0,0,0,"N",0.62,0,0,0,0,0,0,0,"N",-1,-20.0,0,0,0,0,0,0,0,0,0,0,0,0,0,0
"36093","5","4233","76","0","2016","2","","Schenectady County, New York","Private","NAICS 4233 Lumber and const. supply merchant wholesalers","County, NAICS 4-digit -- by ownership sector","All establishment sizes",4,64,67,71,903169,231386,17818,1032,"",0.61,0.66,0.69,0.71,0.58,1.18,2.38,0.83,"",-1,-20.0,14,28.0,7,11.7,4,6.0,155245,20.8,21639,10.3,-1347,-7.0,57,5.8
"36093","5","4233","76","0","2016","3","N","Schenectady County, New York","Private","NAICS 4233 Lumber and const. supply merchant wholesalers","County, NAICS 4-digit -- by ownership sector","All establishment sizes",4,0,0,0,0,0,0,0,"N",0.61,0,0,0,0,0,0,0,"N",-1,-20.0,0,0,0,0,0,0,0,0,0,0,0,0,0,0
"36093","5","4233","76","0","2016","4","N","Schenectady County, New York","Private","NAICS 4233 Lumber and const. supply merchant wholesalers","County, NAICS 4-digit -- by ownership sector","All establishment sizes",4,0,0,0,0,0,0,0,"N",0.61,0,0,0,0,0,0,0,"N",-1,-20.0,0,0,0,0,0,0,0,0,0,0,0,0,0,0
"36093","5","42331","77","0","2016","1","N","Schenectady County, New York","Private","NAICS 42331 Lumber and wood merchant wholesalers","County, NAICS 5-digit -- by ownership sector","All establishment sizes",1,0,0,0,0,0,0,0,"N",0.39,0,0,0,0,0,0,0,"N",0,0.0,0,0,0,0,0,0,0,0,0,0,0,0,0,0
"36093","5","42331","77","0","2016","2","N","Schenectady County, New York","Private","NAICS 42331 Lumber and wood merchant wholesalers","County, NAICS 5-digit -- by ownership sector","All establishment sizes",1,0,0,0,0,0,0,0,"N",0.39,0,0,0,0,0,0,0,"N",0,0.0,0,0,0,0,0,0,0,0,0,0,0,0,0,0
"36093","5","42331","77","0","2016","3","N","Schenectady County, New York","Private","NAICS 42331 Lumber and wood merchant wholesalers","County, NAICS 5-digit -- by ownership sector","All establishment sizes",1,0,0,0,0,0,0,0,"N",0.38,0,0,0,0,0,0,0,"N",0,0.0,0,0,0,0,0,0,0,0,0,0,0,0,0,0
"36093","5","42331","77","0","2016","4","N","Schenectady County, New York","Private","NAICS 42331 Lumber and wood merchant wholesalers","County, NAICS 5-digit -- by ownership sector","All establishment sizes",1,0,0,0,0,0,0,0,"N",0.38,0,0,0,0,0,0,0,"N",0,0.0,0,0,0,0,0,0,0,0,0,0,0,0,0,0
"36093","5","423310","78","0","2016","1","N","Schenectady County, New York","Private","NAICS 423310 Lumber and wood merchant wholesalers","County, NAICS 6-digit -- by ownership sector","All establishment sizes",1,0,0,0,0,0,0,0,"N",0.39,0,0,0,0,0,0,0,"N",0,0.0,0,0,0,0,0,0,0,0,0,0,0,0,0,0
"36093","5","423310","78","0","2016","2","N","Schenectady County, New York","Private","NAICS 423310 Lumber and wood merchant wholesalers","County, NAICS 6-digit -- by ownership sector","All establishment sizes",1,0,0,0,0,0,0,0,"N",0.39,0,0,0,0,0,0,0,"N",0,0.0,0,0,0,0,0,0,0,0,0,0,0,0,0,0
"36093","5","423310","78","0","2016","3","N","Schenectady County, New York","Private","NAICS 423310 Lumber and wood merchant wholesalers","County, NAICS 6-digit -- by ownership sector","All establishment sizes",1,0,0,0,0,0,0,0,"N",0.38,0,0,0,0,0,0,0,"N",0,0.0,0,0,0,0,0,0,0,0,0,0,0,0,0,0
"36093","5","423310","78","0","2016","4","N","Schenectady County, New York","Private","NAICS 423310 Lumber and wood merchant wholesalers","County, NAICS 6-digit -- by ownership sector","All establishment sizes",1,0,0,0,0,0,0,0,"N",0.38,0,0,0,0,0,0,0,"N",0,0.0,0,0,0,0,0,0,0,0,0,0,0,0,0,0
"36093","5","42333","77","0","2016","1","N","Schenectady County, New York","Private","NAICS 42333 Roofing and siding merchant wholesalers","County, NAICS 5-digit -- by ownership sector","All establishment sizes",1,0,0,0,0,0,0,0,"N",1.01,0,0,0,0,0,0,0,"N",0,0.0,0,0,0,0,0,0,0,0,0,0,0,0,0,0
"36093","5","42333","77","0","2016","2","N","Schenectady County, New York","Private","NAICS 42333 Roofing and siding merchant wholesalers","County, NAICS 5-digit -- by ownership sector","All establishment sizes",1,0,0,0,0,0,0,0,"N",1.00,0,0,0,0,0,0,0,"N",0,0.0,0,0,0,0,0,0,0,0,0,0,0,0,0,0
"36093","5","42333","77","0","2016","3","N","Schenectady County, New York","Private","NAICS 42333 Roofing and siding merchant wholesalers","County, NAICS 5-digit -- by ownership sector","All establishment sizes",1,0,0,0,0,0,0,0,"N",1.00,0,0,0,0,0,0,0,"N",0,0.0,0,0,0,0,0,0,0,0,0,0,0,0,0,0
"36093","5","42333","77","0","2016","4","N","Schenectady County, New York","Private","NAICS 42333 Roofing and siding merchant wholesalers","County, NAICS 5-digit -- by ownership sector","All establishment sizes",1,0,0,0,0,0,0,0,"N",0.99,0,0,0,0,0,0,0,"N",0,0.0,0,0,0,0,0,0,0,0,0,0,0,0,0,0
"36093","5","423330","78","0","2016","1","N","Schenectady County, New York","Private","NAICS 423330 Roofing and siding merchant wholesalers","County, NAICS 6-digit -- by ownership sector","All establishment sizes",1,0,0,0,0,0,0,0,"N",1.01,0,0,0,0,0,0,0,"N",0,0.0,0,0,0,0,0,0,0,0,0,0,0,0,0,0
"36093","5","423330","78","0","2016","2","N","Schenectady County, New York","Private","NAICS 423330 Roofing and siding merchant wholesalers","County, NAICS 6-digit -- by ownership sector","All establishment sizes",1,0,0,0,0,0,0,0,"N",1.00,0,0,0,0,0,0,0,"N",0,0.0,0,0,0,0,0,0,0,0,0,0,0,0,0,0
"36093","5","423330","78","0","2016","3","N","Schenectady County, New York","Private","NAICS 423330 Roofing and siding merchant wholesalers","County, NAICS 6-digit -- by ownership sector","All establishment sizes",1,0,0,0,0,0,0,0,"N",1.00,0,0,0,0,0,0,0,"N",0,0.0,0,0,0,0,0,0,0,0,0,0,0,0,0,0
"36093","5","423330","78","0","2016","4","N","Schenectady County, New York","Private","NAICS 423330 Roofing and siding merchant wholesalers","County, NAICS 6-digit -- by ownership sector","All establishment sizes",1,0,0,0,0,0,0,0,"N",0.99,0,0,0,0,0,0,0,"N",0,0.0,0,0,0,0,0,0,0,0,0,0,0,0,0,0
"36093","5","42339","77","0","2016","1","N","Schenectady County, New York","Private","NAICS 42339 Other const. material merchant wholesalers","County, NAICS 5-digit -- by ownership sector","All establishment sizes",2,0,0,0,0,0,0,0,"N",1.98,0,0,0,0,0,0,0,"N",-1,-33.3,0,0,0,0,0,0,0,0,0,0,0,0,0,0
"36093","5","42339","77","0","2016","2","N","Schenectady County, New York","Private","NAICS 42339 Other const. material merchant wholesalers","County, NAICS 5-digit -- by ownership sector","All establishment sizes",2,0,0,0,0,0,0,0,"N",1.95,0,0,0,0,0,0,0,"N",-1,-33.3,0,0,0,0,0,0,0,0,0,0,0,0,0,0
"36093","5","42339","77","0","2016","3","N","Schenectady County, New York","Private","NAICS 42339 Other const. material merchant wholesalers","County, NAICS 5-digit -- by ownership sector","All establishment sizes",2,0,0,0,0,0,0,0,"N",1.93,0,0,0,0,0,0,0,"N",-1,-33.3,0,0,0,0,0,0,0,0,0,0,0,0,0,0
"36093","5","42339","77","0","2016","4","N","Schenectady County, New York","Private","NAICS 42339 Other const. material merchant wholesalers","County, NAICS 5-digit -- by ownership sector","All establishment sizes",2,0,0,0,0,0,0,0,"N",1.93,0,0,0,0,0,0,0,"N",-1,-33.3,0,0,0,0,0,0,0,0,0,0,0,0,0,0
"36093","5","423390","78","0","2016","1","N","Schenectady County, New York","Private","NAICS 423390 Other const. material merchant wholesalers","County, NAICS 6-digit -- by ownership sector","All establishment sizes",2,0,0,0,0,0,0,0,"N",1.98,0,0,0,0,0,0,0,"N",-1,-33.3,0,0,0,0,0,0,0,0,0,0,0,0,0,0
"36093","5","423390","78","0","2016","2","N","Schenectady County, New York","Private","NAICS 423390 Other const. material merchant wholesalers","County, NAICS 6-digit -- by ownership sector","All establishment sizes",2,0,0,0,0,0,0,0,"N",1.95,0,0,0,0,0,0,0,"N",-1,-33.3,0,0,0,0,0,0,0,0,0,0,0,0,0,0
"36093","5","423390","78","0","2016","3","N","Schenectady County, New York","Private","NAICS 423390 Other const. material merchant wholesalers","County, NAICS 6-digit -- by ownership sector","All establishment sizes",2,0,0,0,0,0,0,0,"N",1.93,0,0,0,0,0,0,0,"N",-1,-33.3,0,0,0,0,0,0,0,0,0,0,0,0,0,0
"36093","5","423390","78","0","2016","4","N","Schenectady County, New York","Private","NAICS 423390 Other const. material merchant wholesalers","County, NAICS 6-digit -- by ownership sector","All establishment sizes",2,0,0,0,0,0,0,0,"N",1.93,0,0,0,0,0,0,0,"N",-1,-33.3,0,0,0,0,0,0,0,0,0,0,0,0,0,0
"36093","5","4234","76","0","2016","1","","Schenectady County, New York","Private","NAICS 4234 Commercial equip. merchant wholesalers","County, NAICS 4-digit -- by ownership sector","All establishment sizes",12,68,66,66,1287392,624347,26555,1485,"",0.72,0.25,0.24,0.24,0.20,0.25,0.32,0.81,"",-1,-7.7,0,0.0,0,0.0,1,1.5,-166964,-11.5,-25059,-3.9,-1449,-5.2,-202,-12.0
"36093","5","4234","76","0","2016","2","","Schenectady County, New York","Private","NAICS 4234 Commercial equip. merchant wholesalers","County, NAICS 4-digit -- by ownership sector","All establishment sizes",12,67,67,67,1254061,104954,4624,1440,"",0.71,0.24,0.24,0.24,0.17,0.26,0.33,0.72,"",-1,-7.7,-1,-1.5,0,0.0,0,0.0,-11578,-0.9,42251,67.4,2005,76.6,-6,-0.4
"36093","5","4234","76","0","2016","3","","Schenectady County, New York","Private","NAICS 4234 Commercial equip. merchant wholesalers","County, NAICS 4-digit -- by ownership sector","All establishment sizes",12,66,71,75,4125670,72186,3689,4491,"",0.71,0.24,0.26,0.28,0.58,0.35,0.52,2.22,"",-1,-7.7,-3,-4.3,4,6.0,11,17.2,2737420,197.2,-3610,-4.8,396,12.0,2889,180.3
"36093","5","4234","76","0","2016","4","","Schenectady County, New York","Private","NAICS 4234 Commercial equip. merchant wholesalers","County, NAICS 4-digit -- by ownership sector","All establishment sizes",13,75,72,73,2674900,85646,4204,2806,"",0.77,0.27,0.26,0.27,0.40,0.59,0.81,1.49,"",0,0.0,10,15.4,9,14.3,11,17.7,1326165,98.3,28965,51.1,1841,77.9,1168,71.3
"36093","5","42342","77","0","2016","1","N","Schenectady County, New York","Private","NAICS 42342 Office equipment merchant wholesalers","County, NAICS 5-digit -- by ownership sector","All establishment sizes",3,0,0,0,0,0,0,0,"N",1.50,0,0,0,0,0,0,0,"N",0,0.0,0,0,0,0,0,0,0,0,0,0,0,0,0,0
"36093","5","42342","77","0","2016","2","N","Schenectady County, New York","Private","NAICS 42342 Office equipment merchant wholesalers","County, NAICS 5-digit -- by ownership sector","All establishment sizes",3,0,0,0,0,0,0,0,"N",1.50,0,0,0,0,0,0,0,"N",0,0.0,0,0,0,0,0,0,0,0,0,0,0,0,0,0
"36093","5","42342","77","0","2016","3","N","Schenectady County, New York","Private","NAICS 42342 Office equipment merchant wholesalers","County, NAICS 5-digit -- by ownership sector","All establishment sizes",3,0,0,0,0,0,0,0,"N",1.51,0,0,0,0,0,0,0,"N",0,0.0,0,0,0,0,0,0,0,0,0,0,0,0,0,0
"36093","5","42342","77","0","2016","4","N","Schenectady County, New York","Private","NAICS 42342 Office equipment merchant wholesalers","County, NAICS 5-digit -- by ownership sector","All establishment sizes",3,0,0,0,0,0,0,0,"N",1.52,0,0,0,0,0,0,0,"N",0,0.0,0,0,0,0,0,0,0,0,0,0,0,0,0,0
"36093","5","423420","78","0","2016","1","N","Schenectady County, New York","Private","NAICS 423420 Office equipment merchant wholesalers","County, NAICS 6-digit -- by ownership sector","All establishment sizes",3,0,0,0,0,0,0,0,"N",1.50,0,0,0,0,0,0,0,"N",0,0.0,0,0,0,0,0,0,0,0,0,0,0,0,0,0
"36093","5","423420","78","0","2016","2","N","Schenectady County, New York","Private","NAICS 423420 Office equipment merchant wholesalers","County, NAICS 6-digit -- by ownership sector","All establishment sizes",3,0,0,0,0,0,0,0,"N",1.50,0,0,0,0,0,0,0,"N",0,0.0,0,0,0,0,0,0,0,0,0,0,0,0,0,0
"36093","5","423420","78","0","2016","3","N","Schenectady County, New York","Private","NAICS 423420 Office equipment merchant wholesalers","County, NAICS 6-digit -- by ownership sector","All establishment sizes",3,0,0,0,0,0,0,0,"N",1.51,0,0,0,0,0,0,0,"N",0,0.0,0,0,0,0,0,0,0,0,0,0,0,0,0,0
"36093","5","423420","78","0","2016","4","N","Schenectady County, New York","Private","NAICS 423420 Office equipment merchant wholesalers","County, NAICS 6-digit -- by ownership sector","All establishment sizes",3,0,0,0,0,0,0,0,"N",1.52,0,0,0,0,0,0,0,"N",0,0.0,0,0,0,0,0,0,0,0,0,0,0,0,0,0
"36093","5","42343","77","0","2016","1","","Schenectady County, New York","Private","NAICS 42343 Computer and software merchant wholesalers","County, NAICS 5-digit -- by ownership sector","All establishment sizes",4,9,9,10,348243,113697,2936,2870,"",0.98,0.09,0.09,0.10,0.12,0.11,0.09,1.22,"",-1,-20.0,-2,-18.2,-1,-10.0,0,0.0,-177746,-33.8,1148,1.0,274,10.3,-1046,-26.7
"36093","5","42343","77","0","2016","2","","Schenectady County, New York","Private","NAICS 42343 Computer and software merchant wholesalers","County, NAICS 5-digit -- by ownership sector","All establishment sizes",4,11,11,11,381810,21550,656,2670,"",0.97,0.11,0.11,0.11,0.12,0.18,0.16,1.05,"",-1,-20.0,0,0.0,0,0.0,0,0.0,-43209,-10.2,5055,30.6,300,84.3,-302,-10.2
"36093","5","42343","77","0","2016","3","N","Schenectady County, New York","Private","NAICS 42343 Computer and software merchant wholesalers","County, NAICS 5-digit -- by ownership sector","All establishment sizes",4,0,0,0,0,0,0,0,"N",0.96,0,0,0,0,0,0,0,"N",-1,-20.0,0,0,0,0,0,0,0,0,0,0,0,0,0,0
"36093","5","42343","77","0","2016","4","N","Schenectady County, New York","Private","NAICS 42343 Computer and software merchant wholesalers","County, NAICS 5-digit -- by ownership sector","All establishment sizes",5,0,0,0,0,0,0,0,"N",1.20,0,0,0,0,0,0,0,"N",0,0.0,0,0,0,0,0,0,0,0,0,0,0,0,0,0
"36093","5","423430","78","0","2016","1","","Schenectady County, New York","Private","NAICS 423430 Computer and software merchant wholesalers","County, NAICS 6-digit -- by ownership sector","All establishment sizes",4,9,9,10,348243,113697,2936,2870,"",0.98,0.09,0.09,0.10,0.12,0.11,0.09,1.22,"",-1,-20.0,-2,-18.2,-1,-10.0,0,0.0,-177746,-33.8,1148,1.0,274,10.3,-1046,-26.7
"36093","5","423430","78","0","2016","2","","Schenectady County, New York","Private","NAICS 423430 Computer and software merchant wholesalers","County, NAICS 6-digit -- by ownership sector","All establishment sizes",4,11,11,11,381810,21550,656,2670,"",0.97,0.11,0.11,0.11,0.12,0.18,0.16,1.05,"",-1,-20.0,0,0.0,0,0.0,0,0.0,-43209,-10.2,5055,30.6,300,84.3,-302,-10.2
"36093","5","423430","78","0","2016","3","N","Schenectady County, New York","Private","NAICS 423430 Computer and software merchant wholesalers","County, NAICS 6-digit -- by ownership sector","All establishment sizes",4,0,0,0,0,0,0,0,"N",0.96,0,0,0,0,0,0,0,"N",-1,-20.0,0,0,0,0,0,0,0,0,0,0,0,0,0,0
"36093","5","423430","78","0","2016","4","N","Schenectady County, New York","Private","NAICS 423430 Computer and software merchant wholesalers","County, NAICS 6-digit -- by ownership sector","All establishment sizes",5,0,0,0,0,0,0,0,"N",1.20,0,0,0,0,0,0,0,"N",0,0.0,0,0,0,0,0,0,0,0,0,0,0,0,0,0
"36093","5","42344","77","0","2016","1","N","Schenectady County, New York","Private","NAICS 42344 Other commercial equip. merchant wholesalers","County, NAICS 5-digit -- by ownership sector","All establishment sizes",2,0,0,0,0,0,0,0,"N",1.07,0,0,0,0,0,0,0,"N",0,0.0,0,0,0,0,0,0,0,0,0,0,0,0,0,0
"36093","5","42344","77","0","2016","2","N","Schenectady County, New York","Private","NAICS 42344 Other commercial equip. merchant wholesalers","County, NAICS 5-digit -- by ownership sector","All establishment sizes",2,0,0,0,0,0,0,0,"N",1.07,0,0,0,0,0,0,0,"N",0,0.0,0,0,0,0,0,0,0,0,0,0,0,0,0,0
"36093","5","42344","77","0","2016","3","N","Schenectady County, New York","Private","NAICS 42344 Other commercial equip. merchant wholesalers","County, NAICS 5-digit -- by ownership sector","All establishment sizes",2,0,0,0,0,0,0,0,"N",1.07,0,0,0,0,0,0,0,"N",0,0.0,0,0,0,0,0,0,0,0,0,0,0,0,0,0
"36093","5","42344","77","0","2016","4","N","Schenectady County, New York","Private","NAICS 42344 Other commercial equip. merchant wholesalers","County, NAICS 5-digit -- by ownership sector","All establishment sizes",2,0,0,0,0,0,0,0,"N",1.07,0,0,0,0,0,0,0,"N",0,0.0,0,0,0,0,0,0,0,0,0,0,0,0,0,0
"36093","5","423440","78","0","2016","1","N","Schenectady County, New York","Private","NAICS 423440 Other commercial equip. merchant wholesalers","County, NAICS 6-digit -- by ownership sector","All establishment sizes",2,0,0,0,0,0,0,0,"N",1.07,0,0,0,0,0,0,0,"N",0,0.0,0,0,0,0,0,0,0,0,0,0,0,0,0,0
"36093","5","423440","78","0","2016","2","N","Schenectady County, New York","Private","NAICS 423440 Other commercial equip. merchant wholesalers","County, NAICS 6-digit -- by ownership sector","All establishment sizes",2,0,0,0,0,0,0,0,"N",1.07,0,0,0,0,0,0,0,"N",0,0.0,0,0,0,0,0,0,0,0,0,0,0,0,0,0
"36093","5","423440","78","0","2016","3","N","Schenectady County, New York","Private","NAICS 423440 Other commercial equip. merchant wholesalers","County, NAICS 6-digit -- by ownership sector","All establishment sizes",2,0,0,0,0,0,0,0,"N",1.07,0,0,0,0,0,0,0,"N",0,0.0,0,0,0,0,0,0,0,0,0,0,0,0,0,0
"36093","5","423440","78","0","2016","4","N","Schenectady County, New York","Private","NAICS 423440 Other commercial equip. merchant wholesalers","County, NAICS 6-digit -- by ownership sector","All establishment sizes",2,0,0,0,0,0,0,0,"N",1.07,0,0,0,0,0,0,0,"N",0,0.0,0,0,0,0,0,0,0,0,0,0,0,0,0,0
"36093","5","42345","77","0","2016","1","N","Schenectady County, New York","Private","NAICS 42345 Medical equipment merchant wholesalers","County, NAICS 5-digit -- by ownership sector","All establishment sizes",3,0,0,0,0,0,0,0,"N",0.45,0,0,0,0,0,0,0,"N",0,0.0,0,0,0,0,0,0,0,0,0,0,0,0,0,0
"36093","5","42345","77","0","2016","2","N","Schenectady County, New York","Private","NAICS 42345 Medical equipment merchant wholesalers","County, NAICS 5-digit -- by ownership sector","All establishment sizes",3,0,0,0,0,0,0,0,"N",0.44,0,0,0,0,0,0,0,"N",0,0.0,0,0,0,0,0,0,0,0,0,0,0,0,0,0
"36093","5","42345","77","0","2016","3","N","Schenectady County, New York","Private","NAICS 42345 Medical equipment merchant wholesalers","County, NAICS 5-digit -- by ownership sector","All establishment sizes",3,0,0,0,0,0,0,0,"N",0.44,0,0,0,0,0,0,0,"N",0,0.0,0,0,0,0,0,0,0,0,0,0,0,0,0,0
"36093","5","42345","77","0","2016","4","N","Schenectady County, New York","Private","NAICS 42345 Medical equipment merchant wholesalers","County, NAICS 5-digit -- by ownership sector","All establishment sizes",3,0,0,0,0,0,0,0,"N",0.44,0,0,0,0,0,0,0,"N",0,0.0,0,0,0,0,0,0,0,0,0,0,0,0,0,0
"36093","5","423450","78","0","2016","1","N","Schenectady County, New York","Private","NAICS 423450 Medical equipment merchant wholesalers","County, NAICS 6-digit -- by ownership sector","All establishment sizes",3,0,0,0,0,0,0,0,"N",0.45,0,0,0,0,0,0,0,"N",0,0.0,0,0,0,0,0,0,0,0,0,0,0,0,0,0
"36093","5","423450","78","0","2016","2","N","Schenectady County, New York","Private","NAICS 423450 Medical equipment merchant wholesalers","County, NAICS 6-digit -- by ownership sector","All establishment sizes",3,0,0,0,0,0,0,0,"N",0.44,0,0,0,0,0,0,0,"N",0,0.0,0,0,0,0,0,0,0,0,0,0,0,0,0,0
"36093","5","423450","78","0","2016","3","N","Schenectady County, New York","Private","NAICS 423450 Medical equipment merchant wholesalers","County, NAICS 6-digit -- by ownership sector","All establishment sizes",3,0,0,0,0,0,0,0,"N",0.44,0,0,0,0,0,0,0,"N",0,0.0,0,0,0,0,0,0,0,0,0,0,0,0,0,0
"36093","5","423450","78","0","2016","4","N","Schenectady County, New York","Private","NAICS 423450 Medical equipment merchant wholesalers","County, NAICS 6-digit -- by ownership sector","All establishment sizes",3,0,0,0,0,0,0,0,"N",0.44,0,0,0,0,0,0,0,"N",0,0.0,0,0,0,0,0,0,0,0,0,0,0,0,0,0
"36093","5","4235","76","0","2016","1","N","Schenectady County, New York","Private","NAICS 4235 Metal and mineral merchant wholesalers","County, NAICS 4-digit -- by ownership sector","All establishment sizes",2,0,0,0,0,0,0,0,"N",0.66,0,0,0,0,0,0,0,"N",0,0.0,0,0,0,0,0,0,0,0,0,0,0,0,0,0
"36093","5","4235","76","0","2016","2","N","Schenectady County, New York","Private","NAICS 4235 Metal and mineral merchant wholesalers","County, NAICS 4-digit -- by ownership sector","All establishment sizes",2,0,0,0,0,0,0,0,"N",0.66,0,0,0,0,0,0,0,"N",0,0.0,0,0,0,0,0,0,0,0,0,0,0,0,0,0
"36093","5","4235","76","0","2016","3","N","Schenectady County, New York","Private","NAICS 4235 Metal and mineral merchant wholesalers","County, NAICS 4-digit -- by ownership sector","All establishment sizes",2,0,0,0,0,0,0,0,"N",0.66,0,0,0,0,0,0,0,"N",0,0.0,0,0,0,0,0,0,0,0,0,0,0,0,0,0
"36093","5","4235","76","0","2016","4","N","Schenectady County, New York","Private","NAICS 4235 Metal and mineral merchant wholesalers","County, NAICS 4-digit -- by ownership sector","All establishment sizes",2,0,0,0,0,0,0,0,"N",0.66,0,0,0,0,0,0,0,"N",0,0.0,0,0,0,0,0,0,0,0,0,0,0,0,0,0
"36093","5","42351","77","0","2016","1","N","Schenectady County, New York","Private","NAICS 42351 Metal merchant wholesalers","County, NAICS 5-digit -- by ownership sector","All establishment sizes",2,0,0,0,0,0,0,0,"N",0.69,0,0,0,0,0,0,0,"N",0,0.0,0,0,0,0,0,0,0,0,0,0,0,0,0,0
"36093","5","42351","77","0","2016","2","N","Schenectady County, New York","Private","NAICS 42351 Metal merchant wholesalers","County, NAICS 5-digit -- by ownership sector","All establishment sizes",2,0,0,0,0,0,0,0,"N",0.69,0,0,0,0,0,0,0,"N",0,0.0,0,0,0,0,0,0,0,0,0,0,0,0,0,0
"36093","5","42351","77","0","2016","3","N","Schenectady County, New York","Private","NAICS 42351 Metal merchant wholesalers","County, NAICS 5-digit -- by ownership sector","All establishment sizes",2,0,0,0,0,0,0,0,"N",0.69,0,0,0,0,0,0,0,"N",0,0.0,0,0,0,0,0,0,0,0,0,0,0,0,0,0
"36093","5","42351","77","0","2016","4","N","Schenectady County, New York","Private","NAICS 42351 Metal merchant wholesalers","County, NAICS 5-digit -- by ownership sector","All establishment sizes",2,0,0,0,0,0,0,0,"N",0.69,0,0,0,0,0,0,0,"N",0,0.0,0,0,0,0,0,0,0,0,0,0,0,0,0,0
"36093","5","423510","78","0","2016","1","N","Schenectady County, New York","Private","NAICS 423510 Metal merchant wholesalers","County, NAICS 6-digit -- by ownership sector","All establishment sizes",2,0,0,0,0,0,0,0,"N",0.69,0,0,0,0,0,0,0,"N",0,0.0,0,0,0,0,0,0,0,0,0,0,0,0,0,0
"36093","5","423510","78","0","2016","2","N","Schenectady County, New York","Private","NAICS 423510 Metal merchant wholesalers","County, NAICS 6-digit -- by ownership sector","All establishment sizes",2,0,0,0,0,0,0,0,"N",0.69,0,0,0,0,0,0,0,"N",0,0.0,0,0,0,0,0,0,0,0,0,0,0,0,0,0
"36093","5","423510","78","0","2016","3","N","Schenectady County, New York","Private","NAICS 423510 Metal merchant wholesalers","County, NAICS 6-digit -- by ownership sector","All establishment sizes",2,0,0,0,0,0,0,0,"N",0.69,0,0,0,0,0,0,0,"N",0,0.0,0,0,0,0,0,0,0,0,0,0,0,0,0,0
"36093","5","423510","78","0","2016","4","N","Schenectady County, New York","Private","NAICS 423510 Metal merchant wholesalers","County, NAICS 6-digit -- by ownership sector","All establishment sizes",2,0,0,0,0,0,0,0,"N",0.69,0,0,0,0,0,0,0,"N",0,0.0,0,0,0,0,0,0,0,0,0,0,0,0,0,0
"36093","5","4236","76","0","2016","1","","Schenectady County, New York","Private","NAICS 4236 Appliance and electric goods merchant whls.","County, NAICS 4-digit -- by ownership sector","All establishment sizes",5,66,64,63,1027305,592972,16108,1228,"",0.50,0.45,0.44,0.43,0.34,0.47,0.42,0.76,"",0,0.0,8,13.8,4,6.7,6,10.5,556987,118.4,195025,49.0,-96,-0.6,608,98.1
"36093","5","4236","76","0","2016","2","","Schenectady County, New York","Private","NAICS 4236 Appliance and electric goods merchant whls.","County, NAICS 4-digit -- by ownership sector","All establishment sizes",5,64,64,73,903998,191835,5690,1038,"",0.49,0.44,0.44,0.49,0.27,0.86,0.84,0.59,"N",0,0.0,0,0,0,0,0,0,0,0,0,0,0,0,0,0
"36093","5","4236","76","0","2016","3","","Schenectady County, New York","Private","NAICS 4236 Appliance and electric goods merchant whls.","County, NAICS 4-digit -- by ownership sector","All establishment sizes",5,76,74,67,1048303,103771,2686,1115,"",0.49,0.54,0.52,0.47,0.34,0.92,0.79,0.67,"N",1,25.0,0,0,0,0,0,0,0,0,0,0,0,0,0,0
"36093","5","4236","76","0","2016","4","","Schenectady County, New York","Private","NAICS 4236 Appliance and electric goods merchant whls.","County, NAICS 4-digit -- by ownership sector","All establishment sizes",5,69,70,70,1027666,62729,1802,1135,"",0.49,0.47,0.48,0.48,0.33,0.82,0.71,0.69,"",1,25.0,13,23.2,8,12.9,10,16.7,232198,29.2,32401,106.8,412,29.6,104,10.1
"36093","5","42361","77","0","2016","1","N","Schenectady County, New York","Private","NAICS 42361 Elec. equip. and wiring merchant wholesalers","County, NAICS 5-digit -- by ownership sector","All establishment sizes",2,0,0,0,0,0,0,0,"N",0.41,0,0,0,0,0,0,0,"N",1,100.0,0,0,0,0,0,0,0,0,0,0,0,0,0,0
"36093","5","42361","77","0","2016","2","N","Schenectady County, New York","Private","NAICS 42361 Elec. equip. and wiring merchant wholesalers","County, NAICS 5-digit -- by ownership sector","All establishment sizes",2,0,0,0,0,0,0,0,"N",0.41,0,0,0,0,0,0,0,"N",1,100.0,0,0,0,0,0,0,0,0,0,0,0,0,0,0
"36093","5","42361","77","0","2016","3","N","Schenectady County, New York","Private","NAICS 42361 Elec. equip. and wiring merchant wholesalers","County, NAICS 5-digit -- by ownership sector","All establishment sizes",2,0,0,0,0,0,0,0,"N",0.41,0,0,0,0,0,0,0,"N",1,100.0,0,0,0,0,0,0,0,0,0,0,0,0,0,0
"36093","5","42361","77","0","2016","4","N","Schenectady County, New York","Private","NAICS 42361 Elec. equip. and wiring merchant wholesalers","County, NAICS 5-digit -- by ownership sector","All establishment sizes",2,0,0,0,0,0,0,0,"N",0.41,0,0,0,0,0,0,0,"N",1,100.0,0,0,0,0,0,0,0,0,0,0,0,0,0,0
"36093","5","423610","78","0","2016","1","N","Schenectady County, New York","Private","NAICS 423610 Elec. equip. and wiring merchant wholesalers","County, NAICS 6-digit -- by ownership sector","All establishment sizes",2,0,0,0,0,0,0,0,"N",0.41,0,0,0,0,0,0,0,"N",1,100.0,0,0,0,0,0,0,0,0,0,0,0,0,0,0
"36093","5","423610","78","0","2016","2","N","Schenectady County, New York","Private","NAICS 423610 Elec. equip. and wiring merchant wholesalers","County, NAICS 6-digit -- by ownership sector","All establishment sizes",2,0,0,0,0,0,0,0,"N",0.41,0,0,0,0,0,0,0,"N",1,100.0,0,0,0,0,0,0,0,0,0,0,0,0,0,0
"36093","5","423610","78","0","2016","3","N","Schenectady County, New York","Private","NAICS 423610 Elec. equip. and wiring merchant wholesalers","County, NAICS 6-digit -- by ownership sector","All establishment sizes",2,0,0,0,0,0,0,0,"N",0.41,0,0,0,0,0,0,0,"N",1,100.0,0,0,0,0,0,0,0,0,0,0,0,0,0,0
"36093","5","423610","78","0","2016","4","N","Schenectady County, New York","Private","NAICS 423610 Elec. equip. and wiring merchant wholesalers","County, NAICS 6-digit -- by ownership sector","All establishment sizes",2,0,0,0,0,0,0,0,"N",0.41,0,0,0,0,0,0,0,"N",1,100.0,0,0,0,0,0,0,0,0,0,0,0,0,0,0
"36093","5","42362","77","0","2016","1","N","Schenectady County, New York","Private","NAICS 42362 Appliance and electronics merchant whls.","County, NAICS 5-digit -- by ownership sector","All establishment sizes",1,0,0,0,0,0,0,0,"N",0.96,0,0,0,0,0,0,0,"N",0,0.0,0,0,0,0,0,0,0,0,0,0,0,0,0,0
"36093","5","42362","77","0","2016","2","N","Schenectady County, New York","Private","NAICS 42362 Appliance and electronics merchant whls.","County, NAICS 5-digit -- by ownership sector","All establishment sizes",1,0,0,0,0,0,0,0,"N",0.95,0,0,0,0,0,0,0,"N",0,0.0,0,0,0,0,0,0,0,0,0,0,0,0,0,0
"36093","5","42362","77","0","2016","3","N","Schenectady County, New York","Private","NAICS 42362 Appliance and electronics merchant whls.","County, NAICS 5-digit -- by ownership sector","All establishment sizes",1,0,0,0,0,0,0,0,"N",0.95,0,0,0,0,0,0,0,"N",0,0.0,0,0,0,0,0,0,0,0,0,0,0,0,0,0
"36093","5","42362","77","0","2016","4","N","Schenectady County, New York","Private","NAICS 42362 Appliance and electronics merchant whls.","County, NAICS 5-digit -- by ownership sector","All establishment sizes",1,0,0,0,0,0,0,0,"N",0.95,0,0,0,0,0,0,0,"N",0,0.0,0,0,0,0,0,0,0,0,0,0,0,0,0,0
"36093","5","423620","78","0","2016","1","N","Schenectady County, New York","Private","NAICS 423620 Appliance and electronics merchant whls.","County, NAICS 6-digit -- by ownership sector","All establishment sizes",1,0,0,0,0,0,0,0,"N",0.96,0,0,0,0,0,0,0,"N",0,0.0,0,0,0,0,0,0,0,0,0,0,0,0,0,0
"36093","5","423620","78","0","2016","2","N","Schenectady County, New York","Private","NAICS 423620 Appliance and electronics merchant whls.","County, NAICS 6-digit -- by ownership sector","All establishment sizes",1,0,0,0,0,0,0,0,"N",0.95,0,0,0,0,0,0,0,"N",0,0.0,0,0,0,0,0,0,0,0,0,0,0,0,0,0
"36093","5","423620","78","0","2016","3","N","Schenectady County, New York","Private","NAICS 423620 Appliance and electronics merchant whls.","County, NAICS 6-digit -- by ownership sector","All establishment sizes",1,0,0,0,0,0,0,0,"N",0.95,0,0,0,0,0,0,0,"N",0,0.0,0,0,0,0,0,0,0,0,0,0,0,0,0,0
"36093","5","423620","78","0","2016","4","N","Schenectady County, New York","Private","NAICS 423620 Appliance and electronics merchant whls.","County, NAICS 6-digit -- by ownership sector","All establishment sizes",1,0,0,0,0,0,0,0,"N",0.95,0,0,0,0,0,0,0,"N",0,0.0,0,0,0,0,0,0,0,0,0,0,0,0,0,0
"36093","5","42369","77","0","2016","1","N","Schenectady County, New York","Private","NAICS 42369 Other electronic parts merchant wholesalers","County, NAICS 5-digit -- by ownership sector","All establishment sizes",2,0,0,0,0,0,0,0,"N",0.48,0,0,0,0,0,0,0,"N",-1,-33.3,0,0,0,0,0,0,0,0,0,0,0,0,0,0
"36093","5","42369","77","0","2016","2","N","Schenectady County, New York","Private","NAICS 42369 Other electronic parts merchant wholesalers","County, NAICS 5-digit -- by ownership sector","All establishment sizes",2,0,0,0,0,0,0,0,"N",0.47,0,0,0,0,0,0,0,"N",-1,-33.3,0,0,0,0,0,0,0,0,0,0,0,0,0,0
"36093","5","42369","77","0","2016","3","N","Schenectady County, New York","Private","NAICS 42369 Other electronic parts merchant wholesalers","County, NAICS 5-digit -- by ownership sector","All establishment sizes",2,0,0,0,0,0,0,0,"N",0.48,0,0,0,0,0,0,0,"N",0,0.0,0,0,0,0,0,0,0,0,0,0,0,0,0,0
"36093","5","42369","77","0","2016","4","N","Schenectady County, New York","Private","NAICS 42369 Other electronic parts merchant wholesalers","County, NAICS 5-digit -- by ownership sector","All establishment sizes",2,0,0,0,0,0,0,0,"N",0.48,0,0,0,0,0,0,0,"N",0,0.0,0,0,0,0,0,0,0,0,0,0,0,0,0,0
"36093","5","423690","78","0","2016","1","N","Schenectady County, New York","Private","NAICS 423690 Other electronic parts merchant wholesalers","County, NAICS 6-digit -- by ownership sector","All establishment sizes",2,0,0,0,0,0,0,0,"N",0.48,0,0,0,0,0,0,0,"N",-1,-33.3,0,0,0,0,0,0,0,0,0,0,0,0,0,0
"36093","5","423690","78","0","2016","2","N","Schenectady County, New York","Private","NAICS 423690 Other electronic parts merchant wholesalers","County, NAICS 6-digit -- by ownership sector","All establishment sizes",2,0,0,0,0,0,0,0,"N",0.47,0,0,0,0,0,0,0,"N",-1,-33.3,0,0,0,0,0,0,0,0,0,0,0,0,0,0
"36093","5","423690","78","0","2016","3","N","Schenectady County, New York","Private","NAICS 423690 Other electronic parts merchant wholesalers","County, NAICS 6-digit -- by ownership sector","All establishment sizes",2,0,0,0,0,0,0,0,"N",0.48,0,0,0,0,0,0,0,"N",0,0.0,0,0,0,0,0,0,0,0,0,0,0,0,0,0
"36093","5","423690","78","0","2016","4","N","Schenectady County, New York","Private","NAICS 423690 Other electronic parts merchant wholesalers","County, NAICS 6-digit -- by ownership sector","All establishment sizes",2,0,0,0,0,0,0,0,"N",0.48,0,0,0,0,0,0,0,"N",0,0.0,0,0,0,0,0,0,0,0,0,0,0,0,0,0
"36093","5","4237","76","0","2016","1","","Schenectady County, New York","Private","NAICS 4237 Hardware and plumbing merchant wholesalers","County, NAICS 4-digit -- by ownership sector","All establishment sizes",6,65,65,65,1530612,717512,17594,1811,"",0.81,0.59,0.59,0.59,0.88,0.81,0.70,1.49,"",0,0.0,-8,-11.0,-9,-12.2,-8,-11.0,-69484,-4.3,-8435,-1.2,-6412,-26.7,133,7.9
"36093","5","4237","76","0","2016","2","N","Schenectady County, New York","Private","NAICS 4237 Hardware and plumbing merchant wholesalers","County, NAICS 4-digit -- by ownership sector","All establishment sizes",6,0,0,0,0,0,0,0,"N",0.80,0,0,0,0,0,0,0,"N",0,0.0,0,0,0,0,0,0,0,0,0,0,0,0,0,0
"36093","5","4237","76","0","2016","3","","Schenectady County, New York","Private","NAICS 4237 Hardware and plumbing merchant wholesalers","County, NAICS 4-digit -- by ownership sector","All establishment sizes",6,64,66,65,1625933,24284,558,1924,"",0.80,0.59,0.61,0.60,0.89,0.25,0.20,1.49,"",0,0.0,-5,-7.2,-3,-4.3,-3,-4.4,141054,9.5,-6386,-20.8,-335,-37.5,261,15.7
"36093","5","4237","76","0","2016","4","N","Schenectady County, New York","Private","NAICS 4237 Hardware and plumbing merchant wholesalers","County, NAICS 4-digit -- by ownership sector","All establishment sizes",6,0,0,0,0,0,0,0,"N",0.80,0,0,0,0,0,0,0,"N",0,0.0,0,0,0,0,0,0,0,0,0,0,0,0,0,0
"36093","5","42372","77","0","2016","1","N","Schenectady County, New York","Private","NAICS 42372 Plumbing equip. merchant wholesalers","County, NAICS 5-digit -- by ownership sector","All establishment sizes",2,0,0,0,0,0,0,0,"N",0.69,0,0,0,0,0,0,0,"N",0,0.0,0,0,0,0,0,0,0,0,0,0,0,0,0,0
"36093","5","42372","77","0","2016","2","N","Schenectady County, New York","Private","NAICS 42372 Plumbing equip. merchant wholesalers","County, NAICS 5-digit -- by ownership sector","All establishment sizes",2,0,0,0,0,0,0,0,"N",0.69,0,0,0,0,0,0,0,"N",0,0.0,0,0,0,0,0,0,0,0,0,0,0,0,0,0
"36093","5","42372","77","0","2016","3","N","Schenectady County, New York","Private","NAICS 42372 Plumbing equip. merchant wholesalers","County, NAICS 5-digit -- by ownership sector","All establishment sizes",2,0,0,0,0,0,0,0,"N",0.68,0,0,0,0,0,0,0,"N",0,0.0,0,0,0,0,0,0,0,0,0,0,0,0,0,0
"36093","5","42372","77","0","2016","4","N","Schenectady County, New York","Private","NAICS 42372 Plumbing equip. merchant wholesalers","County, NAICS 5-digit -- by ownership sector","All establishment sizes",2,0,0,0,0,0,0,0,"N",0.68,0,0,0,0,0,0,0,"N",0,0.0,0,0,0,0,0,0,0,0,0,0,0,0,0,0
"36093","5","423720","78","0","2016","1","N","Schenectady County, New York","Private","NAICS 423720 Plumbing equip. merchant wholesalers","County, NAICS 6-digit -- by ownership sector","All establishment sizes",2,0,0,0,0,0,0,0,"N",0.69,0,0,0,0,0,0,0,"N",0,0.0,0,0,0,0,0,0,0,0,0,0,0,0,0,0
"36093","5","423720","78","0","2016","2","N","Schenectady County, New York","Private","NAICS 423720 Plumbing equip. merchant wholesalers","County, NAICS 6-digit -- by ownership sector","All establishment sizes",2,0,0,0,0,0,0,0,"N",0.69,0,0,0,0,0,0,0,"N",0,0.0,0,0,0,0,0,0,0,0,0,0,0,0,0,0
"36093","5","423720","78","0","2016","3","N","Schenectady County, New York","Private","NAICS 423720 Plumbing equip. merchant wholesalers","County, NAICS 6-digit -- by ownership sector","All establishment sizes",2,0,0,0,0,0,0,0,"N",0.68,0,0,0,0,0,0,0,"N",0,0.0,0,0,0,0,0,0,0,0,0,0,0,0,0,0
"36093","5","423720","78","0","2016","4","N","Schenectady County, New York","Private","NAICS 423720 Plumbing equip. merchant wholesalers","County, NAICS 6-digit -- by ownership sector","All establishment sizes",2,0,0,0,0,0,0,0,"N",0.68,0,0,0,0,0,0,0,"N",0,0.0,0,0,0,0,0,0,0,0,0,0,0,0,0,0
"36093","5","42373","77","0","2016","1","N","Schenectady County, New York","Private","NAICS 42373 Hvac equip. merchant wholesalers","County, NAICS 5-digit -- by ownership sector","All establishment sizes",4,0,0,0,0,0,0,0,"N",2.21,0,0,0,0,0,0,0,"N",0,0.0,0,0,0,0,0,0,0,0,0,0,0,0,0,0
"36093","5","42373","77","0","2016","2","","Schenectady County, New York","Private","NAICS 42373 Hvac equip. merchant wholesalers","County, NAICS 5-digit -- by ownership sector","All establishment sizes",4,52,52,52,1242681,42114,882,1838,"",2.19,1.89,1.89,1.84,2.30,1.03,0.72,1.23,"N",0,0.0,0,0,0,0,0,0,0,0,0,0,0,0,0,0
"36093","5","42373","77","0","2016","3","N","Schenectady County, New York","Private","NAICS 42373 Hvac equip. merchant wholesalers","County, NAICS 5-digit -- by ownership sector","All establishment sizes",4,0,0,0,0,0,0,0,"N",2.21,0,0,0,0,0,0,0,"N",0,0.0,0,0,0,0,0,0,0,0,0,0,0,0,0,0
"36093","5","42373","77","0","2016","4","N","Schenectady County, New York","Private","NAICS 42373 Hvac equip. merchant wholesalers","County, NAICS 5-digit -- by ownership sector","All establishment sizes",4,0,0,0,0,0,0,0,"N",2.20,0,0,0,0,0,0,0,"N",0,0.0,0,0,0,0,0,0,0,0,0,0,0,0,0,0
"36093","5","423730","78","0","2016","1","N","Schenectady County, New York","Private","NAICS 423730 Hvac equip. merchant wholesalers","County, NAICS 6-digit -- by ownership sector","All establishment sizes",4,0,0,0,0,0,0,0,"N",2.21,0,0,0,0,0,0,0,"N",0,0.0,0,0,0,0,0,0,0,0,0,0,0,0,0,0
"36093","5","423730","78","0","2016","2","","Schenectady County, New York","Private","NAICS 423730 Hvac equip. merchant wholesalers","County, NAICS 6-digit -- by ownership sector","All establishment sizes",4,52,52,52,1242681,42114,882,1838,"",2.19,1.89,1.89,1.84,2.30,1.03,0.72,1.23,"N",0,0.0,0,0,0,0,0,0,0,0,0,0,0,0,0,0
"36093","5","423730","78","0","2016","3","N","Schenectady County, New York","Private","NAICS 423730 Hvac equip. merchant wholesalers","County, NAICS 6-digit -- by ownership sector","All establishment sizes",4,0,0,0,0,0,0,0,"N",2.21,0,0,0,0,0,0,0,"N",0,0.0,0,0,0,0,0,0,0,0,0,0,0,0,0,0
"36093","5","423730","78","0","2016","4","N","Schenectady County, New York","Private","NAICS 423730 Hvac equip. merchant wholesalers","County, NAICS 6-digit -- by ownership sector","All establishment sizes",4,0,0,0,0,0,0,0,"N",2.20,0,0,0,0,0,0,0,"N",0,0.0,0,0,0,0,0,0,0,0,0,0,0,0,0,0
"36093","5","4238","76","0","2016","1","","Schenectady County, New York","Private","NAICS 4238 Machinery and supply merchant wholesalers","County, NAICS 4-digit -- by ownership sector","All establishment sizes",13,123,125,129,2116352,1155168,37432,1295,"",0.61,0.41,0.42,0.43,0.44,0.46,0.57,1.05,"",0,0.0,1,0.8,6,5.0,10,8.4,131744,6.6,50294,4.6,-4186,-10.1,23,1.8
"36093","5","4238","76","0","2016","2","","Schenectady County, New York","Private","NAICS 4238 Machinery and supply merchant wholesalers","County, NAICS 4-digit -- by ownership sector","All establishment sizes",13,130,127,131,2415564,231264,8682,1437,"",0.60,0.44,0.43,0.44,0.45,0.44,0.62,1.04,"",1,8.3,8,6.6,6,5.0,14,12.0,290458,13.7,56647,32.4,1209,16.2,75,5.5
"36093","5","4238","76","0","2016","3","","Schenectady County, New York","Private","NAICS 4238 Machinery and supply merchant wholesalers","County, NAICS 4-digit -- by ownership sector","All establishment sizes",13,134,133,134,2320458,88216,3834,1335,"",0.60,0.47,0.46,0.47,0.46,0.36,0.56,0.99,"",0,0.0,16,13.6,12,9.9,11,8.9,254878,12.3,11071,14.4,258,7.2,18,1.4
"36093","5","4238","76","0","2016","4","","Schenectady County, New York","Private","NAICS 4238 Machinery and supply merchant wholesalers","County, NAICS 4-digit -- by ownership sector","All establishment sizes",13,132,129,131,2273466,69719,2699,1338,"",0.60,0.45,0.44,0.45,0.44,0.44,0.58,0.97,"",0,0.0,9,7.3,5,4.0,7,5.6,18605,0.8,-10286,-12.9,-578,-17.6,-65,-4.6
"36093","5","42381","77","0","2016","1","N","Schenectady County, New York","Private","NAICS 42381 Construction equipment merchant wholesalers","County, NAICS 5-digit -- by ownership sector","All establishment sizes",1,0,0,0,0,0,0,0,"N",0.58,0,0,0,0,0,0,0,"N",0,0.0,0,0,0,0,0,0,0,0,0,0,0,0,0,0
"36093","5","42381","77","0","2016","2","N","Schenectady County, New York","Private","NAICS 42381 Construction equipment merchant wholesalers","County, NAICS 5-digit -- by ownership sector","All establishment sizes",1,0,0,0,0,0,0,0,"N",0.58,0,0,0,0,0,0,0,"N",0,0.0,0,0,0,0,0,0,0,0,0,0,0,0,0,0
"36093","5","42381","77","0","2016","3","N","Schenectady County, New York","Private","NAICS 42381 Construction equipment merchant wholesalers","County, NAICS 5-digit -- by ownership sector","All establishment sizes",1,0,0,0,0,0,0,0,"N",0.58,0,0,0,0,0,0,0,"N",0,0.0,0,0,0,0,0,0,0,0,0,0,0,0,0,0
"36093","5","42381","77","0","2016","4","N","Schenectady County, New York","Private","NAICS 42381 Construction equipment merchant wholesalers","County, NAICS 5-digit -- by ownership sector","All establishment sizes",1,0,0,0,0,0,0,0,"N",0.58,0,0,0,0,0,0,0,"N",0,0.0,0,0,0,0,0,0,0,0,0,0,0,0,0,0
"36093","5","423810","78","0","2016","1","N","Schenectady County, New York","Private","NAICS 423810 Construction equipment merchant wholesalers","County, NAICS 6-digit -- by ownership sector","All establishment sizes",1,0,0,0,0,0,0,0,"N",0.58,0,0,0,0,0,0,0,"N",0,0.0,0,0,0,0,0,0,0,0,0,0,0,0,0,0
"36093","5","423810","78","0","2016","2","N","Schenectady County, New York","Private","NAICS 423810 Construction equipment merchant wholesalers","County, NAICS 6-digit -- by ownership sector","All establishment sizes",1,0,0,0,0,0,0,0,"N",0.58,0,0,0,0,0,0,0,"N",0,0.0,0,0,0,0,0,0,0,0,0,0,0,0,0,0
"36093","5","423810","78","0","2016","3","N","Schenectady County, New York","Private","NAICS 423810 Construction equipment merchant wholesalers","County, NAICS 6-digit -- by ownership sector","All establishment sizes",1,0,0,0,0,0,0,0,"N",0.58,0,0,0,0,0,0,0,"N",0,0.0,0,0,0,0,0,0,0,0,0,0,0,0,0,0
"36093","5","423810","78","0","2016","4","N","Schenectady County, New York","Private","NAICS 423810 Construction equipment merchant wholesalers","County, NAICS 6-digit -- by ownership sector","All establishment sizes",1,0,0,0,0,0,0,0,"N",0.58,0,0,0,0,0,0,0,"N",0,0.0,0,0,0,0,0,0,0,0,0,0,0,0,0,0
"36093","5","42383","77","0","2016","1","","Schenectady County, New York","Private","NAICS 42383 Industrial machinery merchant wholesalers","County, NAICS 5-digit -- by ownership sector","All establishment sizes",10,99,102,104,1795934,965367,33041,1359,"",0.99,0.73,0.75,0.77,0.76,0.82,0.99,1.02,"",0,0.0,-3,-2.9,2,2.0,4,4.0,101250,6.0,18692,2.0,-4543,-12.1,64,4.9
"36093","5","42383","77","0","2016","2","","Schenectady County, New York","Private","NAICS 42383 Industrial machinery merchant wholesalers","County, NAICS 5-digit -- by ownership sector","All establishment sizes",10,105,105,108,2093205,178349,7307,1519,"",0.99,0.78,0.78,0.80,0.80,0.86,1.23,1.02,"",1,11.1,3,2.9,4,4.0,13,13.7,269367,14.8,54206,43.7,1313,21.9,107,7.6
"36093","5","42383","77","0","2016","3","","Schenectady County, New York","Private","NAICS 42383 Industrial machinery merchant wholesalers","County, NAICS 5-digit -- by ownership sector","All establishment sizes",10,111,110,112,2006189,74421,3469,1390,"",0.99,0.86,0.85,0.86,0.83,0.76,1.22,0.97,"",0,0.0,15,15.6,11,11.1,12,12.0,272144,15.7,17762,31.3,491,16.5,34,2.5
"36093","5","42383","77","0","2016","4","","Schenectady County, New York","Private","NAICS 42383 Industrial machinery merchant wholesalers","County, NAICS 5-digit -- by ownership sector","All establishment sizes",10,110,110,111,1969821,52005,2236,1373,"",0.98,0.83,0.83,0.84,0.79,0.79,1.08,0.94,"",0,0.0,10,10.0,7,6.8,9,8.8,149633,8.2,-5161,-9.0,-310,-12.2,-4,-0.3
"36093","5","423830","78","0","2016","1","","Schenectady County, New York","Private","NAICS 423830 Industrial machinery merchant wholesalers","County, NAICS 6-digit -- by ownership sector","All establishment sizes",10,99,102,104,1795934,965367,33041,1359,"",0.99,0.73,0.75,0.77,0.76,0.82,0.99,1.02,"",0,0.0,-3,-2.9,2,2.0,4,4.0,101250,6.0,18692,2.0,-4543,-12.1,64,4.9
"36093","5","423830","78","0","2016","2","","Schenectady County, New York","Private","NAICS 423830 Industrial machinery merchant wholesalers","County, NAICS 6-digit -- by ownership sector","All establishment sizes",10,105,105,108,2093205,178349,7307,1519,"",0.99,0.78,0.78,0.80,0.80,0.86,1.23,1.02,"",1,11.1,3,2.9,4,4.0,13,13.7,269367,14.8,54206,43.7,1313,21.9,107,7.6
"36093","5","423830","78","0","2016","3","","Schenectady County, New York","Private","NAICS 423830 Industrial machinery merchant wholesalers","County, NAICS 6-digit -- by ownership sector","All establishment sizes",10,111,110,112,2006189,74421,3469,1390,"",0.99,0.86,0.85,0.86,0.83,0.76,1.22,0.97,"",0,0.0,15,15.6,11,11.1,12,12.0,272144,15.7,17762,31.3,491,16.5,34,2.5
"36093","5","423830","78","0","2016","4","","Schenectady County, New York","Private","NAICS 423830 Industrial machinery merchant wholesalers","County, NAICS 6-digit -- by ownership sector","All establishment sizes",10,110,110,111,1969821,52005,2236,1373,"",0.98,0.83,0.83,0.84,0.79,0.79,1.08,0.94,"",0,0.0,10,10.0,7,6.8,9,8.8,149633,8.2,-5161,-9.0,-310,-12.2,-4,-0.3
"36093","5","42384","77","0","2016","1","N","Schenectady County, New York","Private","NAICS 42384 Industrial supplies merchant wholesalers","County, NAICS 5-digit -- by ownership sector","All establishment sizes",2,0,0,0,0,0,0,0,"N",0.57,0,0,0,0,0,0,0,"N",0,0.0,0,0,0,0,0,0,0,0,0,0,0,0,0,0
"36093","5","42384","77","0","2016","2","N","Schenectady County, New York","Private","NAICS 42384 Industrial supplies merchant wholesalers","County, NAICS 5-digit -- by ownership sector","All establishment sizes",2,0,0,0,0,0,0,0,"N",0.57,0,0,0,0,0,0,0,"N",0,0.0,0,0,0,0,0,0,0,0,0,0,0,0,0,0
"36093","5","42384","77","0","2016","3","N","Schenectady County, New York","Private","NAICS 42384 Industrial supplies merchant wholesalers","County, NAICS 5-digit -- by ownership sector","All establishment sizes",2,0,0,0,0,0,0,0,"N",0.57,0,0,0,0,0,0,0,"N",0,0.0,0,0,0,0,0,0,0,0,0,0,0,0,0,0
"36093","5","42384","77","0","2016","4","N","Schenectady County, New York","Private","NAICS 42384 Industrial supplies merchant wholesalers","County, NAICS 5-digit -- by ownership sector","All establishment sizes",2,0,0,0,0,0,0,0,"N",0.57,0,0,0,0,0,0,0,"N",0,0.0,0,0,0,0,0,0,0,0,0,0,0,0,0,0
"36093","5","423840","78","0","2016","1","N","Schenectady County, New York","Private","NAICS 423840 Industrial supplies merchant wholesalers","County, NAICS 6-digit -- by ownership sector","All establishment sizes",2,0,0,0,0,0,0,0,"N",0.57,0,0,0,0,0,0,0,"N",0,0.0,0,0,0,0,0,0,0,0,0,0,0,0,0,0
"36093","5","423840","78","0","2016","2","N","Schenectady County, New York","Private","NAICS 423840 Industrial supplies merchant wholesalers","County, NAICS 6-digit -- by ownership sector","All establishment sizes",2,0,0,0,0,0,0,0,"N",0.57,0,0,0,0,0,0,0,"N",0,0.0,0,0,0,0,0,0,0,0,0,0,0,0,0,0
"36093","5","423840","78","0","2016","3","N","Schenectady County, New York","Private","NAICS 423840 Industrial supplies merchant wholesalers","County, NAICS 6-digit -- by ownership sector","All establishment sizes",2,0,0,0,0,0,0,0,"N",0.57,0,0,0,0,0,0,0,"N",0,0.0,0,0,0,0,0,0,0,0,0,0,0,0,0,0
"36093","5","423840","78","0","2016","4","N","Schenectady County, New York","Private","NAICS 423840 Industrial supplies merchant wholesalers","County, NAICS 6-digit -- by ownership sector","All establishment sizes",2,0,0,0,0,0,0,0,"N",0.57,0,0,0,0,0,0,0,"N",0,0.0,0,0,0,0,0,0,0,0,0,0,0,0,0,0
"36093","5","4239","76","0","2016","1","","Schenectady County, New York","Private","NAICS 4239 Misc. durable goods merchant wholesalers","County, NAICS 4-digit -- by ownership sector","All establishment sizes",8,154,152,143,1155252,997961,39609,594,"",0.65,1.21,1.20,1.13,0.71,1.11,1.36,0.60,"",2,33.3,14,10.0,17,12.6,5,3.6,114201,11.0,149265,17.6,-703,-1.7,12,2.1
"36093","5","4239","76","0","2016","2","","Schenectady County, New York","Private","NAICS 4239 Misc. durable goods merchant wholesalers","County, NAICS 4-digit -- by ownership sector","All establishment sizes",8,101,110,112,1113155,376409,14387,795,"",0.65,0.79,0.86,0.86,0.59,1.55,1.66,0.70,"",2,33.3,-36,-26.3,-37,-25.2,-44,-28.2,-20409,-1.8,-53771,-12.5,-5793,-28.7,200,33.6
"36093","5","4239","76","0","2016","3","","Schenectady County, New York","Private","NAICS 4239 Misc. durable goods merchant wholesalers","County, NAICS 4-digit -- by ownership sector","All establishment sizes",8,113,114,121,1318241,252652,9852,874,"",0.65,0.90,0.91,0.96,0.74,1.88,2.17,0.79,"",2,33.3,-40,-26.1,-42,-26.9,-36,-22.9,68331,5.5,-49263,-16.3,-3911,-28.4,255,41.2
"36093","5","4239","76","0","2016","4","","Schenectady County, New York","Private","NAICS 4239 Misc. durable goods merchant wholesalers","County, NAICS 4-digit -- by ownership sector","All establishment sizes",8,120,121,119,1244640,160381,6489,798,"",0.65,0.92,0.92,0.92,0.67,1.57,1.79,0.72,"",2,33.3,-26,-17.8,-23,-16.0,-26,-17.9,-62351,-4.8,-73617,-31.5,-3959,-37.9,105,15.2
"36093","5","42391","77","0","2016","1","N","Schenectady County, New York","Private","NAICS 42391 Sporting goods merchant wholesalers","County, NAICS 5-digit -- by ownership sector","All establishment sizes",1,0,0,0,0,0,0,0,"N",0.50,0,0,0,0,0,0,0,"N",1,100.0,0,0,0,0,0,0,0,0,0,0,0,0,0,0
"36093","5","42391","77","0","2016","2","N","Schenectady County, New York","Private","NAICS 42391 Sporting goods merchant wholesalers","County, NAICS 5-digit -- by ownership sector","All establishment sizes",1,0,0,0,0,0,0,0,"N",0.49,0,0,0,0,0,0,0,"N",1,100.0,0,0,0,0,0,0,0,0,0,0,0,0,0,0
"36093","5","42391","77","0","2016","3","N","Schenectady County, New York","Private","NAICS 42391 Sporting goods merchant wholesalers","County, NAICS 5-digit -- by ownership sector","All establishment sizes",1,0,0,0,0,0,0,0,"N",0.49,0,0,0,0,0,0,0,"N",1,100.0,0,0,0,0,0,0,0,0,0,0,0,0,0,0
"36093","5","42391","77","0","2016","4","N","Schenectady County, New York","Private","NAICS 42391 Sporting goods merchant wholesalers","County, NAICS 5-digit -- by ownership sector","All establishment sizes",1,0,0,0,0,0,0,0,"N",0.49,0,0,0,0,0,0,0,"N",1,100.0,0,0,0,0,0,0,0,0,0,0,0,0,0,0
"36093","5","423910","78","0","2016","1","N","Schenectady County, New York","Private","NAICS 423910 Sporting goods merchant wholesalers","County, NAICS 6-digit -- by ownership sector","All establishment sizes",1,0,0,0,0,0,0,0,"N",0.50,0,0,0,0,0,0,0,"N",1,100.0,0,0,0,0,0,0,0,0,0,0,0,0,0,0
"36093","5","423910","78","0","2016","2","N","Schenectady County, New York","Private","NAICS 423910 Sporting goods merchant wholesalers","County, NAICS 6-digit -- by ownership sector","All establishment sizes",1,0,0,0,0,0,0,0,"N",0.49,0,0,0,0,0,0,0,"N",1,100.0,0,0,0,0,0,0,0,0,0,0,0,0,0,0
"36093","5","423910","78","0","2016","3","N","Schenectady County, New York","Private","NAICS 423910 Sporting goods merchant wholesalers","County, NAICS 6-digit -- by ownership sector","All establishment sizes",1,0,0,0,0,0,0,0,"N",0.49,0,0,0,0,0,0,0,"N",1,100.0,0,0,0,0,0,0,0,0,0,0,0,0,0,0
"36093","5","423910","78","0","2016","4","N","Schenectady County, New York","Private","NAICS 423910 Sporting goods merchant wholesalers","County, NAICS 6-digit -- by ownership sector","All establishment sizes",1,0,0,0,0,0,0,0,"N",0.49,0,0,0,0,0,0,0,"N",1,100.0,0,0,0,0,0,0,0,0,0,0,0,0,0,0
"36093","5","42393","77","0","2016","1","N","Schenectady County, New York","Private","NAICS 42393 Recyclable material merchant wholesalers","County, NAICS 5-digit -- by ownership sector","All establishment sizes",5,0,0,0,0,0,0,0,"N",1.66,0,0,0,0,0,0,0,"N",1,25.0,0,0,0,0,0,0,0,0,0,0,0,0,0,0
"36093","5","42393","77","0","2016","2","N","Schenectady County, New York","Private","NAICS 42393 Recyclable material merchant wholesalers","County, NAICS 5-digit -- by ownership sector","All establishment sizes",5,0,0,0,0,0,0,0,"N",1.66,0,0,0,0,0,0,0,"N",1,25.0,0,0,0,0,0,0,0,0,0,0,0,0,0,0
"36093","5","42393","77","0","2016","3","N","Schenectady County, New York","Private","NAICS 42393 Recyclable material merchant wholesalers","County, NAICS 5-digit -- by ownership sector","All establishment sizes",5,0,0,0,0,0,0,0,"N",1.67,0,0,0,0,0,0,0,"N",1,25.0,0,0,0,0,0,0,0,0,0,0,0,0,0,0
"36093","5","42393","77","0","2016","4","N","Schenectady County, New York","Private","NAICS 42393 Recyclable material merchant wholesalers","County, NAICS 5-digit -- by ownership sector","All establishment sizes",5,0,0,0,0,0,0,0,"N",1.68,0,0,0,0,0,0,0,"N",1,25.0,0,0,0,0,0,0,0,0,0,0,0,0,0,0
"36093","5","423930","78","0","2016","1","N","Schenectady County, New York","Private","NAICS 423930 Recyclable material merchant wholesalers","County, NAICS 6-digit -- by ownership sector","All establishment sizes",5,0,0,0,0,0,0,0,"N",1.66,0,0,0,0,0,0,0,"N",1,25.0,0,0,0,0,0,0,0,0,0,0,0,0,0,0
"36093","5","423930","78","0","2016","2","N","Schenectady County, New York","Private","NAICS 423930 Recyclable material merchant wholesalers","County, NAICS 6-digit -- by ownership sector","All establishment sizes",5,0,0,0,0,0,0,0,"N",1.66,0,0,0,0,0,0,0,"N",1,25.0,0,0,0,0,0,0,0,0,0,0,0,0,0,0
"36093","5","423930","78","0","2016","3","N","Schenectady County, New York","Private","NAICS 423930 Recyclable material merchant wholesalers","County, NAICS 6-digit -- by ownership sector","All establishment sizes",5,0,0,0,0,0,0,0,"N",1.67,0,0,0,0,0,0,0,"N",1,25.0,0,0,0,0,0,0,0,0,0,0,0,0,0,0
"36093","5","423930","78","0","2016","4","N","Schenectady County, New York","Private","NAICS 423930 Recyclable material merchant wholesalers","County, NAICS 6-digit -- by ownership sector","All establishment sizes",5,0,0,0,0,0,0,0,"N",1.68,0,0,0,0,0,0,0,"N",1,25.0,0,0,0,0,0,0,0,0,0,0,0,0,0,0
"36093","5","42399","77","0","2016","1","N","Schenectady County, New York","Private","NAICS 42399 Other durable goods merchant wholesalers","County, NAICS 5-digit -- by ownership sector","All establishment sizes",2,0,0,0,0,0,0,0,"N",0.51,0,0,0,0,0,0,0,"N",0,0.0,0,0,0,0,0,0,0,0,0,0,0,0,0,0
"36093","5","42399","77","0","2016","2","N","Schenectady County, New York","Private","NAICS 42399 Other durable goods merchant wholesalers","County, NAICS 5-digit -- by ownership sector","All establishment sizes",2,0,0,0,0,0,0,0,"N",0.51,0,0,0,0,0,0,0,"N",0,0.0,0,0,0,0,0,0,0,0,0,0,0,0,0,0
"36093","5","42399","77","0","2016","3","N","Schenectady County, New York","Private","NAICS 42399 Other durable goods merchant wholesalers","County, NAICS 5-digit -- by ownership sector","All establishment sizes",2,0,0,0,0,0,0,0,"N",0.51,0,0,0,0,0,0,0,"N",0,0.0,0,0,0,0,0,0,0,0,0,0,0,0,0,0
"36093","5","42399","77","0","2016","4","N","Schenectady County, New York","Private","NAICS 42399 Other durable goods merchant wholesalers","County, NAICS 5-digit -- by ownership sector","All establishment sizes",2,0,0,0,0,0,0,0,"N",0.50,0,0,0,0,0,0,0,"N",0,0.0,0,0,0,0,0,0,0,0,0,0,0,0,0,0
"36093","5","423990","78","0","2016","1","N","Schenectady County, New York","Private","NAICS 423990 Other durable goods merchant wholesalers","County, NAICS 6-digit -- by ownership sector","All establishment sizes",2,0,0,0,0,0,0,0,"N",0.51,0,0,0,0,0,0,0,"N",0,0.0,0,0,0,0,0,0,0,0,0,0,0,0,0,0
"36093","5","423990","78","0","2016","2","N","Schenectady County, New York","Private","NAICS 423990 Other durable goods merchant wholesalers","County, NAICS 6-digit -- by ownership sector","All establishment sizes",2,0,0,0,0,0,0,0,"N",0.51,0,0,0,0,0,0,0,"N",0,0.0,0,0,0,0,0,0,0,0,0,0,0,0,0,0
"36093","5","423990","78","0","2016","3","N","Schenectady County, New York","Private","NAICS 423990 Other durable goods merchant wholesalers","County, NAICS 6-digit -- by ownership sector","All establishment sizes",2,0,0,0,0,0,0,0,"N",0.51,0,0,0,0,0,0,0,"N",0,0.0,0,0,0,0,0,0,0,0,0,0,0,0,0,0
"36093","5","423990","78","0","2016","4","N","Schenectady County, New York","Private","NAICS 423990 Other durable goods merchant wholesalers","County, NAICS 6-digit -- by ownership sector","All establishment sizes",2,0,0,0,0,0,0,0,"N",0.50,0,0,0,0,0,0,0,"N",0,0.0,0,0,0,0,0,0,0,0,0,0,0,0,0,0
"36093","5","424","75","0","2016","1","","Schenectady County, New York","Private","NAICS 424 Merchant wholesalers, nondurable goods","County, NAICS 3-digit -- by ownership sector","All establishment sizes",28,240,237,248,4018639,2015674,59658,1279,"",0.57,0.27,0.26,0.28,0.27,0.29,0.29,1.01,"",-2,-6.7,-16,-6.2,-6,-2.5,8,3.3,495145,14.1,43009,2.2,-18087,-23.3,179,16.3
"36093","5","424","75","0","2016","2","","Schenectady County, New York","Private","NAICS 424 Merchant wholesalers, nondurable goods","County, NAICS 3-digit -- by ownership sector","All establishment sizes",28,261,266,250,3134340,701755,29958,931,"",0.57,0.29,0.29,0.27,0.20,0.42,0.58,0.70,"",-1,-3.4,-2,-0.8,-2,-0.7,-21,-7.7,-73523,-2.3,68009,10.7,1120,3.9,8,0.9
"36093","5","424","75","0","2016","3","","Schenectady County, New York","Private","NAICS 424 Merchant wholesalers, nondurable goods","County, NAICS 3-digit -- by ownership sector","All establishment sizes",28,265,260,261,3003531,373185,13870,882,"",0.57,0.30,0.29,0.29,0.20,0.41,0.52,0.68,"",-1,-3.4,-3,-1.1,-11,-4.1,-2,-0.8,-464560,-13.4,-4982,-1.3,-2760,-16.6,-116,-11.6
"36093","5","424","75","0","2016","4","","Schenectady County, New York","Private","NAICS 424 Merchant wholesalers, nondurable goods","County, NAICS 3-digit -- by ownership sector","All establishment sizes",29,264,264,254,3501851,347270,9837,1033,"",0.59,0.29,0.29,0.28,0.23,0.55,0.50,0.81,"",0,0.0,6,2.3,12,4.8,6,2.4,-454832,-11.5,72186,26.2,127,1.3,-172,-14.3
"36093","5","4241","76","0","2016","1","N","Schenectady County, New York","Private","NAICS 4241 Paper and paper product merchant wholesalers","County, NAICS 4-digit -- by ownership sector","All establishment sizes",4,0,0,0,0,0,0,0,"N",1.28,0,0,0,0,0,0,0,"N",0,0.0,0,0,0,0,0,0,0,0,0,0,0,0,0,0
"36093","5","4241","76","0","2016","2","N","Schenectady County, New York","Private","NAICS 4241 Paper and paper product merchant wholesalers","County, NAICS 4-digit -- by ownership sector","All establishment sizes",4,0,0,0,0,0,0,0,"N",1.28,0,0,0,0,0,0,0,"N",0,0.0,0,0,0,0,0,0,0,0,0,0,0,0,0,0
"36093","5","4241","76","0","2016","3","N","Schenectady County, New York","Private","NAICS 4241 Paper and paper product merchant wholesalers","County, NAICS 4-digit -- by ownership sector","All establishment sizes",4,0,0,0,0,0,0,0,"N",1.29,0,0,0,0,0,0,0,"N",0,0.0,0,0,0,0,0,0,0,0,0,0,0,0,0,0
"36093","5","4241","76","0","2016","4","N","Schenectady County, New York","Private","NAICS 4241 Paper and paper product merchant wholesalers","County, NAICS 4-digit -- by ownership sector","All establishment sizes",4,0,0,0,0,0,0,0,"N",1.29,0,0,0,0,0,0,0,"N",0,0.0,0,0,0,0,0,0,0,0,0,0,0,0,0,0
"36093","5","42412","77","0","2016","1","N","Schenectady County, New York","Private","NAICS 42412 Office supplies merchant wholesalers","County, NAICS 5-digit -- by ownership sector","All establishment sizes",2,0,0,0,0,0,0,0,"N",1.46,0,0,0,0,0,0,0,"N",0,0.0,0,0,0,0,0,0,0,0,0,0,0,0,0,0
"36093","5","42412","77","0","2016","2","N","Schenectady County, New York","Private","NAICS 42412 Office supplies merchant wholesalers","County, NAICS 5-digit -- by ownership sector","All establishment sizes",2,0,0,0,0,0,0,0,"N",1.46,0,0,0,0,0,0,0,"N",0,0.0,0,0,0,0,0,0,0,0,0,0,0,0,0,0
"36093","5","42412","77","0","2016","3","N","Schenectady County, New York","Private","NAICS 42412 Office supplies merchant wholesalers","County, NAICS 5-digit -- by ownership sector","All establishment sizes",2,0,0,0,0,0,0,0,"N",1.47,0,0,0,0,0,0,0,"N",0,0.0,0,0,0,0,0,0,0,0,0,0,0,0,0,0
"36093","5","42412","77","0","2016","4","N","Schenectady County, New York","Private","NAICS 42412 Office supplies merchant wholesalers","County, NAICS 5-digit -- by ownership sector","All establishment sizes",2,0,0,0,0,0,0,0,"N",1.47,0,0,0,0,0,0,0,"N",0,0.0,0,0,0,0,0,0,0,0,0,0,0,0,0,0
"36093","5","424120","78","0","2016","1","N","Schenectady County, New York","Private","NAICS 424120 Office supplies merchant wholesalers","County, NAICS 6-digit -- by ownership sector","All establishment sizes",2,0,0,0,0,0,0,0,"N",1.46,0,0,0,0,0,0,0,"N",0,0.0,0,0,0,0,0,0,0,0,0,0,0,0,0,0
"36093","5","424120","78","0","2016","2","N","Schenectady County, New York","Private","NAICS 424120 Office supplies merchant wholesalers","County, NAICS 6-digit -- by ownership sector","All establishment sizes",2,0,0,0,0,0,0,0,"N",1.46,0,0,0,0,0,0,0,"N",0,0.0,0,0,0,0,0,0,0,0,0,0,0,0,0,0
"36093","5","424120","78","0","2016","3","N","Schenectady County, New York","Private","NAICS 424120 Office supplies merchant wholesalers","County, NAICS 6-digit -- by ownership sector","All establishment sizes",2,0,0,0,0,0,0,0,"N",1.47,0,0,0,0,0,0,0,"N",0,0.0,0,0,0,0,0,0,0,0,0,0,0,0,0,0
"36093","5","424120","78","0","2016","4","N","Schenectady County, New York","Private","NAICS 424120 Office supplies merchant wholesalers","County, NAICS 6-digit -- by ownership sector","All establishment sizes",2,0,0,0,0,0,0,0,"N",1.47,0,0,0,0,0,0,0,"N",0,0.0,0,0,0,0,0,0,0,0,0,0,0,0,0,0
"36093","5","42413","77","0","2016","1","N","Schenectady County, New York","Private","NAICS 42413 Industrial paper merchant wholesalers","County, NAICS 5-digit -- by ownership sector","All establishment sizes",2,0,0,0,0,0,0,0,"N",1.41,0,0,0,0,0,0,0,"N",0,0.0,0,0,0,0,0,0,0,0,0,0,0,0,0,0
"36093","5","42413","77","0","2016","2","N","Schenectady County, New York","Private","NAICS 42413 Industrial paper merchant wholesalers","County, NAICS 5-digit -- by ownership sector","All establishment sizes",2,0,0,0,0,0,0,0,"N",1.41,0,0,0,0,0,0,0,"N",0,0.0,0,0,0,0,0,0,0,0,0,0,0,0,0,0
"36093","5","42413","77","0","2016","3","N","Schenectady County, New York","Private","NAICS 42413 Industrial paper merchant wholesalers","County, NAICS 5-digit -- by ownership sector","All establishment sizes",2,0,0,0,0,0,0,0,"N",1.41,0,0,0,0,0,0,0,"N",0,0.0,0,0,0,0,0,0,0,0,0,0,0,0,0,0
"36093","5","42413","77","0","2016","4","N","Schenectady County, New York","Private","NAICS 42413 Industrial paper merchant wholesalers","County, NAICS 5-digit -- by ownership sector","All establishment sizes",2,0,0,0,0,0,0,0,"N",1.41,0,0,0,0,0,0,0,"N",0,0.0,0,0,0,0,0,0,0,0,0,0,0,0,0,0
"36093","5","424130","78","0","2016","1","N","Schenectady County, New York","Private","NAICS 424130 Industrial paper merchant wholesalers","County, NAICS 6-digit -- by ownership sector","All establishment sizes",2,0,0,0,0,0,0,0,"N",1.41,0,0,0,0,0,0,0,"N",0,0.0,0,0,0,0,0,0,0,0,0,0,0,0,0,0
"36093","5","424130","78","0","2016","2","N","Schenectady County, New York","Private","NAICS 424130 Industrial paper merchant wholesalers","County, NAICS 6-digit -- by ownership sector","All establishment sizes",2,0,0,0,0,0,0,0,"N",1.41,0,0,0,0,0,0,0,"N",0,0.0,0,0,0,0,0,0,0,0,0,0,0,0,0,0
"36093","5","424130","78","0","2016","3","N","Schenectady County, New York","Private","NAICS 424130 Industrial paper merchant wholesalers","County, NAICS 6-digit -- by ownership sector","All establishment sizes",2,0,0,0,0,0,0,0,"N",1.41,0,0,0,0,0,0,0,"N",0,0.0,0,0,0,0,0,0,0,0,0,0,0,0,0,0
"36093","5","424130","78","0","2016","4","N","Schenectady County, New York","Private","NAICS 424130 Industrial paper merchant wholesalers","County, NAICS 6-digit -- by ownership sector","All establishment sizes",2,0,0,0,0,0,0,0,"N",1.41,0,0,0,0,0,0,0,"N",0,0.0,0,0,0,0,0,0,0,0,0,0,0,0,0,0
"36093","5","4242","76","0","2016","1","N","Schenectady County, New York","Private","NAICS 4242 Druggists' goods merchant wholesalers","County, NAICS 4-digit -- by ownership sector","All establishment sizes",1,0,0,0,0,0,0,0,"N",0.22,0,0,0,0,0,0,0,"N",0,0.0,0,0,0,0,0,0,0,0,0,0,0,0,0,0
"36093","5","4242","76","0","2016","2","N","Schenectady County, New York","Private","NAICS 4242 Druggists' goods merchant wholesalers","County, NAICS 4-digit -- by ownership sector","All establishment sizes",1,0,0,0,0,0,0,0,"N",0.22,0,0,0,0,0,0,0,"N",0,0.0,0,0,0,0,0,0,0,0,0,0,0,0,0,0
"36093","5","4242","76","0","2016","3","N","Schenectady County, New York","Private","NAICS 4242 Druggists' goods merchant wholesalers","County, NAICS 4-digit -- by ownership sector","All establishment sizes",1,0,0,0,0,0,0,0,"N",0.21,0,0,0,0,0,0,0,"N",0,0.0,0,0,0,0,0,0,0,0,0,0,0,0,0,0
"36093","5","4242","76","0","2016","4","N","Schenectady County, New York","Private","NAICS 4242 Druggists' goods merchant wholesalers","County, NAICS 4-digit -- by ownership sector","All establishment sizes",1,0,0,0,0,0,0,0,"N",0.21,0,0,0,0,0,0,0,"N",0,0.0,0,0,0,0,0,0,0,0,0,0,0,0,0,0
"36093","5","42421","77","0","2016","1","N","Schenectady County, New York","Private","NAICS 42421 Druggists' goods merchant wholesalers","County, NAICS 5-digit -- by ownership sector","All establishment sizes",1,0,0,0,0,0,0,0,"N",0.22,0,0,0,0,0,0,0,"N",0,0.0,0,0,0,0,0,0,0,0,0,0,0,0,0,0
"36093","5","42421","77","0","2016","2","N","Schenectady County, New York","Private","NAICS 42421 Druggists' goods merchant wholesalers","County, NAICS 5-digit -- by ownership sector","All establishment sizes",1,0,0,0,0,0,0,0,"N",0.22,0,0,0,0,0,0,0,"N",0,0.0,0,0,0,0,0,0,0,0,0,0,0,0,0,0
"36093","5","42421","77","0","2016","3","N","Schenectady County, New York","Private","NAICS 42421 Druggists' goods merchant wholesalers","County, NAICS 5-digit -- by ownership sector","All establishment sizes",1,0,0,0,0,0,0,0,"N",0.21,0,0,0,0,0,0,0,"N",0,0.0,0,0,0,0,0,0,0,0,0,0,0,0,0,0
"36093","5","42421","77","0","2016","4","N","Schenectady County, New York","Private","NAICS 42421 Druggists' goods merchant wholesalers","County, NAICS 5-digit -- by ownership sector","All establishment sizes",1,0,0,0,0,0,0,0,"N",0.21,0,0,0,0,0,0,0,"N",0,0.0,0,0,0,0,0,0,0,0,0,0,0,0,0,0
"36093","5","424210","78","0","2016","1","N","Schenectady County, New York","Private","NAICS 424210 Druggists' goods merchant wholesalers","County, NAICS 6-digit -- by ownership sector","All establishment sizes",1,0,0,0,0,0,0,0,"N",0.22,0,0,0,0,0,0,0,"N",0,0.0,0,0,0,0,0,0,0,0,0,0,0,0,0,0
"36093","5","424210","78","0","2016","2","N","Schenectady County, New York","Private","NAICS 424210 Druggists' goods merchant wholesalers","County, NAICS 6-digit -- by ownership sector","All establishment sizes",1,0,0,0,0,0,0,0,"N",0.22,0,0,0,0,0,0,0,"N",0,0.0,0,0,0,0,0,0,0,0,0,0,0,0,0,0
"36093","5","424210","78","0","2016","3","N","Schenectady County, New York","Private","NAICS 424210 Druggists' goods merchant wholesalers","County, NAICS 6-digit -- by ownership sector","All establishment sizes",1,0,0,0,0,0,0,0,"N",0.21,0,0,0,0,0,0,0,"N",0,0.0,0,0,0,0,0,0,0,0,0,0,0,0,0,0
"36093","5","424210","78","0","2016","4","N","Schenectady County, New York","Private","NAICS 424210 Druggists' goods merchant wholesalers","County, NAICS 6-digit -- by ownership sector","All establishment sizes",1,0,0,0,0,0,0,0,"N",0.21,0,0,0,0,0,0,0,"N",0,0.0,0,0,0,0,0,0,0,0,0,0,0,0,0,0
"36093","5","4243","76","0","2016","1","N","Schenectady County, New York","Private","NAICS 4243 Apparel and piece goods merchant wholesalers","County, NAICS 4-digit -- by ownership sector","All establishment sizes",1,0,0,0,0,0,0,0,"N",0.20,0,0,0,0,0,0,0,"N",0,0.0,0,0,0,0,0,0,0,0,0,0,0,0,0,0
"36093","5","4243","76","0","2016","2","N","Schenectady County, New York","Private","NAICS 4243 Apparel and piece goods merchant wholesalers","County, NAICS 4-digit -- by ownership sector","All establishment sizes",1,0,0,0,0,0,0,0,"N",0.20,0,0,0,0,0,0,0,"N",1,100.0,0,0,0,0,0,0,0,0,0,0,0,0,0,0
"36093","5","4243","76","0","2016","3","N","Schenectady County, New York","Private","NAICS 4243 Apparel and piece goods merchant wholesalers","County, NAICS 4-digit -- by ownership sector","All establishment sizes",1,0,0,0,0,0,0,0,"N",0.20,0,0,0,0,0,0,0,"N",1,100.0,0,0,0,0,0,0,0,0,0,0,0,0,0,0
"36093","5","4243","76","0","2016","4","N","Schenectady County, New York","Private","NAICS 4243 Apparel and piece goods merchant wholesalers","County, NAICS 4-digit -- by ownership sector","All establishment sizes",1,0,0,0,0,0,0,0,"N",0.20,0,0,0,0,0,0,0,"N",1,100.0,0,0,0,0,0,0,0,0,0,0,0,0,0,0
"36093","5","42434","77","0","2016","1","N","Schenectady County, New York","Private","NAICS 42434 Footwear merchant wholesalers","County, NAICS 5-digit -- by ownership sector","All establishment sizes",1,0,0,0,0,0,0,0,"N",1.66,0,0,0,0,0,0,0,"N",1,100.0,0,0,0,0,0,0,0,0,0,0,0,0,0,0
"36093","5","42434","77","0","2016","2","N","Schenectady County, New York","Private","NAICS 42434 Footwear merchant wholesalers","County, NAICS 5-digit -- by ownership sector","All establishment sizes",1,0,0,0,0,0,0,0,"N",1.66,0,0,0,0,0,0,0,"N",1,100.0,0,0,0,0,0,0,0,0,0,0,0,0,0,0
"36093","5","42434","77","0","2016","3","N","Schenectady County, New York","Private","NAICS 42434 Footwear merchant wholesalers","County, NAICS 5-digit -- by ownership sector","All establishment sizes",1,0,0,0,0,0,0,0,"N",1.65,0,0,0,0,0,0,0,"N",1,100.0,0,0,0,0,0,0,0,0,0,0,0,0,0,0
"36093","5","42434","77","0","2016","4","N","Schenectady County, New York","Private","NAICS 42434 Footwear merchant wholesalers","County, NAICS 5-digit -- by ownership sector","All establishment sizes",1,0,0,0,0,0,0,0,"N",1.66,0,0,0,0,0,0,0,"N",1,100.0,0,0,0,0,0,0,0,0,0,0,0,0,0,0
"36093","5","424340","78","0","2016","1","N","Schenectady County, New York","Private","NAICS 424340 Footwear merchant wholesalers","County, NAICS 6-digit -- by ownership sector","All establishment sizes",1,0,0,0,0,0,0,0,"N",1.66,0,0,0,0,0,0,0,"N",1,100.0,0,0,0,0,0,0,0,0,0,0,0,0,0,0
"36093","5","424340","78","0","2016","2","N","Schenectady County, New York","Private","NAICS 424340 Footwear merchant wholesalers","County, NAICS 6-digit -- by ownership sector","All establishment sizes",1,0,0,0,0,0,0,0,"N",1.66,0,0,0,0,0,0,0,"N",1,100.0,0,0,0,0,0,0,0,0,0,0,0,0,0,0
"36093","5","424340","78","0","2016","3","N","Schenectady County, New York","Private","NAICS 424340 Footwear merchant wholesalers","County, NAICS 6-digit -- by ownership sector","All establishment sizes",1,0,0,0,0,0,0,0,"N",1.65,0,0,0,0,0,0,0,"N",1,100.0,0,0,0,0,0,0,0,0,0,0,0,0,0,0
"36093","5","424340","78","0","2016","4","N","Schenectady County, New York","Private","NAICS 424340 Footwear merchant wholesalers","County, NAICS 6-digit -- by ownership sector","All establishment sizes",1,0,0,0,0,0,0,0,"N",1.66,0,0,0,0,0,0,0,"N",1,100.0,0,0,0,0,0,0,0,0,0,0,0,0,0,0
"36093","5","4244","76","0","2016","1","","Schenectady County, New York","Private","NAICS 4244 Grocery and related product wholesalers","County, NAICS 4-digit -- by ownership sector","All establishment sizes",10,68,67,73,652466,464069,17709,724,"",0.77,0.21,0.20,0.22,0.15,0.19,0.25,0.69,"",-1,-9.1,-4,-5.6,-1,-1.5,8,12.3,-36737,-5.3,45358,10.8,807,4.8,-52,-6.7
"36093","5","4244","76","0","2016","2","","Schenectady County, New York","Private","NAICS 4244 Grocery and related product wholesalers","County, NAICS 4-digit -- by ownership sector","All establishment sizes",11,73,75,76,655042,203697,7563,675,"",0.84,0.22,0.23,0.22,0.13,0.32,0.40,0.60,"",0,0.0,-2,-2.7,1,1.4,-2,-2.6,-111092,-14.5,44334,27.8,1390,22.5,-104,-13.4
"36093","5","4244","76","0","2016","3","","Schenectady County, New York","Private","NAICS 4244 Grocery and related product wholesalers","County, NAICS 4-digit -- by ownership sector","All establishment sizes",11,74,76,77,654961,151031,5544,666,"",0.83,0.23,0.23,0.23,0.13,0.42,0.53,0.58,"",0,0.0,-3,-3.9,-5,-6.2,-2,-2.5,-122125,-15.7,30289,25.1,630,12.8,-91,-12.0
"36093","5","4244","76","0","2016","4","","Schenectady County, New York","Private","NAICS 4244 Grocery and related product wholesalers","County, NAICS 4-digit -- by ownership sector","All establishment sizes",12,79,78,75,675654,74708,2759,672,"",0.90,0.23,0.23,0.22,0.14,0.30,0.36,0.61,"",1,9.1,12,17.9,9,13.0,7,10.3,-147589,-17.9,-5551,-6.9,-489,-15.1,-259,-27.8
"36093","5","42441","77","0","2016","1","N","Schenectady County, New York","Private","NAICS 42441 General line grocery merchant wholesalers","County, NAICS 5-digit -- by ownership sector","All establishment sizes",2,0,0,0,0,0,0,0,"N",0.94,0,0,0,0,0,0,0,"N",0,0.0,0,0,0,0,0,0,0,0,0,0,0,0,0,0
"36093","5","42441","77","0","2016","2","N","Schenectady County, New York","Private","NAICS 42441 General line grocery merchant wholesalers","County, NAICS 5-digit -- by ownership sector","All establishment sizes",2,0,0,0,0,0,0,0,"N",0.93,0,0,0,0,0,0,0,"N",0,0.0,0,0,0,0,0,0,0,0,0,0,0,0,0,0
"36093","5","42441","77","0","2016","3","N","Schenectady County, New York","Private","NAICS 42441 General line grocery merchant wholesalers","County, NAICS 5-digit -- by ownership sector","All establishment sizes",2,0,0,0,0,0,0,0,"N",0.92,0,0,0,0,0,0,0,"N",0,0.0,0,0,0,0,0,0,0,0,0,0,0,0,0,0
"36093","5","42441","77","0","2016","4","N","Schenectady County, New York","Private","NAICS 42441 General line grocery merchant wholesalers","County, NAICS 5-digit -- by ownership sector","All establishment sizes",2,0,0,0,0,0,0,0,"N",0.92,0,0,0,0,0,0,0,"N",0,0.0,0,0,0,0,0,0,0,0,0,0,0,0,0,0
"36093","5","424410","78","0","2016","1","N","Schenectady County, New York","Private","NAICS 424410 General line grocery merchant wholesalers","County, NAICS 6-digit -- by ownership sector","All establishment sizes",2,0,0,0,0,0,0,0,"N",0.94,0,0,0,0,0,0,0,"N",0,0.0,0,0,0,0,0,0,0,0,0,0,0,0,0,0
"36093","5","424410","78","0","2016","2","N","Schenectady County, New York","Private","NAICS 424410 General line grocery merchant wholesalers","County, NAICS 6-digit -- by ownership sector","All establishment sizes",2,0,0,0,0,0,0,0,"N",0.93,0,0,0,0,0,0,0,"N",0,0.0,0,0,0,0,0,0,0,0,0,0,0,0,0,0
"36093","5","424410","78","0","2016","3","N","Schenectady County, New York","Private","NAICS 424410 General line grocery merchant wholesalers","County, NAICS 6-digit -- by ownership sector","All establishment sizes",2,0,0,0,0,0,0,0,"N",0.92,0,0,0,0,0,0,0,"N",0,0.0,0,0,0,0,0,0,0,0,0,0,0,0,0,0
"36093","5","424410","78","0","2016","4","N","Schenectady County, New York","Private","NAICS 424410 General line grocery merchant wholesalers","County, NAICS 6-digit -- by ownership sector","All establishment sizes",2,0,0,0,0,0,0,0,"N",0.92,0,0,0,0,0,0,0,"N",0,0.0,0,0,0,0,0,0,0,0,0,0,0,0,0,0
"36093","5","42442","77","0","2016","1","N","Schenectady County, New York","Private","NAICS 42442 Packaged frozen food merchant wholesalers","County, NAICS 5-digit -- by ownership sector","All establishment sizes",1,0,0,0,0,0,0,0,"N",1.55,0,0,0,0,0,0,0,"N",0,0.0,0,0,0,0,0,0,0,0,0,0,0,0,0,0
"36093","5","42442","77","0","2016","2","N","Schenectady County, New York","Private","NAICS 42442 Packaged frozen food merchant wholesalers","County, NAICS 5-digit -- by ownership sector","All establishment sizes",1,0,0,0,0,0,0,0,"N",1.53,0,0,0,0,0,0,0,"N",0,0.0,0,0,0,0,0,0,0,0,0,0,0,0,0,0
"36093","5","42442","77","0","2016","3","N","Schenectady County, New York","Private","NAICS 42442 Packaged frozen food merchant wholesalers","County, NAICS 5-digit -- by ownership sector","All establishment sizes",1,0,0,0,0,0,0,0,"N",1.52,0,0,0,0,0,0,0,"N",0,0.0,0,0,0,0,0,0,0,0,0,0,0,0,0,0
"36093","5","42442","77","0","2016","4","N","Schenectady County, New York","Private","NAICS 42442 Packaged frozen food merchant wholesalers","County, NAICS 5-digit -- by ownership sector","All establishment sizes",1,0,0,0,0,0,0,0,"N",1.51,0,0,0,0,0,0,0,"N",0,0.0,0,0,0,0,0,0,0,0,0,0,0,0,0,0
"36093","5","424420","78","0","2016","1","N","Schenectady County, New York","Private","NAICS 424420 Packaged frozen food merchant wholesalers","County, NAICS 6-digit -- by ownership sector","All establishment sizes",1,0,0,0,0,0,0,0,"N",1.55,0,0,0,0,0,0,0,"N",0,0.0,0,0,0,0,0,0,0,0,0,0,0,0,0,0
"36093","5","424420","78","0","2016","2","N","Schenectady County, New York","Private","NAICS 424420 Packaged frozen food merchant wholesalers","County, NAICS 6-digit -- by ownership sector","All establishment sizes",1,0,0,0,0,0,0,0,"N",1.53,0,0,0,0,0,0,0,"N",0,0.0,0,0,0,0,0,0,0,0,0,0,0,0,0,0
"36093","5","424420","78","0","2016","3","N","Schenectady County, New York","Private","NAICS 424420 Packaged frozen food merchant wholesalers","County, NAICS 6-digit -- by ownership sector","All establishment sizes",1,0,0,0,0,0,0,0,"N",1.52,0,0,0,0,0,0,0,"N",0,0.0,0,0,0,0,0,0,0,0,0,0,0,0,0,0
"36093","5","424420","78","0","2016","4","N","Schenectady County, New York","Private","NAICS 424420 Packaged frozen food merchant wholesalers","County, NAICS 6-digit -- by ownership sector","All establishment sizes",1,0,0,0,0,0,0,0,"N",1.51,0,0,0,0,0,0,0,"N",0,0.0,0,0,0,0,0,0,0,0,0,0,0,0,0,0
"36093","5","42443","77","0","2016","1","N","Schenectady County, New York","Private","NAICS 42443 Dairy product merchant wholesalers","County, NAICS 5-digit -- by ownership sector","All establishment sizes",2,0,0,0,0,0,0,0,"N",2.45,0,0,0,0,0,0,0,"N",1,100.0,0,0,0,0,0,0,0,0,0,0,0,0,0,0
"36093","5","42443","77","0","2016","2","N","Schenectady County, New York","Private","NAICS 42443 Dairy product merchant wholesalers","County, NAICS 5-digit -- by ownership sector","All establishment sizes",2,0,0,0,0,0,0,0,"N",2.44,0,0,0,0,0,0,0,"N",0,0.0,0,0,0,0,0,0,0,0,0,0,0,0,0,0
"36093","5","42443","77","0","2016","3","N","Schenectady County, New York","Private","NAICS 42443 Dairy product merchant wholesalers","County, NAICS 5-digit -- by ownership sector","All establishment sizes",2,0,0,0,0,0,0,0,"N",2.43,0,0,0,0,0,0,0,"N",0,0.0,0,0,0,0,0,0,0,0,0,0,0,0,0,0
"36093","5","42443","77","0","2016","4","","Schenectady County, New York","Private","NAICS 42443 Dairy product merchant wholesalers","County, NAICS 5-digit -- by ownership sector","All establishment sizes",3,15,13,13,226853,9603,508,1277,"",3.63,0.85,0.73,0.74,0.94,0.87,1.35,1.22,"N",1,50.0,0,0,0,0,0,0,0,0,0,0,0,0,0,0
"36093","5","424430","78","0","2016","1","N","Schenectady County, New York","Private","NAICS 424430 Dairy product merchant wholesalers","County, NAICS 6-digit -- by ownership sector","All establishment sizes",2,0,0,0,0,0,0,0,"N",2.45,0,0,0,0,0,0,0,"N",1,100.0,0,0,0,0,0,0,0,0,0,0,0,0,0,0
"36093","5","424430","78","0","2016","2","N","Schenectady County, New York","Private","NAICS 424430 Dairy product merchant wholesalers","County, NAICS 6-digit -- by ownership sector","All establishment sizes",2,0,0,0,0,0,0,0,"N",2.44,0,0,0,0,0,0,0,"N",0,0.0,0,0,0,0,0,0,0,0,0,0,0,0,0,0
"36093","5","424430","78","0","2016","3","N","Schenectady County, New York","Private","NAICS 424430 Dairy product merchant wholesalers","County, NAICS 6-digit -- by ownership sector","All establishment sizes",2,0,0,0,0,0,0,0,"N",2.43,0,0,0,0,0,0,0,"N",0,0.0,0,0,0,0,0,0,0,0,0,0,0,0,0,0
"36093","5","424430","78","0","2016","4","","Schenectady County, New York","Private","NAICS 424430 Dairy product merchant wholesalers","County, NAICS 6-digit -- by ownership sector","All establishment sizes",3,15,13,13,226853,9603,508,1277,"",3.63,0.85,0.73,0.74,0.94,0.87,1.35,1.22,"N",1,50.0,0,0,0,0,0,0,0,0,0,0,0,0,0,0
"36093","5","42444","77","0","2016","1","N","Schenectady County, New York","Private","NAICS 42444 Poultry product merchant wholesalers","County, NAICS 5-digit -- by ownership sector","All establishment sizes",1,0,0,0,0,0,0,0,"N",5.41,0,0,0,0,0,0,0,"N",0,0.0,0,0,0,0,0,0,0,0,0,0,0,0,0,0
"36093","5","42444","77","0","2016","2","N","Schenectady County, New York","Private","NAICS 42444 Poultry product merchant wholesalers","County, NAICS 5-digit -- by ownership sector","All establishment sizes",1,0,0,0,0,0,0,0,"N",5.37,0,0,0,0,0,0,0,"N",0,0.0,0,0,0,0,0,0,0,0,0,0,0,0,0,0
"36093","5","42444","77","0","2016","3","N","Schenectady County, New York","Private","NAICS 42444 Poultry product merchant wholesalers","County, NAICS 5-digit -- by ownership sector","All establishment sizes",1,0,0,0,0,0,0,0,"N",5.30,0,0,0,0,0,0,0,"N",0,0.0,0,0,0,0,0,0,0,0,0,0,0,0,0,0
"36093","5","42444","77","0","2016","4","N","Schenectady County, New York","Private","NAICS 42444 Poultry product merchant wholesalers","County, NAICS 5-digit -- by ownership sector","All establishment sizes",1,0,0,0,0,0,0,0,"N",5.19,0,0,0,0,0,0,0,"N",0,0.0,0,0,0,0,0,0,0,0,0,0,0,0,0,0
"36093","5","424440","78","0","2016","1","N","Schenectady County, New York","Private","NAICS 424440 Poultry product merchant wholesalers","County, NAICS 6-digit -- by ownership sector","All establishment sizes",1,0,0,0,0,0,0,0,"N",5.41,0,0,0,0,0,0,0,"N",0,0.0,0,0,0,0,0,0,0,0,0,0,0,0,0,0
"36093","5","424440","78","0","2016","2","N","Schenectady County, New York","Private","NAICS 424440 Poultry product merchant wholesalers","County, NAICS 6-digit -- by ownership sector","All establishment sizes",1,0,0,0,0,0,0,0,"N",5.37,0,0,0,0,0,0,0,"N",0,0.0,0,0,0,0,0,0,0,0,0,0,0,0,0,0
"36093","5","424440","78","0","2016","3","N","Schenectady County, New York","Private","NAICS 424440 Poultry product merchant wholesalers","County, NAICS 6-digit -- by ownership sector","All establishment sizes",1,0,0,0,0,0,0,0,"N",5.30,0,0,0,0,0,0,0,"N",0,0.0,0,0,0,0,0,0,0,0,0,0,0,0,0,0
"36093","5","424440","78","0","2016","4","N","Schenectady County, New York","Private","NAICS 424440 Poultry product merchant wholesalers","County, NAICS 6-digit -- by ownership sector","All establishment sizes",1,0,0,0,0,0,0,0,"N",5.19,0,0,0,0,0,0,0,"N",0,0.0,0,0,0,0,0,0,0,0,0,0,0,0,0,0
"36093","5","42448","77","0","2016","1","N","Schenectady County, New York","Private","NAICS 42448 Fruit and vegetable merchant wholesalers","County, NAICS 5-digit -- by ownership sector","All establishment sizes",1,0,0,0,0,0,0,0,"N",0.64,0,0,0,0,0,0,0,"N",0,0.0,0,0,0,0,0,0,0,0,0,0,0,0,0,0
"36093","5","42448","77","0","2016","2","N","Schenectady County, New York","Private","NAICS 42448 Fruit and vegetable merchant wholesalers","County, NAICS 5-digit -- by ownership sector","All establishment sizes",1,0,0,0,0,0,0,0,"N",0.63,0,0,0,0,0,0,0,"N",0,0.0,0,0,0,0,0,0,0,0,0,0,0,0,0,0
"36093","5","42448","77","0","2016","3","N","Schenectady County, New York","Private","NAICS 42448 Fruit and vegetable merchant wholesalers","County, NAICS 5-digit -- by ownership sector","All establishment sizes",1,0,0,0,0,0,0,0,"N",0.63,0,0,0,0,0,0,0,"N",0,0.0,0,0,0,0,0,0,0,0,0,0,0,0,0,0
"36093","5","42448","77","0","2016","4","N","Schenectady County, New York","Private","NAICS 42448 Fruit and vegetable merchant wholesalers","County, NAICS 5-digit -- by ownership sector","All establishment sizes",1,0,0,0,0,0,0,0,"N",0.63,0,0,0,0,0,0,0,"N",0,0.0,0,0,0,0,0,0,0,0,0,0,0,0,0,0
"36093","5","424480","78","0","2016","1","N","Schenectady County, New York","Private","NAICS 424480 Fruit and vegetable merchant wholesalers","County, NAICS 6-digit -- by ownership sector","All establishment sizes",1,0,0,0,0,0,0,0,"N",0.64,0,0,0,0,0,0,0,"N",0,0.0,0,0,0,0,0,0,0,0,0,0,0,0,0,0
"36093","5","424480","78","0","2016","2","N","Schenectady County, New York","Private","NAICS 424480 Fruit and vegetable merchant wholesalers","County, NAICS 6-digit -- by ownership sector","All establishment sizes",1,0,0,0,0,0,0,0,"N",0.63,0,0,0,0,0,0,0,"N",0,0.0,0,0,0,0,0,0,0,0,0,0,0,0,0,0
"36093","5","424480","78","0","2016","3","N","Schenectady County, New York","Private","NAICS 424480 Fruit and vegetable merchant wholesalers","County, NAICS 6-digit -- by ownership sector","All establishment sizes",1,0,0,0,0,0,0,0,"N",0.63,0,0,0,0,0,0,0,"N",0,0.0,0,0,0,0,0,0,0,0,0,0,0,0,0,0
"36093","5","424480","78","0","2016","4","N","Schenectady County, New York","Private","NAICS 424480 Fruit and vegetable merchant wholesalers","County, NAICS 6-digit -- by ownership sector","All establishment sizes",1,0,0,0,0,0,0,0,"N",0.63,0,0,0,0,0,0,0,"N",0,0.0,0,0,0,0,0,0,0,0,0,0,0,0,0,0
"36093","5","42449","77","0","2016","1","","Schenectady County, New York","Private","NAICS 42449 Other grocery product merchant wholesalers","County, NAICS 5-digit -- by ownership sector","All establishment sizes",3,9,11,11,130331,69582,1847,970,"",0.63,0.09,0.12,0.12,0.10,0.10,0.09,0.91,"",-2,-40.0,-2,-18.2,0,0.0,1,10.0,-158362,-54.9,-32635,-31.9,-2175,-54.1,-1112,-53.4
"36093","5","42449","77","0","2016","2","","Schenectady County, New York","Private","NAICS 42449 Other grocery product merchant wholesalers","County, NAICS 5-digit -- by ownership sector","All establishment sizes",4,13,13,14,152797,29774,1177,882,"",0.83,0.13,0.13,0.14,0.11,0.16,0.21,0.78,"",0,0.0,1,8.3,1,8.3,2,16.7,-104896,-40.7,23807,399.0,929,374.6,-770,-46.6
"36093","5","42449","77","0","2016","3","","Schenectady County, New York","Private","NAICS 42449 Other grocery product merchant wholesalers","County, NAICS 5-digit -- by ownership sector","All establishment sizes",4,13,15,15,131575,30587,1231,706,"",0.82,0.14,0.16,0.16,0.09,0.29,0.40,0.62,"",0,0.0,1,8.3,1,7.1,0,0.0,-129369,-49.6,16251,113.4,618,100.8,-763,-51.9
"36093","5","42449","77","0","2016","4","","Schenectady County, New York","Private","NAICS 42449 Other grocery product merchant wholesalers","County, NAICS 5-digit -- by ownership sector","All establishment sizes",4,18,17,16,163283,18394,708,739,"",0.82,0.18,0.17,0.16,0.12,0.26,0.33,0.67,"",0,0.0,7,63.6,2,13.3,6,60.0,-133664,-45.0,12024,188.8,435,159.3,-1165,-61.2
"36093","5","424490","78","0","2016","1","","Schenectady County, New York","Private","NAICS 424490 Other grocery product merchant wholesalers","County, NAICS 6-digit -- by ownership sector","All establishment sizes",3,9,11,11,130331,69582,1847,970,"",0.63,0.09,0.12,0.12,0.10,0.10,0.09,0.91,"",-2,-40.0,-2,-18.2,0,0.0,1,10.0,-158362,-54.9,-32635,-31.9,-2175,-54.1,-1112,-53.4
"36093","5","424490","78","0","2016","2","","Schenectady County, New York","Private","NAICS 424490 Other grocery product merchant wholesalers","County, NAICS 6-digit -- by ownership sector","All establishment sizes",4,13,13,14,152797,29774,1177,882,"",0.83,0.13,0.13,0.14,0.11,0.16,0.21,0.78,"",0,0.0,1,8.3,1,8.3,2,16.7,-104896,-40.7,23807,399.0,929,374.6,-770,-46.6
"36093","5","424490","78","0","2016","3","","Schenectady County, New York","Private","NAICS 424490 Other grocery product merchant wholesalers","County, NAICS 6-digit -- by ownership sector","All establishment sizes",4,13,15,15,131575,30587,1231,706,"",0.82,0.14,0.16,0.16,0.09,0.29,0.40,0.62,"",0,0.0,1,8.3,1,7.1,0,0.0,-129369,-49.6,16251,113.4,618,100.8,-763,-51.9
"36093","5","424490","78","0","2016","4","","Schenectady County, New York","Private","NAICS 424490 Other grocery product merchant wholesalers","County, NAICS 6-digit -- by ownership sector","All establishment sizes",4,18,17,16,163283,18394,708,739,"",0.82,0.18,0.17,0.16,0.12,0.26,0.33,0.67,"",0,0.0,7,63.6,2,13.3,6,60.0,-133664,-45.0,12024,188.8,435,159.3,-1165,-61.2
"36093","5","4246","76","0","2016","1","N","Schenectady County, New York","Private","NAICS 4246 Chemical merchant wholesalers","County, NAICS 4-digit -- by ownership sector","All establishment sizes",4,0,0,0,0,0,0,0,"N",0.87,0,0,0,0,0,0,0,"N",0,0.0,0,0,0,0,0,0,0,0,0,0,0,0,0,0
"36093","5","4246","76","0","2016","2","N","Schenectady County, New York","Private","NAICS 4246 Chemical merchant wholesalers","County, NAICS 4-digit -- by ownership sector","All establishment sizes",3,0,0,0,0,0,0,0,"N",0.65,0,0,0,0,0,0,0,"N",-1,-25.0,0,0,0,0,0,0,0,0,0,0,0,0,0,0
"36093","5","4246","76","0","2016","3","N","Schenectady County, New York","Private","NAICS 4246 Chemical merchant wholesalers","County, NAICS 4-digit -- by ownership sector","All establishment sizes",3,0,0,0,0,0,0,0,"N",0.64,0,0,0,0,0,0,0,"N",-1,-25.0,0,0,0,0,0,0,0,0,0,0,0,0,0,0
"36093","5","4246","76","0","2016","4","N","Schenectady County, New York","Private","NAICS 4246 Chemical merchant wholesalers","County, NAICS 4-digit -- by ownership sector","All establishment sizes",3,0,0,0,0,0,0,0,"N",0.64,0,0,0,0,0,0,0,"N",-1,-25.0,0,0,0,0,0,0,0,0,0,0,0,0,0,0
"36093","5","42461","77","0","2016","1","N","Schenectady County, New York","Private","NAICS 42461 Plastics materials merchant wholesalers","County, NAICS 5-digit -- by ownership sector","All establishment sizes",1,0,0,0,0,0,0,0,"N",1.14,0,0,0,0,0,0,0,"N",0,0.0,0,0,0,0,0,0,0,0,0,0,0,0,0,0
"36093","5","42461","77","0","2016","2","-","Schenectady County, New York","Private","NAICS 42461 Plastics materials merchant wholesalers","County, NAICS 5-digit -- by ownership sector","All establishment sizes",0,0,0,0,0,0,0,0,"N",0.00,0,0,0,0,0,0,0,"N",-1,-100.0,0,0,0,0,0,0,0,0,0,0,0,0,0,0
"36093","5","42461","77","0","2016","3","-","Schenectady County, New York","Private","NAICS 42461 Plastics materials merchant wholesalers","County, NAICS 5-digit -- by ownership sector","All establishment sizes",0,0,0,0,0,0,0,0,"N",0.00,0,0,0,0,0,0,0,"N",-1,-100.0,0,0,0,0,0,0,0,0,0,0,0,0,0,0
"36093","5","42461","77","0","2016","4","-","Schenectady County, New York","Private","NAICS 42461 Plastics materials merchant wholesalers","County, NAICS 5-digit -- by ownership sector","All establishment sizes",0,0,0,0,0,0,0,0,"N",0.00,0,0,0,0,0,0,0,"N",-1,-100.0,0,0,0,0,0,0,0,0,0,0,0,0,0,0
"36093","5","424610","78","0","2016","1","N","Schenectady County, New York","Private","NAICS 424610 Plastics materials merchant wholesalers","County, NAICS 6-digit -- by ownership sector","All establishment sizes",1,0,0,0,0,0,0,0,"N",1.14,0,0,0,0,0,0,0,"N",0,0.0,0,0,0,0,0,0,0,0,0,0,0,0,0,0
"36093","5","424610","78","0","2016","2","-","Schenectady County, New York","Private","NAICS 424610 Plastics materials merchant wholesalers","County, NAICS 6-digit -- by ownership sector","All establishment sizes",0,0,0,0,0,0,0,0,"N",0.00,0,0,0,0,0,0,0,"N",-1,-100.0,0,0,0,0,0,0,0,0,0,0,0,0,0,0
"36093","5","424610","78","0","2016","3","-","Schenectady County, New York","Private","NAICS 424610 Plastics materials merchant wholesalers","County, NAICS 6-digit -- by ownership sector","All establishment sizes",0,0,0,0,0,0,0,0,"N",0.00,0,0,0,0,0,0,0,"N",-1,-100.0,0,0,0,0,0,0,0,0,0,0,0,0,0,0
"36093","5","424610","78","0","2016","4","-","Schenectady County, New York","Private","NAICS 424610 Plastics materials merchant wholesalers","County, NAICS 6-digit -- by ownership sector","All establishment sizes",0,0,0,0,0,0,0,0,"N",0.00,0,0,0,0,0,0,0,"N",-1,-100.0,0,0,0,0,0,0,0,0,0,0,0,0,0,0
"36093","5","42469","77","0","2016","1","N","Schenectady County, New York","Private","NAICS 42469 Other chemicals merchant wholesalers","County, NAICS 5-digit -- by ownership sector","All establishment sizes",3,0,0,0,0,0,0,0,"N",0.80,0,0,0,0,0,0,0,"N",0,0.0,0,0,0,0,0,0,0,0,0,0,0,0,0,0
"36093","5","42469","77","0","2016","2","N","Schenectady County, New York","Private","NAICS 42469 Other chemicals merchant wholesalers","County, NAICS 5-digit -- by ownership sector","All establishment sizes",3,0,0,0,0,0,0,0,"N",0.80,0,0,0,0,0,0,0,"N",0,0.0,0,0,0,0,0,0,0,0,0,0,0,0,0,0
"36093","5","42469","77","0","2016","3","N","Schenectady County, New York","Private","NAICS 42469 Other chemicals merchant wholesalers","County, NAICS 5-digit -- by ownership sector","All establishment sizes",3,0,0,0,0,0,0,0,"N",0.80,0,0,0,0,0,0,0,"N",0,0.0,0,0,0,0,0,0,0,0,0,0,0,0,0,0
"36093","5","42469","77","0","2016","4","N","Schenectady County, New York","Private","NAICS 42469 Other chemicals merchant wholesalers","County, NAICS 5-digit -- by ownership sector","All establishment sizes",3,0,0,0,0,0,0,0,"N",0.79,0,0,0,0,0,0,0,"N",0,0.0,0,0,0,0,0,0,0,0,0,0,0,0,0,0
"36093","5","424690","78","0","2016","1","N","Schenectady County, New York","Private","NAICS 424690 Other chemicals merchant wholesalers","County, NAICS 6-digit -- by ownership sector","All establishment sizes",3,0,0,0,0,0,0,0,"N",0.80,0,0,0,0,0,0,0,"N",0,0.0,0,0,0,0,0,0,0,0,0,0,0,0,0,0
"36093","5","424690","78","0","2016","2","N","Schenectady County, New York","Private","NAICS 424690 Other chemicals merchant wholesalers","County, NAICS 6-digit -- by ownership sector","All establishment sizes",3,0,0,0,0,0,0,0,"N",0.80,0,0,0,0,0,0,0,"N",0,0.0,0,0,0,0,0,0,0,0,0,0,0,0,0,0
"36093","5","424690","78","0","2016","3","N","Schenectady County, New York","Private","NAICS 424690 Other chemicals merchant wholesalers","County, NAICS 6-digit -- by ownership sector","All establishment sizes",3,0,0,0,0,0,0,0,"N",0.80,0,0,0,0,0,0,0,"N",0,0.0,0,0,0,0,0,0,0,0,0,0,0,0,0,0
"36093","5","424690","78","0","2016","4","N","Schenectady County, New York","Private","NAICS 424690 Other chemicals merchant wholesalers","County, NAICS 6-digit -- by ownership sector","All establishment sizes",3,0,0,0,0,0,0,0,"N",0.79,0,0,0,0,0,0,0,"N",0,0.0,0,0,0,0,0,0,0,0,0,0,0,0,0,0
"36093","5","4247","76","0","2016","1","N","Schenectady County, New York","Private","NAICS 4247 Petroleum merchant wholesalers","County, NAICS 4-digit -- by ownership sector","All establishment sizes",1,0,0,0,0,0,0,0,"N",0.37,0,0,0,0,0,0,0,"N",0,0.0,0,0,0,0,0,0,0,0,0,0,0,0,0,0
"36093","5","4247","76","0","2016","2","N","Schenectady County, New York","Private","NAICS 4247 Petroleum merchant wholesalers","County, NAICS 4-digit -- by ownership sector","All establishment sizes",1,0,0,0,0,0,0,0,"N",0.37,0,0,0,0,0,0,0,"N",0,0.0,0,0,0,0,0,0,0,0,0,0,0,0,0,0
"36093","5","4247","76","0","2016","3","N","Schenectady County, New York","Private","NAICS 4247 Petroleum merchant wholesalers","County, NAICS 4-digit -- by ownership sector","All establishment sizes",1,0,0,0,0,0,0,0,"N",0.37,0,0,0,0,0,0,0,"N",0,0.0,0,0,0,0,0,0,0,0,0,0,0,0,0,0
"36093","5","4247","76","0","2016","4","N","Schenectady County, New York","Private","NAICS 4247 Petroleum merchant wholesalers","County, NAICS 4-digit -- by ownership sector","All establishment sizes",1,0,0,0,0,0,0,0,"N",0.37,0,0,0,0,0,0,0,"N",0,0.0,0,0,0,0,0,0,0,0,0,0,0,0,0,0
"36093","5","42472","77","0","2016","1","N","Schenectady County, New York","Private","NAICS 42472 Other petroleum merchant wholesalers","County, NAICS 5-digit -- by ownership sector","All establishment sizes",1,0,0,0,0,0,0,0,"N",0.57,0,0,0,0,0,0,0,"N",0,0.0,0,0,0,0,0,0,0,0,0,0,0,0,0,0
"36093","5","42472","77","0","2016","2","N","Schenectady County, New York","Private","NAICS 42472 Other petroleum merchant wholesalers","County, NAICS 5-digit -- by ownership sector","All establishment sizes",1,0,0,0,0,0,0,0,"N",0.57,0,0,0,0,0,0,0,"N",0,0.0,0,0,0,0,0,0,0,0,0,0,0,0,0,0
"36093","5","42472","77","0","2016","3","N","Schenectady County, New York","Private","NAICS 42472 Other petroleum merchant wholesalers","County, NAICS 5-digit -- by ownership sector","All establishment sizes",1,0,0,0,0,0,0,0,"N",0.57,0,0,0,0,0,0,0,"N",0,0.0,0,0,0,0,0,0,0,0,0,0,0,0,0,0
"36093","5","42472","77","0","2016","4","N","Schenectady County, New York","Private","NAICS 42472 Other petroleum merchant wholesalers","County, NAICS 5-digit -- by ownership sector","All establishment sizes",1,0,0,0,0,0,0,0,"N",0.57,0,0,0,0,0,0,0,"N",0,0.0,0,0,0,0,0,0,0,0,0,0,0,0,0,0
"36093","5","424720","78","0","2016","1","N","Schenectady County, New York","Private","NAICS 424720 Other petroleum merchant wholesalers","County, NAICS 6-digit -- by ownership sector","All establishment sizes",1,0,0,0,0,0,0,0,"N",0.57,0,0,0,0,0,0,0,"N",0,0.0,0,0,0,0,0,0,0,0,0,0,0,0,0,0
"36093","5","424720","78","0","2016","2","N","Schenectady County, New York","Private","NAICS 424720 Other petroleum merchant wholesalers","County, NAICS 6-digit -- by ownership sector","All establishment sizes",1,0,0,0,0,0,0,0,"N",0.57,0,0,0,0,0,0,0,"N",0,0.0,0,0,0,0,0,0,0,0,0,0,0,0,0,0
"36093","5","424720","78","0","2016","3","N","Schenectady County, New York","Private","NAICS 424720 Other petroleum merchant wholesalers","County, NAICS 6-digit -- by ownership sector","All establishment sizes",1,0,0,0,0,0,0,0,"N",0.57,0,0,0,0,0,0,0,"N",0,0.0,0,0,0,0,0,0,0,0,0,0,0,0,0,0
"36093","5","424720","78","0","2016","4","N","Schenectady County, New York","Private","NAICS 424720 Other petroleum merchant wholesalers","County, NAICS 6-digit -- by ownership sector","All establishment sizes",1,0,0,0,0,0,0,0,"N",0.57,0,0,0,0,0,0,0,"N",0,0.0,0,0,0,0,0,0,0,0,0,0,0,0,0,0
"36093","5","4248","76","0","2016","1","N","Schenectady County, New York","Private","NAICS 4248 Alcoholic beverage merchant wholesalers","County, NAICS 4-digit -- by ownership sector","All establishment sizes",2,0,0,0,0,0,0,0,"N",0.94,0,0,0,0,0,0,0,"N",0,0.0,0,0,0,0,0,0,0,0,0,0,0,0,0,0
"36093","5","4248","76","0","2016","2","N","Schenectady County, New York","Private","NAICS 4248 Alcoholic beverage merchant wholesalers","County, NAICS 4-digit -- by ownership sector","All establishment sizes",2,0,0,0,0,0,0,0,"N",0.92,0,0,0,0,0,0,0,"N",0,0.0,0,0,0,0,0,0,0,0,0,0,0,0,0,0
"36093","5","4248","76","0","2016","3","N","Schenectady County, New York","Private","NAICS 4248 Alcoholic beverage merchant wholesalers","County, NAICS 4-digit -- by ownership sector","All establishment sizes",2,0,0,0,0,0,0,0,"N",0.91,0,0,0,0,0,0,0,"N",0,0.0,0,0,0,0,0,0,0,0,0,0,0,0,0,0
"36093","5","4248","76","0","2016","4","N","Schenectady County, New York","Private","NAICS 4248 Alcoholic beverage merchant wholesalers","County, NAICS 4-digit -- by ownership sector","All establishment sizes",2,0,0,0,0,0,0,0,"N",0.90,0,0,0,0,0,0,0,"N",0,0.0,0,0,0,0,0,0,0,0,0,0,0,0,0,0
"36093","5","42481","77","0","2016","1","N","Schenectady County, New York","Private","NAICS 42481 Beer and ale merchant wholesalers","County, NAICS 5-digit -- by ownership sector","All establishment sizes",1,0,0,0,0,0,0,0,"N",1.23,0,0,0,0,0,0,0,"N",0,0.0,0,0,0,0,0,0,0,0,0,0,0,0,0,0
"36093","5","42481","77","0","2016","2","N","Schenectady County, New York","Private","NAICS 42481 Beer and ale merchant wholesalers","County, NAICS 5-digit -- by ownership sector","All establishment sizes",1,0,0,0,0,0,0,0,"N",1.21,0,0,0,0,0,0,0,"N",0,0.0,0,0,0,0,0,0,0,0,0,0,0,0,0,0
"36093","5","42481","77","0","2016","3","N","Schenectady County, New York","Private","NAICS 42481 Beer and ale merchant wholesalers","County, NAICS 5-digit -- by ownership sector","All establishment sizes",1,0,0,0,0,0,0,0,"N",1.20,0,0,0,0,0,0,0,"N",0,0.0,0,0,0,0,0,0,0,0,0,0,0,0,0,0
"36093","5","42481","77","0","2016","4","N","Schenectady County, New York","Private","NAICS 42481 Beer and ale merchant wholesalers","County, NAICS 5-digit -- by ownership sector","All establishment sizes",1,0,0,0,0,0,0,0,"N",1.18,0,0,0,0,0,0,0,"N",0,0.0,0,0,0,0,0,0,0,0,0,0,0,0,0,0
"36093","5","424810","78","0","2016","1","N","Schenectady County, New York","Private","NAICS 424810 Beer and ale merchant wholesalers","County, NAICS 6-digit -- by ownership sector","All establishment sizes",1,0,0,0,0,0,0,0,"N",1.23,0,0,0,0,0,0,0,"N",0,0.0,0,0,0,0,0,0,0,0,0,0,0,0,0,0
"36093","5","424810","78","0","2016","2","N","Schenectady County, New York","Private","NAICS 424810 Beer and ale merchant wholesalers","County, NAICS 6-digit -- by ownership sector","All establishment sizes",1,0,0,0,0,0,0,0,"N",1.21,0,0,0,0,0,0,0,"N",0,0.0,0,0,0,0,0,0,0,0,0,0,0,0,0,0
"36093","5","424810","78","0","2016","3","N","Schenectady County, New York","Private","NAICS 424810 Beer and ale merchant wholesalers","County, NAICS 6-digit -- by ownership sector","All establishment sizes",1,0,0,0,0,0,0,0,"N",1.20,0,0,0,0,0,0,0,"N",0,0.0,0,0,0,0,0,0,0,0,0,0,0,0,0,0
"36093","5","424810","78","0","2016","4","N","Schenectady County, New York","Private","NAICS 424810 Beer and ale merchant wholesalers","County, NAICS 6-digit -- by ownership sector","All establishment sizes",1,0,0,0,0,0,0,0,"N",1.18,0,0,0,0,0,0,0,"N",0,0.0,0,0,0,0,0,0,0,0,0,0,0,0,0,0
"36093","5","42482","77","0","2016","1","N","Schenectady County, New York","Private","NAICS 42482 Wine and spirit merchant wholesalers","County, NAICS 5-digit -- by ownership sector","All establishment sizes",1,0,0,0,0,0,0,0,"N",0.76,0,0,0,0,0,0,0,"N",0,0.0,0,0,0,0,0,0,0,0,0,0,0,0,0,0
"36093","5","42482","77","0","2016","2","N","Schenectady County, New York","Private","NAICS 42482 Wine and spirit merchant wholesalers","County, NAICS 5-digit -- by ownership sector","All establishment sizes",1,0,0,0,0,0,0,0,"N",0.74,0,0,0,0,0,0,0,"N",0,0.0,0,0,0,0,0,0,0,0,0,0,0,0,0,0
"36093","5","42482","77","0","2016","3","N","Schenectady County, New York","Private","NAICS 42482 Wine and spirit merchant wholesalers","County, NAICS 5-digit -- by ownership sector","All establishment sizes",1,0,0,0,0,0,0,0,"N",0.73,0,0,0,0,0,0,0,"N",0,0.0,0,0,0,0,0,0,0,0,0,0,0,0,0,0
"36093","5","42482","77","0","2016","4","N","Schenectady County, New York","Private","NAICS 42482 Wine and spirit merchant wholesalers","County, NAICS 5-digit -- by ownership sector","All establishment sizes",1,0,0,0,0,0,0,0,"N",0.73,0,0,0,0,0,0,0,"N",0,0.0,0,0,0,0,0,0,0,0,0,0,0,0,0,0
"36093","5","424820","78","0","2016","1","N","Schenectady County, New York","Private","NAICS 424820 Wine and spirit merchant wholesalers","County, NAICS 6-digit -- by ownership sector","All establishment sizes",1,0,0,0,0,0,0,0,"N",0.76,0,0,0,0,0,0,0,"N",0,0.0,0,0,0,0,0,0,0,0,0,0,0,0,0,0
"36093","5","424820","78","0","2016","2","N","Schenectady County, New York","Private","NAICS 424820 Wine and spirit merchant wholesalers","County, NAICS 6-digit -- by ownership sector","All establishment sizes",1,0,0,0,0,0,0,0,"N",0.74,0,0,0,0,0,0,0,"N",0,0.0,0,0,0,0,0,0,0,0,0,0,0,0,0,0
"36093","5","424820","78","0","2016","3","N","Schenectady County, New York","Private","NAICS 424820 Wine and spirit merchant wholesalers","County, NAICS 6-digit -- by ownership sector","All establishment sizes",1,0,0,0,0,0,0,0,"N",0.73,0,0,0,0,0,0,0,"N",0,0.0,0,0,0,0,0,0,0,0,0,0,0,0,0,0
"36093","5","424820","78","0","2016","4","N","Schenectady County, New York","Private","NAICS 424820 Wine and spirit merchant wholesalers","County, NAICS 6-digit -- by ownership sector","All establishment sizes",1,0,0,0,0,0,0,0,"N",0.73,0,0,0,0,0,0,0,"N",0,0.0,0,0,0,0,0,0,0,0,0,0,0,0,0,0
"36093","5","4249","76","0","2016","1","","Schenectady County, New York","Private","NAICS 4249 Misc. nondurable goods merchant wholesalers","County, NAICS 4-digit -- by ownership sector","All establishment sizes",5,69,67,72,567486,529234,19563,630,"",0.43,0.50,0.48,0.51,0.31,0.54,0.68,0.63,"",-1,-16.7,2,3.0,-1,-1.5,6,9.1,64212,12.8,51406,10.8,-2532,-11.5,52,9.0
"36093","5","4249","76","0","2016","2","","Schenectady County, New York","Private","NAICS 4249 Misc. nondurable goods merchant wholesalers","County, NAICS 4-digit -- by ownership sector","All establishment sizes",5,86,87,91,743265,307962,18211,650,"",0.43,0.58,0.59,0.61,0.37,1.00,1.70,0.62,"",-1,-16.7,8,10.3,2,2.4,6,7.1,67290,10.0,12135,4.1,-205,-1.1,21,3.3
"36093","5","4249","76","0","2016","3","","Schenectady County, New York","Private","NAICS 4249 Misc. nondurable goods merchant wholesalers","County, NAICS 4-digit -- by ownership sector","All establishment sizes",5,91,86,85,719992,108401,5726,634,"",0.43,0.65,0.62,0.61,0.39,0.71,1.20,0.62,"",-1,-16.7,9,11.0,4,4.9,6,7.6,47698,7.1,-32569,-23.1,-3115,-35.2,-4,-0.6
"36093","5","4249","76","0","2016","4","","Schenectady County, New York","Private","NAICS 4249 Misc. nondurable goods merchant wholesalers","County, NAICS 4-digit -- by ownership sector","All establishment sizes",5,85,89,83,835109,187466,5191,750,"",0.43,0.60,0.62,0.59,0.43,1.78,1.56,0.72,"",-1,-16.7,-2,-2.3,8,9.9,5,6.4,-41130,-4.7,72399,62.9,602,13.1,-72,-8.8
"36093","5","42491","77","0","2016","1","N","Schenectady County, New York","Private","NAICS 42491 Farm supplies merchant wholesalers","County, NAICS 5-digit -- by ownership sector","All establishment sizes",1,0,0,0,0,0,0,0,"N",0.25,0,0,0,0,0,0,0,"N",0,0.0,0,0,0,0,0,0,0,0,0,0,0,0,0,0
"36093","5","42491","77","0","2016","2","N","Schenectady County, New York","Private","NAICS 42491 Farm supplies merchant wholesalers","County, NAICS 5-digit -- by ownership sector","All establishment sizes",1,0,0,0,0,0,0,0,"N",0.25,0,0,0,0,0,0,0,"N",0,0.0,0,0,0,0,0,0,0,0,0,0,0,0,0,0
"36093","5","42491","77","0","2016","3","N","Schenectady County, New York","Private","NAICS 42491 Farm supplies merchant wholesalers","County, NAICS 5-digit -- by ownership sector","All establishment sizes",1,0,0,0,0,0,0,0,"N",0.25,0,0,0,0,0,0,0,"N",0,0.0,0,0,0,0,0,0,0,0,0,0,0,0,0,0
"36093","5","42491","77","0","2016","4","N","Schenectady County, New York","Private","NAICS 42491 Farm supplies merchant wholesalers","County, NAICS 5-digit -- by ownership sector","All establishment sizes",1,0,0,0,0,0,0,0,"N",0.25,0,0,0,0,0,0,0,"N",0,0.0,0,0,0,0,0,0,0,0,0,0,0,0,0,0
"36093","5","424910","78","0","2016","1","N","Schenectady County, New York","Private","NAICS 424910 Farm supplies merchant wholesalers","County, NAICS 6-digit -- by ownership sector","All establishment sizes",1,0,0,0,0,0,0,0,"N",0.25,0,0,0,0,0,0,0,"N",0,0.0,0,0,0,0,0,0,0,0,0,0,0,0,0,0
"36093","5","424910","78","0","2016","2","N","Schenectady County, New York","Private","NAICS 424910 Farm supplies merchant wholesalers","County, NAICS 6-digit -- by ownership sector","All establishment sizes",1,0,0,0,0,0,0,0,"N",0.25,0,0,0,0,0,0,0,"N",0,0.0,0,0,0,0,0,0,0,0,0,0,0,0,0,0
"36093","5","424910","78","0","2016","3","N","Schenectady County, New York","Private","NAICS 424910 Farm supplies merchant wholesalers","County, NAICS 6-digit -- by ownership sector","All establishment sizes",1,0,0,0,0,0,0,0,"N",0.25,0,0,0,0,0,0,0,"N",0,0.0,0,0,0,0,0,0,0,0,0,0,0,0,0,0
"36093","5","424910","78","0","2016","4","N","Schenectady County, New York","Private","NAICS 424910 Farm supplies merchant wholesalers","County, NAICS 6-digit -- by ownership sector","All establishment sizes",1,0,0,0,0,0,0,0,"N",0.25,0,0,0,0,0,0,0,"N",0,0.0,0,0,0,0,0,0,0,0,0,0,0,0,0,0
"36093","5","42492","77","0","2016","1","N","Schenectady County, New York","Private","NAICS 42492 Book and periodical merchant wholesalers","County, NAICS 5-digit -- by ownership sector","All establishment sizes",1,0,0,0,0,0,0,0,"N",1.36,0,0,0,0,0,0,0,"N",0,0.0,0,0,0,0,0,0,0,0,0,0,0,0,0,0
"36093","5","42492","77","0","2016","2","N","Schenectady County, New York","Private","NAICS 42492 Book and periodical merchant wholesalers","County, NAICS 5-digit -- by ownership sector","All establishment sizes",1,0,0,0,0,0,0,0,"N",1.37,0,0,0,0,0,0,0,"N",0,0.0,0,0,0,0,0,0,0,0,0,0,0,0,0,0
"36093","5","42492","77","0","2016","3","N","Schenectady County, New York","Private","NAICS 42492 Book and periodical merchant wholesalers","County, NAICS 5-digit -- by ownership sector","All establishment sizes",1,0,0,0,0,0,0,0,"N",1.37,0,0,0,0,0,0,0,"N",0,0.0,0,0,0,0,0,0,0,0,0,0,0,0,0,0
"36093","5","42492","77","0","2016","4","N","Schenectady County, New York","Private","NAICS 42492 Book and periodical merchant wholesalers","County, NAICS 5-digit -- by ownership sector","All establishment sizes",1,0,0,0,0,0,0,0,"N",1.39,0,0,0,0,0,0,0,"N",0,0.0,0,0,0,0,0,0,0,0,0,0,0,0,0,0
"36093","5","424920","78","0","2016","1","N","Schenectady County, New York","Private","NAICS 424920 Book and periodical merchant wholesalers","County, NAICS 6-digit -- by ownership sector","All establishment sizes",1,0,0,0,0,0,0,0,"N",1.36,0,0,0,0,0,0,0,"N",0,0.0,0,0,0,0,0,0,0,0,0,0,0,0,0,0
"36093","5","424920","78","0","2016","2","N","Schenectady County, New York","Private","NAICS 424920 Book and periodical merchant wholesalers","County, NAICS 6-digit -- by ownership sector","All establishment sizes",1,0,0,0,0,0,0,0,"N",1.37,0,0,0,0,0,0,0,"N",0,0.0,0,0,0,0,0,0,0,0,0,0,0,0,0,0
"36093","5","424920","78","0","2016","3","N","Schenectady County, New York","Private","NAICS 424920 Book and periodical merchant wholesalers","County, NAICS 6-digit -- by ownership sector","All establishment sizes",1,0,0,0,0,0,0,0,"N",1.37,0,0,0,0,0,0,0,"N",0,0.0,0,0,0,0,0,0,0,0,0,0,0,0,0,0
"36093","5","424920","78","0","2016","4","N","Schenectady County, New York","Private","NAICS 424920 Book and periodical merchant wholesalers","County, NAICS 6-digit -- by ownership sector","All establishment sizes",1,0,0,0,0,0,0,0,"N",1.39,0,0,0,0,0,0,0,"N",0,0.0,0,0,0,0,0,0,0,0,0,0,0,0,0,0
"36093","5","42493","77","0","2016","1","N","Schenectady County, New York","Private","NAICS 42493 Nursery and florist merchant wholesalers","County, NAICS 5-digit -- by ownership sector","All establishment sizes",1,0,0,0,0,0,0,0,"N",0.85,0,0,0,0,0,0,0,"N",0,0.0,0,0,0,0,0,0,0,0,0,0,0,0,0,0
"36093","5","42493","77","0","2016","2","N","Schenectady County, New York","Private","NAICS 42493 Nursery and florist merchant wholesalers","County, NAICS 5-digit -- by ownership sector","All establishment sizes",1,0,0,0,0,0,0,0,"N",0.84,0,0,0,0,0,0,0,"N",0,0.0,0,0,0,0,0,0,0,0,0,0,0,0,0,0
"36093","5","42493","77","0","2016","3","N","Schenectady County, New York","Private","NAICS 42493 Nursery and florist merchant wholesalers","County, NAICS 5-digit -- by ownership sector","All establishment sizes",1,0,0,0,0,0,0,0,"N",0.84,0,0,0,0,0,0,0,"N",0,0.0,0,0,0,0,0,0,0,0,0,0,0,0,0,0
"36093","5","42493","77","0","2016","4","N","Schenectady County, New York","Private","NAICS 42493 Nursery and florist merchant wholesalers","County, NAICS 5-digit -- by ownership sector","All establishment sizes",1,0,0,0,0,0,0,0,"N",0.85,0,0,0,0,0,0,0,"N",0,0.0,0,0,0,0,0,0,0,0,0,0,0,0,0,0
"36093","5","424930","78","0","2016","1","N","Schenectady County, New York","Private","NAICS 424930 Nursery and florist merchant wholesalers","County, NAICS 6-digit -- by ownership sector","All establishment sizes",1,0,0,0,0,0,0,0,"N",0.85,0,0,0,0,0,0,0,"N",0,0.0,0,0,0,0,0,0,0,0,0,0,0,0,0,0
"36093","5","424930","78","0","2016","2","N","Schenectady County, New York","Private","NAICS 424930 Nursery and florist merchant wholesalers","County, NAICS 6-digit -- by ownership sector","All establishment sizes",1,0,0,0,0,0,0,0,"N",0.84,0,0,0,0,0,0,0,"N",0,0.0,0,0,0,0,0,0,0,0,0,0,0,0,0,0
"36093","5","424930","78","0","2016","3","N","Schenectady County, New York","Private","NAICS 424930 Nursery and florist merchant wholesalers","County, NAICS 6-digit -- by ownership sector","All establishment sizes",1,0,0,0,0,0,0,0,"N",0.84,0,0,0,0,0,0,0,"N",0,0.0,0,0,0,0,0,0,0,0,0,0,0,0,0,0
"36093","5","424930","78","0","2016","4","N","Schenectady County, New York","Private","NAICS 424930 Nursery and florist merchant wholesalers","County, NAICS 6-digit -- by ownership sector","All establishment sizes",1,0,0,0,0,0,0,0,"N",0.85,0,0,0,0,0,0,0,"N",0,0.0,0,0,0,0,0,0,0,0,0,0,0,0,0,0
"36093","5","42499","77","0","2016","1","N","Schenectady County, New York","Private","NAICS 42499 Other nondurable goods merchant wholesalers","County, NAICS 5-digit -- by ownership sector","All establishment sizes",2,0,0,0,0,0,0,0,"N",0.46,0,0,0,0,0,0,0,"N",-1,-33.3,0,0,0,0,0,0,0,0,0,0,0,0,0,0
"36093","5","42499","77","0","2016","2","N","Schenectady County, New York","Private","NAICS 42499 Other nondurable goods merchant wholesalers","County, NAICS 5-digit -- by ownership sector","All establishment sizes",2,0,0,0,0,0,0,0,"N",0.45,0,0,0,0,0,0,0,"N",-1,-33.3,0,0,0,0,0,0,0,0,0,0,0,0,0,0
"36093","5","42499","77","0","2016","3","N","Schenectady County, New York","Private","NAICS 42499 Other nondurable goods merchant wholesalers","County, NAICS 5-digit -- by ownership sector","All establishment sizes",2,0,0,0,0,0,0,0,"N",0.45,0,0,0,0,0,0,0,"N",-1,-33.3,0,0,0,0,0,0,0,0,0,0,0,0,0,0
"36093","5","42499","77","0","2016","4","N","Schenectady County, New York","Private","NAICS 42499 Other nondurable goods merchant wholesalers","County, NAICS 5-digit -- by ownership sector","All establishment sizes",2,0,0,0,0,0,0,0,"N",0.45,0,0,0,0,0,0,0,"N",-1,-33.3,0,0,0,0,0,0,0,0,0,0,0,0,0,0
"36093","5","424990","78","0","2016","1","N","Schenectady County, New York","Private","NAICS 424990 Other nondurable goods merchant wholesalers","County, NAICS 6-digit -- by ownership sector","All establishment sizes",2,0,0,0,0,0,0,0,"N",0.46,0,0,0,0,0,0,0,"N",-1,-33.3,0,0,0,0,0,0,0,0,0,0,0,0,0,0
"36093","5","424990","78","0","2016","2","N","Schenectady County, New York","Private","NAICS 424990 Other nondurable goods merchant wholesalers","County, NAICS 6-digit -- by ownership sector","All establishment sizes",2,0,0,0,0,0,0,0,"N",0.45,0,0,0,0,0,0,0,"N",-1,-33.3,0,0,0,0,0,0,0,0,0,0,0,0,0,0
"36093","5","424990","78","0","2016","3","N","Schenectady County, New York","Private","NAICS 424990 Other nondurable goods merchant wholesalers","County, NAICS 6-digit -- by ownership sector","All establishment sizes",2,0,0,0,0,0,0,0,"N",0.45,0,0,0,0,0,0,0,"N",-1,-33.3,0,0,0,0,0,0,0,0,0,0,0,0,0,0
"36093","5","424990","78","0","2016","4","N","Schenectady County, New York","Private","NAICS 424990 Other nondurable goods merchant wholesalers","County, NAICS 6-digit -- by ownership sector","All establishment sizes",2,0,0,0,0,0,0,0,"N",0.45,0,0,0,0,0,0,0,"N",-1,-33.3,0,0,0,0,0,0,0,0,0,0,0,0,0,0
"36093","5","425","75","0","2016","1","N","Schenectady County, New York","Private","NAICS 425 Electronic markets and agents and brokers","County, NAICS 3-digit -- by ownership sector","All establishment sizes",16,0,0,0,0,0,0,0,"N",0.20,0,0,0,0,0,0,0,"N",-5,-23.8,0,0,0,0,0,0,0,0,0,0,0,0,0,0
"36093","5","425","75","0","2016","2","N","Schenectady County, New York","Private","NAICS 425 Electronic markets and agents and brokers","County, NAICS 3-digit -- by ownership sector","All establishment sizes",16,0,0,0,0,0,0,0,"N",0.20,0,0,0,0,0,0,0,"N",-4,-20.0,0,0,0,0,0,0,0,0,0,0,0,0,0,0
"36093","5","425","75","0","2016","3","N","Schenectady County, New York","Private","NAICS 425 Electronic markets and agents and brokers","County, NAICS 3-digit -- by ownership sector","All establishment sizes",16,0,0,0,0,0,0,0,"N",0.20,0,0,0,0,0,0,0,"N",-2,-11.1,0,0,0,0,0,0,0,0,0,0,0,0,0,0
"36093","5","425","75","0","2016","4","N","Schenectady County, New York","Private","NAICS 425 Electronic markets and agents and brokers","County, NAICS 3-digit -- by ownership sector","All establishment sizes",16,0,0,0,0,0,0,0,"N",0.20,0,0,0,0,0,0,0,"N",-3,-15.8,0,0,0,0,0,0,0,0,0,0,0,0,0,0
"36093","5","4251","76","0","2016","1","N","Schenectady County, New York","Private","NAICS 4251 Electronic markets and agents and brokers","County, NAICS 4-digit -- by ownership sector","All establishment sizes",16,0,0,0,0,0,0,0,"N",0.20,0,0,0,0,0,0,0,"N",-5,-23.8,0,0,0,0,0,0,0,0,0,0,0,0,0,0
"36093","5","4251","76","0","2016","2","N","Schenectady County, New York","Private","NAICS 4251 Electronic markets and agents and brokers","County, NAICS 4-digit -- by ownership sector","All establishment sizes",16,0,0,0,0,0,0,0,"N",0.20,0,0,0,0,0,0,0,"N",-4,-20.0,0,0,0,0,0,0,0,0,0,0,0,0,0,0
"36093","5","4251","76","0","2016","3","N","Schenectady County, New York","Private","NAICS 4251 Electronic markets and agents and brokers","County, NAICS 4-digit -- by ownership sector","All establishment sizes",16,0,0,0,0,0,0,0,"N",0.20,0,0,0,0,0,0,0,"N",-2,-11.1,0,0,0,0,0,0,0,0,0,0,0,0,0,0
"36093","5","4251","76","0","2016","4","N","Schenectady County, New York","Private","NAICS 4251 Electronic markets and agents and brokers","County, NAICS 4-digit -- by ownership sector","All establishment sizes",16,0,0,0,0,0,0,0,"N",0.20,0,0,0,0,0,0,0,"N",-3,-15.8,0,0,0,0,0,0,0,0,0,0,0,0,0,0
"36093","5","42511","77","0","2016","1","N","Schenectady County, New York","Private","NAICS 42511 Business to business electronic markets","County, NAICS 5-digit -- by ownership sector","All establishment sizes",1,0,0,0,0,0,0,0,"N",0.75,0,0,0,0,0,0,0,"N",0,0.0,0,0,0,0,0,0,0,0,0,0,0,0,0,0
"36093","5","42511","77","0","2016","2","N","Schenectady County, New York","Private","NAICS 42511 Business to business electronic markets","County, NAICS 5-digit -- by ownership sector","All establishment sizes",1,0,0,0,0,0,0,0,"N",0.74,0,0,0,0,0,0,0,"N",0,0.0,0,0,0,0,0,0,0,0,0,0,0,0,0,0
"36093","5","42511","77","0","2016","3","N","Schenectady County, New York","Private","NAICS 42511 Business to business electronic markets","County, NAICS 5-digit -- by ownership sector","All establishment sizes",1,0,0,0,0,0,0,0,"N",0.74,0,0,0,0,0,0,0,"N",0,0.0,0,0,0,0,0,0,0,0,0,0,0,0,0,0
"36093","5","42511","77","0","2016","4","N","Schenectady County, New York","Private","NAICS 42511 Business to business electronic markets","County, NAICS 5-digit -- by ownership sector","All establishment sizes",1,0,0,0,0,0,0,0,"N",0.73,0,0,0,0,0,0,0,"N",0,0.0,0,0,0,0,0,0,0,0,0,0,0,0,0,0
"36093","5","425110","78","0","2016","1","N","Schenectady County, New York","Private","NAICS 425110 Business to business electronic markets","County, NAICS 6-digit -- by ownership sector","All establishment sizes",1,0,0,0,0,0,0,0,"N",0.75,0,0,0,0,0,0,0,"N",0,0.0,0,0,0,0,0,0,0,0,0,0,0,0,0,0
"36093","5","425110","78","0","2016","2","N","Schenectady County, New York","Private","NAICS 425110 Business to business electronic markets","County, NAICS 6-digit -- by ownership sector","All establishment sizes",1,0,0,0,0,0,0,0,"N",0.74,0,0,0,0,0,0,0,"N",0,0.0,0,0,0,0,0,0,0,0,0,0,0,0,0,0
"36093","5","425110","78","0","2016","3","N","Schenectady County, New York","Private","NAICS 425110 Business to business electronic markets","County, NAICS 6-digit -- by ownership sector","All establishment sizes",1,0,0,0,0,0,0,0,"N",0.74,0,0,0,0,0,0,0,"N",0,0.0,0,0,0,0,0,0,0,0,0,0,0,0,0,0
"36093","5","425110","78","0","2016","4","N","Schenectady County, New York","Private","NAICS 425110 Business to business electronic markets","County, NAICS 6-digit -- by ownership sector","All establishment sizes",1,0,0,0,0,0,0,0,"N",0.73,0,0,0,0,0,0,0,"N",0,0.0,0,0,0,0,0,0,0,0,0,0,0,0,0,0
"36093","5","42512","77","0","2016","1","","Schenectady County, New York","Private","NAICS 42512 Wholesale trade agents and brokers","County, NAICS 5-digit -- by ownership sector","All establishment sizes",15,81,79,78,1067093,740553,47543,1035,"",0.19,0.21,0.21,0.20,0.11,0.22,0.47,0.55,"N",-5,-25.0,0,0,0,0,0,0,0,0,0,0,0,0,0,0
"36093","5","42512","77","0","2016","2","","Schenectady County, New York","Private","NAICS 42512 Wholesale trade agents and brokers","County, NAICS 5-digit -- by ownership sector","All establishment sizes",15,78,79,75,1104628,111872,7266,1099,"",0.19,0.20,0.20,0.19,0.11,0.19,0.35,0.56,"N",-4,-21.1,0,0,0,0,0,0,0,0,0,0,0,0,0,0
"36093","5","42512","77","0","2016","3","","Schenectady County, New York","Private","NAICS 42512 Wholesale trade agents and brokers","County, NAICS 5-digit -- by ownership sector","All establishment sizes",15,80,81,80,1218321,91070,4547,1167,"",0.19,0.21,0.21,0.21,0.13,0.26,0.37,0.61,"",-2,-11.8,-24,-23.1,-14,-14.7,-15,-15.8,-375679,-23.6,24217,36.2,775,20.5,-84,-6.7
"36093","5","42512","77","0","2016","4","","Schenectady County, New York","Private","NAICS 42512 Wholesale trade agents and brokers","County, NAICS 5-digit -- by ownership sector","All establishment sizes",15,79,79,68,1273652,86277,5316,1301,"",0.19,0.20,0.20,0.18,0.14,0.31,0.54,0.70,"",-3,-16.7,-26,-24.8,-24,-23.3,-34,-33.3,-428763,-25.2,-3442,-3.8,532,11.1,34,2.7
"36093","5","425120","78","0","2016","1","","Schenectady County, New York","Private","NAICS 425120 Wholesale trade agents and brokers","County, NAICS 6-digit -- by ownership sector","All establishment sizes",15,81,79,78,1067093,740553,47543,1035,"",0.19,0.21,0.21,0.20,0.11,0.22,0.47,0.55,"N",-5,-25.0,0,0,0,0,0,0,0,0,0,0,0,0,0,0
"36093","5","425120","78","0","2016","2","","Schenectady County, New York","Private","NAICS 425120 Wholesale trade agents and brokers","County, NAICS 6-digit -- by ownership sector","All establishment sizes",15,78,79,75,1104628,111872,7266,1099,"",0.19,0.20,0.20,0.19,0.11,0.19,0.35,0.56,"N",-4,-21.1,0,0,0,0,0,0,0,0,0,0,0,0,0,0
"36093","5","425120","78","0","2016","3","","Schenectady County, New York","Private","NAICS 425120 Wholesale trade agents and brokers","County, NAICS 6-digit -- by ownership sector","All establishment sizes",15,80,81,80,1218321,91070,4547,1167,"",0.19,0.21,0.21,0.21,0.13,0.26,0.37,0.61,"",-2,-11.8,-24,-23.1,-14,-14.7,-15,-15.8,-375679,-23.6,24217,36.2,775,20.5,-84,-6.7
"36093","5","425120","78","0","2016","4","","Schenectady County, New York","Private","NAICS 425120 Wholesale trade agents and brokers","County, NAICS 6-digit -- by ownership sector","All establishment sizes",15,79,79,68,1273652,86277,5316,1301,"",0.19,0.20,0.20,0.18,0.14,0.31,0.54,0.70,"",-3,-16.7,-26,-24.8,-24,-23.3,-34,-33.3,-428763,-25.2,-3442,-3.8,532,11.1,34,2.7
"36093","5","44-45","74","0","2016","1","","Schenectady County, New York","Private","NAICS 44-45 Retail trade","County, NAICS Sector -- by ownership sector","All establishment sizes",462,6961,6905,6896,48452069,37746752,962704,539,"",1.26,1.00,0.99,0.99,0.98,1.16,1.25,0.98,"",-22,-4.5,-223,-3.1,-61,-0.9,-117,-1.7,595862,1.2,862916,2.3,-273335,-22.1,17,3.3
"36093","5","44-45","74","0","2016","2","","Schenectady County, New York","Private","NAICS 44-45 Retail trade","County, NAICS Sector -- by ownership sector","All establishment sizes",466,6874,6888,6967,50876470,18334233,444391,566,"",1.26,0.98,0.98,0.98,0.86,1.48,1.33,0.88,"",-6,-1.3,-127,-1.8,-136,-1.9,-171,-2.4,-50558,-0.1,404875,2.3,-114186,-20.4,11,2.0
"36093","5","44-45","74","0","2016","3","","Schenectady County, New York","Private","NAICS 44-45 Retail trade","County, NAICS Sector -- by ownership sector","All establishment sizes",465,6931,6922,6720,52572980,10847849,264068,590,"",1.25,1.02,1.01,0.98,0.95,1.40,1.33,0.95,"",1,0.2,-84,-1.2,-120,-1.7,-206,-3.0,963197,1.9,-126606,-1.2,-73416,-21.8,22,3.9
"36093","5","44-45","74","0","2016","4","","Schenectady County, New York","Private","NAICS 44-45 Retail trade","County, NAICS Sector -- by ownership sector","All establishment sizes",466,6906,7097,7069,51921687,8093602,204355,569,"",1.26,0.98,0.97,0.98,0.95,1.32,1.31,0.98,"",8,1.7,-102,-1.5,-111,-1.5,-158,-2.2,-2859448,-5.2,-756191,-8.5,-79015,-27.9,-21,-3.6
"36093","5","441","75","0","2016","1","","Schenectady County, New York","Private","NAICS 441 Motor vehicle and parts dealers","County, NAICS 3-digit -- by ownership sector","All establishment sizes",54,1012,1009,998,12049281,8029760,275136,921,"",1.32,1.17,1.15,1.14,1.24,1.38,1.71,1.07,"",-4,-6.9,7,0.7,7,0.7,7,0.7,34431,0.3,-48034,-0.6,-30923,-10.1,-4,-0.4
"36093","5","441","75","0","2016","2","","Schenectady County, New York","Private","NAICS 441 Motor vehicle and parts dealers","County, NAICS 3-digit -- by ownership sector","All establishment sizes",55,993,996,977,12850973,2203743,73085,1000,"",1.33,1.12,1.13,1.09,1.09,1.29,1.35,0.98,"",-3,-5.2,-32,-3.1,-47,-4.5,-60,-5.8,-788140,-5.8,43819,2.0,-7218,-9.0,-14,-1.4
"36093","5","441","75","0","2016","3","","Schenectady County, New York","Private","NAICS 441 Motor vehicle and parts dealers","County, NAICS 3-digit -- by ownership sector","All establishment sizes",57,985,981,965,13850433,1184939,40949,1090,"",1.38,1.15,1.14,1.11,1.24,1.19,1.34,1.09,"",-1,-1.7,-64,-6.1,-67,-6.4,-70,-6.8,-238670,-1.7,-112677,-8.7,-7967,-16.3,52,5.0
"36093","5","441","75","0","2016","4","","Schenectady County, New York","Private","NAICS 441 Motor vehicle and parts dealers","County, NAICS 3-digit -- by ownership sector","All establishment sizes",56,973,979,963,12752147,1061861,37925,1010,"",1.35,1.10,1.11,1.10,1.17,1.45,1.69,1.06,"",-2,-3.4,-61,-5.9,-56,-5.4,-72,-7.0,-1576922,-11.0,-333264,-23.9,-15421,-28.9,-55,-5.2
"36093","5","4411","76","0","2016","1","","Schenectady County, New York","Private","NAICS 4411 Automobile dealers","County, NAICS 4-digit -- by ownership sector","All establishment sizes",27,789,782,773,10429586,6681576,241782,1027,"",1.67,1.40,1.38,1.37,1.44,1.63,2.04,1.04,"",-1,-3.6,13,1.7,15,2.0,11,1.4,98564,1.0,69803,1.1,-15011,-5.8,-7,-0.7
"36093","5","4411","76","0","2016","2","","Schenectady County, New York","Private","NAICS 4411 Automobile dealers","County, NAICS 4-digit -- by ownership sector","All establishment sizes",28,774,780,771,11243368,1643543,59982,1116,"",1.72,1.35,1.37,1.33,1.29,1.53,1.69,0.95,"",1,3.7,-21,-2.6,-23,-2.9,-32,-4.0,-685913,-5.7,33672,2.1,-1843,-3.0,-31,-2.7
"36093","5","4411","76","0","2016","3","","Schenectady County, New York","Private","NAICS 4411 Automobile dealers","County, NAICS 4-digit -- by ownership sector","All establishment sizes",29,783,784,769,12204834,918697,34831,1206,"",1.78,1.41,1.41,1.37,1.48,1.48,1.72,1.06,"",2,7.4,-34,-4.2,-36,-4.4,-37,-4.6,-64708,-0.5,-60140,-6.1,-3089,-8.1,47,4.1
"36093","5","4411","76","0","2016","4","","Schenectady County, New York","Private","NAICS 4411 Automobile dealers","County, NAICS 4-digit -- by ownership sector","All establishment sizes",28,773,775,758,10952675,874302,33437,1096,"",1.71,1.35,1.35,1.34,1.36,1.85,2.14,1.01,"",1,3.7,-29,-3.6,-30,-3.7,-44,-5.5,-1426866,-11.5,-212055,-19.5,-9309,-21.8,-90,-7.6
"36093","5","44111","77","0","2016","1","","Schenectady County, New York","Private","NAICS 44111 New car dealers","County, NAICS 5-digit -- by ownership sector","All establishment sizes",10,652,644,633,8882927,5568979,194282,1063,"",1.41,1.32,1.30,1.28,1.37,1.54,1.84,1.05,"",-2,-16.7,3,0.5,5,0.8,-1,-0.2,-72138,-0.8,-1134,0.0,-14623,-7.0,-12,-1.1
"36093","5","44111","77","0","2016","2","","Schenectady County, New York","Private","NAICS 44111 New car dealers","County, NAICS 5-digit -- by ownership sector","All establishment sizes",10,637,644,634,9515940,1333062,46153,1147,"",1.40,1.28,1.29,1.26,1.22,1.43,1.49,0.95,"",-2,-16.7,-26,-3.9,-22,-3.3,-28,-4.2,-842175,-8.1,40823,3.2,-1104,-2.3,-54,-4.5
"36093","5","44111","77","0","2016","3","","Schenectady County, New York","Private","NAICS 44111 New car dealers","County, NAICS 5-digit -- by ownership sector","All establishment sizes",10,638,638,625,10366810,738434,26488,1258,"",1.40,1.32,1.31,1.28,1.40,1.37,1.51,1.07,"",-2,-16.7,-38,-5.6,-48,-7.0,-46,-6.9,-346885,-3.2,-81927,-10.0,-3954,-13.0,42,3.5
"36093","5","44111","77","0","2016","4","","Schenectady County, New York","Private","NAICS 44111 New car dealers","County, NAICS 5-digit -- by ownership sector","All establishment sizes",10,636,633,616,9184213,699320,25325,1124,"",1.40,1.27,1.26,1.25,1.26,1.71,1.86,1.00,"",-2,-16.7,-36,-5.4,-44,-6.5,-55,-8.2,-1503199,-14.1,-267207,-27.6,-11095,-30.5,-97,-7.9
"36093","5","441110","78","0","2016","1","","Schenectady County, New York","Private","NAICS 441110 New car dealers","County, NAICS 6-digit -- by ownership sector","All establishment sizes",10,652,644,633,8882927,5568979,194282,1063,"",1.41,1.32,1.30,1.28,1.37,1.54,1.84,1.05,"",-2,-16.7,3,0.5,5,0.8,-1,-0.2,-72138,-0.8,-1134,0.0,-14623,-7.0,-12,-1.1
"36093","5","441110","78","0","2016","2","","Schenectady County, New York","Private","NAICS 441110 New car dealers","County, NAICS 6-digit -- by ownership sector","All establishment sizes",10,637,644,634,9515940,1333062,46153,1147,"",1.40,1.28,1.29,1.26,1.22,1.43,1.49,0.95,"",-2,-16.7,-26,-3.9,-22,-3.3,-28,-4.2,-842175,-8.1,40823,3.2,-1104,-2.3,-54,-4.5
"36093","5","441110","78","0","2016","3","","Schenectady County, New York","Private","NAICS 441110 New car dealers","County, NAICS 6-digit -- by ownership sector","All establishment sizes",10,638,638,625,10366810,738434,26488,1258,"",1.40,1.32,1.31,1.28,1.40,1.37,1.51,1.07,"",-2,-16.7,-38,-5.6,-48,-7.0,-46,-6.9,-346885,-3.2,-81927,-10.0,-3954,-13.0,42,3.5
"36093","5","441110","78","0","2016","4","","Schenectady County, New York","Private","NAICS 441110 New car dealers","County, NAICS 6-digit -- by ownership sector","All establishment sizes",10,636,633,616,9184213,699320,25325,1124,"",1.40,1.27,1.26,1.25,1.26,1.71,1.86,1.00,"",-2,-16.7,-36,-5.4,-44,-6.5,-55,-8.2,-1503199,-14.1,-267207,-27.6,-11095,-30.5,-97,-7.9
"36093","5","44112","77","0","2016","1","","Schenectady County, New York","Private","NAICS 44112 Used car dealers","County, NAICS 5-digit -- by ownership sector","All establishment sizes",17,137,138,140,1546659,1112597,47500,860,"",1.87,1.94,1.93,1.95,2.12,2.37,3.66,1.10,"",1,6.2,10,7.9,10,7.8,12,9.4,170702,12.4,70937,6.8,-388,-0.8,31,3.7
"36093","5","44112","77","0","2016","2","","Schenectady County, New York","Private","NAICS 44112 Used car dealers","County, NAICS 5-digit -- by ownership sector","All establishment sizes",18,137,136,137,1727428,310481,13829,972,"",1.96,1.89,1.87,1.87,1.93,2.18,2.99,1.03,"",3,20.0,5,3.8,-1,-0.7,-4,-2.8,156262,9.9,-7151,-2.3,-739,-5.1,88,10.0
"36093","5","44112","77","0","2016","3","","Schenectady County, New York","Private","NAICS 44112 Used car dealers","County, NAICS 5-digit -- by ownership sector","All establishment sizes",19,145,146,144,1838024,180263,8343,975,"",2.07,2.08,2.09,2.05,2.21,2.18,3.14,1.07,"",4,26.7,4,2.8,12,9.0,9,6.7,282177,18.1,21787,13.7,865,11.6,99,11.3
"36093","5","44112","77","0","2016","4","","Schenectady County, New York","Private","NAICS 44112 Used car dealers","County, NAICS 5-digit -- by ownership sector","All establishment sizes",18,137,142,142,1768462,174982,8112,969,"",1.95,1.90,1.97,2.01,2.27,2.76,3.95,1.16,"",3,20.0,7,5.4,14,10.9,11,8.4,76333,4.5,55152,46.0,1786,28.2,-35,-3.5
"36093","5","441120","78","0","2016","1","","Schenectady County, New York","Private","NAICS 441120 Used car dealers","County, NAICS 6-digit -- by ownership sector","All establishment sizes",17,137,138,140,1546659,1112597,47500,860,"",1.87,1.94,1.93,1.95,2.12,2.37,3.66,1.10,"",1,6.2,10,7.9,10,7.8,12,9.4,170702,12.4,70937,6.8,-388,-0.8,31,3.7
"36093","5","441120","78","0","2016","2","","Schenectady County, New York","Private","NAICS 441120 Used car dealers","County, NAICS 6-digit -- by ownership sector","All establishment sizes",18,137,136,137,1727428,310481,13829,972,"",1.96,1.89,1.87,1.87,1.93,2.18,2.99,1.03,"",3,20.0,5,3.8,-1,-0.7,-4,-2.8,156262,9.9,-7151,-2.3,-739,-5.1,88,10.0
"36093","5","441120","78","0","2016","3","","Schenectady County, New York","Private","NAICS 441120 Used car dealers","County, NAICS 6-digit -- by ownership sector","All establishment sizes",19,145,146,144,1838024,180263,8343,975,"",2.07,2.08,2.09,2.05,2.21,2.18,3.14,1.07,"",4,26.7,4,2.8,12,9.0,9,6.7,282177,18.1,21787,13.7,865,11.6,99,11.3
"36093","5","441120","78","0","2016","4","","Schenectady County, New York","Private","NAICS 441120 Used car dealers","County, NAICS 6-digit -- by ownership sector","All establishment sizes",18,137,142,142,1768462,174982,8112,969,"",1.95,1.90,1.97,2.01,2.27,2.76,3.95,1.16,"",3,20.0,7,5.4,14,10.9,11,8.4,76333,4.5,55152,46.0,1786,28.2,-35,-3.5
"36093","5","4412","76","0","2016","1","","Schenectady County, New York","Private","NAICS 4412 Other motor vehicle dealers","County, NAICS 4-digit -- by ownership sector","All establishment sizes",6,20,18,19,133679,130055,3701,541,"",1.21,0.32,0.29,0.29,0.21,0.31,0.28,0.71,"",0,0.0,2,11.1,-1,-5.3,0,0.0,-9352,-6.5,-4505,-3.3,-1503,-28.9,-48,-8.1
"36093","5","4412","76","0","2016","2","","Schenectady County, New York","Private","NAICS 4412 Other motor vehicle dealers","County, NAICS 4-digit -- by ownership sector","All establishment sizes",6,17,19,19,150207,48309,1001,630,"",1.20,0.25,0.27,0.27,0.17,0.30,0.15,0.66,"",0,0.0,-1,-5.6,-2,-9.5,0,0.0,-7953,-5.0,160,0.3,-372,-27.1,1,0.2
"36093","5","4412","76","0","2016","3","","Schenectady County, New York","Private","NAICS 4412 Other motor vehicle dealers","County, NAICS 4-digit -- by ownership sector","All establishment sizes",6,19,19,18,163208,31584,537,673,"",1.20,0.28,0.28,0.27,0.20,0.35,0.15,0.72,"",0,0.0,-1,-5.0,-1,-5.0,-2,-10.0,12657,8.4,8021,34.0,-218,-28.9,94,16.2
"36093","5","4412","76","0","2016","4","","Schenectady County, New York","Private","NAICS 4412 Other motor vehicle dealers","County, NAICS 4-digit -- by ownership sector","All establishment sizes",6,19,20,19,157211,14487,245,626,"",1.20,0.28,0.30,0.30,0.21,0.26,0.12,0.70,"",0,0.0,0,0.0,1,5.3,0,0.0,-3685,-2.3,-12099,-45.5,-480,-66.2,-25,-3.8
"36093","5","44121","77","0","2016","1","N","Schenectady County, New York","Private","NAICS 44121 Recreational vehicle dealers","County, NAICS 5-digit -- by ownership sector","All establishment sizes",1,0,0,0,0,0,0,0,"N",1.14,0,0,0,0,0,0,0,"N",0,0.0,0,0,0,0,0,0,0,0,0,0,0,0,0,0
"36093","5","44121","77","0","2016","2","N","Schenectady County, New York","Private","NAICS 44121 Recreational vehicle dealers","County, NAICS 5-digit -- by ownership sector","All establishment sizes",1,0,0,0,0,0,0,0,"N",1.13,0,0,0,0,0,0,0,"N",0,0.0,0,0,0,0,0,0,0,0,0,0,0,0,0,0
"36093","5","44121","77","0","2016","3","N","Schenectady County, New York","Private","NAICS 44121 Recreational vehicle dealers","County, NAICS 5-digit -- by ownership sector","All establishment sizes",1,0,0,0,0,0,0,0,"N",1.12,0,0,0,0,0,0,0,"N",0,0.0,0,0,0,0,0,0,0,0,0,0,0,0,0,0
"36093","5","44121","77","0","2016","4","N","Schenectady County, New York","Private","NAICS 44121 Recreational vehicle dealers","County, NAICS 5-digit -- by ownership sector","All establishment sizes",1,0,0,0,0,0,0,0,"N",1.12,0,0,0,0,0,0,0,"N",0,0.0,0,0,0,0,0,0,0,0,0,0,0,0,0,0
"36093","5","441210","78","0","2016","1","N","Schenectady County, New York","Private","NAICS 441210 Recreational vehicle dealers","County, NAICS 6-digit -- by ownership sector","All establishment sizes",1,0,0,0,0,0,0,0,"N",1.14,0,0,0,0,0,0,0,"N",0,0.0,0,0,0,0,0,0,0,0,0,0,0,0,0,0
"36093","5","441210","78","0","2016","2","N","Schenectady County, New York","Private","NAICS 441210 Recreational vehicle dealers","County, NAICS 6-digit -- by ownership sector","All establishment sizes",1,0,0,0,0,0,0,0,"N",1.13,0,0,0,0,0,0,0,"N",0,0.0,0,0,0,0,0,0,0,0,0,0,0,0,0,0
"36093","5","441210","78","0","2016","3","N","Schenectady County, New York","Private","NAICS 441210 Recreational vehicle dealers","County, NAICS 6-digit -- by ownership sector","All establishment sizes",1,0,0,0,0,0,0,0,"N",1.12,0,0,0,0,0,0,0,"N",0,0.0,0,0,0,0,0,0,0,0,0,0,0,0,0,0
"36093","5","441210","78","0","2016","4","N","Schenectady County, New York","Private","NAICS 441210 Recreational vehicle dealers","County, NAICS 6-digit -- by ownership sector","All establishment sizes",1,0,0,0,0,0,0,0,"N",1.12,0,0,0,0,0,0,0,"N",0,0.0,0,0,0,0,0,0,0,0,0,0,0,0,0,0
"36093","5","44122","77","0","2016","1","N","Schenectady County, New York","Private","NAICS 44122 Motorcycle, boat, and other vehicle dealers","County, NAICS 5-digit -- by ownership sector","All establishment sizes",5,0,0,0,0,0,0,0,"N",1.22,0,0,0,0,0,0,0,"N",0,0.0,0,0,0,0,0,0,0,0,0,0,0,0,0,0
"36093","5","44122","77","0","2016","2","N","Schenectady County, New York","Private","NAICS 44122 Motorcycle, boat, and other vehicle dealers","County, NAICS 5-digit -- by ownership sector","All establishment sizes",5,0,0,0,0,0,0,0,"N",1.22,0,0,0,0,0,0,0,"N",0,0.0,0,0,0,0,0,0,0,0,0,0,0,0,0,0
"36093","5","44122","77","0","2016","3","N","Schenectady County, New York","Private","NAICS 44122 Motorcycle, boat, and other vehicle dealers","County, NAICS 5-digit -- by ownership sector","All establishment sizes",5,0,0,0,0,0,0,0,"N",1.22,0,0,0,0,0,0,0,"N",0,0.0,0,0,0,0,0,0,0,0,0,0,0,0,0,0
"36093","5","44122","77","0","2016","4","N","Schenectady County, New York","Private","NAICS 44122 Motorcycle, boat, and other vehicle dealers","County, NAICS 5-digit -- by ownership sector","All establishment sizes",5,0,0,0,0,0,0,0,"N",1.22,0,0,0,0,0,0,0,"N",0,0.0,0,0,0,0,0,0,0,0,0,0,0,0,0,0
"36093","5","441222","78","0","2016","1","N","Schenectady County, New York","Private","NAICS 441222 Boat dealers","County, NAICS 6-digit -- by ownership sector","All establishment sizes",1,0,0,0,0,0,0,0,"N",0.63,0,0,0,0,0,0,0,"N",0,0.0,0,0,0,0,0,0,0,0,0,0,0,0,0,0
"36093","5","441222","78","0","2016","2","N","Schenectady County, New York","Private","NAICS 441222 Boat dealers","County, NAICS 6-digit -- by ownership sector","All establishment sizes",1,0,0,0,0,0,0,0,"N",0.63,0,0,0,0,0,0,0,"N",0,0.0,0,0,0,0,0,0,0,0,0,0,0,0,0,0
"36093","5","441222","78","0","2016","3","N","Schenectady County, New York","Private","NAICS 441222 Boat dealers","County, NAICS 6-digit -- by ownership sector","All establishment sizes",1,0,0,0,0,0,0,0,"N",0.63,0,0,0,0,0,0,0,"N",0,0.0,0,0,0,0,0,0,0,0,0,0,0,0,0,0
"36093","5","441222","78","0","2016","4","N","Schenectady County, New York","Private","NAICS 441222 Boat dealers","County, NAICS 6-digit -- by ownership sector","All establishment sizes",1,0,0,0,0,0,0,0,"N",0.64,0,0,0,0,0,0,0,"N",0,0.0,0,0,0,0,0,0,0,0,0,0,0,0,0,0
"36093","5","441228","78","0","2016","1","N","Schenectady County, New York","Private","NAICS 441228 Motorcycle, atv, and other vehicle dealers","County, NAICS 6-digit -- by ownership sector","All establishment sizes",4,0,0,0,0,0,0,0,"N",1.60,0,0,0,0,0,0,0,"N",0,0.0,0,0,0,0,0,0,0,0,0,0,0,0,0,0
"36093","5","441228","78","0","2016","2","N","Schenectady County, New York","Private","NAICS 441228 Motorcycle, atv, and other vehicle dealers","County, NAICS 6-digit -- by ownership sector","All establishment sizes",4,0,0,0,0,0,0,0,"N",1.58,0,0,0,0,0,0,0,"N",0,0.0,0,0,0,0,0,0,0,0,0,0,0,0,0,0
"36093","5","441228","78","0","2016","3","N","Schenectady County, New York","Private","NAICS 441228 Motorcycle, atv, and other vehicle dealers","County, NAICS 6-digit -- by ownership sector","All establishment sizes",4,0,0,0,0,0,0,0,"N",1.59,0,0,0,0,0,0,0,"N",0,0.0,0,0,0,0,0,0,0,0,0,0,0,0,0,0
"36093","5","441228","78","0","2016","4","","Schenectady County, New York","Private","NAICS 441228 Motorcycle, atv, and other vehicle dealers","County, NAICS 6-digit -- by ownership sector","All establishment sizes",4,14,15,14,118646,9287,157,637,"",1.59,0.43,0.47,0.45,0.35,0.34,0.17,0.79,"",0,0.0,0,0.0,1,7.1,0,0.0,-2185,-1.8,-12099,-56.6,-396,-71.6,-27,-4.1
"36093","5","4413","76","0","2016","1","","Schenectady County, New York","Private","NAICS 4413 Auto parts, accessories, and tire stores","County, NAICS 4-digit -- by ownership sector","All establishment sizes",21,203,209,206,1486016,1218129,29653,555,"",1.06,0.84,0.86,0.84,0.79,0.93,1.01,0.93,"",-3,-12.5,-8,-3.8,-7,-3.2,-4,-1.9,-54781,-3.6,-113332,-8.5,-14409,-32.7,-3,-0.5
"36093","5","4413","76","0","2016","2","","Schenectady County, New York","Private","NAICS 4413 Auto parts, accessories, and tire stores","County, NAICS 4-digit -- by ownership sector","All establishment sizes",21,202,197,187,1457398,511891,12102,574,"",1.05,0.82,0.80,0.76,0.66,1.09,1.04,0.83,"",-4,-16.0,-10,-4.7,-22,-10.0,-28,-13.0,-94274,-6.1,9987,2.0,-5003,-29.2,20,3.6
"36093","5","4413","76","0","2016","3","","Schenectady County, New York","Private","NAICS 4413 Auto parts, accessories, and tire stores","County, NAICS 4-digit -- by ownership sector","All establishment sizes",22,183,178,178,1482391,234658,5581,635,"",1.10,0.77,0.75,0.74,0.69,0.83,0.83,0.92,"",-3,-12.0,-29,-13.7,-30,-14.4,-31,-14.8,-186619,-11.2,-60558,-20.5,-4660,-45.5,23,3.8
"36093","5","4413","76","0","2016","4","","Schenectady County, New York","Private","NAICS 4413 Auto parts, accessories, and tire stores","County, NAICS 4-digit -- by ownership sector","All establishment sizes",22,181,184,186,1642261,173072,4243,688,"",1.09,0.74,0.75,0.77,0.80,0.85,0.87,1.07,"",-3,-12.0,-32,-15.0,-27,-12.8,-28,-13.1,-146371,-8.2,-109110,-38.7,-5632,-57.0,41,6.3
"36093","5","44131","77","0","2016","1","","Schenectady County, New York","Private","NAICS 44131 Automotive parts and accessories stores","County, NAICS 5-digit -- by ownership sector","All establishment sizes",14,149,159,155,987604,824737,17115,492,"",1.08,0.93,0.98,0.95,0.88,1.04,1.01,0.93,"",-2,-12.5,11,8.0,17,12.0,17,12.3,52412,5.6,3556,0.4,-9291,-35.2,-24,-4.7
"36093","5","44131","77","0","2016","2","","Schenectady County, New York","Private","NAICS 44131 Automotive parts and accessories stores","County, NAICS 5-digit -- by ownership sector","All establishment sizes",13,149,145,138,947192,407594,8564,506,"",1.00,0.90,0.88,0.83,0.71,1.32,1.15,0.82,"",-4,-23.5,8,5.7,-3,-2.0,-5,-3.5,51444,5.7,51497,14.5,-3347,-28.1,28,5.9
"36093","5","44131","77","0","2016","3","","Schenectady County, New York","Private","NAICS 44131 Automotive parts and accessories stores","County, NAICS 5-digit -- by ownership sector","All establishment sizes",14,133,128,129,985365,190514,4052,583,"",1.08,0.83,0.80,0.80,0.77,1.02,0.95,0.95,"",-3,-17.6,-12,-8.3,-13,-9.2,-17,-11.6,-39181,-3.8,-44795,-19.0,-3907,-49.1,36,6.6
"36093","5","44131","77","0","2016","4","","Schenectady County, New York","Private","NAICS 44131 Automotive parts and accessories stores","County, NAICS 5-digit -- by ownership sector","All establishment sizes",14,129,130,132,1079715,136218,2943,637,"",1.07,0.79,0.79,0.82,0.89,1.02,0.97,1.11,"",-3,-17.6,-21,-14.0,-20,-13.3,-18,-12.0,-104522,-8.8,-89553,-39.7,-4764,-61.8,30,4.9
"36093","5","441310","78","0","2016","1","","Schenectady County, New York","Private","NAICS 441310 Automotive parts and accessories stores","County, NAICS 6-digit -- by ownership sector","All establishment sizes",14,149,159,155,987604,824737,17115,492,"",1.08,0.93,0.98,0.95,0.88,1.04,1.01,0.93,"",-2,-12.5,11,8.0,17,12.0,17,12.3,52412,5.6,3556,0.4,-9291,-35.2,-24,-4.7
"36093","5","441310","78","0","2016","2","","Schenectady County, New York","Private","NAICS 441310 Automotive parts and accessories stores","County, NAICS 6-digit -- by ownership sector","All establishment sizes",13,149,145,138,947192,407594,8564,506,"",1.00,0.90,0.88,0.83,0.71,1.32,1.15,0.82,"",-4,-23.5,8,5.7,-3,-2.0,-5,-3.5,51444,5.7,51497,14.5,-3347,-28.1,28,5.9
"36093","5","441310","78","0","2016","3","","Schenectady County, New York","Private","NAICS 441310 Automotive parts and accessories stores","County, NAICS 6-digit -- by ownership sector","All establishment sizes",14,133,128,129,985365,190514,4052,583,"",1.08,0.83,0.80,0.80,0.77,1.02,0.95,0.95,"",-3,-17.6,-12,-8.3,-13,-9.2,-17,-11.6,-39181,-3.8,-44795,-19.0,-3907,-49.1,36,6.6
"36093","5","441310","78","0","2016","4","","Schenectady County, New York","Private","NAICS 441310 Automotive parts and accessories stores","County, NAICS 6-digit -- by ownership sector","All establishment sizes",14,129,130,132,1079715,136218,2943,637,"",1.07,0.79,0.79,0.82,0.89,1.02,0.97,1.11,"",-3,-17.6,-21,-14.0,-20,-13.3,-18,-12.0,-104522,-8.8,-89553,-39.7,-4764,-61.8,30,4.9
"36093","5","44132","77","0","2016","1","","Schenectady County, New York","Private","NAICS 44132 Tire dealers","County, NAICS 5-digit -- by ownership sector","All establishment sizes",7,54,50,51,498412,393392,12538,742,"",1.00,0.67,0.62,0.64,0.64,0.75,1.02,1.00,"",-1,-12.5,-19,-26.0,-24,-32.4,-21,-29.2,-107193,-17.7,-116888,-22.9,-5118,-29.0,104,16.3
"36093","5","44132","77","0","2016","2","","Schenectady County, New York","Private","NAICS 44132 Tire dealers","County, NAICS 5-digit -- by ownership sector","All establishment sizes",8,53,52,49,510206,104297,3538,765,"",1.13,0.66,0.65,0.60,0.58,0.64,0.83,0.91,"",0,0.0,-18,-25.4,-19,-26.8,-23,-31.9,-145718,-22.2,-41510,-28.5,-1656,-31.9,58,8.2
"36093","5","44132","77","0","2016","3","","Schenectady County, New York","Private","NAICS 44132 Tire dealers","County, NAICS 5-digit -- by ownership sector","All establishment sizes",8,50,50,49,497026,44144,1529,770,"",1.14,0.64,0.64,0.62,0.58,0.46,0.62,0.91,"",0,0.0,-17,-25.4,-17,-25.4,-14,-22.2,-147438,-22.9,-15763,-26.3,-753,-33.0,15,2.0
"36093","5","44132","77","0","2016","4","","Schenectady County, New York","Private","NAICS 44132 Tire dealers","County, NAICS 5-digit -- by ownership sector","All establishment sizes",8,52,54,54,562546,36854,1300,811,"",1.13,0.64,0.66,0.67,0.67,0.52,0.71,1.03,"",0,0.0,-11,-17.5,-7,-11.5,-10,-15.6,-41849,-6.9,-19557,-34.7,-868,-40.0,69,9.3
"36093","5","441320","78","0","2016","1","","Schenectady County, New York","Private","NAICS 441320 Tire dealers","County, NAICS 6-digit -- by ownership sector","All establishment sizes",7,54,50,51,498412,393392,12538,742,"",1.00,0.67,0.62,0.64,0.64,0.75,1.02,1.00,"",-1,-12.5,-19,-26.0,-24,-32.4,-21,-29.2,-107193,-17.7,-116888,-22.9,-5118,-29.0,104,16.3
"36093","5","441320","78","0","2016","2","","Schenectady County, New York","Private","NAICS 441320 Tire dealers","County, NAICS 6-digit -- by ownership sector","All establishment sizes",8,53,52,49,510206,104297,3538,765,"",1.13,0.66,0.65,0.60,0.58,0.64,0.83,0.91,"",0,0.0,-18,-25.4,-19,-26.8,-23,-31.9,-145718,-22.2,-41510,-28.5,-1656,-31.9,58,8.2
"36093","5","441320","78","0","2016","3","","Schenectady County, New York","Private","NAICS 441320 Tire dealers","County, NAICS 6-digit -- by ownership sector","All establishment sizes",8,50,50,49,497026,44144,1529,770,"",1.14,0.64,0.64,0.62,0.58,0.46,0.62,0.91,"",0,0.0,-17,-25.4,-17,-25.4,-14,-22.2,-147438,-22.9,-15763,-26.3,-753,-33.0,15,2.0
"36093","5","441320","78","0","2016","4","","Schenectady County, New York","Private","NAICS 441320 Tire dealers","County, NAICS 6-digit -- by ownership sector","All establishment sizes",8,52,54,54,562546,36854,1300,811,"",1.13,0.64,0.66,0.67,0.67,0.52,0.71,1.03,"",0,0.0,-11,-17.5,-7,-11.5,-10,-15.6,-41849,-6.9,-19557,-34.7,-868,-40.0,69,9.3
"36093","5","442","75","0","2016","1","","Schenectady County, New York","Private","NAICS 442 Furniture and home furnishings stores","County, NAICS 3-digit -- by ownership sector","All establishment sizes",23,168,163,164,1551065,1189203,38950,723,"",1.38,0.80,0.78,0.79,0.92,1.05,1.25,1.16,"",0,0.0,-2,-1.2,-11,-6.3,-12,-6.8,-139183,-8.2,-45757,-3.7,-10336,-21.0,-27,-3.6
"36093","5","442","75","0","2016","2","","Schenectady County, New York","Private","NAICS 442 Furniture and home furnishings stores","County, NAICS 3-digit -- by ownership sector","All establishment sizes",23,169,170,162,1685756,347675,10918,776,"",1.37,0.82,0.82,0.77,0.84,0.95,0.98,1.04,"",1,4.5,-7,-4.0,-7,-4.0,-19,-10.5,-132608,-7.3,-24702,-6.6,-2487,-18.6,-10,-1.3
"36093","5","442","75","0","2016","3","","Schenectady County, New York","Private","NAICS 442 Furniture and home furnishings stores","County, NAICS 3-digit -- by ownership sector","All establishment sizes",23,169,170,171,1731564,225320,6908,784,"",1.37,0.85,0.85,0.85,0.90,1.01,1.07,1.07,"",1,4.5,-11,-6.1,-12,-6.6,-15,-8.1,-24357,-1.4,41511,22.6,-69,-1.0,45,6.1
"36093","5","442","75","0","2016","4","","Schenectady County, New York","Private","NAICS 442 Furniture and home furnishings stores","County, NAICS 3-digit -- by ownership sector","All establishment sizes",23,182,183,178,2028215,224099,8816,862,"",1.36,0.87,0.85,0.83,1.04,1.24,1.70,1.22,"",2,9.5,1,0.6,4,2.2,-2,-1.1,105429,5.5,26240,13.3,459,5.5,40,4.9
"36093","5","4421","76","0","2016","1","","Schenectady County, New York","Private","NAICS 4421 Furniture stores","County, NAICS 4-digit -- by ownership sector","All establishment sizes",7,83,80,80,784137,626482,22183,745,"",0.90,0.84,0.80,0.80,0.83,1.01,1.23,1.02,"",-2,-22.2,-6,-6.7,-12,-13.0,-11,-12.1,-45685,-5.5,-47078,-7.0,-5998,-21.3,41,5.8
"36093","5","4421","76","0","2016","2","","Schenectady County, New York","Private","NAICS 4421 Furniture stores","County, NAICS 4-digit -- by ownership sector","All establishment sizes",7,80,81,79,834636,162579,5373,803,"",0.90,0.80,0.81,0.78,0.76,0.85,0.87,0.96,"",-2,-22.2,-11,-12.1,-9,-10.0,-16,-16.8,-38422,-4.4,-12156,-7.0,-1814,-25.2,73,10.0
"36093","5","4421","76","0","2016","3","","Schenectady County, New York","Private","NAICS 4421 Furniture stores","County, NAICS 4-digit -- by ownership sector","All establishment sizes",7,79,84,82,891267,79917,2694,839,"",0.90,0.82,0.87,0.84,0.83,0.72,0.80,0.99,"",-2,-22.2,-15,-16.0,-12,-12.5,-15,-15.5,-33332,-3.6,-8147,-9.3,-1066,-28.4,96,12.9
"36093","5","4421","76","0","2016","4","","Schenectady County, New York","Private","NAICS 4421 Furniture stores","County, NAICS 4-digit -- by ownership sector","All establishment sizes",7,85,86,84,893731,62477,2241,809,"",0.90,0.86,0.86,0.85,0.84,0.74,0.84,0.99,"",-2,-22.2,-9,-9.6,-7,-7.5,-12,-12.5,-148944,-14.3,-24246,-28.0,-1366,-37.9,-41,-4.8
"36093","5","44211","77","0","2016","1","","Schenectady County, New York","Private","NAICS 44211 Furniture stores","County, NAICS 5-digit -- by ownership sector","All establishment sizes",7,83,80,80,784137,626482,22183,745,"",0.90,0.84,0.80,0.80,0.83,1.01,1.23,1.02,"",-2,-22.2,-6,-6.7,-12,-13.0,-11,-12.1,-45685,-5.5,-47078,-7.0,-5998,-21.3,41,5.8
"36093","5","44211","77","0","2016","2","","Schenectady County, New York","Private","NAICS 44211 Furniture stores","County, NAICS 5-digit -- by ownership sector","All establishment sizes",7,80,81,79,834636,162579,5373,803,"",0.90,0.80,0.81,0.78,0.76,0.85,0.87,0.96,"",-2,-22.2,-11,-12.1,-9,-10.0,-16,-16.8,-38422,-4.4,-12156,-7.0,-1814,-25.2,73,10.0
"36093","5","44211","77","0","2016","3","","Schenectady County, New York","Private","NAICS 44211 Furniture stores","County, NAICS 5-digit -- by ownership sector","All establishment sizes",7,79,84,82,891267,79917,2694,839,"",0.90,0.82,0.87,0.84,0.83,0.72,0.80,0.99,"",-2,-22.2,-15,-16.0,-12,-12.5,-15,-15.5,-33332,-3.6,-8147,-9.3,-1066,-28.4,96,12.9
"36093","5","44211","77","0","2016","4","","Schenectady County, New York","Private","NAICS 44211 Furniture stores","County, NAICS 5-digit -- by ownership sector","All establishment sizes",7,85,86,84,893731,62477,2241,809,"",0.90,0.86,0.86,0.85,0.84,0.74,0.84,0.99,"",-2,-22.2,-9,-9.6,-7,-7.5,-12,-12.5,-148944,-14.3,-24246,-28.0,-1366,-37.9,-41,-4.8
"36093","5","442110","78","0","2016","1","","Schenectady County, New York","Private","NAICS 442110 Furniture stores","County, NAICS 6-digit -- by ownership sector","All establishment sizes",7,83,80,80,784137,626482,22183,745,"",0.90,0.84,0.80,0.80,0.83,1.01,1.23,1.02,"",-2,-22.2,-6,-6.7,-12,-13.0,-11,-12.1,-45685,-5.5,-47078,-7.0,-5998,-21.3,41,5.8
"36093","5","442110","78","0","2016","2","","Schenectady County, New York","Private","NAICS 442110 Furniture stores","County, NAICS 6-digit -- by ownership sector","All establishment sizes",7,80,81,79,834636,162579,5373,803,"",0.90,0.80,0.81,0.78,0.76,0.85,0.87,0.96,"",-2,-22.2,-11,-12.1,-9,-10.0,-16,-16.8,-38422,-4.4,-12156,-7.0,-1814,-25.2,73,10.0
"36093","5","442110","78","0","2016","3","","Schenectady County, New York","Private","NAICS 442110 Furniture stores","County, NAICS 6-digit -- by ownership sector","All establishment sizes",7,79,84,82,891267,79917,2694,839,"",0.90,0.82,0.87,0.84,0.83,0.72,0.80,0.99,"",-2,-22.2,-15,-16.0,-12,-12.5,-15,-15.5,-33332,-3.6,-8147,-9.3,-1066,-28.4,96,12.9
"36093","5","442110","78","0","2016","4","","Schenectady County, New York","Private","NAICS 442110 Furniture stores","County, NAICS 6-digit -- by ownership sector","All establishment sizes",7,85,86,84,893731,62477,2241,809,"",0.90,0.86,0.86,0.85,0.84,0.74,0.84,0.99,"",-2,-22.2,-9,-9.6,-7,-7.5,-12,-12.5,-148944,-14.3,-24246,-28.0,-1366,-37.9,-41,-4.8
"36093","5","4422","76","0","2016","1","","Schenectady County, New York","Private","NAICS 4422 Home furnishings stores","County, NAICS 4-digit -- by ownership sector","All establishment sizes",16,85,83,84,766928,562721,16767,702,"",1.78,0.77,0.76,0.78,1.02,1.11,1.28,1.33,"",2,14.3,4,4.9,1,1.2,-1,-1.2,-93498,-10.9,1321,0.2,-4338,-20.6,-99,-12.4
"36093","5","4422","76","0","2016","2","","Schenectady County, New York","Private","NAICS 4422 Home furnishings stores","County, NAICS 4-digit -- by ownership sector","All establishment sizes",16,89,89,83,851120,185096,5545,753,"",1.77,0.83,0.83,0.76,0.93,1.06,1.10,1.15,"",3,23.1,4,4.7,2,2.3,-3,-3.5,-94186,-10.0,-12546,-6.3,-673,-10.8,-93,-11.0
"36093","5","4422","76","0","2016","3","","Schenectady County, New York","Private","NAICS 4422 Home furnishings stores","County, NAICS 4-digit -- by ownership sector","All establishment sizes",16,90,86,89,840297,145403,4214,732,"",1.77,0.87,0.82,0.85,0.98,1.30,1.37,1.17,"",3,23.1,4,4.7,0,0.0,0,0.0,8975,1.1,49658,51.9,997,31.0,-3,-0.4
"36093","5","4422","76","0","2016","4","","Schenectady County, New York","Private","NAICS 4422 Home furnishings stores","County, NAICS 4-digit -- by ownership sector","All establishment sizes",16,97,97,94,1134484,161622,6575,909,"",1.77,0.88,0.84,0.81,1.27,1.67,2.59,1.50,"",4,33.3,10,11.5,11,12.8,10,11.9,254373,28.9,50486,45.4,1825,38.4,119,15.1
"36093","5","44221","77","0","2016","1","","Schenectady County, New York","Private","NAICS 44221 Floor covering stores","County, NAICS 5-digit -- by ownership sector","All establishment sizes",13,43,43,41,568493,392750,11189,1033,"",3.57,1.39,1.38,1.31,1.66,1.82,1.76,1.22,"",2,18.2,-4,-8.5,-4,-8.5,-5,-10.9,-101758,-15.2,-3154,-0.8,-3422,-23.4,-72,-6.5
"36093","5","44221","77","0","2016","2","","Schenectady County, New York","Private","NAICS 44221 Floor covering stores","County, NAICS 5-digit -- by ownership sector","All establishment sizes",13,44,46,44,586249,74532,2015,1010,"",3.56,1.39,1.45,1.36,1.45,1.16,0.95,1.03,"",3,30.0,-6,-12.0,-2,-4.2,-5,-10.2,17324,3.0,-2052,-2.7,149,8.0,117,13.1
"36093","5","44221","77","0","2016","3","","Schenectady County, New York","Private","NAICS 44221 Floor covering stores","County, NAICS 5-digit -- by ownership sector","All establishment sizes",13,49,47,48,612874,66069,1417,982,"",3.55,1.58,1.51,1.53,1.54,1.81,1.23,1.00,"",3,30.0,1,2.1,-1,-2.1,-4,-7.7,-23129,-3.6,33496,102.8,509,56.1,-10,-1.0
"36093","5","44221","77","0","2016","4","","Schenectady County, New York","Private","NAICS 44221 Floor covering stores","County, NAICS 5-digit -- by ownership sector","All establishment sizes",13,47,45,46,823907,33364,857,1378,"",3.56,1.48,1.41,1.45,1.96,1.30,1.09,1.35,"",4,44.4,4,9.3,2,4.7,6,15.0,191270,30.2,891,2.7,-613,-41.7,219,18.9
"36093","5","442210","78","0","2016","1","","Schenectady County, New York","Private","NAICS 442210 Floor covering stores","County, NAICS 6-digit -- by ownership sector","All establishment sizes",13,43,43,41,568493,392750,11189,1033,"",3.57,1.39,1.38,1.31,1.66,1.82,1.76,1.22,"",2,18.2,-4,-8.5,-4,-8.5,-5,-10.9,-101758,-15.2,-3154,-0.8,-3422,-23.4,-72,-6.5
"36093","5","442210","78","0","2016","2","","Schenectady County, New York","Private","NAICS 442210 Floor covering stores","County, NAICS 6-digit -- by ownership sector","All establishment sizes",13,44,46,44,586249,74532,2015,1010,"",3.56,1.39,1.45,1.36,1.45,1.16,0.95,1.03,"",3,30.0,-6,-12.0,-2,-4.2,-5,-10.2,17324,3.0,-2052,-2.7,149,8.0,117,13.1
"36093","5","442210","78","0","2016","3","","Schenectady County, New York","Private","NAICS 442210 Floor covering stores","County, NAICS 6-digit -- by ownership sector","All establishment sizes",13,49,47,48,612874,66069,1417,982,"",3.55,1.58,1.51,1.53,1.54,1.81,1.23,1.00,"",3,30.0,1,2.1,-1,-2.1,-4,-7.7,-23129,-3.6,33496,102.8,509,56.1,-10,-1.0
"36093","5","442210","78","0","2016","4","","Schenectady County, New York","Private","NAICS 442210 Floor covering stores","County, NAICS 6-digit -- by ownership sector","All establishment sizes",13,47,45,46,823907,33364,857,1378,"",3.56,1.48,1.41,1.45,1.96,1.30,1.09,1.35,"",4,44.4,4,9.3,2,4.7,6,15.0,191270,30.2,891,2.7,-613,-41.7,219,18.9
"36093","5","44229","77","0","2016","1","","Schenectady County, New York","Private","NAICS 44229 Other home furnishings stores","County, NAICS 5-digit -- by ownership sector","All establishment sizes",3,42,40,43,198435,169971,5578,366,"",0.56,0.52,0.51,0.56,0.49,0.59,0.83,0.91,"",0,0.0,8,23.5,5,14.3,4,10.3,8260,4.3,4475,2.7,-916,-14.1,-40,-9.9
"36093","5","44229","77","0","2016","2","","Schenectady County, New York","Private","NAICS 44229 Other home furnishings stores","County, NAICS 5-digit -- by ownership sector","All establishment sizes",3,45,43,39,264871,110564,3530,481,"",0.56,0.60,0.57,0.51,0.52,0.99,1.21,0.93,"",0,0.0,10,28.6,4,10.3,2,5.4,-111510,-29.6,-10494,-8.7,-822,-18.9,-301,-38.5
"36093","5","44229","77","0","2016","3","","Schenectady County, New York","Private","NAICS 44229 Other home furnishings stores","County, NAICS 5-digit -- by ownership sector","All establishment sizes",3,41,39,41,227423,79334,2797,434,"",0.56,0.56,0.53,0.56,0.50,1.06,1.46,0.91,"",0,0.0,3,7.9,1,2.6,4,10.8,32104,16.4,16162,25.6,488,21.1,35,8.8
"36093","5","44229","77","0","2016","4","","Schenectady County, New York","Private","NAICS 44229 Other home furnishings stores","County, NAICS 5-digit -- by ownership sector","All establishment sizes",3,50,52,48,310577,128258,5718,478,"",0.56,0.64,0.62,0.57,0.65,1.80,3.26,1.07,"",0,0.0,6,13.6,9,20.9,4,9.1,63103,25.5,49595,63.0,2438,74.3,42,9.6
"36093","5","442299","78","0","2016","1","","Schenectady County, New York","Private","NAICS 442299 All other home furnishings stores","County, NAICS 6-digit -- by ownership sector","All establishment sizes",3,42,40,43,198435,169971,5578,366,"",0.66,0.55,0.54,0.60,0.53,0.64,0.93,0.95,"",0,0.0,8,23.5,5,14.3,4,10.3,8260,4.3,4475,2.7,-916,-14.1,-40,-9.9
"36093","5","442299","78","0","2016","2","","Schenectady County, New York","Private","NAICS 442299 All other home furnishings stores","County, NAICS 6-digit -- by ownership sector","All establishment sizes",3,45,43,39,264871,110564,3530,481,"",0.66,0.63,0.61,0.54,0.57,1.08,1.34,0.96,"",0,0.0,10,28.6,4,10.3,2,5.4,-111510,-29.6,-10494,-8.7,-822,-18.9,-301,-38.5
"36093","5","442299","78","0","2016","3","","Schenectady County, New York","Private","NAICS 442299 All other home furnishings stores","County, NAICS 6-digit -- by ownership sector","All establishment sizes",3,41,39,41,227423,79334,2797,434,"",0.65,0.60,0.56,0.59,0.55,1.14,1.60,0.95,"",0,0.0,3,7.9,1,2.6,4,10.8,32104,16.4,16162,25.6,488,21.1,35,8.8
"36093","5","442299","78","0","2016","4","","Schenectady County, New York","Private","NAICS 442299 All other home furnishings stores","County, NAICS 6-digit -- by ownership sector","All establishment sizes",3,50,52,48,310577,128258,5718,478,"",0.65,0.67,0.65,0.60,0.72,1.91,3.49,1.13,"",0,0.0,6,13.6,9,20.9,4,9.1,63103,25.5,49595,63.0,2438,74.3,42,9.6
"36093","5","443","75","0","2016","1","","Schenectady County, New York","Private","NAICS 443 Electronics and appliance stores","County, NAICS 3-digit -- by ownership sector","All establishment sizes",20,121,119,117,1087763,768530,22844,703,"",1.19,0.51,0.51,0.50,0.42,0.54,0.53,0.82,"",-5,-20.0,0,0.0,6,5.3,11,10.4,15514,1.4,38244,5.2,-5778,-20.2,-25,-3.4
"36093","5","443","75","0","2016","2","","Schenectady County, New York","Private","NAICS 443 Electronics and appliance stores","County, NAICS 3-digit -- by ownership sector","All establishment sizes",20,116,117,116,1132245,204230,7652,749,"",1.19,0.50,0.51,0.50,0.41,0.54,0.63,0.81,"",-2,-9.1,5,4.5,7,6.4,2,1.8,49723,4.6,31755,18.4,-109,-1.4,3,0.4
"36093","5","443","75","0","2016","3","","Schenectady County, New York","Private","NAICS 443 Electronics and appliance stores","County, NAICS 3-digit -- by ownership sector","All establishment sizes",20,115,115,118,1203512,121537,4419,798,"",1.18,0.52,0.52,0.53,0.46,0.53,0.62,0.87,"",-3,-13.0,-2,-1.7,-4,-3.4,0,0.0,62185,5.4,-4549,-3.6,-1665,-27.4,54,7.3
"36093","5","443","75","0","2016","4","","Schenectady County, New York","Private","NAICS 443 Electronics and appliance stores","County, NAICS 3-digit -- by ownership sector","All establishment sizes",22,128,135,134,1247427,177094,6234,725,"",1.30,0.56,0.57,0.57,0.47,0.94,1.04,0.83,"",0,0.0,2,1.6,11,8.9,10,8.1,-64781,-4.9,29520,20.0,-219,-3.4,-85,-10.5
"36093","5","4431","76","0","2016","1","","Schenectady County, New York","Private","NAICS 4431 Electronics and appliance stores","County, NAICS 4-digit -- by ownership sector","All establishment sizes",20,121,119,117,1087763,768530,22844,703,"",1.19,0.51,0.51,0.50,0.42,0.54,0.53,0.82,"",-5,-20.0,0,0.0,6,5.3,11,10.4,15514,1.4,38244,5.2,-5778,-20.2,-25,-3.4
"36093","5","4431","76","0","2016","2","","Schenectady County, New York","Private","NAICS 4431 Electronics and appliance stores","County, NAICS 4-digit -- by ownership sector","All establishment sizes",20,116,117,116,1132245,204230,7652,749,"",1.19,0.50,0.51,0.50,0.41,0.54,0.63,0.81,"",-2,-9.1,5,4.5,7,6.4,2,1.8,49723,4.6,31755,18.4,-109,-1.4,3,0.4
"36093","5","4431","76","0","2016","3","","Schenectady County, New York","Private","NAICS 4431 Electronics and appliance stores","County, NAICS 4-digit -- by ownership sector","All establishment sizes",20,115,115,118,1203512,121537,4419,798,"",1.18,0.52,0.52,0.53,0.46,0.53,0.62,0.87,"",-3,-13.0,-2,-1.7,-4,-3.4,0,0.0,62185,5.4,-4549,-3.6,-1665,-27.4,54,7.3
"36093","5","4431","76","0","2016","4","","Schenectady County, New York","Private","NAICS 4431 Electronics and appliance stores","County, NAICS 4-digit -- by ownership sector","All establishment sizes",22,128,135,134,1247427,177094,6234,725,"",1.30,0.56,0.57,0.57,0.47,0.94,1.04,0.83,"",0,0.0,2,1.6,11,8.9,10,8.1,-64781,-4.9,29520,20.0,-219,-3.4,-85,-10.5
"36093","5","44314","77","0","2016","1","","Schenectady County, New York","Private","NAICS 44314 Electronics and appliance stores","County, NAICS 5-digit -- by ownership sector","All establishment sizes",20,121,119,117,1087763,768530,22844,703,"",1.19,0.51,0.51,0.50,0.42,0.54,0.53,0.82,"",-5,-20.0,0,0.0,6,5.3,11,10.4,15514,1.4,38244,5.2,-5778,-20.2,-25,-3.4
"36093","5","44314","77","0","2016","2","","Schenectady County, New York","Private","NAICS 44314 Electronics and appliance stores","County, NAICS 5-digit -- by ownership sector","All establishment sizes",20,116,117,116,1132245,204230,7652,749,"",1.19,0.50,0.51,0.50,0.41,0.54,0.63,0.81,"",-2,-9.1,5,4.5,7,6.4,2,1.8,49723,4.6,31755,18.4,-109,-1.4,3,0.4
"36093","5","44314","77","0","2016","3","","Schenectady County, New York","Private","NAICS 44314 Electronics and appliance stores","County, NAICS 5-digit -- by ownership sector","All establishment sizes",20,115,115,118,1203512,121537,4419,798,"",1.18,0.52,0.52,0.53,0.46,0.53,0.62,0.87,"",-3,-13.0,-2,-1.7,-4,-3.4,0,0.0,62185,5.4,-4549,-3.6,-1665,-27.4,54,7.3
"36093","5","44314","77","0","2016","4","","Schenectady County, New York","Private","NAICS 44314 Electronics and appliance stores","County, NAICS 5-digit -- by ownership sector","All establishment sizes",22,128,135,134,1247427,177094,6234,725,"",1.30,0.56,0.57,0.57,0.47,0.94,1.04,0.83,"",0,0.0,2,1.6,11,8.9,10,8.1,-64781,-4.9,29520,20.0,-219,-3.4,-85,-10.5
"36093","5","443142","78","0","2016","1","","Schenectady County, New York","Private","NAICS 443142 Electronics stores","County, NAICS 6-digit -- by ownership sector","All establishment sizes",20,121,119,117,1087763,768530,22844,703,"",1.38,0.57,0.57,0.57,0.45,0.61,0.59,0.80,"",-5,-20.0,0,0.0,6,5.3,11,10.4,15514,1.4,38244,5.2,-5778,-20.2,-25,-3.4
"36093","5","443142","78","0","2016","2","","Schenectady County, New York","Private","NAICS 443142 Electronics stores","County, NAICS 6-digit -- by ownership sector","All establishment sizes",20,116,117,116,1132245,204230,7652,749,"",1.38,0.56,0.58,0.57,0.45,0.62,0.71,0.79,"",-2,-9.1,5,4.5,7,6.4,2,1.8,49723,4.6,31755,18.4,-109,-1.4,3,0.4
"36093","5","443142","78","0","2016","3","","Schenectady County, New York","Private","NAICS 443142 Electronics stores","County, NAICS 6-digit -- by ownership sector","All establishment sizes",20,115,115,118,1203512,121537,4419,798,"",1.38,0.59,0.58,0.59,0.50,0.61,0.70,0.86,"",-3,-13.0,-2,-1.7,-4,-3.4,0,0.0,62185,5.4,-4549,-3.6,-1665,-27.4,54,7.3
"36093","5","443142","78","0","2016","4","","Schenectady County, New York","Private","NAICS 443142 Electronics stores","County, NAICS 6-digit -- by ownership sector","All establishment sizes",22,128,135,134,1247427,177094,6234,725,"",1.51,0.62,0.64,0.64,0.52,1.06,1.15,0.82,"",0,0.0,2,1.6,11,8.9,10,8.1,-64781,-4.9,29520,20.0,-219,-3.4,-85,-10.5
"36093","5","444","75","0","2016","1","","Schenectady County, New York","Private","NAICS 444 Building material and garden supply stores","County, NAICS 3-digit -- by ownership sector","All establishment sizes",30,624,641,677,5751713,4543839,127995,683,"",1.22,1.17,1.18,1.20,1.32,1.56,1.73,1.12,"",-4,-11.8,0,0.0,16,2.6,55,8.8,375869,7.0,180689,4.1,-77978,-37.9,20,3.0
"36093","5","444","75","0","2016","2","","Schenectady County, New York","Private","NAICS 444 Building material and garden supply stores","County, NAICS 3-digit -- by ownership sector","All establishment sizes",30,679,719,726,6264706,2138599,60222,681,"",1.21,1.15,1.20,1.20,1.21,1.84,1.68,1.02,"",-3,-9.1,19,2.9,19,2.7,21,3.0,288179,4.8,122322,6.1,-25316,-29.6,13,1.9
"36093","5","444","75","0","2016","3","","Schenectady County, New York","Private","NAICS 444 Building material and garden supply stores","County, NAICS 3-digit -- by ownership sector","All establishment sizes",30,709,680,665,6518568,1140100,32208,732,"",1.21,1.26,1.23,1.21,1.33,1.71,1.70,1.08,"",-2,-6.2,31,4.6,23,3.5,33,5.2,730565,12.6,149204,15.1,-9963,-23.6,53,7.8
"36093","5","444","75","0","2016","4","","Schenectady County, New York","Private","NAICS 444 Building material and garden supply stores","County, NAICS 3-digit -- by ownership sector","All establishment sizes",29,674,666,668,5997525,570111,17139,689,"",1.17,1.21,1.20,1.22,1.33,1.37,1.53,1.10,"",-2,-6.5,35,5.5,12,1.8,18,2.8,-288193,-4.6,-93813,-14.1,-14371,-45.6,-58,-7.8
"36093","5","4441","76","0","2016","1","","Schenectady County, New York","Private","NAICS 4441 Building material and supplies dealers","County, NAICS 4-digit -- by ownership sector","All establishment sizes",26,604,621,657,5613570,4415333,123847,688,"",1.38,1.27,1.28,1.32,1.44,1.70,1.89,1.12,"",-3,-10.3,1,0.2,16,2.6,55,9.1,384945,7.4,191902,4.5,-76262,-38.1,21,3.1
"36093","5","4441","76","0","2016","2","","Schenectady County, New York","Private","NAICS 4441 Building material and supplies dealers","County, NAICS 4-digit -- by ownership sector","All establishment sizes",26,658,689,697,6083275,2056166,57343,687,"",1.37,1.27,1.32,1.32,1.34,2.04,1.99,1.02,"",-3,-10.3,24,3.8,17,2.5,21,3.1,279310,4.8,101039,5.2,-25249,-30.6,11,1.6
"36093","5","4441","76","0","2016","3","","Schenectady County, New York","Private","NAICS 4441 Building material and supplies dealers","County, NAICS 4-digit -- by ownership sector","All establishment sizes",26,682,656,641,6341901,1118151,31349,740,"",1.37,1.38,1.35,1.33,1.45,1.92,2.03,1.07,"",-2,-7.1,31,4.8,22,3.5,32,5.3,707730,12.6,154481,16.0,-9597,-23.4,54,7.9
"36093","5","4441","76","0","2016","4","","Schenectady County, New York","Private","NAICS 4441 Building material and supplies dealers","County, NAICS 4-digit -- by ownership sector","All establishment sizes",25,648,639,641,5820830,561727,16776,697,"",1.32,1.32,1.30,1.33,1.46,1.55,1.79,1.11,"",-2,-7.4,35,5.7,13,2.1,21,3.4,-281420,-4.6,-68718,-10.9,-13088,-43.8,-61,-8.0
"36093","5","44411","77","0","2016","1","","Schenectady County, New York","Private","NAICS 44411 Home centers","County, NAICS 5-digit -- by ownership sector","All establishment sizes",4,450,471,506,4036011,3188493,98639,653,"",1.17,1.55,1.56,1.61,1.93,2.18,2.75,1.23,"",0,0.0,5,1.1,23,5.1,54,11.9,302013,8.1,143355,4.7,-64576,-39.6,12,1.9
"36093","5","44411","77","0","2016","2","","Schenectady County, New York","Private","NAICS 44411 Home centers","County, NAICS 5-digit -- by ownership sector","All establishment sizes",4,506,538,541,4509953,1704480,50131,657,"",1.17,1.54,1.63,1.63,1.88,2.65,2.75,1.17,"",0,0.0,28,5.9,28,5.5,30,5.9,326206,7.8,201285,13.4,-17941,-26.4,13,2.0
"36093","5","44411","77","0","2016","3","","Schenectady County, New York","Private","NAICS 44411 Home centers","County, NAICS 5-digit -- by ownership sector","All establishment sizes",4,526,501,485,4723016,902905,26375,721,"",1.17,1.71,1.67,1.64,2.03,2.44,2.75,1.22,"",0,0.0,39,8.0,29,6.1,37,8.3,735996,18.5,172377,23.6,-7872,-23.0,67,10.2
"36093","5","44411","77","0","2016","4","","Schenectady County, New York","Private","NAICS 44411 Home centers","County, NAICS 5-digit -- by ownership sector","All establishment sizes",4,493,482,477,4027861,457979,13955,640,"",1.17,1.64,1.60,1.61,2.09,2.12,2.57,1.29,"",0,0.0,38,8.4,14,3.0,9,1.9,-232134,-5.4,-72957,-13.7,-12802,-47.8,-67,-9.5
"36093","5","444110","78","0","2016","1","","Schenectady County, New York","Private","NAICS 444110 Home centers","County, NAICS 6-digit -- by ownership sector","All establishment sizes",4,450,471,506,4036011,3188493,98639,653,"",1.17,1.55,1.56,1.61,1.93,2.18,2.75,1.23,"",0,0.0,5,1.1,23,5.1,54,11.9,302013,8.1,143355,4.7,-64576,-39.6,12,1.9
"36093","5","444110","78","0","2016","2","","Schenectady County, New York","Private","NAICS 444110 Home centers","County, NAICS 6-digit -- by ownership sector","All establishment sizes",4,506,538,541,4509953,1704480,50131,657,"",1.17,1.54,1.63,1.63,1.88,2.65,2.75,1.17,"",0,0.0,28,5.9,28,5.5,30,5.9,326206,7.8,201285,13.4,-17941,-26.4,13,2.0
"36093","5","444110","78","0","2016","3","","Schenectady County, New York","Private","NAICS 444110 Home centers","County, NAICS 6-digit -- by ownership sector","All establishment sizes",4,526,501,485,4723016,902905,26375,721,"",1.17,1.71,1.67,1.64,2.03,2.44,2.75,1.22,"",0,0.0,39,8.0,29,6.1,37,8.3,735996,18.5,172377,23.6,-7872,-23.0,67,10.2
"36093","5","444110","78","0","2016","4","","Schenectady County, New York","Private","NAICS 444110 Home centers","County, NAICS 6-digit -- by ownership sector","All establishment sizes",4,493,482,477,4027861,457979,13955,640,"",1.17,1.64,1.60,1.61,2.09,2.12,2.57,1.29,"",0,0.0,38,8.4,14,3.0,9,1.9,-232134,-5.4,-72957,-13.7,-12802,-47.8,-67,-9.5
"36093","5","44412","77","0","2016","1","","Schenectady County, New York","Private","NAICS 44412 Paint and wallpaper stores","County, NAICS 5-digit -- by ownership sector","All establishment sizes",3,15,14,14,134029,101782,1731,719,"",1.37,0.88,0.82,0.82,0.71,0.94,0.72,0.84,"",0,0.0,3,25.0,2,16.7,2,16.7,-6833,-4.9,-8153,-7.4,-4802,-73.5,-184,-20.4
"36093","5","44412","77","0","2016","2","","Schenectady County, New York","Private","NAICS 44412 Paint and wallpaper stores","County, NAICS 5-digit -- by ownership sector","All establishment sizes",3,14,14,16,155281,25146,428,814,"",1.36,0.81,0.80,0.89,0.75,0.82,0.58,0.89,"",0,0.0,0,0.0,-1,-6.7,1,6.7,10516,7.3,5751,29.7,-683,-61.5,55,7.2
"36093","5","44412","77","0","2016","3","","Schenectady County, New York","Private","NAICS 44412 Paint and wallpaper stores","County, NAICS 5-digit -- by ownership sector","All establishment sizes",3,16,14,16,148379,17535,298,744,"",1.37,0.93,0.81,0.93,0.81,1.03,0.74,0.91,"",0,0.0,2,14.3,0,0.0,2,14.3,6741,4.8,6200,54.7,-246,-45.2,-34,-4.4
"36093","5","44412","77","0","2016","4","","Schenectady County, New York","Private","NAICS 44412 Paint and wallpaper stores","County, NAICS 5-digit -- by ownership sector","All establishment sizes",3,16,15,15,171739,17744,302,862,"",1.35,0.91,0.85,0.86,0.90,1.48,1.12,1.03,"",0,0.0,4,33.3,3,25.0,3,25.0,-43,0.0,12169,218.3,181,149.6,-239,-21.7
"36093","5","444120","78","0","2016","1","","Schenectady County, New York","Private","NAICS 444120 Paint and wallpaper stores","County, NAICS 6-digit -- by ownership sector","All establishment sizes",3,15,14,14,134029,101782,1731,719,"",1.37,0.88,0.82,0.82,0.71,0.94,0.72,0.84,"",0,0.0,3,25.0,2,16.7,2,16.7,-6833,-4.9,-8153,-7.4,-4802,-73.5,-184,-20.4
"36093","5","444120","78","0","2016","2","","Schenectady County, New York","Private","NAICS 444120 Paint and wallpaper stores","County, NAICS 6-digit -- by ownership sector","All establishment sizes",3,14,14,16,155281,25146,428,814,"",1.36,0.81,0.80,0.89,0.75,0.82,0.58,0.89,"",0,0.0,0,0.0,-1,-6.7,1,6.7,10516,7.3,5751,29.7,-683,-61.5,55,7.2
"36093","5","444120","78","0","2016","3","","Schenectady County, New York","Private","NAICS 444120 Paint and wallpaper stores","County, NAICS 6-digit -- by ownership sector","All establishment sizes",3,16,14,16,148379,17535,298,744,"",1.37,0.93,0.81,0.93,0.81,1.03,0.74,0.91,"",0,0.0,2,14.3,0,0.0,2,14.3,6741,4.8,6200,54.7,-246,-45.2,-34,-4.4
"36093","5","444120","78","0","2016","4","","Schenectady County, New York","Private","NAICS 444120 Paint and wallpaper stores","County, NAICS 6-digit -- by ownership sector","All establishment sizes",3,16,15,15,171739,17744,302,862,"",1.35,0.91,0.85,0.86,0.90,1.48,1.12,1.03,"",0,0.0,4,33.3,3,25.0,3,25.0,-43,0.0,12169,218.3,181,149.6,-239,-21.7
"36093","5","44413","77","0","2016","1","","Schenectady County, New York","Private","NAICS 44413 Hardware stores","County, NAICS 5-digit -- by ownership sector","All establishment sizes",6,23,21,21,183049,161790,4680,650,"",1.15,0.35,0.32,0.31,0.42,0.53,0.70,1.30,"",-1,-14.3,-5,-17.9,-9,-30.0,-5,-19.2,11254,6.6,13214,8.9,-811,-14.8,178,37.7
"36093","5","44413","77","0","2016","2","","Schenectady County, New York","Private","NAICS 44413 Hardware stores","County, NAICS 5-digit -- by ownership sector","All establishment sizes",6,27,27,24,210152,69610,1884,622,"",1.14,0.39,0.39,0.34,0.41,0.55,0.64,1.09,"",-1,-14.3,-1,-3.6,-3,-10.0,-6,-20.0,16349,8.4,-6703,-8.8,-764,-28.9,114,22.4
"36093","5","44413","77","0","2016","3","","Schenectady County, New York","Private","NAICS 44413 Hardware stores","County, NAICS 5-digit -- by ownership sector","All establishment sizes",6,25,24,24,199261,41078,1133,630,"",1.14,0.37,0.36,0.37,0.40,0.51,0.63,1.10,"",-1,-14.3,-7,-21.9,-3,-11.1,3,14.3,11547,6.2,-1536,-3.6,-431,-27.6,89,16.5
"36093","5","44413","77","0","2016","4","","Schenectady County, New York","Private","NAICS 44413 Hardware stores","County, NAICS 5-digit -- by ownership sector","All establishment sizes",5,26,24,27,192747,22966,635,578,"",0.95,0.39,0.36,0.41,0.39,0.40,0.50,1.02,"",-1,-16.7,3,13.0,-1,-4.0,6,28.6,7709,4.2,-1246,-5.1,-312,-32.9,-41,-6.6
"36093","5","444130","78","0","2016","1","","Schenectady County, New York","Private","NAICS 444130 Hardware stores","County, NAICS 6-digit -- by ownership sector","All establishment sizes",6,23,21,21,183049,161790,4680,650,"",1.15,0.35,0.32,0.31,0.42,0.53,0.70,1.30,"",-1,-14.3,-5,-17.9,-9,-30.0,-5,-19.2,11254,6.6,13214,8.9,-811,-14.8,178,37.7
"36093","5","444130","78","0","2016","2","","Schenectady County, New York","Private","NAICS 444130 Hardware stores","County, NAICS 6-digit -- by ownership sector","All establishment sizes",6,27,27,24,210152,69610,1884,622,"",1.14,0.39,0.39,0.34,0.41,0.55,0.64,1.09,"",-1,-14.3,-1,-3.6,-3,-10.0,-6,-20.0,16349,8.4,-6703,-8.8,-764,-28.9,114,22.4
"36093","5","444130","78","0","2016","3","","Schenectady County, New York","Private","NAICS 444130 Hardware stores","County, NAICS 6-digit -- by ownership sector","All establishment sizes",6,25,24,24,199261,41078,1133,630,"",1.14,0.37,0.36,0.37,0.40,0.51,0.63,1.10,"",-1,-14.3,-7,-21.9,-3,-11.1,3,14.3,11547,6.2,-1536,-3.6,-431,-27.6,89,16.5
"36093","5","444130","78","0","2016","4","","Schenectady County, New York","Private","NAICS 444130 Hardware stores","County, NAICS 6-digit -- by ownership sector","All establishment sizes",5,26,24,27,192747,22966,635,578,"",0.95,0.39,0.36,0.41,0.39,0.40,0.50,1.02,"",-1,-16.7,3,13.0,-1,-4.0,6,28.6,7709,4.2,-1246,-5.1,-312,-32.9,-41,-6.6
"36093","5","44419","77","0","2016","1","","Schenectady County, New York","Private","NAICS 44419 Other building material dealers","County, NAICS 5-digit -- by ownership sector","All establishment sizes",13,116,115,116,1260481,963268,18797,838,"",1.63,1.16,1.14,1.15,1.06,1.33,0.91,0.92,"",-2,-13.3,-2,-1.7,0,0.0,4,3.6,78511,6.6,43486,4.7,-6073,-24.4,47,5.9
"36093","5","44419","77","0","2016","2","","Schenectady County, New York","Private","NAICS 44419 Other building material dealers","County, NAICS 5-digit -- by ownership sector","All establishment sizes",13,111,110,116,1207889,256930,4900,827,"",1.61,1.08,1.06,1.09,0.85,1.24,0.71,0.79,"",-2,-13.3,-3,-2.6,-7,-6.0,-4,-3.3,-73761,-5.8,-99294,-27.9,-5861,-54.5,-16,-1.9
"36093","5","44419","77","0","2016","3","","Schenectady County, New York","Private","NAICS 44419 Other building material dealers","County, NAICS 5-digit -- by ownership sector","All establishment sizes",13,115,117,116,1271245,156633,3543,843,"",1.61,1.13,1.15,1.13,0.94,1.35,0.98,0.82,"",-1,-7.1,-3,-2.5,-4,-3.3,-10,-7.9,-46554,-3.5,-22560,-12.6,-1048,-22.8,10,1.2
"36093","5","44419","77","0","2016","4","","Schenectady County, New York","Private","NAICS 44419 Other building material dealers","County, NAICS 5-digit -- by ownership sector","All establishment sizes",13,113,118,122,1428483,63038,1884,934,"",1.61,1.08,1.13,1.18,1.03,0.83,0.79,0.91,"",-1,-7.1,-10,-8.1,-3,-2.5,3,2.5,-56952,-3.8,-6684,-9.6,-155,-7.6,-10,-1.1
"36093","5","444190","78","0","2016","1","","Schenectady County, New York","Private","NAICS 444190 Other building material dealers","County, NAICS 6-digit -- by ownership sector","All establishment sizes",13,116,115,116,1260481,963268,18797,838,"",1.63,1.16,1.14,1.15,1.06,1.33,0.91,0.92,"",-2,-13.3,-2,-1.7,0,0.0,4,3.6,78511,6.6,43486,4.7,-6073,-24.4,47,5.9
"36093","5","444190","78","0","2016","2","","Schenectady County, New York","Private","NAICS 444190 Other building material dealers","County, NAICS 6-digit -- by ownership sector","All establishment sizes",13,111,110,116,1207889,256930,4900,827,"",1.61,1.08,1.06,1.09,0.85,1.24,0.71,0.79,"",-2,-13.3,-3,-2.6,-7,-6.0,-4,-3.3,-73761,-5.8,-99294,-27.9,-5861,-54.5,-16,-1.9
"36093","5","444190","78","0","2016","3","","Schenectady County, New York","Private","NAICS 444190 Other building material dealers","County, NAICS 6-digit -- by ownership sector","All establishment sizes",13,115,117,116,1271245,156633,3543,843,"",1.61,1.13,1.15,1.13,0.94,1.35,0.98,0.82,"",-1,-7.1,-3,-2.5,-4,-3.3,-10,-7.9,-46554,-3.5,-22560,-12.6,-1048,-22.8,10,1.2
"36093","5","444190","78","0","2016","4","","Schenectady County, New York","Private","NAICS 444190 Other building material dealers","County, NAICS 6-digit -- by ownership sector","All establishment sizes",13,113,118,122,1428483,63038,1884,934,"",1.61,1.08,1.13,1.18,1.03,0.83,0.79,0.91,"",-1,-7.1,-10,-8.1,-3,-2.5,3,2.5,-56952,-3.8,-6684,-9.6,-155,-7.6,-10,-1.1
"36093","5","4442","76","0","2016","1","","Schenectady County, New York","Private","NAICS 4442 Lawn and garden equipment and supplies stores","County, NAICS 4-digit -- by ownership sector","All establishment sizes",4,20,20,20,138143,128506,4148,531,"",0.68,0.34,0.34,0.31,0.31,0.42,0.48,0.94,"",-1,-20.0,-1,-4.8,0,0.0,0,0.0,-9076,-6.2,-11213,-8.0,-1716,-29.3,-26,-4.7
"36093","5","4442","76","0","2016","2","","Schenectady County, New York","Private","NAICS 4442 Lawn and garden equipment and supplies stores","County, NAICS 4-digit -- by ownership sector","All establishment sizes",4,21,30,29,181431,82433,2879,523,"",0.68,0.29,0.39,0.38,0.29,0.52,0.41,0.82,"",0,0.0,-5,-19.2,2,7.1,0,0.0,8869,5.1,21283,34.8,-67,-2.3,43,9.0
"36093","5","4442","76","0","2016","3","","Schenectady County, New York","Private","NAICS 4442 Lawn and garden equipment and supplies stores","County, NAICS 4-digit -- by ownership sector","All establishment sizes",4,27,24,24,176667,21949,859,544,"",0.68,0.39,0.35,0.36,0.32,0.27,0.24,0.87,"",0,0.0,0,0.0,1,4.3,1,4.3,22835,14.8,-5277,-19.4,-366,-29.9,58,11.9
"36093","5","4442","76","0","2016","4","","Schenectady County, New York","Private","NAICS 4442 Lawn and garden equipment and supplies stores","County, NAICS 4-digit -- by ownership sector","All establishment sizes",4,26,27,27,176695,8384,363,510,"",0.68,0.38,0.40,0.42,0.34,0.16,0.19,0.84,"",0,0.0,0,0.0,-1,-3.6,-3,-10.0,-6773,-3.7,-25095,-75.0,-1283,-77.9,6,1.2
"36093","5","44421","77","0","2016","1","N","Schenectady County, New York","Private","NAICS 44421 Outdoor power equipment stores","County, NAICS 5-digit -- by ownership sector","All establishment sizes",2,0,0,0,0,0,0,0,"N",1.33,0,0,0,0,0,0,0,"N",0,0.0,0,0,0,0,0,0,0,0,0,0,0,0,0,0
"36093","5","44421","77","0","2016","2","N","Schenectady County, New York","Private","NAICS 44421 Outdoor power equipment stores","County, NAICS 5-digit -- by ownership sector","All establishment sizes",2,0,0,0,0,0,0,0,"N",1.33,0,0,0,0,0,0,0,"N",0,0.0,0,0,0,0,0,0,0,0,0,0,0,0,0,0
"36093","5","44421","77","0","2016","3","N","Schenectady County, New York","Private","NAICS 44421 Outdoor power equipment stores","County, NAICS 5-digit -- by ownership sector","All establishment sizes",2,0,0,0,0,0,0,0,"N",1.33,0,0,0,0,0,0,0,"N",0,0.0,0,0,0,0,0,0,0,0,0,0,0,0,0,0
"36093","5","44421","77","0","2016","4","N","Schenectady County, New York","Private","NAICS 44421 Outdoor power equipment stores","County, NAICS 5-digit -- by ownership sector","All establishment sizes",2,0,0,0,0,0,0,0,"N",1.35,0,0,0,0,0,0,0,"N",0,0.0,0,0,0,0,0,0,0,0,0,0,0,0,0,0
"36093","5","444210","78","0","2016","1","N","Schenectady County, New York","Private","NAICS 444210 Outdoor power equipment stores","County, NAICS 6-digit -- by ownership sector","All establishment sizes",2,0,0,0,0,0,0,0,"N",1.33,0,0,0,0,0,0,0,"N",0,0.0,0,0,0,0,0,0,0,0,0,0,0,0,0,0
"36093","5","444210","78","0","2016","2","N","Schenectady County, New York","Private","NAICS 444210 Outdoor power equipment stores","County, NAICS 6-digit -- by ownership sector","All establishment sizes",2,0,0,0,0,0,0,0,"N",1.33,0,0,0,0,0,0,0,"N",0,0.0,0,0,0,0,0,0,0,0,0,0,0,0,0,0
"36093","5","444210","78","0","2016","3","N","Schenectady County, New York","Private","NAICS 444210 Outdoor power equipment stores","County, NAICS 6-digit -- by ownership sector","All establishment sizes",2,0,0,0,0,0,0,0,"N",1.33,0,0,0,0,0,0,0,"N",0,0.0,0,0,0,0,0,0,0,0,0,0,0,0,0,0
"36093","5","444210","78","0","2016","4","N","Schenectady County, New York","Private","NAICS 444210 Outdoor power equipment stores","County, NAICS 6-digit -- by ownership sector","All establishment sizes",2,0,0,0,0,0,0,0,"N",1.35,0,0,0,0,0,0,0,"N",0,0.0,0,0,0,0,0,0,0,0,0,0,0,0,0,0
"36093","5","44422","77","0","2016","1","N","Schenectady County, New York","Private","NAICS 44422 Nursery, garden, and farm supply stores","County, NAICS 5-digit -- by ownership sector","All establishment sizes",2,0,0,0,0,0,0,0,"N",0.46,0,0,0,0,0,0,0,"N",-1,-33.3,0,0,0,0,0,0,0,0,0,0,0,0,0,0
"36093","5","44422","77","0","2016","2","N","Schenectady County, New York","Private","NAICS 44422 Nursery, garden, and farm supply stores","County, NAICS 5-digit -- by ownership sector","All establishment sizes",2,0,0,0,0,0,0,0,"N",0.46,0,0,0,0,0,0,0,"N",0,0.0,0,0,0,0,0,0,0,0,0,0,0,0,0,0
"36093","5","44422","77","0","2016","3","N","Schenectady County, New York","Private","NAICS 44422 Nursery, garden, and farm supply stores","County, NAICS 5-digit -- by ownership sector","All establishment sizes",2,0,0,0,0,0,0,0,"N",0.45,0,0,0,0,0,0,0,"N",0,0.0,0,0,0,0,0,0,0,0,0,0,0,0,0,0
"36093","5","44422","77","0","2016","4","N","Schenectady County, New York","Private","NAICS 44422 Nursery, garden, and farm supply stores","County, NAICS 5-digit -- by ownership sector","All establishment sizes",2,0,0,0,0,0,0,0,"N",0.46,0,0,0,0,0,0,0,"N",0,0.0,0,0,0,0,0,0,0,0,0,0,0,0,0,0
"36093","5","444220","78","0","2016","1","N","Schenectady County, New York","Private","NAICS 444220 Nursery, garden, and farm supply stores","County, NAICS 6-digit -- by ownership sector","All establishment sizes",2,0,0,0,0,0,0,0,"N",0.46,0,0,0,0,0,0,0,"N",-1,-33.3,0,0,0,0,0,0,0,0,0,0,0,0,0,0
"36093","5","444220","78","0","2016","2","N","Schenectady County, New York","Private","NAICS 444220 Nursery, garden, and farm supply stores","County, NAICS 6-digit -- by ownership sector","All establishment sizes",2,0,0,0,0,0,0,0,"N",0.46,0,0,0,0,0,0,0,"N",0,0.0,0,0,0,0,0,0,0,0,0,0,0,0,0,0
"36093","5","444220","78","0","2016","3","N","Schenectady County, New York","Private","NAICS 444220 Nursery, garden, and farm supply stores","County, NAICS 6-digit -- by ownership sector","All establishment sizes",2,0,0,0,0,0,0,0,"N",0.45,0,0,0,0,0,0,0,"N",0,0.0,0,0,0,0,0,0,0,0,0,0,0,0,0,0
"36093","5","444220","78","0","2016","4","N","Schenectady County, New York","Private","NAICS 444220 Nursery, garden, and farm supply stores","County, NAICS 6-digit -- by ownership sector","All establishment sizes",2,0,0,0,0,0,0,0,"N",0.46,0,0,0,0,0,0,0,"N",0,0.0,0,0,0,0,0,0,0,0,0,0,0,0,0,0
"36093","5","445","75","0","2016","1","","Schenectady County, New York","Private","NAICS 445 Food and beverage stores","County, NAICS 3-digit -- by ownership sector","All establishment sizes",93,1917,1917,1890,10588514,9004624,164595,427,"",1.82,1.41,1.41,1.39,1.37,1.60,1.58,0.98,"",-2,-2.1,-68,-3.4,-12,-0.6,-84,-4.3,726990,7.4,683429,8.2,-25338,-13.3,40,10.3
"36093","5","445","75","0","2016","2","","Schenectady County, New York","Private","NAICS 445 Food and beverage stores","County, NAICS 3-digit -- by ownership sector","All establishment sizes",94,1856,1834,1899,10491996,4933857,91850,433,"",1.81,1.36,1.34,1.35,1.18,2.14,1.82,0.87,"",1,1.1,-95,-4.9,-91,-4.7,-47,-2.4,157406,1.5,-3476,-0.1,-21217,-18.8,23,5.6
"36093","5","445","75","0","2016","3","","Schenectady County, New York","Private","NAICS 445 Food and beverage stores","County, NAICS 3-digit -- by ownership sector","All establishment sizes",94,1880,1891,1813,10644989,3152013,59769,440,"",1.81,1.40,1.41,1.35,1.25,2.09,1.89,0.90,"",2,2.2,-25,-1.3,-20,-1.0,-70,-3.7,117548,1.1,-186785,-5.6,-16902,-22.0,14,3.3
"36093","5","445","75","0","2016","4","","Schenectady County, New York","Private","NAICS 445 Food and beverage stores","County, NAICS 3-digit -- by ownership sector","All establishment sizes",97,1890,1872,1912,10637190,2074555,40524,433,"",1.86,1.38,1.35,1.39,1.31,1.84,1.75,0.95,"",5,5.4,8,0.4,-36,-1.9,-11,-0.6,-328697,-3.0,-87135,-4.0,-10278,-20.2,-10,-2.3
"36093","5","4451","76","0","2016","1","","Schenectady County, New York","Private","NAICS 4451 Grocery stores","County, NAICS 4-digit -- by ownership sector","All establishment sizes",61,1773,1770,1753,9884136,8363008,150956,431,"",1.94,1.49,1.48,1.47,1.46,1.69,1.73,0.99,"",-1,-1.6,-83,-4.5,-29,-1.6,-82,-4.5,639716,6.9,603752,7.8,-23169,-13.3,42,10.8
"36093","5","4451","76","0","2016","2","","Schenectady County, New York","Private","NAICS 4451 Grocery stores","County, NAICS 4-digit -- by ownership sector","All establishment sizes",61,1707,1689,1753,9736947,4560751,84130,436,"",1.91,1.43,1.41,1.43,1.25,2.28,2.02,0.88,"",-1,-1.6,-106,-5.8,-94,-5.3,-50,-2.8,105679,1.1,-22844,-0.5,-19312,-18.7,24,5.8
"36093","5","4451","76","0","2016","3","","Schenectady County, New York","Private","NAICS 4451 Grocery stores","County, NAICS 4-digit -- by ownership sector","All establishment sizes",61,1741,1739,1670,9882575,2949074,55340,443,"",1.91,1.49,1.48,1.43,1.33,2.26,2.16,0.91,"",0,0.0,-24,-1.4,-31,-1.8,-79,-4.5,70906,0.7,-177979,-5.7,-15962,-22.4,14,3.3
"36093","5","4451","76","0","2016","4","","Schenectady County, New York","Private","NAICS 4451 Grocery stores","County, NAICS 4-digit -- by ownership sector","All establishment sizes",62,1735,1723,1758,9826571,1921326,37022,435,"",1.94,1.45,1.42,1.47,1.40,1.99,1.99,0.97,"",2,3.3,-8,-0.5,-42,-2.4,-18,-1.0,-328427,-3.2,-94216,-4.7,-10063,-21.4,-9,-2.0
"36093","5","44511","77","0","2016","1","","Schenectady County, New York","Private","NAICS 44511 Supermarkets and other grocery stores","County, NAICS 5-digit -- by ownership sector","All establishment sizes",42,1660,1665,1647,9344746,7882334,141613,434,"",1.99,1.48,1.48,1.47,1.45,1.68,1.73,0.99,"",0,0.0,-80,-4.6,-26,-1.5,-76,-4.4,557127,6.3,538857,7.3,-21887,-13.4,41,10.4
"36093","5","44511","77","0","2016","2","","Schenectady County, New York","Private","NAICS 44511 Supermarkets and other grocery stores","County, NAICS 5-digit -- by ownership sector","All establishment sizes",42,1596,1581,1632,9166721,4246032,78002,440,"",1.97,1.42,1.41,1.42,1.24,2.27,2.05,0.88,"",0,0.0,-107,-6.3,-86,-5.2,-49,-2.9,60290,0.7,-46848,-1.1,-17910,-18.7,24,5.8
"36093","5","44511","77","0","2016","3","","Schenectady County, New York","Private","NAICS 44511 Supermarkets and other grocery stores","County, NAICS 5-digit -- by ownership sector","All establishment sizes",42,1617,1622,1558,9286187,2745539,51517,447,"",1.97,1.47,1.47,1.42,1.31,2.26,2.23,0.91,"",0,0.0,-20,-1.2,-26,-1.6,-68,-4.2,58214,0.6,-176100,-6.0,-14628,-22.1,13,3.0
"36093","5","44511","77","0","2016","4","","Schenectady County, New York","Private","NAICS 44511 Supermarkets and other grocery stores","County, NAICS 5-digit -- by ownership sector","All establishment sizes",43,1617,1615,1645,9278386,1803755,34722,439,"",2.01,1.44,1.42,1.46,1.39,2.02,2.08,0.97,"",2,4.9,4,0.2,-29,-1.8,-16,-1.0,-317085,-3.3,-84117,-4.5,-9017,-20.6,-11,-2.4
"36093","5","445110","78","0","2016","1","","Schenectady County, New York","Private","NAICS 445110 Supermarkets and other grocery stores","County, NAICS 6-digit -- by ownership sector","All establishment sizes",42,1660,1665,1647,9344746,7882334,141613,434,"",1.99,1.48,1.48,1.47,1.45,1.68,1.73,0.99,"",0,0.0,-80,-4.6,-26,-1.5,-76,-4.4,557127,6.3,538857,7.3,-21887,-13.4,41,10.4
"36093","5","445110","78","0","2016","2","","Schenectady County, New York","Private","NAICS 445110 Supermarkets and other grocery stores","County, NAICS 6-digit -- by ownership sector","All establishment sizes",42,1596,1581,1632,9166721,4246032,78002,440,"",1.97,1.42,1.41,1.42,1.24,2.27,2.05,0.88,"",0,0.0,-107,-6.3,-86,-5.2,-49,-2.9,60290,0.7,-46848,-1.1,-17910,-18.7,24,5.8
"36093","5","445110","78","0","2016","3","","Schenectady County, New York","Private","NAICS 445110 Supermarkets and other grocery stores","County, NAICS 6-digit -- by ownership sector","All establishment sizes",42,1617,1622,1558,9286187,2745539,51517,447,"",1.97,1.47,1.47,1.42,1.31,2.26,2.23,0.91,"",0,0.0,-20,-1.2,-26,-1.6,-68,-4.2,58214,0.6,-176100,-6.0,-14628,-22.1,13,3.0
"36093","5","445110","78","0","2016","4","","Schenectady County, New York","Private","NAICS 445110 Supermarkets and other grocery stores","County, NAICS 6-digit -- by ownership sector","All establishment sizes",43,1617,1615,1645,9278386,1803755,34722,439,"",2.01,1.44,1.42,1.46,1.39,2.02,2.08,0.97,"",2,4.9,4,0.2,-29,-1.8,-16,-1.0,-317085,-3.3,-84117,-4.5,-9017,-20.6,-11,-2.4
"36093","5","44512","77","0","2016","1","","Schenectady County, New York","Private","NAICS 44512 Convenience stores","County, NAICS 5-digit -- by ownership sector","All establishment sizes",19,113,105,106,539390,480674,9343,384,"",1.83,1.63,1.49,1.49,1.67,1.90,1.63,1.08,"",-1,-5.0,-3,-2.6,-3,-2.8,-6,-5.4,82589,18.1,64895,15.6,-1282,-12.1,70,22.3
"36093","5","44512","77","0","2016","2","","Schenectady County, New York","Private","NAICS 44512 Convenience stores","County, NAICS 5-digit -- by ownership sector","All establishment sizes",19,111,108,121,570226,314719,6128,387,"",1.81,1.56,1.49,1.62,1.51,2.44,1.67,0.97,"",-1,-5.0,1,0.9,-8,-6.9,-1,-0.8,45389,8.6,24004,8.3,-1402,-18.6,39,11.2
"36093","5","44512","77","0","2016","3","","Schenectady County, New York","Private","NAICS 44512 Convenience stores","County, NAICS 5-digit -- by ownership sector","All establishment sizes",19,124,117,112,596388,203535,3823,390,"",1.80,1.77,1.63,1.55,1.66,2.27,1.55,1.00,"",0,0.0,-4,-3.1,-5,-4.1,-11,-8.9,12692,2.2,-1879,-0.9,-1334,-25.9,29,8.0
"36093","5","44512","77","0","2016","4","","Schenectady County, New York","Private","NAICS 44512 Convenience stores","County, NAICS 5-digit -- by ownership sector","All establishment sizes",19,118,108,113,548185,117571,2300,373,"",1.79,1.65,1.49,1.58,1.60,1.69,1.21,1.02,"",0,0.0,-12,-9.2,-13,-10.7,-2,-1.7,-11342,-2.0,-10099,-7.9,-1046,-31.3,20,5.7
"36093","5","445120","78","0","2016","1","","Schenectady County, New York","Private","NAICS 445120 Convenience stores","County, NAICS 6-digit -- by ownership sector","All establishment sizes",19,113,105,106,539390,480674,9343,384,"",1.83,1.63,1.49,1.49,1.67,1.90,1.63,1.08,"",-1,-5.0,-3,-2.6,-3,-2.8,-6,-5.4,82589,18.1,64895,15.6,-1282,-12.1,70,22.3
"36093","5","445120","78","0","2016","2","","Schenectady County, New York","Private","NAICS 445120 Convenience stores","County, NAICS 6-digit -- by ownership sector","All establishment sizes",19,111,108,121,570226,314719,6128,387,"",1.81,1.56,1.49,1.62,1.51,2.44,1.67,0.97,"",-1,-5.0,1,0.9,-8,-6.9,-1,-0.8,45389,8.6,24004,8.3,-1402,-18.6,39,11.2
"36093","5","445120","78","0","2016","3","","Schenectady County, New York","Private","NAICS 445120 Convenience stores","County, NAICS 6-digit -- by ownership sector","All establishment sizes",19,124,117,112,596388,203535,3823,390,"",1.80,1.77,1.63,1.55,1.66,2.27,1.55,1.00,"",0,0.0,-4,-3.1,-5,-4.1,-11,-8.9,12692,2.2,-1879,-0.9,-1334,-25.9,29,8.0
"36093","5","445120","78","0","2016","4","","Schenectady County, New York","Private","NAICS 445120 Convenience stores","County, NAICS 6-digit -- by ownership sector","All establishment sizes",19,118,108,113,548185,117571,2300,373,"",1.79,1.65,1.49,1.58,1.60,1.69,1.21,1.02,"",0,0.0,-12,-9.2,-13,-10.7,-2,-1.7,-11342,-2.0,-10099,-7.9,-1046,-31.3,20,5.7
"36093","5","4452","76","0","2016","1","","Schenectady County, New York","Private","NAICS 4452 Specialty food stores","County, NAICS 4-digit -- by ownership sector","All establishment sizes",9,46,48,45,231230,203136,4072,384,"",0.99,0.47,0.49,0.45,0.41,0.49,0.38,0.87,"",-1,-10.0,1,2.2,1,2.1,-1,-2.2,21939,10.5,12995,6.8,-1114,-21.5,34,9.7
"36093","5","4452","76","0","2016","2","","Schenectady County, New York","Private","NAICS 4452 Specialty food stores","County, NAICS 4-digit -- by ownership sector","All establishment sizes",10,47,46,49,242041,133841,2576,393,"",1.08,0.47,0.45,0.46,0.35,0.74,0.46,0.77,"",2,25.0,5,11.9,0,0.0,1,2.1,19012,8.5,6658,5.2,-593,-18.7,15,4.0
"36093","5","4452","76","0","2016","3","","Schenectady County, New York","Private","NAICS 4452 Specialty food stores","County, NAICS 4-digit -- by ownership sector","All establishment sizes",11,44,49,48,244576,84152,1744,400,"",1.19,0.43,0.48,0.47,0.37,0.67,0.45,0.79,"",3,37.5,-3,-6.4,4,8.9,7,17.1,14117,6.1,8929,11.9,-53,-2.9,0,0.0
"36093","5","4452","76","0","2016","4","","Schenectady County, New York","Private","NAICS 4452 Specialty food stores","County, NAICS 4-digit -- by ownership sector","All establishment sizes",12,55,56,58,264962,65303,1521,362,"",1.29,0.53,0.53,0.54,0.40,0.66,0.52,0.74,"",3,33.3,10,22.2,12,27.3,13,28.9,3576,1.4,23700,57.0,559,58.1,-88,-19.6
"36093","5","44521","77","0","2016","1","","Schenectady County, New York","Private","NAICS 44521 Meat markets","County, NAICS 5-digit -- by ownership sector","All establishment sizes",3,27,28,28,141130,127456,2234,392,"",1.44,1.18,1.24,1.21,1.04,1.25,1.01,0.86,"",0,0.0,0,0.0,0,0.0,1,3.7,6351,4.7,-413,-0.3,-948,-29.8,13,3.4
"36093","5","44521","77","0","2016","2","","Schenectady County, New York","Private","NAICS 44521 Meat markets","County, NAICS 5-digit -- by ownership sector","All establishment sizes",4,27,27,28,149806,86009,1616,422,"",1.91,1.17,1.17,1.19,0.93,2.01,1.44,0.79,"",1,33.3,1,3.8,1,3.8,0,0.0,6216,4.3,-2884,-3.2,-692,-30.0,8,1.9
"36093","5","44521","77","0","2016","3","","Schenectady County, New York","Private","NAICS 44521 Meat markets","County, NAICS 5-digit -- by ownership sector","All establishment sizes",4,26,27,26,154857,59607,1212,452,"",1.90,1.15,1.20,1.14,1.00,2.27,1.80,0.85,"",1,33.3,-3,-10.3,0,0.0,1,4.0,8802,6.0,12308,26.0,28,2.4,36,8.7
"36093","5","44521","77","0","2016","4","","Schenectady County, New York","Private","NAICS 44521 Meat markets","County, NAICS 5-digit -- by ownership sector","All establishment sizes",5,30,31,32,172249,39221,873,427,"",2.37,1.28,1.26,1.21,1.05,1.74,1.48,0.84,"",2,66.7,2,7.1,5,19.2,7,28.0,18223,11.8,17291,78.8,358,69.5,-23,-5.1
"36093","5","445210","78","0","2016","1","","Schenectady County, New York","Private","NAICS 445210 Meat markets","County, NAICS 6-digit -- by ownership sector","All establishment sizes",3,27,28,28,141130,127456,2234,392,"",1.44,1.18,1.24,1.21,1.04,1.25,1.01,0.86,"",0,0.0,0,0.0,0,0.0,1,3.7,6351,4.7,-413,-0.3,-948,-29.8,13,3.4
"36093","5","445210","78","0","2016","2","","Schenectady County, New York","Private","NAICS 445210 Meat markets","County, NAICS 6-digit -- by ownership sector","All establishment sizes",4,27,27,28,149806,86009,1616,422,"",1.91,1.17,1.17,1.19,0.93,2.01,1.44,0.79,"",1,33.3,1,3.8,1,3.8,0,0.0,6216,4.3,-2884,-3.2,-692,-30.0,8,1.9
"36093","5","445210","78","0","2016","3","","Schenectady County, New York","Private","NAICS 445210 Meat markets","County, NAICS 6-digit -- by ownership sector","All establishment sizes",4,26,27,26,154857,59607,1212,452,"",1.90,1.15,1.20,1.14,1.00,2.27,1.80,0.85,"",1,33.3,-3,-10.3,0,0.0,1,4.0,8802,6.0,12308,26.0,28,2.4,36,8.7
"36093","5","445210","78","0","2016","4","","Schenectady County, New York","Private","NAICS 445210 Meat markets","County, NAICS 6-digit -- by ownership sector","All establishment sizes",5,30,31,32,172249,39221,873,427,"",2.37,1.28,1.26,1.21,1.05,1.74,1.48,0.84,"",2,66.7,2,7.1,5,19.2,7,28.0,18223,11.8,17291,78.8,358,69.5,-23,-5.1
"36093","5","44529","77","0","2016","1","","Schenectady County, New York","Private","NAICS 44529 Other specialty food stores","County, NAICS 5-digit -- by ownership sector","All establishment sizes",6,19,20,17,90100,75680,1838,371,"",1.21,0.36,0.37,0.32,0.32,0.37,0.32,0.91,"",-1,-14.3,1,5.6,1,5.3,-2,-10.5,15588,20.9,13408,21.5,-166,-8.3,64,20.8
"36093","5","44529","77","0","2016","2","","Schenectady County, New York","Private","NAICS 44529 Other specialty food stores","County, NAICS 5-digit -- by ownership sector","All establishment sizes",6,20,19,21,92235,47832,960,355,"",1.19,0.37,0.35,0.38,0.28,0.52,0.34,0.75,"",1,20.0,4,25.0,-1,-5.0,1,5.0,12796,16.1,9542,24.9,99,11.5,28,8.6
"36093","5","44529","77","0","2016","3","","Schenectady County, New York","Private","NAICS 44529 Other specialty food stores","County, NAICS 5-digit -- by ownership sector","All establishment sizes",7,18,22,22,89719,24545,532,334,"",1.38,0.34,0.41,0.42,0.28,0.38,0.28,0.71,"",2,40.0,0,0.0,4,22.2,6,37.5,5315,6.3,-3379,-12.1,-81,-13.2,-41,-10.9
"36093","5","44529","77","0","2016","4","","Schenectady County, New York","Private","NAICS 44529 Other specialty food stores","County, NAICS 5-digit -- by ownership sector","All establishment sizes",7,25,25,26,92713,26082,648,282,"",1.37,0.46,0.45,0.46,0.29,0.48,0.40,0.64,"",1,16.7,8,47.1,7,38.9,6,30.0,-14647,-13.6,6409,32.6,201,45.0,-168,-37.3
"36093","5","445291","78","0","2016","1","N","Schenectady County, New York","Private","NAICS 445291 Baked goods stores","County, NAICS 6-digit -- by ownership sector","All establishment sizes",2,0,0,0,0,0,0,0,"N",2.13,0,0,0,0,0,0,0,"N",-1,-33.3,0,0,0,0,0,0,0,0,0,0,0,0,0,0
"36093","5","445291","78","0","2016","2","N","Schenectady County, New York","Private","NAICS 445291 Baked goods stores","County, NAICS 6-digit -- by ownership sector","All establishment sizes",2,0,0,0,0,0,0,0,"N",2.11,0,0,0,0,0,0,0,"N",0,0.0,0,0,0,0,0,0,0,0,0,0,0,0,0,0
"36093","5","445291","78","0","2016","3","N","Schenectady County, New York","Private","NAICS 445291 Baked goods stores","County, NAICS 6-digit -- by ownership sector","All establishment sizes",2,0,0,0,0,0,0,0,"N",2.09,0,0,0,0,0,0,0,"N",0,0.0,0,0,0,0,0,0,0,0,0,0,0,0,0,0
"36093","5","445291","78","0","2016","4","N","Schenectady County, New York","Private","NAICS 445291 Baked goods stores","County, NAICS 6-digit -- by ownership sector","All establishment sizes",2,0,0,0,0,0,0,0,"N",2.08,0,0,0,0,0,0,0,"N",0,0.0,0,0,0,0,0,0,0,0,0,0,0,0,0,0
"36093","5","445292","78","0","2016","1","N","Schenectady County, New York","Private","NAICS 445292 Confectionery and nut stores","County, NAICS 6-digit -- by ownership sector","All establishment sizes",2,0,0,0,0,0,0,0,"N",1.82,0,0,0,0,0,0,0,"N",1,100.0,0,0,0,0,0,0,0,0,0,0,0,0,0,0
"36093","5","445292","78","0","2016","2","N","Schenectady County, New York","Private","NAICS 445292 Confectionery and nut stores","County, NAICS 6-digit -- by ownership sector","All establishment sizes",2,0,0,0,0,0,0,0,"N",1.79,0,0,0,0,0,0,0,"N",1,100.0,0,0,0,0,0,0,0,0,0,0,0,0,0,0
"36093","5","445292","78","0","2016","3","N","Schenectady County, New York","Private","NAICS 445292 Confectionery and nut stores","County, NAICS 6-digit -- by ownership sector","All establishment sizes",2,0,0,0,0,0,0,0,"N",1.79,0,0,0,0,0,0,0,"N",1,100.0,0,0,0,0,0,0,0,0,0,0,0,0,0,0
"36093","5","445292","78","0","2016","4","N","Schenectady County, New York","Private","NAICS 445292 Confectionery and nut stores","County, NAICS 6-digit -- by ownership sector","All establishment sizes",2,0,0,0,0,0,0,0,"N",1.78,0,0,0,0,0,0,0,"N",0,0.0,0,0,0,0,0,0,0,0,0,0,0,0,0,0
"36093","5","445299","78","0","2016","1","N","Schenectady County, New York","Private","NAICS 445299 All other specialty food stores","County, NAICS 6-digit -- by ownership sector","All establishment sizes",2,0,0,0,0,0,0,0,"N",0.68,0,0,0,0,0,0,0,"N",-1,-33.3,0,0,0,0,0,0,0,0,0,0,0,0,0,0
"36093","5","445299","78","0","2016","2","N","Schenectady County, New York","Private","NAICS 445299 All other specialty food stores","County, NAICS 6-digit -- by ownership sector","All establishment sizes",2,0,0,0,0,0,0,0,"N",0.67,0,0,0,0,0,0,0,"N",0,0.0,0,0,0,0,0,0,0,0,0,0,0,0,0,0
"36093","5","445299","78","0","2016","3","N","Schenectady County, New York","Private","NAICS 445299 All other specialty food stores","County, NAICS 6-digit -- by ownership sector","All establishment sizes",3,0,0,0,0,0,0,0,"N",1.00,0,0,0,0,0,0,0,"N",1,50.0,0,0,0,0,0,0,0,0,0,0,0,0,0,0
"36093","5","445299","78","0","2016","4","","Schenectady County, New York","Private","NAICS 445299 All other specialty food stores","County, NAICS 6-digit -- by ownership sector","All establishment sizes",3,12,12,12,33000,13553,378,212,"",0.99,0.34,0.34,0.34,0.16,0.37,0.37,0.47,"N",1,50.0,0,0,0,0,0,0,0,0,0,0,0,0,0,0
"36093","5","4453","76","0","2016","1","","Schenectady County, New York","Private","NAICS 4453 Beer, wine, and liquor stores","County, NAICS 4-digit -- by ownership sector","All establishment sizes",23,98,99,92,473148,438480,9567,378,"",2.17,1.44,1.45,1.35,1.27,1.59,1.58,0.90,"",0,0.0,14,16.7,16,19.3,-1,-1.1,65335,16.0,66682,17.9,-1055,-9.9,16,4.4
"36093","5","4453","76","0","2016","2","","Schenectady County, New York","Private","NAICS 4453 Beer, wine, and liquor stores","County, NAICS 4-digit -- by ownership sector","All establishment sizes",23,102,99,97,513008,239265,5144,397,"",2.15,1.48,1.43,1.37,1.17,1.97,1.57,0.82,"",0,0.0,6,6.2,3,3.1,2,2.1,32715,6.8,12710,5.6,-1312,-20.3,11,2.8
"36093","5","4453","76","0","2016","3","","Schenectady County, New York","Private","NAICS 4453 Beer, wine, and liquor stores","County, NAICS 4-digit -- by ownership sector","All establishment sizes",22,95,103,95,517838,118787,2685,408,"",2.05,1.39,1.51,1.38,1.23,1.48,1.27,0.86,"",-1,-4.3,2,2.2,7,7.3,2,2.2,32525,6.7,-17735,-13.0,-887,-24.8,11,2.8
"36093","5","4453","76","0","2016","4","","Schenectady County, New York","Private","NAICS 4453 Beer, wine, and liquor stores","County, NAICS 4-digit -- by ownership sector","All establishment sizes",23,100,93,96,545657,87926,1981,436,"",2.13,1.43,1.31,1.35,1.28,1.36,1.18,0.94,"",0,0.0,6,6.4,-6,-6.1,-6,-5.9,-3846,-0.7,-16619,-15.9,-774,-28.1,6,1.4
"36093","5","44531","77","0","2016","1","","Schenectady County, New York","Private","NAICS 44531 Beer, wine, and liquor stores","County, NAICS 5-digit -- by ownership sector","All establishment sizes",23,98,99,92,473148,438480,9567,378,"",2.17,1.44,1.45,1.35,1.27,1.59,1.58,0.90,"",0,0.0,14,16.7,16,19.3,-1,-1.1,65335,16.0,66682,17.9,-1055,-9.9,16,4.4
"36093","5","44531","77","0","2016","2","","Schenectady County, New York","Private","NAICS 44531 Beer, wine, and liquor stores","County, NAICS 5-digit -- by ownership sector","All establishment sizes",23,102,99,97,513008,239265,5144,397,"",2.15,1.48,1.43,1.37,1.17,1.97,1.57,0.82,"",0,0.0,6,6.2,3,3.1,2,2.1,32715,6.8,12710,5.6,-1312,-20.3,11,2.8
"36093","5","44531","77","0","2016","3","","Schenectady County, New York","Private","NAICS 44531 Beer, wine, and liquor stores","County, NAICS 5-digit -- by ownership sector","All establishment sizes",22,95,103,95,517838,118787,2685,408,"",2.05,1.39,1.51,1.38,1.23,1.48,1.27,0.86,"",-1,-4.3,2,2.2,7,7.3,2,2.2,32525,6.7,-17735,-13.0,-887,-24.8,11,2.8
"36093","5","44531","77","0","2016","4","","Schenectady County, New York","Private","NAICS 44531 Beer, wine, and liquor stores","County, NAICS 5-digit -- by ownership sector","All establishment sizes",23,100,93,96,545657,87926,1981,436,"",2.13,1.43,1.31,1.35,1.28,1.36,1.18,0.94,"",0,0.0,6,6.4,-6,-6.1,-6,-5.9,-3846,-0.7,-16619,-15.9,-774,-28.1,6,1.4
"36093","5","445310","78","0","2016","1","","Schenectady County, New York","Private","NAICS 445310 Beer, wine, and liquor stores","County, NAICS 6-digit -- by ownership sector","All establishment sizes",23,98,99,92,473148,438480,9567,378,"",2.17,1.44,1.45,1.35,1.27,1.59,1.58,0.90,"",0,0.0,14,16.7,16,19.3,-1,-1.1,65335,16.0,66682,17.9,-1055,-9.9,16,4.4
"36093","5","445310","78","0","2016","2","","Schenectady County, New York","Private","NAICS 445310 Beer, wine, and liquor stores","County, NAICS 6-digit -- by ownership sector","All establishment sizes",23,102,99,97,513008,239265,5144,397,"",2.15,1.48,1.43,1.37,1.17,1.97,1.57,0.82,"",0,0.0,6,6.2,3,3.1,2,2.1,32715,6.8,12710,5.6,-1312,-20.3,11,2.8
"36093","5","445310","78","0","2016","3","","Schenectady County, New York","Private","NAICS 445310 Beer, wine, and liquor stores","County, NAICS 6-digit -- by ownership sector","All establishment sizes",22,95,103,95,517838,118787,2685,408,"",2.05,1.39,1.51,1.38,1.23,1.48,1.27,0.86,"",-1,-4.3,2,2.2,7,7.3,2,2.2,32525,6.7,-17735,-13.0,-887,-24.8,11,2.8
"36093","5","445310","78","0","2016","4","","Schenectady County, New York","Private","NAICS 445310 Beer, wine, and liquor stores","County, NAICS 6-digit -- by ownership sector","All establishment sizes",23,100,93,96,545657,87926,1981,436,"",2.13,1.43,1.31,1.35,1.28,1.36,1.18,0.94,"",0,0.0,6,6.4,-6,-6.1,-6,-5.9,-3846,-0.7,-16619,-15.9,-774,-28.1,6,1.4
"36093","5","446","75","0","2016","1","","Schenectady County, New York","Private","NAICS 446 Health and personal care stores","County, NAICS 3-digit -- by ownership sector","All establishment sizes",47,393,396,389,3398618,2215329,40134,666,"",1.22,0.86,0.85,0.84,0.81,0.91,0.74,0.96,"",-4,-7.8,-23,-5.5,-1,-0.3,-6,-1.5,-59656,-1.7,-71765,-3.1,-17295,-30.1,5,0.8
"36093","5","446","75","0","2016","2","","Schenectady County, New York","Private","NAICS 446 Health and personal care stores","County, NAICS 3-digit -- by ownership sector","All establishment sizes",48,389,385,401,3651942,1083967,18974,717,"",1.23,0.83,0.83,0.85,0.74,1.38,0.95,0.88,"",-1,-2.0,2,0.5,7,1.9,18,4.7,-13404,-0.4,-8193,-0.8,-4969,-20.8,-20,-2.7
"36093","5","446","75","0","2016","3","","Schenectady County, New York","Private","NAICS 446 Health and personal care stores","County, NAICS 3-digit -- by ownership sector","All establishment sizes",47,392,379,393,3732932,664714,11767,740,"",1.20,0.87,0.84,0.86,0.82,1.39,1.02,0.95,"",1,2.2,14,3.7,-5,-1.3,4,1.0,502802,15.6,90500,15.8,-990,-7.8,92,14.2
"36093","5","446","75","0","2016","4","","Schenectady County, New York","Private","NAICS 446 Health and personal care stores","County, NAICS 3-digit -- by ownership sector","All establishment sizes",45,401,413,414,3345168,441801,7859,629,"",1.15,0.85,0.85,0.85,0.75,1.21,0.89,0.88,"",-1,-2.2,26,6.9,27,7.0,24,6.2,-352035,-9.5,-35535,-7.4,-2678,-25.4,-112,-15.1
"36093","5","4461","76","0","2016","1","","Schenectady County, New York","Private","NAICS 4461 Health and personal care stores","County, NAICS 4-digit -- by ownership sector","All establishment sizes",47,393,396,389,3398618,2215329,40134,666,"",1.22,0.86,0.85,0.84,0.81,0.91,0.74,0.96,"",-4,-7.8,-23,-5.5,-1,-0.3,-6,-1.5,-59656,-1.7,-71765,-3.1,-17295,-30.1,5,0.8
"36093","5","4461","76","0","2016","2","","Schenectady County, New York","Private","NAICS 4461 Health and personal care stores","County, NAICS 4-digit -- by ownership sector","All establishment sizes",48,389,385,401,3651942,1083967,18974,717,"",1.23,0.83,0.83,0.85,0.74,1.38,0.95,0.88,"",-1,-2.0,2,0.5,7,1.9,18,4.7,-13404,-0.4,-8193,-0.8,-4969,-20.8,-20,-2.7
"36093","5","4461","76","0","2016","3","","Schenectady County, New York","Private","NAICS 4461 Health and personal care stores","County, NAICS 4-digit -- by ownership sector","All establishment sizes",47,392,379,393,3732932,664714,11767,740,"",1.20,0.87,0.84,0.86,0.82,1.39,1.02,0.95,"",1,2.2,14,3.7,-5,-1.3,4,1.0,502802,15.6,90500,15.8,-990,-7.8,92,14.2
"36093","5","4461","76","0","2016","4","","Schenectady County, New York","Private","NAICS 4461 Health and personal care stores","County, NAICS 4-digit -- by ownership sector","All establishment sizes",45,401,413,414,3345168,441801,7859,629,"",1.15,0.85,0.85,0.85,0.75,1.21,0.89,0.88,"",-1,-2.2,26,6.9,27,7.0,24,6.2,-352035,-9.5,-35535,-7.4,-2678,-25.4,-112,-15.1
"36093","5","44611","77","0","2016","1","","Schenectady County, New York","Private","NAICS 44611 Pharmacies and drug stores","County, NAICS 5-digit -- by ownership sector","All establishment sizes",30,308,314,306,2775524,1731637,31352,690,"",1.35,0.97,0.97,0.94,0.90,0.99,0.88,0.93,"",-2,-6.2,-18,-5.5,6,1.9,0,0.0,12299,0.4,-3701,-0.2,-12472,-28.5,12,1.8
"36093","5","44611","77","0","2016","2","","Schenectady County, New York","Private","NAICS 44611 Pharmacies and drug stores","County, NAICS 5-digit -- by ownership sector","All establishment sizes",31,305,301,312,2952099,882224,15297,742,"",1.37,0.94,0.93,0.95,0.80,1.61,1.20,0.86,"",1,3.3,0,0.0,4,1.3,14,4.7,-76873,-2.5,-27764,-3.1,-4216,-21.6,-35,-4.5
"36093","5","44611","77","0","2016","3","","Schenectady County, New York","Private","NAICS 44611 Pharmacies and drug stores","County, NAICS 5-digit -- by ownership sector","All establishment sizes",30,306,290,297,3007413,538891,9338,777,"",1.32,0.97,0.92,0.94,0.89,1.65,1.30,0.94,"",2,7.1,8,2.7,-11,-3.7,-8,-2.6,369516,14.0,63943,13.5,-906,-8.8,104,15.5
"36093","5","44611","77","0","2016","4","","Schenectady County, New York","Private","NAICS 44611 Pharmacies and drug stores","County, NAICS 5-digit -- by ownership sector","All establishment sizes",29,306,310,311,2690831,338497,5846,670,"",1.28,0.95,0.95,0.96,0.81,1.42,1.12,0.86,"",1,3.6,9,3.0,12,4.0,8,2.6,-329748,-10.9,-38268,-10.2,-2314,-28.4,-106,-13.7
"36093","5","446110","78","0","2016","1","","Schenectady County, New York","Private","NAICS 446110 Pharmacies and drug stores","County, NAICS 6-digit -- by ownership sector","All establishment sizes",30,308,314,306,2775524,1731637,31352,690,"",1.35,0.97,0.97,0.94,0.90,0.99,0.88,0.93,"",-2,-6.2,-18,-5.5,6,1.9,0,0.0,12299,0.4,-3701,-0.2,-12472,-28.5,12,1.8
"36093","5","446110","78","0","2016","2","","Schenectady County, New York","Private","NAICS 446110 Pharmacies and drug stores","County, NAICS 6-digit -- by ownership sector","All establishment sizes",31,305,301,312,2952099,882224,15297,742,"",1.37,0.94,0.93,0.95,0.80,1.61,1.20,0.86,"",1,3.3,0,0.0,4,1.3,14,4.7,-76873,-2.5,-27764,-3.1,-4216,-21.6,-35,-4.5
"36093","5","446110","78","0","2016","3","","Schenectady County, New York","Private","NAICS 446110 Pharmacies and drug stores","County, NAICS 6-digit -- by ownership sector","All establishment sizes",30,306,290,297,3007413,538891,9338,777,"",1.32,0.97,0.92,0.94,0.89,1.65,1.30,0.94,"",2,7.1,8,2.7,-11,-3.7,-8,-2.6,369516,14.0,63943,13.5,-906,-8.8,104,15.5
"36093","5","446110","78","0","2016","4","","Schenectady County, New York","Private","NAICS 446110 Pharmacies and drug stores","County, NAICS 6-digit -- by ownership sector","All establishment sizes",29,306,310,311,2690831,338497,5846,670,"",1.28,0.95,0.95,0.96,0.81,1.42,1.12,0.86,"",1,3.6,9,3.0,12,4.0,8,2.6,-329748,-10.9,-38268,-10.2,-2314,-28.4,-106,-13.7
"36093","5","44612","77","0","2016","1","","Schenectady County, New York","Private","NAICS 44612 Cosmetic and beauty supply stores","County, NAICS 5-digit -- by ownership sector","All establishment sizes",6,29,27,27,91552,83805,1526,255,"",1.10,0.48,0.44,0.46,0.23,0.35,0.24,0.50,"",0,0.0,-5,-14.7,-2,-6.9,-3,-10.0,-22631,-19.8,-22378,-21.1,-1090,-41.7,-28,-9.9
"36093","5","44612","77","0","2016","2","","Schenectady County, New York","Private","NAICS 44612 Cosmetic and beauty supply stores","County, NAICS 5-digit -- by ownership sector","All establishment sizes",6,28,27,27,103879,63155,1165,292,"",1.09,0.46,0.47,0.45,0.23,0.66,0.41,0.50,"",0,0.0,-1,-3.4,-2,-6.9,-3,-10.0,-9109,-8.1,-3740,-5.6,-509,-30.4,-4,-1.4
"36093","5","44612","77","0","2016","3","","Schenectady County, New York","Private","NAICS 44612 Cosmetic and beauty supply stores","County, NAICS 5-digit -- by ownership sector","All establishment sizes",6,25,31,37,112450,63602,1239,279,"",1.08,0.44,0.53,0.59,0.27,0.98,0.67,0.51,"",0,0.0,-2,-7.4,3,10.7,8,27.6,2052,1.9,16586,35.3,21,1.7,-24,-7.9
"36093","5","44612","77","0","2016","4","","Schenectady County, New York","Private","NAICS 44612 Cosmetic and beauty supply stores","County, NAICS 5-digit -- by ownership sector","All establishment sizes",7,39,46,47,134864,66434,1337,236,"",1.25,0.58,0.58,0.58,0.31,1.07,0.76,0.53,"",1,16.7,17,77.3,14,43.8,16,51.6,28788,27.1,22753,52.1,340,34.1,-52,-18.1
"36093","5","446120","78","0","2016","1","","Schenectady County, New York","Private","NAICS 446120 Cosmetic and beauty supply stores","County, NAICS 6-digit -- by ownership sector","All establishment sizes",6,29,27,27,91552,83805,1526,255,"",1.10,0.48,0.44,0.46,0.23,0.35,0.24,0.50,"",0,0.0,-5,-14.7,-2,-6.9,-3,-10.0,-22631,-19.8,-22378,-21.1,-1090,-41.7,-28,-9.9
"36093","5","446120","78","0","2016","2","","Schenectady County, New York","Private","NAICS 446120 Cosmetic and beauty supply stores","County, NAICS 6-digit -- by ownership sector","All establishment sizes",6,28,27,27,103879,63155,1165,292,"",1.09,0.46,0.47,0.45,0.23,0.66,0.41,0.50,"",0,0.0,-1,-3.4,-2,-6.9,-3,-10.0,-9109,-8.1,-3740,-5.6,-509,-30.4,-4,-1.4
"36093","5","446120","78","0","2016","3","","Schenectady County, New York","Private","NAICS 446120 Cosmetic and beauty supply stores","County, NAICS 6-digit -- by ownership sector","All establishment sizes",6,25,31,37,112450,63602,1239,279,"",1.08,0.44,0.53,0.59,0.27,0.98,0.67,0.51,"",0,0.0,-2,-7.4,3,10.7,8,27.6,2052,1.9,16586,35.3,21,1.7,-24,-7.9
"36093","5","446120","78","0","2016","4","","Schenectady County, New York","Private","NAICS 446120 Cosmetic and beauty supply stores","County, NAICS 6-digit -- by ownership sector","All establishment sizes",7,39,46,47,134864,66434,1337,236,"",1.25,0.58,0.58,0.58,0.31,1.07,0.76,0.53,"",1,16.7,17,77.3,14,43.8,16,51.6,28788,27.1,22753,52.1,340,34.1,-52,-18.1
"36093","5","44613","77","0","2016","1","N","Schenectady County, New York","Private","NAICS 44613 Optical goods stores","County, NAICS 5-digit -- by ownership sector","All establishment sizes",5,0,0,0,0,0,0,0,"N",1.27,0,0,0,0,0,0,0,"N",-1,-16.7,0,0,0,0,0,0,0,0,0,0,0,0,0,0
"36093","5","44613","77","0","2016","2","N","Schenectady County, New York","Private","NAICS 44613 Optical goods stores","County, NAICS 5-digit -- by ownership sector","All establishment sizes",5,0,0,0,0,0,0,0,"N",1.26,0,0,0,0,0,0,0,"N",-1,-16.7,0,0,0,0,0,0,0,0,0,0,0,0,0,0
"36093","5","44613","77","0","2016","3","N","Schenectady County, New York","Private","NAICS 44613 Optical goods stores","County, NAICS 5-digit -- by ownership sector","All establishment sizes",5,0,0,0,0,0,0,0,"N",1.26,0,0,0,0,0,0,0,"N",0,0.0,0,0,0,0,0,0,0,0,0,0,0,0,0,0
"36093","5","44613","77","0","2016","4","N","Schenectady County, New York","Private","NAICS 44613 Optical goods stores","County, NAICS 5-digit -- by ownership sector","All establishment sizes",4,0,0,0,0,0,0,0,"N",1.01,0,0,0,0,0,0,0,"N",-1,-20.0,0,0,0,0,0,0,0,0,0,0,0,0,0,0
"36093","5","446130","78","0","2016","1","N","Schenectady County, New York","Private","NAICS 446130 Optical goods stores","County, NAICS 6-digit -- by ownership sector","All establishment sizes",5,0,0,0,0,0,0,0,"N",1.27,0,0,0,0,0,0,0,"N",-1,-16.7,0,0,0,0,0,0,0,0,0,0,0,0,0,0
"36093","5","446130","78","0","2016","2","N","Schenectady County, New York","Private","NAICS 446130 Optical goods stores","County, NAICS 6-digit -- by ownership sector","All establishment sizes",5,0,0,0,0,0,0,0,"N",1.26,0,0,0,0,0,0,0,"N",-1,-16.7,0,0,0,0,0,0,0,0,0,0,0,0,0,0
"36093","5","446130","78","0","2016","3","N","Schenectady County, New York","Private","NAICS 446130 Optical goods stores","County, NAICS 6-digit -- by ownership sector","All establishment sizes",5,0,0,0,0,0,0,0,"N",1.26,0,0,0,0,0,0,0,"N",0,0.0,0,0,0,0,0,0,0,0,0,0,0,0,0,0
"36093","5","446130","78","0","2016","4","N","Schenectady County, New York","Private","NAICS 446130 Optical goods stores","County, NAICS 6-digit -- by ownership sector","All establishment sizes",4,0,0,0,0,0,0,0,"N",1.01,0,0,0,0,0,0,0,"N",-1,-20.0,0,0,0,0,0,0,0,0,0,0,0,0,0,0
"36093","5","44619","77","0","2016","1","N","Schenectady County, New York","Private","NAICS 44619 Other health and personal care stores","County, NAICS 5-digit -- by ownership sector","All establishment sizes",6,0,0,0,0,0,0,0,"N",0.89,0,0,0,0,0,0,0,"N",-1,-14.3,0,0,0,0,0,0,0,0,0,0,0,0,0,0
"36093","5","44619","77","0","2016","2","N","Schenectady County, New York","Private","NAICS 44619 Other health and personal care stores","County, NAICS 5-digit -- by ownership sector","All establishment sizes",6,0,0,0,0,0,0,0,"N",0.88,0,0,0,0,0,0,0,"N",-1,-14.3,0,0,0,0,0,0,0,0,0,0,0,0,0,0
"36093","5","44619","77","0","2016","3","N","Schenectady County, New York","Private","NAICS 44619 Other health and personal care stores","County, NAICS 5-digit -- by ownership sector","All establishment sizes",6,0,0,0,0,0,0,0,"N",0.87,0,0,0,0,0,0,0,"N",-1,-14.3,0,0,0,0,0,0,0,0,0,0,0,0,0,0
"36093","5","44619","77","0","2016","4","N","Schenectady County, New York","Private","NAICS 44619 Other health and personal care stores","County, NAICS 5-digit -- by ownership sector","All establishment sizes",5,0,0,0,0,0,0,0,"N",0.73,0,0,0,0,0,0,0,"N",-2,-28.6,0,0,0,0,0,0,0,0,0,0,0,0,0,0
"36093","5","446191","78","0","2016","1","N","Schenectady County, New York","Private","NAICS 446191 Food, health, supplement stores","County, NAICS 6-digit -- by ownership sector","All establishment sizes",3,0,0,0,0,0,0,0,"N",0.87,0,0,0,0,0,0,0,"N",0,0.0,0,0,0,0,0,0,0,0,0,0,0,0,0,0
"36093","5","446191","78","0","2016","2","N","Schenectady County, New York","Private","NAICS 446191 Food, health, supplement stores","County, NAICS 6-digit -- by ownership sector","All establishment sizes",3,0,0,0,0,0,0,0,"N",0.86,0,0,0,0,0,0,0,"N",0,0.0,0,0,0,0,0,0,0,0,0,0,0,0,0,0
"36093","5","446191","78","0","2016","3","N","Schenectady County, New York","Private","NAICS 446191 Food, health, supplement stores","County, NAICS 6-digit -- by ownership sector","All establishment sizes",3,0,0,0,0,0,0,0,"N",0.85,0,0,0,0,0,0,0,"N",0,0.0,0,0,0,0,0,0,0,0,0,0,0,0,0,0
"36093","5","446191","78","0","2016","4","N","Schenectady County, New York","Private","NAICS 446191 Food, health, supplement stores","County, NAICS 6-digit -- by ownership sector","All establishment sizes",3,0,0,0,0,0,0,0,"N",0.86,0,0,0,0,0,0,0,"N",0,0.0,0,0,0,0,0,0,0,0,0,0,0,0,0,0
"36093","5","446199","78","0","2016","1","N","Schenectady County, New York","Private","NAICS 446199 All other health and personal care stores","County, NAICS 6-digit -- by ownership sector","All establishment sizes",3,0,0,0,0,0,0,0,"N",0.91,0,0,0,0,0,0,0,"N",-1,-25.0,0,0,0,0,0,0,0,0,0,0,0,0,0,0
"36093","5","446199","78","0","2016","2","N","Schenectady County, New York","Private","NAICS 446199 All other health and personal care stores","County, NAICS 6-digit -- by ownership sector","All establishment sizes",3,0,0,0,0,0,0,0,"N",0.90,0,0,0,0,0,0,0,"N",-1,-25.0,0,0,0,0,0,0,0,0,0,0,0,0,0,0
"36093","5","446199","78","0","2016","3","N","Schenectady County, New York","Private","NAICS 446199 All other health and personal care stores","County, NAICS 6-digit -- by ownership sector","All establishment sizes",3,0,0,0,0,0,0,0,"N",0.89,0,0,0,0,0,0,0,"N",-1,-25.0,0,0,0,0,0,0,0,0,0,0,0,0,0,0
"36093","5","446199","78","0","2016","4","N","Schenectady County, New York","Private","NAICS 446199 All other health and personal care stores","County, NAICS 6-digit -- by ownership sector","All establishment sizes",2,0,0,0,0,0,0,0,"N",0.59,0,0,0,0,0,0,0,"N",-2,-50.0,0,0,0,0,0,0,0,0,0,0,0,0,0,0
"36093","5","447","75","0","2016","1","","Schenectady County, New York","Private","NAICS 447 Gasoline stations","County, NAICS 3-digit -- by ownership sector","All establishment sizes",58,451,434,434,2131186,1913313,43917,373,"",1.57,1.12,1.07,1.07,1.09,1.26,1.46,1.00,"",3,5.5,35,8.4,35,8.8,29,7.2,161955,8.2,183436,10.6,-9175,-17.3,1,0.3
"36093","5","447","75","0","2016","2","","Schenectady County, New York","Private","NAICS 447 Gasoline stations","County, NAICS 3-digit -- by ownership sector","All establishment sizes",58,435,437,451,2284428,1236357,29230,398,"",1.56,1.06,1.06,1.07,0.98,1.64,1.59,0.92,"",4,7.4,30,7.4,33,8.2,32,7.6,199021,9.5,98743,8.7,-6727,-18.7,6,1.5
"36093","5","447","75","0","2016","3","","Schenectady County, New York","Private","NAICS 447 Gasoline stations","County, NAICS 3-digit -- by ownership sector","All establishment sizes",60,463,460,448,2410173,827749,19728,406,"",1.61,1.15,1.13,1.10,1.07,1.61,1.64,0.95,"",6,11.1,21,4.8,30,7.0,33,8.0,204530,9.3,91714,12.5,-2405,-10.9,11,2.8
"36093","5","447","75","0","2016","4","","Schenectady County, New York","Private","NAICS 447 Gasoline stations","County, NAICS 3-digit -- by ownership sector","All establishment sizes",61,447,447,446,2401928,565059,13725,414,"",1.64,1.09,1.09,1.10,1.11,1.43,1.52,1.01,"",8,15.1,34,8.2,39,9.6,35,8.5,218917,10.0,-95133,-14.4,-6752,-33.0,5,1.2
"36093","5","4471","76","0","2016","1","","Schenectady County, New York","Private","NAICS 4471 Gasoline stations","County, NAICS 4-digit -- by ownership sector","All establishment sizes",58,451,434,434,2131186,1913313,43917,373,"",1.57,1.12,1.07,1.07,1.09,1.26,1.46,1.00,"",3,5.5,35,8.4,35,8.8,29,7.2,161955,8.2,183436,10.6,-9175,-17.3,1,0.3
"36093","5","4471","76","0","2016","2","","Schenectady County, New York","Private","NAICS 4471 Gasoline stations","County, NAICS 4-digit -- by ownership sector","All establishment sizes",58,435,437,451,2284428,1236357,29230,398,"",1.56,1.06,1.06,1.07,0.98,1.64,1.59,0.92,"",4,7.4,30,7.4,33,8.2,32,7.6,199021,9.5,98743,8.7,-6727,-18.7,6,1.5
"36093","5","4471","76","0","2016","3","","Schenectady County, New York","Private","NAICS 4471 Gasoline stations","County, NAICS 4-digit -- by ownership sector","All establishment sizes",60,463,460,448,2410173,827749,19728,406,"",1.61,1.15,1.13,1.10,1.07,1.61,1.64,0.95,"",6,11.1,21,4.8,30,7.0,33,8.0,204530,9.3,91714,12.5,-2405,-10.9,11,2.8
"36093","5","4471","76","0","2016","4","","Schenectady County, New York","Private","NAICS 4471 Gasoline stations","County, NAICS 4-digit -- by ownership sector","All establishment sizes",61,447,447,446,2401928,565059,13725,414,"",1.64,1.09,1.09,1.10,1.11,1.43,1.52,1.01,"",8,15.1,34,8.2,39,9.6,35,8.5,218917,10.0,-95133,-14.4,-6752,-33.0,5,1.2
"36093","5","44711","77","0","2016","1","","Schenectady County, New York","Private","NAICS 44711 Gasoline stations with convenience stores","County, NAICS 5-digit -- by ownership sector","All establishment sizes",51,404,389,388,1892980,1688071,38182,370,"",1.54,1.13,1.08,1.08,1.12,1.29,1.51,1.02,"",4,8.5,42,11.6,43,12.4,39,11.2,201240,11.9,220044,15.0,-5391,-12.4,1,0.3
"36093","5","44711","77","0","2016","2","","Schenectady County, New York","Private","NAICS 44711 Gasoline stations with convenience stores","County, NAICS 5-digit -- by ownership sector","All establishment sizes",51,387,388,405,2029678,1095576,25721,397,"",1.53,1.07,1.06,1.09,1.01,1.67,1.65,0.94,"",4,8.5,34,9.6,35,9.9,38,10.4,211668,11.6,120158,12.3,-3849,-13.0,6,1.5
"36093","5","44711","77","0","2016","3","","Schenectady County, New York","Private","NAICS 44711 Gasoline stations with convenience stores","County, NAICS 5-digit -- by ownership sector","All establishment sizes",53,420,416,403,2151096,733578,17305,401,"",1.59,1.17,1.15,1.12,1.10,1.62,1.67,0.96,"",6,12.8,28,7.1,38,10.1,39,10.7,206997,10.6,89334,13.9,-1330,-7.1,5,1.3
"36093","5","44711","77","0","2016","4","","Schenectady County, New York","Private","NAICS 44711 Gasoline stations with convenience stores","County, NAICS 5-digit -- by ownership sector","All establishment sizes",54,403,401,400,2141129,498348,11665,410,"",1.61,1.11,1.10,1.11,1.15,1.43,1.50,1.03,"",8,17.4,43,11.9,41,11.4,36,9.9,225424,11.8,-83845,-14.4,-5705,-32.8,2,0.5
"36093","5","447110","78","0","2016","1","","Schenectady County, New York","Private","NAICS 447110 Gasoline stations with convenience stores","County, NAICS 6-digit -- by ownership sector","All establishment sizes",51,404,389,388,1892980,1688071,38182,370,"",1.54,1.13,1.08,1.08,1.12,1.29,1.51,1.02,"",4,8.5,42,11.6,43,12.4,39,11.2,201240,11.9,220044,15.0,-5391,-12.4,1,0.3
"36093","5","447110","78","0","2016","2","","Schenectady County, New York","Private","NAICS 447110 Gasoline stations with convenience stores","County, NAICS 6-digit -- by ownership sector","All establishment sizes",51,387,388,405,2029678,1095576,25721,397,"",1.53,1.07,1.06,1.09,1.01,1.67,1.65,0.94,"",4,8.5,34,9.6,35,9.9,38,10.4,211668,11.6,120158,12.3,-3849,-13.0,6,1.5
"36093","5","447110","78","0","2016","3","","Schenectady County, New York","Private","NAICS 447110 Gasoline stations with convenience stores","County, NAICS 6-digit -- by ownership sector","All establishment sizes",53,420,416,403,2151096,733578,17305,401,"",1.59,1.17,1.15,1.12,1.10,1.62,1.67,0.96,"",6,12.8,28,7.1,38,10.1,39,10.7,206997,10.6,89334,13.9,-1330,-7.1,5,1.3
"36093","5","447110","78","0","2016","4","","Schenectady County, New York","Private","NAICS 447110 Gasoline stations with convenience stores","County, NAICS 6-digit -- by ownership sector","All establishment sizes",54,403,401,400,2141129,498348,11665,410,"",1.61,1.11,1.10,1.11,1.15,1.43,1.50,1.03,"",8,17.4,43,11.9,41,11.4,36,9.9,225424,11.8,-83845,-14.4,-5705,-32.8,2,0.5
"36093","5","44719","77","0","2016","1","","Schenectady County, New York","Private","NAICS 44719 Other gasoline stations","County, NAICS 5-digit -- by ownership sector","All establishment sizes",7,47,45,46,238206,225242,5735,398,"",1.83,1.01,0.96,0.99,0.88,1.09,1.23,0.89,"",-1,-12.5,-7,-13.0,-8,-15.1,-10,-17.9,-39285,-14.2,-36608,-14.0,-3784,-39.8,5,1.3
"36093","5","44719","77","0","2016","2","","Schenectady County, New York","Private","NAICS 44719 Other gasoline stations","County, NAICS 5-digit -- by ownership sector","All establishment sizes",7,48,49,46,254750,140781,3509,411,"",1.83,1.02,1.04,0.97,0.79,1.46,1.29,0.78,"",0,0.0,-4,-7.7,-2,-3.9,-6,-11.5,-12647,-4.7,-21415,-13.2,-2878,-45.1,13,3.3
"36093","5","44719","77","0","2016","3","","Schenectady County, New York","Private","NAICS 44719 Other gasoline stations","County, NAICS 5-digit -- by ownership sector","All establishment sizes",7,43,44,45,259077,94171,2423,453,"",1.84,0.94,0.96,0.98,0.86,1.55,1.48,0.89,"",0,0.0,-7,-14.0,-8,-15.4,-6,-11.8,-2467,-0.9,2380,2.6,-1075,-30.7,59,15.0
"36093","5","44719","77","0","2016","4","","Schenectady County, New York","Private","NAICS 44719 Other gasoline stations","County, NAICS 5-digit -- by ownership sector","All establishment sizes",7,44,46,46,260799,66711,2060,443,"",1.84,0.95,0.99,1.00,0.85,1.39,1.64,0.87,"",0,0.0,-9,-17.0,-2,-4.2,-1,-2.1,-6507,-2.4,-11288,-14.5,-1047,-33.7,26,6.2
"36093","5","447190","78","0","2016","1","","Schenectady County, New York","Private","NAICS 447190 Other gasoline stations","County, NAICS 6-digit -- by ownership sector","All establishment sizes",7,47,45,46,238206,225242,5735,398,"",1.83,1.01,0.96,0.99,0.88,1.09,1.23,0.89,"",-1,-12.5,-7,-13.0,-8,-15.1,-10,-17.9,-39285,-14.2,-36608,-14.0,-3784,-39.8,5,1.3
"36093","5","447190","78","0","2016","2","","Schenectady County, New York","Private","NAICS 447190 Other gasoline stations","County, NAICS 6-digit -- by ownership sector","All establishment sizes",7,48,49,46,254750,140781,3509,411,"",1.83,1.02,1.04,0.97,0.79,1.46,1.29,0.78,"",0,0.0,-4,-7.7,-2,-3.9,-6,-11.5,-12647,-4.7,-21415,-13.2,-2878,-45.1,13,3.3
"36093","5","447190","78","0","2016","3","","Schenectady County, New York","Private","NAICS 447190 Other gasoline stations","County, NAICS 6-digit -- by ownership sector","All establishment sizes",7,43,44,45,259077,94171,2423,453,"",1.84,0.94,0.96,0.98,0.86,1.55,1.48,0.89,"",0,0.0,-7,-14.0,-8,-15.4,-6,-11.8,-2467,-0.9,2380,2.6,-1075,-30.7,59,15.0
"36093","5","447190","78","0","2016","4","","Schenectady County, New York","Private","NAICS 447190 Other gasoline stations","County, NAICS 6-digit -- by ownership sector","All establishment sizes",7,44,46,46,260799,66711,2060,443,"",1.84,0.95,0.99,1.00,0.85,1.39,1.64,0.87,"",0,0.0,-9,-17.0,-2,-4.2,-1,-2.1,-6507,-2.4,-11288,-14.5,-1047,-33.7,26,6.2
"36093","5","448","75","0","2016","1","","Schenectady County, New York","Private","NAICS 448 Clothing and clothing accessories stores","County, NAICS 3-digit -- by ownership sector","All establishment sizes",36,353,345,351,1779160,1431107,30730,391,"",0.80,0.59,0.59,0.60,0.59,0.70,0.58,0.99,"",0,0.0,-12,-3.3,5,1.5,-3,-0.8,2017,0.1,77289,5.7,-11052,-26.5,4,1.0
"36093","5","448","75","0","2016","2","","Schenectady County, New York","Private","NAICS 448 Clothing and clothing accessories stores","County, NAICS 3-digit -- by ownership sector","All establishment sizes",36,353,354,357,1812525,629408,14302,393,"",0.80,0.61,0.61,0.60,0.51,0.75,0.57,0.83,"",1,2.9,2,0.6,8,2.3,6,1.7,-45993,-2.5,-28958,-4.4,-5326,-27.1,-16,-3.9
"36093","5","448","75","0","2016","3","","Schenectady County, New York","Private","NAICS 448 Clothing and clothing accessories stores","County, NAICS 3-digit -- by ownership sector","All establishment sizes",35,356,349,333,1834084,439886,10178,408,"",0.78,0.62,0.60,0.58,0.54,0.72,0.57,0.91,"",1,2.9,15,4.4,-7,-2.0,-5,-1.5,101422,5.9,64007,17.0,-1166,-10.3,22,5.7
"36093","5","448","75","0","2016","4","","Schenectady County, New York","Private","NAICS 448 Clothing and clothing accessories stores","County, NAICS 3-digit -- by ownership sector","All establishment sizes",36,351,370,363,2112916,409635,8971,450,"",0.80,0.59,0.57,0.55,0.63,0.78,0.60,1.11,"",2,5.9,3,0.9,9,2.5,-11,-2.9,-71160,-3.3,22608,5.8,-2492,-21.7,-15,-3.2
"36093","5","4481","76","0","2016","1","","Schenectady County, New York","Private","NAICS 4481 Clothing stores","County, NAICS 4-digit -- by ownership sector","All establishment sizes",19,215,210,217,843967,732874,15757,303,"",0.64,0.48,0.49,0.50,0.41,0.52,0.44,0.84,"",-2,-9.5,-18,-7.7,-7,-3.2,-18,-7.7,12899,1.6,98496,15.5,-2870,-15.4,23,8.2
"36093","5","4481","76","0","2016","2","","Schenectady County, New York","Private","NAICS 4481 Clothing stores","County, NAICS 4-digit -- by ownership sector","All establishment sizes",19,219,223,222,819833,378881,9144,285,"",0.64,0.51,0.52,0.51,0.33,0.62,0.50,0.65,"",-1,-5.0,-13,-5.6,-1,-0.4,-4,-1.8,-38386,-4.5,-17247,-4.4,-2779,-23.3,-5,-1.7
"36093","5","4481","76","0","2016","3","","Schenectady County, New York","Private","NAICS 4481 Clothing stores","County, NAICS 4-digit -- by ownership sector","All establishment sizes",18,222,213,204,848648,297776,7163,306,"",0.61,0.52,0.49,0.48,0.37,0.65,0.54,0.73,"",-1,-5.3,5,2.3,-17,-7.4,-12,-5.6,43117,5.4,35693,13.6,-811,-10.2,26,9.3
"36093","5","4481","76","0","2016","4","","Schenectady County, New York","Private","NAICS 4481 Clothing stores","County, NAICS 4-digit -- by ownership sector","All establishment sizes",19,225,235,224,1007995,272932,6043,340,"",0.64,0.51,0.49,0.45,0.44,0.69,0.54,0.92,"",0,0.0,3,1.4,2,0.9,-19,-7.8,11897,1.2,5352,2.0,-1944,-24.3,11,3.3
"36093","5","44811","77","0","2016","1","N","Schenectady County, New York","Private","NAICS 44811 Men's clothing stores","County, NAICS 5-digit -- by ownership sector","All establishment sizes",2,0,0,0,0,0,0,0,"N",0.88,0,0,0,0,0,0,0,"N",0,0.0,0,0,0,0,0,0,0,0,0,0,0,0,0,0
"36093","5","44811","77","0","2016","2","N","Schenectady County, New York","Private","NAICS 44811 Men's clothing stores","County, NAICS 5-digit -- by ownership sector","All establishment sizes",2,0,0,0,0,0,0,0,"N",0.88,0,0,0,0,0,0,0,"N",0,0.0,0,0,0,0,0,0,0,0,0,0,0,0,0,0
"36093","5","44811","77","0","2016","3","N","Schenectady County, New York","Private","NAICS 44811 Men's clothing stores","County, NAICS 5-digit -- by ownership sector","All establishment sizes",2,0,0,0,0,0,0,0,"N",0.89,0,0,0,0,0,0,0,"N",0,0.0,0,0,0,0,0,0,0,0,0,0,0,0,0,0
"36093","5","44811","77","0","2016","4","N","Schenectady County, New York","Private","NAICS 44811 Men's clothing stores","County, NAICS 5-digit -- by ownership sector","All establishment sizes",2,0,0,0,0,0,0,0,"N",0.89,0,0,0,0,0,0,0,"N",0,0.0,0,0,0,0,0,0,0,0,0,0,0,0,0,0
"36093","5","448110","78","0","2016","1","N","Schenectady County, New York","Private","NAICS 448110 Men's clothing stores","County, NAICS 6-digit -- by ownership sector","All establishment sizes",2,0,0,0,0,0,0,0,"N",0.88,0,0,0,0,0,0,0,"N",0,0.0,0,0,0,0,0,0,0,0,0,0,0,0,0,0
"36093","5","448110","78","0","2016","2","N","Schenectady County, New York","Private","NAICS 448110 Men's clothing stores","County, NAICS 6-digit -- by ownership sector","All establishment sizes",2,0,0,0,0,0,0,0,"N",0.88,0,0,0,0,0,0,0,"N",0,0.0,0,0,0,0,0,0,0,0,0,0,0,0,0,0
"36093","5","448110","78","0","2016","3","N","Schenectady County, New York","Private","NAICS 448110 Men's clothing stores","County, NAICS 6-digit -- by ownership sector","All establishment sizes",2,0,0,0,0,0,0,0,"N",0.89,0,0,0,0,0,0,0,"N",0,0.0,0,0,0,0,0,0,0,0,0,0,0,0,0,0
"36093","5","448110","78","0","2016","4","N","Schenectady County, New York","Private","NAICS 448110 Men's clothing stores","County, NAICS 6-digit -- by ownership sector","All establishment sizes",2,0,0,0,0,0,0,0,"N",0.89,0,0,0,0,0,0,0,"N",0,0.0,0,0,0,0,0,0,0,0,0,0,0,0,0,0
"36093","5","44812","77","0","2016","1","","Schenectady County, New York","Private","NAICS 44812 Women's clothing stores","County, NAICS 5-digit -- by ownership sector","All establishment sizes",4,26,24,24,66889,52919,1703,209,"",0.41,0.20,0.19,0.19,0.12,0.14,0.17,0.61,"",-2,-33.3,-20,-43.5,-20,-45.5,-19,-44.2,-55634,-45.4,-51907,-49.5,-1812,-51.6,-4,-1.9
"36093","5","44812","77","0","2016","2","","Schenectady County, New York","Private","NAICS 44812 Women's clothing stores","County, NAICS 5-digit -- by ownership sector","All establishment sizes",4,23,24,23,68468,31424,1056,226,"",0.41,0.18,0.19,0.18,0.10,0.18,0.20,0.54,"",-2,-33.3,-18,-43.9,-11,-31.4,-15,-39.5,-32964,-32.5,-20602,-39.6,-784,-42.6,21,10.2
"36093","5","44812","77","0","2016","3","","Schenectady County, New York","Private","NAICS 44812 Women's clothing stores","County, NAICS 5-digit -- by ownership sector","All establishment sizes",3,25,23,21,71198,20118,652,238,"",0.31,0.20,0.19,0.17,0.11,0.16,0.18,0.60,"",-2,-40.0,-9,-26.5,-16,-41.0,-15,-41.7,-34463,-32.6,-13737,-40.6,-774,-54.3,14,6.2
"36093","5","44812","77","0","2016","4","","Schenectady County, New York","Private","NAICS 44812 Women's clothing stores","County, NAICS 5-digit -- by ownership sector","All establishment sizes",3,23,21,21,80333,20746,689,285,"",0.30,0.18,0.16,0.15,0.13,0.19,0.22,0.80,"",-2,-40.0,-13,-36.1,-18,-46.2,-19,-47.5,-50138,-38.4,-24477,-54.1,-1082,-61.1,23,8.8
"36093","5","448120","78","0","2016","1","","Schenectady County, New York","Private","NAICS 448120 Women's clothing stores","County, NAICS 6-digit -- by ownership sector","All establishment sizes",4,26,24,24,66889,52919,1703,209,"",0.41,0.20,0.19,0.19,0.12,0.14,0.17,0.61,"",-2,-33.3,-20,-43.5,-20,-45.5,-19,-44.2,-55634,-45.4,-51907,-49.5,-1812,-51.6,-4,-1.9
"36093","5","448120","78","0","2016","2","","Schenectady County, New York","Private","NAICS 448120 Women's clothing stores","County, NAICS 6-digit -- by ownership sector","All establishment sizes",4,23,24,23,68468,31424,1056,226,"",0.41,0.18,0.19,0.18,0.10,0.18,0.20,0.54,"",-2,-33.3,-18,-43.9,-11,-31.4,-15,-39.5,-32964,-32.5,-20602,-39.6,-784,-42.6,21,10.2
"36093","5","448120","78","0","2016","3","","Schenectady County, New York","Private","NAICS 448120 Women's clothing stores","County, NAICS 6-digit -- by ownership sector","All establishment sizes",3,25,23,21,71198,20118,652,238,"",0.31,0.20,0.19,0.17,0.11,0.16,0.18,0.60,"",-2,-40.0,-9,-26.5,-16,-41.0,-15,-41.7,-34463,-32.6,-13737,-40.6,-774,-54.3,14,6.2
"36093","5","448120","78","0","2016","4","","Schenectady County, New York","Private","NAICS 448120 Women's clothing stores","County, NAICS 6-digit -- by ownership sector","All establishment sizes",3,23,21,21,80333,20746,689,285,"",0.30,0.18,0.16,0.15,0.13,0.19,0.22,0.80,"",-2,-40.0,-13,-36.1,-18,-46.2,-19,-47.5,-50138,-38.4,-24477,-54.1,-1082,-61.1,23,8.8
"36093","5","44813","77","0","2016","1","N","Schenectady County, New York","Private","NAICS 44813 Children's and infants' clothing stores","County, NAICS 5-digit -- by ownership sector","All establishment sizes",1,0,0,0,0,0,0,0,"N",0.45,0,0,0,0,0,0,0,"N",1,100.0,0,0,0,0,0,0,0,0,0,0,0,0,0,0
"36093","5","44813","77","0","2016","2","N","Schenectady County, New York","Private","NAICS 44813 Children's and infants' clothing stores","County, NAICS 5-digit -- by ownership sector","All establishment sizes",1,0,0,0,0,0,0,0,"N",0.45,0,0,0,0,0,0,0,"N",1,100.0,0,0,0,0,0,0,0,0,0,0,0,0,0,0
"36093","5","44813","77","0","2016","3","N","Schenectady County, New York","Private","NAICS 44813 Children's and infants' clothing stores","County, NAICS 5-digit -- by ownership sector","All establishment sizes",1,0,0,0,0,0,0,0,"N",0.45,0,0,0,0,0,0,0,"N",1,100.0,0,0,0,0,0,0,0,0,0,0,0,0,0,0
"36093","5","44813","77","0","2016","4","N","Schenectady County, New York","Private","NAICS 44813 Children's and infants' clothing stores","County, NAICS 5-digit -- by ownership sector","All establishment sizes",1,0,0,0,0,0,0,0,"N",0.46,0,0,0,0,0,0,0,"N",1,100.0,0,0,0,0,0,0,0,0,0,0,0,0,0,0
"36093","5","448130","78","0","2016","1","N","Schenectady County, New York","Private","NAICS 448130 Children's and infants' clothing stores","County, NAICS 6-digit -- by ownership sector","All establishment sizes",1,0,0,0,0,0,0,0,"N",0.45,0,0,0,0,0,0,0,"N",1,100.0,0,0,0,0,0,0,0,0,0,0,0,0,0,0
"36093","5","448130","78","0","2016","2","N","Schenectady County, New York","Private","NAICS 448130 Children's and infants' clothing stores","County, NAICS 6-digit -- by ownership sector","All establishment sizes",1,0,0,0,0,0,0,0,"N",0.45,0,0,0,0,0,0,0,"N",1,100.0,0,0,0,0,0,0,0,0,0,0,0,0,0,0
"36093","5","448130","78","0","2016","3","N","Schenectady County, New York","Private","NAICS 448130 Children's and infants' clothing stores","County, NAICS 6-digit -- by ownership sector","All establishment sizes",1,0,0,0,0,0,0,0,"N",0.45,0,0,0,0,0,0,0,"N",1,100.0,0,0,0,0,0,0,0,0,0,0,0,0,0,0
"36093","5","448130","78","0","2016","4","N","Schenectady County, New York","Private","NAICS 448130 Children's and infants' clothing stores","County, NAICS 6-digit -- by ownership sector","All establishment sizes",1,0,0,0,0,0,0,0,"N",0.46,0,0,0,0,0,0,0,"N",1,100.0,0,0,0,0,0,0,0,0,0,0,0,0,0,0
"36093","5","44814","77","0","2016","1","","Schenectady County, New York","Private","NAICS 44814 Family clothing stores","County, NAICS 5-digit -- by ownership sector","All establishment sizes",6,106,104,108,323653,281086,5230,235,"",0.75,0.58,0.60,0.62,0.43,0.53,0.41,0.72,"",0,0.0,-9,-7.8,2,2.0,-4,-3.6,10348,3.3,56042,24.9,-183,-3.4,15,6.8
"36093","5","44814","77","0","2016","2","","Schenectady County, New York","Private","NAICS 44814 Family clothing stores","County, NAICS 5-digit -- by ownership sector","All establishment sizes",6,108,115,120,317749,180141,3355,214,"",0.75,0.63,0.66,0.67,0.35,0.77,0.50,0.53,"",0,0.0,-6,-5.3,-3,-2.5,0,0.0,-6286,-1.9,13652,8.2,-666,-16.6,2,0.9
"36093","5","44814","77","0","2016","3","","Schenectady County, New York","Private","NAICS 44814 Family clothing stores","County, NAICS 5-digit -- by ownership sector","All establishment sizes",6,119,114,108,360482,175249,3278,244,"",0.75,0.68,0.64,0.63,0.41,0.96,0.64,0.63,"",0,0.0,-1,-0.8,-7,-5.8,-7,-6.1,32327,9.9,28698,19.6,-285,-8.0,31,14.6
"36093","5","44814","77","0","2016","4","","Schenectady County, New York","Private","NAICS 44814 Family clothing stores","County, NAICS 5-digit -- by ownership sector","All establishment sizes",6,115,128,129,365496,155988,2904,227,"",0.75,0.64,0.64,0.62,0.42,0.95,0.65,0.67,"",0,0.0,-1,-0.9,-7,-5.2,-4,-3.0,36371,11.1,23101,17.4,-375,-11.4,29,14.6
"36093","5","448140","78","0","2016","1","","Schenectady County, New York","Private","NAICS 448140 Family clothing stores","County, NAICS 6-digit -- by ownership sector","All establishment sizes",6,106,104,108,323653,281086,5230,235,"",0.75,0.58,0.60,0.62,0.43,0.53,0.41,0.72,"",0,0.0,-9,-7.8,2,2.0,-4,-3.6,10348,3.3,56042,24.9,-183,-3.4,15,6.8
"36093","5","448140","78","0","2016","2","","Schenectady County, New York","Private","NAICS 448140 Family clothing stores","County, NAICS 6-digit -- by ownership sector","All establishment sizes",6,108,115,120,317749,180141,3355,214,"",0.75,0.63,0.66,0.67,0.35,0.77,0.50,0.53,"",0,0.0,-6,-5.3,-3,-2.5,0,0.0,-6286,-1.9,13652,8.2,-666,-16.6,2,0.9
"36093","5","448140","78","0","2016","3","","Schenectady County, New York","Private","NAICS 448140 Family clothing stores","County, NAICS 6-digit -- by ownership sector","All establishment sizes",6,119,114,108,360482,175249,3278,244,"",0.75,0.68,0.64,0.63,0.41,0.96,0.64,0.63,"",0,0.0,-1,-0.8,-7,-5.8,-7,-6.1,32327,9.9,28698,19.6,-285,-8.0,31,14.6
"36093","5","448140","78","0","2016","4","","Schenectady County, New York","Private","NAICS 448140 Family clothing stores","County, NAICS 6-digit -- by ownership sector","All establishment sizes",6,115,128,129,365496,155988,2904,227,"",0.75,0.64,0.64,0.62,0.42,0.95,0.65,0.67,"",0,0.0,-1,-0.9,-7,-5.2,-4,-3.0,36371,11.1,23101,17.4,-375,-11.4,29,14.6
"36093","5","44815","77","0","2016","1","N","Schenectady County, New York","Private","NAICS 44815 Clothing accessories stores","County, NAICS 5-digit -- by ownership sector","All establishment sizes",1,0,0,0,0,0,0,0,"N",0.33,0,0,0,0,0,0,0,"N",-1,-50.0,0,0,0,0,0,0,0,0,0,0,0,0,0,0
"36093","5","44815","77","0","2016","2","N","Schenectady County, New York","Private","NAICS 44815 Clothing accessories stores","County, NAICS 5-digit -- by ownership sector","All establishment sizes",1,0,0,0,0,0,0,0,"N",0.33,0,0,0,0,0,0,0,"N",0,0.0,0,0,0,0,0,0,0,0,0,0,0,0,0,0
"36093","5","44815","77","0","2016","3","N","Schenectady County, New York","Private","NAICS 44815 Clothing accessories stores","County, NAICS 5-digit -- by ownership sector","All establishment sizes",1,0,0,0,0,0,0,0,"N",0.33,0,0,0,0,0,0,0,"N",0,0.0,0,0,0,0,0,0,0,0,0,0,0,0,0,0
"36093","5","44815","77","0","2016","4","N","Schenectady County, New York","Private","NAICS 44815 Clothing accessories stores","County, NAICS 5-digit -- by ownership sector","All establishment sizes",1,0,0,0,0,0,0,0,"N",0.33,0,0,0,0,0,0,0,"N",0,0.0,0,0,0,0,0,0,0,0,0,0,0,0,0,0
"36093","5","448150","78","0","2016","1","N","Schenectady County, New York","Private","NAICS 448150 Clothing accessories stores","County, NAICS 6-digit -- by ownership sector","All establishment sizes",1,0,0,0,0,0,0,0,"N",0.33,0,0,0,0,0,0,0,"N",-1,-50.0,0,0,0,0,0,0,0,0,0,0,0,0,0,0
"36093","5","448150","78","0","2016","2","N","Schenectady County, New York","Private","NAICS 448150 Clothing accessories stores","County, NAICS 6-digit -- by ownership sector","All establishment sizes",1,0,0,0,0,0,0,0,"N",0.33,0,0,0,0,0,0,0,"N",0,0.0,0,0,0,0,0,0,0,0,0,0,0,0,0,0
"36093","5","448150","78","0","2016","3","N","Schenectady County, New York","Private","NAICS 448150 Clothing accessories stores","County, NAICS 6-digit -- by ownership sector","All establishment sizes",1,0,0,0,0,0,0,0,"N",0.33,0,0,0,0,0,0,0,"N",0,0.0,0,0,0,0,0,0,0,0,0,0,0,0,0,0
"36093","5","448150","78","0","2016","4","N","Schenectady County, New York","Private","NAICS 448150 Clothing accessories stores","County, NAICS 6-digit -- by ownership sector","All establishment sizes",1,0,0,0,0,0,0,0,"N",0.33,0,0,0,0,0,0,0,"N",0,0.0,0,0,0,0,0,0,0,0,0,0,0,0,0,0
"36093","5","44819","77","0","2016","1","","Schenectady County, New York","Private","NAICS 44819 Other clothing stores","County, NAICS 5-digit -- by ownership sector","All establishment sizes",5,54,54,57,341873,296238,6381,478,"",1.14,1.01,1.02,1.10,1.21,1.45,1.25,1.16,"",0,0.0,1,1.9,0,0.0,-8,-12.3,38651,12.7,19566,7.1,-2676,-29.5,71,17.4
"36093","5","44819","77","0","2016","2","","Schenectady County, New York","Private","NAICS 44819 Other clothing stores","County, NAICS 5-digit -- by ownership sector","All establishment sizes",5,61,59,55,311930,116044,3535,411,"",1.14,1.17,1.16,1.03,0.92,1.32,1.33,0.82,"N",0,0.0,0,0,0,0,0,0,0,0,0,0,0,0,0,0
"36093","5","44819","77","0","2016","3","","Schenectady County, New York","Private","NAICS 44819 Other clothing stores","County, NAICS 5-digit -- by ownership sector","All establishment sizes",5,50,47,50,298274,66292,2426,468,"",1.14,0.97,0.89,0.89,0.96,1.07,1.27,1.05,"",0,0.0,6,13.6,-6,-11.3,3,6.4,5734,2.0,3044,4.8,-10,-0.4,-1,-0.2
"36093","5","44819","77","0","2016","4","N","Schenectady County, New York","Private","NAICS 44819 Other clothing stores","County, NAICS 5-digit -- by ownership sector","All establishment sizes",6,0,0,0,0,0,0,0,"N",1.37,0,0,0,0,0,0,0,"N",1,20.0,0,0,0,0,0,0,0,0,0,0,0,0,0,0
"36093","5","448190","78","0","2016","1","","Schenectady County, New York","Private","NAICS 448190 Other clothing stores","County, NAICS 6-digit -- by ownership sector","All establishment sizes",5,54,54,57,341873,296238,6381,478,"",1.14,1.01,1.02,1.10,1.21,1.45,1.25,1.16,"",0,0.0,1,1.9,0,0.0,-8,-12.3,38651,12.7,19566,7.1,-2676,-29.5,71,17.4
"36093","5","448190","78","0","2016","2","","Schenectady County, New York","Private","NAICS 448190 Other clothing stores","County, NAICS 6-digit -- by ownership sector","All establishment sizes",5,61,59,55,311930,116044,3535,411,"",1.14,1.17,1.16,1.03,0.92,1.32,1.33,0.82,"N",0,0.0,0,0,0,0,0,0,0,0,0,0,0,0,0,0
"36093","5","448190","78","0","2016","3","","Schenectady County, New York","Private","NAICS 448190 Other clothing stores","County, NAICS 6-digit -- by ownership sector","All establishment sizes",5,50,47,50,298274,66292,2426,468,"",1.14,0.97,0.89,0.89,0.96,1.07,1.27,1.05,"",0,0.0,6,13.6,-6,-11.3,3,6.4,5734,2.0,3044,4.8,-10,-0.4,-1,-0.2
"36093","5","448190","78","0","2016","4","N","Schenectady County, New York","Private","NAICS 448190 Other clothing stores","County, NAICS 6-digit -- by ownership sector","All establishment sizes",6,0,0,0,0,0,0,0,"N",1.37,0,0,0,0,0,0,0,"N",1,20.0,0,0,0,0,0,0,0,0,0,0,0,0,0,0
"36093","5","4482","76","0","2016","1","","Schenectady County, New York","Private","NAICS 4482 Shoe stores","County, NAICS 4-digit -- by ownership sector","All establishment sizes",6,50,52,51,151537,126905,2498,229,"",0.80,0.54,0.57,0.55,0.36,0.42,0.33,0.64,"",1,20.0,10,25.0,16,44.4,17,50.0,22628,17.6,9444,8.0,-815,-24.6,-41,-15.2
"36093","5","4482","76","0","2016","2","","Schenectady County, New York","Private","NAICS 4482 Shoe stores","County, NAICS 4-digit -- by ownership sector","All establishment sizes",6,51,50,54,156701,70752,1345,233,"",0.80,0.55,0.54,0.58,0.31,0.55,0.36,0.56,"",1,20.0,13,34.2,12,31.6,12,28.6,30538,24.2,-12,0.0,-561,-29.4,-14,-5.7
"36093","5","4482","76","0","2016","3","","Schenectady County, New York","Private","NAICS 4482 Shoe stores","County, NAICS 4-digit -- by ownership sector","All establishment sizes",6,53,57,52,177939,59647,1162,253,"",0.80,0.58,0.61,0.59,0.36,0.62,0.42,0.60,"",1,20.0,13,32.5,16,39.0,13,33.3,38879,28.0,4479,8.1,-399,-25.6,-14,-5.2
"36093","5","4482","76","0","2016","4","","Schenectady County, New York","Private","NAICS 4482 Shoe stores","County, NAICS 4-digit -- by ownership sector","All establishment sizes",6,46,50,51,161403,41021,796,253,"",0.81,0.51,0.51,0.51,0.34,0.53,0.36,0.67,"",1,20.0,7,17.9,9,22.0,10,24.4,18800,13.2,-4004,-8.9,-446,-35.9,-19,-7.0
"36093","5","44821","77","0","2016","1","","Schenectady County, New York","Private","NAICS 44821 Shoe stores","County, NAICS 5-digit -- by ownership sector","All establishment sizes",6,50,52,51,151537,126905,2498,229,"",0.80,0.54,0.57,0.55,0.36,0.42,0.33,0.64,"",1,20.0,10,25.0,16,44.4,17,50.0,22628,17.6,9444,8.0,-815,-24.6,-41,-15.2
"36093","5","44821","77","0","2016","2","","Schenectady County, New York","Private","NAICS 44821 Shoe stores","County, NAICS 5-digit -- by ownership sector","All establishment sizes",6,51,50,54,156701,70752,1345,233,"",0.80,0.55,0.54,0.58,0.31,0.55,0.36,0.56,"",1,20.0,13,34.2,12,31.6,12,28.6,30538,24.2,-12,0.0,-561,-29.4,-14,-5.7
"36093","5","44821","77","0","2016","3","","Schenectady County, New York","Private","NAICS 44821 Shoe stores","County, NAICS 5-digit -- by ownership sector","All establishment sizes",6,53,57,52,177939,59647,1162,253,"",0.80,0.58,0.61,0.59,0.36,0.62,0.42,0.60,"",1,20.0,13,32.5,16,39.0,13,33.3,38879,28.0,4479,8.1,-399,-25.6,-14,-5.2
"36093","5","44821","77","0","2016","4","","Schenectady County, New York","Private","NAICS 44821 Shoe stores","County, NAICS 5-digit -- by ownership sector","All establishment sizes",6,46,50,51,161403,41021,796,253,"",0.81,0.51,0.51,0.51,0.34,0.53,0.36,0.67,"",1,20.0,7,17.9,9,22.0,10,24.4,18800,13.2,-4004,-8.9,-446,-35.9,-19,-7.0
"36093","5","448210","78","0","2016","1","","Schenectady County, New York","Private","NAICS 448210 Shoe stores","County, NAICS 6-digit -- by ownership sector","All establishment sizes",6,50,52,51,151537,126905,2498,229,"",0.80,0.54,0.57,0.55,0.36,0.42,0.33,0.64,"",1,20.0,10,25.0,16,44.4,17,50.0,22628,17.6,9444,8.0,-815,-24.6,-41,-15.2
"36093","5","448210","78","0","2016","2","","Schenectady County, New York","Private","NAICS 448210 Shoe stores","County, NAICS 6-digit -- by ownership sector","All establishment sizes",6,51,50,54,156701,70752,1345,233,"",0.80,0.55,0.54,0.58,0.31,0.55,0.36,0.56,"",1,20.0,13,34.2,12,31.6,12,28.6,30538,24.2,-12,0.0,-561,-29.4,-14,-5.7
"36093","5","448210","78","0","2016","3","","Schenectady County, New York","Private","NAICS 448210 Shoe stores","County, NAICS 6-digit -- by ownership sector","All establishment sizes",6,53,57,52,177939,59647,1162,253,"",0.80,0.58,0.61,0.59,0.36,0.62,0.42,0.60,"",1,20.0,13,32.5,16,39.0,13,33.3,38879,28.0,4479,8.1,-399,-25.6,-14,-5.2
"36093","5","448210","78","0","2016","4","","Schenectady County, New York","Private","NAICS 448210 Shoe stores","County, NAICS 6-digit -- by ownership sector","All establishment sizes",6,46,50,51,161403,41021,796,253,"",0.81,0.51,0.51,0.51,0.34,0.53,0.36,0.67,"",1,20.0,7,17.9,9,22.0,10,24.4,18800,13.2,-4004,-8.9,-446,-35.9,-19,-7.0
"36093","5","4483","76","0","2016","1","","Schenectady County, New York","Private","NAICS 4483 Jewelry, luggage, and leather goods stores","County, NAICS 4-digit -- by ownership sector","All establishment sizes",11,88,83,83,783656,571328,12475,712,"",1.40,1.43,1.37,1.40,1.45,1.71,1.36,1.03,"",1,10.0,-4,-4.3,-4,-4.6,-2,-2.4,-33510,-4.1,-30651,-5.1,-7367,-37.1,-2,-0.3
"36093","5","4483","76","0","2016","2","","Schenectady County, New York","Private","NAICS 4483 Jewelry, luggage, and leather goods stores","County, NAICS 4-digit -- by ownership sector","All establishment sizes",11,83,81,81,835991,179775,3813,787,"",1.40,1.42,1.38,1.36,1.35,1.84,1.30,0.97,"",1,10.0,2,2.5,-3,-3.6,-2,-2.4,-38145,-4.4,-11699,-6.1,-1986,-34.2,-26,-3.2
"36093","5","4483","76","0","2016","3","","Schenectady County, New York","Private","NAICS 4483 Jewelry, luggage, and leather goods stores","County, NAICS 4-digit -- by ownership sector","All establishment sizes",11,81,79,77,807497,82463,1853,786,"",1.40,1.43,1.39,1.34,1.46,1.36,1.03,1.05,"",1,10.0,-3,-3.6,-6,-7.1,-6,-7.2,19426,2.5,23835,40.7,44,2.4,64,8.9
"36093","5","4483","76","0","2016","4","","Schenectady County, New York","Private","NAICS 4483 Jewelry, luggage, and leather goods stores","County, NAICS 4-digit -- by ownership sector","All establishment sizes",11,80,85,88,943518,95682,2132,861,"",1.40,1.35,1.34,1.34,1.65,1.81,1.32,1.23,"",1,10.0,-7,-8.0,-2,-2.3,-2,-2.2,-101857,-9.7,21260,28.6,-102,-4.6,-53,-5.8
"36093","5","44831","77","0","2016","1","","Schenectady County, New York","Private","NAICS 44831 Jewelry stores","County, NAICS 5-digit -- by ownership sector","All establishment sizes",11,88,83,83,783656,571328,12475,712,"",1.49,1.60,1.53,1.57,1.61,1.90,1.52,1.03,"",1,10.0,-4,-4.3,-4,-4.6,-2,-2.4,-33510,-4.1,-30651,-5.1,-7367,-37.1,-2,-0.3
"36093","5","44831","77","0","2016","2","","Schenectady County, New York","Private","NAICS 44831 Jewelry stores","County, NAICS 5-digit -- by ownership sector","All establishment sizes",11,83,81,81,835991,179775,3813,787,"",1.50,1.58,1.54,1.52,1.50,2.04,1.46,0.97,"",1,10.0,2,2.5,-3,-3.6,-2,-2.4,-38145,-4.4,-11699,-6.1,-1986,-34.2,-26,-3.2
"36093","5","44831","77","0","2016","3","","Schenectady County, New York","Private","NAICS 44831 Jewelry stores","County, NAICS 5-digit -- by ownership sector","All establishment sizes",11,81,79,77,807497,82463,1853,786,"",1.50,1.60,1.55,1.49,1.64,1.52,1.16,1.06,"",1,10.0,-3,-3.6,-6,-7.1,-6,-7.2,19426,2.5,23835,40.7,44,2.4,64,8.9
"36093","5","44831","77","0","2016","4","","Schenectady County, New York","Private","NAICS 44831 Jewelry stores","County, NAICS 5-digit -- by ownership sector","All establishment sizes",11,80,85,88,943518,95682,2132,861,"",1.50,1.50,1.51,1.51,1.84,2.04,1.50,1.22,"",1,10.0,-7,-8.0,-2,-2.3,-2,-2.2,-101857,-9.7,21260,28.6,-102,-4.6,-53,-5.8
"36093","5","448310","78","0","2016","1","","Schenectady County, New York","Private","NAICS 448310 Jewelry stores","County, NAICS 6-digit -- by ownership sector","All establishment sizes",11,88,83,83,783656,571328,12475,712,"",1.49,1.60,1.53,1.57,1.61,1.90,1.52,1.03,"",1,10.0,-4,-4.3,-4,-4.6,-2,-2.4,-33510,-4.1,-30651,-5.1,-7367,-37.1,-2,-0.3
"36093","5","448310","78","0","2016","2","","Schenectady County, New York","Private","NAICS 448310 Jewelry stores","County, NAICS 6-digit -- by ownership sector","All establishment sizes",11,83,81,81,835991,179775,3813,787,"",1.50,1.58,1.54,1.52,1.50,2.04,1.46,0.97,"",1,10.0,2,2.5,-3,-3.6,-2,-2.4,-38145,-4.4,-11699,-6.1,-1986,-34.2,-26,-3.2
"36093","5","448310","78","0","2016","3","","Schenectady County, New York","Private","NAICS 448310 Jewelry stores","County, NAICS 6-digit -- by ownership sector","All establishment sizes",11,81,79,77,807497,82463,1853,786,"",1.50,1.60,1.55,1.49,1.64,1.52,1.16,1.06,"",1,10.0,-3,-3.6,-6,-7.1,-6,-7.2,19426,2.5,23835,40.7,44,2.4,64,8.9
"36093","5","448310","78","0","2016","4","","Schenectady County, New York","Private","NAICS 448310 Jewelry stores","County, NAICS 6-digit -- by ownership sector","All establishment sizes",11,80,85,88,943518,95682,2132,861,"",1.50,1.50,1.51,1.51,1.84,2.04,1.50,1.22,"",1,10.0,-7,-8.0,-2,-2.3,-2,-2.2,-101857,-9.7,21260,28.6,-102,-4.6,-53,-5.8
"36093","5","451","75","0","2016","1","","Schenectady County, New York","Private","NAICS 451 Sports, hobby, music instrument, book stores","County, NAICS 3-digit -- by ownership sector","All establishment sizes",21,181,166,167,698747,633464,15254,314,"",1.14,0.64,0.61,0.61,0.53,0.65,0.73,0.86,"",-1,-4.5,-13,-6.7,-21,-11.2,-20,-10.7,-50827,-6.8,-60078,-8.7,-5739,-27.3,9,3.0
"36093","5","451","75","0","2016","2","","Schenectady County, New York","Private","NAICS 451 Sports, hobby, music instrument, book stores","County, NAICS 3-digit -- by ownership sector","All establishment sizes",21,170,167,169,749625,407297,10275,342,"",1.13,0.63,0.62,0.63,0.49,0.98,0.97,0.78,"",-2,-8.7,-20,-10.5,-21,-11.2,-40,-19.1,-1686,-0.2,-5033,-1.2,-2743,-21.1,47,15.9
"36093","5","451","75","0","2016","3","","Schenectady County, New York","Private","NAICS 451 Sports, hobby, music instrument, book stores","County, NAICS 3-digit -- by ownership sector","All establishment sizes",20,155,156,164,790418,277076,7625,384,"",1.08,0.60,0.60,0.63,0.53,0.94,1.06,0.88,"",-2,-9.1,-43,-21.7,-40,-20.4,-28,-14.6,-34550,-4.2,-65245,-19.1,-3621,-32.2,59,18.2
"36093","5","451","75","0","2016","4","","Schenectady County, New York","Private","NAICS 451 Sports, hobby, music instrument, book stores","County, NAICS 3-digit -- by ownership sector","All establishment sizes",20,168,179,179,773930,208802,5538,340,"",1.09,0.62,0.61,0.60,0.53,0.82,0.90,0.88,"",-1,-4.8,-23,-12.0,-39,-17.9,-42,-19.0,-99929,-11.4,-55127,-20.9,-3024,-35.3,20,6.2
"36093","5","4511","76","0","2016","1","","Schenectady County, New York","Private","NAICS 4511 Sporting goods and musical instrument stores","County, NAICS 4-digit -- by ownership sector","All establishment sizes",17,145,132,133,550564,498389,12850,310,"",1.08,0.60,0.56,0.57,0.48,0.60,0.72,0.84,"",-1,-5.6,-11,-7.1,-18,-12.0,-18,-11.9,-73138,-11.7,-81793,-14.1,-5762,-31.0,-5,-1.6
"36093","5","4511","76","0","2016","2","","Schenectady County, New York","Private","NAICS 4511 Sporting goods and musical instrument stores","County, NAICS 4-digit -- by ownership sector","All establishment sizes",17,132,129,132,620239,346548,9088,364,"",1.08,0.57,0.56,0.56,0.47,0.96,0.99,0.83,"",-3,-15.0,-22,-14.3,-23,-15.1,-40,-23.3,-12621,-2.0,-9850,-2.8,-2755,-23.3,58,19.0
"36093","5","4511","76","0","2016","3","","Schenectady County, New York","Private","NAICS 4511 Sporting goods and musical instrument stores","County, NAICS 4-digit -- by ownership sector","All establishment sizes",16,121,122,128,642020,240022,6861,399,"",1.02,0.54,0.55,0.57,0.51,0.94,1.10,0.91,"",-3,-15.8,-40,-24.8,-37,-23.3,-25,-16.3,-48207,-7.0,-66021,-21.6,-3622,-34.6,62,18.4
"36093","5","4511","76","0","2016","4","","Schenectady County, New York","Private","NAICS 4511 Sporting goods and musical instrument stores","County, NAICS 4-digit -- by ownership sector","All establishment sizes",16,130,141,141,629382,171770,4798,353,"",1.03,0.56,0.55,0.55,0.50,0.77,0.88,0.90,"",-2,-11.1,-24,-15.6,-40,-22.1,-43,-23.4,-108172,-14.7,-63407,-27.0,-3160,-39.7,25,7.6
"36093","5","45111","77","0","2016","1","","Schenectady County, New York","Private","NAICS 45111 Sporting goods stores","County, NAICS 5-digit -- by ownership sector","All establishment sizes",8,75,70,77,317057,304967,6545,330,"",0.94,0.56,0.53,0.58,0.46,0.62,0.62,0.84,"",-2,-20.0,-24,-24.2,-22,-23.9,-16,-17.2,-119134,-27.3,-101049,-24.9,-5402,-45.2,-24,-6.8
"36093","5","45111","77","0","2016","2","","Schenectady County, New York","Private","NAICS 45111 Sporting goods stores","County, NAICS 5-digit -- by ownership sector","All establishment sizes",8,76,76,81,354211,222295,4962,351,"",0.93,0.57,0.57,0.60,0.44,1.02,0.89,0.76,"",-2,-20.0,-21,-21.6,-21,-21.6,-18,-18.2,-91138,-20.5,2747,1.3,-1449,-22.6,0,0.0
"36093","5","45111","77","0","2016","3","","Schenectady County, New York","Private","NAICS 45111 Sporting goods stores","County, NAICS 5-digit -- by ownership sector","All establishment sizes",8,72,72,76,353124,148915,3329,370,"",0.93,0.56,0.57,0.60,0.45,0.96,0.87,0.79,"",-2,-20.0,-23,-24.2,-23,-24.2,-19,-20.0,-103160,-22.6,-19574,-11.6,-1643,-33.0,1,0.3
"36093","5","45111","77","0","2016","4","","Schenectady County, New York","Private","NAICS 45111 Sporting goods stores","County, NAICS 5-digit -- by ownership sector","All establishment sizes",9,80,76,76,333471,113528,2339,332,"",1.07,0.62,0.57,0.56,0.44,0.90,0.77,0.76,"",0,0.0,-16,-16.7,-21,-21.6,-24,-24.0,-133899,-28.6,-8821,-7.2,-1036,-30.7,-36,-9.8
"36093","5","451110","78","0","2016","1","","Schenectady County, New York","Private","NAICS 451110 Sporting goods stores","County, NAICS 6-digit -- by ownership sector","All establishment sizes",8,75,70,77,317057,304967,6545,330,"",0.94,0.56,0.53,0.58,0.46,0.62,0.62,0.84,"",-2,-20.0,-24,-24.2,-22,-23.9,-16,-17.2,-119134,-27.3,-101049,-24.9,-5402,-45.2,-24,-6.8
"36093","5","451110","78","0","2016","2","","Schenectady County, New York","Private","NAICS 451110 Sporting goods stores","County, NAICS 6-digit -- by ownership sector","All establishment sizes",8,76,76,81,354211,222295,4962,351,"",0.93,0.57,0.57,0.60,0.44,1.02,0.89,0.76,"",-2,-20.0,-21,-21.6,-21,-21.6,-18,-18.2,-91138,-20.5,2747,1.3,-1449,-22.6,0,0.0
"36093","5","451110","78","0","2016","3","","Schenectady County, New York","Private","NAICS 451110 Sporting goods stores","County, NAICS 6-digit -- by ownership sector","All establishment sizes",8,72,72,76,353124,148915,3329,370,"",0.93,0.56,0.57,0.60,0.45,0.96,0.87,0.79,"",-2,-20.0,-23,-24.2,-23,-24.2,-19,-20.0,-103160,-22.6,-19574,-11.6,-1643,-33.0,1,0.3
"36093","5","451110","78","0","2016","4","","Schenectady County, New York","Private","NAICS 451110 Sporting goods stores","County, NAICS 6-digit -- by ownership sector","All establishment sizes",9,80,76,76,333471,113528,2339,332,"",1.07,0.62,0.57,0.56,0.44,0.90,0.77,0.76,"",0,0.0,-16,-16.7,-21,-21.6,-24,-24.0,-133899,-28.6,-8821,-7.2,-1036,-30.7,-36,-9.8
"36093","5","45112","77","0","2016","1","N","Schenectady County, New York","Private","NAICS 45112 Hobby, toy, and game stores","County, NAICS 5-digit -- by ownership sector","All establishment sizes",5,0,0,0,0,0,0,0,"N",1.22,0,0,0,0,0,0,0,"N",0,0.0,0,0,0,0,0,0,0,0,0,0,0,0,0,0
"36093","5","45112","77","0","2016","2","N","Schenectady County, New York","Private","NAICS 45112 Hobby, toy, and game stores","County, NAICS 5-digit -- by ownership sector","All establishment sizes",5,0,0,0,0,0,0,0,"N",1.21,0,0,0,0,0,0,0,"N",0,0.0,0,0,0,0,0,0,0,0,0,0,0,0,0,0
"36093","5","45112","77","0","2016","3","N","Schenectady County, New York","Private","NAICS 45112 Hobby, toy, and game stores","County, NAICS 5-digit -- by ownership sector","All establishment sizes",4,0,0,0,0,0,0,0,"N",0.97,0,0,0,0,0,0,0,"N",-1,-20.0,0,0,0,0,0,0,0,0,0,0,0,0,0,0
"36093","5","45112","77","0","2016","4","N","Schenectady County, New York","Private","NAICS 45112 Hobby, toy, and game stores","County, NAICS 5-digit -- by ownership sector","All establishment sizes",4,0,0,0,0,0,0,0,"N",0.97,0,0,0,0,0,0,0,"N",-1,-20.0,0,0,0,0,0,0,0,0,0,0,0,0,0,0
"36093","5","451120","78","0","2016","1","N","Schenectady County, New York","Private","NAICS 451120 Hobby, toy, and game stores","County, NAICS 6-digit -- by ownership sector","All establishment sizes",5,0,0,0,0,0,0,0,"N",1.22,0,0,0,0,0,0,0,"N",0,0.0,0,0,0,0,0,0,0,0,0,0,0,0,0,0
"36093","5","451120","78","0","2016","2","N","Schenectady County, New York","Private","NAICS 451120 Hobby, toy, and game stores","County, NAICS 6-digit -- by ownership sector","All establishment sizes",5,0,0,0,0,0,0,0,"N",1.21,0,0,0,0,0,0,0,"N",0,0.0,0,0,0,0,0,0,0,0,0,0,0,0,0,0
"36093","5","451120","78","0","2016","3","N","Schenectady County, New York","Private","NAICS 451120 Hobby, toy, and game stores","County, NAICS 6-digit -- by ownership sector","All establishment sizes",4,0,0,0,0,0,0,0,"N",0.97,0,0,0,0,0,0,0,"N",-1,-20.0,0,0,0,0,0,0,0,0,0,0,0,0,0,0
"36093","5","451120","78","0","2016","4","N","Schenectady County, New York","Private","NAICS 451120 Hobby, toy, and game stores","County, NAICS 6-digit -- by ownership sector","All establishment sizes",4,0,0,0,0,0,0,0,"N",0.97,0,0,0,0,0,0,0,"N",-1,-20.0,0,0,0,0,0,0,0,0,0,0,0,0,0,0
"36093","5","45113","77","0","2016","1","N","Schenectady County, New York","Private","NAICS 45113 Sewing, needlework, and piece goods stores","County, NAICS 5-digit -- by ownership sector","All establishment sizes",2,0,0,0,0,0,0,0,"N",1.20,0,0,0,0,0,0,0,"N",1,100.0,0,0,0,0,0,0,0,0,0,0,0,0,0,0
"36093","5","45113","77","0","2016","2","N","Schenectady County, New York","Private","NAICS 45113 Sewing, needlework, and piece goods stores","County, NAICS 5-digit -- by ownership sector","All establishment sizes",2,0,0,0,0,0,0,0,"N",1.21,0,0,0,0,0,0,0,"N",0,0.0,0,0,0,0,0,0,0,0,0,0,0,0,0,0
"36093","5","45113","77","0","2016","3","N","Schenectady County, New York","Private","NAICS 45113 Sewing, needlework, and piece goods stores","County, NAICS 5-digit -- by ownership sector","All establishment sizes",2,0,0,0,0,0,0,0,"N",1.23,0,0,0,0,0,0,0,"N",0,0.0,0,0,0,0,0,0,0,0,0,0,0,0,0,0
"36093","5","45113","77","0","2016","4","N","Schenectady County, New York","Private","NAICS 45113 Sewing, needlework, and piece goods stores","County, NAICS 5-digit -- by ownership sector","All establishment sizes",2,0,0,0,0,0,0,0,"N",1.29,0,0,0,0,0,0,0,"N",0,0.0,0,0,0,0,0,0,0,0,0,0,0,0,0,0
"36093","5","451130","78","0","2016","1","N","Schenectady County, New York","Private","NAICS 451130 Sewing, needlework, and piece goods stores","County, NAICS 6-digit -- by ownership sector","All establishment sizes",2,0,0,0,0,0,0,0,"N",1.20,0,0,0,0,0,0,0,"N",1,100.0,0,0,0,0,0,0,0,0,0,0,0,0,0,0
"36093","5","451130","78","0","2016","2","N","Schenectady County, New York","Private","NAICS 451130 Sewing, needlework, and piece goods stores","County, NAICS 6-digit -- by ownership sector","All establishment sizes",2,0,0,0,0,0,0,0,"N",1.21,0,0,0,0,0,0,0,"N",0,0.0,0,0,0,0,0,0,0,0,0,0,0,0,0,0
"36093","5","451130","78","0","2016","3","N","Schenectady County, New York","Private","NAICS 451130 Sewing, needlework, and piece goods stores","County, NAICS 6-digit -- by ownership sector","All establishment sizes",2,0,0,0,0,0,0,0,"N",1.23,0,0,0,0,0,0,0,"N",0,0.0,0,0,0,0,0,0,0,0,0,0,0,0,0,0
"36093","5","451130","78","0","2016","4","N","Schenectady County, New York","Private","NAICS 451130 Sewing, needlework, and piece goods stores","County, NAICS 6-digit -- by ownership sector","All establishment sizes",2,0,0,0,0,0,0,0,"N",1.29,0,0,0,0,0,0,0,"N",0,0.0,0,0,0,0,0,0,0,0,0,0,0,0,0,0
"36093","5","45114","77","0","2016","1","N","Schenectady County, New York","Private","NAICS 45114 Musical instrument and supplies stores","County, NAICS 5-digit -- by ownership sector","All establishment sizes",2,0,0,0,0,0,0,0,"N",1.48,0,0,0,0,0,0,0,"N",0,0.0,0,0,0,0,0,0,0,0,0,0,0,0,0,0
"36093","5","45114","77","0","2016","2","N","Schenectady County, New York","Private","NAICS 45114 Musical instrument and supplies stores","County, NAICS 5-digit -- by ownership sector","All establishment sizes",2,0,0,0,0,0,0,0,"N",1.47,0,0,0,0,0,0,0,"N",-1,-33.3,0,0,0,0,0,0,0,0,0,0,0,0,0,0
"36093","5","45114","77","0","2016","3","N","Schenectady County, New York","Private","NAICS 45114 Musical instrument and supplies stores","County, NAICS 5-digit -- by ownership sector","All establishment sizes",2,0,0,0,0,0,0,0,"N",1.48,0,0,0,0,0,0,0,"N",0,0.0,0,0,0,0,0,0,0,0,0,0,0,0,0,0
"36093","5","45114","77","0","2016","4","N","Schenectady County, New York","Private","NAICS 45114 Musical instrument and supplies stores","County, NAICS 5-digit -- by ownership sector","All establishment sizes",1,0,0,0,0,0,0,0,"N",0.74,0,0,0,0,0,0,0,"N",-1,-50.0,0,0,0,0,0,0,0,0,0,0,0,0,0,0
"36093","5","451140","78","0","2016","1","N","Schenectady County, New York","Private","NAICS 451140 Musical instrument and supplies stores","County, NAICS 6-digit -- by ownership sector","All establishment sizes",2,0,0,0,0,0,0,0,"N",1.48,0,0,0,0,0,0,0,"N",0,0.0,0,0,0,0,0,0,0,0,0,0,0,0,0,0
"36093","5","451140","78","0","2016","2","N","Schenectady County, New York","Private","NAICS 451140 Musical instrument and supplies stores","County, NAICS 6-digit -- by ownership sector","All establishment sizes",2,0,0,0,0,0,0,0,"N",1.47,0,0,0,0,0,0,0,"N",-1,-33.3,0,0,0,0,0,0,0,0,0,0,0,0,0,0
"36093","5","451140","78","0","2016","3","N","Schenectady County, New York","Private","NAICS 451140 Musical instrument and supplies stores","County, NAICS 6-digit -- by ownership sector","All establishment sizes",2,0,0,0,0,0,0,0,"N",1.48,0,0,0,0,0,0,0,"N",0,0.0,0,0,0,0,0,0,0,0,0,0,0,0,0,0
"36093","5","451140","78","0","2016","4","N","Schenectady County, New York","Private","NAICS 451140 Musical instrument and supplies stores","County, NAICS 6-digit -- by ownership sector","All establishment sizes",1,0,0,0,0,0,0,0,"N",0.74,0,0,0,0,0,0,0,"N",-1,-50.0,0,0,0,0,0,0,0,0,0,0,0,0,0,0
"36093","5","4512","76","0","2016","1","","Schenectady County, New York","Private","NAICS 4512 Book stores and news dealers","County, NAICS 4-digit -- by ownership sector","All establishment sizes",4,36,34,34,148183,135075,2404,329,"",1.43,0.84,0.85,0.89,0.82,1.03,0.80,0.96,"",0,0.0,-2,-5.3,-3,-8.1,-2,-5.6,22311,17.7,21715,19.2,23,1.0,67,25.6
"36093","5","4512","76","0","2016","2","","Schenectady County, New York","Private","NAICS 4512 Book stores and news dealers","County, NAICS 4-digit -- by ownership sector","All establishment sizes",4,38,38,37,129386,60749,1187,264,"",1.42,1.00,1.00,1.03,0.61,1.07,0.82,0.60,"",1,33.3,2,5.6,2,5.6,0,0.0,10935,9.2,4817,8.6,12,1.0,13,5.2
"36093","5","4512","76","0","2016","3","","Schenectady County, New York","Private","NAICS 4512 Book stores and news dealers","County, NAICS 4-digit -- by ownership sector","All establishment sizes",4,34,34,36,148398,37054,764,329,"",1.43,1.00,0.89,0.93,0.70,0.92,0.75,0.74,"",1,33.3,-3,-8.1,-3,-8.1,-3,-7.7,13657,10.1,776,2.1,1,0.1,54,19.6
"36093","5","4512","76","0","2016","4","","Schenectady County, New York","Private","NAICS 4512 Book stores and news dealers","County, NAICS 4-digit -- by ownership sector","All establishment sizes",4,38,38,38,144548,37032,740,293,"",1.44,1.01,0.99,0.94,0.78,1.21,1.00,0.79,"",1,33.3,1,2.7,1,2.7,1,2.7,8243,6.0,8280,28.8,136,22.5,10,3.5
"36093","5","45121","77","0","2016","1","","Schenectady County, New York","Private","NAICS 45121 Book stores and news dealers","County, NAICS 5-digit -- by ownership sector","All establishment sizes",4,36,34,34,148183,135075,2404,329,"",1.43,0.84,0.85,0.89,0.82,1.03,0.80,0.96,"",0,0.0,-2,-5.3,-3,-8.1,-2,-5.6,22311,17.7,21715,19.2,23,1.0,67,25.6
"36093","5","45121","77","0","2016","2","","Schenectady County, New York","Private","NAICS 45121 Book stores and news dealers","County, NAICS 5-digit -- by ownership sector","All establishment sizes",4,38,38,37,129386,60749,1187,264,"",1.42,1.00,1.00,1.03,0.61,1.07,0.82,0.60,"",1,33.3,2,5.6,2,5.6,0,0.0,10935,9.2,4817,8.6,12,1.0,13,5.2
"36093","5","45121","77","0","2016","3","","Schenectady County, New York","Private","NAICS 45121 Book stores and news dealers","County, NAICS 5-digit -- by ownership sector","All establishment sizes",4,34,34,36,148398,37054,764,329,"",1.43,1.00,0.89,0.93,0.70,0.92,0.75,0.74,"",1,33.3,-3,-8.1,-3,-8.1,-3,-7.7,13657,10.1,776,2.1,1,0.1,54,19.6
"36093","5","45121","77","0","2016","4","","Schenectady County, New York","Private","NAICS 45121 Book stores and news dealers","County, NAICS 5-digit -- by ownership sector","All establishment sizes",4,38,38,38,144548,37032,740,293,"",1.44,1.01,0.99,0.94,0.78,1.21,1.00,0.79,"",1,33.3,1,2.7,1,2.7,1,2.7,8243,6.0,8280,28.8,136,22.5,10,3.5
"36093","5","451211","78","0","2016","1","N","Schenectady County, New York","Private","NAICS 451211 Book stores","County, NAICS 6-digit -- by ownership sector","All establishment sizes",2,0,0,0,0,0,0,0,"N",0.82,0,0,0,0,0,0,0,"N",-1,-33.3,0,0,0,0,0,0,0,0,0,0,0,0,0,0
"36093","5","451211","78","0","2016","2","N","Schenectady County, New York","Private","NAICS 451211 Book stores","County, NAICS 6-digit -- by ownership sector","All establishment sizes",2,0,0,0,0,0,0,0,"N",0.81,0,0,0,0,0,0,0,"N",0,0.0,0,0,0,0,0,0,0,0,0,0,0,0,0,0
"36093","5","451211","78","0","2016","3","N","Schenectady County, New York","Private","NAICS 451211 Book stores","County, NAICS 6-digit -- by ownership sector","All establishment sizes",2,0,0,0,0,0,0,0,"N",0.81,0,0,0,0,0,0,0,"N",0,0.0,0,0,0,0,0,0,0,0,0,0,0,0,0,0
"36093","5","451211","78","0","2016","4","N","Schenectady County, New York","Private","NAICS 451211 Book stores","County, NAICS 6-digit -- by ownership sector","All establishment sizes",2,0,0,0,0,0,0,0,"N",0.82,0,0,0,0,0,0,0,"N",0,0.0,0,0,0,0,0,0,0,0,0,0,0,0,0,0
"36093","5","451212","78","0","2016","1","N","Schenectady County, New York","Private","NAICS 451212 News dealers and newsstands","County, NAICS 6-digit -- by ownership sector","All establishment sizes",2,0,0,0,0,0,0,0,"N",5.90,0,0,0,0,0,0,0,"N",1,100.0,0,0,0,0,0,0,0,0,0,0,0,0,0,0
"36093","5","451212","78","0","2016","2","N","Schenectady County, New York","Private","NAICS 451212 News dealers and newsstands","County, NAICS 6-digit -- by ownership sector","All establishment sizes",2,0,0,0,0,0,0,0,"N",5.89,0,0,0,0,0,0,0,"N",1,100.0,0,0,0,0,0,0,0,0,0,0,0,0,0,0
"36093","5","451212","78","0","2016","3","N","Schenectady County, New York","Private","NAICS 451212 News dealers and newsstands","County, NAICS 6-digit -- by ownership sector","All establishment sizes",2,0,0,0,0,0,0,0,"N",5.93,0,0,0,0,0,0,0,"N",1,100.0,0,0,0,0,0,0,0,0,0,0,0,0,0,0
"36093","5","451212","78","0","2016","4","N","Schenectady County, New York","Private","NAICS 451212 News dealers and newsstands","County, NAICS 6-digit -- by ownership sector","All establishment sizes",2,0,0,0,0,0,0,0,"N",5.99,0,0,0,0,0,0,0,"N",1,100.0,0,0,0,0,0,0,0,0,0,0,0,0,0,0
"36093","5","452","75","0","2016","1","","Schenectady County, New York","Private","NAICS 452 General merchandise stores","County, NAICS 3-digit -- by ownership sector","All establishment sizes",28,1411,1387,1386,7262353,6216555,141450,401,"",1.28,0.99,0.99,1.00,0.96,1.13,1.29,0.96,"",0,0.0,-104,-6.9,-51,-3.5,-57,-4.0,-212263,-2.8,80325,1.3,-49909,-26.1,9,2.3
"36093","5","452","75","0","2016","2","","Schenectady County, New York","Private","NAICS 452 General merchandise stores","County, NAICS 3-digit -- by ownership sector","All establishment sizes",29,1398,1379,1385,7713599,4326312,99853,428,"",1.32,1.00,0.99,0.97,0.83,1.68,1.64,0.85,"",1,3.6,-1,-0.1,-11,-0.8,-48,-3.3,376282,5.1,215692,5.2,-28482,-22.2,27,6.7
"36093","5","452","75","0","2016","3","","Schenectady County, New York","Private","NAICS 452 General merchandise stores","County, NAICS 3-digit -- by ownership sector","All establishment sizes",29,1373,1412,1331,7269832,2338071,54376,408,"",1.31,1.00,1.02,0.96,0.88,1.53,1.57,0.89,"",2,7.4,9,0.7,10,0.7,-54,-3.9,-589479,-7.5,-203400,-8.0,-24440,-31.0,-29,-6.6
"36093","5","452","75","0","2016","4","","Schenectady County, New York","Private","NAICS 452 General merchandise stores","County, NAICS 3-digit -- by ownership sector","All establishment sizes",28,1367,1504,1456,8050095,1942229,44924,429,"",1.26,0.95,0.97,0.96,0.94,1.44,1.46,0.98,"",0,0.0,-105,-7.1,-68,-4.3,-103,-6.6,-341901,-4.1,-155983,-7.4,-20832,-31.7,8,1.9
"36093","5","4521","76","0","2016","1","","Schenectady County, New York","Private","NAICS12 4521 Department stores","County, NAICS 4-digit -- by ownership sector","All establishment sizes",9,770,755,757,3815580,3239736,67305,386,"",1.68,1.27,1.30,1.33,1.33,1.59,1.43,1.02,"",-2,-18.2,-136,-15.0,-100,-11.7,-77,-9.2,-355751,-8.5,-44539,-1.4,-28571,-29.8,15,4.0
"36093","5","4521","76","0","2016","2","","Schenectady County, New York","Private","NAICS12 4521 Department stores","County, NAICS 4-digit -- by ownership sector","All establishment sizes",9,750,749,734,3875825,2171726,45188,401,"",1.68,1.32,1.33,1.28,1.16,2.34,1.82,0.88,"",-2,-18.2,-47,-5.9,-5,-0.7,-48,-6.1,-138446,-3.4,-23303,-1.1,-18386,-28.9,4,1.0
"36093","5","4521","76","0","2016","3","","Schenectady County, New York","Private","NAICS12 4521 Department stores","County, NAICS 4-digit -- by ownership sector","All establishment sizes",9,727,759,676,3740190,1264643,25333,399,"",1.68,1.32,1.36,1.22,1.20,2.03,1.63,0.92,"",-1,-10.0,-19,-2.5,-29,-3.7,-84,-11.1,-542530,-12.7,-182992,-12.6,-15802,-38.4,-32,-7.4
"36093","5","4521","76","0","2016","4","","Schenectady County, New York","Private","NAICS12 4521 Department stores","County, NAICS 4-digit -- by ownership sector","All establishment sizes",8,704,787,766,4168858,1058156,21246,426,"",1.50,1.20,1.22,1.18,1.30,1.85,1.53,1.08,"",-2,-20.0,-120,-14.6,-100,-11.3,-129,-14.4,-408944,-8.9,-150529,-12.5,-12882,-37.7,21,5.2
"36093","5","45211","77","0","2016","1","","Schenectady County, New York","Private","NAICS12 45211 Department stores","County, NAICS 5-digit -- by ownership sector","All establishment sizes",9,770,755,757,3815580,3239736,67305,386,"",1.68,1.27,1.30,1.33,1.33,1.59,1.43,1.02,"",-2,-18.2,-136,-15.0,-100,-11.7,-77,-9.2,-355751,-8.5,-44539,-1.4,-28571,-29.8,15,4.0
"36093","5","45211","77","0","2016","2","","Schenectady County, New York","Private","NAICS12 45211 Department stores","County, NAICS 5-digit -- by ownership sector","All establishment sizes",9,750,749,734,3875825,2171726,45188,401,"",1.68,1.32,1.33,1.28,1.16,2.34,1.82,0.88,"",-2,-18.2,-47,-5.9,-5,-0.7,-48,-6.1,-138446,-3.4,-23303,-1.1,-18386,-28.9,4,1.0
"36093","5","45211","77","0","2016","3","","Schenectady County, New York","Private","NAICS12 45211 Department stores","County, NAICS 5-digit -- by ownership sector","All establishment sizes",9,727,759,676,3740190,1264643,25333,399,"",1.68,1.32,1.36,1.22,1.20,2.03,1.63,0.92,"",-1,-10.0,-19,-2.5,-29,-3.7,-84,-11.1,-542530,-12.7,-182992,-12.6,-15802,-38.4,-32,-7.4
"36093","5","45211","77","0","2016","4","","Schenectady County, New York","Private","NAICS12 45211 Department stores","County, NAICS 5-digit -- by ownership sector","All establishment sizes",8,704,787,766,4168858,1058156,21246,426,"",1.50,1.20,1.22,1.18,1.30,1.85,1.53,1.08,"",-2,-20.0,-120,-14.6,-100,-11.3,-129,-14.4,-408944,-8.9,-150529,-12.5,-12882,-37.7,21,5.2
"36093","5","452111","78","0","2016","1","N","Schenectady County, New York","Private","NAICS12 452111 Department stores, except discount","County, NAICS 6-digit -- by ownership sector","All establishment sizes",1,0,0,0,0,0,0,0,"N",0.60,0,0,0,0,0,0,0,"N",-1,-50.0,0,0,0,0,0,0,0,0,0,0,0,0,0,0
"36093","5","452111","78","0","2016","2","N","Schenectady County, New York","Private","NAICS12 452111 Department stores, except discount","County, NAICS 6-digit -- by ownership sector","All establishment sizes",1,0,0,0,0,0,0,0,"N",0.60,0,0,0,0,0,0,0,"N",-1,-50.0,0,0,0,0,0,0,0,0,0,0,0,0,0,0
"36093","5","452111","78","0","2016","3","N","Schenectady County, New York","Private","NAICS12 452111 Department stores, except discount","County, NAICS 6-digit -- by ownership sector","All establishment sizes",1,0,0,0,0,0,0,0,"N",0.60,0,0,0,0,0,0,0,"N",0,0.0,0,0,0,0,0,0,0,0,0,0,0,0,0,0
"36093","5","452111","78","0","2016","4","-","Schenectady County, New York","Private","NAICS12 452111 Department stores, except discount","County, NAICS 6-digit -- by ownership sector","All establishment sizes",0,0,0,0,0,0,0,0,"N",0.00,0,0,0,0,0,0,0,"N",-1,-100.0,0,0,0,0,0,0,0,0,0,0,0,0,0,0
"36093","5","452112","78","0","2016","1","N","Schenectady County, New York","Private","NAICS12 452112 Discount department stores","County, NAICS 6-digit -- by ownership sector","All establishment sizes",8,0,0,0,0,0,0,0,"N",2.18,0,0,0,0,0,0,0,"N",-1,-11.1,0,0,0,0,0,0,0,0,0,0,0,0,0,0
"36093","5","452112","78","0","2016","2","N","Schenectady County, New York","Private","NAICS12 452112 Discount department stores","County, NAICS 6-digit -- by ownership sector","All establishment sizes",8,0,0,0,0,0,0,0,"N",2.16,0,0,0,0,0,0,0,"N",-1,-11.1,0,0,0,0,0,0,0,0,0,0,0,0,0,0
"36093","5","452112","78","0","2016","3","N","Schenectady County, New York","Private","NAICS12 452112 Discount department stores","County, NAICS 6-digit -- by ownership sector","All establishment sizes",8,0,0,0,0,0,0,0,"N",2.15,0,0,0,0,0,0,0,"N",-1,-11.1,0,0,0,0,0,0,0,0,0,0,0,0,0,0
"36093","5","452112","78","0","2016","4","","Schenectady County, New York","Private","NAICS12 452112 Discount department stores","County, NAICS 6-digit -- by ownership sector","All establishment sizes",8,704,787,766,4168858,1058156,21246,426,"",2.16,1.88,1.90,1.86,2.19,2.80,2.52,1.16,"N",-1,-11.1,0,0,0,0,0,0,0,0,0,0,0,0,0,0
"36093","5","4529","76","0","2016","1","","Schenectady County, New York","Private","NAICS12 4529 Other general merchandise stores","County, NAICS 4-digit -- by ownership sector","All establishment sizes",19,641,632,629,3446773,2976819,74145,418,"",1.15,0.78,0.78,0.77,0.73,0.87,1.18,0.94,"",2,11.8,32,5.3,49,8.4,20,3.3,143488,4.3,124864,4.4,-21338,-22.3,-5,-1.2
"36093","5","4529","76","0","2016","2","","Schenectady County, New York","Private","NAICS12 4529 Other general merchandise stores","County, NAICS 4-digit -- by ownership sector","All establishment sizes",20,648,630,651,3837774,2154586,54665,459,"",1.21,0.78,0.75,0.76,0.65,1.31,1.52,0.85,"",3,17.6,46,7.6,-6,-0.9,0,0.0,514728,15.5,238995,12.5,-10096,-15.6,53,13.1
"36093","5","4529","76","0","2016","3","","Schenectady County, New York","Private","NAICS12 4529 Other general merchandise stores","County, NAICS 4-digit -- by ownership sector","All establishment sizes",20,646,653,655,3529642,1073428,29043,417,"",1.20,0.79,0.79,0.79,0.69,1.18,1.52,0.87,"",3,17.6,28,4.5,39,6.4,30,4.8,-46949,-1.3,-20408,-1.9,-8638,-22.9,-27,-6.1
"36093","5","4529","76","0","2016","4","","Schenectady County, New York","Private","NAICS12 4529 Other general merchandise stores","County, NAICS 4-digit -- by ownership sector","All establishment sizes",20,663,717,690,3881237,884073,23678,433,"",1.19,0.77,0.80,0.79,0.72,1.14,1.41,0.92,"",2,11.1,15,2.3,32,4.7,26,3.9,67043,1.8,-5454,-0.6,-7950,-25.1,-8,-1.8
"36093","5","45291","77","0","2016","1","N","Schenectady County, New York","Private","NAICS12 45291 Warehouse clubs and supercenters","County, NAICS 5-digit -- by ownership sector","All establishment sizes",2,0,0,0,0,0,0,0,"N",0.93,0,0,0,0,0,0,0,"N",0,0.0,0,0,0,0,0,0,0,0,0,0,0,0,0,0
"36093","5","45291","77","0","2016","2","N","Schenectady County, New York","Private","NAICS12 45291 Warehouse clubs and supercenters","County, NAICS 5-digit -- by ownership sector","All establishment sizes",2,0,0,0,0,0,0,0,"N",0.92,0,0,0,0,0,0,0,"N",0,0.0,0,0,0,0,0,0,0,0,0,0,0,0,0,0
"36093","5","45291","77","0","2016","3","N","Schenectady County, New York","Private","NAICS12 45291 Warehouse clubs and supercenters","County, NAICS 5-digit -- by ownership sector","All establishment sizes",2,0,0,0,0,0,0,0,"N",0.93,0,0,0,0,0,0,0,"N",0,0.0,0,0,0,0,0,0,0,0,0,0,0,0,0,0
"36093","5","45291","77","0","2016","4","N","Schenectady County, New York","Private","NAICS12 45291 Warehouse clubs and supercenters","County, NAICS 5-digit -- by ownership sector","All establishment sizes",2,0,0,0,0,0,0,0,"N",0.93,0,0,0,0,0,0,0,"N",0,0.0,0,0,0,0,0,0,0,0,0,0,0,0,0,0
"36093","5","452910","78","0","2016","1","N","Schenectady County, New York","Private","NAICS12 452910 Warehouse clubs and supercenters","County, NAICS 6-digit -- by ownership sector","All establishment sizes",2,0,0,0,0,0,0,0,"N",0.93,0,0,0,0,0,0,0,"N",0,0.0,0,0,0,0,0,0,0,0,0,0,0,0,0,0
"36093","5","452910","78","0","2016","2","N","Schenectady County, New York","Private","NAICS12 452910 Warehouse clubs and supercenters","County, NAICS 6-digit -- by ownership sector","All establishment sizes",2,0,0,0,0,0,0,0,"N",0.92,0,0,0,0,0,0,0,"N",0,0.0,0,0,0,0,0,0,0,0,0,0,0,0,0,0
"36093","5","452910","78","0","2016","3","N","Schenectady County, New York","Private","NAICS12 452910 Warehouse clubs and supercenters","County, NAICS 6-digit -- by ownership sector","All establishment sizes",2,0,0,0,0,0,0,0,"N",0.93,0,0,0,0,0,0,0,"N",0,0.0,0,0,0,0,0,0,0,0,0,0,0,0,0,0
"36093","5","452910","78","0","2016","4","N","Schenectady County, New York","Private","NAICS12 452910 Warehouse clubs and supercenters","County, NAICS 6-digit -- by ownership sector","All establishment sizes",2,0,0,0,0,0,0,0,"N",0.93,0,0,0,0,0,0,0,"N",0,0.0,0,0,0,0,0,0,0,0,0,0,0,0,0,0
"36093","5","45299","77","0","2016","1","N","Schenectady County, New York","Private","NAICS12 45299 All other general merchandise stores","County, NAICS 5-digit -- by ownership sector","All establishment sizes",17,0,0,0,0,0,0,0,"N",1.19,0,0,0,0,0,0,0,"N",2,13.3,0,0,0,0,0,0,0,0,0,0,0,0,0,0
"36093","5","45299","77","0","2016","2","N","Schenectady County, New York","Private","NAICS12 45299 All other general merchandise stores","County, NAICS 5-digit -- by ownership sector","All establishment sizes",18,0,0,0,0,0,0,0,"N",1.25,0,0,0,0,0,0,0,"N",3,20.0,0,0,0,0,0,0,0,0,0,0,0,0,0,0
"36093","5","45299","77","0","2016","3","N","Schenectady County, New York","Private","NAICS12 45299 All other general merchandise stores","County, NAICS 5-digit -- by ownership sector","All establishment sizes",18,0,0,0,0,0,0,0,"N",1.24,0,0,0,0,0,0,0,"N",3,20.0,0,0,0,0,0,0,0,0,0,0,0,0,0,0
"36093","5","45299","77","0","2016","4","N","Schenectady County, New York","Private","NAICS12 45299 All other general merchandise stores","County, NAICS 5-digit -- by ownership sector","All establishment sizes",18,0,0,0,0,0,0,0,"N",1.23,0,0,0,0,0,0,0,"N",2,12.5,0,0,0,0,0,0,0,0,0,0,0,0,0,0
"36093","5","452990","78","0","2016","1","N","Schenectady County, New York","Private","NAICS12 452990 All other general merchandise stores","County, NAICS 6-digit -- by ownership sector","All establishment sizes",17,0,0,0,0,0,0,0,"N",1.19,0,0,0,0,0,0,0,"N",2,13.3,0,0,0,0,0,0,0,0,0,0,0,0,0,0
"36093","5","452990","78","0","2016","2","N","Schenectady County, New York","Private","NAICS12 452990 All other general merchandise stores","County, NAICS 6-digit -- by ownership sector","All establishment sizes",18,0,0,0,0,0,0,0,"N",1.25,0,0,0,0,0,0,0,"N",3,20.0,0,0,0,0,0,0,0,0,0,0,0,0,0,0
"36093","5","452990","78","0","2016","3","N","Schenectady County, New York","Private","NAICS12 452990 All other general merchandise stores","County, NAICS 6-digit -- by ownership sector","All establishment sizes",18,0,0,0,0,0,0,0,"N",1.24,0,0,0,0,0,0,0,"N",3,20.0,0,0,0,0,0,0,0,0,0,0,0,0,0,0
"36093","5","452990","78","0","2016","4","N","Schenectady County, New York","Private","NAICS12 452990 All other general merchandise stores","County, NAICS 6-digit -- by ownership sector","All establishment sizes",18,0,0,0,0,0,0,0,"N",1.23,0,0,0,0,0,0,0,"N",2,12.5,0,0,0,0,0,0,0,0,0,0,0,0,0,0
"36093","5","453","75","0","2016","1","","Schenectady County, New York","Private","NAICS 453 Miscellaneous store retailers","County, NAICS 3-digit -- by ownership sector","All establishment sizes",37,248,247,243,1242242,1111074,30015,388,"",0.93,0.69,0.68,0.68,0.58,0.80,0.81,0.84,"",-3,-7.5,-39,-13.6,-32,-11.5,-32,-11.6,-231338,-15.7,-147981,-11.8,-18524,-38.2,-16,-4.0
"36093","5","453","75","0","2016","2","","Schenectady County, New York","Private","NAICS 453 Miscellaneous store retailers","County, NAICS 3-digit -- by ownership sector","All establishment sizes",37,234,251,248,1336840,638290,19900,421,"",0.92,0.64,0.68,0.66,0.51,1.07,1.03,0.78,"",-3,-7.5,-31,-11.7,-30,-10.7,-34,-12.1,-138617,-9.4,-48827,-7.1,-8854,-30.8,10,2.4
"36093","5","453","75","0","2016","3","","Schenectady County, New York","Private","NAICS 453 Miscellaneous store retailers","County, NAICS 3-digit -- by ownership sector","All establishment sizes",35,243,236,231,1394659,378453,12750,453,"",0.87,0.68,0.66,0.64,0.56,0.95,1.02,0.86,"",-4,-10.3,-41,-14.4,-44,-15.7,-44,-16.0,-115005,-7.6,-21441,-5.4,-3562,-21.8,38,9.2
"36093","5","453","75","0","2016","4","","Schenectady County, New York","Private","NAICS 453 Miscellaneous store retailers","County, NAICS 3-digit -- by ownership sector","All establishment sizes",34,240,251,261,1358391,299111,7645,417,"",0.85,0.63,0.66,0.70,0.55,0.94,0.83,0.83,"",-4,-10.5,-28,-10.4,-30,-10.7,-21,-7.4,-159754,-10.5,-24127,-7.5,-3276,-30.0,-5,-1.2
"36093","5","4531","76","0","2016","1","","Schenectady County, New York","Private","NAICS 4531 Florists","County, NAICS 4-digit -- by ownership sector","All establishment sizes",6,38,49,43,285116,263577,6925,506,"",1.28,1.45,1.69,1.61,2.29,2.64,3.17,1.44,"",-1,-14.3,-12,-24.0,-7,-12.5,-10,-18.9,-21843,-7.1,-20254,-7.1,-1306,-15.9,60,13.5
"36093","5","4531","76","0","2016","2","","Schenectady County, New York","Private","NAICS 4531 Florists","County, NAICS 4-digit -- by ownership sector","All establishment sizes",7,41,45,50,288729,140778,3370,490,"",1.49,1.49,1.53,1.78,1.82,2.82,2.46,1.14,"",1,16.7,-5,-10.9,0,0.0,3,6.4,-22647,-7.3,-17639,-11.1,-1909,-36.2,-31,-6.0
"36093","5","4531","76","0","2016","3","","Schenectady County, New York","Private","NAICS 4531 Florists","County, NAICS 4-digit -- by ownership sector","All establishment sizes",7,44,43,41,286946,48363,1147,517,"",1.50,1.72,1.70,1.59,2.12,1.79,1.63,1.27,"",1,16.7,1,2.3,2,4.9,-3,-6.8,-9629,-3.2,2631,5.8,-292,-20.3,-18,-3.4
"36093","5","4531","76","0","2016","4","N","Schenectady County, New York","Private","NAICS 4531 Florists","County, NAICS 4-digit -- by ownership sector","All establishment sizes",7,0,0,0,0,0,0,0,"N",1.50,0,0,0,0,0,0,0,"N",1,16.7,0,0,0,0,0,0,0,0,0,0,0,0,0,0
"36093","5","45311","77","0","2016","1","","Schenectady County, New York","Private","NAICS 45311 Florists","County, NAICS 5-digit -- by ownership sector","All establishment sizes",6,38,49,43,285116,263577,6925,506,"",1.28,1.45,1.69,1.61,2.29,2.64,3.17,1.44,"",-1,-14.3,-12,-24.0,-7,-12.5,-10,-18.9,-21843,-7.1,-20254,-7.1,-1306,-15.9,60,13.5
"36093","5","45311","77","0","2016","2","","Schenectady County, New York","Private","NAICS 45311 Florists","County, NAICS 5-digit -- by ownership sector","All establishment sizes",7,41,45,50,288729,140778,3370,490,"",1.49,1.49,1.53,1.78,1.82,2.82,2.46,1.14,"",1,16.7,-5,-10.9,0,0.0,3,6.4,-22647,-7.3,-17639,-11.1,-1909,-36.2,-31,-6.0
"36093","5","45311","77","0","2016","3","","Schenectady County, New York","Private","NAICS 45311 Florists","County, NAICS 5-digit -- by ownership sector","All establishment sizes",7,44,43,41,286946,48363,1147,517,"",1.50,1.72,1.70,1.59,2.12,1.79,1.63,1.27,"",1,16.7,1,2.3,2,4.9,-3,-6.8,-9629,-3.2,2631,5.8,-292,-20.3,-18,-3.4
"36093","5","45311","77","0","2016","4","N","Schenectady County, New York","Private","NAICS 45311 Florists","County, NAICS 5-digit -- by ownership sector","All establishment sizes",7,0,0,0,0,0,0,0,"N",1.50,0,0,0,0,0,0,0,"N",1,16.7,0,0,0,0,0,0,0,0,0,0,0,0,0,0
"36093","5","453110","78","0","2016","1","","Schenectady County, New York","Private","NAICS 453110 Florists","County, NAICS 6-digit -- by ownership sector","All establishment sizes",6,38,49,43,285116,263577,6925,506,"",1.28,1.45,1.69,1.61,2.29,2.64,3.17,1.44,"",-1,-14.3,-12,-24.0,-7,-12.5,-10,-18.9,-21843,-7.1,-20254,-7.1,-1306,-15.9,60,13.5
"36093","5","453110","78","0","2016","2","","Schenectady County, New York","Private","NAICS 453110 Florists","County, NAICS 6-digit -- by ownership sector","All establishment sizes",7,41,45,50,288729,140778,3370,490,"",1.49,1.49,1.53,1.78,1.82,2.82,2.46,1.14,"",1,16.7,-5,-10.9,0,0.0,3,6.4,-22647,-7.3,-17639,-11.1,-1909,-36.2,-31,-6.0
"36093","5","453110","78","0","2016","3","","Schenectady County, New York","Private","NAICS 453110 Florists","County, NAICS 6-digit -- by ownership sector","All establishment sizes",7,44,43,41,286946,48363,1147,517,"",1.50,1.72,1.70,1.59,2.12,1.79,1.63,1.27,"",1,16.7,1,2.3,2,4.9,-3,-6.8,-9629,-3.2,2631,5.8,-292,-20.3,-18,-3.4
"36093","5","453110","78","0","2016","4","N","Schenectady County, New York","Private","NAICS 453110 Florists","County, NAICS 6-digit -- by ownership sector","All establishment sizes",7,0,0,0,0,0,0,0,"N",1.50,0,0,0,0,0,0,0,"N",1,16.7,0,0,0,0,0,0,0,0,0,0,0,0,0,0
"36093","5","4532","76","0","2016","1","","Schenectady County, New York","Private","NAICS 4532 Office supplies, stationery, and gift stores","County, NAICS 4-digit -- by ownership sector","All establishment sizes",12,83,64,67,315164,264985,6591,340,"",1.14,0.70,0.55,0.58,0.44,0.57,0.50,0.73,"",-2,-14.3,-39,-32.0,-48,-42.9,-42,-38.5,-313367,-49.9,-241467,-47.7,-14789,-69.2,-83,-19.6
"36093","5","4532","76","0","2016","2","","Schenectady County, New York","Private","NAICS 4532 Office supplies, stationery, and gift stores","County, NAICS 4-digit -- by ownership sector","All establishment sizes",11,61,62,57,291583,102009,2760,374,"",1.05,0.53,0.53,0.48,0.36,0.56,0.48,0.71,"",-3,-21.4,-41,-40.2,-46,-42.6,-46,-44.7,-232258,-44.3,-61515,-37.6,-3396,-55.2,-12,-3.1
"36093","5","4532","76","0","2016","3","","Schenectady County, New York","Private","NAICS 4532 Office supplies, stationery, and gift stores","County, NAICS 4-digit -- by ownership sector","All establishment sizes",9,58,56,55,310218,77789,2185,424,"",0.86,0.50,0.48,0.46,0.39,0.58,0.51,0.81,"",-5,-35.7,-36,-38.3,-35,-38.5,-30,-35.3,-180492,-36.8,-31333,-28.7,-1539,-41.3,5,1.2
"36093","5","4532","76","0","2016","4","","Schenectady County, New York","Private","NAICS 4532 Office supplies, stationery, and gift stores","County, NAICS 4-digit -- by ownership sector","All establishment sizes",9,53,61,65,308259,62321,1760,397,"",0.86,0.41,0.47,0.53,0.39,0.56,0.51,0.83,"",-4,-30.8,-33,-38.4,-23,-27.4,-33,-33.7,-119693,-28.0,-21589,-25.7,-799,-31.2,28,7.6
"36093","5","45321","77","0","2016","1","","Schenectady County, New York","Private","NAICS 45321 Office supplies and stationery stores","County, NAICS 5-digit -- by ownership sector","All establishment sizes",3,28,28,32,174655,128438,3343,458,"",1.00,0.55,0.55,0.63,0.42,0.50,0.43,0.72,"",-2,-40.0,-33,-54.1,-33,-54.1,-29,-47.5,-287569,-62.2,-219933,-63.1,-13224,-79.8,-125,-21.4
"36093","5","45321","77","0","2016","2","N","Schenectady County, New York","Private","NAICS 45321 Office supplies and stationery stores","County, NAICS 5-digit -- by ownership sector","All establishment sizes",2,0,0,0,0,0,0,0,"N",0.67,0,0,0,0,0,0,0,"N",-3,-60.0,0,0,0,0,0,0,0,0,0,0,0,0,0,0
"36093","5","45321","77","0","2016","3","N","Schenectady County, New York","Private","NAICS 45321 Office supplies and stationery stores","County, NAICS 5-digit -- by ownership sector","All establishment sizes",2,0,0,0,0,0,0,0,"N",0.68,0,0,0,0,0,0,0,"N",-3,-60.0,0,0,0,0,0,0,0,0,0,0,0,0,0,0
"36093","5","45321","77","0","2016","4","N","Schenectady County, New York","Private","NAICS 45321 Office supplies and stationery stores","County, NAICS 5-digit -- by ownership sector","All establishment sizes",2,0,0,0,0,0,0,0,"N",0.68,0,0,0,0,0,0,0,"N",-2,-50.0,0,0,0,0,0,0,0,0,0,0,0,0,0,0
"36093","5","453210","78","0","2016","1","","Schenectady County, New York","Private","NAICS 453210 Office supplies and stationery stores","County, NAICS 6-digit -- by ownership sector","All establishment sizes",3,28,28,32,174655,128438,3343,458,"",1.00,0.55,0.55,0.63,0.42,0.50,0.43,0.72,"",-2,-40.0,-33,-54.1,-33,-54.1,-29,-47.5,-287569,-62.2,-219933,-63.1,-13224,-79.8,-125,-21.4
"36093","5","453210","78","0","2016","2","N","Schenectady County, New York","Private","NAICS 453210 Office supplies and stationery stores","County, NAICS 6-digit -- by ownership sector","All establishment sizes",2,0,0,0,0,0,0,0,"N",0.67,0,0,0,0,0,0,0,"N",-3,-60.0,0,0,0,0,0,0,0,0,0,0,0,0,0,0
"36093","5","453210","78","0","2016","3","N","Schenectady County, New York","Private","NAICS 453210 Office supplies and stationery stores","County, NAICS 6-digit -- by ownership sector","All establishment sizes",2,0,0,0,0,0,0,0,"N",0.68,0,0,0,0,0,0,0,"N",-3,-60.0,0,0,0,0,0,0,0,0,0,0,0,0,0,0
"36093","5","453210","78","0","2016","4","N","Schenectady County, New York","Private","NAICS 453210 Office supplies and stationery stores","County, NAICS 6-digit -- by ownership sector","All establishment sizes",2,0,0,0,0,0,0,0,"N",0.68,0,0,0,0,0,0,0,"N",-2,-50.0,0,0,0,0,0,0,0,0,0,0,0,0,0,0
"36093","5","45322","77","0","2016","1","","Schenectady County, New York","Private","NAICS 45322 Gift, novelty, and souvenir stores","County, NAICS 5-digit -- by ownership sector","All establishment sizes",9,55,36,35,140509,136547,3248,257,"",1.19,0.82,0.54,0.54,0.48,0.64,0.62,0.76,"",0,0.0,-6,-9.8,-15,-29.4,-13,-27.1,-25798,-15.5,-21534,-13.6,-1565,-32.5,17,7.1
"36093","5","45322","77","0","2016","2","N","Schenectady County, New York","Private","NAICS 45322 Gift, novelty, and souvenir stores","County, NAICS 5-digit -- by ownership sector","All establishment sizes",9,0,0,0,0,0,0,0,"N",1.20,0,0,0,0,0,0,0,"N",0,0.0,0,0,0,0,0,0,0,0,0,0,0,0,0,0
"36093","5","45322","77","0","2016","3","N","Schenectady County, New York","Private","NAICS 45322 Gift, novelty, and souvenir stores","County, NAICS 5-digit -- by ownership sector","All establishment sizes",7,0,0,0,0,0,0,0,"N",0.93,0,0,0,0,0,0,0,"N",-2,-22.2,0,0,0,0,0,0,0,0,0,0,0,0,0,0
"36093","5","45322","77","0","2016","4","N","Schenectady County, New York","Private","NAICS 45322 Gift, novelty, and souvenir stores","County, NAICS 5-digit -- by ownership sector","All establishment sizes",7,0,0,0,0,0,0,0,"N",0.94,0,0,0,0,0,0,0,"N",-2,-22.2,0,0,0,0,0,0,0,0,0,0,0,0,0,0
"36093","5","453220","78","0","2016","1","","Schenectady County, New York","Private","NAICS 453220 Gift, novelty, and souvenir stores","County, NAICS 6-digit -- by ownership sector","All establishment sizes",9,55,36,35,140509,136547,3248,257,"",1.19,0.82,0.54,0.54,0.48,0.64,0.62,0.76,"",0,0.0,-6,-9.8,-15,-29.4,-13,-27.1,-25798,-15.5,-21534,-13.6,-1565,-32.5,17,7.1
"36093","5","453220","78","0","2016","2","N","Schenectady County, New York","Private","NAICS 453220 Gift, novelty, and souvenir stores","County, NAICS 6-digit -- by ownership sector","All establishment sizes",9,0,0,0,0,0,0,0,"N",1.20,0,0,0,0,0,0,0,"N",0,0.0,0,0,0,0,0,0,0,0,0,0,0,0,0,0
"36093","5","453220","78","0","2016","3","N","Schenectady County, New York","Private","NAICS 453220 Gift, novelty, and souvenir stores","County, NAICS 6-digit -- by ownership sector","All establishment sizes",7,0,0,0,0,0,0,0,"N",0.93,0,0,0,0,0,0,0,"N",-2,-22.2,0,0,0,0,0,0,0,0,0,0,0,0,0,0
"36093","5","453220","78","0","2016","4","N","Schenectady County, New York","Private","NAICS 453220 Gift, novelty, and souvenir stores","County, NAICS 6-digit -- by ownership sector","All establishment sizes",7,0,0,0,0,0,0,0,"N",0.94,0,0,0,0,0,0,0,"N",-2,-22.2,0,0,0,0,0,0,0,0,0,0,0,0,0,0
"36093","5","4533","76","0","2016","1","","Schenectady County, New York","Private","NAICS 4533 Used merchandise stores","County, NAICS 4-digit -- by ownership sector","All establishment sizes",4,13,13,12,41869,14465,246,254,"",0.62,0.17,0.17,0.16,0.12,0.08,0.05,0.71,"",0,0.0,0,0.0,1,8.3,0,0.0,3478,9.1,4983,52.6,47,23.6,15,6.3
"36093","5","4533","76","0","2016","2","","Schenectady County, New York","Private","NAICS 4533 Used merchandise stores","County, NAICS 4-digit -- by ownership sector","All establishment sizes",4,11,11,11,37345,11210,191,261,"",0.62,0.14,0.14,0.14,0.09,0.12,0.07,0.61,"",0,0.0,-1,-8.3,0,0.0,-2,-15.4,4405,13.4,2801,33.3,14,7.9,50,23.7
"36093","5","4533","76","0","2016","3","","Schenectady County, New York","Private","NAICS 4533 Used merchandise stores","County, NAICS 4-digit -- by ownership sector","All establishment sizes",4,13,10,9,42948,4025,68,310,"",0.62,0.17,0.13,0.12,0.10,0.06,0.04,0.73,"",0,0.0,1,8.3,-2,-16.7,-4,-30.8,1883,4.6,432,12.0,-7,-9.3,54,21.1
"36093","5","4533","76","0","2016","4","N","Schenectady County, New York","Private","NAICS 4533 Used merchandise stores","County, NAICS 4-digit -- by ownership sector","All establishment sizes",3,0,0,0,0,0,0,0,"N",0.47,0,0,0,0,0,0,0,"N",-1,-25.0,0,0,0,0,0,0,0,0,0,0,0,0,0,0
"36093","5","45331","77","0","2016","1","","Schenectady County, New York","Private","NAICS 45331 Used merchandise stores","County, NAICS 5-digit -- by ownership sector","All establishment sizes",4,13,13,12,41869,14465,246,254,"",0.62,0.17,0.17,0.16,0.12,0.08,0.05,0.71,"",0,0.0,0,0.0,1,8.3,0,0.0,3478,9.1,4983,52.6,47,23.6,15,6.3
"36093","5","45331","77","0","2016","2","","Schenectady County, New York","Private","NAICS 45331 Used merchandise stores","County, NAICS 5-digit -- by ownership sector","All establishment sizes",4,11,11,11,37345,11210,191,261,"",0.62,0.14,0.14,0.14,0.09,0.12,0.07,0.61,"",0,0.0,-1,-8.3,0,0.0,-2,-15.4,4405,13.4,2801,33.3,14,7.9,50,23.7
"36093","5","45331","77","0","2016","3","","Schenectady County, New York","Private","NAICS 45331 Used merchandise stores","County, NAICS 5-digit -- by ownership sector","All establishment sizes",4,13,10,9,42948,4025,68,310,"",0.62,0.17,0.13,0.12,0.10,0.06,0.04,0.73,"",0,0.0,1,8.3,-2,-16.7,-4,-30.8,1883,4.6,432,12.0,-7,-9.3,54,21.1
"36093","5","45331","77","0","2016","4","N","Schenectady County, New York","Private","NAICS 45331 Used merchandise stores","County, NAICS 5-digit -- by ownership sector","All establishment sizes",3,0,0,0,0,0,0,0,"N",0.47,0,0,0,0,0,0,0,"N",-1,-25.0,0,0,0,0,0,0,0,0,0,0,0,0,0,0
"36093","5","453310","78","0","2016","1","","Schenectady County, New York","Private","NAICS 453310 Used merchandise stores","County, NAICS 6-digit -- by ownership sector","All establishment sizes",4,13,13,12,41869,14465,246,254,"",0.62,0.17,0.17,0.16,0.12,0.08,0.05,0.71,"",0,0.0,0,0.0,1,8.3,0,0.0,3478,9.1,4983,52.6,47,23.6,15,6.3
"36093","5","453310","78","0","2016","2","","Schenectady County, New York","Private","NAICS 453310 Used merchandise stores","County, NAICS 6-digit -- by ownership sector","All establishment sizes",4,11,11,11,37345,11210,191,261,"",0.62,0.14,0.14,0.14,0.09,0.12,0.07,0.61,"",0,0.0,-1,-8.3,0,0.0,-2,-15.4,4405,13.4,2801,33.3,14,7.9,50,23.7
"36093","5","453310","78","0","2016","3","","Schenectady County, New York","Private","NAICS 453310 Used merchandise stores","County, NAICS 6-digit -- by ownership sector","All establishment sizes",4,13,10,9,42948,4025,68,310,"",0.62,0.17,0.13,0.12,0.10,0.06,0.04,0.73,"",0,0.0,1,8.3,-2,-16.7,-4,-30.8,1883,4.6,432,12.0,-7,-9.3,54,21.1
"36093","5","453310","78","0","2016","4","N","Schenectady County, New York","Private","NAICS 453310 Used merchandise stores","County, NAICS 6-digit -- by ownership sector","All establishment sizes",3,0,0,0,0,0,0,0,"N",0.47,0,0,0,0,0,0,0,"N",-1,-25.0,0,0,0,0,0,0,0,0,0,0,0,0,0,0
"36093","5","4539","76","0","2016","1","","Schenectady County, New York","Private","NAICS 4539 Other miscellaneous store retailers","County, NAICS 4-digit -- by ownership sector","All establishment sizes",15,114,121,121,600093,568047,16253,389,"",0.82,0.82,0.87,0.87,0.62,0.91,0.95,0.73,"",0,0.0,12,11.8,22,22.2,20,19.8,100394,20.1,108757,23.7,-2476,-13.2,7,1.8
"36093","5","4539","76","0","2016","2","","Schenectady County, New York","Private","NAICS 4539 Other miscellaneous store retailers","County, NAICS 4-digit -- by ownership sector","All establishment sizes",15,121,133,130,719183,384293,13579,432,"",0.81,0.84,0.92,0.87,0.60,1.41,1.43,0.68,"",-1,-6.2,16,15.2,16,13.7,11,9.2,111883,18.4,27526,7.7,-3563,-20.8,21,5.1
"36093","5","4539","76","0","2016","3","","Schenectady County, New York","Private","NAICS 4539 Other miscellaneous store retailers","County, NAICS 4-digit -- by ownership sector","All establishment sizes",15,128,127,126,754547,248276,9350,457,"",0.81,0.89,0.90,0.89,0.67,1.42,1.62,0.75,"",0,0.0,-7,-5.2,-9,-6.6,-7,-5.3,73233,10.7,6829,2.8,-1724,-15.6,68,17.5
"36093","5","4539","76","0","2016","4","","Schenectady County, New York","Private","NAICS 4539 Other miscellaneous store retailers","County, NAICS 4-digit -- by ownership sector","All establishment sizes",15,131,132,131,680656,173473,4244,399,"",0.80,0.90,0.91,0.91,0.60,1.30,1.08,0.67,"",0,0.0,6,4.8,-6,-4.3,3,2.3,-32980,-4.6,-25140,-12.7,-2952,-41.0,-22,-5.2
"36093","5","45391","77","0","2016","1","","Schenectady County, New York","Private","NAICS 45391 Pet and pet supplies stores","County, NAICS 5-digit -- by ownership sector","All establishment sizes",7,79,87,87,402821,381451,7652,367,"",2.14,1.55,1.70,1.70,1.55,1.98,1.73,0.94,"",1,16.7,12,17.9,22,33.8,21,31.8,61913,18.2,72478,23.5,-1740,-18.5,-30,-7.6
"36093","5","45391","77","0","2016","2","","Schenectady County, New York","Private","NAICS 45391 Pet and pet supplies stores","County, NAICS 5-digit -- by ownership sector","All establishment sizes",7,87,89,86,451884,226232,4543,398,"",2.12,1.69,1.74,1.66,1.30,2.40,1.75,0.76,"",0,0.0,19,27.9,23,34.8,20,30.3,96193,27.0,15791,7.5,-1921,-29.7,-12,-2.9
"36093","5","45391","77","0","2016","3","","Schenectady County, New York","Private","NAICS 45391 Pet and pet supplies stores","County, NAICS 5-digit -- by ownership sector","All establishment sizes",6,83,82,81,449472,148094,2991,422,"",1.81,1.67,1.64,1.61,1.46,2.51,1.95,0.89,"",-1,-14.3,-4,-4.6,-5,-5.7,-3,-3.6,26719,6.3,5339,3.7,-1389,-31.7,44,11.6
"36093","5","45391","77","0","2016","4","","Schenectady County, New York","Private","NAICS 45391 Pet and pet supplies stores","County, NAICS 5-digit -- by ownership sector","All establishment sizes",6,83,88,88,455199,121782,2435,406,"",1.79,1.61,1.68,1.68,1.54,2.60,2.04,0.93,"",-1,-14.3,-1,-1.2,-6,-6.4,2,2.3,8152,1.8,-19937,-14.1,-1962,-44.6,15,3.8
"36093","5","453910","78","0","2016","1","","Schenectady County, New York","Private","NAICS 453910 Pet and pet supplies stores","County, NAICS 6-digit -- by ownership sector","All establishment sizes",7,79,87,87,402821,381451,7652,367,"",2.14,1.55,1.70,1.70,1.55,1.98,1.73,0.94,"",1,16.7,12,17.9,22,33.8,21,31.8,61913,18.2,72478,23.5,-1740,-18.5,-30,-7.6
"36093","5","453910","78","0","2016","2","","Schenectady County, New York","Private","NAICS 453910 Pet and pet supplies stores","County, NAICS 6-digit -- by ownership sector","All establishment sizes",7,87,89,86,451884,226232,4543,398,"",2.12,1.69,1.74,1.66,1.30,2.40,1.75,0.76,"",0,0.0,19,27.9,23,34.8,20,30.3,96193,27.0,15791,7.5,-1921,-29.7,-12,-2.9
"36093","5","453910","78","0","2016","3","","Schenectady County, New York","Private","NAICS 453910 Pet and pet supplies stores","County, NAICS 6-digit -- by ownership sector","All establishment sizes",6,83,82,81,449472,148094,2991,422,"",1.81,1.67,1.64,1.61,1.46,2.51,1.95,0.89,"",-1,-14.3,-4,-4.6,-5,-5.7,-3,-3.6,26719,6.3,5339,3.7,-1389,-31.7,44,11.6
"36093","5","453910","78","0","2016","4","","Schenectady County, New York","Private","NAICS 453910 Pet and pet supplies stores","County, NAICS 6-digit -- by ownership sector","All establishment sizes",6,83,88,88,455199,121782,2435,406,"",1.79,1.61,1.68,1.68,1.54,2.60,2.04,0.93,"",-1,-14.3,-1,-1.2,-6,-6.4,2,2.3,8152,1.8,-19937,-14.1,-1962,-44.6,15,3.8
"36093","5","45399","77","0","2016","1","","Schenectady County, New York","Private","NAICS 45399 All other miscellaneous store retailers","County, NAICS 5-digit -- by ownership sector","All establishment sizes",8,35,34,34,197272,186596,8601,442,"",0.65,0.47,0.46,0.45,0.36,0.53,0.85,0.78,"",-1,-11.1,0,0.0,0,0.0,-1,-2.9,38481,24.2,36279,24.1,-736,-7.9,90,25.6
"36093","5","45399","77","0","2016","2","","Schenectady County, New York","Private","NAICS 45399 All other miscellaneous store retailers","County, NAICS 5-digit -- by ownership sector","All establishment sizes",8,34,44,44,267299,158061,9036,506,"",0.64,0.43,0.55,0.53,0.39,1.03,1.52,0.78,"",-1,-11.1,-3,-8.1,-7,-13.7,-9,-17.0,15690,6.2,11735,8.0,-1642,-15.4,94,22.8
"36093","5","45399","77","0","2016","3","","Schenectady County, New York","Private","NAICS 45399 All other miscellaneous store retailers","County, NAICS 5-digit -- by ownership sector","All establishment sizes",9,45,45,45,305075,100182,6359,521,"",0.71,0.56,0.57,0.58,0.47,1.00,1.74,0.82,"",1,12.5,-3,-6.2,-4,-8.2,-4,-8.2,46514,18.0,1490,1.5,-335,-5.0,112,27.4
"36093","5","45399","77","0","2016","4","","Schenectady County, New York","Private","NAICS 45399 All other miscellaneous store retailers","County, NAICS 5-digit -- by ownership sector","All establishment sizes",9,48,44,43,225457,51691,1809,385,"",0.71,0.60,0.55,0.54,0.36,0.69,0.77,0.63,"",1,12.5,7,17.1,0,0.0,1,2.4,-41132,-15.4,-5203,-9.1,-990,-35.4,-99,-20.5
"36093","5","453991","78","0","2016","1","","Schenectady County, New York","Private","NAICS 453991 Tobacco stores","County, NAICS 6-digit -- by ownership sector","All establishment sizes",3,11,10,9,40466,40286,876,311,"",0.86,0.63,0.57,0.51,0.46,0.59,0.50,0.80,"",-1,-25.0,1,10.0,0,0.0,0,0.0,12110,42.7,11930,42.1,-236,-21.2,85,37.6
"36093","5","453991","78","0","2016","2","","Schenectady County, New York","Private","NAICS 453991 Tobacco stores","County, NAICS 6-digit -- by ownership sector","All establishment sizes",3,8,8,8,40431,36074,774,389,"",0.85,0.45,0.45,0.45,0.39,1.10,0.76,0.87,"",-1,-25.0,-1,-11.1,-4,-33.3,-4,-33.3,9741,31.7,7789,27.5,-384,-33.2,174,80.9
"36093","5","453991","78","0","2016","3","","Schenectady County, New York","Private","NAICS 453991 Tobacco stores","County, NAICS 6-digit -- by ownership sector","All establishment sizes",4,9,9,11,46329,22567,546,369,"",1.11,0.53,0.53,0.64,0.47,1.05,0.85,0.83,"",1,33.3,-2,-18.2,-2,-18.2,0,0.0,9450,25.6,-3054,-11.9,-505,-48.0,111,43.0
"36093","5","453991","78","0","2016","4","","Schenectady County, New York","Private","NAICS 453991 Tobacco stores","County, NAICS 6-digit -- by ownership sector","All establishment sizes",4,11,11,10,52174,17881,539,376,"",1.11,0.63,0.63,0.58,0.54,1.05,1.09,0.87,"",1,33.3,3,37.5,2,22.2,1,11.1,13862,36.2,3280,22.5,-54,-9.1,36,10.6
"36093","5","453998","78","0","2016","1","","Schenectady County, New York","Private","NAICS 453998 Store retailers not specified elsewhere","County, NAICS 6-digit -- by ownership sector","All establishment sizes",5,24,24,25,156806,146310,7725,496,"",0.56,0.42,0.42,0.43,0.34,0.51,0.92,0.80,"",0,0.0,-1,-4.0,0,0.0,-1,-3.8,26371,20.2,24349,20.0,-500,-6.1,95,23.7
"36093","5","453998","78","0","2016","2","","Schenectady County, New York","Private","NAICS 453998 Store retailers not specified elsewhere","County, NAICS 6-digit -- by ownership sector","All establishment sizes",5,26,36,36,226868,121987,8262,534,"",0.56,0.43,0.57,0.55,0.39,1.01,1.68,0.76,"",0,0.0,-2,-7.1,-3,-7.7,-5,-12.2,5949,2.7,3946,3.3,-1258,-13.2,62,13.1
"36093","5","453998","78","0","2016","3","","Schenectady County, New York","Private","NAICS 453998 Store retailers not specified elsewhere","County, NAICS 6-digit -- by ownership sector","All establishment sizes",5,36,36,34,258746,77615,5813,563,"",0.55,0.56,0.59,0.56,0.47,0.99,1.94,0.82,"",0,0.0,-1,-2.7,-2,-5.3,-4,-10.5,37064,16.7,4544,6.2,170,3.0,110,24.3
"36093","5","453998","78","0","2016","4","","Schenectady County, New York","Private","NAICS 453998 Store retailers not specified elsewhere","County, NAICS 6-digit -- by ownership sector","All establishment sizes",5,37,33,33,173283,33810,1270,388,"",0.55,0.59,0.53,0.54,0.33,0.58,0.68,0.59,"",0,0.0,4,12.1,-2,-5.7,0,0.0,-54994,-24.1,-8483,-20.1,-936,-42.4,-134,-25.7
"36093","5","454","75","0","2016","1","","Schenectady County, New York","Private","NAICS 454 Nonstore retailers","County, NAICS 3-digit -- by ownership sector","All establishment sizes",15,82,81,80,911427,689954,31684,866,"",0.91,0.35,0.35,0.35,0.28,0.38,0.59,0.80,"",-2,-11.8,-4,-4.7,-2,-2.4,-5,-5.9,-27647,-2.9,-6881,-1.0,-11288,-26.3,13,1.5
"36093","5","454","75","0","2016","2","","Schenectady County, New York","Private","NAICS 454 Nonstore retailers","County, NAICS 3-digit -- by ownership sector","All establishment sizes",15,82,79,76,901835,184498,8130,878,"",0.90,0.35,0.34,0.32,0.23,0.36,0.51,0.68,"",0,0.0,1,1.2,-3,-3.7,-2,-2.6,-721,-0.1,11733,6.8,-738,-8.3,14,1.6
"36093","5","454","75","0","2016","3","","Schenectady County, New York","Private","NAICS 454 Nonstore retailers","County, NAICS 3-digit -- by ownership sector","All establishment sizes",15,91,93,88,1191816,97991,3391,1011,"",0.89,0.40,0.40,0.37,0.33,0.31,0.38,0.86,"",0,0.0,12,15.2,16,20.8,10,12.8,246206,26.0,30555,45.3,-666,-16.4,78,8.4
"36093","5","454","75","0","2016","4","","Schenectady County, New York","Private","NAICS 454 Nonstore retailers","County, NAICS 3-digit -- by ownership sector","All establishment sizes",15,85,98,95,1216755,119245,5055,1010,"",0.88,0.34,0.38,0.37,0.32,0.43,0.59,0.88,"",1,7.1,6,7.6,16,19.5,17,21.8,99578,8.9,45558,61.8,-131,-2.5,-69,-6.4
"36093","5","4541","76","0","2016","1","","Schenectady County, New York","Private","NAICS 4541 Electronic shopping and mail-order houses","County, NAICS 4-digit -- by ownership sector","All establishment sizes",3,11,8,10,46681,31381,533,371,"",0.35,0.07,0.05,0.06,0.02,0.02,0.02,0.31,"N",-1,-25.0,0,0,0,0,0,0,0,0,0,0,0,0,0,0
"36093","5","4541","76","0","2016","2","","Schenectady County, New York","Private","NAICS 4541 Electronic shopping and mail-order houses","County, NAICS 4-digit -- by ownership sector","All establishment sizes",3,10,5,3,26778,8778,150,343,"",0.34,0.06,0.03,0.02,0.01,0.02,0.01,0.24,"",-1,-25.0,-2,-16.7,-5,-50.0,-4,-57.1,-50934,-65.5,-19785,-69.3,-848,-85.0,-275,-44.5
"36093","5","4541","76","0","2016","3","","Schenectady County, New York","Private","NAICS 4541 Electronic shopping and mail-order houses","County, NAICS 4-digit -- by ownership sector","All establishment sizes",3,7,8,4,27901,6670,114,339,"",0.34,0.04,0.05,0.02,0.01,0.03,0.02,0.26,"",-1,-25.0,-2,-22.2,2,33.3,0,0.0,-20781,-42.7,-873,-11.6,-71,-38.4,-252,-42.6
"36093","5","4541","76","0","2016","4","","Schenectady County, New York","Private","NAICS 4541 Electronic shopping and mail-order houses","County, NAICS 4-digit -- by ownership sector","All establishment sizes",3,1,11,4,28699,4196,71,414,"",0.33,0.01,0.06,0.02,0.01,0.02,0.01,0.33,"",0,0.0,-4,-80.0,1,10.0,-4,-50.0,-11086,-27.9,-1509,-26.5,-49,-40.8,15,3.8
"36093","5","45411","77","0","2016","1","","Schenectady County, New York","Private","NAICS 45411 Electronic shopping and mail-order houses","County, NAICS 5-digit -- by ownership sector","All establishment sizes",3,11,8,10,46681,31381,533,371,"",0.35,0.07,0.05,0.06,0.02,0.02,0.02,0.31,"N",-1,-25.0,0,0,0,0,0,0,0,0,0,0,0,0,0,0
"36093","5","45411","77","0","2016","2","","Schenectady County, New York","Private","NAICS 45411 Electronic shopping and mail-order houses","County, NAICS 5-digit -- by ownership sector","All establishment sizes",3,10,5,3,26778,8778,150,343,"",0.34,0.06,0.03,0.02,0.01,0.02,0.01,0.24,"",-1,-25.0,-2,-16.7,-5,-50.0,-4,-57.1,-50934,-65.5,-19785,-69.3,-848,-85.0,-275,-44.5
"36093","5","45411","77","0","2016","3","","Schenectady County, New York","Private","NAICS 45411 Electronic shopping and mail-order houses","County, NAICS 5-digit -- by ownership sector","All establishment sizes",3,7,8,4,27901,6670,114,339,"",0.34,0.04,0.05,0.02,0.01,0.03,0.02,0.26,"",-1,-25.0,-2,-22.2,2,33.3,0,0.0,-20781,-42.7,-873,-11.6,-71,-38.4,-252,-42.6
"36093","5","45411","77","0","2016","4","","Schenectady County, New York","Private","NAICS 45411 Electronic shopping and mail-order houses","County, NAICS 5-digit -- by ownership sector","All establishment sizes",3,1,11,4,28699,4196,71,414,"",0.33,0.01,0.06,0.02,0.01,0.02,0.01,0.33,"",0,0.0,-4,-80.0,1,10.0,-4,-50.0,-11086,-27.9,-1509,-26.5,-49,-40.8,15,3.8
"36093","5","454113","78","0","2016","1","","Schenectady County, New York","Private","NAICS12 454113 Mail-order houses","County, NAICS 6-digit -- by ownership sector","All establishment sizes",3,11,8,10,46681,31381,533,371,"",2.21,0.19,0.14,0.18,0.07,0.08,0.04,0.39,"",0,0.0,3,37.5,3,60.0,1,11.1,-4274,-8.4,-4574,-12.7,-222,-29.4,-163,-30.5
"36093","5","454113","78","0","2016","2","","Schenectady County, New York","Private","NAICS12 454113 Mail-order houses","County, NAICS 6-digit -- by ownership sector","All establishment sizes",3,10,5,3,26778,8778,150,343,"",2.21,0.18,0.09,0.05,0.03,0.09,0.04,0.32,"N",0,0.0,0,0,0,0,0,0,0,0,0,0,0,0,0,0
"36093","5","454113","78","0","2016","3","","Schenectady County, New York","Private","NAICS12 454113 Mail-order houses","County, NAICS 6-digit -- by ownership sector","All establishment sizes",3,7,8,4,27901,6670,114,339,"",2.22,0.13,0.15,0.07,0.04,0.11,0.05,0.34,"N",0,0.0,0,0,0,0,0,0,0,0,0,0,0,0,0,0
"36093","5","454113","78","0","2016","4","","Schenectady County, New York","Private","NAICS12 454113 Mail-order houses","County, NAICS 6-digit -- by ownership sector","All establishment sizes",3,1,11,4,28699,4196,71,414,"",2.24,0.02,0.18,0.07,0.04,0.08,0.03,0.45,"",0,0.0,-4,-80.0,1,10.0,-4,-50.0,-11086,-27.9,-1509,-26.5,-49,-40.8,15,3.8
"36093","5","4543","76","0","2016","1","","Schenectady County, New York","Private","NAICS 4543 Direct selling establishments","County, NAICS 4-digit -- by ownership sector","All establishment sizes",12,71,73,70,864746,658573,31151,933,"",1.87,1.19,1.22,1.19,1.19,1.47,1.84,1.00,"",0,0.0,-2,-2.7,2,2.8,1,1.4,26458,3.2,37832,6.1,-9472,-23.3,25,2.8
"36093","5","4543","76","0","2016","2","","Schenectady County, New York","Private","NAICS 4543 Direct selling establishments","County, NAICS 4-digit -- by ownership sector","All establishment sizes",12,72,74,73,875057,175720,7980,922,"",1.84,1.23,1.28,1.24,1.11,1.52,1.92,0.89,"",1,9.1,3,4.3,2,2.8,2,2.8,50213,6.1,31518,21.9,110,1.4,24,2.7
"36093","5","4543","76","0","2016","3","","Schenectady County, New York","Private","NAICS 4543 Direct selling establishments","County, NAICS 4-digit -- by ownership sector","All establishment sizes",12,84,85,84,1163915,91321,3277,1062,"",1.81,1.49,1.50,1.47,1.57,1.40,1.56,1.06,"",1,9.1,14,20.0,14,19.7,10,13.5,266987,29.8,31428,52.5,-595,-15.4,99,10.3
"36093","5","4543","76","0","2016","4","","Schenectady County, New York","Private","NAICS 4543 Direct selling establishments","County, NAICS 4-digit -- by ownership sector","All establishment sizes",12,84,87,91,1188056,115049,4984,1046,"",1.79,1.42,1.45,1.50,1.53,2.16,2.52,1.05,"",1,9.1,10,13.5,15,20.8,21,30.0,110664,10.3,47067,69.2,-82,-1.6,-105,-9.1
"36093","5","45431","77","0","2016","1","N","Schenectady County, New York","Private","NAICS 45431 Fuel dealers","County, NAICS 5-digit -- by ownership sector","All establishment sizes",8,0,0,0,0,0,0,0,"N",2.76,0,0,0,0,0,0,0,"N",0,0.0,0,0,0,0,0,0,0,0,0,0,0,0,0,0
"36093","5","45431","77","0","2016","2","N","Schenectady County, New York","Private","NAICS 45431 Fuel dealers","County, NAICS 5-digit -- by ownership sector","All establishment sizes",8,0,0,0,0,0,0,0,"N",2.77,0,0,0,0,0,0,0,"N",0,0.0,0,0,0,0,0,0,0,0,0,0,0,0,0,0
"36093","5","45431","77","0","2016","3","","Schenectady County, New York","Private","NAICS 45431 Fuel dealers","County, NAICS 5-digit -- by ownership sector","All establishment sizes",8,65,66,65,919554,48973,1443,1083,"",2.77,2.11,2.14,2.07,2.23,1.69,1.35,1.06,"N",0,0.0,0,0,0,0,0,0,0,0,0,0,0,0,0,0
"36093","5","45431","77","0","2016","4","","Schenectady County, New York","Private","NAICS 45431 Fuel dealers","County, NAICS 5-digit -- by ownership sector","All establishment sizes",8,65,67,70,936753,54671,2323,1070,"",2.78,1.99,2.01,2.08,2.07,2.27,2.14,1.02,"N",0,0.0,0,0,0,0,0,0,0,0,0,0,0,0,0,0
"36093","5","454310","78","0","2016","1","N","Schenectady County, New York","Private","NAICS 454310 Fuel dealers","County, NAICS 6-digit -- by ownership sector","All establishment sizes",8,0,0,0,0,0,0,0,"N",2.76,0,0,0,0,0,0,0,"N",0,0.0,0,0,0,0,0,0,0,0,0,0,0,0,0,0
"36093","5","454310","78","0","2016","2","N","Schenectady County, New York","Private","NAICS 454310 Fuel dealers","County, NAICS 6-digit -- by ownership sector","All establishment sizes",8,0,0,0,0,0,0,0,"N",2.77,0,0,0,0,0,0,0,"N",0,0.0,0,0,0,0,0,0,0,0,0,0,0,0,0,0
"36093","5","454310","78","0","2016","3","","Schenectady County, New York","Private","NAICS 454310 Fuel dealers","County, NAICS 6-digit -- by ownership sector","All establishment sizes",8,65,66,65,919554,48973,1443,1083,"",2.77,2.11,2.14,2.07,2.23,1.69,1.35,1.06,"N",0,0.0,0,0,0,0,0,0,0,0,0,0,0,0,0,0
"36093","5","454310","78","0","2016","4","","Schenectady County, New York","Private","NAICS 454310 Fuel dealers","County, NAICS 6-digit -- by ownership sector","All establishment sizes",8,65,67,70,936753,54671,2323,1070,"",2.78,1.99,2.01,2.08,2.07,2.27,2.14,1.02,"N",0,0.0,0,0,0,0,0,0,0,0,0,0,0,0,0,0
"36093","5","45439","77","0","2016","1","N","Schenectady County, New York","Private","NAICS 45439 Other direct selling establishments","County, NAICS 5-digit -- by ownership sector","All establishment sizes",4,0,0,0,0,0,0,0,"N",1.13,0,0,0,0,0,0,0,"N",0,0.0,0,0,0,0,0,0,0,0,0,0,0,0,0,0
"36093","5","45439","77","0","2016","2","N","Schenectady County, New York","Private","NAICS 45439 Other direct selling establishments","County, NAICS 5-digit -- by ownership sector","All establishment sizes",4,0,0,0,0,0,0,0,"N",1.10,0,0,0,0,0,0,0,"N",1,33.3,0,0,0,0,0,0,0,0,0,0,0,0,0,0
"36093","5","45439","77","0","2016","3","","Schenectady County, New York","Private","NAICS 45439 Other direct selling establishments","County, NAICS 5-digit -- by ownership sector","All establishment sizes",4,19,19,19,244361,42348,1834,989,"",1.07,0.74,0.74,0.74,0.75,1.17,1.78,1.01,"N",1,33.3,0,0,0,0,0,0,0,0,0,0,0,0,0,0
"36093","5","45439","77","0","2016","4","","Schenectady County, New York","Private","NAICS 45439 Other direct selling establishments","County, NAICS 5-digit -- by ownership sector","All establishment sizes",4,19,20,21,251303,60378,2661,967,"",1.05,0.71,0.75,0.78,0.78,2.06,2.99,1.04,"N",1,33.3,0,0,0,0,0,0,0,0,0,0,0,0,0,0
"36093","5","454390","78","0","2016","1","N","Schenectady County, New York","Private","NAICS 454390 Other direct selling establishments","County, NAICS 6-digit -- by ownership sector","All establishment sizes",4,0,0,0,0,0,0,0,"N",1.13,0,0,0,0,0,0,0,"N",0,0.0,0,0,0,0,0,0,0,0,0,0,0,0,0,0
"36093","5","454390","78","0","2016","2","N","Schenectady County, New York","Private","NAICS 454390 Other direct selling establishments","County, NAICS 6-digit -- by ownership sector","All establishment sizes",4,0,0,0,0,0,0,0,"N",1.10,0,0,0,0,0,0,0,"N",1,33.3,0,0,0,0,0,0,0,0,0,0,0,0,0,0
"36093","5","454390","78","0","2016","3","","Schenectady County, New York","Private","NAICS 454390 Other direct selling establishments","County, NAICS 6-digit -- by ownership sector","All establishment sizes",4,19,19,19,244361,42348,1834,989,"",1.07,0.74,0.74,0.74,0.75,1.17,1.78,1.01,"N",1,33.3,0,0,0,0,0,0,0,0,0,0,0,0,0,0
"36093","5","454390","78","0","2016","4","","Schenectady County, New York","Private","NAICS 454390 Other direct selling establishments","County, NAICS 6-digit -- by ownership sector","All establishment sizes",4,19,20,21,251303,60378,2661,967,"",1.05,0.71,0.75,0.78,0.78,2.06,2.99,1.04,"N",1,33.3,0,0,0,0,0,0,0,0,0,0,0,0,0,0
"36093","5","48-49","74","0","2016","1","","Schenectady County, New York","Private","NAICS 48-49 Transportation and warehousing","County, NAICS Sector -- by ownership sector","All establishment sizes",70,1854,1848,1826,20152332,13821248,383997,841,"",0.83,0.88,0.88,0.88,0.78,0.95,0.94,0.88,"",-7,-9.1,-7,-0.4,-42,-2.2,-98,-5.1,124572,0.6,-224830,-1.6,-146453,-27.6,27,3.3
"36093","5","48-49","74","0","2016","2","","Schenectady County, New York","Private","NAICS 48-49 Transportation and warehousing","County, NAICS Sector -- by ownership sector","All establishment sizes",71,1844,1822,1862,21125173,3734493,135145,882,"",0.83,0.88,0.87,0.87,0.73,0.91,0.93,0.84,"",-4,-5.3,-138,-7.0,-139,-7.1,-123,-6.2,-1162996,-5.2,129654,3.6,-36574,-21.3,14,1.6
"36093","5","48-49","74","0","2016","3","","Schenectady County, New York","Private","NAICS 48-49 Transportation and warehousing","County, NAICS Sector -- by ownership sector","All establishment sizes",72,1828,1817,1842,22416314,1798366,59422,943,"",0.84,0.90,0.89,0.88,0.82,0.76,0.75,0.92,"",-2,-2.7,-74,-3.9,-70,-3.7,-17,-0.9,654108,3.0,-20766,-1.1,-22914,-27.8,54,6.1
"36093","5","48-49","74","0","2016","4","","Schenectady County, New York","Private","NAICS 48-49 Transportation and warehousing","County, NAICS Sector -- by ownership sector","All establishment sizes",72,1841,1860,1824,21235759,1348194,46921,887,"",0.84,0.86,0.84,0.82,0.78,0.70,0.72,0.93,"",-1,-1.4,-7,-0.4,1,0.1,-15,-0.8,-1942513,-8.4,-104386,-7.2,-20733,-30.6,-77,-8.0
"36093","5","481","75","0","2016","1","N","Schenectady County, New York","Private","NAICS 481 Air transportation","County, NAICS 3-digit -- by ownership sector","All establishment sizes",1,0,0,0,0,0,0,0,"N",0.49,0,0,0,0,0,0,0,"N",0,0.0,0,0,0,0,0,0,0,0,0,0,0,0,0,0
"36093","5","481","75","0","2016","2","N","Schenectady County, New York","Private","NAICS 481 Air transportation","County, NAICS 3-digit -- by ownership sector","All establishment sizes",1,0,0,0,0,0,0,0,"N",0.49,0,0,0,0,0,0,0,"N",0,0.0,0,0,0,0,0,0,0,0,0,0,0,0,0,0
"36093","5","481","75","0","2016","3","N","Schenectady County, New York","Private","NAICS 481 Air transportation","County, NAICS 3-digit -- by ownership sector","All establishment sizes",1,0,0,0,0,0,0,0,"N",0.49,0,0,0,0,0,0,0,"N",0,0.0,0,0,0,0,0,0,0,0,0,0,0,0,0,0
"36093","5","481","75","0","2016","4","N","Schenectady County, New York","Private","NAICS 481 Air transportation","County, NAICS 3-digit -- by ownership sector","All establishment sizes",1,0,0,0,0,0,0,0,"N",0.48,0,0,0,0,0,0,0,"N",0,0.0,0,0,0,0,0,0,0,0,0,0,0,0,0,0
"36093","5","4812","76","0","2016","1","N","Schenectady County, New York","Private","NAICS 4812 Nonscheduled air transportation","County, NAICS 4-digit -- by ownership sector","All establishment sizes",1,0,0,0,0,0,0,0,"N",0.86,0,0,0,0,0,0,0,"N",0,0.0,0,0,0,0,0,0,0,0,0,0,0,0,0,0
"36093","5","4812","76","0","2016","2","N","Schenectady County, New York","Private","NAICS 4812 Nonscheduled air transportation","County, NAICS 4-digit -- by ownership sector","All establishment sizes",1,0,0,0,0,0,0,0,"N",0.86,0,0,0,0,0,0,0,"N",0,0.0,0,0,0,0,0,0,0,0,0,0,0,0,0,0
"36093","5","4812","76","0","2016","3","N","Schenectady County, New York","Private","NAICS 4812 Nonscheduled air transportation","County, NAICS 4-digit -- by ownership sector","All establishment sizes",1,0,0,0,0,0,0,0,"N",0.86,0,0,0,0,0,0,0,"N",0,0.0,0,0,0,0,0,0,0,0,0,0,0,0,0,0
"36093","5","4812","76","0","2016","4","N","Schenectady County, New York","Private","NAICS 4812 Nonscheduled air transportation","County, NAICS 4-digit -- by ownership sector","All establishment sizes",1,0,0,0,0,0,0,0,"N",0.85,0,0,0,0,0,0,0,"N",0,0.0,0,0,0,0,0,0,0,0,0,0,0,0,0,0
"36093","5","48121","77","0","2016","1","N","Schenectady County, New York","Private","NAICS 48121 Nonscheduled air transportation","County, NAICS 5-digit -- by ownership sector","All establishment sizes",1,0,0,0,0,0,0,0,"N",0.86,0,0,0,0,0,0,0,"N",0,0.0,0,0,0,0,0,0,0,0,0,0,0,0,0,0
"36093","5","48121","77","0","2016","2","N","Schenectady County, New York","Private","NAICS 48121 Nonscheduled air transportation","County, NAICS 5-digit -- by ownership sector","All establishment sizes",1,0,0,0,0,0,0,0,"N",0.86,0,0,0,0,0,0,0,"N",0,0.0,0,0,0,0,0,0,0,0,0,0,0,0,0,0
"36093","5","48121","77","0","2016","3","N","Schenectady County, New York","Private","NAICS 48121 Nonscheduled air transportation","County, NAICS 5-digit -- by ownership sector","All establishment sizes",1,0,0,0,0,0,0,0,"N",0.86,0,0,0,0,0,0,0,"N",0,0.0,0,0,0,0,0,0,0,0,0,0,0,0,0,0
"36093","5","48121","77","0","2016","4","N","Schenectady County, New York","Private","NAICS 48121 Nonscheduled air transportation","County, NAICS 5-digit -- by ownership sector","All establishment sizes",1,0,0,0,0,0,0,0,"N",0.85,0,0,0,0,0,0,0,"N",0,0.0,0,0,0,0,0,0,0,0,0,0,0,0,0,0
"36093","5","481211","78","0","2016","1","N","Schenectady County, New York","Private","NAICS 481211 Nonscheduled air passenger chartering","County, NAICS 6-digit -- by ownership sector","All establishment sizes",1,0,0,0,0,0,0,0,"N",1.31,0,0,0,0,0,0,0,"N",0,0.0,0,0,0,0,0,0,0,0,0,0,0,0,0,0
"36093","5","481211","78","0","2016","2","N","Schenectady County, New York","Private","NAICS 481211 Nonscheduled air passenger chartering","County, NAICS 6-digit -- by ownership sector","All establishment sizes",1,0,0,0,0,0,0,0,"N",1.30,0,0,0,0,0,0,0,"N",0,0.0,0,0,0,0,0,0,0,0,0,0,0,0,0,0
"36093","5","481211","78","0","2016","3","N","Schenectady County, New York","Private","NAICS 481211 Nonscheduled air passenger chartering","County, NAICS 6-digit -- by ownership sector","All establishment sizes",1,0,0,0,0,0,0,0,"N",1.29,0,0,0,0,0,0,0,"N",0,0.0,0,0,0,0,0,0,0,0,0,0,0,0,0,0
"36093","5","481211","78","0","2016","4","N","Schenectady County, New York","Private","NAICS 481211 Nonscheduled air passenger chartering","County, NAICS 6-digit -- by ownership sector","All establishment sizes",1,0,0,0,0,0,0,0,"N",1.28,0,0,0,0,0,0,0,"N",0,0.0,0,0,0,0,0,0,0,0,0,0,0,0,0,0
"36093","5","484","75","0","2016","1","","Schenectady County, New York","Private","NAICS 484 Truck transportation","County, NAICS 3-digit -- by ownership sector","All establishment sizes",32,364,375,365,4006750,3049665,79593,838,"",0.73,0.57,0.59,0.58,0.57,0.64,0.61,0.98,"",-3,-8.6,7,2.0,16,4.5,-3,-0.8,228285,6.0,149561,5.2,-18549,-18.9,34,4.2
"36093","5","484","75","0","2016","2","","Schenectady County, New York","Private","NAICS 484 Truck transportation","County, NAICS 3-digit -- by ownership sector","All establishment sizes",32,366,370,386,4737342,974178,33565,974,"",0.72,0.57,0.57,0.59,0.55,0.71,0.75,0.95,"",-1,-3.0,-16,-4.2,-20,-5.1,-1,-0.3,461903,10.8,119041,13.9,623,1.9,123,14.5
"36093","5","484","75","0","2016","3","","Schenectady County, New York","Private","NAICS 484 Truck transportation","County, NAICS 3-digit -- by ownership sector","All establishment sizes",31,401,387,384,4974203,501318,16287,979,"",0.69,0.64,0.61,0.60,0.59,0.62,0.61,0.96,"",-2,-6.1,22,5.8,3,0.8,5,1.3,358066,7.8,-42366,-7.8,-7713,-32.1,46,4.9
"36093","5","484","75","0","2016","4","","Schenectady County, New York","Private","NAICS 484 Truck transportation","County, NAICS 3-digit -- by ownership sector","All establishment sizes",30,376,377,364,4615315,275205,7437,954,"",0.67,0.58,0.58,0.57,0.59,0.49,0.41,1.01,"",-3,-9.1,-6,-1.6,5,1.3,-8,-2.2,-247980,-5.1,-143046,-34.2,-9596,-56.3,-43,-4.3
"36093","5","4841","76","0","2016","1","","Schenectady County, New York","Private","NAICS 4841 General freight trucking","County, NAICS 4-digit -- by ownership sector","All establishment sizes",18,252,264,260,3213452,2370098,60488,956,"",0.66,0.57,0.60,0.59,0.65,0.70,0.71,1.11,"",-1,-5.3,8,3.3,16,6.5,7,2.8,325073,11.3,214214,9.9,-7328,-10.8,61,6.8
"36093","5","4841","76","0","2016","2","","Schenectady County, New York","Private","NAICS 4841 General freight trucking","County, NAICS 4-digit -- by ownership sector","All establishment sizes",18,253,261,265,3712777,585192,19114,1100,"",0.65,0.57,0.59,0.59,0.62,0.64,0.74,1.06,"",0,0.0,-2,-0.8,14,5.7,11,4.3,471377,14.5,103092,21.4,2879,17.7,111,11.2
"36093","5","4841","76","0","2016","3","","Schenectady County, New York","Private","NAICS 4841 General freight trucking","County, NAICS 4-digit -- by ownership sector","All establishment sizes",18,271,269,265,3777822,266069,8154,1083,"",0.65,0.63,0.62,0.61,0.65,0.51,0.54,1.05,"",0,0.0,17,6.7,13,5.1,10,3.9,223345,6.3,-34696,-11.5,-4722,-36.7,11,1.0
"36093","5","4841","76","0","2016","4","","Schenectady County, New York","Private","NAICS 4841 General freight trucking","County, NAICS 4-digit -- by ownership sector","All establishment sizes",17,259,262,248,3569388,166840,4571,1071,"",0.61,0.58,0.59,0.56,0.65,0.44,0.41,1.13,"",-1,-5.6,3,1.2,8,3.1,-12,-4.6,-190425,-5.1,-89936,-35.0,-5474,-54.5,-56,-5.0
"36093","5","48411","77","0","2016","1","","Schenectady County, New York","Private","NAICS 48411 General freight trucking, local","County, NAICS 5-digit -- by ownership sector","All establishment sizes",11,21,35,37,231936,212839,10151,576,"",0.96,0.20,0.32,0.34,0.21,0.28,0.39,0.72,"",-1,-8.3,7,50.0,19,118.8,21,131.2,94196,68.4,91309,75.1,4898,93.2,-115,-16.6
"36093","5","48411","77","0","2016","2","","Schenectady County, New York","Private","NAICS 48411 General freight trucking, local","County, NAICS 5-digit -- by ownership sector","All establishment sizes",11,29,32,33,287238,165965,9646,705,"",0.93,0.26,0.29,0.29,0.21,0.71,1.06,0.73,"",0,0.0,13,81.2,17,113.3,15,83.3,123084,75.0,105340,173.8,6439,200.8,-68,-8.8
"36093","5","48411","77","0","2016","3","","Schenectady County, New York","Private","NAICS 48411 General freight trucking, local","County, NAICS 5-digit -- by ownership sector","All establishment sizes",11,33,32,24,284765,53657,3413,738,"",0.92,0.31,0.30,0.22,0.21,0.37,0.62,0.76,"",0,0.0,10,43.5,8,33.3,-4,-14.3,43299,17.9,-33455,-38.4,-2853,-45.5,-5,-0.7
"36093","5","48411","77","0","2016","4","","Schenectady County, New York","Private","NAICS 48411 General freight trucking, local","County, NAICS 5-digit -- by ownership sector","All establishment sizes",10,24,23,11,199928,22773,1502,795,"",0.84,0.22,0.21,0.10,0.15,0.22,0.38,0.88,"",-1,-9.1,0,0.0,0,0.0,-17,-60.7,-99294,-33.2,-51540,-69.4,-3071,-67.2,-126,-13.7
"36093","5","484110","78","0","2016","1","","Schenectady County, New York","Private","NAICS 484110 General freight trucking, local","County, NAICS 6-digit -- by ownership sector","All establishment sizes",11,21,35,37,231936,212839,10151,576,"",0.96,0.20,0.32,0.34,0.21,0.28,0.39,0.72,"",-1,-8.3,7,50.0,19,118.8,21,131.2,94196,68.4,91309,75.1,4898,93.2,-115,-16.6
"36093","5","484110","78","0","2016","2","","Schenectady County, New York","Private","NAICS 484110 General freight trucking, local","County, NAICS 6-digit -- by ownership sector","All establishment sizes",11,29,32,33,287238,165965,9646,705,"",0.93,0.26,0.29,0.29,0.21,0.71,1.06,0.73,"",0,0.0,13,81.2,17,113.3,15,83.3,123084,75.0,105340,173.8,6439,200.8,-68,-8.8
"36093","5","484110","78","0","2016","3","","Schenectady County, New York","Private","NAICS 484110 General freight trucking, local","County, NAICS 6-digit -- by ownership sector","All establishment sizes",11,33,32,24,284765,53657,3413,738,"",0.92,0.31,0.30,0.22,0.21,0.37,0.62,0.76,"",0,0.0,10,43.5,8,33.3,-4,-14.3,43299,17.9,-33455,-38.4,-2853,-45.5,-5,-0.7
"36093","5","484110","78","0","2016","4","","Schenectady County, New York","Private","NAICS 484110 General freight trucking, local","County, NAICS 6-digit -- by ownership sector","All establishment sizes",10,24,23,11,199928,22773,1502,795,"",0.84,0.22,0.21,0.10,0.15,0.22,0.38,0.88,"",-1,-9.1,0,0.0,0,0.0,-17,-60.7,-99294,-33.2,-51540,-69.4,-3071,-67.2,-126,-13.7
"36093","5","48412","77","0","2016","1","","Schenectady County, New York","Private","NAICS 48412 General freight trucking, long-distance","County, NAICS 5-digit -- by ownership sector","All establishment sizes",7,231,229,223,2981516,2157259,50337,1007,"",0.45,0.69,0.69,0.67,0.78,0.83,0.84,1.14,"",0,0.0,1,0.4,-3,-1.3,-14,-5.9,230877,8.4,122905,6.0,-12226,-19.5,99,10.9
"36093","5","48412","77","0","2016","2","","Schenectady County, New York","Private","NAICS 48412 General freight trucking, long-distance","County, NAICS 5-digit -- by ownership sector","All establishment sizes",7,224,229,232,3425539,419227,9468,1154,"",0.44,0.67,0.69,0.69,0.74,0.62,0.56,1.09,"",0,0.0,-15,-6.3,-3,-1.3,-4,-1.7,348293,11.3,-2248,-0.5,-3560,-27.3,150,14.9
"36093","5","48412","77","0","2016","3","","Schenectady County, New York","Private","NAICS 48412 General freight trucking, long-distance","County, NAICS 5-digit -- by ownership sector","All establishment sizes",7,238,237,241,3493057,212412,4741,1126,"",0.44,0.74,0.73,0.73,0.79,0.56,0.49,1.08,"",0,0.0,7,3.0,5,2.2,14,6.2,180046,5.4,-1241,-0.6,-1869,-28.3,18,1.6
"36093","5","48412","77","0","2016","4","","Schenectady County, New York","Private","NAICS 48412 General freight trucking, long-distance","County, NAICS 5-digit -- by ownership sector","All establishment sizes",7,235,239,237,3369460,144067,3069,1094,"",0.44,0.70,0.71,0.72,0.81,0.53,0.43,1.14,"",0,0.0,3,1.3,8,3.5,5,2.2,-91131,-2.6,-38396,-21.0,-2403,-43.9,-55,-4.8
"36093","5","484121","78","0","2016","1","","Schenectady County, New York","Private","NAICS 484121 General freight trucking, long-distance tl","County, NAICS 6-digit -- by ownership sector","All establishment sizes",4,36,36,35,416929,348041,9832,899,"",0.32,0.16,0.16,0.16,0.17,0.20,0.26,1.08,"",0,0.0,2,5.9,0,0.0,-4,-10.3,-30405,-6.8,571,0.2,-2026,-17.1,-48,-5.1
"36093","5","484121","78","0","2016","2","","Schenectady County, New York","Private","NAICS 484121 General freight trucking, long-distance tl","County, NAICS 6-digit -- by ownership sector","All establishment sizes",4,36,36,36,464427,58756,1714,992,"",0.32,0.16,0.16,0.16,0.16,0.12,0.15,1.00,"",0,0.0,-6,-14.3,-3,-7.7,-3,-7.7,-63147,-12.0,-37184,-38.8,-1626,-48.7,-23,-2.3
"36093","5","484121","78","0","2016","3","","Schenectady County, New York","Private","NAICS 484121 General freight trucking, long-distance tl","County, NAICS 6-digit -- by ownership sector","All establishment sizes",4,35,36,36,492182,29566,884,1061,"",0.31,0.16,0.17,0.16,0.18,0.10,0.12,1.08,"",0,0.0,-4,-10.3,-3,-7.7,-1,-2.7,-37658,-7.1,2024,7.3,-66,-6.9,-2,-0.2
"36093","5","484121","78","0","2016","4","","Schenectady County, New York","Private","NAICS 484121 General freight trucking, long-distance tl","County, NAICS 6-digit -- by ownership sector","All establishment sizes",4,34,35,36,482074,12657,318,1060,"",0.31,0.15,0.16,0.16,0.18,0.06,0.06,1.16,"",0,0.0,-3,-8.1,0,0.0,0,0.0,-27956,-5.5,-12921,-50.5,-312,-49.5,-30,-2.8
"36093","5","484122","78","0","2016","1","","Schenectady County, New York","Private","NAICS 484122 General freight trucking, long-distance ltl","County, NAICS 6-digit -- by ownership sector","All establishment sizes",3,195,193,188,2564587,1809218,40505,1027,"",0.94,1.78,1.76,1.72,1.82,2.04,1.81,1.04,"",0,0.0,-1,-0.5,-3,-1.5,-10,-5.1,261282,11.3,122334,7.3,-10200,-20.1,126,14.0
"36093","5","484122","78","0","2016","2","","Schenectady County, New York","Private","NAICS 484122 General freight trucking, long-distance ltl","County, NAICS 6-digit -- by ownership sector","All establishment sizes",3,188,193,196,2961112,360471,7754,1184,"",0.93,1.72,1.77,1.77,1.74,1.90,1.48,0.99,"",0,0.0,-9,-4.6,0,0.0,-1,-0.5,411440,16.1,34936,10.7,-1934,-20.0,182,18.2
"36093","5","484122","78","0","2016","3","","Schenectady County, New York","Private","NAICS 484122 General freight trucking, long-distance ltl","County, NAICS 6-digit -- by ownership sector","All establishment sizes",3,203,201,205,3000875,182846,3857,1137,"",0.94,1.92,1.89,1.90,1.85,2.08,1.56,0.97,"",0,0.0,11,5.7,8,4.1,15,7.9,217704,7.8,-3265,-1.8,-1803,-31.9,20,1.8
"36093","5","484122","78","0","2016","4","","Schenectady County, New York","Private","NAICS 484122 General freight trucking, long-distance ltl","County, NAICS 6-digit -- by ownership sector","All establishment sizes",3,201,204,201,2887386,131410,2751,1100,"",0.94,1.83,1.84,1.84,1.92,2.23,1.54,1.04,"",0,0.0,6,3.1,8,4.1,5,2.6,-63175,-2.1,-25475,-16.2,-2091,-43.2,-60,-5.2
"36093","5","4842","76","0","2016","1","","Schenectady County, New York","Private","NAICS 4842 Specialized freight trucking","County, NAICS 4-digit -- by ownership sector","All establishment sizes",14,112,111,105,793298,679567,19105,558,"",0.84,0.58,0.57,0.54,0.37,0.48,0.43,0.66,"",-2,-12.5,-1,-0.9,0,0.0,-10,-8.7,-96788,-10.9,-64653,-8.7,-11221,-37.0,-48,-7.9
"36093","5","4842","76","0","2016","2","","Schenectady County, New York","Private","NAICS 4842 Specialized freight trucking","County, NAICS 4-digit -- by ownership sector","All establishment sizes",14,113,109,121,1024565,388986,14451,689,"",0.83,0.57,0.54,0.58,0.39,0.86,0.78,0.70,"",-1,-6.7,-14,-11.0,-34,-23.8,-12,-9.0,-9474,-0.9,15949,4.3,-2256,-13.5,97,16.4
"36093","5","4842","76","0","2016","3","","Schenectady County, New York","Private","NAICS 4842 Specialized freight trucking","County, NAICS 4-digit -- by ownership sector","All establishment sizes",13,130,118,119,1196381,235249,8133,752,"",0.77,0.65,0.59,0.59,0.46,0.82,0.70,0.76,"",-2,-13.3,5,4.0,-10,-7.8,-5,-4.0,134721,12.7,-7670,-3.2,-2991,-26.9,102,15.7
"36093","5","4842","76","0","2016","4","","Schenectady County, New York","Private","NAICS 4842 Specialized freight trucking","County, NAICS 4-digit -- by ownership sector","All establishment sizes",13,117,115,116,1045927,108365,2866,694,"",0.77,0.58,0.57,0.60,0.43,0.57,0.41,0.74,"",-2,-13.3,-9,-7.1,-3,-2.5,4,3.6,-57555,-5.2,-53110,-32.9,-4122,-59.0,-21,-2.9
"36093","5","48421","77","0","2016","1","","Schenectady County, New York","Private","NAICS 48421 Used household and office goods moving","County, NAICS 5-digit -- by ownership sector","All establishment sizes",6,57,59,57,315018,276561,9916,420,"",2.15,1.39,1.45,1.39,0.91,1.17,1.26,0.64,"",-1,-14.3,-10,-14.9,-9,-13.2,-15,-20.8,-98048,-23.7,-86105,-23.7,-4558,-31.5,-40,-8.7
"36093","5","48421","77","0","2016","2","","Schenectady County, New York","Private","NAICS 48421 Used household and office goods moving","County, NAICS 5-digit -- by ownership sector","All establishment sizes",6,57,55,65,397410,211451,7537,518,"",2.12,1.33,1.22,1.34,0.87,2.16,2.01,0.67,"",-1,-14.3,-15,-20.8,-25,-31.2,-9,-12.2,-67016,-14.4,-35013,-14.2,-2418,-24.3,44,9.3
"36093","5","48421","77","0","2016","3","","Schenectady County, New York","Private","NAICS 48421 Used household and office goods moving","County, NAICS 5-digit -- by ownership sector","All establishment sizes",5,72,67,65,510552,162721,5657,578,"",1.76,1.53,1.44,1.48,1.08,2.33,2.22,0.73,"",-2,-28.6,-1,-1.4,-7,-9.5,-8,-11.0,6558,1.3,26090,19.1,148,2.7,49,9.3
"36093","5","48421","77","0","2016","4","","Schenectady County, New York","Private","NAICS 48421 Used household and office goods moving","County, NAICS 5-digit -- by ownership sector","All establishment sizes",5,61,63,64,430086,63375,2064,528,"",1.75,1.41,1.48,1.53,1.03,1.60,1.47,0.70,"",-2,-28.6,-9,-12.9,-3,-4.5,3,4.9,-25401,-5.6,-8390,-11.7,-700,-25.3,-6,-1.1
"36093","5","484210","78","0","2016","1","","Schenectady County, New York","Private","NAICS 484210 Used household and office goods moving","County, NAICS 6-digit -- by ownership sector","All establishment sizes",6,57,59,57,315018,276561,9916,420,"",2.15,1.39,1.45,1.39,0.91,1.17,1.26,0.64,"",-1,-14.3,-10,-14.9,-9,-13.2,-15,-20.8,-98048,-23.7,-86105,-23.7,-4558,-31.5,-40,-8.7
"36093","5","484210","78","0","2016","2","","Schenectady County, New York","Private","NAICS 484210 Used household and office goods moving","County, NAICS 6-digit -- by ownership sector","All establishment sizes",6,57,55,65,397410,211451,7537,518,"",2.12,1.33,1.22,1.34,0.87,2.16,2.01,0.67,"",-1,-14.3,-15,-20.8,-25,-31.2,-9,-12.2,-67016,-14.4,-35013,-14.2,-2418,-24.3,44,9.3
"36093","5","484210","78","0","2016","3","","Schenectady County, New York","Private","NAICS 484210 Used household and office goods moving","County, NAICS 6-digit -- by ownership sector","All establishment sizes",5,72,67,65,510552,162721,5657,578,"",1.76,1.53,1.44,1.48,1.08,2.33,2.22,0.73,"",-2,-28.6,-1,-1.4,-7,-9.5,-8,-11.0,6558,1.3,26090,19.1,148,2.7,49,9.3
"36093","5","484210","78","0","2016","4","","Schenectady County, New York","Private","NAICS 484210 Used household and office goods moving","County, NAICS 6-digit -- by ownership sector","All establishment sizes",5,61,63,64,430086,63375,2064,528,"",1.75,1.41,1.48,1.53,1.03,1.60,1.47,0.70,"",-2,-28.6,-9,-12.9,-3,-4.5,3,4.9,-25401,-5.6,-8390,-11.7,-700,-25.3,-6,-1.1
"36093","5","48422","77","0","2016","1","N","Schenectady County, New York","Private","NAICS 48422 Other specialized trucking, local","County, NAICS 5-digit -- by ownership sector","All establishment sizes",6,0,0,0,0,0,0,0,"N",0.59,0,0,0,0,0,0,0,"N",-1,-14.3,0,0,0,0,0,0,0,0,0,0,0,0,0,0
"36093","5","48422","77","0","2016","2","N","Schenectady County, New York","Private","NAICS 48422 Other specialized trucking, local","County, NAICS 5-digit -- by ownership sector","All establishment sizes",6,0,0,0,0,0,0,0,"N",0.59,0,0,0,0,0,0,0,"N",0,0.0,0,0,0,0,0,0,0,0,0,0,0,0,0,0
"36093","5","48422","77","0","2016","3","N","Schenectady County, New York","Private","NAICS 48422 Other specialized trucking, local","County, NAICS 5-digit -- by ownership sector","All establishment sizes",6,0,0,0,0,0,0,0,"N",0.59,0,0,0,0,0,0,0,"N",0,0.0,0,0,0,0,0,0,0,0,0,0,0,0,0,0
"36093","5","48422","77","0","2016","4","N","Schenectady County, New York","Private","NAICS 48422 Other specialized trucking, local","County, NAICS 5-digit -- by ownership sector","All establishment sizes",6,0,0,0,0,0,0,0,"N",0.59,0,0,0,0,0,0,0,"N",0,0.0,0,0,0,0,0,0,0,0,0,0,0,0,0,0
"36093","5","484220","78","0","2016","1","N","Schenectady County, New York","Private","NAICS 484220 Other specialized trucking, local","County, NAICS 6-digit -- by ownership sector","All establishment sizes",6,0,0,0,0,0,0,0,"N",0.59,0,0,0,0,0,0,0,"N",-1,-14.3,0,0,0,0,0,0,0,0,0,0,0,0,0,0
"36093","5","484220","78","0","2016","2","N","Schenectady County, New York","Private","NAICS 484220 Other specialized trucking, local","County, NAICS 6-digit -- by ownership sector","All establishment sizes",6,0,0,0,0,0,0,0,"N",0.59,0,0,0,0,0,0,0,"N",0,0.0,0,0,0,0,0,0,0,0,0,0,0,0,0,0
"36093","5","484220","78","0","2016","3","N","Schenectady County, New York","Private","NAICS 484220 Other specialized trucking, local","County, NAICS 6-digit -- by ownership sector","All establishment sizes",6,0,0,0,0,0,0,0,"N",0.59,0,0,0,0,0,0,0,"N",0,0.0,0,0,0,0,0,0,0,0,0,0,0,0,0,0
"36093","5","484220","78","0","2016","4","N","Schenectady County, New York","Private","NAICS 484220 Other specialized trucking, local","County, NAICS 6-digit -- by ownership sector","All establishment sizes",6,0,0,0,0,0,0,0,"N",0.59,0,0,0,0,0,0,0,"N",0,0.0,0,0,0,0,0,0,0,0,0,0,0,0,0,0
"36093","5","48423","77","0","2016","1","N","Schenectady County, New York","Private","NAICS 48423 Other specialized trucking, long-distance","County, NAICS 5-digit -- by ownership sector","All establishment sizes",2,0,0,0,0,0,0,0,"N",0.53,0,0,0,0,0,0,0,"N",0,0.0,0,0,0,0,0,0,0,0,0,0,0,0,0,0
"36093","5","48423","77","0","2016","2","N","Schenectady County, New York","Private","NAICS 48423 Other specialized trucking, long-distance","County, NAICS 5-digit -- by ownership sector","All establishment sizes",2,0,0,0,0,0,0,0,"N",0.53,0,0,0,0,0,0,0,"N",0,0.0,0,0,0,0,0,0,0,0,0,0,0,0,0,0
"36093","5","48423","77","0","2016","3","N","Schenectady County, New York","Private","NAICS 48423 Other specialized trucking, long-distance","County, NAICS 5-digit -- by ownership sector","All establishment sizes",2,0,0,0,0,0,0,0,"N",0.53,0,0,0,0,0,0,0,"N",0,0.0,0,0,0,0,0,0,0,0,0,0,0,0,0,0
"36093","5","48423","77","0","2016","4","N","Schenectady County, New York","Private","NAICS 48423 Other specialized trucking, long-distance","County, NAICS 5-digit -- by ownership sector","All establishment sizes",2,0,0,0,0,0,0,0,"N",0.52,0,0,0,0,0,0,0,"N",0,0.0,0,0,0,0,0,0,0,0,0,0,0,0,0,0
"36093","5","484230","78","0","2016","1","N","Schenectady County, New York","Private","NAICS 484230 Other specialized trucking, long-distance","County, NAICS 6-digit -- by ownership sector","All establishment sizes",2,0,0,0,0,0,0,0,"N",0.53,0,0,0,0,0,0,0,"N",0,0.0,0,0,0,0,0,0,0,0,0,0,0,0,0,0
"36093","5","484230","78","0","2016","2","N","Schenectady County, New York","Private","NAICS 484230 Other specialized trucking, long-distance","County, NAICS 6-digit -- by ownership sector","All establishment sizes",2,0,0,0,0,0,0,0,"N",0.53,0,0,0,0,0,0,0,"N",0,0.0,0,0,0,0,0,0,0,0,0,0,0,0,0,0
"36093","5","484230","78","0","2016","3","N","Schenectady County, New York","Private","NAICS 484230 Other specialized trucking, long-distance","County, NAICS 6-digit -- by ownership sector","All establishment sizes",2,0,0,0,0,0,0,0,"N",0.53,0,0,0,0,0,0,0,"N",0,0.0,0,0,0,0,0,0,0,0,0,0,0,0,0,0
"36093","5","484230","78","0","2016","4","N","Schenectady County, New York","Private","NAICS 484230 Other specialized trucking, long-distance","County, NAICS 6-digit -- by ownership sector","All establishment sizes",2,0,0,0,0,0,0,0,"N",0.52,0,0,0,0,0,0,0,"N",0,0.0,0,0,0,0,0,0,0,0,0,0,0,0,0,0
"36093","5","485","75","0","2016","1","","Schenectady County, New York","Private","NAICS 485 Transit and ground passenger transportation","County, NAICS 3-digit -- by ownership sector","All establishment sizes",11,240,243,237,1381438,1065513,59489,443,"",1.53,1.11,1.11,1.08,0.94,1.00,1.05,0.85,"",0,0.0,-33,-12.1,-25,-9.3,-47,-16.5,-55844,-3.9,-89908,-7.8,-14161,-19.2,41,10.2
"36093","5","485","75","0","2016","2","","Schenectady County, New York","Private","NAICS 485 Transit and ground passenger transportation","County, NAICS 3-digit -- by ownership sector","All establishment sizes",11,257,259,256,1573579,806464,42892,470,"",1.51,1.17,1.18,1.22,0.86,1.75,1.36,0.72,"",-1,-8.3,-43,-14.3,-29,-10.1,-38,-12.9,-629169,-28.6,-106092,-11.6,-15626,-26.7,-106,-18.4
"36093","5","485","75","0","2016","3","","Schenectady County, New York","Private","NAICS 485 Transit and ground passenger transportation","County, NAICS 3-digit -- by ownership sector","All establishment sizes",12,228,226,247,1444379,414660,19844,475,"",1.65,1.31,1.28,1.16,0.95,1.79,1.58,0.76,"",0,0.0,-39,-14.6,-36,-13.7,-2,-0.8,29127,2.1,14231,3.6,-5449,-21.5,55,13.1
"36093","5","485","75","0","2016","4","","Schenectady County, New York","Private","NAICS 485 Transit and ground passenger transportation","County, NAICS 3-digit -- by ownership sector","All establishment sizes",12,256,247,254,1775220,382044,21010,541,"",1.65,1.17,1.13,1.18,1.06,1.75,1.59,0.92,"",0,0.0,23,9.9,9,3.8,21,9.0,208336,13.3,62329,19.5,2303,12.3,27,5.3
"36093","5","4853","76","0","2016","1","","Schenectady County, New York","Private","NAICS 4853 Taxi and limousine service","County, NAICS 4-digit -- by ownership sector","All establishment sizes",4,32,30,29,120046,120046,2344,304,"",1.36,0.90,0.84,0.81,0.43,0.67,0.41,0.51,"N",0,0.0,0,0,0,0,0,0,0,0,0,0,0,0,0,0
"36093","5","4853","76","0","2016","2","","Schenectady County, New York","Private","NAICS 4853 Taxi and limousine service","County, NAICS 4-digit -- by ownership sector","All establishment sizes",4,32,36,37,158054,155606,2895,347,"",1.34,0.88,1.00,1.02,0.47,1.92,0.95,0.49,"",-1,-20.0,1,3.2,7,24.1,8,27.6,70584,80.7,68649,78.9,197,7.3,120,52.9
"36093","5","4853","76","0","2016","3","","Schenectady County, New York","Private","NAICS 4853 Taxi and limousine service","County, NAICS 4-digit -- by ownership sector","All establishment sizes",4,43,44,43,192400,113320,2151,342,"",1.35,1.24,1.28,1.22,0.63,2.15,1.18,0.50,"",-1,-20.0,21,95.5,23,109.5,21,95.5,129727,207.0,68554,153.1,574,36.4,119,53.4
"36093","5","4853","76","0","2016","4","","Schenectady County, New York","Private","NAICS 4853 Taxi and limousine service","County, NAICS 4-digit -- by ownership sector","All establishment sizes",4,44,49,53,239591,83043,1663,379,"",1.35,1.23,1.37,1.50,0.79,2.10,1.26,0.58,"N",-1,-20.0,0,0,0,0,0,0,0,0,0,0,0,0,0,0
"36093","5","48531","77","0","2016","1","","Schenectady County, New York","Private","NAICS 48531 Taxi service","County, NAICS 5-digit -- by ownership sector","All establishment sizes",4,32,30,29,120046,120046,2344,304,"",3.45,1.95,1.81,1.74,0.81,1.46,1.02,0.44,"N",0,0.0,0,0,0,0,0,0,0,0,0,0,0,0,0,0
"36093","5","48531","77","0","2016","2","","Schenectady County, New York","Private","NAICS 48531 Taxi service","County, NAICS 5-digit -- by ownership sector","All establishment sizes",4,32,36,37,158054,155606,2895,347,"",3.40,1.90,2.16,2.20,0.93,3.93,2.15,0.44,"",-1,-20.0,1,3.2,7,24.1,8,27.6,70584,80.7,68649,78.9,197,7.3,120,52.9
"36093","5","48531","77","0","2016","3","","Schenectady County, New York","Private","NAICS 48531 Taxi service","County, NAICS 5-digit -- by ownership sector","All establishment sizes",4,43,44,43,192400,113320,2151,342,"",3.44,2.67,2.73,2.61,1.22,4.12,2.47,0.46,"",-1,-20.0,21,95.5,23,109.5,21,95.5,129727,207.0,68554,153.1,574,36.4,119,53.4
"36093","5","48531","77","0","2016","4","","Schenectady County, New York","Private","NAICS 48531 Taxi service","County, NAICS 5-digit -- by ownership sector","All establishment sizes",4,44,49,53,239591,83043,1663,379,"",3.47,2.64,2.94,3.21,1.51,4.05,2.61,0.52,"N",-1,-20.0,0,0,0,0,0,0,0,0,0,0,0,0,0,0
"36093","5","485310","78","0","2016","1","","Schenectady County, New York","Private","NAICS 485310 Taxi service","County, NAICS 6-digit -- by ownership sector","All establishment sizes",4,32,30,29,120046,120046,2344,304,"",3.45,1.95,1.81,1.74,0.81,1.46,1.02,0.44,"N",0,0.0,0,0,0,0,0,0,0,0,0,0,0,0,0,0
"36093","5","485310","78","0","2016","2","","Schenectady County, New York","Private","NAICS 485310 Taxi service","County, NAICS 6-digit -- by ownership sector","All establishment sizes",4,32,36,37,158054,155606,2895,347,"",3.40,1.90,2.16,2.20,0.93,3.93,2.15,0.44,"",-1,-20.0,1,3.2,7,24.1,8,27.6,70584,80.7,68649,78.9,197,7.3,120,52.9
"36093","5","485310","78","0","2016","3","","Schenectady County, New York","Private","NAICS 485310 Taxi service","County, NAICS 6-digit -- by ownership sector","All establishment sizes",4,43,44,43,192400,113320,2151,342,"",3.44,2.67,2.73,2.61,1.22,4.12,2.47,0.46,"",-1,-20.0,21,95.5,23,109.5,21,95.5,129727,207.0,68554,153.1,574,36.4,119,53.4
"36093","5","485310","78","0","2016","4","","Schenectady County, New York","Private","NAICS 485310 Taxi service","County, NAICS 6-digit -- by ownership sector","All establishment sizes",4,44,49,53,239591,83043,1663,379,"",3.47,2.64,2.94,3.21,1.51,4.05,2.61,0.52,"N",-1,-20.0,0,0,0,0,0,0,0,0,0,0,0,0,0,0
"36093","5","4854","76","0","2016","1","N","Schenectady County, New York","Private","NAICS 4854 School and employee bus transportation","County, NAICS 4-digit -- by ownership sector","All establishment sizes",2,0,0,0,0,0,0,0,"N",1.30,0,0,0,0,0,0,0,"N",0,0.0,0,0,0,0,0,0,0,0,0,0,0,0,0,0
"36093","5","4854","76","0","2016","2","N","Schenectady County, New York","Private","NAICS 4854 School and employee bus transportation","County, NAICS 4-digit -- by ownership sector","All establishment sizes",2,0,0,0,0,0,0,0,"N",1.29,0,0,0,0,0,0,0,"N",0,0.0,0,0,0,0,0,0,0,0,0,0,0,0,0,0
"36093","5","4854","76","0","2016","3","N","Schenectady County, New York","Private","NAICS 4854 School and employee bus transportation","County, NAICS 4-digit -- by ownership sector","All establishment sizes",2,0,0,0,0,0,0,0,"N",1.29,0,0,0,0,0,0,0,"N",0,0.0,0,0,0,0,0,0,0,0,0,0,0,0,0,0
"36093","5","4854","76","0","2016","4","N","Schenectady County, New York","Private","NAICS 4854 School and employee bus transportation","County, NAICS 4-digit -- by ownership sector","All establishment sizes",2,0,0,0,0,0,0,0,"N",1.30,0,0,0,0,0,0,0,"N",0,0.0,0,0,0,0,0,0,0,0,0,0,0,0,0,0
"36093","5","48541","77","0","2016","1","N","Schenectady County, New York","Private","NAICS 48541 School and employee bus transportation","County, NAICS 5-digit -- by ownership sector","All establishment sizes",2,0,0,0,0,0,0,0,"N",1.30,0,0,0,0,0,0,0,"N",0,0.0,0,0,0,0,0,0,0,0,0,0,0,0,0,0
"36093","5","48541","77","0","2016","2","N","Schenectady County, New York","Private","NAICS 48541 School and employee bus transportation","County, NAICS 5-digit -- by ownership sector","All establishment sizes",2,0,0,0,0,0,0,0,"N",1.29,0,0,0,0,0,0,0,"N",0,0.0,0,0,0,0,0,0,0,0,0,0,0,0,0,0
"36093","5","48541","77","0","2016","3","N","Schenectady County, New York","Private","NAICS 48541 School and employee bus transportation","County, NAICS 5-digit -- by ownership sector","All establishment sizes",2,0,0,0,0,0,0,0,"N",1.29,0,0,0,0,0,0,0,"N",0,0.0,0,0,0,0,0,0,0,0,0,0,0,0,0,0
"36093","5","48541","77","0","2016","4","N","Schenectady County, New York","Private","NAICS 48541 School and employee bus transportation","County, NAICS 5-digit -- by ownership sector","All establishment sizes",2,0,0,0,0,0,0,0,"N",1.30,0,0,0,0,0,0,0,"N",0,0.0,0,0,0,0,0,0,0,0,0,0,0,0,0,0
"36093","5","485410","78","0","2016","1","N","Schenectady County, New York","Private","NAICS 485410 School and employee bus transportation","County, NAICS 6-digit -- by ownership sector","All establishment sizes",2,0,0,0,0,0,0,0,"N",1.30,0,0,0,0,0,0,0,"N",0,0.0,0,0,0,0,0,0,0,0,0,0,0,0,0,0
"36093","5","485410","78","0","2016","2","N","Schenectady County, New York","Private","NAICS 485410 School and employee bus transportation","County, NAICS 6-digit -- by ownership sector","All establishment sizes",2,0,0,0,0,0,0,0,"N",1.29,0,0,0,0,0,0,0,"N",0,0.0,0,0,0,0,0,0,0,0,0,0,0,0,0,0
"36093","5","485410","78","0","2016","3","N","Schenectady County, New York","Private","NAICS 485410 School and employee bus transportation","County, NAICS 6-digit -- by ownership sector","All establishment sizes",2,0,0,0,0,0,0,0,"N",1.29,0,0,0,0,0,0,0,"N",0,0.0,0,0,0,0,0,0,0,0,0,0,0,0,0,0
"36093","5","485410","78","0","2016","4","N","Schenectady County, New York","Private","NAICS 485410 School and employee bus transportation","County, NAICS 6-digit -- by ownership sector","All establishment sizes",2,0,0,0,0,0,0,0,"N",1.30,0,0,0,0,0,0,0,"N",0,0.0,0,0,0,0,0,0,0,0,0,0,0,0,0,0
"36093","5","4855","76","0","2016","1","N","Schenectady County, New York","Private","NAICS 4855 Charter bus industry","County, NAICS 4-digit -- by ownership sector","All establishment sizes",2,0,0,0,0,0,0,0,"N",4.13,0,0,0,0,0,0,0,"N",0,0.0,0,0,0,0,0,0,0,0,0,0,0,0,0,0
"36093","5","4855","76","0","2016","2","N","Schenectady County, New York","Private","NAICS 4855 Charter bus industry","County, NAICS 4-digit -- by ownership sector","All establishment sizes",2,0,0,0,0,0,0,0,"N",4.11,0,0,0,0,0,0,0,"N",0,0.0,0,0,0,0,0,0,0,0,0,0,0,0,0,0
"36093","5","4855","76","0","2016","3","N","Schenectady County, New York","Private","NAICS 4855 Charter bus industry","County, NAICS 4-digit -- by ownership sector","All establishment sizes",2,0,0,0,0,0,0,0,"N",4.04,0,0,0,0,0,0,0,"N",0,0.0,0,0,0,0,0,0,0,0,0,0,0,0,0,0
"36093","5","4855","76","0","2016","4","N","Schenectady County, New York","Private","NAICS 4855 Charter bus industry","County, NAICS 4-digit -- by ownership sector","All establishment sizes",2,0,0,0,0,0,0,0,"N",4.05,0,0,0,0,0,0,0,"N",0,0.0,0,0,0,0,0,0,0,0,0,0,0,0,0,0
"36093","5","48551","77","0","2016","1","N","Schenectady County, New York","Private","NAICS 48551 Charter bus industry","County, NAICS 5-digit -- by ownership sector","All establishment sizes",2,0,0,0,0,0,0,0,"N",4.13,0,0,0,0,0,0,0,"N",0,0.0,0,0,0,0,0,0,0,0,0,0,0,0,0,0
"36093","5","48551","77","0","2016","2","N","Schenectady County, New York","Private","NAICS 48551 Charter bus industry","County, NAICS 5-digit -- by ownership sector","All establishment sizes",2,0,0,0,0,0,0,0,"N",4.11,0,0,0,0,0,0,0,"N",0,0.0,0,0,0,0,0,0,0,0,0,0,0,0,0,0
"36093","5","48551","77","0","2016","3","N","Schenectady County, New York","Private","NAICS 48551 Charter bus industry","County, NAICS 5-digit -- by ownership sector","All establishment sizes",2,0,0,0,0,0,0,0,"N",4.04,0,0,0,0,0,0,0,"N",0,0.0,0,0,0,0,0,0,0,0,0,0,0,0,0,0
"36093","5","48551","77","0","2016","4","N","Schenectady County, New York","Private","NAICS 48551 Charter bus industry","County, NAICS 5-digit -- by ownership sector","All establishment sizes",2,0,0,0,0,0,0,0,"N",4.05,0,0,0,0,0,0,0,"N",0,0.0,0,0,0,0,0,0,0,0,0,0,0,0,0,0
"36093","5","485510","78","0","2016","1","N","Schenectady County, New York","Private","NAICS 485510 Charter bus industry","County, NAICS 6-digit -- by ownership sector","All establishment sizes",2,0,0,0,0,0,0,0,"N",4.13,0,0,0,0,0,0,0,"N",0,0.0,0,0,0,0,0,0,0,0,0,0,0,0,0,0
"36093","5","485510","78","0","2016","2","N","Schenectady County, New York","Private","NAICS 485510 Charter bus industry","County, NAICS 6-digit -- by ownership sector","All establishment sizes",2,0,0,0,0,0,0,0,"N",4.11,0,0,0,0,0,0,0,"N",0,0.0,0,0,0,0,0,0,0,0,0,0,0,0,0,0
"36093","5","485510","78","0","2016","3","N","Schenectady County, New York","Private","NAICS 485510 Charter bus industry","County, NAICS 6-digit -- by ownership sector","All establishment sizes",2,0,0,0,0,0,0,0,"N",4.04,0,0,0,0,0,0,0,"N",0,0.0,0,0,0,0,0,0,0,0,0,0,0,0,0,0
"36093","5","485510","78","0","2016","4","N","Schenectady County, New York","Private","NAICS 485510 Charter bus industry","County, NAICS 6-digit -- by ownership sector","All establishment sizes",2,0,0,0,0,0,0,0,"N",4.05,0,0,0,0,0,0,0,"N",0,0.0,0,0,0,0,0,0,0,0,0,0,0,0,0,0
"36093","5","4859","76","0","2016","1","","Schenectady County, New York","Private","NAICS 4859 Other ground passenger transportation","County, NAICS 4-digit -- by ownership sector","All establishment sizes",3,85,82,73,494939,252769,7710,476,"",1.69,1.88,1.79,1.59,1.68,1.16,0.90,0.96,"",0,0.0,11,14.9,8,10.8,-4,-5.2,35902,7.8,7851,3.2,-325,-4.0,5,1.1
"36093","5","4859","76","0","2016","2","","Schenectady County, New York","Private","NAICS 4859 Other ground passenger transportation","County, NAICS 4-digit -- by ownership sector","All establishment sizes",3,72,74,70,523005,164404,4559,559,"",1.66,1.55,1.61,1.52,1.43,1.81,1.11,0.92,"",0,0.0,-9,-11.1,-5,-6.3,-6,-7.9,181,0.0,-29580,-15.2,-1578,-25.7,48,9.4
"36093","5","4859","76","0","2016","3","","Schenectady County, New York","Private","NAICS 4859 Other ground passenger transportation","County, NAICS 4-digit -- by ownership sector","All establishment sizes",4,75,75,72,533299,88543,2088,554,"",2.19,1.71,1.70,1.61,1.54,1.63,0.96,0.92,"",1,33.3,-6,-7.4,-10,-11.8,-16,-18.2,24148,4.7,-2979,-3.3,-605,-22.5,91,19.7
"36093","5","4859","76","0","2016","4","N","Schenectady County, New York","Private","NAICS 4859 Other ground passenger transportation","County, NAICS 4-digit -- by ownership sector","All establishment sizes",4,0,0,0,0,0,0,0,"N",2.17,0,0,0,0,0,0,0,"N",1,33.3,0,0,0,0,0,0,0,0,0,0,0,0,0,0
"36093","5","48599","77","0","2016","1","","Schenectady County, New York","Private","NAICS 48599 Other ground passenger transportation","County, NAICS 5-digit -- by ownership sector","All establishment sizes",3,85,82,73,494939,252769,7710,476,"",1.69,1.88,1.79,1.59,1.68,1.16,0.90,0.96,"",0,0.0,11,14.9,8,10.8,-4,-5.2,35902,7.8,7851,3.2,-325,-4.0,5,1.1
"36093","5","48599","77","0","2016","2","","Schenectady County, New York","Private","NAICS 48599 Other ground passenger transportation","County, NAICS 5-digit -- by ownership sector","All establishment sizes",3,72,74,70,523005,164404,4559,559,"",1.66,1.55,1.61,1.52,1.43,1.81,1.11,0.92,"",0,0.0,-9,-11.1,-5,-6.3,-6,-7.9,181,0.0,-29580,-15.2,-1578,-25.7,48,9.4
"36093","5","48599","77","0","2016","3","","Schenectady County, New York","Private","NAICS 48599 Other ground passenger transportation","County, NAICS 5-digit -- by ownership sector","All establishment sizes",4,75,75,72,533299,88543,2088,554,"",2.19,1.71,1.70,1.61,1.54,1.63,0.96,0.92,"",1,33.3,-6,-7.4,-10,-11.8,-16,-18.2,24148,4.7,-2979,-3.3,-605,-22.5,91,19.7
"36093","5","48599","77","0","2016","4","N","Schenectady County, New York","Private","NAICS 48599 Other ground passenger transportation","County, NAICS 5-digit -- by ownership sector","All establishment sizes",4,0,0,0,0,0,0,0,"N",2.17,0,0,0,0,0,0,0,"N",1,33.3,0,0,0,0,0,0,0,0,0,0,0,0,0,0
"36093","5","485991","78","0","2016","1","","Schenectady County, New York","Private","NAICS 485991 Special needs transportation","County, NAICS 6-digit -- by ownership sector","All establishment sizes",3,85,82,73,494939,252769,7710,476,"",2.86,2.77,2.64,2.35,2.45,1.71,1.26,0.95,"",0,0.0,11,14.9,8,10.8,-4,-5.2,35902,7.8,7851,3.2,-325,-4.0,5,1.1
"36093","5","485991","78","0","2016","2","","Schenectady County, New York","Private","NAICS 485991 Special needs transportation","County, NAICS 6-digit -- by ownership sector","All establishment sizes",3,72,74,70,523005,164404,4559,559,"",2.80,2.29,2.37,2.22,2.09,2.78,1.64,0.91,"",0,0.0,-9,-11.1,-5,-6.3,-6,-7.9,181,0.0,-29580,-15.2,-1578,-25.7,48,9.4
"36093","5","485991","78","0","2016","3","","Schenectady County, New York","Private","NAICS 485991 Special needs transportation","County, NAICS 6-digit -- by ownership sector","All establishment sizes",4,75,75,72,533299,88543,2088,554,"",3.72,2.53,2.52,2.38,2.26,2.65,1.51,0.91,"",1,33.3,-6,-7.4,-10,-11.8,-16,-18.2,24148,4.7,-2979,-3.3,-605,-22.5,91,19.7
"36093","5","485991","78","0","2016","4","N","Schenectady County, New York","Private","NAICS 485991 Special needs transportation","County, NAICS 6-digit -- by ownership sector","All establishment sizes",4,0,0,0,0,0,0,0,"N",3.70,0,0,0,0,0,0,0,"N",1,33.3,0,0,0,0,0,0,0,0,0,0,0,0,0,0
"36093","5","486","75","0","2016","1","N","Schenectady County, New York","Private","NAICS 486 Pipeline transportation","County, NAICS 3-digit -- by ownership sector","All establishment sizes",1,0,0,0,0,0,0,0,"N",0.98,0,0,0,0,0,0,0,"N",0,0.0,0,0,0,0,0,0,0,0,0,0,0,0,0,0
"36093","5","486","75","0","2016","2","N","Schenectady County, New York","Private","NAICS 486 Pipeline transportation","County, NAICS 3-digit -- by ownership sector","All establishment sizes",1,0,0,0,0,0,0,0,"N",0.98,0,0,0,0,0,0,0,"N",0,0.0,0,0,0,0,0,0,0,0,0,0,0,0,0,0
"36093","5","486","75","0","2016","3","N","Schenectady County, New York","Private","NAICS 486 Pipeline transportation","County, NAICS 3-digit -- by ownership sector","All establishment sizes",1,0,0,0,0,0,0,0,"N",0.99,0,0,0,0,0,0,0,"N",0,0.0,0,0,0,0,0,0,0,0,0,0,0,0,0,0
"36093","5","486","75","0","2016","4","N","Schenectady County, New York","Private","NAICS 486 Pipeline transportation","County, NAICS 3-digit -- by ownership sector","All establishment sizes",1,0,0,0,0,0,0,0,"N",0.98,0,0,0,0,0,0,0,"N",0,0.0,0,0,0,0,0,0,0,0,0,0,0,0,0,0
"36093","5","4862","76","0","2016","1","N","Schenectady County, New York","Private","NAICS 4862 Pipeline transportation of natural gas","County, NAICS 4-digit -- by ownership sector","All establishment sizes",1,0,0,0,0,0,0,0,"N",1.60,0,0,0,0,0,0,0,"N",0,0.0,0,0,0,0,0,0,0,0,0,0,0,0,0,0
"36093","5","4862","76","0","2016","2","N","Schenectady County, New York","Private","NAICS 4862 Pipeline transportation of natural gas","County, NAICS 4-digit -- by ownership sector","All establishment sizes",1,0,0,0,0,0,0,0,"N",1.59,0,0,0,0,0,0,0,"N",0,0.0,0,0,0,0,0,0,0,0,0,0,0,0,0,0
"36093","5","4862","76","0","2016","3","N","Schenectady County, New York","Private","NAICS 4862 Pipeline transportation of natural gas","County, NAICS 4-digit -- by ownership sector","All establishment sizes",1,0,0,0,0,0,0,0,"N",1.60,0,0,0,0,0,0,0,"N",0,0.0,0,0,0,0,0,0,0,0,0,0,0,0,0,0
"36093","5","4862","76","0","2016","4","N","Schenectady County, New York","Private","NAICS 4862 Pipeline transportation of natural gas","County, NAICS 4-digit -- by ownership sector","All establishment sizes",1,0,0,0,0,0,0,0,"N",1.57,0,0,0,0,0,0,0,"N",0,0.0,0,0,0,0,0,0,0,0,0,0,0,0,0,0
"36093","5","48621","77","0","2016","1","N","Schenectady County, New York","Private","NAICS 48621 Pipeline transportation of natural gas","County, NAICS 5-digit -- by ownership sector","All establishment sizes",1,0,0,0,0,0,0,0,"N",1.60,0,0,0,0,0,0,0,"N",0,0.0,0,0,0,0,0,0,0,0,0,0,0,0,0,0
"36093","5","48621","77","0","2016","2","N","Schenectady County, New York","Private","NAICS 48621 Pipeline transportation of natural gas","County, NAICS 5-digit -- by ownership sector","All establishment sizes",1,0,0,0,0,0,0,0,"N",1.59,0,0,0,0,0,0,0,"N",0,0.0,0,0,0,0,0,0,0,0,0,0,0,0,0,0
"36093","5","48621","77","0","2016","3","N","Schenectady County, New York","Private","NAICS 48621 Pipeline transportation of natural gas","County, NAICS 5-digit -- by ownership sector","All establishment sizes",1,0,0,0,0,0,0,0,"N",1.60,0,0,0,0,0,0,0,"N",0,0.0,0,0,0,0,0,0,0,0,0,0,0,0,0,0
"36093","5","48621","77","0","2016","4","N","Schenectady County, New York","Private","NAICS 48621 Pipeline transportation of natural gas","County, NAICS 5-digit -- by ownership sector","All establishment sizes",1,0,0,0,0,0,0,0,"N",1.57,0,0,0,0,0,0,0,"N",0,0.0,0,0,0,0,0,0,0,0,0,0,0,0,0,0
"36093","5","486210","78","0","2016","1","N","Schenectady County, New York","Private","NAICS 486210 Pipeline transportation of natural gas","County, NAICS 6-digit -- by ownership sector","All establishment sizes",1,0,0,0,0,0,0,0,"N",1.60,0,0,0,0,0,0,0,"N",0,0.0,0,0,0,0,0,0,0,0,0,0,0,0,0,0
"36093","5","486210","78","0","2016","2","N","Schenectady County, New York","Private","NAICS 486210 Pipeline transportation of natural gas","County, NAICS 6-digit -- by ownership sector","All establishment sizes",1,0,0,0,0,0,0,0,"N",1.59,0,0,0,0,0,0,0,"N",0,0.0,0,0,0,0,0,0,0,0,0,0,0,0,0,0
"36093","5","486210","78","0","2016","3","N","Schenectady County, New York","Private","NAICS 486210 Pipeline transportation of natural gas","County, NAICS 6-digit -- by ownership sector","All establishment sizes",1,0,0,0,0,0,0,0,"N",1.60,0,0,0,0,0,0,0,"N",0,0.0,0,0,0,0,0,0,0,0,0,0,0,0,0,0
"36093","5","486210","78","0","2016","4","N","Schenectady County, New York","Private","NAICS 486210 Pipeline transportation of natural gas","County, NAICS 6-digit -- by ownership sector","All establishment sizes",1,0,0,0,0,0,0,0,"N",1.57,0,0,0,0,0,0,0,"N",0,0.0,0,0,0,0,0,0,0,0,0,0,0,0,0,0
"36093","5","487","75","0","2016","1","N","Schenectady County, New York","Private","NAICS 487 Scenic and sightseeing transportation","County, NAICS 3-digit -- by ownership sector","All establishment sizes",1,0,0,0,0,0,0,0,"N",0.94,0,0,0,0,0,0,0,"N",-1,-50.0,0,0,0,0,0,0,0,0,0,0,0,0,0,0
"36093","5","487","75","0","2016","2","N","Schenectady County, New York","Private","NAICS 487 Scenic and sightseeing transportation","County, NAICS 3-digit -- by ownership sector","All establishment sizes",1,0,0,0,0,0,0,0,"N",0.91,0,0,0,0,0,0,0,"N",0,0.0,0,0,0,0,0,0,0,0,0,0,0,0,0,0
"36093","5","487","75","0","2016","3","N","Schenectady County, New York","Private","NAICS 487 Scenic and sightseeing transportation","County, NAICS 3-digit -- by ownership sector","All establishment sizes",1,0,0,0,0,0,0,0,"N",0.91,0,0,0,0,0,0,0,"N",0,0.0,0,0,0,0,0,0,0,0,0,0,0,0,0,0
"36093","5","487","75","0","2016","4","N","Schenectady County, New York","Private","NAICS 487 Scenic and sightseeing transportation","County, NAICS 3-digit -- by ownership sector","All establishment sizes",1,0,0,0,0,0,0,0,"N",0.90,0,0,0,0,0,0,0,"N",0,0.0,0,0,0,0,0,0,0,0,0,0,0,0,0,0
"36093","5","4871","76","0","2016","1","N","Schenectady County, New York","Private","NAICS 4871 Scenic and sightseeing transportation, land","County, NAICS 4-digit -- by ownership sector","All establishment sizes",1,0,0,0,0,0,0,0,"N",3.10,0,0,0,0,0,0,0,"N",-1,-50.0,0,0,0,0,0,0,0,0,0,0,0,0,0,0
"36093","5","4871","76","0","2016","2","N","Schenectady County, New York","Private","NAICS 4871 Scenic and sightseeing transportation, land","County, NAICS 4-digit -- by ownership sector","All establishment sizes",1,0,0,0,0,0,0,0,"N",3.03,0,0,0,0,0,0,0,"N",0,0.0,0,0,0,0,0,0,0,0,0,0,0,0,0,0
"36093","5","4871","76","0","2016","3","N","Schenectady County, New York","Private","NAICS 4871 Scenic and sightseeing transportation, land","County, NAICS 4-digit -- by ownership sector","All establishment sizes",1,0,0,0,0,0,0,0,"N",3.03,0,0,0,0,0,0,0,"N",0,0.0,0,0,0,0,0,0,0,0,0,0,0,0,0,0
"36093","5","4871","76","0","2016","4","N","Schenectady County, New York","Private","NAICS 4871 Scenic and sightseeing transportation, land","County, NAICS 4-digit -- by ownership sector","All establishment sizes",1,0,0,0,0,0,0,0,"N",3.03,0,0,0,0,0,0,0,"N",0,0.0,0,0,0,0,0,0,0,0,0,0,0,0,0,0
"36093","5","48711","77","0","2016","1","N","Schenectady County, New York","Private","NAICS 48711 Scenic and sightseeing transportation, land","County, NAICS 5-digit -- by ownership sector","All establishment sizes",1,0,0,0,0,0,0,0,"N",3.10,0,0,0,0,0,0,0,"N",-1,-50.0,0,0,0,0,0,0,0,0,0,0,0,0,0,0
"36093","5","48711","77","0","2016","2","N","Schenectady County, New York","Private","NAICS 48711 Scenic and sightseeing transportation, land","County, NAICS 5-digit -- by ownership sector","All establishment sizes",1,0,0,0,0,0,0,0,"N",3.03,0,0,0,0,0,0,0,"N",0,0.0,0,0,0,0,0,0,0,0,0,0,0,0,0,0
"36093","5","48711","77","0","2016","3","N","Schenectady County, New York","Private","NAICS 48711 Scenic and sightseeing transportation, land","County, NAICS 5-digit -- by ownership sector","All establishment sizes",1,0,0,0,0,0,0,0,"N",3.03,0,0,0,0,0,0,0,"N",0,0.0,0,0,0,0,0,0,0,0,0,0,0,0,0,0
"36093","5","48711","77","0","2016","4","N","Schenectady County, New York","Private","NAICS 48711 Scenic and sightseeing transportation, land","County, NAICS 5-digit -- by ownership sector","All establishment sizes",1,0,0,0,0,0,0,0,"N",3.03,0,0,0,0,0,0,0,"N",0,0.0,0,0,0,0,0,0,0,0,0,0,0,0,0,0
"36093","5","487110","78","0","2016","1","N","Schenectady County, New York","Private","NAICS 487110 Scenic and sightseeing transportation, land","County, NAICS 6-digit -- by ownership sector","All establishment sizes",1,0,0,0,0,0,0,0,"N",3.10,0,0,0,0,0,0,0,"N",-1,-50.0,0,0,0,0,0,0,0,0,0,0,0,0,0,0
"36093","5","487110","78","0","2016","2","N","Schenectady County, New York","Private","NAICS 487110 Scenic and sightseeing transportation, land","County, NAICS 6-digit -- by ownership sector","All establishment sizes",1,0,0,0,0,0,0,0,"N",3.03,0,0,0,0,0,0,0,"N",0,0.0,0,0,0,0,0,0,0,0,0,0,0,0,0,0
"36093","5","487110","78","0","2016","3","N","Schenectady County, New York","Private","NAICS 487110 Scenic and sightseeing transportation, land","County, NAICS 6-digit -- by ownership sector","All establishment sizes",1,0,0,0,0,0,0,0,"N",3.03,0,0,0,0,0,0,0,"N",0,0.0,0,0,0,0,0,0,0,0,0,0,0,0,0,0
"36093","5","487110","78","0","2016","4","N","Schenectady County, New York","Private","NAICS 487110 Scenic and sightseeing transportation, land","County, NAICS 6-digit -- by ownership sector","All establishment sizes",1,0,0,0,0,0,0,0,"N",3.03,0,0,0,0,0,0,0,"N",0,0.0,0,0,0,0,0,0,0,0,0,0,0,0,0,0
"36093","5","488","75","0","2016","1","","Schenectady County, New York","Private","NAICS 488 Support activities for transportation","County, NAICS 3-digit -- by ownership sector","All establishment sizes",10,36,38,35,264721,241440,8612,560,"",0.64,0.12,0.13,0.12,0.07,0.12,0.14,0.57,"",0,0.0,0,0.0,1,2.7,-1,-2.8,-3194,-1.2,-5515,-2.2,-2005,-18.9,-7,-1.2
"36093","5","488","75","0","2016","2","","Schenectady County, New York","Private","NAICS 488 Support activities for transportation","County, NAICS 3-digit -- by ownership sector","All establishment sizes",11,38,36,44,273183,114691,2630,534,"",0.69,0.13,0.12,0.15,0.06,0.22,0.14,0.48,"",1,10.0,2,5.6,1,2.9,6,15.8,31324,13.0,35921,45.6,99,3.9,22,4.3
"36093","5","488","75","0","2016","3","","Schenectady County, New York","Private","NAICS 488 Support activities for transportation","County, NAICS 3-digit -- by ownership sector","All establishment sizes",11,41,42,41,344172,82571,1502,641,"",0.69,0.14,0.15,0.14,0.09,0.26,0.14,0.59,"",1,10.0,4,10.8,5,13.5,3,7.9,65418,23.5,21875,36.0,-40,-2.6,67,11.7
"36093","5","488","75","0","2016","4","","Schenectady County, New York","Private","NAICS 488 Support activities for transportation","County, NAICS 3-digit -- by ownership sector","All establishment sizes",12,42,44,44,379023,78006,1470,673,"",0.75,0.14,0.15,0.15,0.10,0.32,0.18,0.65,"",2,20.0,3,7.7,5,12.8,8,22.2,33576,9.7,28358,57.1,-258,-14.9,-26,-3.7
"36093","5","4882","76","0","2016","1","N","Schenectady County, New York","Private","NAICS 4882 Support activities for rail transportation","County, NAICS 4-digit -- by ownership sector","All establishment sizes",1,0,0,0,0,0,0,0,"N",1.73,0,0,0,0,0,0,0,"N",0,0.0,0,0,0,0,0,0,0,0,0,0,0,0,0,0
"36093","5","4882","76","0","2016","2","N","Schenectady County, New York","Private","NAICS 4882 Support activities for rail transportation","County, NAICS 4-digit -- by ownership sector","All establishment sizes",2,0,0,0,0,0,0,0,"N",3.43,0,0,0,0,0,0,0,"N",1,100.0,0,0,0,0,0,0,0,0,0,0,0,0,0,0
"36093","5","4882","76","0","2016","3","N","Schenectady County, New York","Private","NAICS 4882 Support activities for rail transportation","County, NAICS 4-digit -- by ownership sector","All establishment sizes",2,0,0,0,0,0,0,0,"N",3.43,0,0,0,0,0,0,0,"N",1,100.0,0,0,0,0,0,0,0,0,0,0,0,0,0,0
"36093","5","4882","76","0","2016","4","N","Schenectady County, New York","Private","NAICS 4882 Support activities for rail transportation","County, NAICS 4-digit -- by ownership sector","All establishment sizes",2,0,0,0,0,0,0,0,"N",3.43,0,0,0,0,0,0,0,"N",1,100.0,0,0,0,0,0,0,0,0,0,0,0,0,0,0
"36093","5","48821","77","0","2016","1","N","Schenectady County, New York","Private","NAICS 48821 Support activities for rail transportation","County, NAICS 5-digit -- by ownership sector","All establishment sizes",1,0,0,0,0,0,0,0,"N",1.73,0,0,0,0,0,0,0,"N",0,0.0,0,0,0,0,0,0,0,0,0,0,0,0,0,0
"36093","5","48821","77","0","2016","2","N","Schenectady County, New York","Private","NAICS 48821 Support activities for rail transportation","County, NAICS 5-digit -- by ownership sector","All establishment sizes",2,0,0,0,0,0,0,0,"N",3.43,0,0,0,0,0,0,0,"N",1,100.0,0,0,0,0,0,0,0,0,0,0,0,0,0,0
"36093","5","48821","77","0","2016","3","N","Schenectady County, New York","Private","NAICS 48821 Support activities for rail transportation","County, NAICS 5-digit -- by ownership sector","All establishment sizes",2,0,0,0,0,0,0,0,"N",3.43,0,0,0,0,0,0,0,"N",1,100.0,0,0,0,0,0,0,0,0,0,0,0,0,0,0
"36093","5","48821","77","0","2016","4","N","Schenectady County, New York","Private","NAICS 48821 Support activities for rail transportation","County, NAICS 5-digit -- by ownership sector","All establishment sizes",2,0,0,0,0,0,0,0,"N",3.43,0,0,0,0,0,0,0,"N",1,100.0,0,0,0,0,0,0,0,0,0,0,0,0,0,0
"36093","5","488210","78","0","2016","1","N","Schenectady County, New York","Private","NAICS 488210 Support activities for rail transportation","County, NAICS 6-digit -- by ownership sector","All establishment sizes",1,0,0,0,0,0,0,0,"N",1.73,0,0,0,0,0,0,0,"N",0,0.0,0,0,0,0,0,0,0,0,0,0,0,0,0,0
"36093","5","488210","78","0","2016","2","N","Schenectady County, New York","Private","NAICS 488210 Support activities for rail transportation","County, NAICS 6-digit -- by ownership sector","All establishment sizes",2,0,0,0,0,0,0,0,"N",3.43,0,0,0,0,0,0,0,"N",1,100.0,0,0,0,0,0,0,0,0,0,0,0,0,0,0
"36093","5","488210","78","0","2016","3","N","Schenectady County, New York","Private","NAICS 488210 Support activities for rail transportation","County, NAICS 6-digit -- by ownership sector","All establishment sizes",2,0,0,0,0,0,0,0,"N",3.43,0,0,0,0,0,0,0,"N",1,100.0,0,0,0,0,0,0,0,0,0,0,0,0,0,0
"36093","5","488210","78","0","2016","4","N","Schenectady County, New York","Private","NAICS 488210 Support activities for rail transportation","County, NAICS 6-digit -- by ownership sector","All establishment sizes",2,0,0,0,0,0,0,0,"N",3.43,0,0,0,0,0,0,0,"N",1,100.0,0,0,0,0,0,0,0,0,0,0,0,0,0,0
"36093","5","4884","76","0","2016","1","N","Schenectady County, New York","Private","NAICS 4884 Support activities for road transportation","County, NAICS 4-digit -- by ownership sector","All establishment sizes",5,0,0,0,0,0,0,0,"N",1.18,0,0,0,0,0,0,0,"N",0,0.0,0,0,0,0,0,0,0,0,0,0,0,0,0,0
"36093","5","4884","76","0","2016","2","N","Schenectady County, New York","Private","NAICS 4884 Support activities for road transportation","County, NAICS 4-digit -- by ownership sector","All establishment sizes",5,0,0,0,0,0,0,0,"N",1.16,0,0,0,0,0,0,0,"N",0,0.0,0,0,0,0,0,0,0,0,0,0,0,0,0,0
"36093","5","4884","76","0","2016","3","N","Schenectady County, New York","Private","NAICS 4884 Support activities for road transportation","County, NAICS 4-digit -- by ownership sector","All establishment sizes",5,0,0,0,0,0,0,0,"N",1.16,0,0,0,0,0,0,0,"N",0,0.0,0,0,0,0,0,0,0,0,0,0,0,0,0,0
"36093","5","4884","76","0","2016","4","N","Schenectady County, New York","Private","NAICS 4884 Support activities for road transportation","County, NAICS 4-digit -- by ownership sector","All establishment sizes",6,0,0,0,0,0,0,0,"N",1.38,0,0,0,0,0,0,0,"N",1,20.0,0,0,0,0,0,0,0,0,0,0,0,0,0,0
"36093","5","48841","77","0","2016","1","","Schenectady County, New York","Private","NAICS 48841 Motor vehicle towing","County, NAICS 5-digit -- by ownership sector","All establishment sizes",4,14,14,13,80830,80830,1374,455,"",1.26,0.51,0.51,0.48,0.35,0.48,0.29,0.70,"N",0,0.0,0,0,0,0,0,0,0,0,0,0,0,0,0,0
"36093","5","48841","77","0","2016","2","","Schenectady County, New York","Private","NAICS 48841 Motor vehicle towing","County, NAICS 5-digit -- by ownership sector","All establishment sizes",4,14,13,13,86305,47260,803,498,"",1.25,0.51,0.48,0.47,0.32,0.86,0.45,0.65,"",0,0.0,1,7.7,-1,-7.1,-2,-13.3,8836,11.4,12943,37.7,61,8.2,72,16.9
"36093","5","48841","77","0","2016","3","","Schenectady County, New York","Private","NAICS 48841 Motor vehicle towing","County, NAICS 5-digit -- by ownership sector","All establishment sizes",4,13,14,14,101293,19498,332,570,"",1.24,0.49,0.52,0.52,0.38,0.53,0.28,0.74,"",0,0.0,-2,-13.3,-1,-6.7,-1,-6.7,-6868,-6.3,-23055,-54.2,-562,-62.9,15,2.7
"36093","5","48841","77","0","2016","4","","Schenectady County, New York","Private","NAICS 48841 Motor vehicle towing","County, NAICS 5-digit -- by ownership sector","All establishment sizes",5,15,16,18,113986,20577,451,537,"",1.54,0.54,0.58,0.66,0.44,0.73,0.50,0.75,"N",1,25.0,0,0,0,0,0,0,0,0,0,0,0,0,0,0
"36093","5","488410","78","0","2016","1","","Schenectady County, New York","Private","NAICS 488410 Motor vehicle towing","County, NAICS 6-digit -- by ownership sector","All establishment sizes",4,14,14,13,80830,80830,1374,455,"",1.26,0.51,0.51,0.48,0.35,0.48,0.29,0.70,"N",0,0.0,0,0,0,0,0,0,0,0,0,0,0,0,0,0
"36093","5","488410","78","0","2016","2","","Schenectady County, New York","Private","NAICS 488410 Motor vehicle towing","County, NAICS 6-digit -- by ownership sector","All establishment sizes",4,14,13,13,86305,47260,803,498,"",1.25,0.51,0.48,0.47,0.32,0.86,0.45,0.65,"",0,0.0,1,7.7,-1,-7.1,-2,-13.3,8836,11.4,12943,37.7,61,8.2,72,16.9
"36093","5","488410","78","0","2016","3","","Schenectady County, New York","Private","NAICS 488410 Motor vehicle towing","County, NAICS 6-digit -- by ownership sector","All establishment sizes",4,13,14,14,101293,19498,332,570,"",1.24,0.49,0.52,0.52,0.38,0.53,0.28,0.74,"",0,0.0,-2,-13.3,-1,-6.7,-1,-6.7,-6868,-6.3,-23055,-54.2,-562,-62.9,15,2.7
"36093","5","488410","78","0","2016","4","","Schenectady County, New York","Private","NAICS 488410 Motor vehicle towing","County, NAICS 6-digit -- by ownership sector","All establishment sizes",5,15,16,18,113986,20577,451,537,"",1.54,0.54,0.58,0.66,0.44,0.73,0.50,0.75,"N",1,25.0,0,0,0,0,0,0,0,0,0,0,0,0,0,0
"36093","5","48849","77","0","2016","1","N","Schenectady County, New York","Private","NAICS 48849 Other support activities for road transport.","County, NAICS 5-digit -- by ownership sector","All establishment sizes",1,0,0,0,0,0,0,0,"N",0.94,0,0,0,0,0,0,0,"N",0,0.0,0,0,0,0,0,0,0,0,0,0,0,0,0,0
"36093","5","48849","77","0","2016","2","N","Schenectady County, New York","Private","NAICS 48849 Other support activities for road transport.","County, NAICS 5-digit -- by ownership sector","All establishment sizes",1,0,0,0,0,0,0,0,"N",0.92,0,0,0,0,0,0,0,"N",0,0.0,0,0,0,0,0,0,0,0,0,0,0,0,0,0
"36093","5","48849","77","0","2016","3","N","Schenectady County, New York","Private","NAICS 48849 Other support activities for road transport.","County, NAICS 5-digit -- by ownership sector","All establishment sizes",1,0,0,0,0,0,0,0,"N",0.91,0,0,0,0,0,0,0,"N",0,0.0,0,0,0,0,0,0,0,0,0,0,0,0,0,0
"36093","5","48849","77","0","2016","4","N","Schenectady County, New York","Private","NAICS 48849 Other support activities for road transport.","County, NAICS 5-digit -- by ownership sector","All establishment sizes",1,0,0,0,0,0,0,0,"N",0.90,0,0,0,0,0,0,0,"N",0,0.0,0,0,0,0,0,0,0,0,0,0,0,0,0,0
"36093","5","488490","78","0","2016","1","N","Schenectady County, New York","Private","NAICS 488490 Other support activities for road transport.","County, NAICS 6-digit -- by ownership sector","All establishment sizes",1,0,0,0,0,0,0,0,"N",0.94,0,0,0,0,0,0,0,"N",0,0.0,0,0,0,0,0,0,0,0,0,0,0,0,0,0
"36093","5","488490","78","0","2016","2","N","Schenectady County, New York","Private","NAICS 488490 Other support activities for road transport.","County, NAICS 6-digit -- by ownership sector","All establishment sizes",1,0,0,0,0,0,0,0,"N",0.92,0,0,0,0,0,0,0,"N",0,0.0,0,0,0,0,0,0,0,0,0,0,0,0,0,0
"36093","5","488490","78","0","2016","3","N","Schenectady County, New York","Private","NAICS 488490 Other support activities for road transport.","County, NAICS 6-digit -- by ownership sector","All establishment sizes",1,0,0,0,0,0,0,0,"N",0.91,0,0,0,0,0,0,0,"N",0,0.0,0,0,0,0,0,0,0,0,0,0,0,0,0,0
"36093","5","488490","78","0","2016","4","N","Schenectady County, New York","Private","NAICS 488490 Other support activities for road transport.","County, NAICS 6-digit -- by ownership sector","All establishment sizes",1,0,0,0,0,0,0,0,"N",0.90,0,0,0,0,0,0,0,"N",0,0.0,0,0,0,0,0,0,0,0,0,0,0,0,0,0
"36093","5","4885","76","0","2016","1","","Schenectady County, New York","Private","NAICS 4885 Freight transportation arrangement","County, NAICS 4-digit -- by ownership sector","All establishment sizes",4,18,19,17,126638,112556,2673,541,"",0.61,0.19,0.20,0.18,0.09,0.15,0.12,0.48,"N",0,0.0,0,0,0,0,0,0,0,0,0,0,0,0,0,0
"36093","5","4885","76","0","2016","2","","Schenectady County, New York","Private","NAICS 4885 Freight transportation arrangement","County, NAICS 4-digit -- by ownership sector","All establishment sizes",4,19,18,25,139095,58993,1197,518,"",0.61,0.20,0.19,0.26,0.09,0.37,0.24,0.41,"N",0,0.0,0,0,0,0,0,0,0,0,0,0,0,0,0,0
"36093","5","4885","76","0","2016","3","","Schenectady County, New York","Private","NAICS 4885 Freight transportation arrangement","County, NAICS 4-digit -- by ownership sector","All establishment sizes",4,23,23,23,204758,57806,1036,685,"",0.61,0.25,0.25,0.25,0.14,0.66,0.38,0.56,"N",0,0.0,0,0,0,0,0,0,0,0,0,0,0,0,0,0
"36093","5","4885","76","0","2016","4","","Schenectady County, New York","Private","NAICS 4885 Freight transportation arrangement","County, NAICS 4-digit -- by ownership sector","All establishment sizes",4,23,22,23,231643,54115,932,786,"",0.61,0.25,0.23,0.25,0.16,0.83,0.44,0.65,"",0,0.0,5,27.8,5,29.4,7,43.8,40442,21.2,37319,222.2,349,59.9,-79,-9.1
"36093","5","48851","77","0","2016","1","","Schenectady County, New York","Private","NAICS 48851 Freight transportation arrangement","County, NAICS 5-digit -- by ownership sector","All establishment sizes",4,18,19,17,126638,112556,2673,541,"",0.61,0.19,0.20,0.18,0.09,0.15,0.12,0.48,"N",0,0.0,0,0,0,0,0,0,0,0,0,0,0,0,0,0
"36093","5","48851","77","0","2016","2","","Schenectady County, New York","Private","NAICS 48851 Freight transportation arrangement","County, NAICS 5-digit -- by ownership sector","All establishment sizes",4,19,18,25,139095,58993,1197,518,"",0.61,0.20,0.19,0.26,0.09,0.37,0.24,0.41,"N",0,0.0,0,0,0,0,0,0,0,0,0,0,0,0,0,0
"36093","5","48851","77","0","2016","3","","Schenectady County, New York","Private","NAICS 48851 Freight transportation arrangement","County, NAICS 5-digit -- by ownership sector","All establishment sizes",4,23,23,23,204758,57806,1036,685,"",0.61,0.25,0.25,0.25,0.14,0.66,0.38,0.56,"N",0,0.0,0,0,0,0,0,0,0,0,0,0,0,0,0,0
"36093","5","48851","77","0","2016","4","","Schenectady County, New York","Private","NAICS 48851 Freight transportation arrangement","County, NAICS 5-digit -- by ownership sector","All establishment sizes",4,23,22,23,231643,54115,932,786,"",0.61,0.25,0.23,0.25,0.16,0.83,0.44,0.65,"",0,0.0,5,27.8,5,29.4,7,43.8,40442,21.2,37319,222.2,349,59.9,-79,-9.1
"36093","5","488510","78","0","2016","1","","Schenectady County, New York","Private","NAICS 488510 Freight transportation arrangement","County, NAICS 6-digit -- by ownership sector","All establishment sizes",4,18,19,17,126638,112556,2673,541,"",0.61,0.19,0.20,0.18,0.09,0.15,0.12,0.48,"N",0,0.0,0,0,0,0,0,0,0,0,0,0,0,0,0,0
"36093","5","488510","78","0","2016","2","","Schenectady County, New York","Private","NAICS 488510 Freight transportation arrangement","County, NAICS 6-digit -- by ownership sector","All establishment sizes",4,19,18,25,139095,58993,1197,518,"",0.61,0.20,0.19,0.26,0.09,0.37,0.24,0.41,"N",0,0.0,0,0,0,0,0,0,0,0,0,0,0,0,0,0
"36093","5","488510","78","0","2016","3","","Schenectady County, New York","Private","NAICS 488510 Freight transportation arrangement","County, NAICS 6-digit -- by ownership sector","All establishment sizes",4,23,23,23,204758,57806,1036,685,"",0.61,0.25,0.25,0.25,0.14,0.66,0.38,0.56,"N",0,0.0,0,0,0,0,0,0,0,0,0,0,0,0,0,0
"36093","5","488510","78","0","2016","4","","Schenectady County, New York","Private","NAICS 488510 Freight transportation arrangement","County, NAICS 6-digit -- by ownership sector","All establishment sizes",4,23,22,23,231643,54115,932,786,"",0.61,0.25,0.23,0.25,0.16,0.83,0.44,0.65,"",0,0.0,5,27.8,5,29.4,7,43.8,40442,21.2,37319,222.2,349,59.9,-79,-9.1
"36093","5","492","75","0","2016","1","","Schenectady County, New York","Private","NAICS 492 Couriers and messengers","County, NAICS 3-digit -- by ownership sector","All establishment sizes",7,56,52,50,491629,419501,15571,718,"",1.12,0.20,0.19,0.19,0.16,0.25,0.53,0.84,"",-3,-30.0,-3,-5.1,-7,-11.9,-8,-13.8,-94348,-16.1,-67547,-13.9,-15535,-49.9,-50,-6.5
"36093","5","492","75","0","2016","2","","Schenectady County, New York","Private","NAICS 492 Couriers and messengers","County, NAICS 3-digit -- by ownership sector","All establishment sizes",7,50,49,50,570561,118245,4348,884,"",1.12,0.19,0.18,0.18,0.17,0.26,0.44,0.91,"",-3,-30.0,-6,-10.7,-8,-14.0,-6,-10.7,-13637,-2.3,550,0.5,-2274,-34.3,86,10.8
"36093","5","492","75","0","2016","3","","Schenectady County, New York","Private","NAICS 492 Couriers and messengers","County, NAICS 3-digit -- by ownership sector","All establishment sizes",8,52,48,47,664058,45949,1567,1042,"",1.28,0.20,0.18,0.17,0.21,0.19,0.29,1.11,"",-1,-11.1,-5,-8.8,-9,-15.8,-6,-11.3,108832,19.6,-11583,-20.1,-2096,-57.2,275,35.9
"36093","5","492","75","0","2016","4","","Schenectady County, New York","Private","NAICS 492 Couriers and messengers","County, NAICS 3-digit -- by ownership sector","All establishment sizes",8,49,55,60,645428,92243,3350,908,"",1.28,0.18,0.18,0.17,0.19,0.34,0.56,1.10,"",0,0.0,-1,-2.0,2,3.8,-2,-3.2,-38338,-5.6,-14979,-14.0,-3947,-54.1,-48,-5.0
"36093","5","4921","76","0","2016","1","N","Schenectady County, New York","Private","NAICS 4921 Couriers and express delivery services","County, NAICS 4-digit -- by ownership sector","All establishment sizes",2,0,0,0,0,0,0,0,"N",0.54,0,0,0,0,0,0,0,"N",-2,-50.0,0,0,0,0,0,0,0,0,0,0,0,0,0,0
"36093","5","4921","76","0","2016","2","N","Schenectady County, New York","Private","NAICS 4921 Couriers and express delivery services","County, NAICS 4-digit -- by ownership sector","All establishment sizes",2,0,0,0,0,0,0,0,"N",0.54,0,0,0,0,0,0,0,"N",-2,-50.0,0,0,0,0,0,0,0,0,0,0,0,0,0,0
"36093","5","4921","76","0","2016","3","N","Schenectady County, New York","Private","NAICS 4921 Couriers and express delivery services","County, NAICS 4-digit -- by ownership sector","All establishment sizes",2,0,0,0,0,0,0,0,"N",0.54,0,0,0,0,0,0,0,"N",-1,-33.3,0,0,0,0,0,0,0,0,0,0,0,0,0,0
"36093","5","4921","76","0","2016","4","N","Schenectady County, New York","Private","NAICS 4921 Couriers and express delivery services","County, NAICS 4-digit -- by ownership sector","All establishment sizes",2,0,0,0,0,0,0,0,"N",0.54,0,0,0,0,0,0,0,"N",0,0.0,0,0,0,0,0,0,0,0,0,0,0,0,0,0
"36093","5","49211","77","0","2016","1","N","Schenectady County, New York","Private","NAICS 49211 Couriers and express delivery services","County, NAICS 5-digit -- by ownership sector","All establishment sizes",2,0,0,0,0,0,0,0,"N",0.54,0,0,0,0,0,0,0,"N",-2,-50.0,0,0,0,0,0,0,0,0,0,0,0,0,0,0
"36093","5","49211","77","0","2016","2","N","Schenectady County, New York","Private","NAICS 49211 Couriers and express delivery services","County, NAICS 5-digit -- by ownership sector","All establishment sizes",2,0,0,0,0,0,0,0,"N",0.54,0,0,0,0,0,0,0,"N",-2,-50.0,0,0,0,0,0,0,0,0,0,0,0,0,0,0
"36093","5","49211","77","0","2016","3","N","Schenectady County, New York","Private","NAICS 49211 Couriers and express delivery services","County, NAICS 5-digit -- by ownership sector","All establishment sizes",2,0,0,0,0,0,0,0,"N",0.54,0,0,0,0,0,0,0,"N",-1,-33.3,0,0,0,0,0,0,0,0,0,0,0,0,0,0
"36093","5","49211","77","0","2016","4","N","Schenectady County, New York","Private","NAICS 49211 Couriers and express delivery services","County, NAICS 5-digit -- by ownership sector","All establishment sizes",2,0,0,0,0,0,0,0,"N",0.54,0,0,0,0,0,0,0,"N",0,0.0,0,0,0,0,0,0,0,0,0,0,0,0,0,0
"36093","5","492110","78","0","2016","1","N","Schenectady County, New York","Private","NAICS 492110 Couriers and express delivery services","County, NAICS 6-digit -- by ownership sector","All establishment sizes",2,0,0,0,0,0,0,0,"N",0.54,0,0,0,0,0,0,0,"N",-2,-50.0,0,0,0,0,0,0,0,0,0,0,0,0,0,0
"36093","5","492110","78","0","2016","2","N","Schenectady County, New York","Private","NAICS 492110 Couriers and express delivery services","County, NAICS 6-digit -- by ownership sector","All establishment sizes",2,0,0,0,0,0,0,0,"N",0.54,0,0,0,0,0,0,0,"N",-2,-50.0,0,0,0,0,0,0,0,0,0,0,0,0,0,0
"36093","5","492110","78","0","2016","3","N","Schenectady County, New York","Private","NAICS 492110 Couriers and express delivery services","County, NAICS 6-digit -- by ownership sector","All establishment sizes",2,0,0,0,0,0,0,0,"N",0.54,0,0,0,0,0,0,0,"N",-1,-33.3,0,0,0,0,0,0,0,0,0,0,0,0,0,0
"36093","5","492110","78","0","2016","4","N","Schenectady County, New York","Private","NAICS 492110 Couriers and express delivery services","County, NAICS 6-digit -- by ownership sector","All establishment sizes",2,0,0,0,0,0,0,0,"N",0.54,0,0,0,0,0,0,0,"N",0,0.0,0,0,0,0,0,0,0,0,0,0,0,0,0,0
"36093","5","4922","76","0","2016","1","N","Schenectady County, New York","Private","NAICS 4922 Local messengers and local delivery","County, NAICS 4-digit -- by ownership sector","All establishment sizes",5,0,0,0,0,0,0,0,"N",1.94,0,0,0,0,0,0,0,"N",-1,-16.7,0,0,0,0,0,0,0,0,0,0,0,0,0,0
"36093","5","4922","76","0","2016","2","N","Schenectady County, New York","Private","NAICS 4922 Local messengers and local delivery","County, NAICS 4-digit -- by ownership sector","All establishment sizes",5,0,0,0,0,0,0,0,"N",1.93,0,0,0,0,0,0,0,"N",-1,-16.7,0,0,0,0,0,0,0,0,0,0,0,0,0,0
"36093","5","4922","76","0","2016","3","N","Schenectady County, New York","Private","NAICS 4922 Local messengers and local delivery","County, NAICS 4-digit -- by ownership sector","All establishment sizes",6,0,0,0,0,0,0,0,"N",2.33,0,0,0,0,0,0,0,"N",0,0.0,0,0,0,0,0,0,0,0,0,0,0,0,0,0
"36093","5","4922","76","0","2016","4","N","Schenectady County, New York","Private","NAICS 4922 Local messengers and local delivery","County, NAICS 4-digit -- by ownership sector","All establishment sizes",6,0,0,0,0,0,0,0,"N",2.32,0,0,0,0,0,0,0,"N",0,0.0,0,0,0,0,0,0,0,0,0,0,0,0,0,0
"36093","5","49221","77","0","2016","1","N","Schenectady County, New York","Private","NAICS 49221 Local messengers and local delivery","County, NAICS 5-digit -- by ownership sector","All establishment sizes",5,0,0,0,0,0,0,0,"N",1.94,0,0,0,0,0,0,0,"N",-1,-16.7,0,0,0,0,0,0,0,0,0,0,0,0,0,0
"36093","5","49221","77","0","2016","2","N","Schenectady County, New York","Private","NAICS 49221 Local messengers and local delivery","County, NAICS 5-digit -- by ownership sector","All establishment sizes",5,0,0,0,0,0,0,0,"N",1.93,0,0,0,0,0,0,0,"N",-1,-16.7,0,0,0,0,0,0,0,0,0,0,0,0,0,0
"36093","5","49221","77","0","2016","3","N","Schenectady County, New York","Private","NAICS 49221 Local messengers and local delivery","County, NAICS 5-digit -- by ownership sector","All establishment sizes",6,0,0,0,0,0,0,0,"N",2.33,0,0,0,0,0,0,0,"N",0,0.0,0,0,0,0,0,0,0,0,0,0,0,0,0,0
"36093","5","49221","77","0","2016","4","N","Schenectady County, New York","Private","NAICS 49221 Local messengers and local delivery","County, NAICS 5-digit -- by ownership sector","All establishment sizes",6,0,0,0,0,0,0,0,"N",2.32,0,0,0,0,0,0,0,"N",0,0.0,0,0,0,0,0,0,0,0,0,0,0,0,0,0
"36093","5","492210","78","0","2016","1","N","Schenectady County, New York","Private","NAICS 492210 Local messengers and local delivery","County, NAICS 6-digit -- by ownership sector","All establishment sizes",5,0,0,0,0,0,0,0,"N",1.94,0,0,0,0,0,0,0,"N",-1,-16.7,0,0,0,0,0,0,0,0,0,0,0,0,0,0
"36093","5","492210","78","0","2016","2","N","Schenectady County, New York","Private","NAICS 492210 Local messengers and local delivery","County, NAICS 6-digit -- by ownership sector","All establishment sizes",5,0,0,0,0,0,0,0,"N",1.93,0,0,0,0,0,0,0,"N",-1,-16.7,0,0,0,0,0,0,0,0,0,0,0,0,0,0
"36093","5","492210","78","0","2016","3","N","Schenectady County, New York","Private","NAICS 492210 Local messengers and local delivery","County, NAICS 6-digit -- by ownership sector","All establishment sizes",6,0,0,0,0,0,0,0,"N",2.33,0,0,0,0,0,0,0,"N",0,0.0,0,0,0,0,0,0,0,0,0,0,0,0,0,0
"36093","5","492210","78","0","2016","4","N","Schenectady County, New York","Private","NAICS 492210 Local messengers and local delivery","County, NAICS 6-digit -- by ownership sector","All establishment sizes",6,0,0,0,0,0,0,0,"N",2.32,0,0,0,0,0,0,0,"N",0,0.0,0,0,0,0,0,0,0,0,0,0,0,0,0,0
"36093","5","493","75","0","2016","1","","Schenectady County, New York","Private","NAICS 493 Warehousing and storage","County, NAICS 3-digit -- by ownership sector","All establishment sizes",7,1110,1093,1090,13443043,8712533,215077,942,"",1.18,2.81,2.76,2.75,3.33,3.36,2.69,1.20,"",0,0.0,-1,-0.1,-47,-4.1,-62,-5.4,-307617,-2.2,-429471,-4.7,-99078,-31.5,10,1.1
"36093","5","493","75","0","2016","2","","Schenectady County, New York","Private","NAICS 493 Warehousing and storage","County, NAICS 3-digit -- by ownership sector","All establishment sizes",7,1085,1061,1077,13297061,1624403,50070,952,"",1.16,2.72,2.66,2.64,2.83,1.85,1.68,1.06,"",0,0.0,-68,-5.9,-79,-6.9,-75,-6.5,-1093586,-7.6,66436,4.3,-18699,-27.2,-12,-1.2
"36093","5","493","75","0","2016","3","","Schenectady County, New York","Private","NAICS 493 Warehousing and storage","County, NAICS 3-digit -- by ownership sector","All establishment sizes",7,1057,1067,1076,14320505,693079,19189,1033,"",1.16,2.68,2.68,2.63,3.17,1.33,1.14,1.19,"",0,0.0,-47,-4.3,-26,-2.4,-14,-1.3,111597,0.8,4793,0.7,-6767,-26.1,35,3.5
"36093","5","493","75","0","2016","4","","Schenectady County, New York","Private","NAICS 493 Warehousing and storage","County, NAICS 3-digit -- by ownership sector","All establishment sizes",7,1073,1092,1058,13135708,486027,13065,941,"",1.15,2.49,2.43,2.38,2.86,1.03,0.83,1.18,"",0,0.0,-18,-1.6,-9,-0.8,-22,-2.0,-1906464,-12.7,-36149,-6.9,-8819,-40.3,-120,-11.3
"36093","5","4931","76","0","2016","1","","Schenectady County, New York","Private","NAICS 4931 Warehousing and storage","County, NAICS 4-digit -- by ownership sector","All establishment sizes",7,1110,1093,1090,13443043,8712533,215077,942,"",1.18,2.81,2.76,2.75,3.33,3.36,2.69,1.20,"",0,0.0,-1,-0.1,-47,-4.1,-62,-5.4,-307617,-2.2,-429471,-4.7,-99078,-31.5,10,1.1
"36093","5","4931","76","0","2016","2","","Schenectady County, New York","Private","NAICS 4931 Warehousing and storage","County, NAICS 4-digit -- by ownership sector","All establishment sizes",7,1085,1061,1077,13297061,1624403,50070,952,"",1.16,2.72,2.66,2.64,2.83,1.85,1.68,1.06,"",0,0.0,-68,-5.9,-79,-6.9,-75,-6.5,-1093586,-7.6,66436,4.3,-18699,-27.2,-12,-1.2
"36093","5","4931","76","0","2016","3","","Schenectady County, New York","Private","NAICS 4931 Warehousing and storage","County, NAICS 4-digit -- by ownership sector","All establishment sizes",7,1057,1067,1076,14320505,693079,19189,1033,"",1.16,2.68,2.68,2.63,3.17,1.33,1.14,1.19,"",0,0.0,-47,-4.3,-26,-2.4,-14,-1.3,111597,0.8,4793,0.7,-6767,-26.1,35,3.5
"36093","5","4931","76","0","2016","4","","Schenectady County, New York","Private","NAICS 4931 Warehousing and storage","County, NAICS 4-digit -- by ownership sector","All establishment sizes",7,1073,1092,1058,13135708,486027,13065,941,"",1.15,2.49,2.43,2.38,2.86,1.03,0.83,1.18,"",0,0.0,-18,-1.6,-9,-0.8,-22,-2.0,-1906464,-12.7,-36149,-6.9,-8819,-40.3,-120,-11.3
"36093","5","49311","77","0","2016","1","N","Schenectady County, New York","Private","NAICS 49311 General warehousing and storage","County, NAICS 5-digit -- by ownership sector","All establishment sizes",5,0,0,0,0,0,0,0,"N",1.15,0,0,0,0,0,0,0,"N",0,0.0,0,0,0,0,0,0,0,0,0,0,0,0,0,0
"36093","5","49311","77","0","2016","2","N","Schenectady County, New York","Private","NAICS 49311 General warehousing and storage","County, NAICS 5-digit -- by ownership sector","All establishment sizes",5,0,0,0,0,0,0,0,"N",1.14,0,0,0,0,0,0,0,"N",0,0.0,0,0,0,0,0,0,0,0,0,0,0,0,0,0
"36093","5","49311","77","0","2016","3","N","Schenectady County, New York","Private","NAICS 49311 General warehousing and storage","County, NAICS 5-digit -- by ownership sector","All establishment sizes",5,0,0,0,0,0,0,0,"N",1.13,0,0,0,0,0,0,0,"N",0,0.0,0,0,0,0,0,0,0,0,0,0,0,0,0,0
"36093","5","49311","77","0","2016","4","N","Schenectady County, New York","Private","NAICS 49311 General warehousing and storage","County, NAICS 5-digit -- by ownership sector","All establishment sizes",5,0,0,0,0,0,0,0,"N",1.13,0,0,0,0,0,0,0,"N",0,0.0,0,0,0,0,0,0,0,0,0,0,0,0,0,0
"36093","5","493110","78","0","2016","1","N","Schenectady County, New York","Private","NAICS 493110 General warehousing and storage","County, NAICS 6-digit -- by ownership sector","All establishment sizes",5,0,0,0,0,0,0,0,"N",1.15,0,0,0,0,0,0,0,"N",0,0.0,0,0,0,0,0,0,0,0,0,0,0,0,0,0
"36093","5","493110","78","0","2016","2","N","Schenectady County, New York","Private","NAICS 493110 General warehousing and storage","County, NAICS 6-digit -- by ownership sector","All establishment sizes",5,0,0,0,0,0,0,0,"N",1.14,0,0,0,0,0,0,0,"N",0,0.0,0,0,0,0,0,0,0,0,0,0,0,0,0,0
"36093","5","493110","78","0","2016","3","N","Schenectady County, New York","Private","NAICS 493110 General warehousing and storage","County, NAICS 6-digit -- by ownership sector","All establishment sizes",5,0,0,0,0,0,0,0,"N",1.13,0,0,0,0,0,0,0,"N",0,0.0,0,0,0,0,0,0,0,0,0,0,0,0,0,0
"36093","5","493110","78","0","2016","4","N","Schenectady County, New York","Private","NAICS 493110 General warehousing and storage","County, NAICS 6-digit -- by ownership sector","All establishment sizes",5,0,0,0,0,0,0,0,"N",1.13,0,0,0,0,0,0,0,"N",0,0.0,0,0,0,0,0,0,0,0,0,0,0,0,0,0
"36093","5","49312","77","0","2016","1","N","Schenectady County, New York","Private","NAICS 49312 Refrigerated warehousing and storage","County, NAICS 5-digit -- by ownership sector","All establishment sizes",2,0,0,0,0,0,0,0,"N",4.31,0,0,0,0,0,0,0,"N",0,0.0,0,0,0,0,0,0,0,0,0,0,0,0,0,0
"36093","5","49312","77","0","2016","2","N","Schenectady County, New York","Private","NAICS 49312 Refrigerated warehousing and storage","County, NAICS 5-digit -- by ownership sector","All establishment sizes",2,0,0,0,0,0,0,0,"N",4.30,0,0,0,0,0,0,0,"N",0,0.0,0,0,0,0,0,0,0,0,0,0,0,0,0,0
"36093","5","49312","77","0","2016","3","N","Schenectady County, New York","Private","NAICS 49312 Refrigerated warehousing and storage","County, NAICS 5-digit -- by ownership sector","All establishment sizes",2,0,0,0,0,0,0,0,"N",4.29,0,0,0,0,0,0,0,"N",0,0.0,0,0,0,0,0,0,0,0,0,0,0,0,0,0
"36093","5","49312","77","0","2016","4","N","Schenectady County, New York","Private","NAICS 49312 Refrigerated warehousing and storage","County, NAICS 5-digit -- by ownership sector","All establishment sizes",2,0,0,0,0,0,0,0,"N",4.29,0,0,0,0,0,0,0,"N",0,0.0,0,0,0,0,0,0,0,0,0,0,0,0,0,0
"36093","5","493120","78","0","2016","1","N","Schenectady County, New York","Private","NAICS 493120 Refrigerated warehousing and storage","County, NAICS 6-digit -- by ownership sector","All establishment sizes",2,0,0,0,0,0,0,0,"N",4.31,0,0,0,0,0,0,0,"N",0,0.0,0,0,0,0,0,0,0,0,0,0,0,0,0,0
"36093","5","493120","78","0","2016","2","N","Schenectady County, New York","Private","NAICS 493120 Refrigerated warehousing and storage","County, NAICS 6-digit -- by ownership sector","All establishment sizes",2,0,0,0,0,0,0,0,"N",4.30,0,0,0,0,0,0,0,"N",0,0.0,0,0,0,0,0,0,0,0,0,0,0,0,0,0
"36093","5","493120","78","0","2016","3","N","Schenectady County, New York","Private","NAICS 493120 Refrigerated warehousing and storage","County, NAICS 6-digit -- by ownership sector","All establishment sizes",2,0,0,0,0,0,0,0,"N",4.29,0,0,0,0,0,0,0,"N",0,0.0,0,0,0,0,0,0,0,0,0,0,0,0,0,0
"36093","5","493120","78","0","2016","4","N","Schenectady County, New York","Private","NAICS 493120 Refrigerated warehousing and storage","County, NAICS 6-digit -- by ownership sector","All establishment sizes",2,0,0,0,0,0,0,0,"N",4.29,0,0,0,0,0,0,0,"N",0,0.0,0,0,0,0,0,0,0,0,0,0,0,0,0,0
"36093","5","51","74","0","2016","1","","Schenectady County, New York","Private","NAICS 51 Information","County, NAICS Sector -- by ownership sector","All establishment sizes",35,1001,1025,1002,15743663,7372385,237220,1200,"",0.64,0.81,0.82,0.81,0.50,0.68,0.66,0.61,"",-3,-7.9,13,1.3,49,5.0,14,1.4,1162984,8.0,595974,8.8,-30650,-11.4,60,5.3
"36093","5","51","74","0","2016","2","","Schenectady County, New York","Private","NAICS 51 Information","County, NAICS Sector -- by ownership sector","All establishment sizes",36,1007,937,1010,14021920,1115931,37827,1095,"",0.65,0.80,0.76,0.79,0.44,0.57,0.53,0.56,"",-2,-5.3,4,0.4,-64,-6.4,7,0.7,245755,1.8,-81134,-6.8,-11619,-23.5,38,3.6
"36093","5","51","74","0","2016","3","","Schenectady County, New York","Private","NAICS 51 Information","County, NAICS Sector -- by ownership sector","All establishment sizes",35,1014,1007,1001,14782172,611831,19564,1129,"",0.63,0.83,0.83,0.82,0.46,0.54,0.43,0.56,"",-3,-7.9,-13,-1.3,-13,-1.3,-1,-0.1,531222,3.7,-92545,-13.1,-9254,-32.1,50,4.6
"36093","5","51","74","0","2016","4","","Schenectady County, New York","Private","NAICS 51 Information","County, NAICS Sector -- by ownership sector","All establishment sizes",35,970,976,1001,16736223,572502,19574,1311,"",0.62,0.78,0.78,0.81,0.56,0.71,0.57,0.72,"",-2,-5.4,-48,-4.7,-40,-3.9,-8,-0.8,1457404,9.5,-94228,-14.1,-8851,-31.1,152,13.1
"36093","5","511","75","0","2016","1","N","Schenectady County, New York","Private","NAICS 511 Publishing industries, except internet","County, NAICS 3-digit -- by ownership sector","All establishment sizes",10,0,0,0,0,0,0,0,"N",0.70,0,0,0,0,0,0,0,"N",0,0.0,0,0,0,0,0,0,0,0,0,0,0,0,0,0
"36093","5","511","75","0","2016","2","N","Schenectady County, New York","Private","NAICS 511 Publishing industries, except internet","County, NAICS 3-digit -- by ownership sector","All establishment sizes",11,0,0,0,0,0,0,0,"N",0.75,0,0,0,0,0,0,0,"N",1,10.0,0,0,0,0,0,0,0,0,0,0,0,0,0,0
"36093","5","511","75","0","2016","3","N","Schenectady County, New York","Private","NAICS 511 Publishing industries, except internet","County, NAICS 3-digit -- by ownership sector","All establishment sizes",10,0,0,0,0,0,0,0,"N",0.67,0,0,0,0,0,0,0,"N",0,0.0,0,0,0,0,0,0,0,0,0,0,0,0,0,0
"36093","5","511","75","0","2016","4","N","Schenectady County, New York","Private","NAICS 511 Publishing industries, except internet","County, NAICS 3-digit -- by ownership sector","All establishment sizes",11,0,0,0,0,0,0,0,"N",0.73,0,0,0,0,0,0,0,"N",1,10.0,0,0,0,0,0,0,0,0,0,0,0,0,0,0
"36093","5","5111","76","0","2016","1","N","Schenectady County, New York","Private","NAICS 5111 Newspaper, book, and directory publishers","County, NAICS 4-digit -- by ownership sector","All establishment sizes",6,0,0,0,0,0,0,0,"N",0.79,0,0,0,0,0,0,0,"N",0,0.0,0,0,0,0,0,0,0,0,0,0,0,0,0,0
"36093","5","5111","76","0","2016","2","N","Schenectady County, New York","Private","NAICS 5111 Newspaper, book, and directory publishers","County, NAICS 4-digit -- by ownership sector","All establishment sizes",6,0,0,0,0,0,0,0,"N",0.79,0,0,0,0,0,0,0,"N",0,0.0,0,0,0,0,0,0,0,0,0,0,0,0,0,0
"36093","5","5111","76","0","2016","3","N","Schenectady County, New York","Private","NAICS 5111 Newspaper, book, and directory publishers","County, NAICS 4-digit -- by ownership sector","All establishment sizes",6,0,0,0,0,0,0,0,"N",0.79,0,0,0,0,0,0,0,"N",0,0.0,0,0,0,0,0,0,0,0,0,0,0,0,0,0
"36093","5","5111","76","0","2016","4","N","Schenectady County, New York","Private","NAICS 5111 Newspaper, book, and directory publishers","County, NAICS 4-digit -- by ownership sector","All establishment sizes",7,0,0,0,0,0,0,0,"N",0.93,0,0,0,0,0,0,0,"N",1,16.7,0,0,0,0,0,0,0,0,0,0,0,0,0,0
"36093","5","51111","77","0","2016","1","N","Schenectady County, New York","Private","NAICS 51111 Newspaper publishers","County, NAICS 5-digit -- by ownership sector","All establishment sizes",1,0,0,0,0,0,0,0,"N",0.37,0,0,0,0,0,0,0,"N",0,0.0,0,0,0,0,0,0,0,0,0,0,0,0,0,0
"36093","5","51111","77","0","2016","2","N","Schenectady County, New York","Private","NAICS 51111 Newspaper publishers","County, NAICS 5-digit -- by ownership sector","All establishment sizes",1,0,0,0,0,0,0,0,"N",0.37,0,0,0,0,0,0,0,"N",0,0.0,0,0,0,0,0,0,0,0,0,0,0,0,0,0
"36093","5","51111","77","0","2016","3","N","Schenectady County, New York","Private","NAICS 51111 Newspaper publishers","County, NAICS 5-digit -- by ownership sector","All establishment sizes",1,0,0,0,0,0,0,0,"N",0.37,0,0,0,0,0,0,0,"N",0,0.0,0,0,0,0,0,0,0,0,0,0,0,0,0,0
"36093","5","51111","77","0","2016","4","N","Schenectady County, New York","Private","NAICS 51111 Newspaper publishers","County, NAICS 5-digit -- by ownership sector","All establishment sizes",2,0,0,0,0,0,0,0,"N",0.74,0,0,0,0,0,0,0,"N",1,100.0,0,0,0,0,0,0,0,0,0,0,0,0,0,0
"36093","5","511110","78","0","2016","1","N","Schenectady County, New York","Private","NAICS 511110 Newspaper publishers","County, NAICS 6-digit -- by ownership sector","All establishment sizes",1,0,0,0,0,0,0,0,"N",0.37,0,0,0,0,0,0,0,"N",0,0.0,0,0,0,0,0,0,0,0,0,0,0,0,0,0
"36093","5","511110","78","0","2016","2","N","Schenectady County, New York","Private","NAICS 511110 Newspaper publishers","County, NAICS 6-digit -- by ownership sector","All establishment sizes",1,0,0,0,0,0,0,0,"N",0.37,0,0,0,0,0,0,0,"N",0,0.0,0,0,0,0,0,0,0,0,0,0,0,0,0,0
"36093","5","511110","78","0","2016","3","N","Schenectady County, New York","Private","NAICS 511110 Newspaper publishers","County, NAICS 6-digit -- by ownership sector","All establishment sizes",1,0,0,0,0,0,0,0,"N",0.37,0,0,0,0,0,0,0,"N",0,0.0,0,0,0,0,0,0,0,0,0,0,0,0,0,0
"36093","5","511110","78","0","2016","4","N","Schenectady County, New York","Private","NAICS 511110 Newspaper publishers","County, NAICS 6-digit -- by ownership sector","All establishment sizes",2,0,0,0,0,0,0,0,"N",0.74,0,0,0,0,0,0,0,"N",1,100.0,0,0,0,0,0,0,0,0,0,0,0,0,0,0
"36093","5","51113","77","0","2016","1","N","Schenectady County, New York","Private","NAICS 51113 Book publishers","County, NAICS 5-digit -- by ownership sector","All establishment sizes",3,0,0,0,0,0,0,0,"N",2.27,0,0,0,0,0,0,0,"N",0,0.0,0,0,0,0,0,0,0,0,0,0,0,0,0,0
"36093","5","51113","77","0","2016","2","N","Schenectady County, New York","Private","NAICS 51113 Book publishers","County, NAICS 5-digit -- by ownership sector","All establishment sizes",3,0,0,0,0,0,0,0,"N",2.27,0,0,0,0,0,0,0,"N",0,0.0,0,0,0,0,0,0,0,0,0,0,0,0,0,0
"36093","5","51113","77","0","2016","3","N","Schenectady County, New York","Private","NAICS 51113 Book publishers","County, NAICS 5-digit -- by ownership sector","All establishment sizes",3,0,0,0,0,0,0,0,"N",2.25,0,0,0,0,0,0,0,"N",0,0.0,0,0,0,0,0,0,0,0,0,0,0,0,0,0
"36093","5","51113","77","0","2016","4","N","Schenectady County, New York","Private","NAICS 51113 Book publishers","County, NAICS 5-digit -- by ownership sector","All establishment sizes",3,0,0,0,0,0,0,0,"N",2.26,0,0,0,0,0,0,0,"N",0,0.0,0,0,0,0,0,0,0,0,0,0,0,0,0,0
"36093","5","511130","78","0","2016","1","N","Schenectady County, New York","Private","NAICS 511130 Book publishers","County, NAICS 6-digit -- by ownership sector","All establishment sizes",3,0,0,0,0,0,0,0,"N",2.27,0,0,0,0,0,0,0,"N",0,0.0,0,0,0,0,0,0,0,0,0,0,0,0,0,0
"36093","5","511130","78","0","2016","2","N","Schenectady County, New York","Private","NAICS 511130 Book publishers","County, NAICS 6-digit -- by ownership sector","All establishment sizes",3,0,0,0,0,0,0,0,"N",2.27,0,0,0,0,0,0,0,"N",0,0.0,0,0,0,0,0,0,0,0,0,0,0,0,0,0
"36093","5","511130","78","0","2016","3","N","Schenectady County, New York","Private","NAICS 511130 Book publishers","County, NAICS 6-digit -- by ownership sector","All establishment sizes",3,0,0,0,0,0,0,0,"N",2.25,0,0,0,0,0,0,0,"N",0,0.0,0,0,0,0,0,0,0,0,0,0,0,0,0,0
"36093","5","511130","78","0","2016","4","N","Schenectady County, New York","Private","NAICS 511130 Book publishers","County, NAICS 6-digit -- by ownership sector","All establishment sizes",3,0,0,0,0,0,0,0,"N",2.26,0,0,0,0,0,0,0,"N",0,0.0,0,0,0,0,0,0,0,0,0,0,0,0,0,0
"36093","5","51119","77","0","2016","1","N","Schenectady County, New York","Private","NAICS 51119 Other publishers","County, NAICS 5-digit -- by ownership sector","All establishment sizes",2,0,0,0,0,0,0,0,"N",4.17,0,0,0,0,0,0,0,"N",0,0.0,0,0,0,0,0,0,0,0,0,0,0,0,0,0
"36093","5","51119","77","0","2016","2","N","Schenectady County, New York","Private","NAICS 51119 Other publishers","County, NAICS 5-digit -- by ownership sector","All establishment sizes",2,0,0,0,0,0,0,0,"N",4.12,0,0,0,0,0,0,0,"N",0,0.0,0,0,0,0,0,0,0,0,0,0,0,0,0,0
"36093","5","51119","77","0","2016","3","N","Schenectady County, New York","Private","NAICS 51119 Other publishers","County, NAICS 5-digit -- by ownership sector","All establishment sizes",2,0,0,0,0,0,0,0,"N",4.11,0,0,0,0,0,0,0,"N",0,0.0,0,0,0,0,0,0,0,0,0,0,0,0,0,0
"36093","5","51119","77","0","2016","4","N","Schenectady County, New York","Private","NAICS 51119 Other publishers","County, NAICS 5-digit -- by ownership sector","All establishment sizes",2,0,0,0,0,0,0,0,"N",4.07,0,0,0,0,0,0,0,"N",0,0.0,0,0,0,0,0,0,0,0,0,0,0,0,0,0
"36093","5","511199","78","0","2016","1","N","Schenectady County, New York","Private","NAICS 511199 All other publishers","County, NAICS 6-digit -- by ownership sector","All establishment sizes",2,0,0,0,0,0,0,0,"N",4.50,0,0,0,0,0,0,0,"N",0,0.0,0,0,0,0,0,0,0,0,0,0,0,0,0,0
"36093","5","511199","78","0","2016","2","N","Schenectady County, New York","Private","NAICS 511199 All other publishers","County, NAICS 6-digit -- by ownership sector","All establishment sizes",2,0,0,0,0,0,0,0,"N",4.46,0,0,0,0,0,0,0,"N",0,0.0,0,0,0,0,0,0,0,0,0,0,0,0,0,0
"36093","5","511199","78","0","2016","3","N","Schenectady County, New York","Private","NAICS 511199 All other publishers","County, NAICS 6-digit -- by ownership sector","All establishment sizes",2,0,0,0,0,0,0,0,"N",4.44,0,0,0,0,0,0,0,"N",0,0.0,0,0,0,0,0,0,0,0,0,0,0,0,0,0
"36093","5","511199","78","0","2016","4","N","Schenectady County, New York","Private","NAICS 511199 All other publishers","County, NAICS 6-digit -- by ownership sector","All establishment sizes",2,0,0,0,0,0,0,0,"N",4.40,0,0,0,0,0,0,0,"N",0,0.0,0,0,0,0,0,0,0,0,0,0,0,0,0,0
"36093","5","5112","76","0","2016","1","N","Schenectady County, New York","Private","NAICS 5112 Software publishers","County, NAICS 4-digit -- by ownership sector","All establishment sizes",4,0,0,0,0,0,0,0,"N",0.59,0,0,0,0,0,0,0,"N",0,0.0,0,0,0,0,0,0,0,0,0,0,0,0,0,0
"36093","5","5112","76","0","2016","2","N","Schenectady County, New York","Private","NAICS 5112 Software publishers","County, NAICS 4-digit -- by ownership sector","All establishment sizes",5,0,0,0,0,0,0,0,"N",0.70,0,0,0,0,0,0,0,"N",1,25.0,0,0,0,0,0,0,0,0,0,0,0,0,0,0
"36093","5","5112","76","0","2016","3","N","Schenectady County, New York","Private","NAICS 5112 Software publishers","County, NAICS 4-digit -- by ownership sector","All establishment sizes",4,0,0,0,0,0,0,0,"N",0.55,0,0,0,0,0,0,0,"N",0,0.0,0,0,0,0,0,0,0,0,0,0,0,0,0,0
"36093","5","5112","76","0","2016","4","N","Schenectady County, New York","Private","NAICS 5112 Software publishers","County, NAICS 4-digit -- by ownership sector","All establishment sizes",4,0,0,0,0,0,0,0,"N",0.53,0,0,0,0,0,0,0,"N",0,0.0,0,0,0,0,0,0,0,0,0,0,0,0,0,0
"36093","5","51121","77","0","2016","1","N","Schenectady County, New York","Private","NAICS 51121 Software publishers","County, NAICS 5-digit -- by ownership sector","All establishment sizes",4,0,0,0,0,0,0,0,"N",0.59,0,0,0,0,0,0,0,"N",0,0.0,0,0,0,0,0,0,0,0,0,0,0,0,0,0
"36093","5","51121","77","0","2016","2","N","Schenectady County, New York","Private","NAICS 51121 Software publishers","County, NAICS 5-digit -- by ownership sector","All establishment sizes",5,0,0,0,0,0,0,0,"N",0.70,0,0,0,0,0,0,0,"N",1,25.0,0,0,0,0,0,0,0,0,0,0,0,0,0,0
"36093","5","51121","77","0","2016","3","N","Schenectady County, New York","Private","NAICS 51121 Software publishers","County, NAICS 5-digit -- by ownership sector","All establishment sizes",4,0,0,0,0,0,0,0,"N",0.55,0,0,0,0,0,0,0,"N",0,0.0,0,0,0,0,0,0,0,0,0,0,0,0,0,0
"36093","5","51121","77","0","2016","4","N","Schenectady County, New York","Private","NAICS 51121 Software publishers","County, NAICS 5-digit -- by ownership sector","All establishment sizes",4,0,0,0,0,0,0,0,"N",0.53,0,0,0,0,0,0,0,"N",0,0.0,0,0,0,0,0,0,0,0,0,0,0,0,0,0
"36093","5","511210","78","0","2016","1","N","Schenectady County, New York","Private","NAICS 511210 Software publishers","County, NAICS 6-digit -- by ownership sector","All establishment sizes",4,0,0,0,0,0,0,0,"N",0.59,0,0,0,0,0,0,0,"N",0,0.0,0,0,0,0,0,0,0,0,0,0,0,0,0,0
"36093","5","511210","78","0","2016","2","N","Schenectady County, New York","Private","NAICS 511210 Software publishers","County, NAICS 6-digit -- by ownership sector","All establishment sizes",5,0,0,0,0,0,0,0,"N",0.70,0,0,0,0,0,0,0,"N",1,25.0,0,0,0,0,0,0,0,0,0,0,0,0,0,0
"36093","5","511210","78","0","2016","3","N","Schenectady County, New York","Private","NAICS 511210 Software publishers","County, NAICS 6-digit -- by ownership sector","All establishment sizes",4,0,0,0,0,0,0,0,"N",0.55,0,0,0,0,0,0,0,"N",0,0.0,0,0,0,0,0,0,0,0,0,0,0,0,0,0
"36093","5","511210","78","0","2016","4","N","Schenectady County, New York","Private","NAICS 511210 Software publishers","County, NAICS 6-digit -- by ownership sector","All establishment sizes",4,0,0,0,0,0,0,0,"N",0.53,0,0,0,0,0,0,0,"N",0,0.0,0,0,0,0,0,0,0,0,0,0,0,0,0,0
"36093","5","512","75","0","2016","1","","Schenectady County, New York","Private","NAICS 512 Motion picture and sound recording industries","County, NAICS 3-digit -- by ownership sector","All establishment sizes",6,30,32,30,193439,159790,2717,485,"",0.58,0.16,0.17,0.16,0.06,0.16,0.06,0.40,"",0,0.0,-1,-3.2,4,14.3,-1,-3.2,3700,2.0,18274,12.9,-454,-14.3,-2,-0.4
"36093","5","512","75","0","2016","2","","Schenectady County, New York","Private","NAICS 512 Motion picture and sound recording industries","County, NAICS 3-digit -- by ownership sector","All establishment sizes",6,31,31,35,216512,83426,1419,515,"",0.58,0.16,0.15,0.17,0.07,0.25,0.07,0.43,"",0,0.0,1,3.3,5,19.2,5,16.7,48533,28.9,10598,14.6,-318,-18.3,64,14.2
"36093","5","512","75","0","2016","3","","Schenectady County, New York","Private","NAICS 512 Motion picture and sound recording industries","County, NAICS 3-digit -- by ownership sector","All establishment sizes",6,35,37,31,248694,68681,1168,557,"",0.58,0.18,0.19,0.16,0.08,0.26,0.07,0.44,"",0,0.0,6,20.7,5,15.6,6,24.0,16992,7.3,7105,11.5,-315,-21.2,-65,-10.5
"36093","5","512","75","0","2016","4","","Schenectady County, New York","Private","NAICS 512 Motion picture and sound recording industries","County, NAICS 3-digit -- by ownership sector","All establishment sizes",6,34,32,37,206160,44285,752,462,"",0.57,0.18,0.16,0.19,0.06,0.20,0.05,0.32,"",0,0.0,3,9.7,-2,-5.9,0,0.0,2199,1.1,1268,2.9,-337,-30.9,1,0.2
"36093","5","5121","76","0","2016","1","","Schenectady County, New York","Private","NAICS 5121 Motion picture and video industries","County, NAICS 4-digit -- by ownership sector","All establishment sizes",6,30,32,30,193439,159790,2717,485,"",0.66,0.17,0.17,0.17,0.07,0.17,0.06,0.40,"",0,0.0,-1,-3.2,4,14.3,-1,-3.2,3700,2.0,18274,12.9,-454,-14.3,-2,-0.4
"36093","5","5121","76","0","2016","2","","Schenectady County, New York","Private","NAICS 5121 Motion picture and video industries","County, NAICS 4-digit -- by ownership sector","All establishment sizes",6,31,31,35,216512,83426,1419,515,"",0.66,0.16,0.16,0.18,0.07,0.26,0.07,0.43,"",0,0.0,1,3.3,5,19.2,5,16.7,48533,28.9,10598,14.6,-318,-18.3,64,14.2
"36093","5","5121","76","0","2016","3","","Schenectady County, New York","Private","NAICS 5121 Motion picture and video industries","County, NAICS 4-digit -- by ownership sector","All establishment sizes",6,35,37,31,248694,68681,1168,557,"",0.66,0.19,0.20,0.17,0.08,0.26,0.07,0.44,"",0,0.0,6,20.7,5,15.6,6,24.0,16992,7.3,7105,11.5,-315,-21.2,-65,-10.5
"36093","5","5121","76","0","2016","4","","Schenectady County, New York","Private","NAICS 5121 Motion picture and video industries","County, NAICS 4-digit -- by ownership sector","All establishment sizes",6,34,32,37,206160,44285,752,462,"",0.65,0.18,0.17,0.20,0.06,0.20,0.05,0.33,"",0,0.0,3,9.7,-2,-5.9,0,0.0,2199,1.1,1268,2.9,-337,-30.9,1,0.2
"36093","5","51211","77","0","2016","1","N","Schenectady County, New York","Private","NAICS 51211 Motion picture and video production","County, NAICS 5-digit -- by ownership sector","All establishment sizes",4,0,0,0,0,0,0,0,"N",0.63,0,0,0,0,0,0,0,"N",0,0.0,0,0,0,0,0,0,0,0,0,0,0,0,0,0
"36093","5","51211","77","0","2016","2","N","Schenectady County, New York","Private","NAICS 51211 Motion picture and video production","County, NAICS 5-digit -- by ownership sector","All establishment sizes",4,0,0,0,0,0,0,0,"N",0.64,0,0,0,0,0,0,0,"N",0,0.0,0,0,0,0,0,0,0,0,0,0,0,0,0,0
"36093","5","51211","77","0","2016","3","N","Schenectady County, New York","Private","NAICS 51211 Motion picture and video production","County, NAICS 5-digit -- by ownership sector","All establishment sizes",4,0,0,0,0,0,0,0,"N",0.63,0,0,0,0,0,0,0,"N",0,0.0,0,0,0,0,0,0,0,0,0,0,0,0,0,0
"36093","5","51211","77","0","2016","4","N","Schenectady County, New York","Private","NAICS 51211 Motion picture and video production","County, NAICS 5-digit -- by ownership sector","All establishment sizes",4,0,0,0,0,0,0,0,"N",0.63,0,0,0,0,0,0,0,"N",0,0.0,0,0,0,0,0,0,0,0,0,0,0,0,0,0
"36093","5","512110","78","0","2016","1","N","Schenectady County, New York","Private","NAICS 512110 Motion picture and video production","County, NAICS 6-digit -- by ownership sector","All establishment sizes",4,0,0,0,0,0,0,0,"N",0.63,0,0,0,0,0,0,0,"N",0,0.0,0,0,0,0,0,0,0,0,0,0,0,0,0,0
"36093","5","512110","78","0","2016","2","N","Schenectady County, New York","Private","NAICS 512110 Motion picture and video production","County, NAICS 6-digit -- by ownership sector","All establishment sizes",4,0,0,0,0,0,0,0,"N",0.64,0,0,0,0,0,0,0,"N",0,0.0,0,0,0,0,0,0,0,0,0,0,0,0,0,0
"36093","5","512110","78","0","2016","3","N","Schenectady County, New York","Private","NAICS 512110 Motion picture and video production","County, NAICS 6-digit -- by ownership sector","All establishment sizes",4,0,0,0,0,0,0,0,"N",0.63,0,0,0,0,0,0,0,"N",0,0.0,0,0,0,0,0,0,0,0,0,0,0,0,0,0
"36093","5","512110","78","0","2016","4","N","Schenectady County, New York","Private","NAICS 512110 Motion picture and video production","County, NAICS 6-digit -- by ownership sector","All establishment sizes",4,0,0,0,0,0,0,0,"N",0.63,0,0,0,0,0,0,0,"N",0,0.0,0,0,0,0,0,0,0,0,0,0,0,0,0,0
"36093","5","51213","77","0","2016","1","N","Schenectady County, New York","Private","NAICS 51213 Motion picture and video exhibition","County, NAICS 5-digit -- by ownership sector","All establishment sizes",2,0,0,0,0,0,0,0,"N",1.23,0,0,0,0,0,0,0,"N",0,0.0,0,0,0,0,0,0,0,0,0,0,0,0,0,0
"36093","5","51213","77","0","2016","2","N","Schenectady County, New York","Private","NAICS 51213 Motion picture and video exhibition","County, NAICS 5-digit -- by ownership sector","All establishment sizes",2,0,0,0,0,0,0,0,"N",1.22,0,0,0,0,0,0,0,"N",0,0.0,0,0,0,0,0,0,0,0,0,0,0,0,0,0
"36093","5","51213","77","0","2016","3","N","Schenectady County, New York","Private","NAICS 51213 Motion picture and video exhibition","County, NAICS 5-digit -- by ownership sector","All establishment sizes",2,0,0,0,0,0,0,0,"N",1.22,0,0,0,0,0,0,0,"N",0,0.0,0,0,0,0,0,0,0,0,0,0,0,0,0,0
"36093","5","51213","77","0","2016","4","N","Schenectady County, New York","Private","NAICS 51213 Motion picture and video exhibition","County, NAICS 5-digit -- by ownership sector","All establishment sizes",2,0,0,0,0,0,0,0,"N",1.20,0,0,0,0,0,0,0,"N",0,0.0,0,0,0,0,0,0,0,0,0,0,0,0,0,0
"36093","5","512131","78","0","2016","1","N","Schenectady County, New York","Private","NAICS 512131 Motion picture theaters, except drive-ins","County, NAICS 6-digit -- by ownership sector","All establishment sizes",2,0,0,0,0,0,0,0,"N",1.30,0,0,0,0,0,0,0,"N",0,0.0,0,0,0,0,0,0,0,0,0,0,0,0,0,0
"36093","5","512131","78","0","2016","2","N","Schenectady County, New York","Private","NAICS 512131 Motion picture theaters, except drive-ins","County, NAICS 6-digit -- by ownership sector","All establishment sizes",2,0,0,0,0,0,0,0,"N",1.29,0,0,0,0,0,0,0,"N",0,0.0,0,0,0,0,0,0,0,0,0,0,0,0,0,0
"36093","5","512131","78","0","2016","3","N","Schenectady County, New York","Private","NAICS 512131 Motion picture theaters, except drive-ins","County, NAICS 6-digit -- by ownership sector","All establishment sizes",2,0,0,0,0,0,0,0,"N",1.29,0,0,0,0,0,0,0,"N",0,0.0,0,0,0,0,0,0,0,0,0,0,0,0,0,0
"36093","5","512131","78","0","2016","4","N","Schenectady County, New York","Private","NAICS 512131 Motion picture theaters, except drive-ins","County, NAICS 6-digit -- by ownership sector","All establishment sizes",2,0,0,0,0,0,0,0,"N",1.27,0,0,0,0,0,0,0,"N",0,0.0,0,0,0,0,0,0,0,0,0,0,0,0,0,0
"36093","5","515","75","0","2016","1","N","Schenectady County, New York","Private","NAICS 515 Broadcasting, except internet","County, NAICS 3-digit -- by ownership sector","All establishment sizes",4,0,0,0,0,0,0,0,"N",1.17,0,0,0,0,0,0,0,"N",-1,-20.0,0,0,0,0,0,0,0,0,0,0,0,0,0,0
"36093","5","515","75","0","2016","2","N","Schenectady County, New York","Private","NAICS 515 Broadcasting, except internet","County, NAICS 3-digit -- by ownership sector","All establishment sizes",4,0,0,0,0,0,0,0,"N",1.16,0,0,0,0,0,0,0,"N",-1,-20.0,0,0,0,0,0,0,0,0,0,0,0,0,0,0
"36093","5","515","75","0","2016","3","N","Schenectady County, New York","Private","NAICS 515 Broadcasting, except internet","County, NAICS 3-digit -- by ownership sector","All establishment sizes",4,0,0,0,0,0,0,0,"N",1.16,0,0,0,0,0,0,0,"N",-1,-20.0,0,0,0,0,0,0,0,0,0,0,0,0,0,0
"36093","5","515","75","0","2016","4","N","Schenectady County, New York","Private","NAICS 515 Broadcasting, except internet","County, NAICS 3-digit -- by ownership sector","All establishment sizes",4,0,0,0,0,0,0,0,"N",1.16,0,0,0,0,0,0,0,"N",-1,-20.0,0,0,0,0,0,0,0,0,0,0,0,0,0,0
"36093","5","5151","76","0","2016","1","N","Schenectady County, New York","Private","NAICS 5151 Radio and television broadcasting","County, NAICS 4-digit -- by ownership sector","All establishment sizes",4,0,0,0,0,0,0,0,"N",1.36,0,0,0,0,0,0,0,"N",-1,-20.0,0,0,0,0,0,0,0,0,0,0,0,0,0,0
"36093","5","5151","76","0","2016","2","N","Schenectady County, New York","Private","NAICS 5151 Radio and television broadcasting","County, NAICS 4-digit -- by ownership sector","All establishment sizes",4,0,0,0,0,0,0,0,"N",1.35,0,0,0,0,0,0,0,"N",-1,-20.0,0,0,0,0,0,0,0,0,0,0,0,0,0,0
"36093","5","5151","76","0","2016","3","N","Schenectady County, New York","Private","NAICS 5151 Radio and television broadcasting","County, NAICS 4-digit -- by ownership sector","All establishment sizes",4,0,0,0,0,0,0,0,"N",1.35,0,0,0,0,0,0,0,"N",-1,-20.0,0,0,0,0,0,0,0,0,0,0,0,0,0,0
"36093","5","5151","76","0","2016","4","N","Schenectady County, New York","Private","NAICS 5151 Radio and television broadcasting","County, NAICS 4-digit -- by ownership sector","All establishment sizes",4,0,0,0,0,0,0,0,"N",1.35,0,0,0,0,0,0,0,"N",-1,-20.0,0,0,0,0,0,0,0,0,0,0,0,0,0,0
"36093","5","51511","77","0","2016","1","N","Schenectady County, New York","Private","NAICS 51511 Radio broadcasting","County, NAICS 5-digit -- by ownership sector","All establishment sizes",1,0,0,0,0,0,0,0,"N",0.51,0,0,0,0,0,0,0,"N",0,0.0,0,0,0,0,0,0,0,0,0,0,0,0,0,0
"36093","5","51511","77","0","2016","2","N","Schenectady County, New York","Private","NAICS 51511 Radio broadcasting","County, NAICS 5-digit -- by ownership sector","All establishment sizes",1,0,0,0,0,0,0,0,"N",0.51,0,0,0,0,0,0,0,"N",0,0.0,0,0,0,0,0,0,0,0,0,0,0,0,0,0
"36093","5","51511","77","0","2016","3","N","Schenectady County, New York","Private","NAICS 51511 Radio broadcasting","County, NAICS 5-digit -- by ownership sector","All establishment sizes",1,0,0,0,0,0,0,0,"N",0.51,0,0,0,0,0,0,0,"N",0,0.0,0,0,0,0,0,0,0,0,0,0,0,0,0,0
"36093","5","51511","77","0","2016","4","N","Schenectady County, New York","Private","NAICS 51511 Radio broadcasting","County, NAICS 5-digit -- by ownership sector","All establishment sizes",1,0,0,0,0,0,0,0,"N",0.51,0,0,0,0,0,0,0,"N",0,0.0,0,0,0,0,0,0,0,0,0,0,0,0,0,0
"36093","5","515112","78","0","2016","1","N","Schenectady County, New York","Private","NAICS 515112 Radio stations","County, NAICS 6-digit -- by ownership sector","All establishment sizes",1,0,0,0,0,0,0,0,"N",0.67,0,0,0,0,0,0,0,"N",0,0.0,0,0,0,0,0,0,0,0,0,0,0,0,0,0
"36093","5","515112","78","0","2016","2","N","Schenectady County, New York","Private","NAICS 515112 Radio stations","County, NAICS 6-digit -- by ownership sector","All establishment sizes",1,0,0,0,0,0,0,0,"N",0.67,0,0,0,0,0,0,0,"N",0,0.0,0,0,0,0,0,0,0,0,0,0,0,0,0,0
"36093","5","515112","78","0","2016","3","N","Schenectady County, New York","Private","NAICS 515112 Radio stations","County, NAICS 6-digit -- by ownership sector","All establishment sizes",1,0,0,0,0,0,0,0,"N",0.67,0,0,0,0,0,0,0,"N",0,0.0,0,0,0,0,0,0,0,0,0,0,0,0,0,0
"36093","5","515112","78","0","2016","4","N","Schenectady County, New York","Private","NAICS 515112 Radio stations","County, NAICS 6-digit -- by ownership sector","All establishment sizes",1,0,0,0,0,0,0,0,"N",0.67,0,0,0,0,0,0,0,"N",0,0.0,0,0,0,0,0,0,0,0,0,0,0,0,0,0
"36093","5","51512","77","0","2016","1","N","Schenectady County, New York","Private","NAICS 51512 Television broadcasting","County, NAICS 5-digit -- by ownership sector","All establishment sizes",3,0,0,0,0,0,0,0,"N",3.02,0,0,0,0,0,0,0,"N",-1,-25.0,0,0,0,0,0,0,0,0,0,0,0,0,0,0
"36093","5","51512","77","0","2016","2","N","Schenectady County, New York","Private","NAICS 51512 Television broadcasting","County, NAICS 5-digit -- by ownership sector","All establishment sizes",3,0,0,0,0,0,0,0,"N",3.02,0,0,0,0,0,0,0,"N",-1,-25.0,0,0,0,0,0,0,0,0,0,0,0,0,0,0
"36093","5","51512","77","0","2016","3","N","Schenectady County, New York","Private","NAICS 51512 Television broadcasting","County, NAICS 5-digit -- by ownership sector","All establishment sizes",3,0,0,0,0,0,0,0,"N",3.02,0,0,0,0,0,0,0,"N",-1,-25.0,0,0,0,0,0,0,0,0,0,0,0,0,0,0
"36093","5","51512","77","0","2016","4","N","Schenectady County, New York","Private","NAICS 51512 Television broadcasting","County, NAICS 5-digit -- by ownership sector","All establishment sizes",3,0,0,0,0,0,0,0,"N",3.00,0,0,0,0,0,0,0,"N",-1,-25.0,0,0,0,0,0,0,0,0,0,0,0,0,0,0
"36093","5","515120","78","0","2016","1","N","Schenectady County, New York","Private","NAICS 515120 Television broadcasting","County, NAICS 6-digit -- by ownership sector","All establishment sizes",3,0,0,0,0,0,0,0,"N",3.02,0,0,0,0,0,0,0,"N",-1,-25.0,0,0,0,0,0,0,0,0,0,0,0,0,0,0
"36093","5","515120","78","0","2016","2","N","Schenectady County, New York","Private","NAICS 515120 Television broadcasting","County, NAICS 6-digit -- by ownership sector","All establishment sizes",3,0,0,0,0,0,0,0,"N",3.02,0,0,0,0,0,0,0,"N",-1,-25.0,0,0,0,0,0,0,0,0,0,0,0,0,0,0
"36093","5","515120","78","0","2016","3","N","Schenectady County, New York","Private","NAICS 515120 Television broadcasting","County, NAICS 6-digit -- by ownership sector","All establishment sizes",3,0,0,0,0,0,0,0,"N",3.02,0,0,0,0,0,0,0,"N",-1,-25.0,0,0,0,0,0,0,0,0,0,0,0,0,0,0
"36093","5","515120","78","0","2016","4","N","Schenectady County, New York","Private","NAICS 515120 Television broadcasting","County, NAICS 6-digit -- by ownership sector","All establishment sizes",3,0,0,0,0,0,0,0,"N",3.00,0,0,0,0,0,0,0,"N",-1,-25.0,0,0,0,0,0,0,0,0,0,0,0,0,0,0
"36093","5","517","75","0","2016","1","N","Schenectady County, New York","Private","NAICS 517 Telecommunications","County, NAICS 3-digit -- by ownership sector","All establishment sizes",7,0,0,0,0,0,0,0,"N",0.56,0,0,0,0,0,0,0,"N",-1,-12.5,0,0,0,0,0,0,0,0,0,0,0,0,0,0
"36093","5","517","75","0","2016","2","N","Schenectady County, New York","Private","NAICS 517 Telecommunications","County, NAICS 3-digit -- by ownership sector","All establishment sizes",7,0,0,0,0,0,0,0,"N",0.56,0,0,0,0,0,0,0,"N",-1,-12.5,0,0,0,0,0,0,0,0,0,0,0,0,0,0
"36093","5","517","75","0","2016","3","N","Schenectady County, New York","Private","NAICS 517 Telecommunications","County, NAICS 3-digit -- by ownership sector","All establishment sizes",7,0,0,0,0,0,0,0,"N",0.56,0,0,0,0,0,0,0,"N",-1,-12.5,0,0,0,0,0,0,0,0,0,0,0,0,0,0
"36093","5","517","75","0","2016","4","N","Schenectady County, New York","Private","NAICS 517 Telecommunications","County, NAICS 3-digit -- by ownership sector","All establishment sizes",7,0,0,0,0,0,0,0,"N",0.55,0,0,0,0,0,0,0,"N",0,0.0,0,0,0,0,0,0,0,0,0,0,0,0,0,0
"36093","5","5171","76","0","2016","1","N","Schenectady County, New York","Private","NAICS12 5171 Wired telecommunications carriers","County, NAICS 4-digit -- by ownership sector","All establishment sizes",7,0,0,0,0,0,0,0,"N",1.01,0,0,0,0,0,0,0,"N",-1,-12.5,0,0,0,0,0,0,0,0,0,0,0,0,0,0
"36093","5","5171","76","0","2016","2","N","Schenectady County, New York","Private","NAICS12 5171 Wired telecommunications carriers","County, NAICS 4-digit -- by ownership sector","All establishment sizes",7,0,0,0,0,0,0,0,"N",1.00,0,0,0,0,0,0,0,"N",-1,-12.5,0,0,0,0,0,0,0,0,0,0,0,0,0,0
"36093","5","5171","76","0","2016","3","N","Schenectady County, New York","Private","NAICS12 5171 Wired telecommunications carriers","County, NAICS 4-digit -- by ownership sector","All establishment sizes",7,0,0,0,0,0,0,0,"N",1.00,0,0,0,0,0,0,0,"N",-1,-12.5,0,0,0,0,0,0,0,0,0,0,0,0,0,0
"36093","5","5171","76","0","2016","4","N","Schenectady County, New York","Private","NAICS12 5171 Wired telecommunications carriers","County, NAICS 4-digit -- by ownership sector","All establishment sizes",7,0,0,0,0,0,0,0,"N",1.00,0,0,0,0,0,0,0,"N",0,0.0,0,0,0,0,0,0,0,0,0,0,0,0,0,0
"36093","5","51711","77","0","2016","1","N","Schenectady County, New York","Private","NAICS12 51711 Wired telecommunications carriers","County, NAICS 5-digit -- by ownership sector","All establishment sizes",7,0,0,0,0,0,0,0,"N",1.01,0,0,0,0,0,0,0,"N",-1,-12.5,0,0,0,0,0,0,0,0,0,0,0,0,0,0
"36093","5","51711","77","0","2016","2","N","Schenectady County, New York","Private","NAICS12 51711 Wired telecommunications carriers","County, NAICS 5-digit -- by ownership sector","All establishment sizes",7,0,0,0,0,0,0,0,"N",1.00,0,0,0,0,0,0,0,"N",-1,-12.5,0,0,0,0,0,0,0,0,0,0,0,0,0,0
"36093","5","51711","77","0","2016","3","N","Schenectady County, New York","Private","NAICS12 51711 Wired telecommunications carriers","County, NAICS 5-digit -- by ownership sector","All establishment sizes",7,0,0,0,0,0,0,0,"N",1.00,0,0,0,0,0,0,0,"N",-1,-12.5,0,0,0,0,0,0,0,0,0,0,0,0,0,0
"36093","5","51711","77","0","2016","4","N","Schenectady County, New York","Private","NAICS12 51711 Wired telecommunications carriers","County, NAICS 5-digit -- by ownership sector","All establishment sizes",7,0,0,0,0,0,0,0,"N",1.00,0,0,0,0,0,0,0,"N",0,0.0,0,0,0,0,0,0,0,0,0,0,0,0,0,0
"36093","5","517110","78","0","2016","1","N","Schenectady County, New York","Private","NAICS12 517110 Wired telecommunications carriers","County, NAICS 6-digit -- by ownership sector","All establishment sizes",7,0,0,0,0,0,0,0,"N",1.01,0,0,0,0,0,0,0,"N",-1,-12.5,0,0,0,0,0,0,0,0,0,0,0,0,0,0
"36093","5","517110","78","0","2016","2","N","Schenectady County, New York","Private","NAICS12 517110 Wired telecommunications carriers","County, NAICS 6-digit -- by ownership sector","All establishment sizes",7,0,0,0,0,0,0,0,"N",1.00,0,0,0,0,0,0,0,"N",-1,-12.5,0,0,0,0,0,0,0,0,0,0,0,0,0,0
"36093","5","517110","78","0","2016","3","N","Schenectady County, New York","Private","NAICS12 517110 Wired telecommunications carriers","County, NAICS 6-digit -- by ownership sector","All establishment sizes",7,0,0,0,0,0,0,0,"N",1.00,0,0,0,0,0,0,0,"N",-1,-12.5,0,0,0,0,0,0,0,0,0,0,0,0,0,0
"36093","5","517110","78","0","2016","4","N","Schenectady County, New York","Private","NAICS12 517110 Wired telecommunications carriers","County, NAICS 6-digit -- by ownership sector","All establishment sizes",7,0,0,0,0,0,0,0,"N",1.00,0,0,0,0,0,0,0,"N",0,0.0,0,0,0,0,0,0,0,0,0,0,0,0,0,0
"36093","5","518","75","0","2016","1","","Schenectady County, New York","Private","NAICS 518 Data processing, hosting and related services","County, NAICS 3-digit -- by ownership sector","All establishment sizes",4,9,9,11,165199,39168,1193,1315,"",0.60,0.07,0.07,0.08,0.05,0.03,0.03,0.62,"",-3,-42.9,-2,-18.2,-2,-18.2,0,0.0,-47347,-22.3,-6568,-14.4,-181,-13.2,-171,-11.5
"36093","5","518","75","0","2016","2","","Schenectady County, New York","Private","NAICS 518 Data processing, hosting and related services","County, NAICS 3-digit -- by ownership sector","All establishment sizes",4,11,10,10,151363,6999,231,1127,"",0.58,0.08,0.07,0.07,0.04,0.03,0.03,0.53,"",-2,-33.3,0,0.0,-1,-9.1,-2,-16.7,-1491,-1.0,-2152,-23.5,-65,-22.0,90,8.7
"36093","5","518","75","0","2016","3","","Schenectady County, New York","Private","NAICS 518 Data processing, hosting and related services","County, NAICS 3-digit -- by ownership sector","All establishment sizes",4,10,9,10,165842,4639,199,1320,"",0.57,0.08,0.07,0.08,0.05,0.04,0.05,0.63,"",-2,-33.3,-1,-9.1,-3,-25.0,-2,-16.7,-7591,-4.4,158,3.5,-8,-3.9,176,15.4
"36093","5","518","75","0","2016","4","","Schenectady County, New York","Private","NAICS 518 Data processing, hosting and related services","County, NAICS 3-digit -- by ownership sector","All establishment sizes",4,10,10,10,157476,8075,236,1211,"",0.56,0.07,0.07,0.07,0.04,0.09,0.07,0.60,"",-2,-33.3,-1,-9.1,-2,-16.7,-2,-16.7,-19257,-10.9,6060,300.7,139,143.3,46,3.9
"36093","5","5182","76","0","2016","1","","Schenectady County, New York","Private","NAICS 5182 Data processing, hosting and related services","County, NAICS 4-digit -- by ownership sector","All establishment sizes",4,9,9,11,165199,39168,1193,1315,"",0.60,0.07,0.07,0.08,0.05,0.03,0.03,0.62,"",-3,-42.9,-2,-18.2,-2,-18.2,0,0.0,-47347,-22.3,-6568,-14.4,-181,-13.2,-171,-11.5
"36093","5","5182","76","0","2016","2","","Schenectady County, New York","Private","NAICS 5182 Data processing, hosting and related services","County, NAICS 4-digit -- by ownership sector","All establishment sizes",4,11,10,10,151363,6999,231,1127,"",0.58,0.08,0.07,0.07,0.04,0.03,0.03,0.53,"",-2,-33.3,0,0.0,-1,-9.1,-2,-16.7,-1491,-1.0,-2152,-23.5,-65,-22.0,90,8.7
"36093","5","5182","76","0","2016","3","","Schenectady County, New York","Private","NAICS 5182 Data processing, hosting and related services","County, NAICS 4-digit -- by ownership sector","All establishment sizes",4,10,9,10,165842,4639,199,1320,"",0.57,0.08,0.07,0.08,0.05,0.04,0.05,0.63,"",-2,-33.3,-1,-9.1,-3,-25.0,-2,-16.7,-7591,-4.4,158,3.5,-8,-3.9,176,15.4
"36093","5","5182","76","0","2016","4","","Schenectady County, New York","Private","NAICS 5182 Data processing, hosting and related services","County, NAICS 4-digit -- by ownership sector","All establishment sizes",4,10,10,10,157476,8075,236,1211,"",0.56,0.07,0.07,0.07,0.04,0.09,0.07,0.60,"",-2,-33.3,-1,-9.1,-2,-16.7,-2,-16.7,-19257,-10.9,6060,300.7,139,143.3,46,3.9
"36093","5","51821","77","0","2016","1","","Schenectady County, New York","Private","NAICS 51821 Data processing, hosting and related services","County, NAICS 5-digit -- by ownership sector","All establishment sizes",4,9,9,11,165199,39168,1193,1315,"",0.60,0.07,0.07,0.08,0.05,0.03,0.03,0.62,"",-3,-42.9,-2,-18.2,-2,-18.2,0,0.0,-47347,-22.3,-6568,-14.4,-181,-13.2,-171,-11.5
"36093","5","51821","77","0","2016","2","","Schenectady County, New York","Private","NAICS 51821 Data processing, hosting and related services","County, NAICS 5-digit -- by ownership sector","All establishment sizes",4,11,10,10,151363,6999,231,1127,"",0.58,0.08,0.07,0.07,0.04,0.03,0.03,0.53,"",-2,-33.3,0,0.0,-1,-9.1,-2,-16.7,-1491,-1.0,-2152,-23.5,-65,-22.0,90,8.7
"36093","5","51821","77","0","2016","3","","Schenectady County, New York","Private","NAICS 51821 Data processing, hosting and related services","County, NAICS 5-digit -- by ownership sector","All establishment sizes",4,10,9,10,165842,4639,199,1320,"",0.57,0.08,0.07,0.08,0.05,0.04,0.05,0.63,"",-2,-33.3,-1,-9.1,-3,-25.0,-2,-16.7,-7591,-4.4,158,3.5,-8,-3.9,176,15.4
"36093","5","51821","77","0","2016","4","","Schenectady County, New York","Private","NAICS 51821 Data processing, hosting and related services","County, NAICS 5-digit -- by ownership sector","All establishment sizes",4,10,10,10,157476,8075,236,1211,"",0.56,0.07,0.07,0.07,0.04,0.09,0.07,0.60,"",-2,-33.3,-1,-9.1,-2,-16.7,-2,-16.7,-19257,-10.9,6060,300.7,139,143.3,46,3.9
"36093","5","518210","78","0","2016","1","","Schenectady County, New York","Private","NAICS 518210 Data processing, hosting and related services","County, NAICS 6-digit -- by ownership sector","All establishment sizes",4,9,9,11,165199,39168,1193,1315,"",0.60,0.07,0.07,0.08,0.05,0.03,0.03,0.62,"",-3,-42.9,-2,-18.2,-2,-18.2,0,0.0,-47347,-22.3,-6568,-14.4,-181,-13.2,-171,-11.5
"36093","5","518210","78","0","2016","2","","Schenectady County, New York","Private","NAICS 518210 Data processing, hosting and related services","County, NAICS 6-digit -- by ownership sector","All establishment sizes",4,11,10,10,151363,6999,231,1127,"",0.58,0.08,0.07,0.07,0.04,0.03,0.03,0.53,"",-2,-33.3,0,0.0,-1,-9.1,-2,-16.7,-1491,-1.0,-2152,-23.5,-65,-22.0,90,8.7
"36093","5","518210","78","0","2016","3","","Schenectady County, New York","Private","NAICS 518210 Data processing, hosting and related services","County, NAICS 6-digit -- by ownership sector","All establishment sizes",4,10,9,10,165842,4639,199,1320,"",0.57,0.08,0.07,0.08,0.05,0.04,0.05,0.63,"",-2,-33.3,-1,-9.1,-3,-25.0,-2,-16.7,-7591,-4.4,158,3.5,-8,-3.9,176,15.4
"36093","5","518210","78","0","2016","4","","Schenectady County, New York","Private","NAICS 518210 Data processing, hosting and related services","County, NAICS 6-digit -- by ownership sector","All establishment sizes",4,10,10,10,157476,8075,236,1211,"",0.56,0.07,0.07,0.07,0.04,0.09,0.07,0.60,"",-2,-33.3,-1,-9.1,-2,-16.7,-2,-16.7,-19257,-10.9,6060,300.7,139,143.3,46,3.9
"36093","5","519","75","0","2016","1","N","Schenectady County, New York","Private","NAICS 519 Other information services","County, NAICS 3-digit -- by ownership sector","All establishment sizes",4,0,0,0,0,0,0,0,"N",0.54,0,0,0,0,0,0,0,"N",2,100.0,0,0,0,0,0,0,0,0,0,0,0,0,0,0
"36093","5","519","75","0","2016","2","N","Schenectady County, New York","Private","NAICS 519 Other information services","County, NAICS 3-digit -- by ownership sector","All establishment sizes",4,0,0,0,0,0,0,0,"N",0.53,0,0,0,0,0,0,0,"N",1,33.3,0,0,0,0,0,0,0,0,0,0,0,0,0,0
"36093","5","519","75","0","2016","3","","Schenectady County, New York","Private","NAICS 519 Other information services","County, NAICS 3-digit -- by ownership sector","All establishment sizes",4,16,16,17,165525,5556,94,780,"",0.52,0.14,0.14,0.15,0.03,0.05,0.03,0.22,"N",1,33.3,0,0,0,0,0,0,0,0,0,0,0,0,0,0
"36093","5","519","75","0","2016","4","N","Schenectady County, New York","Private","NAICS 519 Other information services","County, NAICS 3-digit -- by ownership sector","All establishment sizes",3,0,0,0,0,0,0,0,"N",0.39,0,0,0,0,0,0,0,"N",0,0.0,0,0,0,0,0,0,0,0,0,0,0,0,0,0
"36093","5","5191","76","0","2016","1","N","Schenectady County, New York","Private","NAICS 5191 Other information services","County, NAICS 4-digit -- by ownership sector","All establishment sizes",4,0,0,0,0,0,0,0,"N",0.54,0,0,0,0,0,0,0,"N",2,100.0,0,0,0,0,0,0,0,0,0,0,0,0,0,0
"36093","5","5191","76","0","2016","2","N","Schenectady County, New York","Private","NAICS 5191 Other information services","County, NAICS 4-digit -- by ownership sector","All establishment sizes",4,0,0,0,0,0,0,0,"N",0.53,0,0,0,0,0,0,0,"N",1,33.3,0,0,0,0,0,0,0,0,0,0,0,0,0,0
"36093","5","5191","76","0","2016","3","","Schenectady County, New York","Private","NAICS 5191 Other information services","County, NAICS 4-digit -- by ownership sector","All establishment sizes",4,16,16,17,165525,5556,94,780,"",0.52,0.14,0.14,0.15,0.03,0.05,0.03,0.22,"N",1,33.3,0,0,0,0,0,0,0,0,0,0,0,0,0,0
"36093","5","5191","76","0","2016","4","N","Schenectady County, New York","Private","NAICS 5191 Other information services","County, NAICS 4-digit -- by ownership sector","All establishment sizes",3,0,0,0,0,0,0,0,"N",0.39,0,0,0,0,0,0,0,"N",0,0.0,0,0,0,0,0,0,0,0,0,0,0,0,0,0
"36093","5","51912","77","0","2016","1","N","Schenectady County, New York","Private","NAICS 51912 Libraries and archives","County, NAICS 5-digit -- by ownership sector","All establishment sizes",1,0,0,0,0,0,0,0,"N",1.34,0,0,0,0,0,0,0,"N",0,0.0,0,0,0,0,0,0,0,0,0,0,0,0,0,0
"36093","5","51912","77","0","2016","2","N","Schenectady County, New York","Private","NAICS 51912 Libraries and archives","County, NAICS 5-digit -- by ownership sector","All establishment sizes",1,0,0,0,0,0,0,0,"N",1.34,0,0,0,0,0,0,0,"N",0,0.0,0,0,0,0,0,0,0,0,0,0,0,0,0,0
"36093","5","51912","77","0","2016","3","N","Schenectady County, New York","Private","NAICS 51912 Libraries and archives","County, NAICS 5-digit -- by ownership sector","All establishment sizes",1,0,0,0,0,0,0,0,"N",1.34,0,0,0,0,0,0,0,"N",0,0.0,0,0,0,0,0,0,0,0,0,0,0,0,0,0
"36093","5","51912","77","0","2016","4","N","Schenectady County, New York","Private","NAICS 51912 Libraries and archives","County, NAICS 5-digit -- by ownership sector","All establishment sizes",1,0,0,0,0,0,0,0,"N",1.34,0,0,0,0,0,0,0,"N",0,0.0,0,0,0,0,0,0,0,0,0,0,0,0,0,0
"36093","5","519120","78","0","2016","1","N","Schenectady County, New York","Private","NAICS 519120 Libraries and archives","County, NAICS 6-digit -- by ownership sector","All establishment sizes",1,0,0,0,0,0,0,0,"N",1.34,0,0,0,0,0,0,0,"N",0,0.0,0,0,0,0,0,0,0,0,0,0,0,0,0,0
"36093","5","519120","78","0","2016","2","N","Schenectady County, New York","Private","NAICS 519120 Libraries and archives","County, NAICS 6-digit -- by ownership sector","All establishment sizes",1,0,0,0,0,0,0,0,"N",1.34,0,0,0,0,0,0,0,"N",0,0.0,0,0,0,0,0,0,0,0,0,0,0,0,0,0
"36093","5","519120","78","0","2016","3","N","Schenectady County, New York","Private","NAICS 519120 Libraries and archives","County, NAICS 6-digit -- by ownership sector","All establishment sizes",1,0,0,0,0,0,0,0,"N",1.34,0,0,0,0,0,0,0,"N",0,0.0,0,0,0,0,0,0,0,0,0,0,0,0,0,0
"36093","5","519120","78","0","2016","4","N","Schenectady County, New York","Private","NAICS 519120 Libraries and archives","County, NAICS 6-digit -- by ownership sector","All establishment sizes",1,0,0,0,0,0,0,0,"N",1.34,0,0,0,0,0,0,0,"N",0,0.0,0,0,0,0,0,0,0,0,0,0,0,0,0,0
"36093","5","51913","77","0","2016","1","N","Schenectady County, New York","Private","NAICS 51913 Internet publishing and web search portals","County, NAICS 5-digit -- by ownership sector","All establishment sizes",3,0,0,0,0,0,0,0,"N",0.63,0,0,0,0,0,0,0,"N",2,200.0,0,0,0,0,0,0,0,0,0,0,0,0,0,0
"36093","5","51913","77","0","2016","2","N","Schenectady County, New York","Private","NAICS 51913 Internet publishing and web search portals","County, NAICS 5-digit -- by ownership sector","All establishment sizes",3,0,0,0,0,0,0,0,"N",0.62,0,0,0,0,0,0,0,"N",1,50.0,0,0,0,0,0,0,0,0,0,0,0,0,0,0
"36093","5","51913","77","0","2016","3","N","Schenectady County, New York","Private","NAICS 51913 Internet publishing and web search portals","County, NAICS 5-digit -- by ownership sector","All establishment sizes",3,0,0,0,0,0,0,0,"N",0.61,0,0,0,0,0,0,0,"N",1,50.0,0,0,0,0,0,0,0,0,0,0,0,0,0,0
"36093","5","51913","77","0","2016","4","N","Schenectady County, New York","Private","NAICS 51913 Internet publishing and web search portals","County, NAICS 5-digit -- by ownership sector","All establishment sizes",2,0,0,0,0,0,0,0,"N",0.40,0,0,0,0,0,0,0,"N",0,0.0,0,0,0,0,0,0,0,0,0,0,0,0,0,0
"36093","5","519130","78","0","2016","1","N","Schenectady County, New York","Private","NAICS 519130 Internet publishing and web search portals","County, NAICS 6-digit -- by ownership sector","All establishment sizes",3,0,0,0,0,0,0,0,"N",0.63,0,0,0,0,0,0,0,"N",2,200.0,0,0,0,0,0,0,0,0,0,0,0,0,0,0
"36093","5","519130","78","0","2016","2","N","Schenectady County, New York","Private","NAICS 519130 Internet publishing and web search portals","County, NAICS 6-digit -- by ownership sector","All establishment sizes",3,0,0,0,0,0,0,0,"N",0.62,0,0,0,0,0,0,0,"N",1,50.0,0,0,0,0,0,0,0,0,0,0,0,0,0,0
"36093","5","519130","78","0","2016","3","N","Schenectady County, New York","Private","NAICS 519130 Internet publishing and web search portals","County, NAICS 6-digit -- by ownership sector","All establishment sizes",3,0,0,0,0,0,0,0,"N",0.61,0,0,0,0,0,0,0,"N",1,50.0,0,0,0,0,0,0,0,0,0,0,0,0,0,0
"36093","5","519130","78","0","2016","4","N","Schenectady County, New York","Private","NAICS 519130 Internet publishing and web search portals","County, NAICS 6-digit -- by ownership sector","All establishment sizes",2,0,0,0,0,0,0,0,"N",0.40,0,0,0,0,0,0,0,"N",0,0.0,0,0,0,0,0,0,0,0,0,0,0,0,0,0
"36093","5","52","74","0","2016","1","","Schenectady County, New York","Private","NAICS 52 Finance and insurance","County, NAICS Sector -- by ownership sector","All establishment sizes",152,1659,1655,1665,28634148,14550740,453914,1327,"",0.90,0.64,0.64,0.64,0.35,0.64,0.73,0.55,"",-9,-5.6,-22,-1.3,-15,-0.9,-1,-0.1,521688,1.9,290761,2.0,-92649,-17.0,34,2.6
"36093","5","52","74","0","2016","2","","Schenectady County, New York","Private","NAICS 52 Finance and insurance","County, NAICS Sector -- by ownership sector","All establishment sizes",149,1643,1642,1665,35870706,2216126,59677,1672,"",0.88,0.63,0.64,0.63,0.57,0.58,0.56,0.90,"",-12,-7.5,-9,-0.5,4,0.2,17,1.0,6751083,23.2,251003,12.8,-5182,-8.0,311,22.9
"36093","5","52","74","0","2016","3","","Schenectady County, New York","Private","NAICS 52 Finance and insurance","County, NAICS Sector -- by ownership sector","All establishment sizes",149,1687,1682,1676,30143300,1093721,30973,1379,"",0.87,0.67,0.66,0.66,0.51,0.54,0.53,0.77,"",-12,-7.5,27,1.6,26,1.6,22,1.3,4799246,18.9,284420,35.1,2478,8.7,202,17.2
"36093","5","52","74","0","2016","4","","Schenectady County, New York","Private","NAICS 52 Finance and insurance","County, NAICS Sector -- by ownership sector","All establishment sizes",150,1693,1706,1720,29192999,917095,27366,1316,"",0.87,0.65,0.65,0.66,0.46,0.64,0.63,0.71,"",-8,-5.1,32,1.9,45,2.7,47,2.8,-215111,-0.7,20863,2.3,-5271,-16.2,-43,-3.2
"36093","5","522","75","0","2016","1","","Schenectady County, New York","Private","NAICS 522 Credit intermediation and related activities","County, NAICS 3-digit -- by ownership sector","All establishment sizes",72,503,502,502,6050946,3205229,79220,927,"",1.13,0.44,0.43,0.43,0.23,0.34,0.30,0.53,"",-7,-8.9,-14,-2.7,-7,-1.4,-20,-3.8,29696,0.5,144319,4.7,-17194,-17.8,29,3.2
"36093","5","522","75","0","2016","2","","Schenectady County, New York","Private","NAICS 522 Credit intermediation and related activities","County, NAICS 3-digit -- by ownership sector","All establishment sizes",71,492,487,510,5506630,861389,19676,853,"",1.11,0.42,0.42,0.43,0.24,0.46,0.37,0.56,"",-7,-9.0,-22,-4.3,-28,-5.4,-7,-1.4,34026,0.6,-16993,-1.9,-5787,-22.7,36,4.4
"36093","5","522","75","0","2016","3","","Schenectady County, New York","Private","NAICS 522 Credit intermediation and related activities","County, NAICS 3-digit -- by ownership sector","All establishment sizes",71,512,508,499,6345394,381200,10413,964,"",1.11,0.45,0.45,0.44,0.29,0.38,0.37,0.65,"",-7,-9.0,-3,-0.6,-7,-1.4,-2,-0.4,712542,12.6,20135,5.6,-2035,-16.3,115,13.5
"36093","5","522","75","0","2016","4","","Schenectady County, New York","Private","NAICS 522 Credit intermediation and related activities","County, NAICS 3-digit -- by ownership sector","All establishment sizes",71,516,502,515,6392306,284818,7082,962,"",1.11,0.44,0.43,0.44,0.29,0.41,0.34,0.67,"",-3,-4.1,7,1.4,1,0.2,9,1.8,24539,0.4,2906,1.0,-2660,-27.3,-7,-0.7
"36093","5","5221","76","0","2016","1","","Schenectady County, New York","Private","NAICS 5221 Depository credit intermediation","County, NAICS 4-digit -- by ownership sector","All establishment sizes",66,479,478,478,5273375,2999597,67297,848,"",1.72,0.63,0.63,0.63,0.33,0.49,0.42,0.52,"",-5,-7.0,-10,-2.0,-4,-0.8,-15,-3.0,-101221,-1.9,125058,4.4,-14115,-17.3,1,0.1
"36093","5","5221","76","0","2016","2","","Schenectady County, New York","Private","NAICS 5221 Depository credit intermediation","County, NAICS 4-digit -- by ownership sector","All establishment sizes",65,471,465,490,4998251,845924,18503,809,"",1.69,0.62,0.62,0.64,0.37,0.68,0.58,0.58,"",-6,-8.5,-15,-3.1,-25,-5.1,-2,-0.4,133317,2.7,-14695,-1.7,-5430,-22.7,44,5.8
"36093","5","5221","76","0","2016","3","","Schenectady County, New York","Private","NAICS 5221 Depository credit intermediation","County, NAICS 4-digit -- by ownership sector","All establishment sizes",65,489,487,476,5804054,352660,8099,922,"",1.70,0.67,0.66,0.65,0.45,0.55,0.51,0.68,"",-6,-8.5,1,0.2,0,0.0,1,0.2,823464,16.5,27450,8.4,-1720,-17.5,129,16.3
"36093","5","5221","76","0","2016","4","","Schenectady County, New York","Private","NAICS 5221 Depository credit intermediation","County, NAICS 4-digit -- by ownership sector","All establishment sizes",65,492,480,495,5844506,271790,6200,919,"",1.70,0.65,0.64,0.66,0.45,0.64,0.57,0.70,"",-2,-3.0,12,2.5,5,1.1,15,3.1,112242,2.0,22190,8.9,-1464,-19.1,-3,-0.3
"36093","5","52211","77","0","2016","1","","Schenectady County, New York","Private","NAICS 52211 Commercial banking","County, NAICS 5-digit -- by ownership sector","All establishment sizes",23,205,208,203,2434628,1421013,28091,912,"",0.79,0.35,0.36,0.35,0.18,0.30,0.22,0.51,"",-5,-17.9,-4,-1.9,5,2.5,-7,-3.3,-112050,-4.4,134639,10.5,-3200,-10.2,-33,-3.5
"36093","5","52211","77","0","2016","2","","Schenectady County, New York","Private","NAICS 52211 Commercial banking","County, NAICS 5-digit -- by ownership sector","All establishment sizes",23,203,202,215,2309150,408917,7950,859,"",0.79,0.35,0.35,0.36,0.21,0.44,0.33,0.59,"",-5,-17.9,-4,-1.9,-8,-3.8,-1,-0.5,-51057,-2.2,-33761,-7.6,-2626,-24.8,-1,-0.1
"36093","5","52211","77","0","2016","3","","Schenectady County, New York","Private","NAICS 52211 Commercial banking","County, NAICS 5-digit -- by ownership sector","All establishment sizes",23,214,216,204,2561646,164562,3461,932,"",0.79,0.38,0.38,0.36,0.25,0.34,0.28,0.66,"",-5,-17.9,1,0.5,2,0.9,-4,-1.9,255908,11.1,35616,27.6,81,2.4,94,11.2
"36093","5","52211","77","0","2016","4","","Schenectady County, New York","Private","NAICS 52211 Commercial banking","County, NAICS 5-digit -- by ownership sector","All establishment sizes",23,216,200,215,2823423,108456,2241,1033,"",0.79,0.37,0.34,0.37,0.27,0.35,0.27,0.74,"",-1,-4.2,8,3.8,-2,-1.0,11,5.4,-61615,-2.1,17406,19.1,-255,-10.2,-51,-4.7
"36093","5","522110","78","0","2016","1","","Schenectady County, New York","Private","NAICS 522110 Commercial banking","County, NAICS 6-digit -- by ownership sector","All establishment sizes",23,205,208,203,2434628,1421013,28091,912,"",0.79,0.35,0.36,0.35,0.18,0.30,0.22,0.51,"",-5,-17.9,-4,-1.9,5,2.5,-7,-3.3,-112050,-4.4,134639,10.5,-3200,-10.2,-33,-3.5
"36093","5","522110","78","0","2016","2","","Schenectady County, New York","Private","NAICS 522110 Commercial banking","County, NAICS 6-digit -- by ownership sector","All establishment sizes",23,203,202,215,2309150,408917,7950,859,"",0.79,0.35,0.35,0.36,0.21,0.44,0.33,0.59,"",-5,-17.9,-4,-1.9,-8,-3.8,-1,-0.5,-51057,-2.2,-33761,-7.6,-2626,-24.8,-1,-0.1
"36093","5","522110","78","0","2016","3","","Schenectady County, New York","Private","NAICS 522110 Commercial banking","County, NAICS 6-digit -- by ownership sector","All establishment sizes",23,214,216,204,2561646,164562,3461,932,"",0.79,0.38,0.38,0.36,0.25,0.34,0.28,0.66,"",-5,-17.9,1,0.5,2,0.9,-4,-1.9,255908,11.1,35616,27.6,81,2.4,94,11.2
"36093","5","522110","78","0","2016","4","","Schenectady County, New York","Private","NAICS 522110 Commercial banking","County, NAICS 6-digit -- by ownership sector","All establishment sizes",23,216,200,215,2823423,108456,2241,1033,"",0.79,0.37,0.34,0.37,0.27,0.35,0.27,0.74,"",-1,-4.2,8,3.8,-2,-1.0,11,5.4,-61615,-2.1,17406,19.1,-255,-10.2,-51,-4.7
"36093","5","52212","77","0","2016","1","","Schenectady County, New York","Private","NAICS 52212 Savings institutions","County, NAICS 5-digit -- by ownership sector","All establishment sizes",26,166,164,170,1877537,903587,23545,867,"",7.98,3.05,3.00,3.12,1.89,2.10,2.00,0.62,"",0,0.0,-5,-2.9,-9,-5.2,-4,-2.3,-9825,-0.5,-10414,-1.1,-7328,-23.7,26,3.1
"36093","5","52212","77","0","2016","2","","Schenectady County, New York","Private","NAICS 52212 Savings institutions","County, NAICS 5-digit -- by ownership sector","All establishment sizes",25,162,161,171,1722828,272231,7136,805,"",7.61,2.96,2.95,3.08,1.82,2.77,2.55,0.61,"",-1,-3.8,-8,-4.7,-10,-5.8,2,1.2,206526,13.6,17624,6.9,-1614,-18.4,119,17.3
"36093","5","52212","77","0","2016","3","","Schenectady County, New York","Private","NAICS 52212 Savings institutions","County, NAICS 5-digit -- by ownership sector","All establishment sizes",25,167,166,164,2169764,123100,3142,1007,"",7.69,3.15,3.13,3.09,2.35,2.64,2.57,0.75,"",-1,-3.8,-1,-0.6,-2,-1.2,3,1.9,449820,26.2,-21416,-14.8,-1770,-36.0,208,26.0
"36093","5","52212","77","0","2016","4","","Schenectady County, New York","Private","NAICS 52212 Savings institutions","County, NAICS 5-digit -- by ownership sector","All establishment sizes",25,166,170,169,1893413,107966,2744,865,"",7.66,3.07,3.12,3.14,2.16,3.49,3.28,0.70,"",-1,-3.8,-1,-0.6,-2,-1.2,-2,-1.2,184263,10.8,119,0.1,-970,-26.1,92,11.9
"36093","5","522120","78","0","2016","1","","Schenectady County, New York","Private","NAICS 522120 Savings institutions","County, NAICS 6-digit -- by ownership sector","All establishment sizes",26,166,164,170,1877537,903587,23545,867,"",7.98,3.05,3.00,3.12,1.89,2.10,2.00,0.62,"",0,0.0,-5,-2.9,-9,-5.2,-4,-2.3,-9825,-0.5,-10414,-1.1,-7328,-23.7,26,3.1
"36093","5","522120","78","0","2016","2","","Schenectady County, New York","Private","NAICS 522120 Savings institutions","County, NAICS 6-digit -- by ownership sector","All establishment sizes",25,162,161,171,1722828,272231,7136,805,"",7.61,2.96,2.95,3.08,1.82,2.77,2.55,0.61,"",-1,-3.8,-8,-4.7,-10,-5.8,2,1.2,206526,13.6,17624,6.9,-1614,-18.4,119,17.3
"36093","5","522120","78","0","2016","3","","Schenectady County, New York","Private","NAICS 522120 Savings institutions","County, NAICS 6-digit -- by ownership sector","All establishment sizes",25,167,166,164,2169764,123100,3142,1007,"",7.69,3.15,3.13,3.09,2.35,2.64,2.57,0.75,"",-1,-3.8,-1,-0.6,-2,-1.2,3,1.9,449820,26.2,-21416,-14.8,-1770,-36.0,208,26.0
"36093","5","522120","78","0","2016","4","","Schenectady County, New York","Private","NAICS 522120 Savings institutions","County, NAICS 6-digit -- by ownership sector","All establishment sizes",25,166,170,169,1893413,107966,2744,865,"",7.66,3.07,3.12,3.14,2.16,3.49,3.28,0.70,"",-1,-3.8,-1,-0.6,-2,-1.2,-2,-1.2,184263,10.8,119,0.1,-970,-26.1,92,11.9
"36093","5","52213","77","0","2016","1","","Schenectady County, New York","Private","NAICS 52213 Credit unions","County, NAICS 5-digit -- by ownership sector","All establishment sizes",17,108,106,105,961210,674997,15661,695,"",2.94,0.96,0.94,0.93,0.67,0.81,0.89,0.71,"",0,0.0,-1,-0.9,0,0.0,-4,-3.7,20654,2.2,833,0.1,-3587,-18.6,25,3.7
"36093","5","52213","77","0","2016","2","","Schenectady County, New York","Private","NAICS 52213 Credit unions","County, NAICS 5-digit -- by ownership sector","All establishment sizes",17,106,102,104,966273,164776,3417,715,"",2.92,0.94,0.90,0.90,0.64,0.79,0.78,0.70,"",0,0.0,-3,-2.8,-7,-6.4,-3,-2.8,-22152,-2.2,1442,0.9,-1190,-25.8,13,1.9
"36093","5","52213","77","0","2016","3","","Schenectady County, New York","Private","NAICS 52213 Credit unions","County, NAICS 5-digit -- by ownership sector","All establishment sizes",17,108,105,108,1072644,64998,1496,771,"",2.92,0.98,0.95,0.96,0.74,0.57,0.65,0.77,"",0,0.0,1,0.9,0,0.0,2,1.9,117736,12.3,13250,25.6,-31,-2.0,78,11.3
"36093","5","52213","77","0","2016","4","","Schenectady County, New York","Private","NAICS 52213 Credit unions","County, NAICS 5-digit -- by ownership sector","All establishment sizes",17,110,110,111,1127670,55368,1215,786,"",2.92,0.96,0.96,0.97,0.79,0.72,0.77,0.82,"",0,0.0,5,4.8,9,8.9,6,5.7,-10406,-0.9,4665,9.2,-239,-16.4,-58,-6.9
"36093","5","522130","78","0","2016","1","","Schenectady County, New York","Private","NAICS 522130 Credit unions","County, NAICS 6-digit -- by ownership sector","All establishment sizes",17,108,106,105,961210,674997,15661,695,"",2.94,0.96,0.94,0.93,0.67,0.81,0.89,0.71,"",0,0.0,-1,-0.9,0,0.0,-4,-3.7,20654,2.2,833,0.1,-3587,-18.6,25,3.7
"36093","5","522130","78","0","2016","2","","Schenectady County, New York","Private","NAICS 522130 Credit unions","County, NAICS 6-digit -- by ownership sector","All establishment sizes",17,106,102,104,966273,164776,3417,715,"",2.92,0.94,0.90,0.90,0.64,0.79,0.78,0.70,"",0,0.0,-3,-2.8,-7,-6.4,-3,-2.8,-22152,-2.2,1442,0.9,-1190,-25.8,13,1.9
"36093","5","522130","78","0","2016","3","","Schenectady County, New York","Private","NAICS 522130 Credit unions","County, NAICS 6-digit -- by ownership sector","All establishment sizes",17,108,105,108,1072644,64998,1496,771,"",2.92,0.98,0.95,0.96,0.74,0.57,0.65,0.77,"",0,0.0,1,0.9,0,0.0,2,1.9,117736,12.3,13250,25.6,-31,-2.0,78,11.3
"36093","5","522130","78","0","2016","4","","Schenectady County, New York","Private","NAICS 522130 Credit unions","County, NAICS 6-digit -- by ownership sector","All establishment sizes",17,110,110,111,1127670,55368,1215,786,"",2.92,0.96,0.96,0.97,0.79,0.72,0.77,0.82,"",0,0.0,5,4.8,9,8.9,6,5.7,-10406,-0.9,4665,9.2,-239,-16.4,-58,-6.9
"36093","5","5222","76","0","2016","1","N","Schenectady County, New York","Private","NAICS 5222 Nondepository credit intermediation","County, NAICS 4-digit -- by ownership sector","All establishment sizes",5,0,0,0,0,0,0,0,"N",0.30,0,0,0,0,0,0,0,"N",-1,-16.7,0,0,0,0,0,0,0,0,0,0,0,0,0,0
"36093","5","5222","76","0","2016","2","N","Schenectady County, New York","Private","NAICS 5222 Nondepository credit intermediation","County, NAICS 4-digit -- by ownership sector","All establishment sizes",5,0,0,0,0,0,0,0,"N",0.29,0,0,0,0,0,0,0,"N",0,0.0,0,0,0,0,0,0,0,0,0,0,0,0,0,0
"36093","5","5222","76","0","2016","3","N","Schenectady County, New York","Private","NAICS 5222 Nondepository credit intermediation","County, NAICS 4-digit -- by ownership sector","All establishment sizes",5,0,0,0,0,0,0,0,"N",0.29,0,0,0,0,0,0,0,"N",0,0.0,0,0,0,0,0,0,0,0,0,0,0,0,0,0
"36093","5","5222","76","0","2016","4","N","Schenectady County, New York","Private","NAICS 5222 Nondepository credit intermediation","County, NAICS 4-digit -- by ownership sector","All establishment sizes",5,0,0,0,0,0,0,0,"N",0.29,0,0,0,0,0,0,0,"N",0,0.0,0,0,0,0,0,0,0,0,0,0,0,0,0,0
"36093","5","52222","77","0","2016","1","N","Schenectady County, New York","Private","NAICS 52222 Sales financing","County, NAICS 5-digit -- by ownership sector","All establishment sizes",2,0,0,0,0,0,0,0,"N",0.97,0,0,0,0,0,0,0,"N",0,0.0,0,0,0,0,0,0,0,0,0,0,0,0,0,0
"36093","5","52222","77","0","2016","2","N","Schenectady County, New York","Private","NAICS 52222 Sales financing","County, NAICS 5-digit -- by ownership sector","All establishment sizes",2,0,0,0,0,0,0,0,"N",0.96,0,0,0,0,0,0,0,"N",0,0.0,0,0,0,0,0,0,0,0,0,0,0,0,0,0
"36093","5","52222","77","0","2016","3","N","Schenectady County, New York","Private","NAICS 52222 Sales financing","County, NAICS 5-digit -- by ownership sector","All establishment sizes",2,0,0,0,0,0,0,0,"N",0.96,0,0,0,0,0,0,0,"N",0,0.0,0,0,0,0,0,0,0,0,0,0,0,0,0,0
"36093","5","52222","77","0","2016","4","N","Schenectady County, New York","Private","NAICS 52222 Sales financing","County, NAICS 5-digit -- by ownership sector","All establishment sizes",2,0,0,0,0,0,0,0,"N",0.96,0,0,0,0,0,0,0,"N",0,0.0,0,0,0,0,0,0,0,0,0,0,0,0,0,0
"36093","5","522220","78","0","2016","1","N","Schenectady County, New York","Private","NAICS 522220 Sales financing","County, NAICS 6-digit -- by ownership sector","All establishment sizes",2,0,0,0,0,0,0,0,"N",0.97,0,0,0,0,0,0,0,"N",0,0.0,0,0,0,0,0,0,0,0,0,0,0,0,0,0
"36093","5","522220","78","0","2016","2","N","Schenectady County, New York","Private","NAICS 522220 Sales financing","County, NAICS 6-digit -- by ownership sector","All establishment sizes",2,0,0,0,0,0,0,0,"N",0.96,0,0,0,0,0,0,0,"N",0,0.0,0,0,0,0,0,0,0,0,0,0,0,0,0,0
"36093","5","522220","78","0","2016","3","N","Schenectady County, New York","Private","NAICS 522220 Sales financing","County, NAICS 6-digit -- by ownership sector","All establishment sizes",2,0,0,0,0,0,0,0,"N",0.96,0,0,0,0,0,0,0,"N",0,0.0,0,0,0,0,0,0,0,0,0,0,0,0,0,0
"36093","5","522220","78","0","2016","4","N","Schenectady County, New York","Private","NAICS 522220 Sales financing","County, NAICS 6-digit -- by ownership sector","All establishment sizes",2,0,0,0,0,0,0,0,"N",0.96,0,0,0,0,0,0,0,"N",0,0.0,0,0,0,0,0,0,0,0,0,0,0,0,0,0
"36093","5","52229","77","0","2016","1","","Schenectady County, New York","Private","NAICS 52229 Other nondepository credit intermediation","County, NAICS 5-digit -- by ownership sector","All establishment sizes",3,16,16,16,321350,163772,10720,1545,"",0.21,0.09,0.08,0.09,0.08,0.11,0.21,0.88,"",-1,-25.0,-2,-11.1,-1,-5.9,0,0.0,-4195,-1.3,5489,3.5,-3216,-23.1,72,4.9
"36093","5","52229","77","0","2016","2","","Schenectady County, New York","Private","NAICS 52229 Other nondepository credit intermediation","County, NAICS 5-digit -- by ownership sector","All establishment sizes",3,15,14,14,336921,6047,325,1808,"",0.21,0.08,0.07,0.07,0.08,0.02,0.03,1.05,"",0,0.0,0,0.0,0,0.0,0,0.0,40624,13.7,-1563,-20.5,-265,-44.9,218,13.7
"36093","5","52229","77","0","2016","3","","Schenectady County, New York","Private","NAICS 52229 Other nondepository credit intermediation","County, NAICS 5-digit -- by ownership sector","All establishment sizes",3,15,14,15,338938,15643,1091,1778,"",0.21,0.08,0.08,0.08,0.08,0.08,0.17,1.02,"",0,0.0,0,0.0,-1,-6.7,1,7.1,-10169,-2.9,11049,240.5,688,170.7,-53,-2.9
"36093","5","52229","77","0","2016","4","","Schenectady County, New York","Private","NAICS 52229 Other nondepository credit intermediation","County, NAICS 5-digit -- by ownership sector","All establishment sizes",3,15,15,14,347743,11810,802,1824,"",0.21,0.08,0.08,0.07,0.08,0.08,0.16,1.12,"",0,0.0,-1,-6.2,-1,-6.2,-2,-12.5,6088,1.8,-18821,-61.4,-1121,-58.3,181,11.0
"36093","5","522291","78","0","2016","1","N","Schenectady County, New York","Private","NAICS 522291 Consumer lending","County, NAICS 6-digit -- by ownership sector","All establishment sizes",1,0,0,0,0,0,0,0,"N",0.18,0,0,0,0,0,0,0,"N",0,0.0,0,0,0,0,0,0,0,0,0,0,0,0,0,0
"36093","5","522291","78","0","2016","2","N","Schenectady County, New York","Private","NAICS 522291 Consumer lending","County, NAICS 6-digit -- by ownership sector","All establishment sizes",1,0,0,0,0,0,0,0,"N",0.18,0,0,0,0,0,0,0,"N",0,0.0,0,0,0,0,0,0,0,0,0,0,0,0,0,0
"36093","5","522291","78","0","2016","3","N","Schenectady County, New York","Private","NAICS 522291 Consumer lending","County, NAICS 6-digit -- by ownership sector","All establishment sizes",1,0,0,0,0,0,0,0,"N",0.18,0,0,0,0,0,0,0,"N",0,0.0,0,0,0,0,0,0,0,0,0,0,0,0,0,0
"36093","5","522291","78","0","2016","4","N","Schenectady County, New York","Private","NAICS 522291 Consumer lending","County, NAICS 6-digit -- by ownership sector","All establishment sizes",1,0,0,0,0,0,0,0,"N",0.18,0,0,0,0,0,0,0,"N",0,0.0,0,0,0,0,0,0,0,0,0,0,0,0,0,0
"36093","5","522292","78","0","2016","1","N","Schenectady County, New York","Private","NAICS 522292 Real estate credit","County, NAICS 6-digit -- by ownership sector","All establishment sizes",2,0,0,0,0,0,0,0,"N",0.39,0,0,0,0,0,0,0,"N",-1,-33.3,0,0,0,0,0,0,0,0,0,0,0,0,0,0
"36093","5","522292","78","0","2016","2","N","Schenectady County, New York","Private","NAICS 522292 Real estate credit","County, NAICS 6-digit -- by ownership sector","All establishment sizes",2,0,0,0,0,0,0,0,"N",0.39,0,0,0,0,0,0,0,"N",0,0.0,0,0,0,0,0,0,0,0,0,0,0,0,0,0
"36093","5","522292","78","0","2016","3","N","Schenectady County, New York","Private","NAICS 522292 Real estate credit","County, NAICS 6-digit -- by ownership sector","All establishment sizes",2,0,0,0,0,0,0,0,"N",0.38,0,0,0,0,0,0,0,"N",0,0.0,0,0,0,0,0,0,0,0,0,0,0,0,0,0
"36093","5","522292","78","0","2016","4","N","Schenectady County, New York","Private","NAICS 522292 Real estate credit","County, NAICS 6-digit -- by ownership sector","All establishment sizes",2,0,0,0,0,0,0,0,"N",0.38,0,0,0,0,0,0,0,"N",0,0.0,0,0,0,0,0,0,0,0,0,0,0,0,0,0
"36093","5","5223","76","0","2016","1","N","Schenectady County, New York","Private","NAICS 5223 Activities related to credit intermediation","County, NAICS 4-digit -- by ownership sector","All establishment sizes",1,0,0,0,0,0,0,0,"N",0.12,0,0,0,0,0,0,0,"N",-1,-50.0,0,0,0,0,0,0,0,0,0,0,0,0,0,0
"36093","5","5223","76","0","2016","2","N","Schenectady County, New York","Private","NAICS 5223 Activities related to credit intermediation","County, NAICS 4-digit -- by ownership sector","All establishment sizes",1,0,0,0,0,0,0,0,"N",0.12,0,0,0,0,0,0,0,"N",-1,-50.0,0,0,0,0,0,0,0,0,0,0,0,0,0,0
"36093","5","5223","76","0","2016","3","N","Schenectady County, New York","Private","NAICS 5223 Activities related to credit intermediation","County, NAICS 4-digit -- by ownership sector","All establishment sizes",1,0,0,0,0,0,0,0,"N",0.12,0,0,0,0,0,0,0,"N",-1,-50.0,0,0,0,0,0,0,0,0,0,0,0,0,0,0
"36093","5","5223","76","0","2016","4","N","Schenectady County, New York","Private","NAICS 5223 Activities related to credit intermediation","County, NAICS 4-digit -- by ownership sector","All establishment sizes",1,0,0,0,0,0,0,0,"N",0.12,0,0,0,0,0,0,0,"N",-1,-50.0,0,0,0,0,0,0,0,0,0,0,0,0,0,0
"36093","5","52239","77","0","2016","1","N","Schenectady County, New York","Private","NAICS 52239 Other credit intermediation activities","County, NAICS 5-digit -- by ownership sector","All establishment sizes",1,0,0,0,0,0,0,0,"N",0.34,0,0,0,0,0,0,0,"N",0,0.0,0,0,0,0,0,0,0,0,0,0,0,0,0,0
"36093","5","52239","77","0","2016","2","N","Schenectady County, New York","Private","NAICS 52239 Other credit intermediation activities","County, NAICS 5-digit -- by ownership sector","All establishment sizes",1,0,0,0,0,0,0,0,"N",0.34,0,0,0,0,0,0,0,"N",0,0.0,0,0,0,0,0,0,0,0,0,0,0,0,0,0
"36093","5","52239","77","0","2016","3","N","Schenectady County, New York","Private","NAICS 52239 Other credit intermediation activities","County, NAICS 5-digit -- by ownership sector","All establishment sizes",1,0,0,0,0,0,0,0,"N",0.34,0,0,0,0,0,0,0,"N",0,0.0,0,0,0,0,0,0,0,0,0,0,0,0,0,0
"36093","5","52239","77","0","2016","4","N","Schenectady County, New York","Private","NAICS 52239 Other credit intermediation activities","County, NAICS 5-digit -- by ownership sector","All establishment sizes",1,0,0,0,0,0,0,0,"N",0.34,0,0,0,0,0,0,0,"N",0,0.0,0,0,0,0,0,0,0,0,0,0,0,0,0,0
"36093","5","522390","78","0","2016","1","N","Schenectady County, New York","Private","NAICS 522390 Other credit intermediation activities","County, NAICS 6-digit -- by ownership sector","All establishment sizes",1,0,0,0,0,0,0,0,"N",0.34,0,0,0,0,0,0,0,"N",0,0.0,0,0,0,0,0,0,0,0,0,0,0,0,0,0
"36093","5","522390","78","0","2016","2","N","Schenectady County, New York","Private","NAICS 522390 Other credit intermediation activities","County, NAICS 6-digit -- by ownership sector","All establishment sizes",1,0,0,0,0,0,0,0,"N",0.34,0,0,0,0,0,0,0,"N",0,0.0,0,0,0,0,0,0,0,0,0,0,0,0,0,0
"36093","5","522390","78","0","2016","3","N","Schenectady County, New York","Private","NAICS 522390 Other credit intermediation activities","County, NAICS 6-digit -- by ownership sector","All establishment sizes",1,0,0,0,0,0,0,0,"N",0.34,0,0,0,0,0,0,0,"N",0,0.0,0,0,0,0,0,0,0,0,0,0,0,0,0,0
"36093","5","522390","78","0","2016","4","N","Schenectady County, New York","Private","NAICS 522390 Other credit intermediation activities","County, NAICS 6-digit -- by ownership sector","All establishment sizes",1,0,0,0,0,0,0,0,"N",0.34,0,0,0,0,0,0,0,"N",0,0.0,0,0,0,0,0,0,0,0,0,0,0,0,0,0
"36093","5","523","75","0","2016","1","N","Schenectady County, New York","Private","NAICS 523 Securities, commodity contracts, investments","County, NAICS 3-digit -- by ownership sector","All establishment sizes",16,0,0,0,0,0,0,0,"N",0.44,0,0,0,0,0,0,0,"N",-1,-5.9,0,0,0,0,0,0,0,0,0,0,0,0,0,0
"36093","5","523","75","0","2016","2","N","Schenectady County, New York","Private","NAICS 523 Securities, commodity contracts, investments","County, NAICS 3-digit -- by ownership sector","All establishment sizes",16,0,0,0,0,0,0,0,"N",0.44,0,0,0,0,0,0,0,"N",-1,-5.9,0,0,0,0,0,0,0,0,0,0,0,0,0,0
"36093","5","523","75","0","2016","3","N","Schenectady County, New York","Private","NAICS 523 Securities, commodity contracts, investments","County, NAICS 3-digit -- by ownership sector","All establishment sizes",17,0,0,0,0,0,0,0,"N",0.46,0,0,0,0,0,0,0,"N",0,0.0,0,0,0,0,0,0,0,0,0,0,0,0,0,0
"36093","5","523","75","0","2016","4","N","Schenectady County, New York","Private","NAICS 523 Securities, commodity contracts, investments","County, NAICS 3-digit -- by ownership sector","All establishment sizes",18,0,0,0,0,0,0,0,"N",0.48,0,0,0,0,0,0,0,"N",1,5.9,0,0,0,0,0,0,0,0,0,0,0,0,0,0
"36093","5","5231","76","0","2016","1","","Schenectady County, New York","Private","NAICS 5231 Securities and commodity contracts brokerage","County, NAICS 4-digit -- by ownership sector","All establishment sizes",6,42,41,39,2180130,322776,7846,4124,"",0.51,0.21,0.20,0.20,0.13,0.15,0.14,0.64,"",-1,-14.3,1,2.4,0,0.0,-1,-2.5,-6474,-0.3,15806,5.1,-803,-9.3,-12,-0.3
"36093","5","5231","76","0","2016","2","","Schenectady County, New York","Private","NAICS 5231 Securities and commodity contracts brokerage","County, NAICS 4-digit -- by ownership sector","All establishment sizes",6,39,41,40,1409017,23133,693,2710,"",0.51,0.20,0.21,0.20,0.15,0.11,0.12,0.75,"",-1,-14.3,-1,-2.5,1,2.5,0,0.0,74656,5.6,4030,21.1,-35,-4.8,144,5.6
"36093","5","5231","76","0","2016","3","","Schenectady County, New York","Private","NAICS 5231 Securities and commodity contracts brokerage","County, NAICS 4-digit -- by ownership sector","All establishment sizes",7,44,42,43,1525059,16773,359,2728,"",0.58,0.22,0.21,0.22,0.18,0.14,0.10,0.83,"",0,0.0,2,4.8,0,0.0,2,4.9,199676,15.1,-10696,-38.9,-931,-72.2,281,11.5
"36093","5","5231","76","0","2016","4","","Schenectady County, New York","Private","NAICS 5231 Securities and commodity contracts brokerage","County, NAICS 4-digit -- by ownership sector","All establishment sizes",8,42,42,43,1722483,7133,163,3130,"",0.66,0.21,0.21,0.22,0.18,0.09,0.07,0.84,"",1,14.3,1,2.4,1,2.4,2,4.9,277520,19.2,-2649,-27.1,-109,-40.1,419,15.5
"36093","5","52311","77","0","2016","1","N","Schenectady County, New York","Private","NAICS 52311 Investment banking and securities dealing","County, NAICS 5-digit -- by ownership sector","All establishment sizes",1,0,0,0,0,0,0,0,"N",0.41,0,0,0,0,0,0,0,"N",0,0.0,0,0,0,0,0,0,0,0,0,0,0,0,0,0
"36093","5","52311","77","0","2016","2","N","Schenectady County, New York","Private","NAICS 52311 Investment banking and securities dealing","County, NAICS 5-digit -- by ownership sector","All establishment sizes",1,0,0,0,0,0,0,0,"N",0.41,0,0,0,0,0,0,0,"N",0,0.0,0,0,0,0,0,0,0,0,0,0,0,0,0,0
"36093","5","52311","77","0","2016","3","N","Schenectady County, New York","Private","NAICS 52311 Investment banking and securities dealing","County, NAICS 5-digit -- by ownership sector","All establishment sizes",1,0,0,0,0,0,0,0,"N",0.41,0,0,0,0,0,0,0,"N",0,0.0,0,0,0,0,0,0,0,0,0,0,0,0,0,0
"36093","5","52311","77","0","2016","4","N","Schenectady County, New York","Private","NAICS 52311 Investment banking and securities dealing","County, NAICS 5-digit -- by ownership sector","All establishment sizes",1,0,0,0,0,0,0,0,"N",0.40,0,0,0,0,0,0,0,"N",0,0.0,0,0,0,0,0,0,0,0,0,0,0,0,0,0
"36093","5","523110","78","0","2016","1","N","Schenectady County, New York","Private","NAICS 523110 Investment banking and securities dealing","County, NAICS 6-digit -- by ownership sector","All establishment sizes",1,0,0,0,0,0,0,0,"N",0.41,0,0,0,0,0,0,0,"N",0,0.0,0,0,0,0,0,0,0,0,0,0,0,0,0,0
"36093","5","523110","78","0","2016","2","N","Schenectady County, New York","Private","NAICS 523110 Investment banking and securities dealing","County, NAICS 6-digit -- by ownership sector","All establishment sizes",1,0,0,0,0,0,0,0,"N",0.41,0,0,0,0,0,0,0,"N",0,0.0,0,0,0,0,0,0,0,0,0,0,0,0,0,0
"36093","5","523110","78","0","2016","3","N","Schenectady County, New York","Private","NAICS 523110 Investment banking and securities dealing","County, NAICS 6-digit -- by ownership sector","All establishment sizes",1,0,0,0,0,0,0,0,"N",0.41,0,0,0,0,0,0,0,"N",0,0.0,0,0,0,0,0,0,0,0,0,0,0,0,0,0
"36093","5","523110","78","0","2016","4","N","Schenectady County, New York","Private","NAICS 523110 Investment banking and securities dealing","County, NAICS 6-digit -- by ownership sector","All establishment sizes",1,0,0,0,0,0,0,0,"N",0.40,0,0,0,0,0,0,0,"N",0,0.0,0,0,0,0,0,0,0,0,0,0,0,0,0,0
"36093","5","52312","77","0","2016","1","N","Schenectady County, New York","Private","NAICS 52312 Securities brokerage","County, NAICS 5-digit -- by ownership sector","All establishment sizes",5,0,0,0,0,0,0,0,"N",0.60,0,0,0,0,0,0,0,"N",-1,-16.7,0,0,0,0,0,0,0,0,0,0,0,0,0,0
"36093","5","52312","77","0","2016","2","N","Schenectady County, New York","Private","NAICS 52312 Securities brokerage","County, NAICS 5-digit -- by ownership sector","All establishment sizes",5,0,0,0,0,0,0,0,"N",0.60,0,0,0,0,0,0,0,"N",-1,-16.7,0,0,0,0,0,0,0,0,0,0,0,0,0,0
"36093","5","52312","77","0","2016","3","N","Schenectady County, New York","Private","NAICS 52312 Securities brokerage","County, NAICS 5-digit -- by ownership sector","All establishment sizes",6,0,0,0,0,0,0,0,"N",0.70,0,0,0,0,0,0,0,"N",0,0.0,0,0,0,0,0,0,0,0,0,0,0,0,0,0
"36093","5","52312","77","0","2016","4","N","Schenectady County, New York","Private","NAICS 52312 Securities brokerage","County, NAICS 5-digit -- by ownership sector","All establishment sizes",7,0,0,0,0,0,0,0,"N",0.82,0,0,0,0,0,0,0,"N",1,16.7,0,0,0,0,0,0,0,0,0,0,0,0,0,0
"36093","5","523120","78","0","2016","1","N","Schenectady County, New York","Private","NAICS 523120 Securities brokerage","County, NAICS 6-digit -- by ownership sector","All establishment sizes",5,0,0,0,0,0,0,0,"N",0.60,0,0,0,0,0,0,0,"N",-1,-16.7,0,0,0,0,0,0,0,0,0,0,0,0,0,0
"36093","5","523120","78","0","2016","2","N","Schenectady County, New York","Private","NAICS 523120 Securities brokerage","County, NAICS 6-digit -- by ownership sector","All establishment sizes",5,0,0,0,0,0,0,0,"N",0.60,0,0,0,0,0,0,0,"N",-1,-16.7,0,0,0,0,0,0,0,0,0,0,0,0,0,0
"36093","5","523120","78","0","2016","3","N","Schenectady County, New York","Private","NAICS 523120 Securities brokerage","County, NAICS 6-digit -- by ownership sector","All establishment sizes",6,0,0,0,0,0,0,0,"N",0.70,0,0,0,0,0,0,0,"N",0,0.0,0,0,0,0,0,0,0,0,0,0,0,0,0,0
"36093","5","523120","78","0","2016","4","N","Schenectady County, New York","Private","NAICS 523120 Securities brokerage","County, NAICS 6-digit -- by ownership sector","All establishment sizes",7,0,0,0,0,0,0,0,"N",0.82,0,0,0,0,0,0,0,"N",1,16.7,0,0,0,0,0,0,0,0,0,0,0,0,0,0
"36093","5","5239","76","0","2016","1","N","Schenectady County, New York","Private","NAICS 5239 Other financial investment activities","County, NAICS 4-digit -- by ownership sector","All establishment sizes",10,0,0,0,0,0,0,0,"N",0.41,0,0,0,0,0,0,0,"N",0,0.0,0,0,0,0,0,0,0,0,0,0,0,0,0,0
"36093","5","5239","76","0","2016","2","N","Schenectady County, New York","Private","NAICS 5239 Other financial investment activities","County, NAICS 4-digit -- by ownership sector","All establishment sizes",10,0,0,0,0,0,0,0,"N",0.40,0,0,0,0,0,0,0,"N",0,0.0,0,0,0,0,0,0,0,0,0,0,0,0,0,0
"36093","5","5239","76","0","2016","3","N","Schenectady County, New York","Private","NAICS 5239 Other financial investment activities","County, NAICS 4-digit -- by ownership sector","All establishment sizes",10,0,0,0,0,0,0,0,"N",0.40,0,0,0,0,0,0,0,"N",0,0.0,0,0,0,0,0,0,0,0,0,0,0,0,0,0
"36093","5","5239","76","0","2016","4","N","Schenectady County, New York","Private","NAICS 5239 Other financial investment activities","County, NAICS 4-digit -- by ownership sector","All establishment sizes",10,0,0,0,0,0,0,0,"N",0.39,0,0,0,0,0,0,0,"N",0,0.0,0,0,0,0,0,0,0,0,0,0,0,0,0,0
"36093","5","52392","77","0","2016","1","N","Schenectady County, New York","Private","NAICS 52392 Portfolio management","County, NAICS 5-digit -- by ownership sector","All establishment sizes",2,0,0,0,0,0,0,0,"N",0.28,0,0,0,0,0,0,0,"N",0,0.0,0,0,0,0,0,0,0,0,0,0,0,0,0,0
"36093","5","52392","77","0","2016","2","N","Schenectady County, New York","Private","NAICS 52392 Portfolio management","County, NAICS 5-digit -- by ownership sector","All establishment sizes",2,0,0,0,0,0,0,0,"N",0.28,0,0,0,0,0,0,0,"N",0,0.0,0,0,0,0,0,0,0,0,0,0,0,0,0,0
"36093","5","52392","77","0","2016","3","N","Schenectady County, New York","Private","NAICS 52392 Portfolio management","County, NAICS 5-digit -- by ownership sector","All establishment sizes",2,0,0,0,0,0,0,0,"N",0.28,0,0,0,0,0,0,0,"N",0,0.0,0,0,0,0,0,0,0,0,0,0,0,0,0,0
"36093","5","52392","77","0","2016","4","N","Schenectady County, New York","Private","NAICS 52392 Portfolio management","County, NAICS 5-digit -- by ownership sector","All establishment sizes",2,0,0,0,0,0,0,0,"N",0.28,0,0,0,0,0,0,0,"N",0,0.0,0,0,0,0,0,0,0,0,0,0,0,0,0,0
"36093","5","523920","78","0","2016","1","N","Schenectady County, New York","Private","NAICS 523920 Portfolio management","County, NAICS 6-digit -- by ownership sector","All establishment sizes",2,0,0,0,0,0,0,0,"N",0.28,0,0,0,0,0,0,0,"N",0,0.0,0,0,0,0,0,0,0,0,0,0,0,0,0,0
"36093","5","523920","78","0","2016","2","N","Schenectady County, New York","Private","NAICS 523920 Portfolio management","County, NAICS 6-digit -- by ownership sector","All establishment sizes",2,0,0,0,0,0,0,0,"N",0.28,0,0,0,0,0,0,0,"N",0,0.0,0,0,0,0,0,0,0,0,0,0,0,0,0,0
"36093","5","523920","78","0","2016","3","N","Schenectady County, New York","Private","NAICS 523920 Portfolio management","County, NAICS 6-digit -- by ownership sector","All establishment sizes",2,0,0,0,0,0,0,0,"N",0.28,0,0,0,0,0,0,0,"N",0,0.0,0,0,0,0,0,0,0,0,0,0,0,0,0,0
"36093","5","523920","78","0","2016","4","N","Schenectady County, New York","Private","NAICS 523920 Portfolio management","County, NAICS 6-digit -- by ownership sector","All establishment sizes",2,0,0,0,0,0,0,0,"N",0.28,0,0,0,0,0,0,0,"N",0,0.0,0,0,0,0,0,0,0,0,0,0,0,0,0,0
"36093","5","52393","77","0","2016","1","","Schenectady County, New York","Private","NAICS 52393 Investment advice","County, NAICS 5-digit -- by ownership sector","All establishment sizes",8,14,15,15,255754,105891,2001,1341,"",0.60,0.17,0.18,0.18,0.06,0.13,0.09,0.34,"",0,0.0,-2,-12.5,-1,-6.2,-2,-11.8,-1379,-0.5,4774,4.7,-891,-30.8,130,10.7
"36093","5","52393","77","0","2016","2","","Schenectady County, New York","Private","NAICS 52393 Investment advice","County, NAICS 5-digit -- by ownership sector","All establishment sizes",8,14,12,12,272334,18121,364,1654,"",0.59,0.17,0.14,0.14,0.09,0.17,0.11,0.59,"",0,0.0,-2,-12.5,0,0.0,0,0.0,24049,9.7,-6371,-26.0,-338,-48.1,222,15.5
"36093","5","52393","77","0","2016","3","","Schenectady County, New York","Private","NAICS 52393 Investment advice","County, NAICS 5-digit -- by ownership sector","All establishment sizes",8,13,12,11,302121,23267,463,1937,"",0.59,0.16,0.14,0.13,0.11,0.35,0.22,0.74,"",0,0.0,-1,-7.1,-1,-7.7,-2,-15.4,56334,22.9,-7945,-25.5,-281,-37.8,519,36.6
"36093","5","52393","77","0","2016","4","","Schenectady County, New York","Private","NAICS 52393 Investment advice","County, NAICS 5-digit -- by ownership sector","All establishment sizes",8,11,13,9,424698,7191,138,2970,"",0.58,0.13,0.15,0.10,0.11,0.13,0.08,0.88,"",0,0.0,-3,-21.4,-1,-7.1,-3,-25.0,71666,20.3,-1266,-15.0,-105,-43.2,933,45.8
"36093","5","523930","78","0","2016","1","","Schenectady County, New York","Private","NAICS 523930 Investment advice","County, NAICS 6-digit -- by ownership sector","All establishment sizes",8,14,15,15,255754,105891,2001,1341,"",0.60,0.17,0.18,0.18,0.06,0.13,0.09,0.34,"",0,0.0,-2,-12.5,-1,-6.2,-2,-11.8,-1379,-0.5,4774,4.7,-891,-30.8,130,10.7
"36093","5","523930","78","0","2016","2","","Schenectady County, New York","Private","NAICS 523930 Investment advice","County, NAICS 6-digit -- by ownership sector","All establishment sizes",8,14,12,12,272334,18121,364,1654,"",0.59,0.17,0.14,0.14,0.09,0.17,0.11,0.59,"",0,0.0,-2,-12.5,0,0.0,0,0.0,24049,9.7,-6371,-26.0,-338,-48.1,222,15.5
"36093","5","523930","78","0","2016","3","","Schenectady County, New York","Private","NAICS 523930 Investment advice","County, NAICS 6-digit -- by ownership sector","All establishment sizes",8,13,12,11,302121,23267,463,1937,"",0.59,0.16,0.14,0.13,0.11,0.35,0.22,0.74,"",0,0.0,-1,-7.1,-1,-7.7,-2,-15.4,56334,22.9,-7945,-25.5,-281,-37.8,519,36.6
"36093","5","523930","78","0","2016","4","","Schenectady County, New York","Private","NAICS 523930 Investment advice","County, NAICS 6-digit -- by ownership sector","All establishment sizes",8,11,13,9,424698,7191,138,2970,"",0.58,0.13,0.15,0.10,0.11,0.13,0.08,0.88,"",0,0.0,-3,-21.4,-1,-7.1,-3,-25.0,71666,20.3,-1266,-15.0,-105,-43.2,933,45.8
"36093","5","524","75","0","2016","1","","Schenectady County, New York","Private","NAICS 524 Insurance carriers and related activities","County, NAICS 3-digit -- by ownership sector","All establishment sizes",63,1089,1086,1098,19962218,10812314,360182,1407,"",0.93,1.08,1.07,1.09,0.83,1.21,1.53,0.77,"",-1,-1.6,-5,-0.5,-5,-0.5,23,2.1,499394,2.6,145815,1.4,-74644,-17.2,29,2.1
"36093","5","524","75","0","2016","2","","Schenectady County, New York","Private","NAICS 524 Insurance carriers and related activities","County, NAICS 3-digit -- by ownership sector","All establishment sizes",61,1087,1091,1092,28534285,1306610,38764,2014,"",0.90,1.07,1.08,1.06,1.32,0.89,0.99,1.23,"",-4,-6.2,17,1.6,32,3.0,24,2.2,6639639,30.3,279412,27.2,1216,3.2,434,27.5
"36093","5","524","75","0","2016","3","","Schenectady County, New York","Private","NAICS 524 Insurance carriers and related activities","County, NAICS 3-digit -- by ownership sector","All establishment sizes",60,1107,1110,1113,21802359,662701,19572,1511,"",0.88,1.12,1.12,1.12,1.11,0.89,0.95,0.99,"",-5,-7.7,28,2.6,33,3.1,24,2.2,3809010,21.2,275006,70.9,5598,40.1,231,18.0
"36093","5","524","75","0","2016","4","","Schenectady County, New York","Private","NAICS 524 Insurance carriers and related activities","County, NAICS 3-digit -- by ownership sector","All establishment sizes",60,1114,1139,1142,20487922,612520,19647,1393,"",0.88,1.09,1.11,1.13,1.06,1.17,1.27,0.95,"",-6,-9.1,27,2.5,44,4.0,39,3.5,-592524,-2.8,25952,4.4,-2533,-11.4,-88,-5.9
"36093","5","5241","76","0","2016","1","N","Schenectady County, New York","Private","NAICS 5241 Insurance carriers","County, NAICS 4-digit -- by ownership sector","All establishment sizes",10,0,0,0,0,0,0,0,"N",0.97,0,0,0,0,0,0,0,"N",-1,-9.1,0,0,0,0,0,0,0,0,0,0,0,0,0,0
"36093","5","5241","76","0","2016","2","N","Schenectady County, New York","Private","NAICS 5241 Insurance carriers","County, NAICS 4-digit -- by ownership sector","All establishment sizes",10,0,0,0,0,0,0,0,"N",0.96,0,0,0,0,0,0,0,"N",-1,-9.1,0,0,0,0,0,0,0,0,0,0,0,0,0,0
"36093","5","5241","76","0","2016","3","N","Schenectady County, New York","Private","NAICS 5241 Insurance carriers","County, NAICS 4-digit -- by ownership sector","All establishment sizes",10,0,0,0,0,0,0,0,"N",0.95,0,0,0,0,0,0,0,"N",-1,-9.1,0,0,0,0,0,0,0,0,0,0,0,0,0,0
"36093","5","5241","76","0","2016","4","N","Schenectady County, New York","Private","NAICS 5241 Insurance carriers","County, NAICS 4-digit -- by ownership sector","All establishment sizes",10,0,0,0,0,0,0,0,"N",0.95,0,0,0,0,0,0,0,"N",-1,-9.1,0,0,0,0,0,0,0,0,0,0,0,0,0,0
"36093","5","52411","77","0","2016","1","N","Schenectady County, New York","Private","NAICS 52411 Direct life and health insurance carriers","County, NAICS 5-digit -- by ownership sector","All establishment sizes",2,0,0,0,0,0,0,0,"N",0.58,0,0,0,0,0,0,0,"N",0,0.0,0,0,0,0,0,0,0,0,0,0,0,0,0,0
"36093","5","52411","77","0","2016","2","N","Schenectady County, New York","Private","NAICS 52411 Direct life and health insurance carriers","County, NAICS 5-digit -- by ownership sector","All establishment sizes",2,0,0,0,0,0,0,0,"N",0.57,0,0,0,0,0,0,0,"N",0,0.0,0,0,0,0,0,0,0,0,0,0,0,0,0,0
"36093","5","52411","77","0","2016","3","N","Schenectady County, New York","Private","NAICS 52411 Direct life and health insurance carriers","County, NAICS 5-digit -- by ownership sector","All establishment sizes",2,0,0,0,0,0,0,0,"N",0.56,0,0,0,0,0,0,0,"N",0,0.0,0,0,0,0,0,0,0,0,0,0,0,0,0,0
"36093","5","52411","77","0","2016","4","N","Schenectady County, New York","Private","NAICS 52411 Direct life and health insurance carriers","County, NAICS 5-digit -- by ownership sector","All establishment sizes",2,0,0,0,0,0,0,0,"N",0.56,0,0,0,0,0,0,0,"N",0,0.0,0,0,0,0,0,0,0,0,0,0,0,0,0,0
"36093","5","524113","78","0","2016","1","N","Schenectady County, New York","Private","NAICS 524113 Direct life insurance carriers","County, NAICS 6-digit -- by ownership sector","All establishment sizes",1,0,0,0,0,0,0,0,"N",0.51,0,0,0,0,0,0,0,"N",0,0.0,0,0,0,0,0,0,0,0,0,0,0,0,0,0
"36093","5","524113","78","0","2016","2","N","Schenectady County, New York","Private","NAICS 524113 Direct life insurance carriers","County, NAICS 6-digit -- by ownership sector","All establishment sizes",1,0,0,0,0,0,0,0,"N",0.51,0,0,0,0,0,0,0,"N",0,0.0,0,0,0,0,0,0,0,0,0,0,0,0,0,0
"36093","5","524113","78","0","2016","3","N","Schenectady County, New York","Private","NAICS 524113 Direct life insurance carriers","County, NAICS 6-digit -- by ownership sector","All establishment sizes",1,0,0,0,0,0,0,0,"N",0.50,0,0,0,0,0,0,0,"N",0,0.0,0,0,0,0,0,0,0,0,0,0,0,0,0,0
"36093","5","524113","78","0","2016","4","N","Schenectady County, New York","Private","NAICS 524113 Direct life insurance carriers","County, NAICS 6-digit -- by ownership sector","All establishment sizes",1,0,0,0,0,0,0,0,"N",0.50,0,0,0,0,0,0,0,"N",0,0.0,0,0,0,0,0,0,0,0,0,0,0,0,0,0
"36093","5","524114","78","0","2016","1","N","Schenectady County, New York","Private","NAICS 524114 Direct health and medical insurance carriers","County, NAICS 6-digit -- by ownership sector","All establishment sizes",1,0,0,0,0,0,0,0,"N",0.67,0,0,0,0,0,0,0,"N",0,0.0,0,0,0,0,0,0,0,0,0,0,0,0,0,0
"36093","5","524114","78","0","2016","2","N","Schenectady County, New York","Private","NAICS 524114 Direct health and medical insurance carriers","County, NAICS 6-digit -- by ownership sector","All establishment sizes",1,0,0,0,0,0,0,0,"N",0.66,0,0,0,0,0,0,0,"N",0,0.0,0,0,0,0,0,0,0,0,0,0,0,0,0,0
"36093","5","524114","78","0","2016","3","N","Schenectady County, New York","Private","NAICS 524114 Direct health and medical insurance carriers","County, NAICS 6-digit -- by ownership sector","All establishment sizes",1,0,0,0,0,0,0,0,"N",0.64,0,0,0,0,0,0,0,"N",0,0.0,0,0,0,0,0,0,0,0,0,0,0,0,0,0
"36093","5","524114","78","0","2016","4","N","Schenectady County, New York","Private","NAICS 524114 Direct health and medical insurance carriers","County, NAICS 6-digit -- by ownership sector","All establishment sizes",1,0,0,0,0,0,0,0,"N",0.63,0,0,0,0,0,0,0,"N",0,0.0,0,0,0,0,0,0,0,0,0,0,0,0,0,0
"36093","5","52412","77","0","2016","1","","Schenectady County, New York","Private","NAICS 52412 Direct insurers, except life and health","County, NAICS 5-digit -- by ownership sector","All establishment sizes",7,28,28,29,617107,282884,23190,1675,"",1.06,0.11,0.11,0.12,0.10,0.12,0.42,0.86,"",-1,-12.5,-3,-9.7,-2,-6.7,-3,-9.4,-61273,-9.0,-20828,-6.9,-2263,-8.9,-8,-0.5
"36093","5","52412","77","0","2016","2","","Schenectady County, New York","Private","NAICS 52412 Direct insurers, except life and health","County, NAICS 5-digit -- by ownership sector","All establishment sizes",7,28,24,24,639132,19739,948,1941,"",1.05,0.11,0.10,0.10,0.11,0.06,0.13,1.10,"",-1,-12.5,-4,-12.5,-6,-20.0,-6,-20.0,52095,8.9,-8252,-29.5,-543,-36.4,468,31.8
"36093","5","52412","77","0","2016","3","","Schenectady County, New York","Private","NAICS 52412 Direct insurers, except life and health","County, NAICS 5-digit -- by ownership sector","All establishment sizes",7,24,24,24,532279,8551,152,1706,"",1.05,0.10,0.10,0.10,0.11,0.06,0.04,1.06,"",-1,-12.5,-8,-25.0,-6,-20.0,-4,-14.3,-16204,-3.0,-7235,-45.8,-546,-78.2,300,21.3
"36093","5","52412","77","0","2016","4","","Schenectady County, New York","Private","NAICS 52412 Direct insurers, except life and health","County, NAICS 5-digit -- by ownership sector","All establishment sizes",7,25,25,26,529428,18987,1202,1608,"",1.05,0.10,0.10,0.11,0.11,0.20,0.44,1.08,"",-1,-12.5,-2,-7.4,-3,-10.7,-3,-10.3,-119587,-18.4,-2815,-12.9,-151,-11.2,-175,-9.8
"36093","5","524126","78","0","2016","1","N","Schenectady County, New York","Private","NAICS 524126 Direct property and casualty insurers","County, NAICS 6-digit -- by ownership sector","All establishment sizes",5,0,0,0,0,0,0,0,"N",1.17,0,0,0,0,0,0,0,"N",0,0.0,0,0,0,0,0,0,0,0,0,0,0,0,0,0
"36093","5","524126","78","0","2016","2","N","Schenectady County, New York","Private","NAICS 524126 Direct property and casualty insurers","County, NAICS 6-digit -- by ownership sector","All establishment sizes",5,0,0,0,0,0,0,0,"N",1.16,0,0,0,0,0,0,0,"N",0,0.0,0,0,0,0,0,0,0,0,0,0,0,0,0,0
"36093","5","524126","78","0","2016","3","N","Schenectady County, New York","Private","NAICS 524126 Direct property and casualty insurers","County, NAICS 6-digit -- by ownership sector","All establishment sizes",5,0,0,0,0,0,0,0,"N",1.16,0,0,0,0,0,0,0,"N",0,0.0,0,0,0,0,0,0,0,0,0,0,0,0,0,0
"36093","5","524126","78","0","2016","4","N","Schenectady County, New York","Private","NAICS 524126 Direct property and casualty insurers","County, NAICS 6-digit -- by ownership sector","All establishment sizes",5,0,0,0,0,0,0,0,"N",1.16,0,0,0,0,0,0,0,"N",0,0.0,0,0,0,0,0,0,0,0,0,0,0,0,0,0
"36093","5","524127","78","0","2016","1","N","Schenectady County, New York","Private","NAICS 524127 Direct title insurance carriers","County, NAICS 6-digit -- by ownership sector","All establishment sizes",2,0,0,0,0,0,0,0,"N",1.03,0,0,0,0,0,0,0,"N",-1,-33.3,0,0,0,0,0,0,0,0,0,0,0,0,0,0
"36093","5","524127","78","0","2016","2","N","Schenectady County, New York","Private","NAICS 524127 Direct title insurance carriers","County, NAICS 6-digit -- by ownership sector","All establishment sizes",2,0,0,0,0,0,0,0,"N",1.02,0,0,0,0,0,0,0,"N",-1,-33.3,0,0,0,0,0,0,0,0,0,0,0,0,0,0
"36093","5","524127","78","0","2016","3","N","Schenectady County, New York","Private","NAICS 524127 Direct title insurance carriers","County, NAICS 6-digit -- by ownership sector","All establishment sizes",2,0,0,0,0,0,0,0,"N",1.02,0,0,0,0,0,0,0,"N",-1,-33.3,0,0,0,0,0,0,0,0,0,0,0,0,0,0
"36093","5","524127","78","0","2016","4","N","Schenectady County, New York","Private","NAICS 524127 Direct title insurance carriers","County, NAICS 6-digit -- by ownership sector","All establishment sizes",2,0,0,0,0,0,0,0,"N",1.02,0,0,0,0,0,0,0,"N",-1,-33.3,0,0,0,0,0,0,0,0,0,0,0,0,0,0
"36093","5","52413","77","0","2016","1","N","Schenectady County, New York","Private","NAICS 52413 Reinsurance carriers","County, NAICS 5-digit -- by ownership sector","All establishment sizes",1,0,0,0,0,0,0,0,"N",3.64,0,0,0,0,0,0,0,"N",0,0.0,0,0,0,0,0,0,0,0,0,0,0,0,0,0
"36093","5","52413","77","0","2016","2","N","Schenectady County, New York","Private","NAICS 52413 Reinsurance carriers","County, NAICS 5-digit -- by ownership sector","All establishment sizes",1,0,0,0,0,0,0,0,"N",3.59,0,0,0,0,0,0,0,"N",0,0.0,0,0,0,0,0,0,0,0,0,0,0,0,0,0
"36093","5","52413","77","0","2016","3","N","Schenectady County, New York","Private","NAICS 52413 Reinsurance carriers","County, NAICS 5-digit -- by ownership sector","All establishment sizes",1,0,0,0,0,0,0,0,"N",3.55,0,0,0,0,0,0,0,"N",0,0.0,0,0,0,0,0,0,0,0,0,0,0,0,0,0
"36093","5","52413","77","0","2016","4","N","Schenectady County, New York","Private","NAICS 52413 Reinsurance carriers","County, NAICS 5-digit -- by ownership sector","All establishment sizes",1,0,0,0,0,0,0,0,"N",3.56,0,0,0,0,0,0,0,"N",0,0.0,0,0,0,0,0,0,0,0,0,0,0,0,0,0
"36093","5","524130","78","0","2016","1","N","Schenectady County, New York","Private","NAICS 524130 Reinsurance carriers","County, NAICS 6-digit -- by ownership sector","All establishment sizes",1,0,0,0,0,0,0,0,"N",3.64,0,0,0,0,0,0,0,"N",0,0.0,0,0,0,0,0,0,0,0,0,0,0,0,0,0
"36093","5","524130","78","0","2016","2","N","Schenectady County, New York","Private","NAICS 524130 Reinsurance carriers","County, NAICS 6-digit -- by ownership sector","All establishment sizes",1,0,0,0,0,0,0,0,"N",3.59,0,0,0,0,0,0,0,"N",0,0.0,0,0,0,0,0,0,0,0,0,0,0,0,0,0
"36093","5","524130","78","0","2016","3","N","Schenectady County, New York","Private","NAICS 524130 Reinsurance carriers","County, NAICS 6-digit -- by ownership sector","All establishment sizes",1,0,0,0,0,0,0,0,"N",3.55,0,0,0,0,0,0,0,"N",0,0.0,0,0,0,0,0,0,0,0,0,0,0,0,0,0
"36093","5","524130","78","0","2016","4","N","Schenectady County, New York","Private","NAICS 524130 Reinsurance carriers","County, NAICS 6-digit -- by ownership sector","All establishment sizes",1,0,0,0,0,0,0,0,"N",3.56,0,0,0,0,0,0,0,"N",0,0.0,0,0,0,0,0,0,0,0,0,0,0,0,0,0
"36093","5","5242","76","0","2016","1","N","Schenectady County, New York","Private","NAICS 5242 Insurance agencies and brokerages","County, NAICS 4-digit -- by ownership sector","All establishment sizes",53,0,0,0,0,0,0,0,"N",0.93,0,0,0,0,0,0,0,"N",0,0.0,0,0,0,0,0,0,0,0,0,0,0,0,0,0
"36093","5","5242","76","0","2016","2","N","Schenectady County, New York","Private","NAICS 5242 Insurance agencies and brokerages","County, NAICS 4-digit -- by ownership sector","All establishment sizes",51,0,0,0,0,0,0,0,"N",0.89,0,0,0,0,0,0,0,"N",-3,-5.6,0,0,0,0,0,0,0,0,0,0,0,0,0,0
"36093","5","5242","76","0","2016","3","N","Schenectady County, New York","Private","NAICS 5242 Insurance agencies and brokerages","County, NAICS 4-digit -- by ownership sector","All establishment sizes",50,0,0,0,0,0,0,0,"N",0.87,0,0,0,0,0,0,0,"N",-4,-7.4,0,0,0,0,0,0,0,0,0,0,0,0,0,0
"36093","5","5242","76","0","2016","4","N","Schenectady County, New York","Private","NAICS 5242 Insurance agencies and brokerages","County, NAICS 4-digit -- by ownership sector","All establishment sizes",50,0,0,0,0,0,0,0,"N",0.86,0,0,0,0,0,0,0,"N",-5,-9.1,0,0,0,0,0,0,0,0,0,0,0,0,0,0
"36093","5","52421","77","0","2016","1","","Schenectady County, New York","Private","NAICS 52421 Insurance agencies and brokerages","County, NAICS 5-digit -- by ownership sector","All establishment sizes",43,245,247,250,5399470,2080140,41286,1679,"",0.86,0.71,0.71,0.72,0.77,0.75,0.59,1.08,"",0,0.0,-3,-1.2,-5,-2.0,2,0.8,295216,5.8,-21559,-1.0,-9999,-19.5,104,6.6
"36093","5","52421","77","0","2016","2","","Schenectady County, New York","Private","NAICS 52421 Insurance agencies and brokerages","County, NAICS 5-digit -- by ownership sector","All establishment sizes",43,238,240,238,3976694,478493,9869,1282,"",0.86,0.68,0.69,0.67,0.59,0.87,0.68,0.86,"",-1,-2.3,-9,-3.6,-5,-2.0,-11,-4.4,-70117,-1.7,103159,27.5,540,5.8,22,1.7
"36093","5","52421","77","0","2016","3","","Schenectady County, New York","Private","NAICS 52421 Insurance agencies and brokerages","County, NAICS 5-digit -- by ownership sector","All establishment sizes",42,252,249,252,4247033,196969,3640,1302,"",0.84,0.74,0.73,0.74,0.69,0.68,0.47,0.93,"",-2,-4.5,-2,-0.8,-3,-1.2,-7,-2.7,-116732,-2.7,44573,29.2,-252,-6.5,-14,-1.1
"36093","5","52421","77","0","2016","4","","Schenectady County, New York","Private","NAICS 52421 Insurance agencies and brokerages","County, NAICS 5-digit -- by ownership sector","All establishment sizes",42,235,241,244,4548289,109624,2003,1458,"",0.83,0.67,0.69,0.70,0.71,0.50,0.33,1.04,"",-3,-6.7,-19,-7.5,-12,-4.7,-12,-4.7,-314271,-6.5,-96458,-46.8,-3434,-63.2,-13,-0.9
"36093","5","524210","78","0","2016","1","","Schenectady County, New York","Private","NAICS 524210 Insurance agencies and brokerages","County, NAICS 6-digit -- by ownership sector","All establishment sizes",43,245,247,250,5399470,2080140,41286,1679,"",0.86,0.71,0.71,0.72,0.77,0.75,0.59,1.08,"",0,0.0,-3,-1.2,-5,-2.0,2,0.8,295216,5.8,-21559,-1.0,-9999,-19.5,104,6.6
"36093","5","524210","78","0","2016","2","","Schenectady County, New York","Private","NAICS 524210 Insurance agencies and brokerages","County, NAICS 6-digit -- by ownership sector","All establishment sizes",43,238,240,238,3976694,478493,9869,1282,"",0.86,0.68,0.69,0.67,0.59,0.87,0.68,0.86,"",-1,-2.3,-9,-3.6,-5,-2.0,-11,-4.4,-70117,-1.7,103159,27.5,540,5.8,22,1.7
"36093","5","524210","78","0","2016","3","","Schenectady County, New York","Private","NAICS 524210 Insurance agencies and brokerages","County, NAICS 6-digit -- by ownership sector","All establishment sizes",42,252,249,252,4247033,196969,3640,1302,"",0.84,0.74,0.73,0.74,0.69,0.68,0.47,0.93,"",-2,-4.5,-2,-0.8,-3,-1.2,-7,-2.7,-116732,-2.7,44573,29.2,-252,-6.5,-14,-1.1
"36093","5","524210","78","0","2016","4","","Schenectady County, New York","Private","NAICS 524210 Insurance agencies and brokerages","County, NAICS 6-digit -- by ownership sector","All establishment sizes",42,235,241,244,4548289,109624,2003,1458,"",0.83,0.67,0.69,0.70,0.71,0.50,0.33,1.04,"",-3,-6.7,-19,-7.5,-12,-4.7,-12,-4.7,-314271,-6.5,-96458,-46.8,-3434,-63.2,-13,-0.9
"36093","5","52429","77","0","2016","1","N","Schenectady County, New York","Private","NAICS 52429 Other insurance related activities","County, NAICS 5-digit -- by ownership sector","All establishment sizes",10,0,0,0,0,0,0,0,"N",1.33,0,0,0,0,0,0,0,"N",0,0.0,0,0,0,0,0,0,0,0,0,0,0,0,0,0
"36093","5","52429","77","0","2016","2","N","Schenectady County, New York","Private","NAICS 52429 Other insurance related activities","County, NAICS 5-digit -- by ownership sector","All establishment sizes",8,0,0,0,0,0,0,0,"N",1.06,0,0,0,0,0,0,0,"N",-2,-20.0,0,0,0,0,0,0,0,0,0,0,0,0,0,0
"36093","5","52429","77","0","2016","3","N","Schenectady County, New York","Private","NAICS 52429 Other insurance related activities","County, NAICS 5-digit -- by ownership sector","All establishment sizes",8,0,0,0,0,0,0,0,"N",1.06,0,0,0,0,0,0,0,"N",-2,-20.0,0,0,0,0,0,0,0,0,0,0,0,0,0,0
"36093","5","52429","77","0","2016","4","N","Schenectady County, New York","Private","NAICS 52429 Other insurance related activities","County, NAICS 5-digit -- by ownership sector","All establishment sizes",8,0,0,0,0,0,0,0,"N",1.05,0,0,0,0,0,0,0,"N",-2,-20.0,0,0,0,0,0,0,0,0,0,0,0,0,0,0
"36093","5","524291","78","0","2016","1","N","Schenectady County, New York","Private","NAICS 524291 Claims adjusting","County, NAICS 6-digit -- by ownership sector","All establishment sizes",3,0,0,0,0,0,0,0,"N",1.29,0,0,0,0,0,0,0,"N",0,0.0,0,0,0,0,0,0,0,0,0,0,0,0,0,0
"36093","5","524291","78","0","2016","2","N","Schenectady County, New York","Private","NAICS 524291 Claims adjusting","County, NAICS 6-digit -- by ownership sector","All establishment sizes",2,0,0,0,0,0,0,0,"N",0.86,0,0,0,0,0,0,0,"N",-1,-33.3,0,0,0,0,0,0,0,0,0,0,0,0,0,0
"36093","5","524291","78","0","2016","3","N","Schenectady County, New York","Private","NAICS 524291 Claims adjusting","County, NAICS 6-digit -- by ownership sector","All establishment sizes",2,0,0,0,0,0,0,0,"N",0.86,0,0,0,0,0,0,0,"N",-1,-33.3,0,0,0,0,0,0,0,0,0,0,0,0,0,0
"36093","5","524291","78","0","2016","4","N","Schenectady County, New York","Private","NAICS 524291 Claims adjusting","County, NAICS 6-digit -- by ownership sector","All establishment sizes",2,0,0,0,0,0,0,0,"N",0.86,0,0,0,0,0,0,0,"N",-1,-33.3,0,0,0,0,0,0,0,0,0,0,0,0,0,0
"36093","5","524292","78","0","2016","1","N","Schenectady County, New York","Private","NAICS 524292 Third party administration of insurance funds","County, NAICS 6-digit -- by ownership sector","All establishment sizes",3,0,0,0,0,0,0,0,"N",1.22,0,0,0,0,0,0,0,"N",0,0.0,0,0,0,0,0,0,0,0,0,0,0,0,0,0
"36093","5","524292","78","0","2016","2","N","Schenectady County, New York","Private","NAICS 524292 Third party administration of insurance funds","County, NAICS 6-digit -- by ownership sector","All establishment sizes",2,0,0,0,0,0,0,0,"N",0.81,0,0,0,0,0,0,0,"N",-1,-33.3,0,0,0,0,0,0,0,0,0,0,0,0,0,0
"36093","5","524292","78","0","2016","3","N","Schenectady County, New York","Private","NAICS 524292 Third party administration of insurance funds","County, NAICS 6-digit -- by ownership sector","All establishment sizes",2,0,0,0,0,0,0,0,"N",0.81,0,0,0,0,0,0,0,"N",-1,-33.3,0,0,0,0,0,0,0,0,0,0,0,0,0,0
"36093","5","524292","78","0","2016","4","N","Schenectady County, New York","Private","NAICS 524292 Third party administration of insurance funds","County, NAICS 6-digit -- by ownership sector","All establishment sizes",2,0,0,0,0,0,0,0,"N",0.81,0,0,0,0,0,0,0,"N",-1,-33.3,0,0,0,0,0,0,0,0,0,0,0,0,0,0
"36093","5","524298","78","0","2016","1","","Schenectady County, New York","Private","NAICS 524298 All other insurance related activities","County, NAICS 6-digit -- by ownership sector","All establishment sizes",4,17,17,18,255237,151252,2571,1133,"",1.46,0.49,0.49,0.52,0.30,0.52,0.28,0.60,"",0,0.0,1,6.2,0,0.0,1,5.9,25492,11.1,15372,11.3,-866,-25.2,73,6.9
"36093","5","524298","78","0","2016","2","","Schenectady County, New York","Private","NAICS 524298 All other insurance related activities","County, NAICS 6-digit -- by ownership sector","All establishment sizes",4,18,18,18,264533,21991,374,1130,"",1.45,0.52,0.52,0.51,0.36,0.43,0.21,0.70,"",0,0.0,-1,-5.3,0,0.0,1,5.9,20628,8.5,-3695,-14.4,-261,-41.1,88,8.4
"36093","5","524298","78","0","2016","3","","Schenectady County, New York","Private","NAICS 524298 All other insurance related activities","County, NAICS 6-digit -- by ownership sector","All establishment sizes",4,18,19,19,253083,16089,273,1043,"",1.43,0.53,0.56,0.55,0.37,0.57,0.28,0.68,"",0,0.0,1,5.9,2,11.8,2,11.8,14634,6.1,6133,61.6,65,31.2,-36,-3.3
"36093","5","524298","78","0","2016","4","","Schenectady County, New York","Private","NAICS 524298 All other insurance related activities","County, NAICS 6-digit -- by ownership sector","All establishment sizes",4,20,21,21,304468,16529,281,1133,"",1.43,0.57,0.59,0.60,0.43,0.77,0.36,0.73,"",0,0.0,4,25.0,5,31.2,5,31.2,66290,27.8,1655,11.1,-161,-36.4,-12,-1.0
"36093","5","525","75","0","2016","1","N","Schenectady County, New York","Private","NAICS 525 Funds, trusts, and other financial vehicles","County, NAICS 3-digit -- by ownership sector","All establishment sizes",1,0,0,0,0,0,0,0,"N",0.76,0,0,0,0,0,0,0,"N",0,0.0,0,0,0,0,0,0,0,0,0,0,0,0,0,0
"36093","5","525","75","0","2016","2","N","Schenectady County, New York","Private","NAICS 525 Funds, trusts, and other financial vehicles","County, NAICS 3-digit -- by ownership sector","All establishment sizes",1,0,0,0,0,0,0,0,"N",0.71,0,0,0,0,0,0,0,"N",0,0.0,0,0,0,0,0,0,0,0,0,0,0,0,0,0
"36093","5","525","75","0","2016","3","N","Schenectady County, New York","Private","NAICS 525 Funds, trusts, and other financial vehicles","County, NAICS 3-digit -- by ownership sector","All establishment sizes",1,0,0,0,0,0,0,0,"N",0.70,0,0,0,0,0,0,0,"N",0,0.0,0,0,0,0,0,0,0,0,0,0,0,0,0,0
"36093","5","525","75","0","2016","4","N","Schenectady County, New York","Private","NAICS 525 Funds, trusts, and other financial vehicles","County, NAICS 3-digit -- by ownership sector","All establishment sizes",1,0,0,0,0,0,0,0,"N",0.64,0,0,0,0,0,0,0,"N",0,0.0,0,0,0,0,0,0,0,0,0,0,0,0,0,0
"36093","5","5251","76","0","2016","1","N","Schenectady County, New York","Private","NAICS 5251 Insurance and employee benefit funds","County, NAICS 4-digit -- by ownership sector","All establishment sizes",1,0,0,0,0,0,0,0,"N",3.88,0,0,0,0,0,0,0,"N",0,0.0,0,0,0,0,0,0,0,0,0,0,0,0,0,0
"36093","5","5251","76","0","2016","2","N","Schenectady County, New York","Private","NAICS 5251 Insurance and employee benefit funds","County, NAICS 4-digit -- by ownership sector","All establishment sizes",1,0,0,0,0,0,0,0,"N",3.74,0,0,0,0,0,0,0,"N",0,0.0,0,0,0,0,0,0,0,0,0,0,0,0,0,0
"36093","5","5251","76","0","2016","3","N","Schenectady County, New York","Private","NAICS 5251 Insurance and employee benefit funds","County, NAICS 4-digit -- by ownership sector","All establishment sizes",1,0,0,0,0,0,0,0,"N",3.63,0,0,0,0,0,0,0,"N",0,0.0,0,0,0,0,0,0,0,0,0,0,0,0,0,0
"36093","5","5251","76","0","2016","4","N","Schenectady County, New York","Private","NAICS 5251 Insurance and employee benefit funds","County, NAICS 4-digit -- by ownership sector","All establishment sizes",1,0,0,0,0,0,0,0,"N",3.53,0,0,0,0,0,0,0,"N",0,0.0,0,0,0,0,0,0,0,0,0,0,0,0,0,0
"36093","5","52512","77","0","2016","1","N","Schenectady County, New York","Private","NAICS 52512 Health and welfare funds","County, NAICS 5-digit -- by ownership sector","All establishment sizes",1,0,0,0,0,0,0,0,"N",10.84,0,0,0,0,0,0,0,"N",0,0.0,0,0,0,0,0,0,0,0,0,0,0,0,0,0
"36093","5","52512","77","0","2016","2","N","Schenectady County, New York","Private","NAICS 52512 Health and welfare funds","County, NAICS 5-digit -- by ownership sector","All establishment sizes",1,0,0,0,0,0,0,0,"N",10.63,0,0,0,0,0,0,0,"N",0,0.0,0,0,0,0,0,0,0,0,0,0,0,0,0,0
"36093","5","52512","77","0","2016","3","N","Schenectady County, New York","Private","NAICS 52512 Health and welfare funds","County, NAICS 5-digit -- by ownership sector","All establishment sizes",1,0,0,0,0,0,0,0,"N",10.36,0,0,0,0,0,0,0,"N",0,0.0,0,0,0,0,0,0,0,0,0,0,0,0,0,0
"36093","5","52512","77","0","2016","4","N","Schenectady County, New York","Private","NAICS 52512 Health and welfare funds","County, NAICS 5-digit -- by ownership sector","All establishment sizes",1,0,0,0,0,0,0,0,"N",10.10,0,0,0,0,0,0,0,"N",0,0.0,0,0,0,0,0,0,0,0,0,0,0,0,0,0
"36093","5","525120","78","0","2016","1","N","Schenectady County, New York","Private","NAICS 525120 Health and welfare funds","County, NAICS 6-digit -- by ownership sector","All establishment sizes",1,0,0,0,0,0,0,0,"N",10.84,0,0,0,0,0,0,0,"N",0,0.0,0,0,0,0,0,0,0,0,0,0,0,0,0,0
"36093","5","525120","78","0","2016","2","N","Schenectady County, New York","Private","NAICS 525120 Health and welfare funds","County, NAICS 6-digit -- by ownership sector","All establishment sizes",1,0,0,0,0,0,0,0,"N",10.63,0,0,0,0,0,0,0,"N",0,0.0,0,0,0,0,0,0,0,0,0,0,0,0,0,0
"36093","5","525120","78","0","2016","3","N","Schenectady County, New York","Private","NAICS 525120 Health and welfare funds","County, NAICS 6-digit -- by ownership sector","All establishment sizes",1,0,0,0,0,0,0,0,"N",10.36,0,0,0,0,0,0,0,"N",0,0.0,0,0,0,0,0,0,0,0,0,0,0,0,0,0
"36093","5","525120","78","0","2016","4","N","Schenectady County, New York","Private","NAICS 525120 Health and welfare funds","County, NAICS 6-digit -- by ownership sector","All establishment sizes",1,0,0,0,0,0,0,0,"N",10.10,0,0,0,0,0,0,0,"N",0,0.0,0,0,0,0,0,0,0,0,0,0,0,0,0,0
"36093","5","53","74","0","2016","1","","Schenectady County, New York","Private","NAICS 53 Real estate and rental and leasing","County, NAICS Sector -- by ownership sector","All establishment sizes",102,481,477,470,3989443,3262278,103127,645,"",0.77,0.52,0.51,0.51,0.31,0.53,0.52,0.60,"",-1,-1.0,24,5.3,21,4.6,7,1.5,202919,5.4,210505,6.9,-13503,-11.6,10,1.6
"36093","5","53","74","0","2016","2","","Schenectady County, New York","Private","NAICS 53 Real estate and rental and leasing","County, NAICS Sector -- by ownership sector","All establishment sizes",106,482,497,516,4543929,1231598,42756,701,"",0.80,0.51,0.52,0.53,0.34,0.76,0.74,0.65,"",4,3.9,10,2.1,12,2.5,13,2.6,354619,8.5,98474,8.7,-5311,-11.0,39,5.9
"36093","5","53","74","0","2016","3","","Schenectady County, New York","Private","NAICS 53 Real estate and rental and leasing","County, NAICS Sector -- by ownership sector","All establishment sizes",105,519,524,512,4817803,634812,23598,715,"",0.78,0.55,0.56,0.55,0.37,0.63,0.66,0.67,"",2,1.9,17,3.4,14,2.7,24,4.9,472773,10.9,-60399,-8.7,-5332,-18.4,47,7.0
"36093","5","53","74","0","2016","4","","Schenectady County, New York","Private","NAICS 53 Real estate and rental and leasing","County, NAICS Sector -- by ownership sector","All establishment sizes",105,517,500,487,5087569,550310,18388,781,"",0.78,0.54,0.52,0.51,0.37,0.72,0.69,0.71,"",3,2.9,37,7.7,8,1.6,-3,-0.6,267998,5.6,-2536,-0.5,-6099,-24.9,20,2.6
"36093","5","531","75","0","2016","1","","Schenectady County, New York","Private","NAICS 531 Real estate","County, NAICS 3-digit -- by ownership sector","All establishment sizes",85,368,365,362,3021105,2500270,74857,637,"",0.76,0.54,0.54,0.53,0.31,0.56,0.52,0.57,"",-1,-1.2,-8,-2.1,-10,-2.7,-17,-4.5,-36368,-1.2,9226,0.4,-12910,-14.7,13,2.1
"36093","5","531","75","0","2016","2","","Schenectady County, New York","Private","NAICS 531 Real estate","County, NAICS 3-digit -- by ownership sector","All establishment sizes",89,374,380,391,3456255,957129,31151,697,"",0.79,0.54,0.55,0.55,0.35,0.82,0.76,0.63,"",3,3.5,-9,-2.3,-9,-2.3,-7,-1.8,142693,4.3,77543,8.8,-1618,-4.9,43,6.6
"36093","5","531","75","0","2016","3","","Schenectady County, New York","Private","NAICS 531 Real estate","County, NAICS 3-digit -- by ownership sector","All establishment sizes",88,391,399,393,3640630,467092,16770,710,"",0.78,0.57,0.58,0.57,0.38,0.64,0.67,0.65,"",1,1.1,-7,-1.8,-9,-2.2,7,1.8,244341,7.2,-53477,-10.3,-2356,-12.3,52,7.9
"36093","5","531","75","0","2016","4","","Schenectady County, New York","Private","NAICS 531 Real estate","County, NAICS 3-digit -- by ownership sector","All establishment sizes",88,398,388,383,3975324,434220,13705,785,"",0.77,0.57,0.55,0.55,0.38,0.76,0.71,0.69,"",3,3.5,24,6.4,-2,-0.5,-6,-1.5,76202,2.0,-13211,-3.0,-5051,-26.9,5,0.6
"36093","5","5311","76","0","2016","1","","Schenectady County, New York","Private","NAICS 5311 Lessors of real estate","County, NAICS 4-digit -- by ownership sector","All establishment sizes",46,274,269,265,2131575,1819879,56021,609,"",1.19,1.07,1.04,1.03,0.62,1.14,1.10,0.59,"",-1,-2.1,-6,-2.1,-10,-3.6,-14,-5.0,6898,0.3,30851,1.7,-8539,-13.2,24,4.1
"36093","5","5311","76","0","2016","2","","Schenectady County, New York","Private","NAICS 5311 Lessors of real estate","County, NAICS 4-digit -- by ownership sector","All establishment sizes",47,269,272,281,2356322,679455,20980,662,"",1.21,1.03,1.04,1.05,0.70,1.61,1.39,0.67,"",0,0.0,-12,-4.3,-9,-3.2,-13,-4.4,163204,7.4,11432,1.7,-2993,-12.5,71,12.0
"36093","5","5311","76","0","2016","3","","Schenectady County, New York","Private","NAICS 5311 Lessors of real estate","County, NAICS 4-digit -- by ownership sector","All establishment sizes",47,280,291,278,2411383,320535,11394,655,"",1.21,1.09,1.13,1.08,0.75,1.22,1.26,0.68,"",-1,-2.1,-13,-4.4,-13,-4.3,-11,-3.8,32118,1.3,-82278,-20.4,-3638,-24.2,35,5.6
"36093","5","5311","76","0","2016","4","","Schenectady County, New York","Private","NAICS 5311 Lessors of real estate","County, NAICS 4-digit -- by ownership sector","All establishment sizes",47,286,280,272,2593749,272545,8055,714,"",1.20,1.10,1.07,1.05,0.78,1.40,1.22,0.73,"",1,2.2,16,5.9,-2,-0.7,-8,-2.9,20270,0.8,-26494,-8.9,-5936,-42.4,0,0.0
"36093","5","53111","77","0","2016","1","","Schenectady County, New York","Private","NAICS 53111 Lessors of residential buildings","County, NAICS 5-digit -- by ownership sector","All establishment sizes",25,217,211,207,1646126,1413496,43762,598,"",1.17,1.41,1.37,1.34,1.04,1.49,1.42,0.76,"",0,0.0,-6,-2.7,-10,-4.5,-15,-6.8,24350,1.5,26380,1.9,-6559,-13.0,36,6.4
"36093","5","53111","77","0","2016","2","","Schenectady County, New York","Private","NAICS 53111 Lessors of residential buildings","County, NAICS 5-digit -- by ownership sector","All establishment sizes",25,210,212,219,1770671,548360,17407,637,"",1.16,1.35,1.36,1.37,1.01,2.12,1.88,0.74,"",0,0.0,-15,-6.7,-12,-5.4,-18,-7.6,139887,8.6,10373,1.9,-2534,-12.7,88,16.0
"36093","5","53111","77","0","2016","3","","Schenectady County, New York","Private","NAICS 53111 Lessors of residential buildings","County, NAICS 5-digit -- by ownership sector","All establishment sizes",25,215,223,211,1771612,235402,8162,630,"",1.16,1.40,1.45,1.38,1.04,1.44,1.46,0.74,"",0,0.0,-20,-8.5,-23,-9.3,-22,-9.4,-64749,-3.5,-101652,-30.2,-4953,-37.8,36,6.1
"36093","5","53111","77","0","2016","4","","Schenectady County, New York","Private","NAICS 53111 Lessors of residential buildings","County, NAICS 5-digit -- by ownership sector","All establishment sizes",25,214,209,199,1925649,195601,5717,714,"",1.16,1.38,1.34,1.29,1.13,1.67,1.45,0.84,"",0,0.0,-1,-0.5,-17,-7.5,-25,-11.2,-40980,-2.1,-47788,-19.6,-6114,-51.7,32,4.7
"36093","5","531110","78","0","2016","1","","Schenectady County, New York","Private","NAICS 531110 Lessors of residential buildings","County, NAICS 6-digit -- by ownership sector","All establishment sizes",25,217,211,207,1646126,1413496,43762,598,"",1.17,1.41,1.37,1.34,1.04,1.49,1.42,0.76,"",0,0.0,-6,-2.7,-10,-4.5,-15,-6.8,24350,1.5,26380,1.9,-6559,-13.0,36,6.4
"36093","5","531110","78","0","2016","2","","Schenectady County, New York","Private","NAICS 531110 Lessors of residential buildings","County, NAICS 6-digit -- by ownership sector","All establishment sizes",25,210,212,219,1770671,548360,17407,637,"",1.16,1.35,1.36,1.37,1.01,2.12,1.88,0.74,"",0,0.0,-15,-6.7,-12,-5.4,-18,-7.6,139887,8.6,10373,1.9,-2534,-12.7,88,16.0
"36093","5","531110","78","0","2016","3","","Schenectady County, New York","Private","NAICS 531110 Lessors of residential buildings","County, NAICS 6-digit -- by ownership sector","All establishment sizes",25,215,223,211,1771612,235402,8162,630,"",1.16,1.40,1.45,1.38,1.04,1.44,1.46,0.74,"",0,0.0,-20,-8.5,-23,-9.3,-22,-9.4,-64749,-3.5,-101652,-30.2,-4953,-37.8,36,6.1
"36093","5","531110","78","0","2016","4","","Schenectady County, New York","Private","NAICS 531110 Lessors of residential buildings","County, NAICS 6-digit -- by ownership sector","All establishment sizes",25,214,209,199,1925649,195601,5717,714,"",1.16,1.38,1.34,1.29,1.13,1.67,1.45,0.84,"",0,0.0,-1,-0.5,-17,-7.5,-25,-11.2,-40980,-2.1,-47788,-19.6,-6114,-51.7,32,4.7
"36093","5","53112","77","0","2016","1","","Schenectady County, New York","Private","NAICS 53112 Lessors of nonresidential buildings","County, NAICS 5-digit -- by ownership sector","All establishment sizes",15,49,49,49,446244,369886,11333,701,"",1.75,0.78,0.77,0.77,0.30,0.85,0.82,0.40,"",0,0.0,3,6.5,3,6.5,3,6.5,-6116,-1.4,16635,4.7,-753,-6.2,-55,-7.3
"36093","5","53112","77","0","2016","2","","Schenectady County, New York","Private","NAICS 53112 Lessors of nonresidential buildings","County, NAICS 5-digit -- by ownership sector","All establishment sizes",15,48,49,49,535807,103930,2882,847,"",1.75,0.74,0.76,0.75,0.45,1.13,0.89,0.60,"",0,0.0,1,2.1,1,2.1,4,8.9,28137,5.5,-6545,-5.9,-695,-19.4,10,1.2
"36093","5","53112","77","0","2016","3","","Schenectady County, New York","Private","NAICS 53112 Lessors of nonresidential buildings","County, NAICS 5-digit -- by ownership sector","All establishment sizes",15,52,55,56,581513,63022,2691,823,"",1.74,0.83,0.88,0.89,0.51,1.14,1.42,0.59,"",0,0.0,6,13.0,10,22.2,9,19.1,100373,20.9,29039,85.5,1652,159.0,18,2.2
"36093","5","53112","77","0","2016","4","","Schenectady County, New York","Private","NAICS 53112 Lessors of nonresidential buildings","County, NAICS 5-digit -- by ownership sector","All establishment sizes",15,52,52,52,577360,35712,1181,854,"",1.73,0.80,0.80,0.81,0.49,0.82,0.78,0.60,"",0,0.0,6,13.0,6,13.0,5,10.6,48177,9.1,-4386,-10.9,-652,-35.6,-25,-2.8
"36093","5","531120","78","0","2016","1","","Schenectady County, New York","Private","NAICS 531120 Lessors of nonresidential buildings","County, NAICS 6-digit -- by ownership sector","All establishment sizes",15,49,49,49,446244,369886,11333,701,"",1.75,0.78,0.77,0.77,0.30,0.85,0.82,0.40,"",0,0.0,3,6.5,3,6.5,3,6.5,-6116,-1.4,16635,4.7,-753,-6.2,-55,-7.3
"36093","5","531120","78","0","2016","2","","Schenectady County, New York","Private","NAICS 531120 Lessors of nonresidential buildings","County, NAICS 6-digit -- by ownership sector","All establishment sizes",15,48,49,49,535807,103930,2882,847,"",1.75,0.74,0.76,0.75,0.45,1.13,0.89,0.60,"",0,0.0,1,2.1,1,2.1,4,8.9,28137,5.5,-6545,-5.9,-695,-19.4,10,1.2
"36093","5","531120","78","0","2016","3","","Schenectady County, New York","Private","NAICS 531120 Lessors of nonresidential buildings","County, NAICS 6-digit -- by ownership sector","All establishment sizes",15,52,55,56,581513,63022,2691,823,"",1.74,0.83,0.88,0.89,0.51,1.14,1.42,0.59,"",0,0.0,6,13.0,10,22.2,9,19.1,100373,20.9,29039,85.5,1652,159.0,18,2.2
"36093","5","531120","78","0","2016","4","","Schenectady County, New York","Private","NAICS 531120 Lessors of nonresidential buildings","County, NAICS 6-digit -- by ownership sector","All establishment sizes",15,52,52,52,577360,35712,1181,854,"",1.73,0.80,0.80,0.81,0.49,0.82,0.78,0.60,"",0,0.0,6,13.0,6,13.0,5,10.6,48177,9.1,-4386,-10.9,-652,-35.6,-25,-2.8
"36093","5","53113","77","0","2016","1","N","Schenectady County, New York","Private","NAICS 53113 Miniwarehouse and self-storage unit operators","County, NAICS 5-digit -- by ownership sector","All establishment sizes",4,0,0,0,0,0,0,0,"N",0.77,0,0,0,0,0,0,0,"N",-1,-20.0,0,0,0,0,0,0,0,0,0,0,0,0,0,0
"36093","5","53113","77","0","2016","2","N","Schenectady County, New York","Private","NAICS 53113 Miniwarehouse and self-storage unit operators","County, NAICS 5-digit -- by ownership sector","All establishment sizes",5,0,0,0,0,0,0,0,"N",0.96,0,0,0,0,0,0,0,"N",0,0.0,0,0,0,0,0,0,0,0,0,0,0,0,0,0
"36093","5","53113","77","0","2016","3","N","Schenectady County, New York","Private","NAICS 53113 Miniwarehouse and self-storage unit operators","County, NAICS 5-digit -- by ownership sector","All establishment sizes",5,0,0,0,0,0,0,0,"N",0.95,0,0,0,0,0,0,0,"N",-1,-16.7,0,0,0,0,0,0,0,0,0,0,0,0,0,0
"36093","5","53113","77","0","2016","4","N","Schenectady County, New York","Private","NAICS 53113 Miniwarehouse and self-storage unit operators","County, NAICS 5-digit -- by ownership sector","All establishment sizes",5,0,0,0,0,0,0,0,"N",0.95,0,0,0,0,0,0,0,"N",1,25.0,0,0,0,0,0,0,0,0,0,0,0,0,0,0
"36093","5","531130","78","0","2016","1","N","Schenectady County, New York","Private","NAICS 531130 Miniwarehouse and self-storage unit operators","County, NAICS 6-digit -- by ownership sector","All establishment sizes",4,0,0,0,0,0,0,0,"N",0.77,0,0,0,0,0,0,0,"N",-1,-20.0,0,0,0,0,0,0,0,0,0,0,0,0,0,0
"36093","5","531130","78","0","2016","2","N","Schenectady County, New York","Private","NAICS 531130 Miniwarehouse and self-storage unit operators","County, NAICS 6-digit -- by ownership sector","All establishment sizes",5,0,0,0,0,0,0,0,"N",0.96,0,0,0,0,0,0,0,"N",0,0.0,0,0,0,0,0,0,0,0,0,0,0,0,0,0
"36093","5","531130","78","0","2016","3","N","Schenectady County, New York","Private","NAICS 531130 Miniwarehouse and self-storage unit operators","County, NAICS 6-digit -- by ownership sector","All establishment sizes",5,0,0,0,0,0,0,0,"N",0.95,0,0,0,0,0,0,0,"N",-1,-16.7,0,0,0,0,0,0,0,0,0,0,0,0,0,0
"36093","5","531130","78","0","2016","4","N","Schenectady County, New York","Private","NAICS 531130 Miniwarehouse and self-storage unit operators","County, NAICS 6-digit -- by ownership sector","All establishment sizes",5,0,0,0,0,0,0,0,"N",0.95,0,0,0,0,0,0,0,"N",1,25.0,0,0,0,0,0,0,0,0,0,0,0,0,0,0
"36093","5","53119","77","0","2016","1","N","Schenectady County, New York","Private","NAICS 53119 Lessors of other real estate property","County, NAICS 5-digit -- by ownership sector","All establishment sizes",2,0,0,0,0,0,0,0,"N",0.56,0,0,0,0,0,0,0,"N",0,0.0,0,0,0,0,0,0,0,0,0,0,0,0,0,0
"36093","5","53119","77","0","2016","2","N","Schenectady County, New York","Private","NAICS 53119 Lessors of other real estate property","County, NAICS 5-digit -- by ownership sector","All establishment sizes",2,0,0,0,0,0,0,0,"N",0.56,0,0,0,0,0,0,0,"N",0,0.0,0,0,0,0,0,0,0,0,0,0,0,0,0,0
"36093","5","53119","77","0","2016","3","N","Schenectady County, New York","Private","NAICS 53119 Lessors of other real estate property","County, NAICS 5-digit -- by ownership sector","All establishment sizes",2,0,0,0,0,0,0,0,"N",0.56,0,0,0,0,0,0,0,"N",0,0.0,0,0,0,0,0,0,0,0,0,0,0,0,0,0
"36093","5","53119","77","0","2016","4","N","Schenectady County, New York","Private","NAICS 53119 Lessors of other real estate property","County, NAICS 5-digit -- by ownership sector","All establishment sizes",2,0,0,0,0,0,0,0,"N",0.55,0,0,0,0,0,0,0,"N",0,0.0,0,0,0,0,0,0,0,0,0,0,0,0,0,0
"36093","5","531190","78","0","2016","1","N","Schenectady County, New York","Private","NAICS 531190 Lessors of other real estate property","County, NAICS 6-digit -- by ownership sector","All establishment sizes",2,0,0,0,0,0,0,0,"N",0.56,0,0,0,0,0,0,0,"N",0,0.0,0,0,0,0,0,0,0,0,0,0,0,0,0,0
"36093","5","531190","78","0","2016","2","N","Schenectady County, New York","Private","NAICS 531190 Lessors of other real estate property","County, NAICS 6-digit -- by ownership sector","All establishment sizes",2,0,0,0,0,0,0,0,"N",0.56,0,0,0,0,0,0,0,"N",0,0.0,0,0,0,0,0,0,0,0,0,0,0,0,0,0
"36093","5","531190","78","0","2016","3","N","Schenectady County, New York","Private","NAICS 531190 Lessors of other real estate property","County, NAICS 6-digit -- by ownership sector","All establishment sizes",2,0,0,0,0,0,0,0,"N",0.56,0,0,0,0,0,0,0,"N",0,0.0,0,0,0,0,0,0,0,0,0,0,0,0,0,0
"36093","5","531190","78","0","2016","4","N","Schenectady County, New York","Private","NAICS 531190 Lessors of other real estate property","County, NAICS 6-digit -- by ownership sector","All establishment sizes",2,0,0,0,0,0,0,0,"N",0.55,0,0,0,0,0,0,0,"N",0,0.0,0,0,0,0,0,0,0,0,0,0,0,0,0,0
"36093","5","5312","76","0","2016","1","","Schenectady County, New York","Private","NAICS 5312 Offices of real estate agents and brokers","County, NAICS 4-digit -- by ownership sector","All establishment sizes",17,35,35,36,239426,192263,8341,521,"",0.46,0.27,0.27,0.27,0.10,0.21,0.31,0.38,"",-1,-5.6,0,0.0,-1,-2.8,-3,-7.7,-82198,-25.6,-56088,-22.6,-2440,-22.6,-154,-22.8
"36093","5","5312","76","0","2016","2","","Schenectady County, New York","Private","NAICS 5312 Offices of real estate agents and brokers","County, NAICS 4-digit -- by ownership sector","All establishment sizes",19,41,42,42,308891,128932,5937,570,"",0.51,0.30,0.31,0.30,0.13,0.52,0.77,0.43,"",1,5.6,0,0.0,-2,-4.5,1,2.4,-123461,-28.6,16245,14.4,228,4.0,-222,-28.0
"36093","5","5312","76","0","2016","3","","Schenectady County, New York","Private","NAICS 5312 Offices of real estate agents and brokers","County, NAICS 4-digit -- by ownership sector","All establishment sizes",19,42,44,46,340432,76529,3128,595,"",0.50,0.31,0.33,0.34,0.15,0.51,0.67,0.45,"",1,5.6,-2,-4.5,-1,-2.2,8,21.1,-18925,-5.3,2204,3.0,119,4.0,-58,-8.9
"36093","5","5312","76","0","2016","4","","Schenectady County, New York","Private","NAICS 5312 Offices of real estate agents and brokers","County, NAICS 4-digit -- by ownership sector","All establishment sizes",19,47,40,47,503130,112352,4514,866,"",0.49,0.34,0.29,0.33,0.19,0.82,1.10,0.59,"",1,5.6,1,2.2,-7,-14.9,0,0.0,-86674,-14.7,3082,2.8,749,19.9,-106,-10.9
"36093","5","53121","77","0","2016","1","","Schenectady County, New York","Private","NAICS 53121 Offices of real estate agents and brokers","County, NAICS 5-digit -- by ownership sector","All establishment sizes",17,35,35,36,239426,192263,8341,521,"",0.46,0.27,0.27,0.27,0.10,0.21,0.31,0.38,"",-1,-5.6,0,0.0,-1,-2.8,-3,-7.7,-82198,-25.6,-56088,-22.6,-2440,-22.6,-154,-22.8
"36093","5","53121","77","0","2016","2","","Schenectady County, New York","Private","NAICS 53121 Offices of real estate agents and brokers","County, NAICS 5-digit -- by ownership sector","All establishment sizes",19,41,42,42,308891,128932,5937,570,"",0.51,0.30,0.31,0.30,0.13,0.52,0.77,0.43,"",1,5.6,0,0.0,-2,-4.5,1,2.4,-123461,-28.6,16245,14.4,228,4.0,-222,-28.0
"36093","5","53121","77","0","2016","3","","Schenectady County, New York","Private","NAICS 53121 Offices of real estate agents and brokers","County, NAICS 5-digit -- by ownership sector","All establishment sizes",19,42,44,46,340432,76529,3128,595,"",0.50,0.31,0.33,0.34,0.15,0.51,0.67,0.45,"",1,5.6,-2,-4.5,-1,-2.2,8,21.1,-18925,-5.3,2204,3.0,119,4.0,-58,-8.9
"36093","5","53121","77","0","2016","4","","Schenectady County, New York","Private","NAICS 53121 Offices of real estate agents and brokers","County, NAICS 5-digit -- by ownership sector","All establishment sizes",19,47,40,47,503130,112352,4514,866,"",0.49,0.34,0.29,0.33,0.19,0.82,1.10,0.59,"",1,5.6,1,2.2,-7,-14.9,0,0.0,-86674,-14.7,3082,2.8,749,19.9,-106,-10.9
"36093","5","531210","78","0","2016","1","","Schenectady County, New York","Private","NAICS 531210 Offices of real estate agents and brokers","County, NAICS 6-digit -- by ownership sector","All establishment sizes",17,35,35,36,239426,192263,8341,521,"",0.46,0.27,0.27,0.27,0.10,0.21,0.31,0.38,"",-1,-5.6,0,0.0,-1,-2.8,-3,-7.7,-82198,-25.6,-56088,-22.6,-2440,-22.6,-154,-22.8
"36093","5","531210","78","0","2016","2","","Schenectady County, New York","Private","NAICS 531210 Offices of real estate agents and brokers","County, NAICS 6-digit -- by ownership sector","All establishment sizes",19,41,42,42,308891,128932,5937,570,"",0.51,0.30,0.31,0.30,0.13,0.52,0.77,0.43,"",1,5.6,0,0.0,-2,-4.5,1,2.4,-123461,-28.6,16245,14.4,228,4.0,-222,-28.0
"36093","5","531210","78","0","2016","3","","Schenectady County, New York","Private","NAICS 531210 Offices of real estate agents and brokers","County, NAICS 6-digit -- by ownership sector","All establishment sizes",19,42,44,46,340432,76529,3128,595,"",0.50,0.31,0.33,0.34,0.15,0.51,0.67,0.45,"",1,5.6,-2,-4.5,-1,-2.2,8,21.1,-18925,-5.3,2204,3.0,119,4.0,-58,-8.9
"36093","5","531210","78","0","2016","4","","Schenectady County, New York","Private","NAICS 531210 Offices of real estate agents and brokers","County, NAICS 6-digit -- by ownership sector","All establishment sizes",19,47,40,47,503130,112352,4514,866,"",0.49,0.34,0.29,0.33,0.19,0.82,1.10,0.59,"",1,5.6,1,2.2,-7,-14.9,0,0.0,-86674,-14.7,3082,2.8,749,19.9,-106,-10.9
"36093","5","5313","76","0","2016","1","","Schenectady County, New York","Private","NAICS 5313 Activities related to real estate","County, NAICS 4-digit -- by ownership sector","All establishment sizes",22,59,61,61,650104,488128,10495,829,"",0.61,0.20,0.21,0.21,0.16,0.25,0.16,0.78,"",1,4.8,-2,-3.3,1,1.7,0,0.0,38932,6.4,34463,7.6,-1931,-15.5,54,7.0
"36093","5","5313","76","0","2016","2","","Schenectady County, New York","Private","NAICS 5313 Activities related to real estate","County, NAICS 4-digit -- by ownership sector","All establishment sizes",23,64,66,68,791042,148742,4234,922,"",0.63,0.22,0.22,0.23,0.18,0.29,0.23,0.83,"",2,9.5,3,4.9,2,3.1,5,7.9,102950,15.0,49866,50.4,1147,37.2,77,9.1
"36093","5","5313","76","0","2016","3","","Schenectady County, New York","Private","NAICS 5313 Activities related to real estate","County, NAICS 4-digit -- by ownership sector","All establishment sizes",22,69,64,69,888815,70028,2248,1015,"",0.60,0.24,0.22,0.24,0.21,0.22,0.20,0.93,"",1,4.8,8,13.1,5,8.5,10,16.9,231148,35.1,26597,61.2,1163,107.2,167,19.7
"36093","5","5313","76","0","2016","4","","Schenectady County, New York","Private","NAICS 5313 Activities related to real estate","County, NAICS 4-digit -- by ownership sector","All establishment sizes",22,65,68,64,878445,49323,1136,1029,"",0.59,0.22,0.23,0.21,0.20,0.20,0.13,0.91,"",1,4.8,7,12.1,7,11.5,2,3.2,142606,19.4,10201,26.1,136,13.6,91,9.7
"36093","5","53131","77","0","2016","1","","Schenectady County, New York","Private","NAICS 53131 Real estate property managers","County, NAICS 5-digit -- by ownership sector","All establishment sizes",15,50,53,52,561362,413036,8739,836,"",0.57,0.20,0.21,0.21,0.17,0.25,0.15,0.84,"",1,7.1,-3,-5.7,0,0.0,0,0.0,28616,5.4,26004,6.7,-1810,-17.2,58,7.5
"36093","5","53131","77","0","2016","2","","Schenectady County, New York","Private","NAICS 53131 Real estate property managers","County, NAICS 5-digit -- by ownership sector","All establishment sizes",16,55,58,59,694354,126762,3645,932,"",0.60,0.22,0.23,0.23,0.20,0.29,0.23,0.89,"",2,14.3,5,10.0,5,9.4,7,13.5,117201,20.3,49818,64.7,1410,63.1,73,8.5
"36093","5","53131","77","0","2016","3","","Schenectady County, New York","Private","NAICS 53131 Real estate property managers","County, NAICS 5-digit -- by ownership sector","All establishment sizes",15,60,56,61,771165,66695,2191,1005,"",0.56,0.24,0.22,0.24,0.23,0.24,0.22,0.97,"",1,7.1,8,15.4,6,12.0,10,19.6,221246,40.2,30449,84.0,1257,134.6,176,21.2
"36093","5","53131","77","0","2016","4","","Schenectady County, New York","Private","NAICS 53131 Real estate property managers","County, NAICS 5-digit -- by ownership sector","All establishment sizes",15,54,57,53,751720,26256,701,1058,"",0.55,0.21,0.22,0.21,0.21,0.13,0.09,0.99,"",1,7.1,4,8.0,5,9.6,0,0.0,119552,18.9,-10366,-28.3,-246,-26.0,117,12.4
"36093","5","531311","78","0","2016","1","","Schenectady County, New York","Private","NAICS 531311 Residential property managers","County, NAICS 6-digit -- by ownership sector","All establishment sizes",10,30,33,34,250391,219793,5454,596,"",0.52,0.16,0.18,0.18,0.13,0.19,0.13,0.74,"",1,11.1,-2,-6.2,1,3.1,3,9.7,11079,4.6,13266,6.4,-1304,-19.3,15,2.6
"36093","5","531311","78","0","2016","2","","Schenectady County, New York","Private","NAICS 531311 Residential property managers","County, NAICS 6-digit -- by ownership sector","All establishment sizes",10,34,37,38,303650,99456,3171,643,"",0.51,0.18,0.20,0.20,0.14,0.30,0.25,0.71,"",1,11.1,4,13.3,4,12.1,4,11.8,37574,14.1,37552,60.7,1253,65.3,10,1.6
"36093","5","531311","78","0","2016","3","","Schenectady County, New York","Private","NAICS 531311 Residential property managers","County, NAICS 6-digit -- by ownership sector","All establishment sizes",9,38,34,38,361514,56310,2001,758,"",0.46,0.20,0.18,0.20,0.17,0.26,0.25,0.85,"",0,0.0,5,15.2,3,9.7,6,18.8,103969,40.4,25621,83.5,1184,144.9,139,22.5
"36093","5","531311","78","0","2016","4","","Schenectady County, New York","Private","NAICS 531311 Residential property managers","County, NAICS 6-digit -- by ownership sector","All establishment sizes",9,33,36,31,342918,13907,485,791,"",0.45,0.17,0.19,0.16,0.16,0.09,0.08,0.90,"",0,0.0,2,6.5,3,9.1,-3,-8.8,52949,18.3,-17014,-55.0,-342,-41.4,108,15.8
"36093","5","531312","78","0","2016","1","","Schenectady County, New York","Private","NAICS 531312 Nonresidential property managers","County, NAICS 6-digit -- by ownership sector","All establishment sizes",5,20,20,18,310971,193243,3285,1237,"",0.70,0.30,0.30,0.27,0.23,0.38,0.21,0.80,"",0,0.0,-1,-4.8,-1,-4.8,-3,-14.3,17537,6.0,12738,7.1,-506,-13.3,162,15.1
"36093","5","531312","78","0","2016","2","","Schenectady County, New York","Private","NAICS 531312 Nonresidential property managers","County, NAICS 6-digit -- by ownership sector","All establishment sizes",6,21,21,21,390704,27306,474,1431,"",0.84,0.32,0.32,0.31,0.31,0.27,0.13,0.99,"",1,20.0,1,5.0,1,5.0,3,16.7,79627,25.6,12266,81.6,157,49.5,193,15.6
"36093","5","531312","78","0","2016","3","","Schenectady County, New York","Private","NAICS 531312 Nonresidential property managers","County, NAICS 6-digit -- by ownership sector","All establishment sizes",6,22,22,23,409651,10385,190,1411,"",0.83,0.34,0.33,0.35,0.33,0.17,0.09,0.98,"",1,20.0,3,15.8,3,15.8,4,21.1,117277,40.1,4828,86.9,73,62.4,227,19.2
"36093","5","531312","78","0","2016","4","","Schenectady County, New York","Private","NAICS 531312 Nonresidential property managers","County, NAICS 6-digit -- by ownership sector","All establishment sizes",6,21,21,22,408802,12349,216,1474,"",0.83,0.31,0.31,0.33,0.29,0.27,0.14,0.93,"",1,20.0,2,10.5,2,10.5,3,15.8,66603,19.5,6648,116.6,96,80.0,89,6.4
"36093","5","53132","77","0","2016","1","N","Schenectady County, New York","Private","NAICS 53132 Offices of real estate appraisers","County, NAICS 5-digit -- by ownership sector","All establishment sizes",6,0,0,0,0,0,0,0,"N",1.30,0,0,0,0,0,0,0,"N",0,0.0,0,0,0,0,0,0,0,0,0,0,0,0,0,0
"36093","5","53132","77","0","2016","2","N","Schenectady County, New York","Private","NAICS 53132 Offices of real estate appraisers","County, NAICS 5-digit -- by ownership sector","All establishment sizes",6,0,0,0,0,0,0,0,"N",1.29,0,0,0,0,0,0,0,"N",0,0.0,0,0,0,0,0,0,0,0,0,0,0,0,0,0
"36093","5","53132","77","0","2016","3","N","Schenectady County, New York","Private","NAICS 53132 Offices of real estate appraisers","County, NAICS 5-digit -- by ownership sector","All establishment sizes",6,0,0,0,0,0,0,0,"N",1.29,0,0,0,0,0,0,0,"N",0,0.0,0,0,0,0,0,0,0,0,0,0,0,0,0,0
"36093","5","53132","77","0","2016","4","N","Schenectady County, New York","Private","NAICS 53132 Offices of real estate appraisers","County, NAICS 5-digit -- by ownership sector","All establishment sizes",6,0,0,0,0,0,0,0,"N",1.28,0,0,0,0,0,0,0,"N",0,0.0,0,0,0,0,0,0,0,0,0,0,0,0,0,0
"36093","5","531320","78","0","2016","1","N","Schenectady County, New York","Private","NAICS 531320 Offices of real estate appraisers","County, NAICS 6-digit -- by ownership sector","All establishment sizes",6,0,0,0,0,0,0,0,"N",1.30,0,0,0,0,0,0,0,"N",0,0.0,0,0,0,0,0,0,0,0,0,0,0,0,0,0
"36093","5","531320","78","0","2016","2","N","Schenectady County, New York","Private","NAICS 531320 Offices of real estate appraisers","County, NAICS 6-digit -- by ownership sector","All establishment sizes",6,0,0,0,0,0,0,0,"N",1.29,0,0,0,0,0,0,0,"N",0,0.0,0,0,0,0,0,0,0,0,0,0,0,0,0,0
"36093","5","531320","78","0","2016","3","N","Schenectady County, New York","Private","NAICS 531320 Offices of real estate appraisers","County, NAICS 6-digit -- by ownership sector","All establishment sizes",6,0,0,0,0,0,0,0,"N",1.29,0,0,0,0,0,0,0,"N",0,0.0,0,0,0,0,0,0,0,0,0,0,0,0,0,0
"36093","5","531320","78","0","2016","4","N","Schenectady County, New York","Private","NAICS 531320 Offices of real estate appraisers","County, NAICS 6-digit -- by ownership sector","All establishment sizes",6,0,0,0,0,0,0,0,"N",1.28,0,0,0,0,0,0,0,"N",0,0.0,0,0,0,0,0,0,0,0,0,0,0,0,0,0
"36093","5","53139","77","0","2016","1","N","Schenectady County, New York","Private","NAICS 53139 Other activities related to real estate","County, NAICS 5-digit -- by ownership sector","All establishment sizes",1,0,0,0,0,0,0,0,"N",0.20,0,0,0,0,0,0,0,"N",0,0.0,0,0,0,0,0,0,0,0,0,0,0,0,0,0
"36093","5","53139","77","0","2016","2","N","Schenectady County, New York","Private","NAICS 53139 Other activities related to real estate","County, NAICS 5-digit -- by ownership sector","All establishment sizes",1,0,0,0,0,0,0,0,"N",0.20,0,0,0,0,0,0,0,"N",0,0.0,0,0,0,0,0,0,0,0,0,0,0,0,0,0
"36093","5","53139","77","0","2016","3","N","Schenectady County, New York","Private","NAICS 53139 Other activities related to real estate","County, NAICS 5-digit -- by ownership sector","All establishment sizes",1,0,0,0,0,0,0,0,"N",0.19,0,0,0,0,0,0,0,"N",0,0.0,0,0,0,0,0,0,0,0,0,0,0,0,0,0
"36093","5","53139","77","0","2016","4","N","Schenectady County, New York","Private","NAICS 53139 Other activities related to real estate","County, NAICS 5-digit -- by ownership sector","All establishment sizes",1,0,0,0,0,0,0,0,"N",0.19,0,0,0,0,0,0,0,"N",0,0.0,0,0,0,0,0,0,0,0,0,0,0,0,0,0
"36093","5","531390","78","0","2016","1","N","Schenectady County, New York","Private","NAICS 531390 Other activities related to real estate","County, NAICS 6-digit -- by ownership sector","All establishment sizes",1,0,0,0,0,0,0,0,"N",0.20,0,0,0,0,0,0,0,"N",0,0.0,0,0,0,0,0,0,0,0,0,0,0,0,0,0
"36093","5","531390","78","0","2016","2","N","Schenectady County, New York","Private","NAICS 531390 Other activities related to real estate","County, NAICS 6-digit -- by ownership sector","All establishment sizes",1,0,0,0,0,0,0,0,"N",0.20,0,0,0,0,0,0,0,"N",0,0.0,0,0,0,0,0,0,0,0,0,0,0,0,0,0
"36093","5","531390","78","0","2016","3","N","Schenectady County, New York","Private","NAICS 531390 Other activities related to real estate","County, NAICS 6-digit -- by ownership sector","All establishment sizes",1,0,0,0,0,0,0,0,"N",0.19,0,0,0,0,0,0,0,"N",0,0.0,0,0,0,0,0,0,0,0,0,0,0,0,0,0
"36093","5","531390","78","0","2016","4","N","Schenectady County, New York","Private","NAICS 531390 Other activities related to real estate","County, NAICS 6-digit -- by ownership sector","All establishment sizes",1,0,0,0,0,0,0,0,"N",0.19,0,0,0,0,0,0,0,"N",0,0.0,0,0,0,0,0,0,0,0,0,0,0,0,0,0
"36093","5","532","75","0","2016","1","N","Schenectady County, New York","Private","NAICS 532 Rental and leasing services","County, NAICS 3-digit -- by ownership sector","All establishment sizes",16,0,0,0,0,0,0,0,"N",0.83,0,0,0,0,0,0,0,"N",0,0.0,0,0,0,0,0,0,0,0,0,0,0,0,0,0
"36093","5","532","75","0","2016","2","N","Schenectady County, New York","Private","NAICS 532 Rental and leasing services","County, NAICS 3-digit -- by ownership sector","All establishment sizes",16,0,0,0,0,0,0,0,"N",0.82,0,0,0,0,0,0,0,"N",1,6.7,0,0,0,0,0,0,0,0,0,0,0,0,0,0
"36093","5","532","75","0","2016","3","N","Schenectady County, New York","Private","NAICS 532 Rental and leasing services","County, NAICS 3-digit -- by ownership sector","All establishment sizes",16,0,0,0,0,0,0,0,"N",0.82,0,0,0,0,0,0,0,"N",1,6.7,0,0,0,0,0,0,0,0,0,0,0,0,0,0
"36093","5","532","75","0","2016","4","N","Schenectady County, New York","Private","NAICS 532 Rental and leasing services","County, NAICS 3-digit -- by ownership sector","All establishment sizes",16,0,0,0,0,0,0,0,"N",0.82,0,0,0,0,0,0,0,"N",0,0.0,0,0,0,0,0,0,0,0,0,0,0,0,0,0
"36093","5","5321","76","0","2016","1","","Schenectady County, New York","Private","NAICS 5321 Automotive equipment rental and leasing","County, NAICS 4-digit -- by ownership sector","All establishment sizes",7,58,57,57,574212,419768,10971,770,"",1.22,0.64,0.63,0.63,0.60,0.76,0.73,0.96,"",1,16.7,12,26.1,9,18.8,10,21.3,95991,20.1,88397,26.7,-315,-2.8,-13,-1.7
"36093","5","5321","76","0","2016","2","","Schenectady County, New York","Private","NAICS 5321 Automotive equipment rental and leasing","County, NAICS 4-digit -- by ownership sector","All establishment sizes",7,57,61,63,638227,98223,2851,814,"",1.22,0.62,0.67,0.67,0.61,0.65,0.64,0.93,"",1,16.7,7,14.0,12,24.5,8,14.5,124985,24.4,22223,29.2,153,5.7,45,5.9
"36093","5","5321","76","0","2016","3","","Schenectady County, New York","Private","NAICS 5321 Automotive equipment rental and leasing","County, NAICS 4-digit -- by ownership sector","All establishment sizes",7,63,64,60,695242,72038,2059,858,"",1.21,0.69,0.70,0.65,0.65,0.72,0.72,0.96,"",1,16.7,9,16.7,12,23.1,8,15.4,155606,28.8,8257,12.9,-32,-1.5,70,8.9
"36093","5","5321","76","0","2016","4","","Schenectady County, New York","Private","NAICS 5321 Automotive equipment rental and leasing","County, NAICS 4-digit -- by ownership sector","All establishment sizes",7,61,60,55,659588,50280,1397,865,"",1.21,0.66,0.64,0.60,0.68,0.74,0.71,1.08,"",0,0.0,5,8.9,3,5.3,-2,-3.5,95966,17.0,-3986,-7.3,-417,-23.0,100,13.1
"36093","5","53211","77","0","2016","1","","Schenectady County, New York","Private","NAICS 53211 Passenger car rental and leasing","County, NAICS 5-digit -- by ownership sector","All establishment sizes",3,21,20,21,116840,97511,2454,435,"",0.81,0.36,0.34,0.36,0.21,0.30,0.29,0.59,"N",1,50.0,0,0,0,0,0,0,0,0,0,0,0,0,0,0
"36093","5","53211","77","0","2016","2","","Schenectady County, New York","Private","NAICS 53211 Passenger car rental and leasing","County, NAICS 5-digit -- by ownership sector","All establishment sizes",3,21,23,25,141408,37214,974,473,"",0.81,0.36,0.39,0.42,0.22,0.38,0.36,0.57,"N",1,50.0,0,0,0,0,0,0,0,0,0,0,0,0,0,0
"36093","5","53211","77","0","2016","3","","Schenectady County, New York","Private","NAICS 53211 Passenger car rental and leasing","County, NAICS 5-digit -- by ownership sector","All establishment sizes",3,22,22,20,159377,34452,885,575,"",0.80,0.38,0.38,0.34,0.24,0.50,0.49,0.67,"N",1,50.0,0,0,0,0,0,0,0,0,0,0,0,0,0,0
"36093","5","53211","77","0","2016","4","","Schenectady County, New York","Private","NAICS 53211 Passenger car rental and leasing","County, NAICS 5-digit -- by ownership sector","All establishment sizes",3,20,19,18,128547,21544,529,520,"",0.81,0.34,0.32,0.31,0.22,0.46,0.43,0.69,"",0,0.0,0,0.0,-1,-5.0,-2,-10.0,7341,6.1,-1790,-7.7,-68,-11.4,54,11.6
"36093","5","532111","78","0","2016","1","","Schenectady County, New York","Private","NAICS 532111 Passenger car rental","County, NAICS 6-digit -- by ownership sector","All establishment sizes",3,21,20,21,116840,97511,2454,435,"",0.88,0.39,0.37,0.39,0.25,0.34,0.32,0.65,"N",1,50.0,0,0,0,0,0,0,0,0,0,0,0,0,0,0
"36093","5","532111","78","0","2016","2","","Schenectady County, New York","Private","NAICS 532111 Passenger car rental","County, NAICS 6-digit -- by ownership sector","All establishment sizes",3,21,23,25,141408,37214,974,473,"",0.88,0.39,0.43,0.45,0.26,0.41,0.39,0.61,"N",1,50.0,0,0,0,0,0,0,0,0,0,0,0,0,0,0
"36093","5","532111","78","0","2016","3","","Schenectady County, New York","Private","NAICS 532111 Passenger car rental","County, NAICS 6-digit -- by ownership sector","All establishment sizes",3,22,22,20,159377,34452,885,575,"",0.87,0.41,0.41,0.37,0.28,0.53,0.52,0.71,"N",1,50.0,0,0,0,0,0,0,0,0,0,0,0,0,0,0
"36093","5","532111","78","0","2016","4","","Schenectady County, New York","Private","NAICS 532111 Passenger car rental","County, NAICS 6-digit -- by ownership sector","All establishment sizes",3,20,19,18,128547,21544,529,520,"",0.87,0.36,0.35,0.33,0.26,0.49,0.46,0.75,"",0,0.0,0,0.0,-1,-5.0,-2,-10.0,7341,6.1,-1790,-7.7,-68,-11.4,54,11.6
"36093","5","53212","77","0","2016","1","","Schenectady County, New York","Private","NAICS 53212 Truck, trailer, and rv rental and leasing","County, NAICS 5-digit -- by ownership sector","All establishment sizes",4,37,37,36,457372,322257,8517,960,"",1.97,1.13,1.13,1.09,1.15,1.42,1.26,1.03,"N",0,0.0,0,0,0,0,0,0,0,0,0,0,0,0,0,0
"36093","5","53212","77","0","2016","2","","Schenectady County, New York","Private","NAICS 53212 Truck, trailer, and rv rental and leasing","County, NAICS 5-digit -- by ownership sector","All establishment sizes",4,36,38,38,496819,61009,1877,1024,"",1.95,1.08,1.14,1.11,1.20,1.16,1.09,1.08,"N",0,0.0,0,0,0,0,0,0,0,0,0,0,0,0,0,0
"36093","5","53212","77","0","2016","3","","Schenectady County, New York","Private","NAICS 53212 Truck, trailer, and rv rental and leasing","County, NAICS 5-digit -- by ownership sector","All establishment sizes",4,41,42,40,535865,37586,1174,1005,"",1.94,1.24,1.27,1.20,1.29,1.20,1.13,1.04,"N",0,0.0,0,0,0,0,0,0,0,0,0,0,0,0,0,0
"36093","5","53212","77","0","2016","4","","Schenectady County, New York","Private","NAICS 53212 Truck, trailer, and rv rental and leasing","County, NAICS 5-digit -- by ownership sector","All establishment sizes",4,41,41,37,531041,28736,868,1030,"",1.93,1.21,1.21,1.11,1.38,1.37,1.18,1.17,"",0,0.0,5,13.9,4,10.8,0,0.0,88625,20.0,-2196,-7.1,-349,-28.7,102,11.0
"36093","5","532120","78","0","2016","1","","Schenectady County, New York","Private","NAICS 532120 Truck, trailer, and rv rental and leasing","County, NAICS 6-digit -- by ownership sector","All establishment sizes",4,37,37,36,457372,322257,8517,960,"",1.97,1.13,1.13,1.09,1.15,1.42,1.26,1.03,"N",0,0.0,0,0,0,0,0,0,0,0,0,0,0,0,0,0
"36093","5","532120","78","0","2016","2","","Schenectady County, New York","Private","NAICS 532120 Truck, trailer, and rv rental and leasing","County, NAICS 6-digit -- by ownership sector","All establishment sizes",4,36,38,38,496819,61009,1877,1024,"",1.95,1.08,1.14,1.11,1.20,1.16,1.09,1.08,"N",0,0.0,0,0,0,0,0,0,0,0,0,0,0,0,0,0
"36093","5","532120","78","0","2016","3","","Schenectady County, New York","Private","NAICS 532120 Truck, trailer, and rv rental and leasing","County, NAICS 6-digit -- by ownership sector","All establishment sizes",4,41,42,40,535865,37586,1174,1005,"",1.94,1.24,1.27,1.20,1.29,1.20,1.13,1.04,"N",0,0.0,0,0,0,0,0,0,0,0,0,0,0,0,0,0
"36093","5","532120","78","0","2016","4","","Schenectady County, New York","Private","NAICS 532120 Truck, trailer, and rv rental and leasing","County, NAICS 6-digit -- by ownership sector","All establishment sizes",4,41,41,37,531041,28736,868,1030,"",1.93,1.21,1.21,1.11,1.38,1.37,1.18,1.17,"",0,0.0,5,13.9,4,10.8,0,0.0,88625,20.0,-2196,-7.1,-349,-28.7,102,11.0
"36093","5","5322","76","0","2016","1","","Schenectady County, New York","Private","NAICS 5322 Consumer goods rental","County, NAICS 4-digit -- by ownership sector","All establishment sizes",8,53,53,49,390276,338390,17226,581,"",1.13,0.79,0.78,0.71,0.64,0.86,1.20,0.85,"N",0,0.0,0,0,0,0,0,0,0,0,0,0,0,0,0,0
"36093","5","5322","76","0","2016","2","","Schenectady County, New York","Private","NAICS 5322 Consumer goods rental","County, NAICS 4-digit -- by ownership sector","All establishment sizes",8,50,54,61,446397,173196,8698,624,"",1.12,0.70,0.74,0.79,0.61,1.26,1.36,0.82,"N",1,14.3,0,0,0,0,0,0,0,0,0,0,0,0,0,0
"36093","5","5322","76","0","2016","3","","Schenectady County, New York","Private","NAICS 5322 Consumer goods rental","County, NAICS 4-digit -- by ownership sector","All establishment sizes",8,63,60,57,478481,92232,4705,613,"",1.13,0.86,0.82,0.79,0.68,1.04,1.17,0.82,"N",1,14.3,0,0,0,0,0,0,0,0,0,0,0,0,0,0
"36093","5","5322","76","0","2016","4","","Schenectady County, New York","Private","NAICS 5322 Consumer goods rental","County, NAICS 4-digit -- by ownership sector","All establishment sizes",8,57,50,48,447107,61060,3201,666,"",1.14,0.81,0.73,0.72,0.69,1.06,1.30,0.91,"N",1,14.3,0,0,0,0,0,0,0,0,0,0,0,0,0,0
"36093","5","53221","77","0","2016","1","N","Schenectady County, New York","Private","NAICS 53221 Consumer electronics and appliances rental","County, NAICS 5-digit -- by ownership sector","All establishment sizes",3,0,0,0,0,0,0,0,"N",2.41,0,0,0,0,0,0,0,"N",-1,-25.0,0,0,0,0,0,0,0,0,0,0,0,0,0,0
"36093","5","53221","77","0","2016","2","N","Schenectady County, New York","Private","NAICS 53221 Consumer electronics and appliances rental","County, NAICS 5-digit -- by ownership sector","All establishment sizes",3,0,0,0,0,0,0,0,"N",2.39,0,0,0,0,0,0,0,"N",0,0.0,0,0,0,0,0,0,0,0,0,0,0,0,0,0
"36093","5","53221","77","0","2016","3","N","Schenectady County, New York","Private","NAICS 53221 Consumer electronics and appliances rental","County, NAICS 5-digit -- by ownership sector","All establishment sizes",3,0,0,0,0,0,0,0,"N",2.39,0,0,0,0,0,0,0,"N",0,0.0,0,0,0,0,0,0,0,0,0,0,0,0,0,0
"36093","5","53221","77","0","2016","4","N","Schenectady County, New York","Private","NAICS 53221 Consumer electronics and appliances rental","County, NAICS 5-digit -- by ownership sector","All establishment sizes",3,0,0,0,0,0,0,0,"N",2.41,0,0,0,0,0,0,0,"N",0,0.0,0,0,0,0,0,0,0,0,0,0,0,0,0,0
"36093","5","532210","78","0","2016","1","N","Schenectady County, New York","Private","NAICS 532210 Consumer electronics and appliances rental","County, NAICS 6-digit -- by ownership sector","All establishment sizes",3,0,0,0,0,0,0,0,"N",2.41,0,0,0,0,0,0,0,"N",-1,-25.0,0,0,0,0,0,0,0,0,0,0,0,0,0,0
"36093","5","532210","78","0","2016","2","N","Schenectady County, New York","Private","NAICS 532210 Consumer electronics and appliances rental","County, NAICS 6-digit -- by ownership sector","All establishment sizes",3,0,0,0,0,0,0,0,"N",2.39,0,0,0,0,0,0,0,"N",0,0.0,0,0,0,0,0,0,0,0,0,0,0,0,0,0
"36093","5","532210","78","0","2016","3","N","Schenectady County, New York","Private","NAICS 532210 Consumer electronics and appliances rental","County, NAICS 6-digit -- by ownership sector","All establishment sizes",3,0,0,0,0,0,0,0,"N",2.39,0,0,0,0,0,0,0,"N",0,0.0,0,0,0,0,0,0,0,0,0,0,0,0,0,0
"36093","5","532210","78","0","2016","4","N","Schenectady County, New York","Private","NAICS 532210 Consumer electronics and appliances rental","County, NAICS 6-digit -- by ownership sector","All establishment sizes",3,0,0,0,0,0,0,0,"N",2.41,0,0,0,0,0,0,0,"N",0,0.0,0,0,0,0,0,0,0,0,0,0,0,0,0,0
"36093","5","53229","77","0","2016","1","N","Schenectady County, New York","Private","NAICS 53229 Other consumer goods rental","County, NAICS 5-digit -- by ownership sector","All establishment sizes",5,0,0,0,0,0,0,0,"N",1.08,0,0,0,0,0,0,0,"N",2,66.7,0,0,0,0,0,0,0,0,0,0,0,0,0,0
"36093","5","53229","77","0","2016","2","N","Schenectady County, New York","Private","NAICS 53229 Other consumer goods rental","County, NAICS 5-digit -- by ownership sector","All establishment sizes",5,0,0,0,0,0,0,0,"N",1.06,0,0,0,0,0,0,0,"N",2,66.7,0,0,0,0,0,0,0,0,0,0,0,0,0,0
"36093","5","53229","77","0","2016","3","N","Schenectady County, New York","Private","NAICS 53229 Other consumer goods rental","County, NAICS 5-digit -- by ownership sector","All establishment sizes",5,0,0,0,0,0,0,0,"N",1.06,0,0,0,0,0,0,0,"N",2,66.7,0,0,0,0,0,0,0,0,0,0,0,0,0,0
"36093","5","53229","77","0","2016","4","N","Schenectady County, New York","Private","NAICS 53229 Other consumer goods rental","County, NAICS 5-digit -- by ownership sector","All establishment sizes",5,0,0,0,0,0,0,0,"N",1.08,0,0,0,0,0,0,0,"N",2,66.7,0,0,0,0,0,0,0,0,0,0,0,0,0,0
"36093","5","532299","78","0","2016","1","N","Schenectady County, New York","Private","NAICS12 532299 All other consumer goods rental","County, NAICS 6-digit -- by ownership sector","All establishment sizes",5,0,0,0,0,0,0,0,"N",1.87,0,0,0,0,0,0,0,"N",2,66.7,0,0,0,0,0,0,0,0,0,0,0,0,0,0
"36093","5","532299","78","0","2016","2","N","Schenectady County, New York","Private","NAICS12 532299 All other consumer goods rental","County, NAICS 6-digit -- by ownership sector","All establishment sizes",5,0,0,0,0,0,0,0,"N",1.85,0,0,0,0,0,0,0,"N",2,66.7,0,0,0,0,0,0,0,0,0,0,0,0,0,0
"36093","5","532299","78","0","2016","3","N","Schenectady County, New York","Private","NAICS12 532299 All other consumer goods rental","County, NAICS 6-digit -- by ownership sector","All establishment sizes",5,0,0,0,0,0,0,0,"N",1.85,0,0,0,0,0,0,0,"N",2,66.7,0,0,0,0,0,0,0,0,0,0,0,0,0,0
"36093","5","532299","78","0","2016","4","N","Schenectady County, New York","Private","NAICS12 532299 All other consumer goods rental","County, NAICS 6-digit -- by ownership sector","All establishment sizes",5,0,0,0,0,0,0,0,"N",1.87,0,0,0,0,0,0,0,"N",2,66.7,0,0,0,0,0,0,0,0,0,0,0,0,0,0
"36093","5","5324","76","0","2016","1","N","Schenectady County, New York","Private","NAICS 5324 Machinery and equipment rental and leasing","County, NAICS 4-digit -- by ownership sector","All establishment sizes",1,0,0,0,0,0,0,0,"N",0.19,0,0,0,0,0,0,0,"N",-1,-50.0,0,0,0,0,0,0,0,0,0,0,0,0,0,0
"36093","5","5324","76","0","2016","2","N","Schenectady County, New York","Private","NAICS 5324 Machinery and equipment rental and leasing","County, NAICS 4-digit -- by ownership sector","All establishment sizes",1,0,0,0,0,0,0,0,"N",0.19,0,0,0,0,0,0,0,"N",-1,-50.0,0,0,0,0,0,0,0,0,0,0,0,0,0,0
"36093","5","5324","76","0","2016","3","N","Schenectady County, New York","Private","NAICS 5324 Machinery and equipment rental and leasing","County, NAICS 4-digit -- by ownership sector","All establishment sizes",1,0,0,0,0,0,0,0,"N",0.19,0,0,0,0,0,0,0,"N",-1,-50.0,0,0,0,0,0,0,0,0,0,0,0,0,0,0
"36093","5","5324","76","0","2016","4","N","Schenectady County, New York","Private","NAICS 5324 Machinery and equipment rental and leasing","County, NAICS 4-digit -- by ownership sector","All establishment sizes",1,0,0,0,0,0,0,0,"N",0.19,0,0,0,0,0,0,0,"N",-1,-50.0,0,0,0,0,0,0,0,0,0,0,0,0,0,0
"36093","5","53249","77","0","2016","1","N","Schenectady County, New York","Private","NAICS 53249 Other machinery rental and leasing","County, NAICS 5-digit -- by ownership sector","All establishment sizes",1,0,0,0,0,0,0,0,"N",0.39,0,0,0,0,0,0,0,"N",-1,-50.0,0,0,0,0,0,0,0,0,0,0,0,0,0,0
"36093","5","53249","77","0","2016","2","N","Schenectady County, New York","Private","NAICS 53249 Other machinery rental and leasing","County, NAICS 5-digit -- by ownership sector","All establishment sizes",1,0,0,0,0,0,0,0,"N",0.39,0,0,0,0,0,0,0,"N",-1,-50.0,0,0,0,0,0,0,0,0,0,0,0,0,0,0
"36093","5","53249","77","0","2016","3","N","Schenectady County, New York","Private","NAICS 53249 Other machinery rental and leasing","County, NAICS 5-digit -- by ownership sector","All establishment sizes",1,0,0,0,0,0,0,0,"N",0.39,0,0,0,0,0,0,0,"N",-1,-50.0,0,0,0,0,0,0,0,0,0,0,0,0,0,0
"36093","5","53249","77","0","2016","4","N","Schenectady County, New York","Private","NAICS 53249 Other machinery rental and leasing","County, NAICS 5-digit -- by ownership sector","All establishment sizes",1,0,0,0,0,0,0,0,"N",0.39,0,0,0,0,0,0,0,"N",-1,-50.0,0,0,0,0,0,0,0,0,0,0,0,0,0,0
"36093","5","532490","78","0","2016","1","N","Schenectady County, New York","Private","NAICS 532490 Other machinery rental and leasing","County, NAICS 6-digit -- by ownership sector","All establishment sizes",1,0,0,0,0,0,0,0,"N",0.39,0,0,0,0,0,0,0,"N",-1,-50.0,0,0,0,0,0,0,0,0,0,0,0,0,0,0
"36093","5","532490","78","0","2016","2","N","Schenectady County, New York","Private","NAICS 532490 Other machinery rental and leasing","County, NAICS 6-digit -- by ownership sector","All establishment sizes",1,0,0,0,0,0,0,0,"N",0.39,0,0,0,0,0,0,0,"N",-1,-50.0,0,0,0,0,0,0,0,0,0,0,0,0,0,0
"36093","5","532490","78","0","2016","3","N","Schenectady County, New York","Private","NAICS 532490 Other machinery rental and leasing","County, NAICS 6-digit -- by ownership sector","All establishment sizes",1,0,0,0,0,0,0,0,"N",0.39,0,0,0,0,0,0,0,"N",-1,-50.0,0,0,0,0,0,0,0,0,0,0,0,0,0,0
"36093","5","532490","78","0","2016","4","N","Schenectady County, New York","Private","NAICS 532490 Other machinery rental and leasing","County, NAICS 6-digit -- by ownership sector","All establishment sizes",1,0,0,0,0,0,0,0,"N",0.39,0,0,0,0,0,0,0,"N",-1,-50.0,0,0,0,0,0,0,0,0,0,0,0,0,0,0
"36093","5","533","75","0","2016","1","N","Schenectady County, New York","Private","NAICS 533 Lessors of nonfinancial intangible assets","County, NAICS 3-digit -- by ownership sector","All establishment sizes",1,0,0,0,0,0,0,0,"N",0.92,0,0,0,0,0,0,0,"N",0,0.0,0,0,0,0,0,0,0,0,0,0,0,0,0,0
"36093","5","533","75","0","2016","2","N","Schenectady County, New York","Private","NAICS 533 Lessors of nonfinancial intangible assets","County, NAICS 3-digit -- by ownership sector","All establishment sizes",1,0,0,0,0,0,0,0,"N",0.92,0,0,0,0,0,0,0,"N",0,0.0,0,0,0,0,0,0,0,0,0,0,0,0,0,0
"36093","5","533","75","0","2016","3","N","Schenectady County, New York","Private","NAICS 533 Lessors of nonfinancial intangible assets","County, NAICS 3-digit -- by ownership sector","All establishment sizes",1,0,0,0,0,0,0,0,"N",0.92,0,0,0,0,0,0,0,"N",0,0.0,0,0,0,0,0,0,0,0,0,0,0,0,0,0
"36093","5","533","75","0","2016","4","N","Schenectady County, New York","Private","NAICS 533 Lessors of nonfinancial intangible assets","County, NAICS 3-digit -- by ownership sector","All establishment sizes",1,0,0,0,0,0,0,0,"N",0.92,0,0,0,0,0,0,0,"N",0,0.0,0,0,0,0,0,0,0,0,0,0,0,0,0,0
"36093","5","5331","76","0","2016","1","N","Schenectady County, New York","Private","NAICS 5331 Lessors of nonfinancial intangible assets","County, NAICS 4-digit -- by ownership sector","All establishment sizes",1,0,0,0,0,0,0,0,"N",0.92,0,0,0,0,0,0,0,"N",0,0.0,0,0,0,0,0,0,0,0,0,0,0,0,0,0
"36093","5","5331","76","0","2016","2","N","Schenectady County, New York","Private","NAICS 5331 Lessors of nonfinancial intangible assets","County, NAICS 4-digit -- by ownership sector","All establishment sizes",1,0,0,0,0,0,0,0,"N",0.92,0,0,0,0,0,0,0,"N",0,0.0,0,0,0,0,0,0,0,0,0,0,0,0,0,0
"36093","5","5331","76","0","2016","3","N","Schenectady County, New York","Private","NAICS 5331 Lessors of nonfinancial intangible assets","County, NAICS 4-digit -- by ownership sector","All establishment sizes",1,0,0,0,0,0,0,0,"N",0.92,0,0,0,0,0,0,0,"N",0,0.0,0,0,0,0,0,0,0,0,0,0,0,0,0,0
"36093","5","5331","76","0","2016","4","N","Schenectady County, New York","Private","NAICS 5331 Lessors of nonfinancial intangible assets","County, NAICS 4-digit -- by ownership sector","All establishment sizes",1,0,0,0,0,0,0,0,"N",0.92,0,0,0,0,0,0,0,"N",0,0.0,0,0,0,0,0,0,0,0,0,0,0,0,0,0
"36093","5","53311","77","0","2016","1","N","Schenectady County, New York","Private","NAICS 53311 Lessors of nonfinancial intangible assets","County, NAICS 5-digit -- by ownership sector","All establishment sizes",1,0,0,0,0,0,0,0,"N",0.92,0,0,0,0,0,0,0,"N",0,0.0,0,0,0,0,0,0,0,0,0,0,0,0,0,0
"36093","5","53311","77","0","2016","2","N","Schenectady County, New York","Private","NAICS 53311 Lessors of nonfinancial intangible assets","County, NAICS 5-digit -- by ownership sector","All establishment sizes",1,0,0,0,0,0,0,0,"N",0.92,0,0,0,0,0,0,0,"N",0,0.0,0,0,0,0,0,0,0,0,0,0,0,0,0,0
"36093","5","53311","77","0","2016","3","N","Schenectady County, New York","Private","NAICS 53311 Lessors of nonfinancial intangible assets","County, NAICS 5-digit -- by ownership sector","All establishment sizes",1,0,0,0,0,0,0,0,"N",0.92,0,0,0,0,0,0,0,"N",0,0.0,0,0,0,0,0,0,0,0,0,0,0,0,0,0
"36093","5","53311","77","0","2016","4","N","Schenectady County, New York","Private","NAICS 53311 Lessors of nonfinancial intangible assets","County, NAICS 5-digit -- by ownership sector","All establishment sizes",1,0,0,0,0,0,0,0,"N",0.92,0,0,0,0,0,0,0,"N",0,0.0,0,0,0,0,0,0,0,0,0,0,0,0,0,0
"36093","5","533110","78","0","2016","1","N","Schenectady County, New York","Private","NAICS 533110 Lessors of nonfinancial intangible assets","County, NAICS 6-digit -- by ownership sector","All establishment sizes",1,0,0,0,0,0,0,0,"N",0.92,0,0,0,0,0,0,0,"N",0,0.0,0,0,0,0,0,0,0,0,0,0,0,0,0,0
"36093","5","533110","78","0","2016","2","N","Schenectady County, New York","Private","NAICS 533110 Lessors of nonfinancial intangible assets","County, NAICS 6-digit -- by ownership sector","All establishment sizes",1,0,0,0,0,0,0,0,"N",0.92,0,0,0,0,0,0,0,"N",0,0.0,0,0,0,0,0,0,0,0,0,0,0,0,0,0
"36093","5","533110","78","0","2016","3","N","Schenectady County, New York","Private","NAICS 533110 Lessors of nonfinancial intangible assets","County, NAICS 6-digit -- by ownership sector","All establishment sizes",1,0,0,0,0,0,0,0,"N",0.92,0,0,0,0,0,0,0,"N",0,0.0,0,0,0,0,0,0,0,0,0,0,0,0,0,0
"36093","5","533110","78","0","2016","4","N","Schenectady County, New York","Private","NAICS 533110 Lessors of nonfinancial intangible assets","County, NAICS 6-digit -- by ownership sector","All establishment sizes",1,0,0,0,0,0,0,0,"N",0.92,0,0,0,0,0,0,0,"N",0,0.0,0,0,0,0,0,0,0,0,0,0,0,0,0,0
"36093","5","54","74","0","2016","1","","Schenectady County, New York","Private","NAICS 54 Professional and technical services","County, NAICS Sector -- by ownership sector","All establishment sizes",288,6896,6959,6970,179787566,71121067,1669887,1992,"",0.71,1.77,1.76,1.77,2.11,2.18,1.62,1.19,"",-11,-3.7,-33,-0.5,76,1.1,-26,-0.4,-3907066,-2.1,-47687,-0.1,-198461,-10.6,-45,-2.2
"36093","5","54","74","0","2016","2","","Schenectady County, New York","Private","NAICS 54 Professional and technical services","County, NAICS Sector -- by ownership sector","All establishment sizes",290,7035,6827,6999,206549071,5696913,175436,2285,"",0.70,1.77,1.75,1.76,2.19,0.96,0.85,1.24,"",-10,-3.3,13,0.2,-119,-1.7,-7,-0.1,36622073,21.6,2795,0.0,-17709,-9.2,415,22.2
"36093","5","54","74","0","2016","3","","Schenectady County, New York","Private","NAICS 54 Professional and technical services","County, NAICS Sector -- by ownership sector","All establishment sizes",289,6941,6974,6896,188267996,4516360,107786,2088,"",0.70,1.81,1.82,1.79,2.12,1.29,0.85,1.17,"",-9,-3.0,-87,-1.2,-43,-0.6,-8,-0.1,11256318,6.4,128353,2.9,-18060,-14.4,138,7.1
"36093","5","54","74","0","2016","4","","Schenectady County, New York","Private","NAICS 54 Professional and technical services","County, NAICS Sector -- by ownership sector","All establishment sizes",294,7005,7056,7059,181136720,3786441,92595,1979,"",0.70,1.77,1.77,1.79,1.88,1.38,0.93,1.06,"",-3,-1.0,-9,-0.1,107,1.5,112,1.6,-15268395,-7.8,153245,4.2,-25051,-21.3,-189,-8.7
"36093","5","541","75","0","2016","1","","Schenectady County, New York","Private","NAICS 541 Professional and technical services","County, NAICS 3-digit -- by ownership sector","All establishment sizes",288,6896,6959,6970,179787566,71121067,1669887,1992,"",0.71,1.77,1.76,1.77,2.11,2.18,1.62,1.19,"",-11,-3.7,-33,-0.5,76,1.1,-26,-0.4,-3907066,-2.1,-47687,-0.1,-198461,-10.6,-45,-2.2
"36093","5","541","75","0","2016","2","","Schenectady County, New York","Private","NAICS 541 Professional and technical services","County, NAICS 3-digit -- by ownership sector","All establishment sizes",290,7035,6827,6999,206549071,5696913,175436,2285,"",0.70,1.77,1.75,1.76,2.19,0.96,0.85,1.24,"",-10,-3.3,13,0.2,-119,-1.7,-7,-0.1,36622073,21.6,2795,0.0,-17709,-9.2,415,22.2
"36093","5","541","75","0","2016","3","","Schenectady County, New York","Private","NAICS 541 Professional and technical services","County, NAICS 3-digit -- by ownership sector","All establishment sizes",289,6941,6974,6896,188267996,4516360,107786,2088,"",0.70,1.81,1.82,1.79,2.12,1.29,0.85,1.17,"",-9,-3.0,-87,-1.2,-43,-0.6,-8,-0.1,11256318,6.4,128353,2.9,-18060,-14.4,138,7.1
"36093","5","541","75","0","2016","4","","Schenectady County, New York","Private","NAICS 541 Professional and technical services","County, NAICS 3-digit -- by ownership sector","All establishment sizes",294,7005,7056,7059,181136720,3786441,92595,1979,"",0.70,1.77,1.77,1.79,1.88,1.38,0.93,1.06,"",-3,-1.0,-9,-0.1,107,1.5,112,1.6,-15268395,-7.8,153245,4.2,-25051,-21.3,-189,-8.7
"36093","5","5411","76","0","2016","1","","Schenectady County, New York","Private","NAICS 5411 Legal services","County, NAICS 4-digit -- by ownership sector","All establishment sizes",51,298,302,303,4373864,2545133,70594,1118,"",0.76,0.60,0.61,0.61,0.43,0.63,0.65,0.71,"",-3,-5.6,11,3.8,22,7.9,19,6.7,858463,24.4,274952,12.1,7198,11.4,165,17.3
"36093","5","5411","76","0","2016","2","","Schenectady County, New York","Private","NAICS 5411 Legal services","County, NAICS 4-digit -- by ownership sector","All establishment sizes",51,308,308,318,4721607,643125,18733,1167,"",0.76,0.62,0.62,0.62,0.41,0.85,0.84,0.66,"",-2,-3.8,24,8.5,17,5.8,24,8.2,679016,16.8,60156,10.3,1124,6.4,93,8.7
"36093","5","5411","76","0","2016","3","","Schenectady County, New York","Private","NAICS 5411 Legal services","County, NAICS 4-digit -- by ownership sector","All establishment sizes",51,321,325,315,4675069,400164,12608,1123,"",0.76,0.65,0.67,0.64,0.42,0.98,1.02,0.65,"",-2,-3.8,33,11.5,35,12.1,28,9.8,678773,17.0,128625,47.4,4291,51.6,57,5.3
"36093","5","5411","76","0","2016","4","","Schenectady County, New York","Private","NAICS 5411 Legal services","County, NAICS 4-digit -- by ownership sector","All establishment sizes",52,317,319,309,4854777,340461,11131,1186,"",0.77,0.63,0.63,0.62,0.33,1.10,1.16,0.52,"",-1,-1.9,22,7.5,26,8.9,10,3.3,-246914,-4.8,73236,27.4,3828,52.4,-141,-10.6
"36093","5","54111","77","0","2016","1","N","Schenectady County, New York","Private","NAICS 54111 Offices of lawyers","County, NAICS 5-digit -- by ownership sector","All establishment sizes",49,0,0,0,0,0,0,0,"N",0.79,0,0,0,0,0,0,0,"N",-3,-5.8,0,0,0,0,0,0,0,0,0,0,0,0,0,0
"36093","5","54111","77","0","2016","2","N","Schenectady County, New York","Private","NAICS 54111 Offices of lawyers","County, NAICS 5-digit -- by ownership sector","All establishment sizes",49,0,0,0,0,0,0,0,"N",0.78,0,0,0,0,0,0,0,"N",-2,-3.9,0,0,0,0,0,0,0,0,0,0,0,0,0,0
"36093","5","54111","77","0","2016","3","N","Schenectady County, New York","Private","NAICS 54111 Offices of lawyers","County, NAICS 5-digit -- by ownership sector","All establishment sizes",49,0,0,0,0,0,0,0,"N",0.78,0,0,0,0,0,0,0,"N",-2,-3.9,0,0,0,0,0,0,0,0,0,0,0,0,0,0
"36093","5","54111","77","0","2016","4","N","Schenectady County, New York","Private","NAICS 54111 Offices of lawyers","County, NAICS 5-digit -- by ownership sector","All establishment sizes",50,0,0,0,0,0,0,0,"N",0.80,0,0,0,0,0,0,0,"N",-1,-2.0,0,0,0,0,0,0,0,0,0,0,0,0,0,0
"36093","5","541110","78","0","2016","1","N","Schenectady County, New York","Private","NAICS 541110 Offices of lawyers","County, NAICS 6-digit -- by ownership sector","All establishment sizes",49,0,0,0,0,0,0,0,"N",0.79,0,0,0,0,0,0,0,"N",-3,-5.8,0,0,0,0,0,0,0,0,0,0,0,0,0,0
"36093","5","541110","78","0","2016","2","N","Schenectady County, New York","Private","NAICS 541110 Offices of lawyers","County, NAICS 6-digit -- by ownership sector","All establishment sizes",49,0,0,0,0,0,0,0,"N",0.78,0,0,0,0,0,0,0,"N",-2,-3.9,0,0,0,0,0,0,0,0,0,0,0,0,0,0
"36093","5","541110","78","0","2016","3","N","Schenectady County, New York","Private","NAICS 541110 Offices of lawyers","County, NAICS 6-digit -- by ownership sector","All establishment sizes",49,0,0,0,0,0,0,0,"N",0.78,0,0,0,0,0,0,0,"N",-2,-3.9,0,0,0,0,0,0,0,0,0,0,0,0,0,0
"36093","5","541110","78","0","2016","4","N","Schenectady County, New York","Private","NAICS 541110 Offices of lawyers","County, NAICS 6-digit -- by ownership sector","All establishment sizes",50,0,0,0,0,0,0,0,"N",0.80,0,0,0,0,0,0,0,"N",-1,-2.0,0,0,0,0,0,0,0,0,0,0,0,0,0,0
"36093","5","54119","77","0","2016","1","N","Schenectady County, New York","Private","NAICS 54119 Other legal services","County, NAICS 5-digit -- by ownership sector","All establishment sizes",2,0,0,0,0,0,0,0,"N",0.41,0,0,0,0,0,0,0,"N",0,0.0,0,0,0,0,0,0,0,0,0,0,0,0,0,0
"36093","5","54119","77","0","2016","2","N","Schenectady County, New York","Private","NAICS 54119 Other legal services","County, NAICS 5-digit -- by ownership sector","All establishment sizes",2,0,0,0,0,0,0,0,"N",0.41,0,0,0,0,0,0,0,"N",0,0.0,0,0,0,0,0,0,0,0,0,0,0,0,0,0
"36093","5","54119","77","0","2016","3","N","Schenectady County, New York","Private","NAICS 54119 Other legal services","County, NAICS 5-digit -- by ownership sector","All establishment sizes",2,0,0,0,0,0,0,0,"N",0.41,0,0,0,0,0,0,0,"N",0,0.0,0,0,0,0,0,0,0,0,0,0,0,0,0,0
"36093","5","54119","77","0","2016","4","N","Schenectady County, New York","Private","NAICS 54119 Other legal services","County, NAICS 5-digit -- by ownership sector","All establishment sizes",2,0,0,0,0,0,0,0,"N",0.40,0,0,0,0,0,0,0,"N",0,0.0,0,0,0,0,0,0,0,0,0,0,0,0,0,0
"36093","5","541191","78","0","2016","1","N","Schenectady County, New York","Private","NAICS 541191 Title abstract and settlement offices","County, NAICS 6-digit -- by ownership sector","All establishment sizes",2,0,0,0,0,0,0,0,"N",0.65,0,0,0,0,0,0,0,"N",0,0.0,0,0,0,0,0,0,0,0,0,0,0,0,0,0
"36093","5","541191","78","0","2016","2","N","Schenectady County, New York","Private","NAICS 541191 Title abstract and settlement offices","County, NAICS 6-digit -- by ownership sector","All establishment sizes",2,0,0,0,0,0,0,0,"N",0.66,0,0,0,0,0,0,0,"N",0,0.0,0,0,0,0,0,0,0,0,0,0,0,0,0,0
"36093","5","541191","78","0","2016","3","N","Schenectady County, New York","Private","NAICS 541191 Title abstract and settlement offices","County, NAICS 6-digit -- by ownership sector","All establishment sizes",2,0,0,0,0,0,0,0,"N",0.66,0,0,0,0,0,0,0,"N",0,0.0,0,0,0,0,0,0,0,0,0,0,0,0,0,0
"36093","5","541191","78","0","2016","4","N","Schenectady County, New York","Private","NAICS 541191 Title abstract and settlement offices","County, NAICS 6-digit -- by ownership sector","All establishment sizes",2,0,0,0,0,0,0,0,"N",0.66,0,0,0,0,0,0,0,"N",0,0.0,0,0,0,0,0,0,0,0,0,0,0,0,0,0
"36093","5","5412","76","0","2016","1","","Schenectady County, New York","Private","NAICS 5412 Accounting and bookkeeping services","County, NAICS 4-digit -- by ownership sector","All establishment sizes",49,156,174,165,1016886,847074,35871,474,"",0.99,0.33,0.35,0.34,0.14,0.25,0.37,0.40,"",-6,-10.9,31,24.8,17,10.8,7,4.4,15885,1.6,31259,3.8,9690,37.0,-51,-9.7
"36093","5","5412","76","0","2016","2","","Schenectady County, New York","Private","NAICS 5412 Accounting and bookkeeping services","County, NAICS 4-digit -- by ownership sector","All establishment sizes",50,155,76,77,982422,311618,14268,736,"",1.00,0.32,0.18,0.18,0.12,0.43,0.56,0.50,"",-4,-7.4,-6,-3.7,-13,-14.6,-8,-9.4,1257,0.1,-4867,-1.5,-2114,-12.9,60,8.9
"36093","5","5412","76","0","2016","3","","Schenectady County, New York","Private","NAICS 5412 Accounting and bookkeeping services","County, NAICS 4-digit -- by ownership sector","All establishment sizes",51,74,72,74,646500,56724,1631,678,"",1.02,0.18,0.18,0.18,0.08,0.15,0.13,0.45,"",-3,-5.6,-7,-8.6,-1,-1.4,2,2.8,4629,0.7,-359,-0.6,-344,-17.4,23,3.5
"36093","5","5412","76","0","2016","4","","Schenectady County, New York","Private","NAICS 5412 Accounting and bookkeeping services","County, NAICS 4-digit -- by ownership sector","All establishment sizes",51,83,101,116,1070555,97873,3745,824,"",1.01,0.20,0.23,0.27,0.13,0.31,0.35,0.55,"",-4,-7.3,3,3.8,-6,-5.6,2,1.8,-145305,-12.0,-5443,-5.3,-2415,-39.2,-108,-11.6
"36093","5","54121","77","0","2016","1","","Schenectady County, New York","Private","NAICS 54121 Accounting and bookkeeping services","County, NAICS 5-digit -- by ownership sector","All establishment sizes",49,156,174,165,1016886,847074,35871,474,"",0.99,0.33,0.35,0.34,0.14,0.25,0.37,0.40,"",-6,-10.9,31,24.8,17,10.8,7,4.4,15885,1.6,31259,3.8,9690,37.0,-51,-9.7
"36093","5","54121","77","0","2016","2","","Schenectady County, New York","Private","NAICS 54121 Accounting and bookkeeping services","County, NAICS 5-digit -- by ownership sector","All establishment sizes",50,155,76,77,982422,311618,14268,736,"",1.00,0.32,0.18,0.18,0.12,0.43,0.56,0.50,"",-4,-7.4,-6,-3.7,-13,-14.6,-8,-9.4,1257,0.1,-4867,-1.5,-2114,-12.9,60,8.9
"36093","5","54121","77","0","2016","3","","Schenectady County, New York","Private","NAICS 54121 Accounting and bookkeeping services","County, NAICS 5-digit -- by ownership sector","All establishment sizes",51,74,72,74,646500,56724,1631,678,"",1.02,0.18,0.18,0.18,0.08,0.15,0.13,0.45,"",-3,-5.6,-7,-8.6,-1,-1.4,2,2.8,4629,0.7,-359,-0.6,-344,-17.4,23,3.5
"36093","5","54121","77","0","2016","4","","Schenectady County, New York","Private","NAICS 54121 Accounting and bookkeeping services","County, NAICS 5-digit -- by ownership sector","All establishment sizes",51,83,101,116,1070555,97873,3745,824,"",1.01,0.20,0.23,0.27,0.13,0.31,0.35,0.55,"",-4,-7.3,3,3.8,-6,-5.6,2,1.8,-145305,-12.0,-5443,-5.3,-2415,-39.2,-108,-11.6
"36093","5","541211","78","0","2016","1","","Schenectady County, New York","Private","NAICS 541211 Offices of certified public accountants","County, NAICS 6-digit -- by ownership sector","All establishment sizes",16,45,53,54,461271,364027,7612,700,"",0.83,0.22,0.25,0.25,0.12,0.20,0.19,0.48,"",0,0.0,1,2.3,4,8.2,5,10.2,-19245,-4.0,-155,0.0,-2470,-24.5,-81,-10.4
"36093","5","541211","78","0","2016","2","","Schenectady County, New York","Private","NAICS 541211 Offices of certified public accountants","County, NAICS 6-digit -- by ownership sector","All establishment sizes",16,53,45,44,562960,124079,2560,915,"",0.83,0.25,0.22,0.21,0.12,0.43,0.38,0.52,"",0,0.0,2,3.9,0,0.0,-3,-6.4,33520,6.3,10016,8.8,-541,-17.4,61,7.1
"36093","5","541211","78","0","2016","3","","Schenectady County, New York","Private","NAICS 541211 Offices of certified public accountants","County, NAICS 6-digit -- by ownership sector","All establishment sizes",17,45,44,45,435772,22504,492,750,"",0.88,0.23,0.22,0.23,0.09,0.13,0.11,0.42,"",1,6.2,1,2.3,4,10.0,7,18.4,3030,0.7,819,3.8,1,0.2,-69,-8.4
"36093","5","541211","78","0","2016","4","","Schenectady County, New York","Private","NAICS 541211 Offices of certified public accountants","County, NAICS 6-digit -- by ownership sector","All establishment sizes",17,42,42,45,746772,43172,962,1336,"",0.87,0.20,0.20,0.22,0.16,0.35,0.30,0.75,"",1,6.2,0,0.0,-4,-8.7,-2,-4.3,-142968,-16.1,14444,50.3,352,57.7,-185,-12.2
"36093","5","541213","78","0","2016","1","","Schenectady County, New York","Private","NAICS 541213 Tax preparation services","County, NAICS 6-digit -- by ownership sector","All establishment sizes",17,82,82,73,336918,299743,23501,328,"",1.55,1.06,0.97,0.94,0.77,0.99,1.42,0.78,"",-5,-22.7,32,64.0,18,28.1,9,14.1,71136,26.8,62000,26.1,14468,160.2,-17,-4.9
"36093","5","541213","78","0","2016","2","N","Schenectady County, New York","Private","NAICS 541213 Tax preparation services","County, NAICS 6-digit -- by ownership sector","All establishment sizes",19,0,0,0,0,0,0,0,"N",1.72,0,0,0,0,0,0,0,"N",-3,-13.6,0,0,0,0,0,0,0,0,0,0,0,0,0,0
"36093","5","541213","78","0","2016","3","N","Schenectady County, New York","Private","NAICS 541213 Tax preparation services","County, NAICS 6-digit -- by ownership sector","All establishment sizes",19,0,0,0,0,0,0,0,"N",1.72,0,0,0,0,0,0,0,"N",-3,-13.6,0,0,0,0,0,0,0,0,0,0,0,0,0,0
"36093","5","541213","78","0","2016","4","","Schenectady County, New York","Private","NAICS 541213 Tax preparation services","County, NAICS 6-digit -- by ownership sector","All establishment sizes",19,18,37,46,101751,20964,902,232,"",1.70,0.73,1.03,1.14,0.39,1.09,0.94,0.39,"",-4,-17.4,7,63.6,3,8.8,6,15.0,3432,3.5,-14819,-41.4,-2593,-74.2,-35,-13.1
"36093","5","541214","78","0","2016","1","N","Schenectady County, New York","Private","NAICS 541214 Payroll services","County, NAICS 6-digit -- by ownership sector","All establishment sizes",2,0,0,0,0,0,0,0,"N",0.64,0,0,0,0,0,0,0,"N",0,0.0,0,0,0,0,0,0,0,0,0,0,0,0,0,0
"36093","5","541214","78","0","2016","2","N","Schenectady County, New York","Private","NAICS 541214 Payroll services","County, NAICS 6-digit -- by ownership sector","All establishment sizes",2,0,0,0,0,0,0,0,"N",0.64,0,0,0,0,0,0,0,"N",0,0.0,0,0,0,0,0,0,0,0,0,0,0,0,0,0
"36093","5","541214","78","0","2016","3","N","Schenectady County, New York","Private","NAICS 541214 Payroll services","County, NAICS 6-digit -- by ownership sector","All establishment sizes",2,0,0,0,0,0,0,0,"N",0.64,0,0,0,0,0,0,0,"N",0,0.0,0,0,0,0,0,0,0,0,0,0,0,0,0,0
"36093","5","541214","78","0","2016","4","N","Schenectady County, New York","Private","NAICS 541214 Payroll services","County, NAICS 6-digit -- by ownership sector","All establishment sizes",2,0,0,0,0,0,0,0,"N",0.63,0,0,0,0,0,0,0,"N",0,0.0,0,0,0,0,0,0,0,0,0,0,0,0,0,0
"36093","5","541219","78","0","2016","1","N","Schenectady County, New York","Private","NAICS 541219 Other accounting services","County, NAICS 6-digit -- by ownership sector","All establishment sizes",14,0,0,0,0,0,0,0,"N",0.86,0,0,0,0,0,0,0,"N",-1,-6.7,0,0,0,0,0,0,0,0,0,0,0,0,0,0
"36093","5","541219","78","0","2016","2","","Schenectady County, New York","Private","NAICS 541219 Other accounting services","County, NAICS 6-digit -- by ownership sector","All establishment sizes",13,30,19,18,121620,46630,1232,419,"",0.79,0.25,0.17,0.16,0.07,0.23,0.20,0.36,"",-1,-7.1,1,3.4,0,0.0,2,12.5,-12932,-9.6,-10877,-18.9,-621,-33.5,-66,-13.6
"36093","5","541219","78","0","2016","3","","Schenectady County, New York","Private","NAICS 541219 Other accounting services","County, NAICS 6-digit -- by ownership sector","All establishment sizes",13,15,14,15,86852,15043,482,456,"",0.79,0.14,0.13,0.14,0.05,0.13,0.15,0.40,"",-1,-7.1,-1,-6.2,-1,-6.7,-1,-6.2,-8982,-9.4,-13234,-46.8,-673,-58.3,-15,-3.2
"36093","5","541219","78","0","2016","4","N","Schenectady County, New York","Private","NAICS 541219 Other accounting services","County, NAICS 6-digit -- by ownership sector","All establishment sizes",13,0,0,0,0,0,0,0,"N",0.78,0,0,0,0,0,0,0,"N",-1,-7.1,0,0,0,0,0,0,0,0,0,0,0,0,0,0
"36093","5","5413","76","0","2016","1","","Schenectady County, New York","Private","NAICS 5413 Architectural and engineering services","County, NAICS 4-digit -- by ownership sector","All establishment sizes",42,1388,1391,1364,38454232,14391799,416331,2142,"",0.92,2.25,2.25,2.21,3.10,2.64,2.14,1.39,"",-2,-4.5,-125,-8.3,-48,-3.3,-87,-6.0,-3319207,-7.9,-719785,-4.8,-96952,-18.9,-47,-2.1
"36093","5","5413","76","0","2016","2","","Schenectady County, New York","Private","NAICS 5413 Architectural and engineering services","County, NAICS 4-digit -- by ownership sector","All establishment sizes",42,1376,1374,1388,41082910,1399500,46753,2291,"",0.91,2.20,2.20,2.17,2.86,1.46,1.28,1.30,"",-3,-6.7,-90,-6.1,-122,-8.2,-119,-7.9,2370051,6.1,-107848,-7.2,-16833,-26.5,292,14.6
"36093","5","5413","76","0","2016","3","","Schenectady County, New York","Private","NAICS 5413 Architectural and engineering services","County, NAICS 4-digit -- by ownership sector","All establishment sizes",41,1411,1420,1404,39586472,1293505,37277,2157,"",0.88,2.29,2.30,2.28,2.90,2.43,1.71,1.27,"",-3,-6.8,-121,-7.9,-117,-7.6,-83,-5.6,22064,0.1,78154,6.4,-4383,-10.5,153,7.6
"36093","5","5413","76","0","2016","4","","Schenectady County, New York","Private","NAICS 5413 Architectural and engineering services","County, NAICS 4-digit -- by ownership sector","All establishment sizes",42,1495,1489,1510,38616986,1511942,35800,1983,"",0.90,2.37,2.36,2.43,2.61,4.15,2.37,1.09,"",0,0.0,8,0.5,19,1.3,46,3.1,-6168047,-13.8,728970,93.1,5924,19.8,-355,-15.2
"36093","5","54131","77","0","2016","1","","Schenectady County, New York","Private","NAICS 54131 Architectural services","County, NAICS 5-digit -- by ownership sector","All establishment sizes",6,54,50,49,641327,483690,15421,967,"",0.74,0.68,0.63,0.62,0.46,0.69,0.68,0.71,"",-1,-14.3,5,10.2,2,4.2,1,2.1,38292,6.3,28570,6.3,-3724,-19.5,7,0.7
"36093","5","54131","77","0","2016","2","","Schenectady County, New York","Private","NAICS 54131 Architectural services","County, NAICS 5-digit -- by ownership sector","All establishment sizes",6,49,48,52,713523,55337,1434,1105,"",0.73,0.61,0.60,0.63,0.41,0.42,0.35,0.66,"",-1,-14.3,1,2.1,-2,-4.0,-2,-3.7,39773,5.9,-4228,-7.1,-573,-28.6,82,8.0
"36093","5","54131","77","0","2016","3","","Schenectady County, New York","Private","NAICS 54131 Architectural services","County, NAICS 5-digit -- by ownership sector","All establishment sizes",6,54,54,49,759516,60872,1106,1116,"",0.72,0.67,0.67,0.62,0.46,0.83,0.44,0.71,"",-1,-14.3,1,1.9,0,0.0,-2,-3.9,73311,10.7,23971,65.0,14,1.3,114,11.4
"36093","5","54131","77","0","2016","4","","Schenectady County, New York","Private","NAICS 54131 Architectural services","County, NAICS 5-digit -- by ownership sector","All establishment sizes",6,50,48,46,720777,39154,726,1155,"",0.72,0.61,0.59,0.57,0.35,0.80,0.42,0.59,"",0,0.0,-2,-3.8,-3,-5.9,-8,-14.8,-118790,-14.1,-2104,-5.1,-432,-37.3,-79,-6.4
"36093","5","541310","78","0","2016","1","","Schenectady County, New York","Private","NAICS 541310 Architectural services","County, NAICS 6-digit -- by ownership sector","All establishment sizes",6,54,50,49,641327,483690,15421,967,"",0.74,0.68,0.63,0.62,0.46,0.69,0.68,0.71,"",-1,-14.3,5,10.2,2,4.2,1,2.1,38292,6.3,28570,6.3,-3724,-19.5,7,0.7
"36093","5","541310","78","0","2016","2","","Schenectady County, New York","Private","NAICS 541310 Architectural services","County, NAICS 6-digit -- by ownership sector","All establishment sizes",6,49,48,52,713523,55337,1434,1105,"",0.73,0.61,0.60,0.63,0.41,0.42,0.35,0.66,"",-1,-14.3,1,2.1,-2,-4.0,-2,-3.7,39773,5.9,-4228,-7.1,-573,-28.6,82,8.0
"36093","5","541310","78","0","2016","3","","Schenectady County, New York","Private","NAICS 541310 Architectural services","County, NAICS 6-digit -- by ownership sector","All establishment sizes",6,54,54,49,759516,60872,1106,1116,"",0.72,0.67,0.67,0.62,0.46,0.83,0.44,0.71,"",-1,-14.3,1,1.9,0,0.0,-2,-3.9,73311,10.7,23971,65.0,14,1.3,114,11.4
"36093","5","541310","78","0","2016","4","","Schenectady County, New York","Private","NAICS 541310 Architectural services","County, NAICS 6-digit -- by ownership sector","All establishment sizes",6,50,48,46,720777,39154,726,1155,"",0.72,0.61,0.59,0.57,0.35,0.80,0.42,0.59,"",0,0.0,-2,-3.8,-3,-5.9,-8,-14.8,-118790,-14.1,-2104,-5.1,-432,-37.3,-79,-6.4
"36093","5","54132","77","0","2016","1","","Schenectady County, New York","Private","NAICS 54132 Landscape architectural services","County, NAICS 5-digit -- by ownership sector","All establishment sizes",4,10,9,8,75565,75565,4547,646,"",1.74,0.77,0.69,0.59,0.45,0.83,1.35,0.67,"",0,0.0,1,11.1,2,28.6,0,0.0,10057,15.4,11149,17.3,-202,-4.3,16,2.5
"36093","5","54132","77","0","2016","2","","Schenectady County, New York","Private","NAICS 54132 Landscape architectural services","County, NAICS 5-digit -- by ownership sector","All establishment sizes",4,14,19,22,127448,78744,6076,535,"",1.70,0.94,1.24,1.38,0.57,2.59,3.69,0.48,"N",0,0.0,0,0,0,0,0,0,0,0,0,0,0,0,0,0
"36093","5","54132","77","0","2016","3","N","Schenectady County, New York","Private","NAICS 54132 Landscape architectural services","County, NAICS 5-digit -- by ownership sector","All establishment sizes",4,0,0,0,0,0,0,0,"N",1.69,0,0,0,0,0,0,0,"N",0,0.0,0,0,0,0,0,0,0,0,0,0,0,0,0,0
"36093","5","54132","77","0","2016","4","N","Schenectady County, New York","Private","NAICS 54132 Landscape architectural services","County, NAICS 5-digit -- by ownership sector","All establishment sizes",4,0,0,0,0,0,0,0,"N",1.68,0,0,0,0,0,0,0,"N",0,0.0,0,0,0,0,0,0,0,0,0,0,0,0,0,0
"36093","5","541320","78","0","2016","1","","Schenectady County, New York","Private","NAICS 541320 Landscape architectural services","County, NAICS 6-digit -- by ownership sector","All establishment sizes",4,10,9,8,75565,75565,4547,646,"",1.74,0.77,0.69,0.59,0.45,0.83,1.35,0.67,"",0,0.0,1,11.1,2,28.6,0,0.0,10057,15.4,11149,17.3,-202,-4.3,16,2.5
"36093","5","541320","78","0","2016","2","","Schenectady County, New York","Private","NAICS 541320 Landscape architectural services","County, NAICS 6-digit -- by ownership sector","All establishment sizes",4,14,19,22,127448,78744,6076,535,"",1.70,0.94,1.24,1.38,0.57,2.59,3.69,0.48,"N",0,0.0,0,0,0,0,0,0,0,0,0,0,0,0,0,0
"36093","5","541320","78","0","2016","3","N","Schenectady County, New York","Private","NAICS 541320 Landscape architectural services","County, NAICS 6-digit -- by ownership sector","All establishment sizes",4,0,0,0,0,0,0,0,"N",1.69,0,0,0,0,0,0,0,"N",0,0.0,0,0,0,0,0,0,0,0,0,0,0,0,0,0
"36093","5","541320","78","0","2016","4","N","Schenectady County, New York","Private","NAICS 541320 Landscape architectural services","County, NAICS 6-digit -- by ownership sector","All establishment sizes",4,0,0,0,0,0,0,0,"N",1.68,0,0,0,0,0,0,0,"N",0,0.0,0,0,0,0,0,0,0,0,0,0,0,0,0,0
"36093","5","54133","77","0","2016","1","","Schenectady County, New York","Private","NAICS 54133 Engineering services","County, NAICS 5-digit -- by ownership sector","All establishment sizes",23,1174,1184,1162,35933833,12450348,358477,2356,"",0.91,2.85,2.86,2.83,4.00,3.31,2.68,1.41,"",-1,-4.2,-135,-10.3,-53,-4.3,-88,-7.0,-3285896,-8.4,-808400,-6.1,-79683,-18.2,-28,-1.2
"36093","5","54133","77","0","2016","2","","Schenectady County, New York","Private","NAICS 54133 Engineering services","County, NAICS 5-digit -- by ownership sector","All establishment sizes",23,1173,1171,1172,38158035,1060097,32870,2504,"",0.90,2.82,2.82,2.75,3.72,1.73,1.40,1.33,"",-1,-4.2,-80,-6.4,-88,-7.0,-97,-7.6,2440041,6.8,21951,2.1,-8732,-21.0,324,14.9
"36093","5","54133","77","0","2016","3","","Schenectady County, New York","Private","NAICS 54133 Engineering services","County, NAICS 5-digit -- by ownership sector","All establishment sizes",23,1197,1212,1204,36626228,1065270,29595,2339,"",0.89,2.93,2.96,2.94,3.74,3.16,2.08,1.27,"",0,0.0,-89,-6.9,-75,-5.8,-55,-4.4,-132201,-0.4,136862,14.7,813,2.8,125,5.6
"36093","5","54133","77","0","2016","4","","Schenectady County, New York","Private","NAICS 54133 Engineering services","County, NAICS 5-digit -- by ownership sector","All establishment sizes",24,1294,1291,1313,36035317,1357723,31041,2133,"",0.92,3.09,3.08,3.17,3.43,5.82,3.07,1.10,"",2,9.1,32,2.5,39,3.1,74,6.0,-5534845,-13.3,798581,142.8,9821,46.3,-423,-16.5
"36093","5","541330","78","0","2016","1","","Schenectady County, New York","Private","NAICS 541330 Engineering services","County, NAICS 6-digit -- by ownership sector","All establishment sizes",23,1174,1184,1162,35933833,12450348,358477,2356,"",0.91,2.85,2.86,2.83,4.00,3.31,2.68,1.41,"",-1,-4.2,-135,-10.3,-53,-4.3,-88,-7.0,-3285896,-8.4,-808400,-6.1,-79683,-18.2,-28,-1.2
"36093","5","541330","78","0","2016","2","","Schenectady County, New York","Private","NAICS 541330 Engineering services","County, NAICS 6-digit -- by ownership sector","All establishment sizes",23,1173,1171,1172,38158035,1060097,32870,2504,"",0.90,2.82,2.82,2.75,3.72,1.73,1.40,1.33,"",-1,-4.2,-80,-6.4,-88,-7.0,-97,-7.6,2440041,6.8,21951,2.1,-8732,-21.0,324,14.9
"36093","5","541330","78","0","2016","3","","Schenectady County, New York","Private","NAICS 541330 Engineering services","County, NAICS 6-digit -- by ownership sector","All establishment sizes",23,1197,1212,1204,36626228,1065270,29595,2339,"",0.89,2.93,2.96,2.94,3.74,3.16,2.08,1.27,"",0,0.0,-89,-6.9,-75,-5.8,-55,-4.4,-132201,-0.4,136862,14.7,813,2.8,125,5.6
"36093","5","541330","78","0","2016","4","","Schenectady County, New York","Private","NAICS 541330 Engineering services","County, NAICS 6-digit -- by ownership sector","All establishment sizes",24,1294,1291,1313,36035317,1357723,31041,2133,"",0.92,3.09,3.08,3.17,3.43,5.82,3.07,1.10,"",2,9.1,32,2.5,39,3.1,74,6.0,-5534845,-13.3,798581,142.8,9821,46.3,-423,-16.5
"36093","5","54135","77","0","2016","1","N","Schenectady County, New York","Private","NAICS 54135 Building inspection services","County, NAICS 5-digit -- by ownership sector","All establishment sizes",2,0,0,0,0,0,0,0,"N",0.90,0,0,0,0,0,0,0,"N",1,100.0,0,0,0,0,0,0,0,0,0,0,0,0,0,0
"36093","5","54135","77","0","2016","2","N","Schenectady County, New York","Private","NAICS 54135 Building inspection services","County, NAICS 5-digit -- by ownership sector","All establishment sizes",2,0,0,0,0,0,0,0,"N",0.88,0,0,0,0,0,0,0,"N",0,0.0,0,0,0,0,0,0,0,0,0,0,0,0,0,0
"36093","5","54135","77","0","2016","3","N","Schenectady County, New York","Private","NAICS 54135 Building inspection services","County, NAICS 5-digit -- by ownership sector","All establishment sizes",2,0,0,0,0,0,0,0,"N",0.87,0,0,0,0,0,0,0,"N",0,0.0,0,0,0,0,0,0,0,0,0,0,0,0,0,0
"36093","5","54135","77","0","2016","4","N","Schenectady County, New York","Private","NAICS 54135 Building inspection services","County, NAICS 5-digit -- by ownership sector","All establishment sizes",2,0,0,0,0,0,0,0,"N",0.86,0,0,0,0,0,0,0,"N",0,0.0,0,0,0,0,0,0,0,0,0,0,0,0,0,0
"36093","5","541350","78","0","2016","1","N","Schenectady County, New York","Private","NAICS 541350 Building inspection services","County, NAICS 6-digit -- by ownership sector","All establishment sizes",2,0,0,0,0,0,0,0,"N",0.90,0,0,0,0,0,0,0,"N",1,100.0,0,0,0,0,0,0,0,0,0,0,0,0,0,0
"36093","5","541350","78","0","2016","2","N","Schenectady County, New York","Private","NAICS 541350 Building inspection services","County, NAICS 6-digit -- by ownership sector","All establishment sizes",2,0,0,0,0,0,0,0,"N",0.88,0,0,0,0,0,0,0,"N",0,0.0,0,0,0,0,0,0,0,0,0,0,0,0,0,0
"36093","5","541350","78","0","2016","3","N","Schenectady County, New York","Private","NAICS 541350 Building inspection services","County, NAICS 6-digit -- by ownership sector","All establishment sizes",2,0,0,0,0,0,0,0,"N",0.87,0,0,0,0,0,0,0,"N",0,0.0,0,0,0,0,0,0,0,0,0,0,0,0,0,0
"36093","5","541350","78","0","2016","4","N","Schenectady County, New York","Private","NAICS 541350 Building inspection services","County, NAICS 6-digit -- by ownership sector","All establishment sizes",2,0,0,0,0,0,0,0,"N",0.86,0,0,0,0,0,0,0,"N",0,0.0,0,0,0,0,0,0,0,0,0,0,0,0,0,0
"36093","5","54137","77","0","2016","1","N","Schenectady County, New York","Private","NAICS 54137 Other surveying and mapping services","County, NAICS 5-digit -- by ownership sector","All establishment sizes",2,0,0,0,0,0,0,0,"N",0.72,0,0,0,0,0,0,0,"N",0,0.0,0,0,0,0,0,0,0,0,0,0,0,0,0,0
"36093","5","54137","77","0","2016","2","N","Schenectady County, New York","Private","NAICS 54137 Other surveying and mapping services","County, NAICS 5-digit -- by ownership sector","All establishment sizes",2,0,0,0,0,0,0,0,"N",0.72,0,0,0,0,0,0,0,"N",0,0.0,0,0,0,0,0,0,0,0,0,0,0,0,0,0
"36093","5","54137","77","0","2016","3","N","Schenectady County, New York","Private","NAICS 54137 Other surveying and mapping services","County, NAICS 5-digit -- by ownership sector","All establishment sizes",2,0,0,0,0,0,0,0,"N",0.72,0,0,0,0,0,0,0,"N",0,0.0,0,0,0,0,0,0,0,0,0,0,0,0,0,0
"36093","5","54137","77","0","2016","4","N","Schenectady County, New York","Private","NAICS 54137 Other surveying and mapping services","County, NAICS 5-digit -- by ownership sector","All establishment sizes",2,0,0,0,0,0,0,0,"N",0.71,0,0,0,0,0,0,0,"N",0,0.0,0,0,0,0,0,0,0,0,0,0,0,0,0,0
"36093","5","541370","78","0","2016","1","N","Schenectady County, New York","Private","NAICS 541370 Other surveying and mapping services","County, NAICS 6-digit -- by ownership sector","All establishment sizes",2,0,0,0,0,0,0,0,"N",0.72,0,0,0,0,0,0,0,"N",0,0.0,0,0,0,0,0,0,0,0,0,0,0,0,0,0
"36093","5","541370","78","0","2016","2","N","Schenectady County, New York","Private","NAICS 541370 Other surveying and mapping services","County, NAICS 6-digit -- by ownership sector","All establishment sizes",2,0,0,0,0,0,0,0,"N",0.72,0,0,0,0,0,0,0,"N",0,0.0,0,0,0,0,0,0,0,0,0,0,0,0,0,0
"36093","5","541370","78","0","2016","3","N","Schenectady County, New York","Private","NAICS 541370 Other surveying and mapping services","County, NAICS 6-digit -- by ownership sector","All establishment sizes",2,0,0,0,0,0,0,0,"N",0.72,0,0,0,0,0,0,0,"N",0,0.0,0,0,0,0,0,0,0,0,0,0,0,0,0,0
"36093","5","541370","78","0","2016","4","N","Schenectady County, New York","Private","NAICS 541370 Other surveying and mapping services","County, NAICS 6-digit -- by ownership sector","All establishment sizes",2,0,0,0,0,0,0,0,"N",0.71,0,0,0,0,0,0,0,"N",0,0.0,0,0,0,0,0,0,0,0,0,0,0,0,0,0
"36093","5","54138","77","0","2016","1","","Schenectady County, New York","Private","NAICS 54138 Testing laboratories","County, NAICS 5-digit -- by ownership sector","All establishment sizes",5,145,142,139,1751442,1344886,36150,949,"",1.49,1.98,1.93,1.90,1.34,2.27,1.49,0.69,"",-1,-16.7,0,0.0,-4,-2.7,-5,-3.5,-129611,-6.9,15700,1.2,-14910,-29.2,-49,-4.9
"36093","5","54138","77","0","2016","2","","Schenectady County, New York","Private","NAICS 54138 Testing laboratories","County, NAICS 5-digit -- by ownership sector","All establishment sizes",5,134,130,135,2017029,186715,5538,1167,"",1.47,1.81,1.76,1.79,1.36,1.67,1.28,0.76,"",-1,-16.7,-19,-12.4,-34,-20.7,-29,-17.7,-143667,-6.6,-112991,-37.7,-7040,-56.0,130,12.5
"36093","5","54138","77","0","2016","3","","Schenectady County, New York","Private","NAICS 54138 Testing laboratories","County, NAICS 5-digit -- by ownership sector","All establishment sizes",4,133,131,132,1975933,116831,3132,1151,"",1.17,1.84,1.82,1.81,1.43,1.92,1.31,0.78,"",-2,-33.3,-35,-20.8,-39,-22.9,-28,-17.5,20675,1.1,-84757,-42.0,-5494,-63.7,245,27.0
"36093","5","54138","77","0","2016","4","","Schenectady County, New York","Private","NAICS 54138 Testing laboratories","County, NAICS 5-digit -- by ownership sector","All establishment sizes",4,132,128,128,1658388,87249,2560,986,"",1.17,1.78,1.73,1.75,1.23,2.15,1.62,0.70,"",-2,-33.3,-27,-17.0,-22,-14.7,-25,-16.3,-549324,-24.9,-56286,-39.2,-3618,-58.6,-117,-10.6
"36093","5","541380","78","0","2016","1","","Schenectady County, New York","Private","NAICS 541380 Testing laboratories","County, NAICS 6-digit -- by ownership sector","All establishment sizes",5,145,142,139,1751442,1344886,36150,949,"",1.49,1.98,1.93,1.90,1.34,2.27,1.49,0.69,"",-1,-16.7,0,0.0,-4,-2.7,-5,-3.5,-129611,-6.9,15700,1.2,-14910,-29.2,-49,-4.9
"36093","5","541380","78","0","2016","2","","Schenectady County, New York","Private","NAICS 541380 Testing laboratories","County, NAICS 6-digit -- by ownership sector","All establishment sizes",5,134,130,135,2017029,186715,5538,1167,"",1.47,1.81,1.76,1.79,1.36,1.67,1.28,0.76,"",-1,-16.7,-19,-12.4,-34,-20.7,-29,-17.7,-143667,-6.6,-112991,-37.7,-7040,-56.0,130,12.5
"36093","5","541380","78","0","2016","3","","Schenectady County, New York","Private","NAICS 541380 Testing laboratories","County, NAICS 6-digit -- by ownership sector","All establishment sizes",4,133,131,132,1975933,116831,3132,1151,"",1.17,1.84,1.82,1.81,1.43,1.92,1.31,0.78,"",-2,-33.3,-35,-20.8,-39,-22.9,-28,-17.5,20675,1.1,-84757,-42.0,-5494,-63.7,245,27.0
"36093","5","541380","78","0","2016","4","","Schenectady County, New York","Private","NAICS 541380 Testing laboratories","County, NAICS 6-digit -- by ownership sector","All establishment sizes",4,132,128,128,1658388,87249,2560,986,"",1.17,1.78,1.73,1.75,1.23,2.15,1.62,0.70,"",-2,-33.3,-27,-17.0,-22,-14.7,-25,-16.3,-549324,-24.9,-56286,-39.2,-3618,-58.6,-117,-10.6
"36093","5","5414","76","0","2016","1","N","Schenectady County, New York","Private","NAICS 5414 Specialized design services","County, NAICS 4-digit -- by ownership sector","All establishment sizes",7,0,0,0,0,0,0,0,"N",0.57,0,0,0,0,0,0,0,"N",0,0.0,0,0,0,0,0,0,0,0,0,0,0,0,0,0
"36093","5","5414","76","0","2016","2","N","Schenectady County, New York","Private","NAICS 5414 Specialized design services","County, NAICS 4-digit -- by ownership sector","All establishment sizes",7,0,0,0,0,0,0,0,"N",0.56,0,0,0,0,0,0,0,"N",0,0.0,0,0,0,0,0,0,0,0,0,0,0,0,0,0
"36093","5","5414","76","0","2016","3","N","Schenectady County, New York","Private","NAICS 5414 Specialized design services","County, NAICS 4-digit -- by ownership sector","All establishment sizes",7,0,0,0,0,0,0,0,"N",0.56,0,0,0,0,0,0,0,"N",0,0.0,0,0,0,0,0,0,0,0,0,0,0,0,0,0
"36093","5","5414","76","0","2016","4","N","Schenectady County, New York","Private","NAICS 5414 Specialized design services","County, NAICS 4-digit -- by ownership sector","All establishment sizes",7,0,0,0,0,0,0,0,"N",0.55,0,0,0,0,0,0,0,"N",0,0.0,0,0,0,0,0,0,0,0,0,0,0,0,0,0
"36093","5","54143","77","0","2016","1","","Schenectady County, New York","Private","NAICS 54143 Graphic design services","County, NAICS 5-digit -- by ownership sector","All establishment sizes",6,30,29,29,358968,183574,4224,941,"",1.03,1.08,1.03,1.04,0.88,0.86,0.61,0.84,"",0,0.0,0,0.0,1,3.6,2,7.4,31201,9.5,7809,4.4,-1576,-27.2,51,5.7
"36093","5","54143","77","0","2016","2","N","Schenectady County, New York","Private","NAICS 54143 Graphic design services","County, NAICS 5-digit -- by ownership sector","All establishment sizes",6,0,0,0,0,0,0,0,"N",1.02,0,0,0,0,0,0,0,"N",0,0.0,0,0,0,0,0,0,0,0,0,0,0,0,0,0
"36093","5","54143","77","0","2016","3","N","Schenectady County, New York","Private","NAICS 54143 Graphic design services","County, NAICS 5-digit -- by ownership sector","All establishment sizes",6,0,0,0,0,0,0,0,"N",1.02,0,0,0,0,0,0,0,"N",0,0.0,0,0,0,0,0,0,0,0,0,0,0,0,0,0
"36093","5","54143","77","0","2016","4","","Schenectady County, New York","Private","NAICS 54143 Graphic design services","County, NAICS 5-digit -- by ownership sector","All establishment sizes",6,31,31,31,347971,34234,805,863,"",1.01,1.09,1.08,1.09,0.68,1.50,1.00,0.63,"",0,0.0,-2,-6.1,1,3.3,-1,-3.1,-98679,-22.1,-4933,-12.6,-573,-41.6,-222,-20.5
"36093","5","541430","78","0","2016","1","","Schenectady County, New York","Private","NAICS 541430 Graphic design services","County, NAICS 6-digit -- by ownership sector","All establishment sizes",6,30,29,29,358968,183574,4224,941,"",1.03,1.08,1.03,1.04,0.88,0.86,0.61,0.84,"",0,0.0,0,0.0,1,3.6,2,7.4,31201,9.5,7809,4.4,-1576,-27.2,51,5.7
"36093","5","541430","78","0","2016","2","N","Schenectady County, New York","Private","NAICS 541430 Graphic design services","County, NAICS 6-digit -- by ownership sector","All establishment sizes",6,0,0,0,0,0,0,0,"N",1.02,0,0,0,0,0,0,0,"N",0,0.0,0,0,0,0,0,0,0,0,0,0,0,0,0,0
"36093","5","541430","78","0","2016","3","N","Schenectady County, New York","Private","NAICS 541430 Graphic design services","County, NAICS 6-digit -- by ownership sector","All establishment sizes",6,0,0,0,0,0,0,0,"N",1.02,0,0,0,0,0,0,0,"N",0,0.0,0,0,0,0,0,0,0,0,0,0,0,0,0,0
"36093","5","541430","78","0","2016","4","","Schenectady County, New York","Private","NAICS 541430 Graphic design services","County, NAICS 6-digit -- by ownership sector","All establishment sizes",6,31,31,31,347971,34234,805,863,"",1.01,1.09,1.08,1.09,0.68,1.50,1.00,0.63,"",0,0.0,-2,-6.1,1,3.3,-1,-3.1,-98679,-22.1,-4933,-12.6,-573,-41.6,-222,-20.5
"36093","5","54149","77","0","2016","1","N","Schenectady County, New York","Private","NAICS 54149 Other specialized design services","County, NAICS 5-digit -- by ownership sector","All establishment sizes",1,0,0,0,0,0,0,0,"N",0.81,0,0,0,0,0,0,0,"N",0,0.0,0,0,0,0,0,0,0,0,0,0,0,0,0,0
"36093","5","54149","77","0","2016","2","N","Schenectady County, New York","Private","NAICS 54149 Other specialized design services","County, NAICS 5-digit -- by ownership sector","All establishment sizes",1,0,0,0,0,0,0,0,"N",0.79,0,0,0,0,0,0,0,"N",0,0.0,0,0,0,0,0,0,0,0,0,0,0,0,0,0
"36093","5","54149","77","0","2016","3","N","Schenectady County, New York","Private","NAICS 54149 Other specialized design services","County, NAICS 5-digit -- by ownership sector","All establishment sizes",1,0,0,0,0,0,0,0,"N",0.78,0,0,0,0,0,0,0,"N",0,0.0,0,0,0,0,0,0,0,0,0,0,0,0,0,0
"36093","5","54149","77","0","2016","4","N","Schenectady County, New York","Private","NAICS 54149 Other specialized design services","County, NAICS 5-digit -- by ownership sector","All establishment sizes",1,0,0,0,0,0,0,0,"N",0.77,0,0,0,0,0,0,0,"N",0,0.0,0,0,0,0,0,0,0,0,0,0,0,0,0,0
"36093","5","541490","78","0","2016","1","N","Schenectady County, New York","Private","NAICS 541490 Other specialized design services","County, NAICS 6-digit -- by ownership sector","All establishment sizes",1,0,0,0,0,0,0,0,"N",0.81,0,0,0,0,0,0,0,"N",0,0.0,0,0,0,0,0,0,0,0,0,0,0,0,0,0
"36093","5","541490","78","0","2016","2","N","Schenectady County, New York","Private","NAICS 541490 Other specialized design services","County, NAICS 6-digit -- by ownership sector","All establishment sizes",1,0,0,0,0,0,0,0,"N",0.79,0,0,0,0,0,0,0,"N",0,0.0,0,0,0,0,0,0,0,0,0,0,0,0,0,0
"36093","5","541490","78","0","2016","3","N","Schenectady County, New York","Private","NAICS 541490 Other specialized design services","County, NAICS 6-digit -- by ownership sector","All establishment sizes",1,0,0,0,0,0,0,0,"N",0.78,0,0,0,0,0,0,0,"N",0,0.0,0,0,0,0,0,0,0,0,0,0,0,0,0,0
"36093","5","541490","78","0","2016","4","N","Schenectady County, New York","Private","NAICS 541490 Other specialized design services","County, NAICS 6-digit -- by ownership sector","All establishment sizes",1,0,0,0,0,0,0,0,"N",0.77,0,0,0,0,0,0,0,"N",0,0.0,0,0,0,0,0,0,0,0,0,0,0,0,0,0
"36093","5","5415","76","0","2016","1","","Schenectady County, New York","Private","NAICS 5415 Computer systems design and related services","County, NAICS 4-digit -- by ownership sector","All establishment sizes",55,388,406,402,9017105,4156515,94359,1740,"",0.63,0.45,0.46,0.46,0.39,0.50,0.35,0.84,"",-1,-1.8,-5,-1.3,16,4.1,14,3.6,-216857,-2.3,-122568,-2.9,-32398,-25.6,-80,-4.4
"36093","5","5415","76","0","2016","2","","Schenectady County, New York","Private","NAICS 5415 Computer systems design and related services","County, NAICS 4-digit -- by ownership sector","All establishment sizes",55,409,409,412,9112285,396997,9161,1710,"",0.62,0.46,0.47,0.46,0.35,0.31,0.20,0.76,"",-3,-5.2,-14,-3.3,-11,-2.6,6,1.5,645886,7.6,154484,63.7,786,9.4,146,9.3
"36093","5","5415","76","0","2016","3","","Schenectady County, New York","Private","NAICS 5415 Computer systems design and related services","County, NAICS 4-digit -- by ownership sector","All establishment sizes",56,416,410,402,9616184,187855,3995,1807,"",0.62,0.48,0.47,0.47,0.39,0.24,0.13,0.83,"",-2,-3.4,0,0.0,2,0.5,-9,-2.2,1010134,11.7,19715,11.7,-909,-18.5,199,12.4
"36093","5","5415","76","0","2016","4","","Schenectady County, New York","Private","NAICS 5415 Computer systems design and related services","County, NAICS 4-digit -- by ownership sector","All establishment sizes",56,412,406,401,15062296,187093,4030,2851,"",0.61,0.46,0.45,0.46,0.62,0.30,0.17,1.36,"",-1,-1.8,21,5.4,15,3.8,13,3.4,595997,4.1,-11926,-6.0,-4774,-54.2,-2,-0.1
"36093","5","54151","77","0","2016","1","","Schenectady County, New York","Private","NAICS 54151 Computer systems design and related services","County, NAICS 5-digit -- by ownership sector","All establishment sizes",55,388,406,402,9017105,4156515,94359,1740,"",0.63,0.45,0.46,0.46,0.39,0.50,0.35,0.84,"",-1,-1.8,-5,-1.3,16,4.1,14,3.6,-216857,-2.3,-122568,-2.9,-32398,-25.6,-80,-4.4
"36093","5","54151","77","0","2016","2","","Schenectady County, New York","Private","NAICS 54151 Computer systems design and related services","County, NAICS 5-digit -- by ownership sector","All establishment sizes",55,409,409,412,9112285,396997,9161,1710,"",0.62,0.46,0.47,0.46,0.35,0.31,0.20,0.76,"",-3,-5.2,-14,-3.3,-11,-2.6,6,1.5,645886,7.6,154484,63.7,786,9.4,146,9.3
"36093","5","54151","77","0","2016","3","","Schenectady County, New York","Private","NAICS 54151 Computer systems design and related services","County, NAICS 5-digit -- by ownership sector","All establishment sizes",56,416,410,402,9616184,187855,3995,1807,"",0.62,0.48,0.47,0.47,0.39,0.24,0.13,0.83,"",-2,-3.4,0,0.0,2,0.5,-9,-2.2,1010134,11.7,19715,11.7,-909,-18.5,199,12.4
"36093","5","54151","77","0","2016","4","","Schenectady County, New York","Private","NAICS 54151 Computer systems design and related services","County, NAICS 5-digit -- by ownership sector","All establishment sizes",56,412,406,401,15062296,187093,4030,2851,"",0.61,0.46,0.45,0.46,0.62,0.30,0.17,1.36,"",-1,-1.8,21,5.4,15,3.8,13,3.4,595997,4.1,-11926,-6.0,-4774,-54.2,-2,-0.1
"36093","5","541511","78","0","2016","1","","Schenectady County, New York","Private","NAICS 541511 Custom computer programming services","County, NAICS 6-digit -- by ownership sector","All establishment sizes",24,135,140,144,3097072,1428903,28375,1706,"",0.62,0.36,0.37,0.38,0.29,0.39,0.25,0.79,"",-1,-4.0,-6,-4.3,2,1.4,6,4.3,105924,3.5,28735,2.1,-7926,-21.8,51,3.1
"36093","5","541511","78","0","2016","2","","Schenectady County, New York","Private","NAICS 541511 Custom computer programming services","County, NAICS 6-digit -- by ownership sector","All establishment sizes",24,146,146,145,3343888,159173,2854,1766,"",0.61,0.38,0.38,0.37,0.29,0.29,0.15,0.77,"",-2,-7.7,7,5.0,10,7.4,11,8.2,631745,23.3,86116,117.9,1059,59.0,236,15.4
"36093","5","541511","78","0","2016","3","","Schenectady County, New York","Private","NAICS 541511 Custom computer programming services","County, NAICS 6-digit -- by ownership sector","All establishment sizes",24,149,149,142,3794104,104754,2028,1990,"",0.60,0.40,0.40,0.38,0.35,0.32,0.17,0.90,"",-2,-7.7,11,8.0,14,10.4,5,3.6,642216,20.4,10538,11.2,-688,-25.3,216,12.2
"36093","5","541511","78","0","2016","4","","Schenectady County, New York","Private","NAICS 541511 Custom computer programming services","County, NAICS 6-digit -- by ownership sector","All establishment sizes",24,149,145,144,4415702,97578,1810,2327,"",0.59,0.39,0.37,0.38,0.41,0.37,0.19,1.07,"",-1,-4.0,14,10.4,12,9.0,12,9.1,967614,28.1,-4786,-4.7,-1622,-47.3,338,17.0
"36093","5","541512","78","0","2016","1","","Schenectady County, New York","Private","NAICS 541512 Computer systems design services","County, NAICS 6-digit -- by ownership sector","All establishment sizes",29,251,264,256,5892116,2710725,65477,1764,"",0.69,0.61,0.63,0.62,0.54,0.68,0.51,0.88,"",0,0.0,1,0.4,14,5.6,8,3.2,-318683,-5.1,-149193,-5.2,-24359,-27.1,-152,-7.9
"36093","5","541512","78","0","2016","2","","Schenectady County, New York","Private","NAICS 541512 Computer systems design services","County, NAICS 6-digit -- by ownership sector","All establishment sizes",29,260,260,264,5726727,227011,6065,1686,"",0.68,0.62,0.62,0.62,0.47,0.37,0.28,0.76,"",-1,-3.3,-22,-7.8,-22,-7.8,-6,-2.2,3323,0.1,57583,34.0,-514,-7.8,102,6.4
"36093","5","541512","78","0","2016","3","","Schenectady County, New York","Private","NAICS 541512 Computer systems design services","County, NAICS 6-digit -- by ownership sector","All establishment sizes",30,264,258,257,5788033,83028,1962,1715,"",0.70,0.64,0.62,0.62,0.50,0.22,0.13,0.79,"",0,0.0,-12,-4.3,-13,-4.8,-15,-5.5,365913,6.7,9186,12.4,-222,-10.2,187,12.2
"36093","5","541512","78","0","2016","4","","Schenectady County, New York","Private","NAICS 541512 Computer systems design services","County, NAICS 6-digit -- by ownership sector","All establishment sizes",30,260,258,254,10609884,89456,2216,3172,"",0.69,0.61,0.60,0.61,0.94,0.29,0.18,1.55,"",0,0.0,6,2.4,2,0.8,0,0.0,-375411,-3.4,-7090,-7.3,-3151,-58.7,-146,-4.4
"36093","5","541513","78","0","2016","1","N","Schenectady County, New York","Private","NAICS 541513 Computer facilities management services","County, NAICS 6-digit -- by ownership sector","All establishment sizes",1,0,0,0,0,0,0,0,"N",0.75,0,0,0,0,0,0,0,"N",0,0.0,0,0,0,0,0,0,0,0,0,0,0,0,0,0
"36093","5","541513","78","0","2016","2","N","Schenectady County, New York","Private","NAICS 541513 Computer facilities management services","County, NAICS 6-digit -- by ownership sector","All establishment sizes",1,0,0,0,0,0,0,0,"N",0.75,0,0,0,0,0,0,0,"N",0,0.0,0,0,0,0,0,0,0,0,0,0,0,0,0,0
"36093","5","541513","78","0","2016","3","N","Schenectady County, New York","Private","NAICS 541513 Computer facilities management services","County, NAICS 6-digit -- by ownership sector","All establishment sizes",1,0,0,0,0,0,0,0,"N",0.74,0,0,0,0,0,0,0,"N",0,0.0,0,0,0,0,0,0,0,0,0,0,0,0,0,0
"36093","5","541513","78","0","2016","4","N","Schenectady County, New York","Private","NAICS 541513 Computer facilities management services","County, NAICS 6-digit -- by ownership sector","All establishment sizes",1,0,0,0,0,0,0,0,"N",0.73,0,0,0,0,0,0,0,"N",0,0.0,0,0,0,0,0,0,0,0,0,0,0,0,0,0
"36093","5","541519","78","0","2016","1","N","Schenectady County, New York","Private","NAICS 541519 Other computer related services","County, NAICS 6-digit -- by ownership sector","All establishment sizes",1,0,0,0,0,0,0,0,"N",0.18,0,0,0,0,0,0,0,"N",0,0.0,0,0,0,0,0,0,0,0,0,0,0,0,0,0
"36093","5","541519","78","0","2016","2","N","Schenectady County, New York","Private","NAICS 541519 Other computer related services","County, NAICS 6-digit -- by ownership sector","All establishment sizes",1,0,0,0,0,0,0,0,"N",0.17,0,0,0,0,0,0,0,"N",0,0.0,0,0,0,0,0,0,0,0,0,0,0,0,0,0
"36093","5","541519","78","0","2016","3","N","Schenectady County, New York","Private","NAICS 541519 Other computer related services","County, NAICS 6-digit -- by ownership sector","All establishment sizes",1,0,0,0,0,0,0,0,"N",0.17,0,0,0,0,0,0,0,"N",0,0.0,0,0,0,0,0,0,0,0,0,0,0,0,0,0
"36093","5","541519","78","0","2016","4","N","Schenectady County, New York","Private","NAICS 541519 Other computer related services","County, NAICS 6-digit -- by ownership sector","All establishment sizes",1,0,0,0,0,0,0,0,"N",0.17,0,0,0,0,0,0,0,"N",0,0.0,0,0,0,0,0,0,0,0,0,0,0,0,0,0
"36093","5","5416","76","0","2016","1","","Schenectady County, New York","Private","NAICS 5416 Management and technical consulting services","County, NAICS 4-digit -- by ownership sector","All establishment sizes",42,313,333,367,6178926,3274139,210072,1408,"",0.49,0.53,0.56,0.62,0.46,0.66,1.33,0.81,"",0,0.0,36,13.0,60,22.0,-2,-0.5,1339637,27.7,510887,18.5,108185,106.2,193,15.9
"36093","5","5416","76","0","2016","2","","Schenectady County, New York","Private","NAICS 5416 Management and technical consulting services","County, NAICS 4-digit -- by ownership sector","All establishment sizes",41,403,319,316,6958907,555801,35706,1547,"",0.47,0.67,0.53,0.52,0.49,0.59,1.04,0.85,"",-1,-2.4,74,22.5,22,7.4,-15,-4.5,1763440,33.9,-220681,-28.4,8699,32.2,294,23.5
"36093","5","5416","76","0","2016","3","","Schenectady County, New York","Private","NAICS 5416 Management and technical consulting services","County, NAICS 4-digit -- by ownership sector","All establishment sizes",39,283,277,285,5517472,176832,5787,1507,"",0.44,0.48,0.47,0.48,0.40,0.30,0.26,0.85,"",-4,-9.3,-44,-13.5,-34,-10.9,-12,-4.0,198481,3.7,-476246,-72.9,-14977,-72.1,194,14.8
"36093","5","5416","76","0","2016","4","","Schenectady County, New York","Private","NAICS 5416 Management and technical consulting services","County, NAICS 4-digit -- by ownership sector","All establishment sizes",42,289,310,286,5735427,251717,7871,1496,"",0.47,0.47,0.50,0.47,0.37,0.49,0.41,0.78,"",-1,-2.3,-101,-25.9,-39,-11.2,-50,-14.9,-1020361,-15.1,-362169,-59.0,-14698,-65.1,46,3.2
"36093","5","54161","77","0","2016","1","","Schenectady County, New York","Private","NAICS 54161 Management consulting services","County, NAICS 5-digit -- by ownership sector","All establishment sizes",28,139,151,151,1976703,1191621,29209,1034,"",0.43,0.30,0.32,0.32,0.18,0.30,0.24,0.58,"",1,3.7,3,2.2,16,11.9,13,9.4,463552,30.6,181886,18.0,116,0.4,180,21.1
"36093","5","54161","77","0","2016","2","","Schenectady County, New York","Private","NAICS 54161 Management consulting services","County, NAICS 5-digit -- by ownership sector","All establishment sizes",28,147,131,130,1841073,194456,5007,1041,"",0.42,0.31,0.28,0.27,0.16,0.26,0.19,0.56,"",1,3.7,10,7.3,-17,-11.5,-40,-23.5,169499,10.1,-178928,-47.9,-5564,-52.6,193,22.8
"36093","5","54161","77","0","2016","3","","Schenectady County, New York","Private","NAICS 54161 Management consulting services","County, NAICS 5-digit -- by ownership sector","All establishment sizes",27,118,121,137,1974035,126570,2813,1212,"",0.40,0.25,0.26,0.29,0.18,0.27,0.16,0.67,"",-1,-3.6,-46,-28.0,-23,-16.0,2,1.5,-159888,-7.5,-304951,-70.7,-7958,-73.9,100,9.0
"36093","5","54161","77","0","2016","4","","Schenectady County, New York","Private","NAICS 54161 Management consulting services","County, NAICS 5-digit -- by ownership sector","All establishment sizes",29,137,145,129,2097820,177170,4326,1178,"",0.42,0.28,0.29,0.26,0.17,0.43,0.28,0.60,"",1,3.6,-18,-11.6,-13,-8.2,-33,-20.4,-139164,-6.2,-54807,-23.6,-2539,-37.0,91,8.4
"36093","5","541611","78","0","2016","1","","Schenectady County, New York","Private","NAICS 541611 Administrative management consulting services","County, NAICS 6-digit -- by ownership sector","All establishment sizes",19,70,83,81,917910,506550,14586,905,"",0.56,0.29,0.34,0.33,0.14,0.23,0.23,0.45,"",0,0.0,-13,-15.7,-1,-1.2,-1,-1.2,259819,39.5,13468,2.7,-2914,-16.7,295,48.4
"36093","5","541611","78","0","2016","2","","Schenectady County, New York","Private","NAICS 541611 Administrative management consulting services","County, NAICS 6-digit -- by ownership sector","All establishment sizes",19,78,63,62,742361,97671,3083,844,"",0.55,0.31,0.25,0.25,0.11,0.27,0.25,0.41,"",0,0.0,-1,-1.3,-22,-25.9,-19,-23.5,20993,2.9,-62241,-38.9,-2619,-45.9,165,24.3
"36093","5","541611","78","0","2016","3","","Schenectady County, New York","Private","NAICS 541611 Administrative management consulting services","County, NAICS 6-digit -- by ownership sector","All establishment sizes",17,54,52,67,789983,52629,1369,1054,"",0.49,0.22,0.21,0.27,0.12,0.22,0.17,0.52,"",-2,-10.5,-16,-22.9,-20,-27.8,2,3.1,-3836,-0.5,-49567,-48.5,-2165,-61.3,169,19.1
"36093","5","541611","78","0","2016","4","","Schenectady County, New York","Private","NAICS 541611 Administrative management consulting services","County, NAICS 6-digit -- by ownership sector","All establishment sizes",18,67,70,54,854338,46820,1506,1032,"",0.51,0.26,0.27,0.21,0.11,0.22,0.20,0.45,"",-1,-5.3,-19,-22.1,-19,-21.3,-36,-40.0,-97930,-10.3,-61966,-57.0,-2553,-62.9,203,24.5
"36093","5","541613","78","0","2016","1","N","Schenectady County, New York","Private","NAICS 541613 Marketing consulting services","County, NAICS 6-digit -- by ownership sector","All establishment sizes",3,0,0,0,0,0,0,0,"N",0.20,0,0,0,0,0,0,0,"N",1,50.0,0,0,0,0,0,0,0,0,0,0,0,0,0,0
"36093","5","541613","78","0","2016","2","N","Schenectady County, New York","Private","NAICS 541613 Marketing consulting services","County, NAICS 6-digit -- by ownership sector","All establishment sizes",3,0,0,0,0,0,0,0,"N",0.19,0,0,0,0,0,0,0,"N",1,50.0,0,0,0,0,0,0,0,0,0,0,0,0,0,0
"36093","5","541613","78","0","2016","3","N","Schenectady County, New York","Private","NAICS 541613 Marketing consulting services","County, NAICS 6-digit -- by ownership sector","All establishment sizes",4,0,0,0,0,0,0,0,"N",0.25,0,0,0,0,0,0,0,"N",1,33.3,0,0,0,0,0,0,0,0,0,0,0,0,0,0
"36093","5","541613","78","0","2016","4","N","Schenectady County, New York","Private","NAICS 541613 Marketing consulting services","County, NAICS 6-digit -- by ownership sector","All establishment sizes",5,0,0,0,0,0,0,0,"N",0.31,0,0,0,0,0,0,0,"N",2,66.7,0,0,0,0,0,0,0,0,0,0,0,0,0,0
"36093","5","541614","78","0","2016","1","N","Schenectady County, New York","Private","NAICS 541614 Process and logistics consulting services","County, NAICS 6-digit -- by ownership sector","All establishment sizes",3,0,0,0,0,0,0,0,"N",0.60,0,0,0,0,0,0,0,"N",0,0.0,0,0,0,0,0,0,0,0,0,0,0,0,0,0
"36093","5","541614","78","0","2016","2","N","Schenectady County, New York","Private","NAICS 541614 Process and logistics consulting services","County, NAICS 6-digit -- by ownership sector","All establishment sizes",3,0,0,0,0,0,0,0,"N",0.60,0,0,0,0,0,0,0,"N",0,0.0,0,0,0,0,0,0,0,0,0,0,0,0,0,0
"36093","5","541614","78","0","2016","3","N","Schenectady County, New York","Private","NAICS 541614 Process and logistics consulting services","County, NAICS 6-digit -- by ownership sector","All establishment sizes",3,0,0,0,0,0,0,0,"N",0.59,0,0,0,0,0,0,0,"N",0,0.0,0,0,0,0,0,0,0,0,0,0,0,0,0,0
"36093","5","541614","78","0","2016","4","N","Schenectady County, New York","Private","NAICS 541614 Process and logistics consulting services","County, NAICS 6-digit -- by ownership sector","All establishment sizes",3,0,0,0,0,0,0,0,"N",0.59,0,0,0,0,0,0,0,"N",0,0.0,0,0,0,0,0,0,0,0,0,0,0,0,0,0
"36093","5","541618","78","0","2016","1","","Schenectady County, New York","Private","NAICS 541618 Other management consulting services","County, NAICS 6-digit -- by ownership sector","All establishment sizes",3,15,15,15,183185,125439,2132,939,"",0.38,0.37,0.36,0.36,0.20,0.37,0.19,0.56,"",0,0.0,1,7.1,2,15.4,1,7.1,21703,13.4,15368,14.0,-730,-25.5,30,3.3
"36093","5","541618","78","0","2016","2","","Schenectady County, New York","Private","NAICS 541618 Other management consulting services","County, NAICS 6-digit -- by ownership sector","All establishment sizes",3,15,14,13,226455,28281,481,1244,"",0.37,0.35,0.33,0.30,0.23,0.47,0.20,0.69,"",0,0.0,0,0.0,-2,-12.5,-3,-18.8,415,0.2,-17062,-37.6,-608,-55.8,134,12.1
"36093","5","541618","78","0","2016","3","","Schenectady County, New York","Private","NAICS 541618 Other management consulting services","County, NAICS 6-digit -- by ownership sector","All establishment sizes",3,12,13,14,218666,8128,138,1294,"",0.37,0.29,0.31,0.34,0.24,0.21,0.09,0.75,"",0,0.0,-5,-29.4,-4,-23.5,-2,-12.5,16941,8.4,-9571,-54.1,-333,-70.7,363,39.0
"36093","5","541618","78","0","2016","4","","Schenectady County, New York","Private","NAICS 541618 Other management consulting services","County, NAICS 6-digit -- by ownership sector","All establishment sizes",3,14,14,14,162888,21146,359,895,"",0.36,0.32,0.32,0.32,0.15,0.61,0.26,0.47,"",0,0.0,-1,-6.7,-1,-6.7,-1,-6.7,-52624,-24.4,15890,302.3,217,152.8,-210,-19.0
"36093","5","54162","77","0","2016","1","N","Schenectady County, New York","Private","NAICS 54162 Environmental consulting services","County, NAICS 5-digit -- by ownership sector","All establishment sizes",5,0,0,0,0,0,0,0,"N",1.21,0,0,0,0,0,0,0,"N",-1,-16.7,0,0,0,0,0,0,0,0,0,0,0,0,0,0
"36093","5","54162","77","0","2016","2","N","Schenectady County, New York","Private","NAICS 54162 Environmental consulting services","County, NAICS 5-digit -- by ownership sector","All establishment sizes",5,0,0,0,0,0,0,0,"N",1.19,0,0,0,0,0,0,0,"N",-1,-16.7,0,0,0,0,0,0,0,0,0,0,0,0,0,0
"36093","5","54162","77","0","2016","3","N","Schenectady County, New York","Private","NAICS 54162 Environmental consulting services","County, NAICS 5-digit -- by ownership sector","All establishment sizes",5,0,0,0,0,0,0,0,"N",1.19,0,0,0,0,0,0,0,"N",-1,-16.7,0,0,0,0,0,0,0,0,0,0,0,0,0,0
"36093","5","54162","77","0","2016","4","N","Schenectady County, New York","Private","NAICS 54162 Environmental consulting services","County, NAICS 5-digit -- by ownership sector","All establishment sizes",5,0,0,0,0,0,0,0,"N",1.19,0,0,0,0,0,0,0,"N",-1,-16.7,0,0,0,0,0,0,0,0,0,0,0,0,0,0
"36093","5","541620","78","0","2016","1","N","Schenectady County, New York","Private","NAICS 541620 Environmental consulting services","County, NAICS 6-digit -- by ownership sector","All establishment sizes",5,0,0,0,0,0,0,0,"N",1.21,0,0,0,0,0,0,0,"N",-1,-16.7,0,0,0,0,0,0,0,0,0,0,0,0,0,0
"36093","5","541620","78","0","2016","2","N","Schenectady County, New York","Private","NAICS 541620 Environmental consulting services","County, NAICS 6-digit -- by ownership sector","All establishment sizes",5,0,0,0,0,0,0,0,"N",1.19,0,0,0,0,0,0,0,"N",-1,-16.7,0,0,0,0,0,0,0,0,0,0,0,0,0,0
"36093","5","541620","78","0","2016","3","N","Schenectady County, New York","Private","NAICS 541620 Environmental consulting services","County, NAICS 6-digit -- by ownership sector","All establishment sizes",5,0,0,0,0,0,0,0,"N",1.19,0,0,0,0,0,0,0,"N",-1,-16.7,0,0,0,0,0,0,0,0,0,0,0,0,0,0
"36093","5","541620","78","0","2016","4","N","Schenectady County, New York","Private","NAICS 541620 Environmental consulting services","County, NAICS 6-digit -- by ownership sector","All establishment sizes",5,0,0,0,0,0,0,0,"N",1.19,0,0,0,0,0,0,0,"N",-1,-16.7,0,0,0,0,0,0,0,0,0,0,0,0,0,0
"36093","5","54169","77","0","2016","1","N","Schenectady County, New York","Private","NAICS 54169 Other technical consulting services","County, NAICS 5-digit -- by ownership sector","All establishment sizes",9,0,0,0,0,0,0,0,"N",0.55,0,0,0,0,0,0,0,"N",0,0.0,0,0,0,0,0,0,0,0,0,0,0,0,0,0
"36093","5","54169","77","0","2016","2","N","Schenectady County, New York","Private","NAICS 54169 Other technical consulting services","County, NAICS 5-digit -- by ownership sector","All establishment sizes",8,0,0,0,0,0,0,0,"N",0.49,0,0,0,0,0,0,0,"N",-1,-11.1,0,0,0,0,0,0,0,0,0,0,0,0,0,0
"36093","5","54169","77","0","2016","3","N","Schenectady County, New York","Private","NAICS 54169 Other technical consulting services","County, NAICS 5-digit -- by ownership sector","All establishment sizes",7,0,0,0,0,0,0,0,"N",0.42,0,0,0,0,0,0,0,"N",-2,-22.2,0,0,0,0,0,0,0,0,0,0,0,0,0,0
"36093","5","54169","77","0","2016","4","N","Schenectady County, New York","Private","NAICS 54169 Other technical consulting services","County, NAICS 5-digit -- by ownership sector","All establishment sizes",8,0,0,0,0,0,0,0,"N",0.48,0,0,0,0,0,0,0,"N",-1,-11.1,0,0,0,0,0,0,0,0,0,0,0,0,0,0
"36093","5","541690","78","0","2016","1","N","Schenectady County, New York","Private","NAICS 541690 Other technical consulting services","County, NAICS 6-digit -- by ownership sector","All establishment sizes",9,0,0,0,0,0,0,0,"N",0.55,0,0,0,0,0,0,0,"N",0,0.0,0,0,0,0,0,0,0,0,0,0,0,0,0,0
"36093","5","541690","78","0","2016","2","N","Schenectady County, New York","Private","NAICS 541690 Other technical consulting services","County, NAICS 6-digit -- by ownership sector","All establishment sizes",8,0,0,0,0,0,0,0,"N",0.49,0,0,0,0,0,0,0,"N",-1,-11.1,0,0,0,0,0,0,0,0,0,0,0,0,0,0
"36093","5","541690","78","0","2016","3","N","Schenectady County, New York","Private","NAICS 541690 Other technical consulting services","County, NAICS 6-digit -- by ownership sector","All establishment sizes",7,0,0,0,0,0,0,0,"N",0.42,0,0,0,0,0,0,0,"N",-2,-22.2,0,0,0,0,0,0,0,0,0,0,0,0,0,0
"36093","5","541690","78","0","2016","4","N","Schenectady County, New York","Private","NAICS 541690 Other technical consulting services","County, NAICS 6-digit -- by ownership sector","All establishment sizes",8,0,0,0,0,0,0,0,"N",0.48,0,0,0,0,0,0,0,"N",-1,-11.1,0,0,0,0,0,0,0,0,0,0,0,0,0,0
"36093","5","5417","76","0","2016","1","N","Schenectady County, New York","Private","NAICS 5417 Scientific research and development services","County, NAICS 4-digit -- by ownership sector","All establishment sizes",9,0,0,0,0,0,0,0,"N",0.91,0,0,0,0,0,0,0,"N",0,0.0,0,0,0,0,0,0,0,0,0,0,0,0,0,0
"36093","5","5417","76","0","2016","2","N","Schenectady County, New York","Private","NAICS 5417 Scientific research and development services","County, NAICS 4-digit -- by ownership sector","All establishment sizes",9,0,0,0,0,0,0,0,"N",0.89,0,0,0,0,0,0,0,"N",0,0.0,0,0,0,0,0,0,0,0,0,0,0,0,0,0
"36093","5","5417","76","0","2016","3","N","Schenectady County, New York","Private","NAICS 5417 Scientific research and development services","County, NAICS 4-digit -- by ownership sector","All establishment sizes",9,0,0,0,0,0,0,0,"N",0.88,0,0,0,0,0,0,0,"N",0,0.0,0,0,0,0,0,0,0,0,0,0,0,0,0,0
"36093","5","5417","76","0","2016","4","N","Schenectady County, New York","Private","NAICS 5417 Scientific research and development services","County, NAICS 4-digit -- by ownership sector","All establishment sizes",9,0,0,0,0,0,0,0,"N",0.88,0,0,0,0,0,0,0,"N",0,0.0,0,0,0,0,0,0,0,0,0,0,0,0,0,0
"36093","5","54171","77","0","2016","1","N","Schenectady County, New York","Private","NAICS 54171 Research and development in the physical, engineering, and life sciences","County, NAICS 5-digit -- by ownership sector","All establishment sizes",8,0,0,0,0,0,0,0,"N",0.95,0,0,0,0,0,0,0,"N",0,0.0,0,0,0,0,0,0,0,0,0,0,0,0,0,0
"36093","5","54171","77","0","2016","2","N","Schenectady County, New York","Private","NAICS 54171 Research and development in the physical, engineering, and life sciences","County, NAICS 5-digit -- by ownership sector","All establishment sizes",8,0,0,0,0,0,0,0,"N",0.93,0,0,0,0,0,0,0,"N",0,0.0,0,0,0,0,0,0,0,0,0,0,0,0,0,0
"36093","5","54171","77","0","2016","3","N","Schenectady County, New York","Private","NAICS 54171 Research and development in the physical, engineering, and life sciences","County, NAICS 5-digit -- by ownership sector","All establishment sizes",8,0,0,0,0,0,0,0,"N",0.92,0,0,0,0,0,0,0,"N",0,0.0,0,0,0,0,0,0,0,0,0,0,0,0,0,0
"36093","5","54171","77","0","2016","4","N","Schenectady County, New York","Private","NAICS 54171 Research and development in the physical, engineering, and life sciences","County, NAICS 5-digit -- by ownership sector","All establishment sizes",8,0,0,0,0,0,0,0,"N",0.92,0,0,0,0,0,0,0,"N",0,0.0,0,0,0,0,0,0,0,0,0,0,0,0,0,0
"36093","5","541711","78","0","2016","1","N","Schenectady County, New York","Private","NAICS12 541711 Research and development in biotechnology","County, NAICS 6-digit -- by ownership sector","All establishment sizes",2,0,0,0,0,0,0,0,"N",0.71,0,0,0,0,0,0,0,"N",0,0.0,0,0,0,0,0,0,0,0,0,0,0,0,0,0
"36093","5","541711","78","0","2016","2","N","Schenectady County, New York","Private","NAICS12 541711 Research and development in biotechnology","County, NAICS 6-digit -- by ownership sector","All establishment sizes",2,0,0,0,0,0,0,0,"N",0.69,0,0,0,0,0,0,0,"N",0,0.0,0,0,0,0,0,0,0,0,0,0,0,0,0,0
"36093","5","541711","78","0","2016","3","N","Schenectady County, New York","Private","NAICS12 541711 Research and development in biotechnology","County, NAICS 6-digit -- by ownership sector","All establishment sizes",2,0,0,0,0,0,0,0,"N",0.67,0,0,0,0,0,0,0,"N",0,0.0,0,0,0,0,0,0,0,0,0,0,0,0,0,0
"36093","5","541711","78","0","2016","4","N","Schenectady County, New York","Private","NAICS12 541711 Research and development in biotechnology","County, NAICS 6-digit -- by ownership sector","All establishment sizes",2,0,0,0,0,0,0,0,"N",0.67,0,0,0,0,0,0,0,"N",0,0.0,0,0,0,0,0,0,0,0,0,0,0,0,0,0
"36093","5","541712","78","0","2016","1","N","Schenectady County, New York","Private","NAICS12 541712 Other physical and biological research","County, NAICS 6-digit -- by ownership sector","All establishment sizes",6,0,0,0,0,0,0,0,"N",1.07,0,0,0,0,0,0,0,"N",0,0.0,0,0,0,0,0,0,0,0,0,0,0,0,0,0
"36093","5","541712","78","0","2016","2","N","Schenectady County, New York","Private","NAICS12 541712 Other physical and biological research","County, NAICS 6-digit -- by ownership sector","All establishment sizes",6,0,0,0,0,0,0,0,"N",1.06,0,0,0,0,0,0,0,"N",0,0.0,0,0,0,0,0,0,0,0,0,0,0,0,0,0
"36093","5","541712","78","0","2016","3","N","Schenectady County, New York","Private","NAICS12 541712 Other physical and biological research","County, NAICS 6-digit -- by ownership sector","All establishment sizes",6,0,0,0,0,0,0,0,"N",1.04,0,0,0,0,0,0,0,"N",0,0.0,0,0,0,0,0,0,0,0,0,0,0,0,0,0
"36093","5","541712","78","0","2016","4","N","Schenectady County, New York","Private","NAICS12 541712 Other physical and biological research","County, NAICS 6-digit -- by ownership sector","All establishment sizes",6,0,0,0,0,0,0,0,"N",1.05,0,0,0,0,0,0,0,"N",0,0.0,0,0,0,0,0,0,0,0,0,0,0,0,0,0
"36093","5","54172","77","0","2016","1","N","Schenectady County, New York","Private","NAICS 54172 Social science and humanities research","County, NAICS 5-digit -- by ownership sector","All establishment sizes",1,0,0,0,0,0,0,0,"N",0.68,0,0,0,0,0,0,0,"N",0,0.0,0,0,0,0,0,0,0,0,0,0,0,0,0,0
"36093","5","54172","77","0","2016","2","N","Schenectady County, New York","Private","NAICS 54172 Social science and humanities research","County, NAICS 5-digit -- by ownership sector","All establishment sizes",1,0,0,0,0,0,0,0,"N",0.68,0,0,0,0,0,0,0,"N",0,0.0,0,0,0,0,0,0,0,0,0,0,0,0,0,0
"36093","5","54172","77","0","2016","3","N","Schenectady County, New York","Private","NAICS 54172 Social science and humanities research","County, NAICS 5-digit -- by ownership sector","All establishment sizes",1,0,0,0,0,0,0,0,"N",0.67,0,0,0,0,0,0,0,"N",0,0.0,0,0,0,0,0,0,0,0,0,0,0,0,0,0
"36093","5","54172","77","0","2016","4","N","Schenectady County, New York","Private","NAICS 54172 Social science and humanities research","County, NAICS 5-digit -- by ownership sector","All establishment sizes",1,0,0,0,0,0,0,0,"N",0.67,0,0,0,0,0,0,0,"N",0,0.0,0,0,0,0,0,0,0,0,0,0,0,0,0,0
"36093","5","541720","78","0","2016","1","N","Schenectady County, New York","Private","NAICS 541720 Social science and humanities research","County, NAICS 6-digit -- by ownership sector","All establishment sizes",1,0,0,0,0,0,0,0,"N",0.68,0,0,0,0,0,0,0,"N",0,0.0,0,0,0,0,0,0,0,0,0,0,0,0,0,0
"36093","5","541720","78","0","2016","2","N","Schenectady County, New York","Private","NAICS 541720 Social science and humanities research","County, NAICS 6-digit -- by ownership sector","All establishment sizes",1,0,0,0,0,0,0,0,"N",0.68,0,0,0,0,0,0,0,"N",0,0.0,0,0,0,0,0,0,0,0,0,0,0,0,0,0
"36093","5","541720","78","0","2016","3","N","Schenectady County, New York","Private","NAICS 541720 Social science and humanities research","County, NAICS 6-digit -- by ownership sector","All establishment sizes",1,0,0,0,0,0,0,0,"N",0.67,0,0,0,0,0,0,0,"N",0,0.0,0,0,0,0,0,0,0,0,0,0,0,0,0,0
"36093","5","541720","78","0","2016","4","N","Schenectady County, New York","Private","NAICS 541720 Social science and humanities research","County, NAICS 6-digit -- by ownership sector","All establishment sizes",1,0,0,0,0,0,0,0,"N",0.67,0,0,0,0,0,0,0,"N",0,0.0,0,0,0,0,0,0,0,0,0,0,0,0,0,0
"36093","5","5418","76","0","2016","1","","Schenectady County, New York","Private","NAICS 5418 Advertising, pr, and related services","County, NAICS 4-digit -- by ownership sector","All establishment sizes",6,69,69,70,923718,683719,15843,1025,"",0.34,0.32,0.32,0.33,0.22,0.41,0.27,0.67,"",1,20.0,-3,-4.2,-2,-2.8,-3,-4.1,-69419,-7.0,-25649,-3.6,-7950,-33.4,-36,-3.4
"36093","5","5418","76","0","2016","2","","Schenectady County, New York","Private","NAICS 5418 Advertising, pr, and related services","County, NAICS 4-digit -- by ownership sector","All establishment sizes",8,75,72,72,1829289,107795,2636,1928,"",0.45,0.35,0.33,0.33,0.40,0.32,0.21,1.19,"",3,60.0,1,1.4,0,0.0,0,0.0,457153,33.3,13618,14.5,-1137,-30.1,475,32.7
"36093","5","5418","76","0","2016","3","","Schenectady County, New York","Private","NAICS 5418 Advertising, pr, and related services","County, NAICS 4-digit -- by ownership sector","All establishment sizes",8,71,70,70,974538,42772,1217,1066,"",0.45,0.33,0.33,0.33,0.23,0.21,0.15,0.70,"",3,60.0,0,0.0,-1,-1.4,2,2.9,-106293,-9.8,-20030,-31.9,-1076,-46.9,-122,-10.3
"36093","5","5418","76","0","2016","4","","Schenectady County, New York","Private","NAICS 5418 Advertising, pr, and related services","County, NAICS 4-digit -- by ownership sector","All establishment sizes",8,70,70,69,1049728,42169,1047,1159,"",0.45,0.32,0.32,0.32,0.24,0.27,0.17,0.74,"",3,60.0,0,0.0,1,1.4,1,1.5,-170128,-13.9,-13866,-24.7,-822,-44.0,-201,-14.8
"36093","5","54181","77","0","2016","1","N","Schenectady County, New York","Private","NAICS 54181 Advertising agencies","County, NAICS 5-digit -- by ownership sector","All establishment sizes",2,0,0,0,0,0,0,0,"N",0.30,0,0,0,0,0,0,0,"N",0,0.0,0,0,0,0,0,0,0,0,0,0,0,0,0,0
"36093","5","54181","77","0","2016","2","N","Schenectady County, New York","Private","NAICS 54181 Advertising agencies","County, NAICS 5-digit -- by ownership sector","All establishment sizes",4,0,0,0,0,0,0,0,"N",0.58,0,0,0,0,0,0,0,"N",2,100.0,0,0,0,0,0,0,0,0,0,0,0,0,0,0
"36093","5","54181","77","0","2016","3","","Schenectady County, New York","Private","NAICS 54181 Advertising agencies","County, NAICS 5-digit -- by ownership sector","All establishment sizes",4,64,62,63,934639,23865,813,1141,"",0.58,0.73,0.71,0.72,0.44,0.29,0.24,0.61,"N",2,100.0,0,0,0,0,0,0,0,0,0,0,0,0,0,0
"36093","5","54181","77","0","2016","4","","Schenectady County, New York","Private","NAICS 54181 Advertising agencies","County, NAICS 5-digit -- by ownership sector","All establishment sizes",4,63,62,61,1014154,35725,812,1258,"",0.58,0.71,0.69,0.69,0.46,0.58,0.32,0.66,"N",2,100.0,0,0,0,0,0,0,0,0,0,0,0,0,0,0
"36093","5","541810","78","0","2016","1","N","Schenectady County, New York","Private","NAICS 541810 Advertising agencies","County, NAICS 6-digit -- by ownership sector","All establishment sizes",2,0,0,0,0,0,0,0,"N",0.30,0,0,0,0,0,0,0,"N",0,0.0,0,0,0,0,0,0,0,0,0,0,0,0,0,0
"36093","5","541810","78","0","2016","2","N","Schenectady County, New York","Private","NAICS 541810 Advertising agencies","County, NAICS 6-digit -- by ownership sector","All establishment sizes",4,0,0,0,0,0,0,0,"N",0.58,0,0,0,0,0,0,0,"N",2,100.0,0,0,0,0,0,0,0,0,0,0,0,0,0,0
"36093","5","541810","78","0","2016","3","","Schenectady County, New York","Private","NAICS 541810 Advertising agencies","County, NAICS 6-digit -- by ownership sector","All establishment sizes",4,64,62,63,934639,23865,813,1141,"",0.58,0.73,0.71,0.72,0.44,0.29,0.24,0.61,"N",2,100.0,0,0,0,0,0,0,0,0,0,0,0,0,0,0
"36093","5","541810","78","0","2016","4","","Schenectady County, New York","Private","NAICS 541810 Advertising agencies","County, NAICS 6-digit -- by ownership sector","All establishment sizes",4,63,62,61,1014154,35725,812,1258,"",0.58,0.71,0.69,0.69,0.46,0.58,0.32,0.66,"N",2,100.0,0,0,0,0,0,0,0,0,0,0,0,0,0,0
"36093","5","54182","77","0","2016","1","N","Schenectady County, New York","Private","NAICS 54182 Public relations agencies","County, NAICS 5-digit -- by ownership sector","All establishment sizes",1,0,0,0,0,0,0,0,"N",0.28,0,0,0,0,0,0,0,"N",0,0.0,0,0,0,0,0,0,0,0,0,0,0,0,0,0
"36093","5","54182","77","0","2016","2","N","Schenectady County, New York","Private","NAICS 54182 Public relations agencies","County, NAICS 5-digit -- by ownership sector","All establishment sizes",1,0,0,0,0,0,0,0,"N",0.28,0,0,0,0,0,0,0,"N",0,0.0,0,0,0,0,0,0,0,0,0,0,0,0,0,0
"36093","5","54182","77","0","2016","3","N","Schenectady County, New York","Private","NAICS 54182 Public relations agencies","County, NAICS 5-digit -- by ownership sector","All establishment sizes",1,0,0,0,0,0,0,0,"N",0.28,0,0,0,0,0,0,0,"N",0,0.0,0,0,0,0,0,0,0,0,0,0,0,0,0,0
"36093","5","54182","77","0","2016","4","N","Schenectady County, New York","Private","NAICS 54182 Public relations agencies","County, NAICS 5-digit -- by ownership sector","All establishment sizes",1,0,0,0,0,0,0,0,"N",0.27,0,0,0,0,0,0,0,"N",0,0.0,0,0,0,0,0,0,0,0,0,0,0,0,0,0
"36093","5","541820","78","0","2016","1","N","Schenectady County, New York","Private","NAICS 541820 Public relations agencies","County, NAICS 6-digit -- by ownership sector","All establishment sizes",1,0,0,0,0,0,0,0,"N",0.28,0,0,0,0,0,0,0,"N",0,0.0,0,0,0,0,0,0,0,0,0,0,0,0,0,0
"36093","5","541820","78","0","2016","2","N","Schenectady County, New York","Private","NAICS 541820 Public relations agencies","County, NAICS 6-digit -- by ownership sector","All establishment sizes",1,0,0,0,0,0,0,0,"N",0.28,0,0,0,0,0,0,0,"N",0,0.0,0,0,0,0,0,0,0,0,0,0,0,0,0,0
"36093","5","541820","78","0","2016","3","N","Schenectady County, New York","Private","NAICS 541820 Public relations agencies","County, NAICS 6-digit -- by ownership sector","All establishment sizes",1,0,0,0,0,0,0,0,"N",0.28,0,0,0,0,0,0,0,"N",0,0.0,0,0,0,0,0,0,0,0,0,0,0,0,0,0
"36093","5","541820","78","0","2016","4","N","Schenectady County, New York","Private","NAICS 541820 Public relations agencies","County, NAICS 6-digit -- by ownership sector","All establishment sizes",1,0,0,0,0,0,0,0,"N",0.27,0,0,0,0,0,0,0,"N",0,0.0,0,0,0,0,0,0,0,0,0,0,0,0,0,0
"36093","5","54184","77","0","2016","1","N","Schenectady County, New York","Private","NAICS 54184 Media representatives","County, NAICS 5-digit -- by ownership sector","All establishment sizes",1,0,0,0,0,0,0,0,"N",0.79,0,0,0,0,0,0,0,"N",1,100.0,0,0,0,0,0,0,0,0,0,0,0,0,0,0
"36093","5","54184","77","0","2016","2","N","Schenectady County, New York","Private","NAICS 54184 Media representatives","County, NAICS 5-digit -- by ownership sector","All establishment sizes",1,0,0,0,0,0,0,0,"N",0.79,0,0,0,0,0,0,0,"N",1,100.0,0,0,0,0,0,0,0,0,0,0,0,0,0,0
"36093","5","54184","77","0","2016","3","N","Schenectady County, New York","Private","NAICS 54184 Media representatives","County, NAICS 5-digit -- by ownership sector","All establishment sizes",1,0,0,0,0,0,0,0,"N",0.79,0,0,0,0,0,0,0,"N",1,100.0,0,0,0,0,0,0,0,0,0,0,0,0,0,0
"36093","5","54184","77","0","2016","4","N","Schenectady County, New York","Private","NAICS 54184 Media representatives","County, NAICS 5-digit -- by ownership sector","All establishment sizes",1,0,0,0,0,0,0,0,"N",0.79,0,0,0,0,0,0,0,"N",1,100.0,0,0,0,0,0,0,0,0,0,0,0,0,0,0
"36093","5","541840","78","0","2016","1","N","Schenectady County, New York","Private","NAICS 541840 Media representatives","County, NAICS 6-digit -- by ownership sector","All establishment sizes",1,0,0,0,0,0,0,0,"N",0.79,0,0,0,0,0,0,0,"N",1,100.0,0,0,0,0,0,0,0,0,0,0,0,0,0,0
"36093","5","541840","78","0","2016","2","N","Schenectady County, New York","Private","NAICS 541840 Media representatives","County, NAICS 6-digit -- by ownership sector","All establishment sizes",1,0,0,0,0,0,0,0,"N",0.79,0,0,0,0,0,0,0,"N",1,100.0,0,0,0,0,0,0,0,0,0,0,0,0,0,0
"36093","5","541840","78","0","2016","3","N","Schenectady County, New York","Private","NAICS 541840 Media representatives","County, NAICS 6-digit -- by ownership sector","All establishment sizes",1,0,0,0,0,0,0,0,"N",0.79,0,0,0,0,0,0,0,"N",1,100.0,0,0,0,0,0,0,0,0,0,0,0,0,0,0
"36093","5","541840","78","0","2016","4","N","Schenectady County, New York","Private","NAICS 541840 Media representatives","County, NAICS 6-digit -- by ownership sector","All establishment sizes",1,0,0,0,0,0,0,0,"N",0.79,0,0,0,0,0,0,0,"N",1,100.0,0,0,0,0,0,0,0,0,0,0,0,0,0,0
"36093","5","54186","77","0","2016","1","N","Schenectady County, New York","Private","NAICS 54186 Direct mail advertising","County, NAICS 5-digit -- by ownership sector","All establishment sizes",1,0,0,0,0,0,0,0,"N",1.05,0,0,0,0,0,0,0,"N",0,0.0,0,0,0,0,0,0,0,0,0,0,0,0,0,0
"36093","5","54186","77","0","2016","2","N","Schenectady County, New York","Private","NAICS 54186 Direct mail advertising","County, NAICS 5-digit -- by ownership sector","All establishment sizes",1,0,0,0,0,0,0,0,"N",1.05,0,0,0,0,0,0,0,"N",0,0.0,0,0,0,0,0,0,0,0,0,0,0,0,0,0
"36093","5","54186","77","0","2016","3","N","Schenectady County, New York","Private","NAICS 54186 Direct mail advertising","County, NAICS 5-digit -- by ownership sector","All establishment sizes",1,0,0,0,0,0,0,0,"N",1.06,0,0,0,0,0,0,0,"N",0,0.0,0,0,0,0,0,0,0,0,0,0,0,0,0,0
"36093","5","54186","77","0","2016","4","N","Schenectady County, New York","Private","NAICS 54186 Direct mail advertising","County, NAICS 5-digit -- by ownership sector","All establishment sizes",1,0,0,0,0,0,0,0,"N",1.06,0,0,0,0,0,0,0,"N",0,0.0,0,0,0,0,0,0,0,0,0,0,0,0,0,0
"36093","5","541860","78","0","2016","1","N","Schenectady County, New York","Private","NAICS 541860 Direct mail advertising","County, NAICS 6-digit -- by ownership sector","All establishment sizes",1,0,0,0,0,0,0,0,"N",1.05,0,0,0,0,0,0,0,"N",0,0.0,0,0,0,0,0,0,0,0,0,0,0,0,0,0
"36093","5","541860","78","0","2016","2","N","Schenectady County, New York","Private","NAICS 541860 Direct mail advertising","County, NAICS 6-digit -- by ownership sector","All establishment sizes",1,0,0,0,0,0,0,0,"N",1.05,0,0,0,0,0,0,0,"N",0,0.0,0,0,0,0,0,0,0,0,0,0,0,0,0,0
"36093","5","541860","78","0","2016","3","N","Schenectady County, New York","Private","NAICS 541860 Direct mail advertising","County, NAICS 6-digit -- by ownership sector","All establishment sizes",1,0,0,0,0,0,0,0,"N",1.06,0,0,0,0,0,0,0,"N",0,0.0,0,0,0,0,0,0,0,0,0,0,0,0,0,0
"36093","5","541860","78","0","2016","4","N","Schenectady County, New York","Private","NAICS 541860 Direct mail advertising","County, NAICS 6-digit -- by ownership sector","All establishment sizes",1,0,0,0,0,0,0,0,"N",1.06,0,0,0,0,0,0,0,"N",0,0.0,0,0,0,0,0,0,0,0,0,0,0,0,0,0
"36093","5","54189","77","0","2016","1","N","Schenectady County, New York","Private","NAICS 54189 Other services related to advertising","County, NAICS 5-digit -- by ownership sector","All establishment sizes",1,0,0,0,0,0,0,0,"N",0.34,0,0,0,0,0,0,0,"N",0,0.0,0,0,0,0,0,0,0,0,0,0,0,0,0,0
"36093","5","54189","77","0","2016","2","N","Schenectady County, New York","Private","NAICS 54189 Other services related to advertising","County, NAICS 5-digit -- by ownership sector","All establishment sizes",1,0,0,0,0,0,0,0,"N",0.33,0,0,0,0,0,0,0,"N",0,0.0,0,0,0,0,0,0,0,0,0,0,0,0,0,0
"36093","5","54189","77","0","2016","3","N","Schenectady County, New York","Private","NAICS 54189 Other services related to advertising","County, NAICS 5-digit -- by ownership sector","All establishment sizes",1,0,0,0,0,0,0,0,"N",0.33,0,0,0,0,0,0,0,"N",0,0.0,0,0,0,0,0,0,0,0,0,0,0,0,0,0
"36093","5","54189","77","0","2016","4","N","Schenectady County, New York","Private","NAICS 54189 Other services related to advertising","County, NAICS 5-digit -- by ownership sector","All establishment sizes",1,0,0,0,0,0,0,0,"N",0.33,0,0,0,0,0,0,0,"N",0,0.0,0,0,0,0,0,0,0,0,0,0,0,0,0,0
"36093","5","541890","78","0","2016","1","N","Schenectady County, New York","Private","NAICS 541890 Other services related to advertising","County, NAICS 6-digit -- by ownership sector","All establishment sizes",1,0,0,0,0,0,0,0,"N",0.34,0,0,0,0,0,0,0,"N",0,0.0,0,0,0,0,0,0,0,0,0,0,0,0,0,0
"36093","5","541890","78","0","2016","2","N","Schenectady County, New York","Private","NAICS 541890 Other services related to advertising","County, NAICS 6-digit -- by ownership sector","All establishment sizes",1,0,0,0,0,0,0,0,"N",0.33,0,0,0,0,0,0,0,"N",0,0.0,0,0,0,0,0,0,0,0,0,0,0,0,0,0
"36093","5","541890","78","0","2016","3","N","Schenectady County, New York","Private","NAICS 541890 Other services related to advertising","County, NAICS 6-digit -- by ownership sector","All establishment sizes",1,0,0,0,0,0,0,0,"N",0.33,0,0,0,0,0,0,0,"N",0,0.0,0,0,0,0,0,0,0,0,0,0,0,0,0,0
"36093","5","541890","78","0","2016","4","N","Schenectady County, New York","Private","NAICS 541890 Other services related to advertising","County, NAICS 6-digit -- by ownership sector","All establishment sizes",1,0,0,0,0,0,0,0,"N",0.33,0,0,0,0,0,0,0,"N",0,0.0,0,0,0,0,0,0,0,0,0,0,0,0,0,0
"36093","5","5419","76","0","2016","1","","Schenectady County, New York","Private","NAICS 5419 Other professional and technical services","County, NAICS 4-digit -- by ownership sector","All establishment sizes",27,163,165,164,1424192,1079584,30066,668,"",0.88,0.56,0.56,0.55,0.40,0.59,0.60,0.72,"",0,0.0,10,6.5,4,2.5,5,3.1,60645,4.4,47197,4.6,-1987,-6.2,3,0.5
"36093","5","5419","76","0","2016","2","","Schenectady County, New York","Private","NAICS 5419 Other professional and technical services","County, NAICS 4-digit -- by ownership sector","All establishment sizes",27,174,166,191,1521014,471661,12403,661,"",0.86,0.58,0.55,0.62,0.37,0.86,0.75,0.64,"",0,0.0,10,6.1,-1,-0.6,22,13.0,89510,6.3,37478,8.6,-1023,-7.6,0,0.0
"36093","5","5419","76","0","2016","3","","Schenectady County, New York","Private","NAICS 5419 Other professional and technical services","County, NAICS 4-digit -- by ownership sector","All establishment sizes",27,192,195,199,1646453,261472,7276,648,"",0.85,0.65,0.65,0.66,0.42,0.75,0.69,0.64,"",2,8.0,34,21.5,40,25.8,44,28.4,198198,13.7,80450,44.4,1767,32.1,-66,-9.2
"36093","5","5419","76","0","2016","4","","Schenectady County, New York","Private","NAICS 5419 Other professional and technical services","County, NAICS 4-digit -- by ownership sector","All establishment sizes",27,209,217,204,1736487,237720,6958,636,"",0.84,0.67,0.69,0.66,0.43,0.86,0.81,0.64,"",1,3.8,39,22.9,52,31.5,36,21.4,71183,4.3,10861,4.8,-471,-6.3,-128,-16.8
"36093","5","54191","77","0","2016","1","N","Schenectady County, New York","Private","NAICS 54191 Marketing research and public opinion polling","County, NAICS 5-digit -- by ownership sector","All establishment sizes",3,0,0,0,0,0,0,0,"N",1.03,0,0,0,0,0,0,0,"N",1,50.0,0,0,0,0,0,0,0,0,0,0,0,0,0,0
"36093","5","54191","77","0","2016","2","N","Schenectady County, New York","Private","NAICS 54191 Marketing research and public opinion polling","County, NAICS 5-digit -- by ownership sector","All establishment sizes",3,0,0,0,0,0,0,0,"N",1.02,0,0,0,0,0,0,0,"N",1,50.0,0,0,0,0,0,0,0,0,0,0,0,0,0,0
"36093","5","54191","77","0","2016","3","N","Schenectady County, New York","Private","NAICS 54191 Marketing research and public opinion polling","County, NAICS 5-digit -- by ownership sector","All establishment sizes",3,0,0,0,0,0,0,0,"N",1.02,0,0,0,0,0,0,0,"N",0,0.0,0,0,0,0,0,0,0,0,0,0,0,0,0,0
"36093","5","54191","77","0","2016","4","N","Schenectady County, New York","Private","NAICS 54191 Marketing research and public opinion polling","County, NAICS 5-digit -- by ownership sector","All establishment sizes",3,0,0,0,0,0,0,0,"N",1.02,0,0,0,0,0,0,0,"N",0,0.0,0,0,0,0,0,0,0,0,0,0,0,0,0,0
"36093","5","541910","78","0","2016","1","N","Schenectady County, New York","Private","NAICS 541910 Marketing research and public opinion polling","County, NAICS 6-digit -- by ownership sector","All establishment sizes",3,0,0,0,0,0,0,0,"N",1.03,0,0,0,0,0,0,0,"N",1,50.0,0,0,0,0,0,0,0,0,0,0,0,0,0,0
"36093","5","541910","78","0","2016","2","N","Schenectady County, New York","Private","NAICS 541910 Marketing research and public opinion polling","County, NAICS 6-digit -- by ownership sector","All establishment sizes",3,0,0,0,0,0,0,0,"N",1.02,0,0,0,0,0,0,0,"N",1,50.0,0,0,0,0,0,0,0,0,0,0,0,0,0,0
"36093","5","541910","78","0","2016","3","N","Schenectady County, New York","Private","NAICS 541910 Marketing research and public opinion polling","County, NAICS 6-digit -- by ownership sector","All establishment sizes",3,0,0,0,0,0,0,0,"N",1.02,0,0,0,0,0,0,0,"N",0,0.0,0,0,0,0,0,0,0,0,0,0,0,0,0,0
"36093","5","541910","78","0","2016","4","N","Schenectady County, New York","Private","NAICS 541910 Marketing research and public opinion polling","County, NAICS 6-digit -- by ownership sector","All establishment sizes",3,0,0,0,0,0,0,0,"N",1.02,0,0,0,0,0,0,0,"N",0,0.0,0,0,0,0,0,0,0,0,0,0,0,0,0,0
"36093","5","54192","77","0","2016","1","N","Schenectady County, New York","Private","NAICS 54192 Photographic services","County, NAICS 5-digit -- by ownership sector","All establishment sizes",4,0,0,0,0,0,0,0,"N",0.84,0,0,0,0,0,0,0,"N",-1,-20.0,0,0,0,0,0,0,0,0,0,0,0,0,0,0
"36093","5","54192","77","0","2016","2","","Schenectady County, New York","Private","NAICS 54192 Photographic services","County, NAICS 5-digit -- by ownership sector","All establishment sizes",4,8,5,8,46923,31192,698,516,"",0.83,0.34,0.21,0.34,0.25,0.74,0.33,0.83,"N",-1,-20.0,0,0,0,0,0,0,0,0,0,0,0,0,0,0
"36093","5","54192","77","0","2016","3","","Schenectady County, New York","Private","NAICS 54192 Photographic services","County, NAICS 5-digit -- by ownership sector","All establishment sizes",4,6,7,8,47645,7131,134,524,"",0.82,0.28,0.30,0.32,0.25,0.24,0.09,0.84,"N",0,0.0,0,0,0,0,0,0,0,0,0,0,0,0,0,0
"36093","5","54192","77","0","2016","4","N","Schenectady County, New York","Private","NAICS 54192 Photographic services","County, NAICS 5-digit -- by ownership sector","All establishment sizes",4,0,0,0,0,0,0,0,"N",0.82,0,0,0,0,0,0,0,"N",0,0.0,0,0,0,0,0,0,0,0,0,0,0,0,0,0
"36093","5","541921","78","0","2016","1","N","Schenectady County, New York","Private","NAICS 541921 Photography studios, portrait","County, NAICS 6-digit -- by ownership sector","All establishment sizes",4,0,0,0,0,0,0,0,"N",1.12,0,0,0,0,0,0,0,"N",0,0.0,0,0,0,0,0,0,0,0,0,0,0,0,0,0
"36093","5","541921","78","0","2016","2","","Schenectady County, New York","Private","NAICS 541921 Photography studios, portrait","County, NAICS 6-digit -- by ownership sector","All establishment sizes",4,8,5,8,46923,31192,698,516,"",1.11,0.41,0.26,0.42,0.35,0.91,0.37,0.98,"",0,0.0,3,60.0,-3,-37.5,0,0.0,5100,12.2,3381,12.2,-44,-5.9,56,12.2
"36093","5","541921","78","0","2016","3","","Schenectady County, New York","Private","NAICS 541921 Photography studios, portrait","County, NAICS 6-digit -- by ownership sector","All establishment sizes",4,6,7,8,47645,7131,134,524,"",1.10,0.35,0.37,0.39,0.36,0.29,0.10,0.98,"N",0,0.0,0,0,0,0,0,0,0,0,0,0,0,0,0,0
"36093","5","541921","78","0","2016","4","N","Schenectady County, New York","Private","NAICS 541921 Photography studios, portrait","County, NAICS 6-digit -- by ownership sector","All establishment sizes",4,0,0,0,0,0,0,0,"N",1.09,0,0,0,0,0,0,0,"N",0,0.0,0,0,0,0,0,0,0,0,0,0,0,0,0,0
"36093","5","54193","77","0","2016","1","N","Schenectady County, New York","Private","NAICS 54193 Translation and interpretation services","County, NAICS 5-digit -- by ownership sector","All establishment sizes",1,0,0,0,0,0,0,0,"N",0.83,0,0,0,0,0,0,0,"N",1,100.0,0,0,0,0,0,0,0,0,0,0,0,0,0,0
"36093","5","54193","77","0","2016","2","N","Schenectady County, New York","Private","NAICS 54193 Translation and interpretation services","County, NAICS 5-digit -- by ownership sector","All establishment sizes",1,0,0,0,0,0,0,0,"N",0.82,0,0,0,0,0,0,0,"N",1,100.0,0,0,0,0,0,0,0,0,0,0,0,0,0,0
"36093","5","54193","77","0","2016","3","N","Schenectady County, New York","Private","NAICS 54193 Translation and interpretation services","County, NAICS 5-digit -- by ownership sector","All establishment sizes",1,0,0,0,0,0,0,0,"N",0.81,0,0,0,0,0,0,0,"N",1,100.0,0,0,0,0,0,0,0,0,0,0,0,0,0,0
"36093","5","54193","77","0","2016","4","N","Schenectady County, New York","Private","NAICS 54193 Translation and interpretation services","County, NAICS 5-digit -- by ownership sector","All establishment sizes",1,0,0,0,0,0,0,0,"N",0.81,0,0,0,0,0,0,0,"N",1,100.0,0,0,0,0,0,0,0,0,0,0,0,0,0,0
"36093","5","541930","78","0","2016","1","N","Schenectady County, New York","Private","NAICS 541930 Translation and interpretation services","County, NAICS 6-digit -- by ownership sector","All establishment sizes",1,0,0,0,0,0,0,0,"N",0.83,0,0,0,0,0,0,0,"N",1,100.0,0,0,0,0,0,0,0,0,0,0,0,0,0,0
"36093","5","541930","78","0","2016","2","N","Schenectady County, New York","Private","NAICS 541930 Translation and interpretation services","County, NAICS 6-digit -- by ownership sector","All establishment sizes",1,0,0,0,0,0,0,0,"N",0.82,0,0,0,0,0,0,0,"N",1,100.0,0,0,0,0,0,0,0,0,0,0,0,0,0,0
"36093","5","541930","78","0","2016","3","N","Schenectady County, New York","Private","NAICS 541930 Translation and interpretation services","County, NAICS 6-digit -- by ownership sector","All establishment sizes",1,0,0,0,0,0,0,0,"N",0.81,0,0,0,0,0,0,0,"N",1,100.0,0,0,0,0,0,0,0,0,0,0,0,0,0,0
"36093","5","541930","78","0","2016","4","N","Schenectady County, New York","Private","NAICS 541930 Translation and interpretation services","County, NAICS 6-digit -- by ownership sector","All establishment sizes",1,0,0,0,0,0,0,0,"N",0.81,0,0,0,0,0,0,0,"N",1,100.0,0,0,0,0,0,0,0,0,0,0,0,0,0,0
"36093","5","54194","77","0","2016","1","","Schenectady County, New York","Private","NAICS 54194 Veterinary services","County, NAICS 5-digit -- by ownership sector","All establishment sizes",13,134,134,133,1072136,822681,23574,617,"",1.21,0.86,0.86,0.85,0.81,0.97,1.54,0.95,"",0,0.0,11,8.9,5,3.9,2,1.5,63390,6.3,45569,5.9,-705,-2.9,9,1.5
"36093","5","54194","77","0","2016","2","","Schenectady County, New York","Private","NAICS 54194 Veterinary services","County, NAICS 5-digit -- by ownership sector","All establishment sizes",13,138,133,141,1079452,387548,9871,605,"",1.20,0.87,0.84,0.86,0.66,1.29,1.58,0.77,"",0,0.0,4,3.0,2,1.5,5,3.7,56488,5.5,33216,9.4,-970,-8.9,16,2.7
"36093","5","54194","77","0","2016","3","","Schenectady County, New York","Private","NAICS 54194 Veterinary services","County, NAICS 5-digit -- by ownership sector","All establishment sizes",13,141,143,140,1185105,202062,5000,645,"",1.19,0.89,0.90,0.88,0.74,1.07,1.30,0.83,"",1,8.3,13,10.2,16,12.6,13,10.2,91674,8.4,57980,40.2,706,16.4,-16,-2.4
"36093","5","54194","77","0","2016","4","","Schenectady County, New York","Private","NAICS 54194 Veterinary services","County, NAICS 5-digit -- by ownership sector","All establishment sizes",13,144,146,146,1202020,145790,3582,636,"",1.19,0.89,0.90,0.91,0.77,1.06,1.27,0.86,"",0,0.0,3,2.1,10,7.4,11,8.1,53710,4.7,-42740,-22.7,-2672,-42.7,-7,-1.1
"36093","5","541940","78","0","2016","1","","Schenectady County, New York","Private","NAICS 541940 Veterinary services","County, NAICS 6-digit -- by ownership sector","All establishment sizes",13,134,134,133,1072136,822681,23574,617,"",1.21,0.86,0.86,0.85,0.81,0.97,1.54,0.95,"",0,0.0,11,8.9,5,3.9,2,1.5,63390,6.3,45569,5.9,-705,-2.9,9,1.5
"36093","5","541940","78","0","2016","2","","Schenectady County, New York","Private","NAICS 541940 Veterinary services","County, NAICS 6-digit -- by ownership sector","All establishment sizes",13,138,133,141,1079452,387548,9871,605,"",1.20,0.87,0.84,0.86,0.66,1.29,1.58,0.77,"",0,0.0,4,3.0,2,1.5,5,3.7,56488,5.5,33216,9.4,-970,-8.9,16,2.7
"36093","5","541940","78","0","2016","3","","Schenectady County, New York","Private","NAICS 541940 Veterinary services","County, NAICS 6-digit -- by ownership sector","All establishment sizes",13,141,143,140,1185105,202062,5000,645,"",1.19,0.89,0.90,0.88,0.74,1.07,1.30,0.83,"",1,8.3,13,10.2,16,12.6,13,10.2,91674,8.4,57980,40.2,706,16.4,-16,-2.4
"36093","5","541940","78","0","2016","4","","Schenectady County, New York","Private","NAICS 541940 Veterinary services","County, NAICS 6-digit -- by ownership sector","All establishment sizes",13,144,146,146,1202020,145790,3582,636,"",1.19,0.89,0.90,0.91,0.77,1.06,1.27,0.86,"",0,0.0,3,2.1,10,7.4,11,8.1,53710,4.7,-42740,-22.7,-2672,-42.7,-7,-1.1
"36093","5","54199","77","0","2016","1","","Schenectady County, New York","Private","NAICS 54199 All other professional and technical services","County, NAICS 5-digit -- by ownership sector","All establishment sizes",6,20,20,20,290781,195628,5017,1118,"",0.54,0.34,0.34,0.34,0.27,0.40,0.31,0.79,"",-1,-14.3,-2,-9.1,-4,-16.7,-1,-4.8,-13711,-4.5,-9338,-4.6,-1663,-24.9,69,6.6
"36093","5","54199","77","0","2016","2","","Schenectady County, New York","Private","NAICS 54199 All other professional and technical services","County, NAICS 5-digit -- by ownership sector","All establishment sizes",6,21,21,21,349554,22688,554,1280,"",0.52,0.34,0.35,0.34,0.29,0.19,0.12,0.85,"",-1,-14.3,-2,-8.7,-5,-19.2,-3,-12.5,-4641,-1.3,-25553,-53.0,-1209,-68.6,160,14.3
"36093","5","54199","77","0","2016","3","","Schenectady County, New York","Private","NAICS 54199 All other professional and technical services","County, NAICS 5-digit -- by ownership sector","All establishment sizes",6,22,20,20,352125,8827,230,1311,"",0.51,0.37,0.33,0.33,0.30,0.12,0.08,0.88,"",0,0.0,1,4.8,-1,-4.8,0,0.0,57691,19.6,-10649,-54.7,-393,-63.1,215,19.6
"36093","5","54199","77","0","2016","4","","Schenectady County, New York","Private","NAICS 54199 All other professional and technical services","County, NAICS 5-digit -- by ownership sector","All establishment sizes",6,21,21,20,379882,10148,183,1414,"",0.49,0.33,0.33,0.32,0.31,0.16,0.07,0.95,"",0,0.0,0,0.0,0,0.0,-1,-4.8,-22222,-5.5,636,6.7,-121,-39.8,-59,-4.0
"36093","5","541990","78","0","2016","1","","Schenectady County, New York","Private","NAICS 541990 All other professional and technical services","County, NAICS 6-digit -- by ownership sector","All establishment sizes",6,20,20,20,290781,195628,5017,1118,"",0.54,0.34,0.34,0.34,0.27,0.40,0.31,0.79,"",-1,-14.3,-2,-9.1,-4,-16.7,-1,-4.8,-13711,-4.5,-9338,-4.6,-1663,-24.9,69,6.6
"36093","5","541990","78","0","2016","2","","Schenectady County, New York","Private","NAICS 541990 All other professional and technical services","County, NAICS 6-digit -- by ownership sector","All establishment sizes",6,21,21,21,349554,22688,554,1280,"",0.52,0.34,0.35,0.34,0.29,0.19,0.12,0.85,"",-1,-14.3,-2,-8.7,-5,-19.2,-3,-12.5,-4641,-1.3,-25553,-53.0,-1209,-68.6,160,14.3
"36093","5","541990","78","0","2016","3","","Schenectady County, New York","Private","NAICS 541990 All other professional and technical services","County, NAICS 6-digit -- by ownership sector","All establishment sizes",6,22,20,20,352125,8827,230,1311,"",0.51,0.37,0.33,0.33,0.30,0.12,0.08,0.88,"",0,0.0,1,4.8,-1,-4.8,0,0.0,57691,19.6,-10649,-54.7,-393,-63.1,215,19.6
"36093","5","541990","78","0","2016","4","","Schenectady County, New York","Private","NAICS 541990 All other professional and technical services","County, NAICS 6-digit -- by ownership sector","All establishment sizes",6,21,21,20,379882,10148,183,1414,"",0.49,0.33,0.33,0.32,0.31,0.16,0.07,0.95,"",0,0.0,0,0.0,0,0.0,-1,-4.8,-22222,-5.5,636,6.7,-121,-39.8,-59,-4.0
"36093","5","55","74","0","2016","1","","Schenectady County, New York","Private","NAICS 55 Management of companies and enterprises","County, NAICS Sector -- by ownership sector","All establishment sizes",29,1375,1383,1400,26022812,14797865,377216,1444,"",1.31,1.39,1.40,1.41,0.78,1.40,1.26,0.56,"",5,20.8,34,2.5,42,3.1,57,4.2,-342351,-1.3,-194908,-1.3,-115145,-23.4,-68,-4.5
"36093","5","55","74","0","2016","2","","Schenectady County, New York","Private","NAICS 55 Management of companies and enterprises","County, NAICS Sector -- by ownership sector","All establishment sizes",29,1355,1352,1351,26786628,3804755,141819,1523,"",1.29,1.37,1.37,1.33,0.90,1.87,2.30,0.66,"",4,16.0,25,1.9,11,0.8,-8,-0.6,-4667765,-14.8,-25104,-0.7,-17733,-11.1,-278,-15.4
"36093","5","55","74","0","2016","3","","Schenectady County, New York","Private","NAICS 55 Management of companies and enterprises","County, NAICS Sector -- by ownership sector","All establishment sizes",30,1341,1323,1368,26117156,1720549,51686,1495,"",1.33,1.38,1.36,1.40,0.97,1.53,1.50,0.70,"",4,15.4,-4,-0.3,-23,-1.7,-18,-1.3,2300608,9.7,-33871,-1.9,-13723,-21.0,147,10.9
"36093","5","55","74","0","2016","4","","Schenectady County, New York","Private","NAICS 55 Management of companies and enterprises","County, NAICS Sector -- by ownership sector","All establishment sizes",30,1354,1369,1347,26155249,1336187,35422,1483,"",1.33,1.36,1.37,1.36,0.98,1.65,1.43,0.72,"",2,7.1,-4,-0.3,0,0.0,-22,-1.6,-1424226,-5.2,-4739,-0.4,-12749,-26.5,-71,-4.6
"36093","5","551","75","0","2016","1","","Schenectady County, New York","Private","NAICS 551 Management of companies and enterprises","County, NAICS 3-digit -- by ownership sector","All establishment sizes",29,1375,1383,1400,26022812,14797865,377216,1444,"",1.31,1.39,1.40,1.41,0.78,1.40,1.26,0.56,"",5,20.8,34,2.5,42,3.1,57,4.2,-342351,-1.3,-194908,-1.3,-115145,-23.4,-68,-4.5
"36093","5","551","75","0","2016","2","","Schenectady County, New York","Private","NAICS 551 Management of companies and enterprises","County, NAICS 3-digit -- by ownership sector","All establishment sizes",29,1355,1352,1351,26786628,3804755,141819,1523,"",1.29,1.37,1.37,1.33,0.90,1.87,2.30,0.66,"",4,16.0,25,1.9,11,0.8,-8,-0.6,-4667765,-14.8,-25104,-0.7,-17733,-11.1,-278,-15.4
"36093","5","551","75","0","2016","3","","Schenectady County, New York","Private","NAICS 551 Management of companies and enterprises","County, NAICS 3-digit -- by ownership sector","All establishment sizes",30,1341,1323,1368,26117156,1720549,51686,1495,"",1.33,1.38,1.36,1.40,0.97,1.53,1.50,0.70,"",4,15.4,-4,-0.3,-23,-1.7,-18,-1.3,2300608,9.7,-33871,-1.9,-13723,-21.0,147,10.9
"36093","5","551","75","0","2016","4","","Schenectady County, New York","Private","NAICS 551 Management of companies and enterprises","County, NAICS 3-digit -- by ownership sector","All establishment sizes",30,1354,1369,1347,26155249,1336187,35422,1483,"",1.33,1.36,1.37,1.36,0.98,1.65,1.43,0.72,"",2,7.1,-4,-0.3,0,0.0,-22,-1.6,-1424226,-5.2,-4739,-0.4,-12749,-26.5,-71,-4.6
"36093","5","5511","76","0","2016","1","","Schenectady County, New York","Private","NAICS 5511 Management of companies and enterprises","County, NAICS 4-digit -- by ownership sector","All establishment sizes",29,1375,1383,1400,26022812,14797865,377216,1444,"",1.31,1.39,1.40,1.41,0.78,1.40,1.26,0.56,"",5,20.8,34,2.5,42,3.1,57,4.2,-342351,-1.3,-194908,-1.3,-115145,-23.4,-68,-4.5
"36093","5","5511","76","0","2016","2","","Schenectady County, New York","Private","NAICS 5511 Management of companies and enterprises","County, NAICS 4-digit -- by ownership sector","All establishment sizes",29,1355,1352,1351,26786628,3804755,141819,1523,"",1.29,1.37,1.37,1.33,0.90,1.87,2.30,0.66,"",4,16.0,25,1.9,11,0.8,-8,-0.6,-4667765,-14.8,-25104,-0.7,-17733,-11.1,-278,-15.4
"36093","5","5511","76","0","2016","3","","Schenectady County, New York","Private","NAICS 5511 Management of companies and enterprises","County, NAICS 4-digit -- by ownership sector","All establishment sizes",30,1341,1323,1368,26117156,1720549,51686,1495,"",1.33,1.38,1.36,1.40,0.97,1.53,1.50,0.70,"",4,15.4,-4,-0.3,-23,-1.7,-18,-1.3,2300608,9.7,-33871,-1.9,-13723,-21.0,147,10.9
"36093","5","5511","76","0","2016","4","","Schenectady County, New York","Private","NAICS 5511 Management of companies and enterprises","County, NAICS 4-digit -- by ownership sector","All establishment sizes",30,1354,1369,1347,26155249,1336187,35422,1483,"",1.33,1.36,1.37,1.36,0.98,1.65,1.43,0.72,"",2,7.1,-4,-0.3,0,0.0,-22,-1.6,-1424226,-5.2,-4739,-0.4,-12749,-26.5,-71,-4.6
"36093","5","55111","77","0","2016","1","","Schenectady County, New York","Private","NAICS 55111 Management of companies and enterprises","County, NAICS 5-digit -- by ownership sector","All establishment sizes",29,1375,1383,1400,26022812,14797865,377216,1444,"",1.31,1.39,1.40,1.41,0.78,1.40,1.26,0.56,"",5,20.8,34,2.5,42,3.1,57,4.2,-342351,-1.3,-194908,-1.3,-115145,-23.4,-68,-4.5
"36093","5","55111","77","0","2016","2","","Schenectady County, New York","Private","NAICS 55111 Management of companies and enterprises","County, NAICS 5-digit -- by ownership sector","All establishment sizes",29,1355,1352,1351,26786628,3804755,141819,1523,"",1.29,1.37,1.37,1.33,0.90,1.87,2.30,0.66,"",4,16.0,25,1.9,11,0.8,-8,-0.6,-4667765,-14.8,-25104,-0.7,-17733,-11.1,-278,-15.4
"36093","5","55111","77","0","2016","3","","Schenectady County, New York","Private","NAICS 55111 Management of companies and enterprises","County, NAICS 5-digit -- by ownership sector","All establishment sizes",30,1341,1323,1368,26117156,1720549,51686,1495,"",1.33,1.38,1.36,1.40,0.97,1.53,1.50,0.70,"",4,15.4,-4,-0.3,-23,-1.7,-18,-1.3,2300608,9.7,-33871,-1.9,-13723,-21.0,147,10.9
"36093","5","55111","77","0","2016","4","","Schenectady County, New York","Private","NAICS 55111 Management of companies and enterprises","County, NAICS 5-digit -- by ownership sector","All establishment sizes",30,1354,1369,1347,26155249,1336187,35422,1483,"",1.33,1.36,1.37,1.36,0.98,1.65,1.43,0.72,"",2,7.1,-4,-0.3,0,0.0,-22,-1.6,-1424226,-5.2,-4739,-0.4,-12749,-26.5,-71,-4.6
"36093","5","551112","78","0","2016","1","N","Schenectady County, New York","Private","NAICS 551112 Offices of other holding companies","County, NAICS 6-digit -- by ownership sector","All establishment sizes",1,0,0,0,0,0,0,0,"N",0.32,0,0,0,0,0,0,0,"N",0,0.0,0,0,0,0,0,0,0,0,0,0,0,0,0,0
"36093","5","551112","78","0","2016","2","N","Schenectady County, New York","Private","NAICS 551112 Offices of other holding companies","County, NAICS 6-digit -- by ownership sector","All establishment sizes",1,0,0,0,0,0,0,0,"N",0.32,0,0,0,0,0,0,0,"N",0,0.0,0,0,0,0,0,0,0,0,0,0,0,0,0,0
"36093","5","551112","78","0","2016","3","N","Schenectady County, New York","Private","NAICS 551112 Offices of other holding companies","County, NAICS 6-digit -- by ownership sector","All establishment sizes",1,0,0,0,0,0,0,0,"N",0.31,0,0,0,0,0,0,0,"N",0,0.0,0,0,0,0,0,0,0,0,0,0,0,0,0,0
"36093","5","551112","78","0","2016","4","N","Schenectady County, New York","Private","NAICS 551112 Offices of other holding companies","County, NAICS 6-digit -- by ownership sector","All establishment sizes",1,0,0,0,0,0,0,0,"N",0.31,0,0,0,0,0,0,0,"N",0,0.0,0,0,0,0,0,0,0,0,0,0,0,0,0,0
"36093","5","551114","78","0","2016","1","N","Schenectady County, New York","Private","NAICS 551114 Managing offices","County, NAICS 6-digit -- by ownership sector","All establishment sizes",28,0,0,0,0,0,0,0,"N",1.50,0,0,0,0,0,0,0,"N",5,21.7,0,0,0,0,0,0,0,0,0,0,0,0,0,0
"36093","5","551114","78","0","2016","2","N","Schenectady County, New York","Private","NAICS 551114 Managing offices","County, NAICS 6-digit -- by ownership sector","All establishment sizes",28,0,0,0,0,0,0,0,"N",1.48,0,0,0,0,0,0,0,"N",4,16.7,0,0,0,0,0,0,0,0,0,0,0,0,0,0
"36093","5","551114","78","0","2016","3","N","Schenectady County, New York","Private","NAICS 551114 Managing offices","County, NAICS 6-digit -- by ownership sector","All establishment sizes",29,0,0,0,0,0,0,0,"N",1.53,0,0,0,0,0,0,0,"N",4,16.0,0,0,0,0,0,0,0,0,0,0,0,0,0,0
"36093","5","551114","78","0","2016","4","N","Schenectady County, New York","Private","NAICS 551114 Managing offices","County, NAICS 6-digit -- by ownership sector","All establishment sizes",29,0,0,0,0,0,0,0,"N",1.53,0,0,0,0,0,0,0,"N",2,7.4,0,0,0,0,0,0,0,0,0,0,0,0,0,0
"36093","5","56","74","0","2016","1","","Schenectady County, New York","Private","NAICS 56 Administrative and waste services","County, NAICS Sector -- by ownership sector","All establishment sizes",233,1489,1512,1679,15271539,11256408,693392,753,"",1.27,0.39,0.39,0.43,0.44,0.54,0.87,1.08,"",10,4.5,60,4.2,35,2.4,182,12.2,721854,5.0,816787,7.8,-3187,-0.5,-10,-1.3
"36093","5","56","74","0","2016","2","","Schenectady County, New York","Private","NAICS 56 Administrative and waste services","County, NAICS Sector -- by ownership sector","All establishment sizes",246,1863,1912,2026,18515061,6441817,416067,737,"",1.32,0.47,0.48,0.50,0.45,0.76,1.03,0.94,"",21,9.3,125,7.2,166,9.5,211,11.6,1000391,5.7,281942,4.6,-22244,-5.1,-26,-3.4
"36093","5","56","74","0","2016","3","","Schenectady County, New York","Private","NAICS 56 Administrative and waste services","County, NAICS Sector -- by ownership sector","All establishment sizes",244,2028,2024,2004,20991798,4726835,301817,800,"",1.30,0.52,0.51,0.50,0.53,0.78,1.08,1.03,"",17,7.5,137,7.2,191,10.4,118,6.3,1901555,10.0,-332,0.0,-26091,-8.0,15,1.9
"36093","5","56","74","0","2016","4","","Schenectady County, New York","Private","NAICS 56 Administrative and waste services","County, NAICS Sector -- by ownership sector","All establishment sizes",242,1916,1858,1761,19198644,3165450,203132,800,"",1.28,0.47,0.45,0.44,0.50,0.63,0.89,1.09,"",10,4.3,142,8.0,114,6.5,66,3.9,-107535,-0.6,243134,8.3,6426,3.3,-55,-6.4
"36093","5","561","75","0","2016","1","","Schenectady County, New York","Private","NAICS 561 Administrative and support services","County, NAICS 3-digit -- by ownership sector","All establishment sizes",216,1223,1229,1369,10938718,8465289,463257,661,"",1.24,0.33,0.33,0.37,0.34,0.43,0.62,0.97,"",8,3.8,19,1.6,-10,-0.8,162,13.4,599106,5.8,492998,6.2,-22439,-4.6,7,1.1
"36093","5","561","75","0","2016","2","","Schenectady County, New York","Private","NAICS 561 Administrative and support services","County, NAICS 3-digit -- by ownership sector","All establishment sizes",229,1557,1617,1700,14017952,5817441,366889,664,"",1.30,0.41,0.42,0.44,0.37,0.72,0.95,0.86,"",20,9.6,152,10.8,173,12.0,209,14.0,1720043,14.0,738165,14.5,24098,7.0,10,1.5
"36093","5","561","75","0","2016","3","","Schenectady County, New York","Private","NAICS 561 Administrative and support services","County, NAICS 3-digit -- by ownership sector","All establishment sizes",227,1704,1708,1696,15340608,4361260,272372,693,"",1.27,0.46,0.45,0.44,0.41,0.75,1.01,0.92,"",16,7.6,171,11.2,214,14.3,168,11.0,2542837,19.9,579063,15.3,14014,5.4,45,6.9
"36093","5","561","75","0","2016","4","","Schenectady County, New York","Private","NAICS 561 Administrative and support services","County, NAICS 3-digit -- by ownership sector","All establishment sizes",226,1621,1559,1436,14133177,2798269,171933,707,"",1.26,0.41,0.40,0.38,0.39,0.58,0.78,0.99,"",10,4.6,150,10.2,108,7.4,58,4.2,207787,1.5,273350,10.8,10222,6.3,-40,-5.4
"36093","5","5611","76","0","2016","1","","Schenectady County, New York","Private","NAICS 5611 Office administrative services","County, NAICS 4-digit -- by ownership sector","All establishment sizes",14,52,50,54,1053025,489838,21209,1558,"",0.82,0.24,0.23,0.25,0.22,0.31,0.44,0.91,"",0,0.0,-21,-28.8,-26,-34.2,-22,-28.9,-80852,-7.1,-154578,-24.0,-16932,-44.4,395,34.0
"36093","5","5611","76","0","2016","2","","Schenectady County, New York","Private","NAICS 5611 Office administrative services","County, NAICS 4-digit -- by ownership sector","All establishment sizes",14,53,53,53,1063629,63888,2424,1544,"",0.81,0.24,0.24,0.24,0.23,0.20,0.22,0.94,"",0,0.0,-19,-26.4,-20,-27.4,-24,-31.2,-99128,-8.5,-40018,-38.5,-3174,-56.7,335,27.7
"36093","5","5611","76","0","2016","3","","Schenectady County, New York","Private","NAICS 5611 Office administrative services","County, NAICS 4-digit -- by ownership sector","All establishment sizes",14,53,52,50,1080879,31165,815,1609,"",0.80,0.25,0.24,0.23,0.25,0.16,0.12,1.04,"",-1,-6.7,-21,-28.4,-18,-25.7,-15,-23.1,-225030,-17.2,-18578,-37.3,-1871,-69.7,167,11.6
"36093","5","5611","76","0","2016","4","","Schenectady County, New York","Private","NAICS 5611 Office administrative services","County, NAICS 4-digit -- by ownership sector","All establishment sizes",13,52,50,48,1174541,26518,946,1807,"",0.74,0.23,0.22,0.22,0.25,0.17,0.17,1.12,"",-2,-13.3,-14,-21.2,-17,-25.4,-17,-26.2,-122157,-9.4,-27674,-51.1,-2210,-70.0,296,19.6
"36093","5","56111","77","0","2016","1","","Schenectady County, New York","Private","NAICS 56111 Office administrative services","County, NAICS 5-digit -- by ownership sector","All establishment sizes",14,52,50,54,1053025,489838,21209,1558,"",0.82,0.24,0.23,0.25,0.22,0.31,0.44,0.91,"",0,0.0,-21,-28.8,-26,-34.2,-22,-28.9,-80852,-7.1,-154578,-24.0,-16932,-44.4,395,34.0
"36093","5","56111","77","0","2016","2","","Schenectady County, New York","Private","NAICS 56111 Office administrative services","County, NAICS 5-digit -- by ownership sector","All establishment sizes",14,53,53,53,1063629,63888,2424,1544,"",0.81,0.24,0.24,0.24,0.23,0.20,0.22,0.94,"",0,0.0,-19,-26.4,-20,-27.4,-24,-31.2,-99128,-8.5,-40018,-38.5,-3174,-56.7,335,27.7
"36093","5","56111","77","0","2016","3","","Schenectady County, New York","Private","NAICS 56111 Office administrative services","County, NAICS 5-digit -- by ownership sector","All establishment sizes",14,53,52,50,1080879,31165,815,1609,"",0.80,0.25,0.24,0.23,0.25,0.16,0.12,1.04,"",-1,-6.7,-21,-28.4,-18,-25.7,-15,-23.1,-225030,-17.2,-18578,-37.3,-1871,-69.7,167,11.6
"36093","5","56111","77","0","2016","4","","Schenectady County, New York","Private","NAICS 56111 Office administrative services","County, NAICS 5-digit -- by ownership sector","All establishment sizes",13,52,50,48,1174541,26518,946,1807,"",0.74,0.23,0.22,0.22,0.25,0.17,0.17,1.12,"",-2,-13.3,-14,-21.2,-17,-25.4,-17,-26.2,-122157,-9.4,-27674,-51.1,-2210,-70.0,296,19.6
"36093","5","561110","78","0","2016","1","","Schenectady County, New York","Private","NAICS 561110 Office administrative services","County, NAICS 6-digit -- by ownership sector","All establishment sizes",14,52,50,54,1053025,489838,21209,1558,"",0.82,0.24,0.23,0.25,0.22,0.31,0.44,0.91,"",0,0.0,-21,-28.8,-26,-34.2,-22,-28.9,-80852,-7.1,-154578,-24.0,-16932,-44.4,395,34.0
"36093","5","561110","78","0","2016","2","","Schenectady County, New York","Private","NAICS 561110 Office administrative services","County, NAICS 6-digit -- by ownership sector","All establishment sizes",14,53,53,53,1063629,63888,2424,1544,"",0.81,0.24,0.24,0.24,0.23,0.20,0.22,0.94,"",0,0.0,-19,-26.4,-20,-27.4,-24,-31.2,-99128,-8.5,-40018,-38.5,-3174,-56.7,335,27.7
"36093","5","561110","78","0","2016","3","","Schenectady County, New York","Private","NAICS 561110 Office administrative services","County, NAICS 6-digit -- by ownership sector","All establishment sizes",14,53,52,50,1080879,31165,815,1609,"",0.80,0.25,0.24,0.23,0.25,0.16,0.12,1.04,"",-1,-6.7,-21,-28.4,-18,-25.7,-15,-23.1,-225030,-17.2,-18578,-37.3,-1871,-69.7,167,11.6
"36093","5","561110","78","0","2016","4","","Schenectady County, New York","Private","NAICS 561110 Office administrative services","County, NAICS 6-digit -- by ownership sector","All establishment sizes",13,52,50,48,1174541,26518,946,1807,"",0.74,0.23,0.22,0.22,0.25,0.17,0.17,1.12,"",-2,-13.3,-14,-21.2,-17,-25.4,-17,-26.2,-122157,-9.4,-27674,-51.1,-2210,-70.0,296,19.6
"36093","5","5613","76","0","2016","1","","Schenectady County, New York","Private","NAICS 5613 Employment services","County, NAICS 4-digit -- by ownership sector","All establishment sizes",31,337,347,443,3602181,2762581,227317,738,"",0.89,0.22,0.23,0.29,0.30,0.35,0.64,1.21,"",7,29.2,-12,-3.4,-21,-5.7,87,24.4,345556,10.6,236996,9.4,-426,-0.2,38,5.4
"36093","5","5613","76","0","2016","2","","Schenectady County, New York","Private","NAICS 5613 Employment services","County, NAICS 4-digit -- by ownership sector","All establishment sizes",38,492,489,545,4432831,1970410,151932,670,"",1.07,0.32,0.31,0.34,0.31,0.54,0.79,0.94,"",16,72.7,70,16.6,106,27.7,165,43.4,861718,24.1,440720,28.8,22011,16.9,-25,-3.6
"36093","5","5613","76","0","2016","3","","Schenectady County, New York","Private","NAICS 5613 Employment services","County, NAICS 4-digit -- by ownership sector","All establishment sizes",39,533,535,540,4948253,1843460,141205,710,"",1.08,0.36,0.35,0.34,0.35,0.62,0.92,1.01,"",16,69.6,190,55.4,184,52.4,153,39.5,1488981,43.0,559617,43.6,31273,28.4,-28,-3.8
"36093","5","5613","76","0","2016","4","","Schenectady County, New York","Private","NAICS 5613 Employment services","County, NAICS 4-digit -- by ownership sector","All establishment sizes",39,537,496,486,4702932,1487153,109639,714,"",1.06,0.33,0.30,0.30,0.34,0.53,0.77,1.10,"",11,39.3,187,53.4,143,40.5,125,34.6,867986,22.6,343949,30.1,14190,14.9,-118,-14.2
"36093","5","56131","77","0","2016","1","N","Schenectady County, New York","Private","NAICS 56131 Employment placement and executive search","County, NAICS 5-digit -- by ownership sector","All establishment sizes",6,0,0,0,0,0,0,0,"N",0.79,0,0,0,0,0,0,0,"N",1,20.0,0,0,0,0,0,0,0,0,0,0,0,0,0,0
"36093","5","56131","77","0","2016","2","N","Schenectady County, New York","Private","NAICS 56131 Employment placement and executive search","County, NAICS 5-digit -- by ownership sector","All establishment sizes",6,0,0,0,0,0,0,0,"N",0.78,0,0,0,0,0,0,0,"N",0,0.0,0,0,0,0,0,0,0,0,0,0,0,0,0,0
"36093","5","56131","77","0","2016","3","N","Schenectady County, New York","Private","NAICS 56131 Employment placement and executive search","County, NAICS 5-digit -- by ownership sector","All establishment sizes",6,0,0,0,0,0,0,0,"N",0.77,0,0,0,0,0,0,0,"N",0,0.0,0,0,0,0,0,0,0,0,0,0,0,0,0,0
"36093","5","56131","77","0","2016","4","N","Schenectady County, New York","Private","NAICS 56131 Employment placement and executive search","County, NAICS 5-digit -- by ownership sector","All establishment sizes",6,0,0,0,0,0,0,0,"N",0.76,0,0,0,0,0,0,0,"N",0,0.0,0,0,0,0,0,0,0,0,0,0,0,0,0,0
"36093","5","561311","78","0","2016","1","","Schenectady County, New York","Private","NAICS 561311 Employment placement agencies","County, NAICS 6-digit -- by ownership sector","All establishment sizes",5,12,13,11,191786,128418,2560,1229,"",0.95,0.11,0.12,0.10,0.18,0.20,0.10,1.62,"N",1,25.0,0,0,0,0,0,0,0,0,0,0,0,0,0,0
"36093","5","561311","78","0","2016","2","","Schenectady County, New York","Private","NAICS 561311 Employment placement agencies","County, NAICS 6-digit -- by ownership sector","All establishment sizes",5,17,16,15,185123,32928,697,890,"",0.93,0.15,0.14,0.13,0.14,0.13,0.06,0.99,"N",0,0.0,0,0,0,0,0,0,0,0,0,0,0,0,0,0
"36093","5","561311","78","0","2016","3","","Schenectady County, New York","Private","NAICS 561311 Employment placement agencies","County, NAICS 6-digit -- by ownership sector","All establishment sizes",5,11,11,11,183048,21202,402,1280,"",0.92,0.10,0.10,0.09,0.14,0.10,0.04,1.49,"",0,0.0,4,57.1,4,57.1,2,22.2,105975,137.5,-1501,-6.6,-193,-32.4,507,65.6
"36093","5","561311","78","0","2016","4","","Schenectady County, New York","Private","NAICS 561311 Employment placement agencies","County, NAICS 6-digit -- by ownership sector","All establishment sizes",5,13,13,11,189499,21273,616,1182,"",0.90,0.11,0.11,0.09,0.15,0.11,0.07,1.44,"N",0,0.0,0,0,0,0,0,0,0,0,0,0,0,0,0,0
"36093","5","561312","78","0","2016","1","N","Schenectady County, New York","Private","NAICS 561312 Executive search services","County, NAICS 6-digit -- by ownership sector","All establishment sizes",1,0,0,0,0,0,0,0,"N",0.44,0,0,0,0,0,0,0,"N",0,0.0,0,0,0,0,0,0,0,0,0,0,0,0,0,0
"36093","5","561312","78","0","2016","2","N","Schenectady County, New York","Private","NAICS 561312 Executive search services","County, NAICS 6-digit -- by ownership sector","All establishment sizes",1,0,0,0,0,0,0,0,"N",0.43,0,0,0,0,0,0,0,"N",0,0.0,0,0,0,0,0,0,0,0,0,0,0,0,0,0
"36093","5","561312","78","0","2016","3","N","Schenectady County, New York","Private","NAICS 561312 Executive search services","County, NAICS 6-digit -- by ownership sector","All establishment sizes",1,0,0,0,0,0,0,0,"N",0.43,0,0,0,0,0,0,0,"N",0,0.0,0,0,0,0,0,0,0,0,0,0,0,0,0,0
"36093","5","561312","78","0","2016","4","N","Schenectady County, New York","Private","NAICS 561312 Executive search services","County, NAICS 6-digit -- by ownership sector","All establishment sizes",1,0,0,0,0,0,0,0,"N",0.43,0,0,0,0,0,0,0,"N",0,0.0,0,0,0,0,0,0,0,0,0,0,0,0,0,0
"36093","5","56132","77","0","2016","1","","Schenectady County, New York","Private","NAICS 56132 Temporary help services","County, NAICS 5-digit -- by ownership sector","All establishment sizes",24,322,331,429,3360790,2613819,224157,717,"",1.04,0.26,0.27,0.34,0.37,0.41,0.77,1.28,"",7,41.2,-20,-5.8,-29,-8.1,81,23.3,193630,6.1,150412,6.1,-1891,-0.8,21,3.0
"36093","5","56132","77","0","2016","2","","Schenectady County, New York","Private","NAICS 56132 Temporary help services","County, NAICS 5-digit -- by ownership sector","All establishment sizes",31,473,471,529,4192789,1934709,151151,657,"",1.32,0.37,0.37,0.41,0.38,0.63,0.92,0.99,"",16,106.7,60,14.5,96,25.6,156,41.8,708287,20.3,425633,28.2,21754,16.8,-36,-5.2
"36093","5","56132","77","0","2016","3","","Schenectady County, New York","Private","NAICS 56132 Temporary help services","County, NAICS 5-digit -- by ownership sector","All establishment sizes",32,520,521,528,4711413,1819950,140734,693,"",1.34,0.43,0.42,0.41,0.45,0.72,1.07,1.06,"",16,100.0,187,56.2,180,52.8,152,40.4,1370666,41.0,560868,44.5,31485,28.8,-41,-5.6
"36093","5","56132","77","0","2016","4","","Schenectady County, New York","Private","NAICS 56132 Temporary help services","County, NAICS 5-digit -- by ownership sector","All establishment sizes",32,522,481,475,4473191,1464578,108984,698,"",1.32,0.39,0.36,0.36,0.44,0.62,0.88,1.18,"",11,52.4,183,54.0,142,41.9,121,34.2,825098,22.6,352020,31.6,14566,15.4,-118,-14.5
"36093","5","561320","78","0","2016","1","","Schenectady County, New York","Private","NAICS 561320 Temporary help services","County, NAICS 6-digit -- by ownership sector","All establishment sizes",24,322,331,429,3360790,2613819,224157,717,"",1.04,0.26,0.27,0.34,0.37,0.41,0.77,1.28,"",7,41.2,-20,-5.8,-29,-8.1,81,23.3,193630,6.1,150412,6.1,-1891,-0.8,21,3.0
"36093","5","561320","78","0","2016","2","","Schenectady County, New York","Private","NAICS 561320 Temporary help services","County, NAICS 6-digit -- by ownership sector","All establishment sizes",31,473,471,529,4192789,1934709,151151,657,"",1.32,0.37,0.37,0.41,0.38,0.63,0.92,0.99,"",16,106.7,60,14.5,96,25.6,156,41.8,708287,20.3,425633,28.2,21754,16.8,-36,-5.2
"36093","5","561320","78","0","2016","3","","Schenectady County, New York","Private","NAICS 561320 Temporary help services","County, NAICS 6-digit -- by ownership sector","All establishment sizes",32,520,521,528,4711413,1819950,140734,693,"",1.34,0.43,0.42,0.41,0.45,0.72,1.07,1.06,"",16,100.0,187,56.2,180,52.8,152,40.4,1370666,41.0,560868,44.5,31485,28.8,-41,-5.6
"36093","5","561320","78","0","2016","4","","Schenectady County, New York","Private","NAICS 561320 Temporary help services","County, NAICS 6-digit -- by ownership sector","All establishment sizes",32,522,481,475,4473191,1464578,108984,698,"",1.32,0.39,0.36,0.36,0.44,0.62,0.88,1.18,"",11,52.4,183,54.0,142,41.9,121,34.2,825098,22.6,352020,31.6,14566,15.4,-118,-14.5
"36093","5","56133","77","0","2016","1","N","Schenectady County, New York","Private","NAICS 56133 Professional employer organizations","County, NAICS 5-digit -- by ownership sector","All establishment sizes",1,0,0,0,0,0,0,0,"N",0.22,0,0,0,0,0,0,0,"N",-1,-50.0,0,0,0,0,0,0,0,0,0,0,0,0,0,0
"36093","5","56133","77","0","2016","2","N","Schenectady County, New York","Private","NAICS 56133 Professional employer organizations","County, NAICS 5-digit -- by ownership sector","All establishment sizes",1,0,0,0,0,0,0,0,"N",0.22,0,0,0,0,0,0,0,"N",0,0.0,0,0,0,0,0,0,0,0,0,0,0,0,0,0
"36093","5","56133","77","0","2016","3","N","Schenectady County, New York","Private","NAICS 56133 Professional employer organizations","County, NAICS 5-digit -- by ownership sector","All establishment sizes",1,0,0,0,0,0,0,0,"N",0.22,0,0,0,0,0,0,0,"N",0,0.0,0,0,0,0,0,0,0,0,0,0,0,0,0,0
"36093","5","56133","77","0","2016","4","N","Schenectady County, New York","Private","NAICS 56133 Professional employer organizations","County, NAICS 5-digit -- by ownership sector","All establishment sizes",1,0,0,0,0,0,0,0,"N",0.22,0,0,0,0,0,0,0,"N",0,0.0,0,0,0,0,0,0,0,0,0,0,0,0,0,0
"36093","5","561330","78","0","2016","1","N","Schenectady County, New York","Private","NAICS 561330 Professional employer organizations","County, NAICS 6-digit -- by ownership sector","All establishment sizes",1,0,0,0,0,0,0,0,"N",0.22,0,0,0,0,0,0,0,"N",-1,-50.0,0,0,0,0,0,0,0,0,0,0,0,0,0,0
"36093","5","561330","78","0","2016","2","N","Schenectady County, New York","Private","NAICS 561330 Professional employer organizations","County, NAICS 6-digit -- by ownership sector","All establishment sizes",1,0,0,0,0,0,0,0,"N",0.22,0,0,0,0,0,0,0,"N",0,0.0,0,0,0,0,0,0,0,0,0,0,0,0,0,0
"36093","5","561330","78","0","2016","3","N","Schenectady County, New York","Private","NAICS 561330 Professional employer organizations","County, NAICS 6-digit -- by ownership sector","All establishment sizes",1,0,0,0,0,0,0,0,"N",0.22,0,0,0,0,0,0,0,"N",0,0.0,0,0,0,0,0,0,0,0,0,0,0,0,0,0
"36093","5","561330","78","0","2016","4","N","Schenectady County, New York","Private","NAICS 561330 Professional employer organizations","County, NAICS 6-digit -- by ownership sector","All establishment sizes",1,0,0,0,0,0,0,0,"N",0.22,0,0,0,0,0,0,0,"N",0,0.0,0,0,0,0,0,0,0,0,0,0,0,0,0,0
"36093","5","5614","76","0","2016","1","","Schenectady County, New York","Private","NAICS 5614 Business support services","County, NAICS 4-digit -- by ownership sector","All establishment sizes",15,122,118,120,1409258,1159082,39337,903,"",0.86,0.30,0.29,0.30,0.36,0.51,0.51,1.20,"",0,0.0,-2,-1.6,-1,-0.8,-3,-2.4,-229908,-14.0,-25591,-2.2,-2183,-5.3,-131,-12.7
"36093","5","5614","76","0","2016","2","","Schenectady County, New York","Private","NAICS 5614 Business support services","County, NAICS 4-digit -- by ownership sector","All establishment sizes",15,126,129,133,1984526,350058,11137,1180,"",0.85,0.31,0.33,0.33,0.46,0.46,0.36,1.42,"",0,0.0,28,28.6,30,30.3,25,23.1,605700,43.9,132130,60.6,2881,34.9,137,13.1
"36093","5","5614","76","0","2016","3","","Schenectady County, New York","Private","NAICS 5614 Business support services","County, NAICS 4-digit -- by ownership sector","All establishment sizes",13,148,148,144,2065943,259779,8948,1084,"",0.74,0.38,0.38,0.36,0.49,0.54,0.48,1.31,"",-2,-13.3,37,33.3,37,33.3,26,22.0,735468,55.3,84633,48.3,1916,27.2,181,20.0
"36093","5","5614","76","0","2016","4","","Schenectady County, New York","Private","NAICS 5614 Business support services","County, NAICS 4-digit -- by ownership sector","All establishment sizes",12,129,123,119,1656116,88548,2913,1030,"",0.68,0.32,0.30,0.29,0.41,0.22,0.19,1.36,"",-2,-14.3,15,13.2,10,8.8,10,9.2,278424,20.2,-18750,-17.5,-755,-20.6,84,8.9
"36093","5","56141","77","0","2016","1","N","Schenectady County, New York","Private","NAICS 56141 Document preparation services","County, NAICS 5-digit -- by ownership sector","All establishment sizes",2,0,0,0,0,0,0,0,"N",0.76,0,0,0,0,0,0,0,"N",1,100.0,0,0,0,0,0,0,0,0,0,0,0,0,0,0
"36093","5","56141","77","0","2016","2","N","Schenectady County, New York","Private","NAICS 56141 Document preparation services","County, NAICS 5-digit -- by ownership sector","All establishment sizes",2,0,0,0,0,0,0,0,"N",0.75,0,0,0,0,0,0,0,"N",1,100.0,0,0,0,0,0,0,0,0,0,0,0,0,0,0
"36093","5","56141","77","0","2016","3","N","Schenectady County, New York","Private","NAICS 56141 Document preparation services","County, NAICS 5-digit -- by ownership sector","All establishment sizes",1,0,0,0,0,0,0,0,"N",0.38,0,0,0,0,0,0,0,"N",0,0.0,0,0,0,0,0,0,0,0,0,0,0,0,0,0
"36093","5","56141","77","0","2016","4","N","Schenectady County, New York","Private","NAICS 56141 Document preparation services","County, NAICS 5-digit -- by ownership sector","All establishment sizes",1,0,0,0,0,0,0,0,"N",0.38,0,0,0,0,0,0,0,"N",0,0.0,0,0,0,0,0,0,0,0,0,0,0,0,0,0
"36093","5","561410","78","0","2016","1","N","Schenectady County, New York","Private","NAICS 561410 Document preparation services","County, NAICS 6-digit -- by ownership sector","All establishment sizes",2,0,0,0,0,0,0,0,"N",0.76,0,0,0,0,0,0,0,"N",1,100.0,0,0,0,0,0,0,0,0,0,0,0,0,0,0
"36093","5","561410","78","0","2016","2","N","Schenectady County, New York","Private","NAICS 561410 Document preparation services","County, NAICS 6-digit -- by ownership sector","All establishment sizes",2,0,0,0,0,0,0,0,"N",0.75,0,0,0,0,0,0,0,"N",1,100.0,0,0,0,0,0,0,0,0,0,0,0,0,0,0
"36093","5","561410","78","0","2016","3","N","Schenectady County, New York","Private","NAICS 561410 Document preparation services","County, NAICS 6-digit -- by ownership sector","All establishment sizes",1,0,0,0,0,0,0,0,"N",0.38,0,0,0,0,0,0,0,"N",0,0.0,0,0,0,0,0,0,0,0,0,0,0,0,0,0
"36093","5","561410","78","0","2016","4","N","Schenectady County, New York","Private","NAICS 561410 Document preparation services","County, NAICS 6-digit -- by ownership sector","All establishment sizes",1,0,0,0,0,0,0,0,"N",0.38,0,0,0,0,0,0,0,"N",0,0.0,0,0,0,0,0,0,0,0,0,0,0,0,0,0
"36093","5","56142","77","0","2016","1","","Schenectady County, New York","Private","NAICS 56142 Telephone call centers","County, NAICS 5-digit -- by ownership sector","All establishment sizes",4,70,66,67,1017559,816388,30867,1157,"",1.21,0.29,0.28,0.29,0.52,0.67,0.74,1.83,"N",1,33.3,0,0,0,0,0,0,0,0,0,0,0,0,0,0
"36093","5","56142","77","0","2016","2","","Schenectady County, New York","Private","NAICS 56142 Telephone call centers","County, NAICS 5-digit -- by ownership sector","All establishment sizes",4,75,80,81,1524472,205220,7695,1491,"",1.20,0.32,0.35,0.35,0.71,0.45,0.40,2.08,"",0,0.0,22,41.5,22,37.9,18,28.6,521661,52.0,111700,119.4,4832,168.8,161,12.1
"36093","5","56142","77","0","2016","3","","Schenectady County, New York","Private","NAICS 56142 Telephone call centers","County, NAICS 5-digit -- by ownership sector","All establishment sizes",4,99,99,97,1645129,185570,7147,1287,"",1.19,0.44,0.44,0.42,0.78,0.60,0.58,1.80,"",0,0.0,34,52.3,34,52.3,22,29.3,695610,73.3,92088,98.5,3712,108.1,218,20.4
"36093","5","56142","77","0","2016","4","","Schenectady County, New York","Private","NAICS 56142 Telephone call centers","County, NAICS 5-digit -- by ownership sector","All establishment sizes",4,80,72,68,1205109,67831,2436,1264,"",1.19,0.33,0.29,0.28,0.60,0.26,0.23,1.98,"N",0,0.0,0,0,0,0,0,0,0,0,0,0,0,0,0,0
"36093","5","561421","78","0","2016","1","N","Schenectady County, New York","Private","NAICS 561421 Telephone answering services","County, NAICS 6-digit -- by ownership sector","All establishment sizes",1,0,0,0,0,0,0,0,"N",1.43,0,0,0,0,0,0,0,"N",0,0.0,0,0,0,0,0,0,0,0,0,0,0,0,0,0
"36093","5","561421","78","0","2016","2","N","Schenectady County, New York","Private","NAICS 561421 Telephone answering services","County, NAICS 6-digit -- by ownership sector","All establishment sizes",1,0,0,0,0,0,0,0,"N",1.42,0,0,0,0,0,0,0,"N",0,0.0,0,0,0,0,0,0,0,0,0,0,0,0,0,0
"36093","5","561421","78","0","2016","3","N","Schenectady County, New York","Private","NAICS 561421 Telephone answering services","County, NAICS 6-digit -- by ownership sector","All establishment sizes",1,0,0,0,0,0,0,0,"N",1.41,0,0,0,0,0,0,0,"N",0,0.0,0,0,0,0,0,0,0,0,0,0,0,0,0,0
"36093","5","561421","78","0","2016","4","N","Schenectady County, New York","Private","NAICS 561421 Telephone answering services","County, NAICS 6-digit -- by ownership sector","All establishment sizes",1,0,0,0,0,0,0,0,"N",1.41,0,0,0,0,0,0,0,"N",0,0.0,0,0,0,0,0,0,0,0,0,0,0,0,0,0
"36093","5","561422","78","0","2016","1","N","Schenectady County, New York","Private","NAICS 561422 Telemarketing and other contact centers","County, NAICS 6-digit -- by ownership sector","All establishment sizes",3,0,0,0,0,0,0,0,"N",1.15,0,0,0,0,0,0,0,"N",1,50.0,0,0,0,0,0,0,0,0,0,0,0,0,0,0
"36093","5","561422","78","0","2016","2","N","Schenectady County, New York","Private","NAICS 561422 Telemarketing and other contact centers","County, NAICS 6-digit -- by ownership sector","All establishment sizes",3,0,0,0,0,0,0,0,"N",1.14,0,0,0,0,0,0,0,"N",0,0.0,0,0,0,0,0,0,0,0,0,0,0,0,0,0
"36093","5","561422","78","0","2016","3","N","Schenectady County, New York","Private","NAICS 561422 Telemarketing and other contact centers","County, NAICS 6-digit -- by ownership sector","All establishment sizes",3,0,0,0,0,0,0,0,"N",1.13,0,0,0,0,0,0,0,"N",0,0.0,0,0,0,0,0,0,0,0,0,0,0,0,0,0
"36093","5","561422","78","0","2016","4","N","Schenectady County, New York","Private","NAICS 561422 Telemarketing and other contact centers","County, NAICS 6-digit -- by ownership sector","All establishment sizes",3,0,0,0,0,0,0,0,"N",1.13,0,0,0,0,0,0,0,"N",0,0.0,0,0,0,0,0,0,0,0,0,0,0,0,0,0
"36093","5","56143","77","0","2016","1","N","Schenectady County, New York","Private","NAICS 56143 Business service centers","County, NAICS 5-digit -- by ownership sector","All establishment sizes",2,0,0,0,0,0,0,0,"N",0.53,0,0,0,0,0,0,0,"N",-1,-33.3,0,0,0,0,0,0,0,0,0,0,0,0,0,0
"36093","5","56143","77","0","2016","2","N","Schenectady County, New York","Private","NAICS 56143 Business service centers","County, NAICS 5-digit -- by ownership sector","All establishment sizes",2,0,0,0,0,0,0,0,"N",0.53,0,0,0,0,0,0,0,"N",-1,-33.3,0,0,0,0,0,0,0,0,0,0,0,0,0,0
"36093","5","56143","77","0","2016","3","N","Schenectady County, New York","Private","NAICS 56143 Business service centers","County, NAICS 5-digit -- by ownership sector","All establishment sizes",1,0,0,0,0,0,0,0,"N",0.27,0,0,0,0,0,0,0,"N",-2,-66.7,0,0,0,0,0,0,0,0,0,0,0,0,0,0
"36093","5","56143","77","0","2016","4","N","Schenectady County, New York","Private","NAICS 56143 Business service centers","County, NAICS 5-digit -- by ownership sector","All establishment sizes",1,0,0,0,0,0,0,0,"N",0.27,0,0,0,0,0,0,0,"N",-1,-50.0,0,0,0,0,0,0,0,0,0,0,0,0,0,0
"36093","5","561431","78","0","2016","1","N","Schenectady County, New York","Private","NAICS 561431 Private mail centers","County, NAICS 6-digit -- by ownership sector","All establishment sizes",2,0,0,0,0,0,0,0,"N",1.12,0,0,0,0,0,0,0,"N",0,0.0,0,0,0,0,0,0,0,0,0,0,0,0,0,0
"36093","5","561431","78","0","2016","2","N","Schenectady County, New York","Private","NAICS 561431 Private mail centers","County, NAICS 6-digit -- by ownership sector","All establishment sizes",2,0,0,0,0,0,0,0,"N",1.13,0,0,0,0,0,0,0,"N",0,0.0,0,0,0,0,0,0,0,0,0,0,0,0,0,0
"36093","5","561431","78","0","2016","3","N","Schenectady County, New York","Private","NAICS 561431 Private mail centers","County, NAICS 6-digit -- by ownership sector","All establishment sizes",1,0,0,0,0,0,0,0,"N",0.56,0,0,0,0,0,0,0,"N",-1,-50.0,0,0,0,0,0,0,0,0,0,0,0,0,0,0
"36093","5","561431","78","0","2016","4","N","Schenectady County, New York","Private","NAICS 561431 Private mail centers","County, NAICS 6-digit -- by ownership sector","All establishment sizes",1,0,0,0,0,0,0,0,"N",0.56,0,0,0,0,0,0,0,"N",-1,-50.0,0,0,0,0,0,0,0,0,0,0,0,0,0,0
"36093","5","56144","77","0","2016","1","N","Schenectady County, New York","Private","NAICS 56144 Collection agencies","County, NAICS 5-digit -- by ownership sector","All establishment sizes",1,0,0,0,0,0,0,0,"N",0.51,0,0,0,0,0,0,0,"N",-1,-50.0,0,0,0,0,0,0,0,0,0,0,0,0,0,0
"36093","5","56144","77","0","2016","2","N","Schenectady County, New York","Private","NAICS 56144 Collection agencies","County, NAICS 5-digit -- by ownership sector","All establishment sizes",1,0,0,0,0,0,0,0,"N",0.50,0,0,0,0,0,0,0,"N",0,0.0,0,0,0,0,0,0,0,0,0,0,0,0,0,0
"36093","5","56144","77","0","2016","3","N","Schenectady County, New York","Private","NAICS 56144 Collection agencies","County, NAICS 5-digit -- by ownership sector","All establishment sizes",1,0,0,0,0,0,0,0,"N",0.51,0,0,0,0,0,0,0,"N",0,0.0,0,0,0,0,0,0,0,0,0,0,0,0,0,0
"36093","5","56144","77","0","2016","4","N","Schenectady County, New York","Private","NAICS 56144 Collection agencies","County, NAICS 5-digit -- by ownership sector","All establishment sizes",1,0,0,0,0,0,0,0,"N",0.51,0,0,0,0,0,0,0,"N",0,0.0,0,0,0,0,0,0,0,0,0,0,0,0,0,0
"36093","5","561440","78","0","2016","1","N","Schenectady County, New York","Private","NAICS 561440 Collection agencies","County, NAICS 6-digit -- by ownership sector","All establishment sizes",1,0,0,0,0,0,0,0,"N",0.51,0,0,0,0,0,0,0,"N",-1,-50.0,0,0,0,0,0,0,0,0,0,0,0,0,0,0
"36093","5","561440","78","0","2016","2","N","Schenectady County, New York","Private","NAICS 561440 Collection agencies","County, NAICS 6-digit -- by ownership sector","All establishment sizes",1,0,0,0,0,0,0,0,"N",0.50,0,0,0,0,0,0,0,"N",0,0.0,0,0,0,0,0,0,0,0,0,0,0,0,0,0
"36093","5","561440","78","0","2016","3","N","Schenectady County, New York","Private","NAICS 561440 Collection agencies","County, NAICS 6-digit -- by ownership sector","All establishment sizes",1,0,0,0,0,0,0,0,"N",0.51,0,0,0,0,0,0,0,"N",0,0.0,0,0,0,0,0,0,0,0,0,0,0,0,0,0
"36093","5","561440","78","0","2016","4","N","Schenectady County, New York","Private","NAICS 561440 Collection agencies","County, NAICS 6-digit -- by ownership sector","All establishment sizes",1,0,0,0,0,0,0,0,"N",0.51,0,0,0,0,0,0,0,"N",0,0.0,0,0,0,0,0,0,0,0,0,0,0,0,0,0
"36093","5","56149","77","0","2016","1","","Schenectady County, New York","Private","NAICS 56149 Other business support services","County, NAICS 5-digit -- by ownership sector","All establishment sizes",6,24,24,25,192054,158315,4212,607,"",1.10,0.58,0.56,0.58,0.33,0.58,0.50,0.57,"",0,0.0,1,4.3,1,4.3,0,0.0,-28370,-12.9,29253,22.7,-3173,-43.0,-109,-15.2
"36093","5","56149","77","0","2016","2","","Schenectady County, New York","Private","NAICS 56149 Other business support services","County, NAICS 5-digit -- by ownership sector","All establishment sizes",6,24,22,26,246357,74199,1949,790,"",1.09,0.55,0.51,0.60,0.40,0.99,0.72,0.72,"",0,0.0,-1,-4.0,1,4.8,1,4.0,-8713,-3.4,3308,4.7,-2204,-53.1,-39,-4.7
"36093","5","56149","77","0","2016","3","","Schenectady County, New York","Private","NAICS 56149 Other business support services","County, NAICS 5-digit -- by ownership sector","All establishment sizes",6,26,26,24,233503,55571,1434,709,"",1.10,0.62,0.61,0.55,0.37,1.28,0.91,0.63,"",0,0.0,0,0.0,-1,-3.7,0,0.0,-35831,-13.3,1794,3.3,-1546,-51.9,-98,-12.1
"36093","5","56149","77","0","2016","4","","Schenectady County, New York","Private","NAICS 56149 Other business support services","County, NAICS 5-digit -- by ownership sector","All establishment sizes",5,23,25,23,280622,16582,407,912,"",0.91,0.51,0.54,0.51,0.44,0.44,0.29,0.85,"",-1,-16.7,-2,-8.0,1,4.2,1,4.5,59855,27.1,1653,11.1,-204,-33.4,194,27.0
"36093","5","561491","78","0","2016","1","N","Schenectady County, New York","Private","NAICS 561491 Repossession services","County, NAICS 6-digit -- by ownership sector","All establishment sizes",2,0,0,0,0,0,0,0,"N",6.14,0,0,0,0,0,0,0,"N",0,0.0,0,0,0,0,0,0,0,0,0,0,0,0,0,0
"36093","5","561491","78","0","2016","2","N","Schenectady County, New York","Private","NAICS 561491 Repossession services","County, NAICS 6-digit -- by ownership sector","All establishment sizes",2,0,0,0,0,0,0,0,"N",6.05,0,0,0,0,0,0,0,"N",0,0.0,0,0,0,0,0,0,0,0,0,0,0,0,0,0
"36093","5","561491","78","0","2016","3","N","Schenectady County, New York","Private","NAICS 561491 Repossession services","County, NAICS 6-digit -- by ownership sector","All establishment sizes",2,0,0,0,0,0,0,0,"N",6.05,0,0,0,0,0,0,0,"N",0,0.0,0,0,0,0,0,0,0,0,0,0,0,0,0,0
"36093","5","561491","78","0","2016","4","N","Schenectady County, New York","Private","NAICS 561491 Repossession services","County, NAICS 6-digit -- by ownership sector","All establishment sizes",2,0,0,0,0,0,0,0,"N",6.04,0,0,0,0,0,0,0,"N",0,0.0,0,0,0,0,0,0,0,0,0,0,0,0,0,0
"36093","5","561499","78","0","2016","1","N","Schenectady County, New York","Private","NAICS 561499 All other business support services","County, NAICS 6-digit -- by ownership sector","All establishment sizes",4,0,0,0,0,0,0,0,"N",0.99,0,0,0,0,0,0,0,"N",0,0.0,0,0,0,0,0,0,0,0,0,0,0,0,0,0
"36093","5","561499","78","0","2016","2","N","Schenectady County, New York","Private","NAICS 561499 All other business support services","County, NAICS 6-digit -- by ownership sector","All establishment sizes",4,0,0,0,0,0,0,0,"N",0.98,0,0,0,0,0,0,0,"N",0,0.0,0,0,0,0,0,0,0,0,0,0,0,0,0,0
"36093","5","561499","78","0","2016","3","N","Schenectady County, New York","Private","NAICS 561499 All other business support services","County, NAICS 6-digit -- by ownership sector","All establishment sizes",4,0,0,0,0,0,0,0,"N",0.99,0,0,0,0,0,0,0,"N",0,0.0,0,0,0,0,0,0,0,0,0,0,0,0,0,0
"36093","5","561499","78","0","2016","4","N","Schenectady County, New York","Private","NAICS 561499 All other business support services","County, NAICS 6-digit -- by ownership sector","All establishment sizes",3,0,0,0,0,0,0,0,"N",0.74,0,0,0,0,0,0,0,"N",-1,-25.0,0,0,0,0,0,0,0,0,0,0,0,0,0,0
"36093","5","5615","76","0","2016","1","N","Schenectady County, New York","Private","NAICS 5615 Travel arrangement and reservation services","County, NAICS 4-digit -- by ownership sector","All establishment sizes",4,0,0,0,0,0,0,0,"N",0.52,0,0,0,0,0,0,0,"N",-1,-20.0,0,0,0,0,0,0,0,0,0,0,0,0,0,0
"36093","5","5615","76","0","2016","2","N","Schenectady County, New York","Private","NAICS 5615 Travel arrangement and reservation services","County, NAICS 4-digit -- by ownership sector","All establishment sizes",4,0,0,0,0,0,0,0,"N",0.51,0,0,0,0,0,0,0,"N",-1,-20.0,0,0,0,0,0,0,0,0,0,0,0,0,0,0
"36093","5","5615","76","0","2016","3","N","Schenectady County, New York","Private","NAICS 5615 Travel arrangement and reservation services","County, NAICS 4-digit -- by ownership sector","All establishment sizes",4,0,0,0,0,0,0,0,"N",0.51,0,0,0,0,0,0,0,"N",-1,-20.0,0,0,0,0,0,0,0,0,0,0,0,0,0,0
"36093","5","5615","76","0","2016","4","N","Schenectady County, New York","Private","NAICS 5615 Travel arrangement and reservation services","County, NAICS 4-digit -- by ownership sector","All establishment sizes",4,0,0,0,0,0,0,0,"N",0.51,0,0,0,0,0,0,0,"N",0,0.0,0,0,0,0,0,0,0,0,0,0,0,0,0,0
"36093","5","56151","77","0","2016","1","","Schenectady County, New York","Private","NAICS 56151 Travel agencies","County, NAICS 5-digit -- by ownership sector","All establishment sizes",3,7,7,7,67646,60117,1022,743,"",0.61,0.17,0.17,0.17,0.10,0.18,0.11,0.60,"",0,0.0,0,0.0,0,0.0,1,16.7,-4120,-5.7,-2050,-3.3,-284,-21.7,-85,-10.3
"36093","5","56151","77","0","2016","2","","Schenectady County, New York","Private","NAICS 56151 Travel agencies","County, NAICS 5-digit -- by ownership sector","All establishment sizes",3,6,6,6,65823,8240,141,844,"",0.61,0.15,0.15,0.14,0.10,0.11,0.06,0.66,"",0,0.0,-1,-14.3,-1,-14.3,-1,-14.3,-6500,-9.0,-1565,-16.0,-65,-31.6,49,6.2
"36093","5","56151","77","0","2016","3","","Schenectady County, New York","Private","NAICS 56151 Travel agencies","County, NAICS 5-digit -- by ownership sector","All establishment sizes",3,6,6,6,76406,407,7,980,"",0.61,0.15,0.15,0.15,0.12,0.01,0.01,0.81,"",0,0.0,-1,-14.3,-1,-14.3,-1,-14.3,-2071,-2.6,-4558,-91.8,-98,-93.3,118,13.7
"36093","5","56151","77","0","2016","4","","Schenectady County, New York","Private","NAICS 56151 Travel agencies","County, NAICS 5-digit -- by ownership sector","All establishment sizes",3,6,6,6,72960,170,3,935,"",0.61,0.15,0.15,0.15,0.12,0.01,0.00,0.78,"",0,0.0,-1,-14.3,-1,-14.3,-1,-14.3,-7532,-9.4,0,0.0,-1,-25.0,50,5.6
"36093","5","561510","78","0","2016","1","","Schenectady County, New York","Private","NAICS 561510 Travel agencies","County, NAICS 6-digit -- by ownership sector","All establishment sizes",3,7,7,7,67646,60117,1022,743,"",0.61,0.17,0.17,0.17,0.10,0.18,0.11,0.60,"",0,0.0,0,0.0,0,0.0,1,16.7,-4120,-5.7,-2050,-3.3,-284,-21.7,-85,-10.3
"36093","5","561510","78","0","2016","2","","Schenectady County, New York","Private","NAICS 561510 Travel agencies","County, NAICS 6-digit -- by ownership sector","All establishment sizes",3,6,6,6,65823,8240,141,844,"",0.61,0.15,0.15,0.14,0.10,0.11,0.06,0.66,"",0,0.0,-1,-14.3,-1,-14.3,-1,-14.3,-6500,-9.0,-1565,-16.0,-65,-31.6,49,6.2
"36093","5","561510","78","0","2016","3","","Schenectady County, New York","Private","NAICS 561510 Travel agencies","County, NAICS 6-digit -- by ownership sector","All establishment sizes",3,6,6,6,76406,407,7,980,"",0.61,0.15,0.15,0.15,0.12,0.01,0.01,0.81,"",0,0.0,-1,-14.3,-1,-14.3,-1,-14.3,-2071,-2.6,-4558,-91.8,-98,-93.3,118,13.7
"36093","5","561510","78","0","2016","4","","Schenectady County, New York","Private","NAICS 561510 Travel agencies","County, NAICS 6-digit -- by ownership sector","All establishment sizes",3,6,6,6,72960,170,3,935,"",0.61,0.15,0.15,0.15,0.12,0.01,0.00,0.78,"",0,0.0,-1,-14.3,-1,-14.3,-1,-14.3,-7532,-9.4,0,0.0,-1,-25.0,50,5.6
"36093","5","56159","77","0","2016","1","N","Schenectady County, New York","Private","NAICS 56159 Other travel arrangement services","County, NAICS 5-digit -- by ownership sector","All establishment sizes",1,0,0,0,0,0,0,0,"N",0.56,0,0,0,0,0,0,0,"N",-1,-50.0,0,0,0,0,0,0,0,0,0,0,0,0,0,0
"36093","5","56159","77","0","2016","2","N","Schenectady County, New York","Private","NAICS 56159 Other travel arrangement services","County, NAICS 5-digit -- by ownership sector","All establishment sizes",1,0,0,0,0,0,0,0,"N",0.55,0,0,0,0,0,0,0,"N",-1,-50.0,0,0,0,0,0,0,0,0,0,0,0,0,0,0
"36093","5","56159","77","0","2016","3","N","Schenectady County, New York","Private","NAICS 56159 Other travel arrangement services","County, NAICS 5-digit -- by ownership sector","All establishment sizes",1,0,0,0,0,0,0,0,"N",0.55,0,0,0,0,0,0,0,"N",-1,-50.0,0,0,0,0,0,0,0,0,0,0,0,0,0,0
"36093","5","56159","77","0","2016","4","N","Schenectady County, New York","Private","NAICS 56159 Other travel arrangement services","County, NAICS 5-digit -- by ownership sector","All establishment sizes",1,0,0,0,0,0,0,0,"N",0.55,0,0,0,0,0,0,0,"N",0,0.0,0,0,0,0,0,0,0,0,0,0,0,0,0,0
"36093","5","561599","78","0","2016","1","N","Schenectady County, New York","Private","NAICS 561599 All other travel arrangement services","County, NAICS 6-digit -- by ownership sector","All establishment sizes",1,0,0,0,0,0,0,0,"N",0.70,0,0,0,0,0,0,0,"N",-1,-50.0,0,0,0,0,0,0,0,0,0,0,0,0,0,0
"36093","5","561599","78","0","2016","2","N","Schenectady County, New York","Private","NAICS 561599 All other travel arrangement services","County, NAICS 6-digit -- by ownership sector","All establishment sizes",1,0,0,0,0,0,0,0,"N",0.69,0,0,0,0,0,0,0,"N",-1,-50.0,0,0,0,0,0,0,0,0,0,0,0,0,0,0
"36093","5","561599","78","0","2016","3","N","Schenectady County, New York","Private","NAICS 561599 All other travel arrangement services","County, NAICS 6-digit -- by ownership sector","All establishment sizes",1,0,0,0,0,0,0,0,"N",0.68,0,0,0,0,0,0,0,"N",-1,-50.0,0,0,0,0,0,0,0,0,0,0,0,0,0,0
"36093","5","561599","78","0","2016","4","N","Schenectady County, New York","Private","NAICS 561599 All other travel arrangement services","County, NAICS 6-digit -- by ownership sector","All establishment sizes",1,0,0,0,0,0,0,0,"N",0.68,0,0,0,0,0,0,0,"N",0,0.0,0,0,0,0,0,0,0,0,0,0,0,0,0,0
"36093","5","5616","76","0","2016","1","","Schenectady County, New York","Private","NAICS 5616 Investigation and security services","County, NAICS 4-digit -- by ownership sector","All establishment sizes",11,86,93,86,599332,565512,15148,522,"",0.93,0.22,0.23,0.22,0.20,0.27,0.21,0.91,"",1,10.0,12,16.2,19,25.7,17,24.6,108547,22.1,104973,22.8,-2423,-13.8,0,0.0
"36093","5","5616","76","0","2016","2","","Schenectady County, New York","Private","NAICS 5616 Investigation and security services","County, NAICS 4-digit -- by ownership sector","All establishment sizes",11,91,97,91,625300,293861,8343,517,"",0.92,0.23,0.24,0.22,0.18,0.39,0.28,0.77,"",1,10.0,22,31.9,20,26.0,14,18.2,58049,10.2,33489,12.9,-2167,-20.6,-70,-11.9
"36093","5","5616","76","0","2016","3","","Schenectady County, New York","Private","NAICS 5616 Investigation and security services","County, NAICS 4-digit -- by ownership sector","All establishment sizes",11,93,95,107,689273,194917,4852,539,"",0.92,0.24,0.24,0.27,0.20,0.42,0.28,0.81,"",0,0.0,8,9.4,11,13.1,20,23.0,134477,24.2,50434,34.9,-1122,-18.8,39,7.8
"36093","5","5616","76","0","2016","4","","Schenectady County, New York","Private","NAICS 5616 Investigation and security services","County, NAICS 4-digit -- by ownership sector","All establishment sizes",11,103,97,95,731341,165010,3760,572,"",0.92,0.25,0.24,0.24,0.22,0.45,0.27,0.92,"",0,0.0,15,17.0,10,11.5,9,10.5,60878,9.1,21118,14.7,-2001,-34.7,-21,-3.5
"36093","5","56161","77","0","2016","1","","Schenectady County, New York","Private","NAICS 56161 Security and armored car services","County, NAICS 5-digit -- by ownership sector","All establishment sizes",8,72,79,72,506782,478655,13565,524,"",1.09,0.22,0.23,0.22,0.23,0.30,0.24,1.06,"N",0,0.0,0,0,0,0,0,0,0,0,0,0,0,0,0,0
"36093","5","56161","77","0","2016","2","","Schenectady County, New York","Private","NAICS 56161 Security and armored car services","County, NAICS 5-digit -- by ownership sector","All establishment sizes",8,78,84,79,536396,275830,7979,514,"",1.08,0.23,0.25,0.23,0.21,0.43,0.31,0.89,"N",0,0.0,0,0,0,0,0,0,0,0,0,0,0,0,0,0
"36093","5","56161","77","0","2016","3","","Schenectady County, New York","Private","NAICS 56161 Security and armored car services","County, NAICS 5-digit -- by ownership sector","All establishment sizes",8,81,83,95,596364,177272,4486,531,"",1.08,0.25,0.25,0.28,0.24,0.44,0.29,0.93,"N",0,0.0,0,0,0,0,0,0,0,0,0,0,0,0,0,0
"36093","5","56161","77","0","2016","4","","Schenectady County, New York","Private","NAICS 56161 Security and armored car services","County, NAICS 5-digit -- by ownership sector","All establishment sizes",8,91,84,83,597422,155825,3502,534,"",1.07,0.26,0.24,0.24,0.25,0.48,0.28,1.02,"",0,0.0,16,21.3,10,13.5,11,15.3,67334,12.7,28626,22.5,-1874,-34.9,-20,-3.6
"36093","5","561612","78","0","2016","1","","Schenectady County, New York","Private","NAICS 561612 Security guards and patrol services","County, NAICS 6-digit -- by ownership sector","All establishment sizes",8,72,79,72,506782,478655,13565,524,"",1.49,0.23,0.26,0.24,0.27,0.33,0.27,1.11,"N",0,0.0,0,0,0,0,0,0,0,0,0,0,0,0,0,0
"36093","5","561612","78","0","2016","2","","Schenectady County, New York","Private","NAICS 561612 Security guards and patrol services","County, NAICS 6-digit -- by ownership sector","All establishment sizes",8,78,84,79,536396,275830,7979,514,"",1.49,0.25,0.27,0.25,0.24,0.47,0.33,0.93,"N",0,0.0,0,0,0,0,0,0,0,0,0,0,0,0,0,0
"36093","5","561612","78","0","2016","3","","Schenectady County, New York","Private","NAICS 561612 Security guards and patrol services","County, NAICS 6-digit -- by ownership sector","All establishment sizes",8,81,83,95,596364,177272,4486,531,"",1.47,0.27,0.27,0.30,0.28,0.48,0.31,0.98,"N",0,0.0,0,0,0,0,0,0,0,0,0,0,0,0,0,0
"36093","5","561612","78","0","2016","4","","Schenectady County, New York","Private","NAICS 561612 Security guards and patrol services","County, NAICS 6-digit -- by ownership sector","All establishment sizes",8,91,84,83,597422,155825,3502,534,"",1.47,0.29,0.26,0.27,0.29,0.52,0.30,1.07,"",0,0.0,16,21.3,10,13.5,11,15.3,67334,12.7,28626,22.5,-1874,-34.9,-20,-3.6
"36093","5","56162","77","0","2016","1","","Schenectady County, New York","Private","NAICS 56162 Security systems services","County, NAICS 5-digit -- by ownership sector","All establishment sizes",3,14,14,14,92550,86857,1583,509,"",0.67,0.23,0.23,0.23,0.11,0.19,0.11,0.50,"N",1,50.0,0,0,0,0,0,0,0,0,0,0,0,0,0,0
"36093","5","56162","77","0","2016","2","","Schenectady County, New York","Private","NAICS 56162 Security systems services","County, NAICS 5-digit -- by ownership sector","All establishment sizes",3,13,13,12,88904,18031,364,540,"",0.66,0.21,0.21,0.19,0.09,0.17,0.10,0.45,"N",1,50.0,0,0,0,0,0,0,0,0,0,0,0,0,0,0
"36093","5","56162","77","0","2016","3","","Schenectady County, New York","Private","NAICS 56162 Security systems services","County, NAICS 5-digit -- by ownership sector","All establishment sizes",3,12,12,12,92909,17645,366,596,"",0.66,0.20,0.20,0.20,0.10,0.29,0.19,0.50,"N",0,0.0,0,0,0,0,0,0,0,0,0,0,0,0,0,0
"36093","5","56162","77","0","2016","4","","Schenectady County, New York","Private","NAICS 56162 Security systems services","County, NAICS 5-digit -- by ownership sector","All establishment sizes",3,12,13,12,133919,9185,258,835,"",0.66,0.20,0.21,0.20,0.15,0.21,0.18,0.72,"",0,0.0,-1,-7.7,0,0.0,-2,-14.3,-6456,-4.6,-7508,-45.0,-127,-33.0,25,3.1
"36093","5","561621","78","0","2016","1","N","Schenectady County, New York","Private","NAICS 561621 Security systems services, except locksmiths","County, NAICS 6-digit -- by ownership sector","All establishment sizes",1,0,0,0,0,0,0,0,"N",0.32,0,0,0,0,0,0,0,"N",1,100.0,0,0,0,0,0,0,0,0,0,0,0,0,0,0
"36093","5","561621","78","0","2016","2","N","Schenectady County, New York","Private","NAICS 561621 Security systems services, except locksmiths","County, NAICS 6-digit -- by ownership sector","All establishment sizes",1,0,0,0,0,0,0,0,"N",0.32,0,0,0,0,0,0,0,"N",1,100.0,0,0,0,0,0,0,0,0,0,0,0,0,0,0
"36093","5","561621","78","0","2016","3","N","Schenectady County, New York","Private","NAICS 561621 Security systems services, except locksmiths","County, NAICS 6-digit -- by ownership sector","All establishment sizes",1,0,0,0,0,0,0,0,"N",0.32,0,0,0,0,0,0,0,"N",0,0.0,0,0,0,0,0,0,0,0,0,0,0,0,0,0
"36093","5","561621","78","0","2016","4","N","Schenectady County, New York","Private","NAICS 561621 Security systems services, except locksmiths","County, NAICS 6-digit -- by ownership sector","All establishment sizes",1,0,0,0,0,0,0,0,"N",0.32,0,0,0,0,0,0,0,"N",0,0.0,0,0,0,0,0,0,0,0,0,0,0,0,0,0
"36093","5","561622","78","0","2016","1","N","Schenectady County, New York","Private","NAICS 561622 Locksmiths","County, NAICS 6-digit -- by ownership sector","All establishment sizes",2,0,0,0,0,0,0,0,"N",1.47,0,0,0,0,0,0,0,"N",0,0.0,0,0,0,0,0,0,0,0,0,0,0,0,0,0
"36093","5","561622","78","0","2016","2","N","Schenectady County, New York","Private","NAICS 561622 Locksmiths","County, NAICS 6-digit -- by ownership sector","All establishment sizes",2,0,0,0,0,0,0,0,"N",1.45,0,0,0,0,0,0,0,"N",0,0.0,0,0,0,0,0,0,0,0,0,0,0,0,0,0
"36093","5","561622","78","0","2016","3","N","Schenectady County, New York","Private","NAICS 561622 Locksmiths","County, NAICS 6-digit -- by ownership sector","All establishment sizes",2,0,0,0,0,0,0,0,"N",1.44,0,0,0,0,0,0,0,"N",0,0.0,0,0,0,0,0,0,0,0,0,0,0,0,0,0
"36093","5","561622","78","0","2016","4","N","Schenectady County, New York","Private","NAICS 561622 Locksmiths","County, NAICS 6-digit -- by ownership sector","All establishment sizes",2,0,0,0,0,0,0,0,"N",1.44,0,0,0,0,0,0,0,"N",0,0.0,0,0,0,0,0,0,0,0,0,0,0,0,0,0
"36093","5","5617","76","0","2016","1","","Schenectady County, New York","Private","NAICS 5617 Services to buildings and dwellings","County, NAICS 4-digit -- by ownership sector","All establishment sizes",138,533,533,571,3104055,2682019,143304,438,"",1.88,0.64,0.64,0.67,0.59,0.69,1.10,0.91,"",1,0.7,41,8.3,22,4.3,82,16.8,259574,9.1,264578,10.9,117,0.1,-2,-0.5
"36093","5","5617","76","0","2016","2","","Schenectady County, New York","Private","NAICS 5617 Services to buildings and dwellings","County, NAICS 4-digit -- by ownership sector","All establishment sizes",144,702,753,768,5014963,2981657,189383,521,"",1.92,0.76,0.79,0.78,0.68,1.47,1.91,0.88,"",4,2.9,51,7.8,35,4.9,17,2.3,373443,8.0,242014,8.8,6463,3.5,16,3.2
"36093","5","5617","76","0","2016","3","","Schenectady County, New York","Private","NAICS 5617 Services to buildings and dwellings","County, NAICS 4-digit -- by ownership sector","All establishment sizes",143,767,774,753,5345647,1869148,112926,538,"",1.90,0.82,0.83,0.81,0.74,1.42,1.92,0.91,"",4,2.9,-59,-7.1,-9,-1.1,-19,-2.5,184157,3.6,-164080,-8.1,-17304,-13.3,38,7.6
"36093","5","5617","76","0","2016","4","","Schenectady County, New York","Private","NAICS 5617 Services to buildings and dwellings","County, NAICS 4-digit -- by ownership sector","All establishment sizes",144,695,688,585,4810082,935480,52819,564,"",1.91,0.74,0.75,0.67,0.73,1.07,1.60,1.01,"",3,2.1,-52,-7.0,-38,-5.2,-69,-10.6,-1041499,-17.8,-59046,-5.9,1185,2.3,-71,-11.2
"36093","5","56171","77","0","2016","1","N","Schenectady County, New York","Private","NAICS 56171 Exterminating and pest control services","County, NAICS 5-digit -- by ownership sector","All establishment sizes",5,0,0,0,0,0,0,0,"N",1.01,0,0,0,0,0,0,0,"N",1,25.0,0,0,0,0,0,0,0,0,0,0,0,0,0,0
"36093","5","56171","77","0","2016","2","N","Schenectady County, New York","Private","NAICS 56171 Exterminating and pest control services","County, NAICS 5-digit -- by ownership sector","All establishment sizes",5,0,0,0,0,0,0,0,"N",1.00,0,0,0,0,0,0,0,"N",0,0.0,0,0,0,0,0,0,0,0,0,0,0,0,0,0
"36093","5","56171","77","0","2016","3","N","Schenectady County, New York","Private","NAICS 56171 Exterminating and pest control services","County, NAICS 5-digit -- by ownership sector","All establishment sizes",4,0,0,0,0,0,0,0,"N",0.79,0,0,0,0,0,0,0,"N",-1,-20.0,0,0,0,0,0,0,0,0,0,0,0,0,0,0
"36093","5","56171","77","0","2016","4","N","Schenectady County, New York","Private","NAICS 56171 Exterminating and pest control services","County, NAICS 5-digit -- by ownership sector","All establishment sizes",4,0,0,0,0,0,0,0,"N",0.79,0,0,0,0,0,0,0,"N",-1,-20.0,0,0,0,0,0,0,0,0,0,0,0,0,0,0
"36093","5","561710","78","0","2016","1","N","Schenectady County, New York","Private","NAICS 561710 Exterminating and pest control services","County, NAICS 6-digit -- by ownership sector","All establishment sizes",5,0,0,0,0,0,0,0,"N",1.01,0,0,0,0,0,0,0,"N",1,25.0,0,0,0,0,0,0,0,0,0,0,0,0,0,0
"36093","5","561710","78","0","2016","2","N","Schenectady County, New York","Private","NAICS 561710 Exterminating and pest control services","County, NAICS 6-digit -- by ownership sector","All establishment sizes",5,0,0,0,0,0,0,0,"N",1.00,0,0,0,0,0,0,0,"N",0,0.0,0,0,0,0,0,0,0,0,0,0,0,0,0,0
"36093","5","561710","78","0","2016","3","N","Schenectady County, New York","Private","NAICS 561710 Exterminating and pest control services","County, NAICS 6-digit -- by ownership sector","All establishment sizes",4,0,0,0,0,0,0,0,"N",0.79,0,0,0,0,0,0,0,"N",-1,-20.0,0,0,0,0,0,0,0,0,0,0,0,0,0,0
"36093","5","561710","78","0","2016","4","N","Schenectady County, New York","Private","NAICS 561710 Exterminating and pest control services","County, NAICS 6-digit -- by ownership sector","All establishment sizes",4,0,0,0,0,0,0,0,"N",0.79,0,0,0,0,0,0,0,"N",-1,-20.0,0,0,0,0,0,0,0,0,0,0,0,0,0,0
"36093","5","56172","77","0","2016","1","","Schenectady County, New York","Private","NAICS 56172 Janitorial services","County, NAICS 5-digit -- by ownership sector","All establishment sizes",46,313,306,296,1120443,1053433,37641,283,"",1.90,0.67,0.65,0.63,0.47,0.58,0.72,0.73,"",0,0.0,46,17.2,36,13.3,12,4.2,147243,15.1,120223,12.9,-2562,-6.4,9,3.3
"36093","5","56172","77","0","2016","2","","Schenectady County, New York","Private","NAICS 56172 Janitorial services","County, NAICS 5-digit -- by ownership sector","All establishment sizes",47,316,308,306,1374059,993636,40828,341,"",1.91,0.66,0.65,0.64,0.48,1.14,1.42,0.74,"",1,2.2,22,7.5,16,5.5,9,3.0,282243,25.9,202679,25.6,7393,22.1,56,19.6
"36093","5","56172","77","0","2016","3","","Schenectady County, New York","Private","NAICS 56172 Janitorial services","County, NAICS 5-digit -- by ownership sector","All establishment sizes",48,306,318,304,1407879,684743,25331,350,"",1.94,0.66,0.68,0.65,0.51,1.17,1.40,0.77,"",3,6.7,-39,-11.3,-7,-2.2,-32,-9.5,40198,2.9,-105397,-13.3,-10703,-29.7,36,11.5
"36093","5","56172","77","0","2016","4","","Schenectady County, New York","Private","NAICS 56172 Janitorial services","County, NAICS 5-digit -- by ownership sector","All establishment sizes",48,263,274,260,1187604,401950,13808,344,"",1.93,0.55,0.57,0.55,0.45,0.88,1.01,0.80,"",2,4.3,-57,-17.8,-50,-15.4,-68,-20.7,-164473,-12.2,-129053,-24.3,-6100,-30.6,23,7.2
"36093","5","561720","78","0","2016","1","","Schenectady County, New York","Private","NAICS 561720 Janitorial services","County, NAICS 6-digit -- by ownership sector","All establishment sizes",46,313,306,296,1120443,1053433,37641,283,"",1.90,0.67,0.65,0.63,0.47,0.58,0.72,0.73,"",0,0.0,46,17.2,36,13.3,12,4.2,147243,15.1,120223,12.9,-2562,-6.4,9,3.3
"36093","5","561720","78","0","2016","2","","Schenectady County, New York","Private","NAICS 561720 Janitorial services","County, NAICS 6-digit -- by ownership sector","All establishment sizes",47,316,308,306,1374059,993636,40828,341,"",1.91,0.66,0.65,0.64,0.48,1.14,1.42,0.74,"",1,2.2,22,7.5,16,5.5,9,3.0,282243,25.9,202679,25.6,7393,22.1,56,19.6
"36093","5","561720","78","0","2016","3","","Schenectady County, New York","Private","NAICS 561720 Janitorial services","County, NAICS 6-digit -- by ownership sector","All establishment sizes",48,306,318,304,1407879,684743,25331,350,"",1.94,0.66,0.68,0.65,0.51,1.17,1.40,0.77,"",3,6.7,-39,-11.3,-7,-2.2,-32,-9.5,40198,2.9,-105397,-13.3,-10703,-29.7,36,11.5
"36093","5","561720","78","0","2016","4","","Schenectady County, New York","Private","NAICS 561720 Janitorial services","County, NAICS 6-digit -- by ownership sector","All establishment sizes",48,263,274,260,1187604,401950,13808,344,"",1.93,0.55,0.57,0.55,0.45,0.88,1.01,0.80,"",2,4.3,-57,-17.8,-50,-15.4,-68,-20.7,-164473,-12.2,-129053,-24.3,-6100,-30.6,23,7.2
"36093","5","56173","77","0","2016","1","","Schenectady County, New York","Private","NAICS 56173 Landscaping services","County, NAICS 5-digit -- by ownership sector","All establishment sizes",75,145,155,200,1199456,1024154,68438,554,"",2.07,0.56,0.59,0.71,0.61,0.71,1.18,0.98,"",1,1.4,-7,-4.6,-13,-7.7,66,49.3,122646,11.4,123849,13.8,7525,12.4,7,1.3
"36093","5","56173","77","0","2016","2","","Schenectady County, New York","Private","NAICS 56173 Landscaping services","County, NAICS 5-digit -- by ownership sector","All establishment sizes",80,300,355,371,2529423,1697889,129986,569,"",2.15,0.88,0.98,0.98,0.76,1.80,2.14,0.81,"",5,6.7,29,10.7,23,6.9,13,3.6,120620,5.0,71893,4.4,5477,4.4,-9,-1.6
"36093","5","56173","77","0","2016","3","","Schenectady County, New York","Private","NAICS 56173 Landscaping services","County, NAICS 5-digit -- by ownership sector","All establishment sizes",79,373,364,356,2807243,1035418,77415,593,"",2.11,1.03,1.02,1.01,0.85,1.73,2.20,0.83,"",3,3.9,-9,-2.4,2,0.6,7,2.0,170320,6.5,-46702,-4.3,-3812,-4.7,36,6.5
"36093","5","56173","77","0","2016","4","","Schenectady County, New York","Private","NAICS 56173 Landscaping services","County, NAICS 5-digit -- by ownership sector","All establishment sizes",79,340,319,241,2386165,388416,27997,612,"",2.11,0.97,0.95,0.80,0.82,1.19,1.74,0.90,"",2,2.6,5,1.5,-1,-0.3,-4,-1.6,-40103,-1.7,-10938,-2.7,1615,6.1,-10,-1.6
"36093","5","561730","78","0","2016","1","","Schenectady County, New York","Private","NAICS 561730 Landscaping services","County, NAICS 6-digit -- by ownership sector","All establishment sizes",75,145,155,200,1199456,1024154,68438,554,"",2.07,0.56,0.59,0.71,0.61,0.71,1.18,0.98,"",1,1.4,-7,-4.6,-13,-7.7,66,49.3,122646,11.4,123849,13.8,7525,12.4,7,1.3
"36093","5","561730","78","0","2016","2","","Schenectady County, New York","Private","NAICS 561730 Landscaping services","County, NAICS 6-digit -- by ownership sector","All establishment sizes",80,300,355,371,2529423,1697889,129986,569,"",2.15,0.88,0.98,0.98,0.76,1.80,2.14,0.81,"",5,6.7,29,10.7,23,6.9,13,3.6,120620,5.0,71893,4.4,5477,4.4,-9,-1.6
"36093","5","561730","78","0","2016","3","","Schenectady County, New York","Private","NAICS 561730 Landscaping services","County, NAICS 6-digit -- by ownership sector","All establishment sizes",79,373,364,356,2807243,1035418,77415,593,"",2.11,1.03,1.02,1.01,0.85,1.73,2.20,0.83,"",3,3.9,-9,-2.4,2,0.6,7,2.0,170320,6.5,-46702,-4.3,-3812,-4.7,36,6.5
"36093","5","561730","78","0","2016","4","","Schenectady County, New York","Private","NAICS 561730 Landscaping services","County, NAICS 6-digit -- by ownership sector","All establishment sizes",79,340,319,241,2386165,388416,27997,612,"",2.11,0.97,0.95,0.80,0.82,1.19,1.74,0.90,"",2,2.6,5,1.5,-1,-0.3,-4,-1.6,-40103,-1.7,-10938,-2.7,1615,6.1,-10,-1.6
"36093","5","56174","77","0","2016","1","N","Schenectady County, New York","Private","NAICS 56174 Carpet and upholstery cleaning services","County, NAICS 5-digit -- by ownership sector","All establishment sizes",2,0,0,0,0,0,0,0,"N",0.70,0,0,0,0,0,0,0,"N",-1,-33.3,0,0,0,0,0,0,0,0,0,0,0,0,0,0
"36093","5","56174","77","0","2016","2","N","Schenectady County, New York","Private","NAICS 56174 Carpet and upholstery cleaning services","County, NAICS 5-digit -- by ownership sector","All establishment sizes",2,0,0,0,0,0,0,0,"N",0.70,0,0,0,0,0,0,0,"N",-1,-33.3,0,0,0,0,0,0,0,0,0,0,0,0,0,0
"36093","5","56174","77","0","2016","3","N","Schenectady County, New York","Private","NAICS 56174 Carpet and upholstery cleaning services","County, NAICS 5-digit -- by ownership sector","All establishment sizes",2,0,0,0,0,0,0,0,"N",0.70,0,0,0,0,0,0,0,"N",0,0.0,0,0,0,0,0,0,0,0,0,0,0,0,0,0
"36093","5","56174","77","0","2016","4","N","Schenectady County, New York","Private","NAICS 56174 Carpet and upholstery cleaning services","County, NAICS 5-digit -- by ownership sector","All establishment sizes",3,0,0,0,0,0,0,0,"N",1.05,0,0,0,0,0,0,0,"N",1,50.0,0,0,0,0,0,0,0,0,0,0,0,0,0,0
"36093","5","561740","78","0","2016","1","N","Schenectady County, New York","Private","NAICS 561740 Carpet and upholstery cleaning services","County, NAICS 6-digit -- by ownership sector","All establishment sizes",2,0,0,0,0,0,0,0,"N",0.70,0,0,0,0,0,0,0,"N",-1,-33.3,0,0,0,0,0,0,0,0,0,0,0,0,0,0
"36093","5","561740","78","0","2016","2","N","Schenectady County, New York","Private","NAICS 561740 Carpet and upholstery cleaning services","County, NAICS 6-digit -- by ownership sector","All establishment sizes",2,0,0,0,0,0,0,0,"N",0.70,0,0,0,0,0,0,0,"N",-1,-33.3,0,0,0,0,0,0,0,0,0,0,0,0,0,0
"36093","5","561740","78","0","2016","3","N","Schenectady County, New York","Private","NAICS 561740 Carpet and upholstery cleaning services","County, NAICS 6-digit -- by ownership sector","All establishment sizes",2,0,0,0,0,0,0,0,"N",0.70,0,0,0,0,0,0,0,"N",0,0.0,0,0,0,0,0,0,0,0,0,0,0,0,0,0
"36093","5","561740","78","0","2016","4","N","Schenectady County, New York","Private","NAICS 561740 Carpet and upholstery cleaning services","County, NAICS 6-digit -- by ownership sector","All establishment sizes",3,0,0,0,0,0,0,0,"N",1.05,0,0,0,0,0,0,0,"N",1,50.0,0,0,0,0,0,0,0,0,0,0,0,0,0,0
"36093","5","56179","77","0","2016","1","","Schenectady County, New York","Private","NAICS 56179 Other services to buildings and dwellings","County, NAICS 5-digit -- by ownership sector","All establishment sizes",10,46,45,50,529681,384814,32919,867,"",1.92,1.31,1.27,1.42,1.72,1.92,4.42,1.29,"",0,0.0,0,0.0,-1,-2.2,7,16.3,-25352,-4.6,9834,2.6,-527,-1.6,-82,-8.6
"36093","5","56179","77","0","2016","2","","Schenectady County, New York","Private","NAICS 56179 Other services to buildings and dwellings","County, NAICS 5-digit -- by ownership sector","All establishment sizes",10,58,60,61,824951,212382,17006,1064,"",1.88,1.53,1.48,1.34,2.07,2.60,3.78,1.43,"",-1,-9.1,4,7.4,-6,-9.1,-8,-11.6,-53319,-6.1,-43226,-16.9,-4894,-22.3,-8,-0.7
"36093","5","56179","77","0","2016","3","","Schenectady County, New York","Private","NAICS 56179 Other services to buildings and dwellings","County, NAICS 5-digit -- by ownership sector","All establishment sizes",10,61,60,64,810056,120346,9654,1010,"",1.86,1.39,1.37,1.53,1.99,2.10,3.59,1.39,"",-1,-9.1,-9,-12.9,-6,-9.1,4,6.7,-71152,-8.1,-23548,-16.4,-2564,-21.0,-28,-2.7
"36093","5","56179","77","0","2016","4","","Schenectady County, New York","Private","NAICS 56179 Other services to buildings and dwellings","County, NAICS 5-digit -- by ownership sector","All establishment sizes",10,63,64,53,909406,125569,10653,1166,"",1.85,1.61,1.68,1.40,2.43,3.58,6.94,1.55,"",-1,-9.1,-2,-3.1,9,16.4,2,3.9,-860111,-48.6,66080,111.1,5527,107.8,-1222,-51.2
"36093","5","561790","78","0","2016","1","","Schenectady County, New York","Private","NAICS 561790 Other services to buildings and dwellings","County, NAICS 6-digit -- by ownership sector","All establishment sizes",10,46,45,50,529681,384814,32919,867,"",1.92,1.31,1.27,1.42,1.72,1.92,4.42,1.29,"",0,0.0,0,0.0,-1,-2.2,7,16.3,-25352,-4.6,9834,2.6,-527,-1.6,-82,-8.6
"36093","5","561790","78","0","2016","2","","Schenectady County, New York","Private","NAICS 561790 Other services to buildings and dwellings","County, NAICS 6-digit -- by ownership sector","All establishment sizes",10,58,60,61,824951,212382,17006,1064,"",1.88,1.53,1.48,1.34,2.07,2.60,3.78,1.43,"",-1,-9.1,4,7.4,-6,-9.1,-8,-11.6,-53319,-6.1,-43226,-16.9,-4894,-22.3,-8,-0.7
"36093","5","561790","78","0","2016","3","","Schenectady County, New York","Private","NAICS 561790 Other services to buildings and dwellings","County, NAICS 6-digit -- by ownership sector","All establishment sizes",10,61,60,64,810056,120346,9654,1010,"",1.86,1.39,1.37,1.53,1.99,2.10,3.59,1.39,"",-1,-9.1,-9,-12.9,-6,-9.1,4,6.7,-71152,-8.1,-23548,-16.4,-2564,-21.0,-28,-2.7
"36093","5","561790","78","0","2016","4","","Schenectady County, New York","Private","NAICS 561790 Other services to buildings and dwellings","County, NAICS 6-digit -- by ownership sector","All establishment sizes",10,63,64,53,909406,125569,10653,1166,"",1.85,1.61,1.68,1.40,2.43,3.58,6.94,1.55,"",-1,-9.1,-2,-3.1,9,16.4,2,3.9,-860111,-48.6,66080,111.1,5527,107.8,-1222,-51.2
"36093","5","5619","76","0","2016","1","N","Schenectady County, New York","Private","NAICS 5619 Other support services","County, NAICS 4-digit -- by ownership sector","All establishment sizes",3,0,0,0,0,0,0,0,"N",0.31,0,0,0,0,0,0,0,"N",0,0.0,0,0,0,0,0,0,0,0,0,0,0,0,0,0
"36093","5","5619","76","0","2016","2","N","Schenectady County, New York","Private","NAICS 5619 Other support services","County, NAICS 4-digit -- by ownership sector","All establishment sizes",3,0,0,0,0,0,0,0,"N",0.31,0,0,0,0,0,0,0,"N",0,0.0,0,0,0,0,0,0,0,0,0,0,0,0,0,0
"36093","5","5619","76","0","2016","3","N","Schenectady County, New York","Private","NAICS 5619 Other support services","County, NAICS 4-digit -- by ownership sector","All establishment sizes",3,0,0,0,0,0,0,0,"N",0.31,0,0,0,0,0,0,0,"N",0,0.0,0,0,0,0,0,0,0,0,0,0,0,0,0,0
"36093","5","5619","76","0","2016","4","N","Schenectady County, New York","Private","NAICS 5619 Other support services","County, NAICS 4-digit -- by ownership sector","All establishment sizes",3,0,0,0,0,0,0,0,"N",0.31,0,0,0,0,0,0,0,"N",0,0.0,0,0,0,0,0,0,0,0,0,0,0,0,0,0
"36093","5","56199","77","0","2016","1","N","Schenectady County, New York","Private","NAICS 56199 All other support services","County, NAICS 5-digit -- by ownership sector","All establishment sizes",3,0,0,0,0,0,0,0,"N",0.42,0,0,0,0,0,0,0,"N",0,0.0,0,0,0,0,0,0,0,0,0,0,0,0,0,0
"36093","5","56199","77","0","2016","2","N","Schenectady County, New York","Private","NAICS 56199 All other support services","County, NAICS 5-digit -- by ownership sector","All establishment sizes",3,0,0,0,0,0,0,0,"N",0.41,0,0,0,0,0,0,0,"N",0,0.0,0,0,0,0,0,0,0,0,0,0,0,0,0,0
"36093","5","56199","77","0","2016","3","N","Schenectady County, New York","Private","NAICS 56199 All other support services","County, NAICS 5-digit -- by ownership sector","All establishment sizes",3,0,0,0,0,0,0,0,"N",0.41,0,0,0,0,0,0,0,"N",0,0.0,0,0,0,0,0,0,0,0,0,0,0,0,0,0
"36093","5","56199","77","0","2016","4","N","Schenectady County, New York","Private","NAICS 56199 All other support services","County, NAICS 5-digit -- by ownership sector","All establishment sizes",3,0,0,0,0,0,0,0,"N",0.41,0,0,0,0,0,0,0,"N",0,0.0,0,0,0,0,0,0,0,0,0,0,0,0,0,0
"36093","5","561990","78","0","2016","1","N","Schenectady County, New York","Private","NAICS 561990 All other support services","County, NAICS 6-digit -- by ownership sector","All establishment sizes",3,0,0,0,0,0,0,0,"N",0.42,0,0,0,0,0,0,0,"N",0,0.0,0,0,0,0,0,0,0,0,0,0,0,0,0,0
"36093","5","561990","78","0","2016","2","N","Schenectady County, New York","Private","NAICS 561990 All other support services","County, NAICS 6-digit -- by ownership sector","All establishment sizes",3,0,0,0,0,0,0,0,"N",0.41,0,0,0,0,0,0,0,"N",0,0.0,0,0,0,0,0,0,0,0,0,0,0,0,0,0
"36093","5","561990","78","0","2016","3","N","Schenectady County, New York","Private","NAICS 561990 All other support services","County, NAICS 6-digit -- by ownership sector","All establishment sizes",3,0,0,0,0,0,0,0,"N",0.41,0,0,0,0,0,0,0,"N",0,0.0,0,0,0,0,0,0,0,0,0,0,0,0,0,0
"36093","5","561990","78","0","2016","4","N","Schenectady County, New York","Private","NAICS 561990 All other support services","County, NAICS 6-digit -- by ownership sector","All establishment sizes",3,0,0,0,0,0,0,0,"N",0.41,0,0,0,0,0,0,0,"N",0,0.0,0,0,0,0,0,0,0,0,0,0,0,0,0,0
"36093","5","562","75","0","2016","1","","Schenectady County, New York","Private","NAICS 562 Waste management and remediation services","County, NAICS 3-digit -- by ownership sector","All establishment sizes",17,266,283,310,4332821,2791119,230135,1164,"",1.76,1.52,1.61,1.77,1.83,2.00,4.37,1.12,"",2,13.3,41,18.2,45,18.9,20,6.9,122748,2.9,323789,13.1,19252,9.1,-126,-9.8
"36093","5","562","75","0","2016","2","","Schenectady County, New York","Private","NAICS 562 Waste management and remediation services","County, NAICS 3-digit -- by ownership sector","All establishment sizes",17,306,295,326,4497109,624376,49178,1120,"",1.75,1.72,1.66,1.78,1.62,1.64,3.00,0.94,"",1,6.2,-27,-8.1,-7,-2.3,2,0.6,-719652,-13.8,-456223,-42.2,-46342,-48.5,-135,-10.8
"36093","5","562","75","0","2016","3","","Schenectady County, New York","Private","NAICS 562 Waste management and remediation services","County, NAICS 3-digit -- by ownership sector","All establishment sizes",17,324,316,308,5651190,365575,29445,1376,"",1.75,1.84,1.80,1.74,2.06,1.68,3.10,1.15,"",1,6.2,-34,-9.5,-23,-6.8,-50,-14.0,-641282,-10.2,-579395,-61.3,-40105,-57.7,0,0.0
"36093","5","562","75","0","2016","4","","Schenectady County, New York","Private","NAICS 562 Waste management and remediation services","County, NAICS 3-digit -- by ownership sector","All establishment sizes",16,295,299,325,5065467,367181,31199,1272,"",1.64,1.64,1.66,1.83,1.95,2.55,5.01,1.14,"",0,0.0,-8,-2.6,6,2.0,8,2.5,-315322,-5.9,-30216,-7.6,-3796,-10.8,-88,-6.5
"36093","5","5621","76","0","2016","1","","Schenectady County, New York","Private","NAICS 5621 Waste collection","County, NAICS 4-digit -- by ownership sector","All establishment sizes",3,44,44,45,404931,324966,16147,703,"",0.78,0.60,0.60,0.61,0.46,0.59,0.88,0.76,"",0,0.0,2,4.8,1,2.3,2,4.7,16784,4.3,27937,9.4,-609,-3.6,3,0.4
"36093","5","5621","76","0","2016","2","","Schenectady County, New York","Private","NAICS 5621 Waste collection","County, NAICS 4-digit -- by ownership sector","All establishment sizes",3,44,45,46,419140,109576,5654,716,"",0.78,0.59,0.60,0.60,0.40,0.73,1.10,0.67,"",0,0.0,0,0.0,3,7.1,-1,-2.1,37192,9.7,145,0.1,-1135,-16.7,53,8.0
"36093","5","5621","76","0","2016","3","","Schenectady County, New York","Private","NAICS 5621 Waste collection","County, NAICS 4-digit -- by ownership sector","All establishment sizes",3,48,49,47,459992,55416,3039,737,"",0.78,0.66,0.67,0.63,0.44,0.66,1.08,0.68,"",0,0.0,3,6.7,5,11.4,4,9.3,49292,12.0,-8413,-13.2,-987,-24.5,19,2.6
"36093","5","5621","76","0","2016","4","N","Schenectady County, New York","Private","NAICS 5621 Waste collection","County, NAICS 4-digit -- by ownership sector","All establishment sizes",3,0,0,0,0,0,0,0,"N",0.78,0,0,0,0,0,0,0,"N",0,0.0,0,0,0,0,0,0,0,0,0,0,0,0,0,0
"36093","5","56211","77","0","2016","1","","Schenectady County, New York","Private","NAICS 56211 Waste collection","County, NAICS 5-digit -- by ownership sector","All establishment sizes",3,44,44,45,404931,324966,16147,703,"",0.78,0.60,0.60,0.61,0.46,0.59,0.88,0.76,"",0,0.0,2,4.8,1,2.3,2,4.7,16784,4.3,27937,9.4,-609,-3.6,3,0.4
"36093","5","56211","77","0","2016","2","","Schenectady County, New York","Private","NAICS 56211 Waste collection","County, NAICS 5-digit -- by ownership sector","All establishment sizes",3,44,45,46,419140,109576,5654,716,"",0.78,0.59,0.60,0.60,0.40,0.73,1.10,0.67,"",0,0.0,0,0.0,3,7.1,-1,-2.1,37192,9.7,145,0.1,-1135,-16.7,53,8.0
"36093","5","56211","77","0","2016","3","","Schenectady County, New York","Private","NAICS 56211 Waste collection","County, NAICS 5-digit -- by ownership sector","All establishment sizes",3,48,49,47,459992,55416,3039,737,"",0.78,0.66,0.67,0.63,0.44,0.66,1.08,0.68,"",0,0.0,3,6.7,5,11.4,4,9.3,49292,12.0,-8413,-13.2,-987,-24.5,19,2.6
"36093","5","56211","77","0","2016","4","N","Schenectady County, New York","Private","NAICS 56211 Waste collection","County, NAICS 5-digit -- by ownership sector","All establishment sizes",3,0,0,0,0,0,0,0,"N",0.78,0,0,0,0,0,0,0,"N",0,0.0,0,0,0,0,0,0,0,0,0,0,0,0,0,0
"36093","5","562111","78","0","2016","1","N","Schenectady County, New York","Private","NAICS 562111 Solid waste collection","County, NAICS 6-digit -- by ownership sector","All establishment sizes",1,0,0,0,0,0,0,0,"N",0.32,0,0,0,0,0,0,0,"N",0,0.0,0,0,0,0,0,0,0,0,0,0,0,0,0,0
"36093","5","562111","78","0","2016","2","N","Schenectady County, New York","Private","NAICS 562111 Solid waste collection","County, NAICS 6-digit -- by ownership sector","All establishment sizes",1,0,0,0,0,0,0,0,"N",0.32,0,0,0,0,0,0,0,"N",0,0.0,0,0,0,0,0,0,0,0,0,0,0,0,0,0
"36093","5","562111","78","0","2016","3","N","Schenectady County, New York","Private","NAICS 562111 Solid waste collection","County, NAICS 6-digit -- by ownership sector","All establishment sizes",1,0,0,0,0,0,0,0,"N",0.32,0,0,0,0,0,0,0,"N",0,0.0,0,0,0,0,0,0,0,0,0,0,0,0,0,0
"36093","5","562111","78","0","2016","4","N","Schenectady County, New York","Private","NAICS 562111 Solid waste collection","County, NAICS 6-digit -- by ownership sector","All establishment sizes",1,0,0,0,0,0,0,0,"N",0.32,0,0,0,0,0,0,0,"N",0,0.0,0,0,0,0,0,0,0,0,0,0,0,0,0,0
"36093","5","562112","78","0","2016","1","N","Schenectady County, New York","Private","NAICS 562112 Hazardous waste collection","County, NAICS 6-digit -- by ownership sector","All establishment sizes",1,0,0,0,0,0,0,0,"N",4.32,0,0,0,0,0,0,0,"N",0,0.0,0,0,0,0,0,0,0,0,0,0,0,0,0,0
"36093","5","562112","78","0","2016","2","N","Schenectady County, New York","Private","NAICS 562112 Hazardous waste collection","County, NAICS 6-digit -- by ownership sector","All establishment sizes",1,0,0,0,0,0,0,0,"N",4.20,0,0,0,0,0,0,0,"N",0,0.0,0,0,0,0,0,0,0,0,0,0,0,0,0,0
"36093","5","562112","78","0","2016","3","N","Schenectady County, New York","Private","NAICS 562112 Hazardous waste collection","County, NAICS 6-digit -- by ownership sector","All establishment sizes",1,0,0,0,0,0,0,0,"N",4.19,0,0,0,0,0,0,0,"N",0,0.0,0,0,0,0,0,0,0,0,0,0,0,0,0,0
"36093","5","562112","78","0","2016","4","N","Schenectady County, New York","Private","NAICS 562112 Hazardous waste collection","County, NAICS 6-digit -- by ownership sector","All establishment sizes",1,0,0,0,0,0,0,0,"N",4.19,0,0,0,0,0,0,0,"N",0,0.0,0,0,0,0,0,0,0,0,0,0,0,0,0,0
"36093","5","562119","78","0","2016","1","N","Schenectady County, New York","Private","NAICS 562119 Other waste collection","County, NAICS 6-digit -- by ownership sector","All establishment sizes",1,0,0,0,0,0,0,0,"N",2.12,0,0,0,0,0,0,0,"N",0,0.0,0,0,0,0,0,0,0,0,0,0,0,0,0,0
"36093","5","562119","78","0","2016","2","N","Schenectady County, New York","Private","NAICS 562119 Other waste collection","County, NAICS 6-digit -- by ownership sector","All establishment sizes",1,0,0,0,0,0,0,0,"N",2.09,0,0,0,0,0,0,0,"N",0,0.0,0,0,0,0,0,0,0,0,0,0,0,0,0,0
"36093","5","562119","78","0","2016","3","N","Schenectady County, New York","Private","NAICS 562119 Other waste collection","County, NAICS 6-digit -- by ownership sector","All establishment sizes",1,0,0,0,0,0,0,0,"N",2.08,0,0,0,0,0,0,0,"N",0,0.0,0,0,0,0,0,0,0,0,0,0,0,0,0,0
"36093","5","562119","78","0","2016","4","N","Schenectady County, New York","Private","NAICS 562119 Other waste collection","County, NAICS 6-digit -- by ownership sector","All establishment sizes",1,0,0,0,0,0,0,0,"N",2.07,0,0,0,0,0,0,0,"N",0,0.0,0,0,0,0,0,0,0,0,0,0,0,0,0,0
"36093","5","5629","76","0","2016","1","","Schenectady County, New York","Private","NAICS 5629 Remediation and other waste services","County, NAICS 4-digit -- by ownership sector","All establishment sizes",14,222,239,265,3927890,2466153,213988,1249,"",3.14,3.72,3.99,4.43,5.19,5.22,9.77,1.28,"",2,16.7,39,21.3,44,22.6,18,7.3,105964,2.8,295852,13.6,19861,10.2,-162,-11.5
"36093","5","5629","76","0","2016","2","","Schenectady County, New York","Private","NAICS 5629 Remediation and other waste services","County, NAICS 4-digit -- by ownership sector","All establishment sizes",14,262,250,280,4077969,514800,43524,1188,"",3.12,4.28,4.05,4.38,4.36,3.36,5.02,1.03,"",1,7.7,-27,-9.3,-10,-3.8,3,1.1,-756844,-15.7,-456368,-47.0,-45207,-50.9,-163,-12.1
"36093","5","5629","76","0","2016","3","","Schenectady County, New York","Private","NAICS 5629 Remediation and other waste services","County, NAICS 4-digit -- by ownership sector","All establishment sizes",14,276,267,261,5191198,310159,26406,1490,"",3.10,4.47,4.35,4.26,5.58,3.30,4.85,1.28,"",1,7.7,-37,-11.8,-28,-9.5,-54,-17.1,-690574,-11.7,-570982,-64.8,-39118,-59.7,19,1.3
"36093","5","5629","76","0","2016","4","N","Schenectady County, New York","Private","NAICS 5629 Remediation and other waste services","County, NAICS 4-digit -- by ownership sector","All establishment sizes",13,0,0,0,0,0,0,0,"N",2.87,0,0,0,0,0,0,0,"N",0,0.0,0,0,0,0,0,0,0,0,0,0,0,0,0,0
"36093","5","56291","77","0","2016","1","","Schenectady County, New York","Private","NAICS 56291 Remediation services","County, NAICS 5-digit -- by ownership sector","All establishment sizes",8,210,225,253,3806605,2364824,212257,1277,"",3.67,6.04,6.45,7.27,7.84,7.95,13.98,1.19,"",2,33.3,41,24.3,39,21.0,15,6.3,77646,2.1,277070,13.3,19885,10.3,-174,-12.0
"36093","5","56291","77","0","2016","2","","Schenectady County, New York","Private","NAICS 56291 Remediation services","County, NAICS 5-digit -- by ownership sector","All establishment sizes",8,249,236,266,3963816,490558,43104,1218,"",3.65,6.98,6.55,7.09,6.56,5.04,6.98,0.95,"",1,14.3,-27,-9.8,-11,-4.5,2,0.8,-758532,-16.1,-451436,-47.9,-44994,-51.1,-167,-12.1
"36093","5","56291","77","0","2016","3","","Schenectady County, New York","Private","NAICS 56291 Remediation services","County, NAICS 5-digit -- by ownership sector","All establishment sizes",8,264,254,249,5072188,304131,26299,1526,"",3.64,7.25,7.04,6.97,8.43,5.11,6.63,1.19,"",1,14.3,-36,-12.0,-28,-9.9,-54,-17.8,-690643,-12.0,-569629,-65.2,-39058,-59.8,23,1.5
"36093","5","56291","77","0","2016","4","","Schenectady County, New York","Private","NAICS 56291 Remediation services","County, NAICS 5-digit -- by ownership sector","All establishment sizes",7,236,242,269,4432716,316021,28535,1369,"",3.17,6.48,6.72,7.66,7.90,8.28,11.85,1.14,"",0,0.0,-12,-4.8,5,2.1,9,3.5,-370774,-7.7,-49764,-13.6,-4739,-14.2,-119,-8.0
"36093","5","562910","78","0","2016","1","","Schenectady County, New York","Private","NAICS 562910 Remediation services","County, NAICS 6-digit -- by ownership sector","All establishment sizes",8,210,225,253,3806605,2364824,212257,1277,"",3.67,6.04,6.45,7.27,7.84,7.95,13.98,1.19,"",2,33.3,41,24.3,39,21.0,15,6.3,77646,2.1,277070,13.3,19885,10.3,-174,-12.0
"36093","5","562910","78","0","2016","2","","Schenectady County, New York","Private","NAICS 562910 Remediation services","County, NAICS 6-digit -- by ownership sector","All establishment sizes",8,249,236,266,3963816,490558,43104,1218,"",3.65,6.98,6.55,7.09,6.56,5.04,6.98,0.95,"",1,14.3,-27,-9.8,-11,-4.5,2,0.8,-758532,-16.1,-451436,-47.9,-44994,-51.1,-167,-12.1
"36093","5","562910","78","0","2016","3","","Schenectady County, New York","Private","NAICS 562910 Remediation services","County, NAICS 6-digit -- by ownership sector","All establishment sizes",8,264,254,249,5072188,304131,26299,1526,"",3.64,7.25,7.04,6.97,8.43,5.11,6.63,1.19,"",1,14.3,-36,-12.0,-28,-9.9,-54,-17.8,-690643,-12.0,-569629,-65.2,-39058,-59.8,23,1.5
"36093","5","562910","78","0","2016","4","","Schenectady County, New York","Private","NAICS 562910 Remediation services","County, NAICS 6-digit -- by ownership sector","All establishment sizes",7,236,242,269,4432716,316021,28535,1369,"",3.17,6.48,6.72,7.66,7.90,8.28,11.85,1.14,"",0,0.0,-12,-4.8,5,2.1,9,3.5,-370774,-7.7,-49764,-13.6,-4739,-14.2,-119,-8.0
"36093","5","56299","77","0","2016","1","","Schenectady County, New York","Private","NAICS 56299 All other waste management services","County, NAICS 5-digit -- by ownership sector","All establishment sizes",6,12,14,12,121285,101329,1731,737,"",3.23,0.69,0.80,0.68,0.64,0.81,0.36,0.89,"",0,0.0,-2,-14.3,5,55.6,3,33.3,28318,30.5,18782,22.8,-24,-1.4,67,10.0
"36093","5","56299","77","0","2016","2","","Schenectady County, New York","Private","NAICS 56299 All other waste management services","County, NAICS 5-digit -- by ownership sector","All establishment sizes",6,13,14,14,114153,24242,420,643,"",3.19,0.72,0.77,0.74,0.48,0.60,0.22,0.64,"",0,0.0,0,0.0,1,7.7,1,7.7,1688,1.5,-4932,-16.9,-213,-33.6,-22,-3.3
"36093","5","56299","77","0","2016","3","","Schenectady County, New York","Private","NAICS 56299 All other waste management services","County, NAICS 5-digit -- by ownership sector","All establishment sizes",6,12,13,12,119010,6028,107,742,"",3.16,0.66,0.72,0.66,0.50,0.23,0.09,0.74,"",0,0.0,-1,-7.7,0,0.0,0,0.0,69,0.1,-1353,-18.3,-60,-35.9,20,2.8
"36093","5","56299","77","0","2016","4","N","Schenectady County, New York","Private","NAICS 56299 All other waste management services","County, NAICS 5-digit -- by ownership sector","All establishment sizes",6,0,0,0,0,0,0,0,"N",3.16,0,0,0,0,0,0,0,"N",0,0.0,0,0,0,0,0,0,0,0,0,0,0,0,0,0
"36093","5","562991","78","0","2016","1","","Schenectady County, New York","Private","NAICS 562991 Septic tank and related services","County, NAICS 6-digit -- by ownership sector","All establishment sizes",3,7,9,7,68980,56454,960,692,"",2.38,0.68,0.87,0.67,0.67,0.80,0.35,0.90,"N",0,0.0,0,0,0,0,0,0,0,0,0,0,0,0,0,0
"36093","5","562991","78","0","2016","2","","Schenectady County, New York","Private","NAICS 562991 Septic tank and related services","County, NAICS 6-digit -- by ownership sector","All establishment sizes",3,8,9,9,66667,15414,262,592,"",2.36,0.75,0.83,0.79,0.51,0.60,0.22,0.65,"",0,0.0,0,0.0,1,12.5,1,12.5,5572,9.1,-654,-4.1,-76,-22.5,5,0.9
"36093","5","562991","78","0","2016","3","","Schenectady County, New York","Private","NAICS 562991 Septic tank and related services","County, NAICS 6-digit -- by ownership sector","All establishment sizes",3,7,8,7,65956,3328,56,692,"",2.33,0.64,0.73,0.64,0.49,0.19,0.07,0.73,"",0,0.0,-1,-12.5,0,0.0,0,0.0,507,0.8,-1553,-31.8,-46,-45.1,35,5.3
"36093","5","562991","78","0","2016","4","","Schenectady County, New York","Private","NAICS 562991 Septic tank and related services","County, NAICS 6-digit -- by ownership sector","All establishment sizes",3,8,8,7,117819,3565,61,1182,"",2.34,0.72,0.73,0.65,0.92,0.34,0.14,1.32,"N",0,0.0,0,0,0,0,0,0,0,0,0,0,0,0,0,0
"36093","5","562998","78","0","2016","1","","Schenectady County, New York","Private","NAICS 562998 Miscellaneous waste management services","County, NAICS 6-digit -- by ownership sector","All establishment sizes",3,5,5,5,52305,44875,771,805,"",4.99,0.70,0.69,0.70,0.60,0.82,0.37,0.87,"N",0,0.0,0,0,0,0,0,0,0,0,0,0,0,0,0,0
"36093","5","562998","78","0","2016","2","","Schenectady County, New York","Private","NAICS 562998 Miscellaneous waste management services","County, NAICS 6-digit -- by ownership sector","All establishment sizes",3,5,5,5,47486,8828,158,731,"",4.93,0.68,0.69,0.67,0.44,0.58,0.24,0.65,"",0,0.0,0,0.0,0,0.0,0,0.0,-3884,-7.6,-4278,-32.6,-137,-46.4,-59,-7.5
"36093","5","562998","78","0","2016","3","","Schenectady County, New York","Private","NAICS 562998 Miscellaneous waste management services","County, NAICS 6-digit -- by ownership sector","All establishment sizes",3,5,5,5,53054,2700,51,816,"",4.90,0.70,0.70,0.69,0.52,0.31,0.14,0.74,"",0,0.0,0,0.0,0,0.0,0,0.0,-438,-0.8,200,8.0,-14,-21.5,-7,-0.9
"36093","5","562998","78","0","2016","4","N","Schenectady County, New York","Private","NAICS 562998 Miscellaneous waste management services","County, NAICS 6-digit -- by ownership sector","All establishment sizes",3,0,0,0,0,0,0,0,"N",4.85,0,0,0,0,0,0,0,"N",0,0.0,0,0,0,0,0,0,0,0,0,0,0,0,0,0
"36093","5","61","74","0","2016","1","","Schenectady County, New York","Private","NAICS 61 Educational services","County, NAICS Sector -- by ownership sector","All establishment sizes",41,2305,2588,2565,18430430,1037541,19123,570,"",1.03,1.91,2.05,2.04,1.31,0.34,0.20,0.66,"",1,2.5,59,2.6,98,3.9,53,2.1,-464817,-2.5,112039,12.1,-2973,-13.5,-32,-5.3
"36093","5","61","74","0","2016","2","","Schenectady County, New York","Private","NAICS 61 Educational services","County, NAICS Sector -- by ownership sector","All establishment sizes",40,2529,2513,2696,20621326,1221692,21533,615,"",0.99,1.98,2.00,2.24,1.24,1.37,0.70,0.60,"",0,0.0,195,8.4,29,1.2,235,9.5,-628647,-3.0,-20668,-1.7,-7604,-26.1,-59,-8.8
"36093","5","61","74","0","2016","3","","Schenectady County, New York","Private","NAICS 61 Educational services","County, NAICS Sector -- by ownership sector","All establishment sizes",41,1693,1615,1702,22699002,330794,5783,1046,"",1.00,1.52,1.44,1.40,1.46,0.57,0.30,1.01,"",2,5.1,-36,-2.1,-38,-2.3,-20,-1.2,3899323,20.7,199417,151.8,2875,98.9,196,23.1
"36093","5","61","74","0","2016","4","","Schenectady County, New York","Private","NAICS 61 Educational services","County, NAICS Sector -- by ownership sector","All establishment sizes",39,2421,2456,1621,17482413,235507,4136,621,"",0.95,1.90,1.92,1.30,1.16,0.51,0.28,0.68,"",0,0.0,-110,-4.3,-93,-3.6,-159,-8.9,-3539288,-16.8,56088,31.3,250,6.4,-86,-12.2
"36093","5","611","75","0","2016","1","","Schenectady County, New York","Private","NAICS 611 Educational services","County, NAICS 3-digit -- by ownership sector","All establishment sizes",41,2305,2588,2565,18430430,1037541,19123,570,"",1.03,1.91,2.05,2.04,1.31,0.34,0.20,0.66,"",1,2.5,59,2.6,98,3.9,53,2.1,-464817,-2.5,112039,12.1,-2973,-13.5,-32,-5.3
"36093","5","611","75","0","2016","2","","Schenectady County, New York","Private","NAICS 611 Educational services","County, NAICS 3-digit -- by ownership sector","All establishment sizes",40,2529,2513,2696,20621326,1221692,21533,615,"",0.99,1.98,2.00,2.24,1.24,1.37,0.70,0.60,"",0,0.0,195,8.4,29,1.2,235,9.5,-628647,-3.0,-20668,-1.7,-7604,-26.1,-59,-8.8
"36093","5","611","75","0","2016","3","","Schenectady County, New York","Private","NAICS 611 Educational services","County, NAICS 3-digit -- by ownership sector","All establishment sizes",41,1693,1615,1702,22699002,330794,5783,1046,"",1.00,1.52,1.44,1.40,1.46,0.57,0.30,1.01,"",2,5.1,-36,-2.1,-38,-2.3,-20,-1.2,3899323,20.7,199417,151.8,2875,98.9,196,23.1
"36093","5","611","75","0","2016","4","","Schenectady County, New York","Private","NAICS 611 Educational services","County, NAICS 3-digit -- by ownership sector","All establishment sizes",39,2421,2456,1621,17482413,235507,4136,621,"",0.95,1.90,1.92,1.30,1.16,0.51,0.28,0.68,"",0,0.0,-110,-4.3,-93,-3.6,-159,-8.9,-3539288,-16.8,56088,31.3,250,6.4,-86,-12.2
"36093","5","6111","76","0","2016","1","","Schenectady County, New York","Private","NAICS 6111 Elementary and secondary schools","County, NAICS 4-digit -- by ownership sector","All establishment sizes",12,483,478,482,3103403,511237,8691,496,"",1.94,1.37,1.33,1.35,0.94,0.50,0.32,0.70,"",1,9.1,40,9.0,30,6.7,33,7.3,-34178,-1.1,129498,33.9,674,8.4,-44,-8.1
"36093","5","6111","76","0","2016","2","","Schenectady County, New York","Private","NAICS 6111 Elementary and secondary schools","County, NAICS 4-digit -- by ownership sector","All establishment sizes",12,480,483,487,3396344,295897,5031,541,"",1.92,1.34,1.35,1.42,0.86,1.09,0.65,0.63,"",1,9.1,27,6.0,19,4.1,22,4.7,-107104,-3.1,86977,41.6,644,14.7,-44,-7.5
"36093","5","6111","76","0","2016","3","","Schenectady County, New York","Private","NAICS 6111 Elementary and secondary schools","County, NAICS 4-digit -- by ownership sector","All establishment sizes",12,427,422,470,3152577,139378,2369,552,"",1.89,1.43,1.34,1.35,0.89,0.74,0.43,0.65,"",1,9.1,14,3.4,18,4.5,33,7.6,68586,2.2,60511,76.7,713,43.1,-16,-2.8
"36093","5","6111","76","0","2016","4","","Schenectady County, New York","Private","NAICS 6111 Elementary and secondary schools","County, NAICS 4-digit -- by ownership sector","All establishment sizes",11,489,489,486,3277328,141221,2400,517,"",1.74,1.34,1.33,1.34,0.92,0.91,0.53,0.69,"",0,0.0,31,6.8,20,4.3,23,5.0,-250006,-7.1,44519,46.0,369,18.2,-69,-11.8
"36093","5","61111","77","0","2016","1","","Schenectady County, New York","Private","NAICS 61111 Elementary and secondary schools","County, NAICS 5-digit -- by ownership sector","All establishment sizes",12,483,478,482,3103403,511237,8691,496,"",1.94,1.37,1.33,1.35,0.94,0.50,0.32,0.70,"",1,9.1,40,9.0,30,6.7,33,7.3,-34178,-1.1,129498,33.9,674,8.4,-44,-8.1
"36093","5","61111","77","0","2016","2","","Schenectady County, New York","Private","NAICS 61111 Elementary and secondary schools","County, NAICS 5-digit -- by ownership sector","All establishment sizes",12,480,483,487,3396344,295897,5031,541,"",1.92,1.34,1.35,1.42,0.86,1.09,0.65,0.63,"",1,9.1,27,6.0,19,4.1,22,4.7,-107104,-3.1,86977,41.6,644,14.7,-44,-7.5
"36093","5","61111","77","0","2016","3","","Schenectady County, New York","Private","NAICS 61111 Elementary and secondary schools","County, NAICS 5-digit -- by ownership sector","All establishment sizes",12,427,422,470,3152577,139378,2369,552,"",1.89,1.43,1.34,1.35,0.89,0.74,0.43,0.65,"",1,9.1,14,3.4,18,4.5,33,7.6,68586,2.2,60511,76.7,713,43.1,-16,-2.8
"36093","5","61111","77","0","2016","4","","Schenectady County, New York","Private","NAICS 61111 Elementary and secondary schools","County, NAICS 5-digit -- by ownership sector","All establishment sizes",11,489,489,486,3277328,141221,2400,517,"",1.74,1.34,1.33,1.34,0.92,0.91,0.53,0.69,"",0,0.0,31,6.8,20,4.3,23,5.0,-250006,-7.1,44519,46.0,369,18.2,-69,-11.8
"36093","5","611110","78","0","2016","1","","Schenectady County, New York","Private","NAICS 611110 Elementary and secondary schools","County, NAICS 6-digit -- by ownership sector","All establishment sizes",12,483,478,482,3103403,511237,8691,496,"",1.94,1.37,1.33,1.35,0.94,0.50,0.32,0.70,"",1,9.1,40,9.0,30,6.7,33,7.3,-34178,-1.1,129498,33.9,674,8.4,-44,-8.1
"36093","5","611110","78","0","2016","2","","Schenectady County, New York","Private","NAICS 611110 Elementary and secondary schools","County, NAICS 6-digit -- by ownership sector","All establishment sizes",12,480,483,487,3396344,295897,5031,541,"",1.92,1.34,1.35,1.42,0.86,1.09,0.65,0.63,"",1,9.1,27,6.0,19,4.1,22,4.7,-107104,-3.1,86977,41.6,644,14.7,-44,-7.5
"36093","5","611110","78","0","2016","3","","Schenectady County, New York","Private","NAICS 611110 Elementary and secondary schools","County, NAICS 6-digit -- by ownership sector","All establishment sizes",12,427,422,470,3152577,139378,2369,552,"",1.89,1.43,1.34,1.35,0.89,0.74,0.43,0.65,"",1,9.1,14,3.4,18,4.5,33,7.6,68586,2.2,60511,76.7,713,43.1,-16,-2.8
"36093","5","611110","78","0","2016","4","","Schenectady County, New York","Private","NAICS 611110 Elementary and secondary schools","County, NAICS 6-digit -- by ownership sector","All establishment sizes",11,489,489,486,3277328,141221,2400,517,"",1.74,1.34,1.33,1.34,0.92,0.91,0.53,0.69,"",0,0.0,31,6.8,20,4.3,23,5.0,-250006,-7.1,44519,46.0,369,18.2,-69,-11.8
"36093","5","6113","76","0","2016","1","N","Schenectady County, New York","Private","NAICS 6113 Colleges and universities","County, NAICS 4-digit -- by ownership sector","All establishment sizes",3,0,0,0,0,0,0,0,"N",1.00,0,0,0,0,0,0,0,"N",0,0.0,0,0,0,0,0,0,0,0,0,0,0,0,0,0
"36093","5","6113","76","0","2016","2","N","Schenectady County, New York","Private","NAICS 6113 Colleges and universities","County, NAICS 4-digit -- by ownership sector","All establishment sizes",2,0,0,0,0,0,0,0,"N",0.66,0,0,0,0,0,0,0,"N",-1,-33.3,0,0,0,0,0,0,0,0,0,0,0,0,0,0
"36093","5","6113","76","0","2016","3","N","Schenectady County, New York","Private","NAICS 6113 Colleges and universities","County, NAICS 4-digit -- by ownership sector","All establishment sizes",2,0,0,0,0,0,0,0,"N",0.65,0,0,0,0,0,0,0,"N",-1,-33.3,0,0,0,0,0,0,0,0,0,0,0,0,0,0
"36093","5","6113","76","0","2016","4","N","Schenectady County, New York","Private","NAICS 6113 Colleges and universities","County, NAICS 4-digit -- by ownership sector","All establishment sizes",2,0,0,0,0,0,0,0,"N",0.65,0,0,0,0,0,0,0,"N",-1,-33.3,0,0,0,0,0,0,0,0,0,0,0,0,0,0
"36093","5","61131","77","0","2016","1","N","Schenectady County, New York","Private","NAICS 61131 Colleges and universities","County, NAICS 5-digit -- by ownership sector","All establishment sizes",3,0,0,0,0,0,0,0,"N",1.00,0,0,0,0,0,0,0,"N",0,0.0,0,0,0,0,0,0,0,0,0,0,0,0,0,0
"36093","5","61131","77","0","2016","2","N","Schenectady County, New York","Private","NAICS 61131 Colleges and universities","County, NAICS 5-digit -- by ownership sector","All establishment sizes",2,0,0,0,0,0,0,0,"N",0.66,0,0,0,0,0,0,0,"N",-1,-33.3,0,0,0,0,0,0,0,0,0,0,0,0,0,0
"36093","5","61131","77","0","2016","3","N","Schenectady County, New York","Private","NAICS 61131 Colleges and universities","County, NAICS 5-digit -- by ownership sector","All establishment sizes",2,0,0,0,0,0,0,0,"N",0.65,0,0,0,0,0,0,0,"N",-1,-33.3,0,0,0,0,0,0,0,0,0,0,0,0,0,0
"36093","5","61131","77","0","2016","4","N","Schenectady County, New York","Private","NAICS 61131 Colleges and universities","County, NAICS 5-digit -- by ownership sector","All establishment sizes",2,0,0,0,0,0,0,0,"N",0.65,0,0,0,0,0,0,0,"N",-1,-33.3,0,0,0,0,0,0,0,0,0,0,0,0,0,0
"36093","5","611310","78","0","2016","1","N","Schenectady County, New York","Private","NAICS 611310 Colleges and universities","County, NAICS 6-digit -- by ownership sector","All establishment sizes",3,0,0,0,0,0,0,0,"N",1.00,0,0,0,0,0,0,0,"N",0,0.0,0,0,0,0,0,0,0,0,0,0,0,0,0,0
"36093","5","611310","78","0","2016","2","N","Schenectady County, New York","Private","NAICS 611310 Colleges and universities","County, NAICS 6-digit -- by ownership sector","All establishment sizes",2,0,0,0,0,0,0,0,"N",0.66,0,0,0,0,0,0,0,"N",-1,-33.3,0,0,0,0,0,0,0,0,0,0,0,0,0,0
"36093","5","611310","78","0","2016","3","N","Schenectady County, New York","Private","NAICS 611310 Colleges and universities","County, NAICS 6-digit -- by ownership sector","All establishment sizes",2,0,0,0,0,0,0,0,"N",0.65,0,0,0,0,0,0,0,"N",-1,-33.3,0,0,0,0,0,0,0,0,0,0,0,0,0,0
"36093","5","611310","78","0","2016","4","N","Schenectady County, New York","Private","NAICS 611310 Colleges and universities","County, NAICS 6-digit -- by ownership sector","All establishment sizes",2,0,0,0,0,0,0,0,"N",0.65,0,0,0,0,0,0,0,"N",-1,-33.3,0,0,0,0,0,0,0,0,0,0,0,0,0,0
"36093","5","6114","76","0","2016","1","","Schenectady County, New York","Private","NAICS 6114 Business, computer and management training","County, NAICS 4-digit -- by ownership sector","All establishment sizes",3,6,6,6,35467,31398,534,455,"",0.80,0.20,0.20,0.20,0.07,0.14,0.07,0.37,"",0,0.0,-1,-14.3,0,0.0,0,0.0,-5803,-14.1,-5622,-15.2,-244,-31.4,-46,-9.2
"36093","5","6114","76","0","2016","2","N","Schenectady County, New York","Private","NAICS 6114 Business, computer and management training","County, NAICS 4-digit -- by ownership sector","All establishment sizes",3,0,0,0,0,0,0,0,"N",0.79,0,0,0,0,0,0,0,"N",0,0.0,0,0,0,0,0,0,0,0,0,0,0,0,0,0
"36093","5","6114","76","0","2016","3","N","Schenectady County, New York","Private","NAICS 6114 Business, computer and management training","County, NAICS 4-digit -- by ownership sector","All establishment sizes",3,0,0,0,0,0,0,0,"N",0.79,0,0,0,0,0,0,0,"N",0,0.0,0,0,0,0,0,0,0,0,0,0,0,0,0,0
"36093","5","6114","76","0","2016","4","N","Schenectady County, New York","Private","NAICS 6114 Business, computer and management training","County, NAICS 4-digit -- by ownership sector","All establishment sizes",3,0,0,0,0,0,0,0,"N",0.78,0,0,0,0,0,0,0,"N",0,0.0,0,0,0,0,0,0,0,0,0,0,0,0,0,0
"36093","5","61142","77","0","2016","1","N","Schenectady County, New York","Private","NAICS 61142 Computer training","County, NAICS 5-digit -- by ownership sector","All establishment sizes",1,0,0,0,0,0,0,0,"N",1.11,0,0,0,0,0,0,0,"N",0,0.0,0,0,0,0,0,0,0,0,0,0,0,0,0,0
"36093","5","61142","77","0","2016","2","N","Schenectady County, New York","Private","NAICS 61142 Computer training","County, NAICS 5-digit -- by ownership sector","All establishment sizes",1,0,0,0,0,0,0,0,"N",1.09,0,0,0,0,0,0,0,"N",0,0.0,0,0,0,0,0,0,0,0,0,0,0,0,0,0
"36093","5","61142","77","0","2016","3","N","Schenectady County, New York","Private","NAICS 61142 Computer training","County, NAICS 5-digit -- by ownership sector","All establishment sizes",1,0,0,0,0,0,0,0,"N",1.08,0,0,0,0,0,0,0,"N",0,0.0,0,0,0,0,0,0,0,0,0,0,0,0,0,0
"36093","5","61142","77","0","2016","4","N","Schenectady County, New York","Private","NAICS 61142 Computer training","County, NAICS 5-digit -- by ownership sector","All establishment sizes",1,0,0,0,0,0,0,0,"N",1.08,0,0,0,0,0,0,0,"N",0,0.0,0,0,0,0,0,0,0,0,0,0,0,0,0,0
"36093","5","611420","78","0","2016","1","N","Schenectady County, New York","Private","NAICS 611420 Computer training","County, NAICS 6-digit -- by ownership sector","All establishment sizes",1,0,0,0,0,0,0,0,"N",1.11,0,0,0,0,0,0,0,"N",0,0.0,0,0,0,0,0,0,0,0,0,0,0,0,0,0
"36093","5","611420","78","0","2016","2","N","Schenectady County, New York","Private","NAICS 611420 Computer training","County, NAICS 6-digit -- by ownership sector","All establishment sizes",1,0,0,0,0,0,0,0,"N",1.09,0,0,0,0,0,0,0,"N",0,0.0,0,0,0,0,0,0,0,0,0,0,0,0,0,0
"36093","5","611420","78","0","2016","3","N","Schenectady County, New York","Private","NAICS 611420 Computer training","County, NAICS 6-digit -- by ownership sector","All establishment sizes",1,0,0,0,0,0,0,0,"N",1.08,0,0,0,0,0,0,0,"N",0,0.0,0,0,0,0,0,0,0,0,0,0,0,0,0,0
"36093","5","611420","78","0","2016","4","N","Schenectady County, New York","Private","NAICS 611420 Computer training","County, NAICS 6-digit -- by ownership sector","All establishment sizes",1,0,0,0,0,0,0,0,"N",1.08,0,0,0,0,0,0,0,"N",0,0.0,0,0,0,0,0,0,0,0,0,0,0,0,0,0
"36093","5","61143","77","0","2016","1","N","Schenectady County, New York","Private","NAICS 61143 Management training","County, NAICS 5-digit -- by ownership sector","All establishment sizes",2,0,0,0,0,0,0,0,"N",0.74,0,0,0,0,0,0,0,"N",0,0.0,0,0,0,0,0,0,0,0,0,0,0,0,0,0
"36093","5","61143","77","0","2016","2","N","Schenectady County, New York","Private","NAICS 61143 Management training","County, NAICS 5-digit -- by ownership sector","All establishment sizes",2,0,0,0,0,0,0,0,"N",0.73,0,0,0,0,0,0,0,"N",0,0.0,0,0,0,0,0,0,0,0,0,0,0,0,0,0
"36093","5","61143","77","0","2016","3","N","Schenectady County, New York","Private","NAICS 61143 Management training","County, NAICS 5-digit -- by ownership sector","All establishment sizes",2,0,0,0,0,0,0,0,"N",0.72,0,0,0,0,0,0,0,"N",0,0.0,0,0,0,0,0,0,0,0,0,0,0,0,0,0
"36093","5","61143","77","0","2016","4","N","Schenectady County, New York","Private","NAICS 61143 Management training","County, NAICS 5-digit -- by ownership sector","All establishment sizes",2,0,0,0,0,0,0,0,"N",0.72,0,0,0,0,0,0,0,"N",0,0.0,0,0,0,0,0,0,0,0,0,0,0,0,0,0
"36093","5","611430","78","0","2016","1","N","Schenectady County, New York","Private","NAICS 611430 Management training","County, NAICS 6-digit -- by ownership sector","All establishment sizes",2,0,0,0,0,0,0,0,"N",0.74,0,0,0,0,0,0,0,"N",0,0.0,0,0,0,0,0,0,0,0,0,0,0,0,0,0
"36093","5","611430","78","0","2016","2","N","Schenectady County, New York","Private","NAICS 611430 Management training","County, NAICS 6-digit -- by ownership sector","All establishment sizes",2,0,0,0,0,0,0,0,"N",0.73,0,0,0,0,0,0,0,"N",0,0.0,0,0,0,0,0,0,0,0,0,0,0,0,0,0
"36093","5","611430","78","0","2016","3","N","Schenectady County, New York","Private","NAICS 611430 Management training","County, NAICS 6-digit -- by ownership sector","All establishment sizes",2,0,0,0,0,0,0,0,"N",0.72,0,0,0,0,0,0,0,"N",0,0.0,0,0,0,0,0,0,0,0,0,0,0,0,0,0
"36093","5","611430","78","0","2016","4","N","Schenectady County, New York","Private","NAICS 611430 Management training","County, NAICS 6-digit -- by ownership sector","All establishment sizes",2,0,0,0,0,0,0,0,"N",0.72,0,0,0,0,0,0,0,"N",0,0.0,0,0,0,0,0,0,0,0,0,0,0,0,0,0
"36093","5","6115","76","0","2016","1","N","Schenectady County, New York","Private","NAICS 6115 Technical and trade schools","County, NAICS 4-digit -- by ownership sector","All establishment sizes",3,0,0,0,0,0,0,0,"N",0.90,0,0,0,0,0,0,0,"N",0,0.0,0,0,0,0,0,0,0,0,0,0,0,0,0,0
"36093","5","6115","76","0","2016","2","N","Schenectady County, New York","Private","NAICS 6115 Technical and trade schools","County, NAICS 4-digit -- by ownership sector","All establishment sizes",3,0,0,0,0,0,0,0,"N",0.90,0,0,0,0,0,0,0,"N",0,0.0,0,0,0,0,0,0,0,0,0,0,0,0,0,0
"36093","5","6115","76","0","2016","3","N","Schenectady County, New York","Private","NAICS 6115 Technical and trade schools","County, NAICS 4-digit -- by ownership sector","All establishment sizes",3,0,0,0,0,0,0,0,"N",0.90,0,0,0,0,0,0,0,"N",0,0.0,0,0,0,0,0,0,0,0,0,0,0,0,0,0
"36093","5","6115","76","0","2016","4","N","Schenectady County, New York","Private","NAICS 6115 Technical and trade schools","County, NAICS 4-digit -- by ownership sector","All establishment sizes",3,0,0,0,0,0,0,0,"N",0.90,0,0,0,0,0,0,0,"N",0,0.0,0,0,0,0,0,0,0,0,0,0,0,0,0,0
"36093","5","61151","77","0","2016","1","N","Schenectady County, New York","Private","NAICS 61151 Technical and trade schools","County, NAICS 5-digit -- by ownership sector","All establishment sizes",3,0,0,0,0,0,0,0,"N",0.90,0,0,0,0,0,0,0,"N",0,0.0,0,0,0,0,0,0,0,0,0,0,0,0,0,0
"36093","5","61151","77","0","2016","2","N","Schenectady County, New York","Private","NAICS 61151 Technical and trade schools","County, NAICS 5-digit -- by ownership sector","All establishment sizes",3,0,0,0,0,0,0,0,"N",0.90,0,0,0,0,0,0,0,"N",0,0.0,0,0,0,0,0,0,0,0,0,0,0,0,0,0
"36093","5","61151","77","0","2016","3","N","Schenectady County, New York","Private","NAICS 61151 Technical and trade schools","County, NAICS 5-digit -- by ownership sector","All establishment sizes",3,0,0,0,0,0,0,0,"N",0.90,0,0,0,0,0,0,0,"N",0,0.0,0,0,0,0,0,0,0,0,0,0,0,0,0,0
"36093","5","61151","77","0","2016","4","N","Schenectady County, New York","Private","NAICS 61151 Technical and trade schools","County, NAICS 5-digit -- by ownership sector","All establishment sizes",3,0,0,0,0,0,0,0,"N",0.90,0,0,0,0,0,0,0,"N",0,0.0,0,0,0,0,0,0,0,0,0,0,0,0,0,0
"36093","5","611512","78","0","2016","1","N","Schenectady County, New York","Private","NAICS 611512 Flight training","County, NAICS 6-digit -- by ownership sector","All establishment sizes",1,0,0,0,0,0,0,0,"N",2.42,0,0,0,0,0,0,0,"N",0,0.0,0,0,0,0,0,0,0,0,0,0,0,0,0,0
"36093","5","611512","78","0","2016","2","N","Schenectady County, New York","Private","NAICS 611512 Flight training","County, NAICS 6-digit -- by ownership sector","All establishment sizes",1,0,0,0,0,0,0,0,"N",2.39,0,0,0,0,0,0,0,"N",0,0.0,0,0,0,0,0,0,0,0,0,0,0,0,0,0
"36093","5","611512","78","0","2016","3","N","Schenectady County, New York","Private","NAICS 611512 Flight training","County, NAICS 6-digit -- by ownership sector","All establishment sizes",1,0,0,0,0,0,0,0,"N",2.40,0,0,0,0,0,0,0,"N",0,0.0,0,0,0,0,0,0,0,0,0,0,0,0,0,0
"36093","5","611512","78","0","2016","4","N","Schenectady County, New York","Private","NAICS 611512 Flight training","County, NAICS 6-digit -- by ownership sector","All establishment sizes",1,0,0,0,0,0,0,0,"N",2.37,0,0,0,0,0,0,0,"N",0,0.0,0,0,0,0,0,0,0,0,0,0,0,0,0,0
"36093","5","611519","78","0","2016","1","N","Schenectady County, New York","Private","NAICS 611519 Other technical and trade schools","County, NAICS 6-digit -- by ownership sector","All establishment sizes",2,0,0,0,0,0,0,0,"N",1.14,0,0,0,0,0,0,0,"N",0,0.0,0,0,0,0,0,0,0,0,0,0,0,0,0,0
"36093","5","611519","78","0","2016","2","N","Schenectady County, New York","Private","NAICS 611519 Other technical and trade schools","County, NAICS 6-digit -- by ownership sector","All establishment sizes",2,0,0,0,0,0,0,0,"N",1.13,0,0,0,0,0,0,0,"N",0,0.0,0,0,0,0,0,0,0,0,0,0,0,0,0,0
"36093","5","611519","78","0","2016","3","N","Schenectady County, New York","Private","NAICS 611519 Other technical and trade schools","County, NAICS 6-digit -- by ownership sector","All establishment sizes",2,0,0,0,0,0,0,0,"N",1.13,0,0,0,0,0,0,0,"N",0,0.0,0,0,0,0,0,0,0,0,0,0,0,0,0,0
"36093","5","611519","78","0","2016","4","N","Schenectady County, New York","Private","NAICS 611519 Other technical and trade schools","County, NAICS 6-digit -- by ownership sector","All establishment sizes",2,0,0,0,0,0,0,0,"N",1.13,0,0,0,0,0,0,0,"N",0,0.0,0,0,0,0,0,0,0,0,0,0,0,0,0,0
"36093","5","6116","76","0","2016","1","","Schenectady County, New York","Private","NAICS 6116 Other schools and instruction","County, NAICS 4-digit -- by ownership sector","All establishment sizes",18,165,164,163,799479,227790,4709,375,"",1.02,0.95,0.91,0.91,0.91,0.41,0.31,0.99,"",1,5.9,33,25.0,30,22.4,29,21.6,2116,0.3,19272,9.2,-942,-16.7,-85,-18.5
"36093","5","6116","76","0","2016","2","","Schenectady County, New York","Private","NAICS 6116 Other schools and instruction","County, NAICS 4-digit -- by ownership sector","All establishment sizes",18,174,179,161,825669,158813,3074,371,"",1.00,0.94,0.97,0.88,0.78,0.67,0.41,0.83,"",1,5.9,37,27.0,42,30.7,25,18.4,107997,15.0,34635,27.9,23,0.8,-33,-8.2
"36093","5","6116","76","0","2016","3","","Schenectady County, New York","Private","NAICS 6116 Other schools and instruction","County, NAICS 4-digit -- by ownership sector","All establishment sizes",19,173,170,164,1033332,57545,1123,470,"",1.05,1.01,1.00,0.96,1.02,0.33,0.21,1.04,"",2,11.8,25,16.9,21,14.1,36,28.1,168334,19.5,18312,46.7,191,20.5,0,0.0
"36093","5","6116","76","0","2016","4","","Schenectady County, New York","Private","NAICS 6116 Other schools and instruction","County, NAICS 4-digit -- by ownership sector","All establishment sizes",18,132,131,119,1077350,84008,1561,651,"",0.99,0.72,0.71,0.67,1.08,0.61,0.38,1.54,"",1,5.9,-6,-4.3,-8,-5.8,-17,-12.5,164861,18.1,22857,37.4,180,13.0,141,27.6
"36093","5","61161","77","0","2016","1","","Schenectady County, New York","Private","NAICS 61161 Fine arts schools","County, NAICS 5-digit -- by ownership sector","All establishment sizes",4,19,22,19,54088,54088,1008,208,"",0.88,0.46,0.52,0.45,0.30,0.46,0.31,0.62,"",0,0.0,-1,-5.0,1,4.8,-2,-9.5,-7088,-11.6,-7088,-11.6,-300,-22.9,-20,-8.8
"36093","5","61161","77","0","2016","2","N","Schenectady County, New York","Private","NAICS 61161 Fine arts schools","County, NAICS 5-digit -- by ownership sector","All establishment sizes",4,0,0,0,0,0,0,0,"N",0.87,0,0,0,0,0,0,0,"N",0,0.0,0,0,0,0,0,0,0,0,0,0,0,0,0,0
"36093","5","61161","77","0","2016","3","","Schenectady County, New York","Private","NAICS 61161 Fine arts schools","County, NAICS 5-digit -- by ownership sector","All establishment sizes",4,7,12,9,25154,12454,238,207,"",0.86,0.20,0.35,0.23,0.13,0.40,0.25,0.52,"",0,0.0,-3,-30.0,3,33.3,-3,-25.0,1376,5.8,1676,15.6,5,2.1,30,16.9
"36093","5","61161","77","0","2016","4","N","Schenectady County, New York","Private","NAICS 61161 Fine arts schools","County, NAICS 5-digit -- by ownership sector","All establishment sizes",4,0,0,0,0,0,0,0,"N",0.86,0,0,0,0,0,0,0,"N",0,0.0,0,0,0,0,0,0,0,0,0,0,0,0,0,0
"36093","5","611610","78","0","2016","1","","Schenectady County, New York","Private","NAICS 611610 Fine arts schools","County, NAICS 6-digit -- by ownership sector","All establishment sizes",4,19,22,19,54088,54088,1008,208,"",0.88,0.46,0.52,0.45,0.30,0.46,0.31,0.62,"",0,0.0,-1,-5.0,1,4.8,-2,-9.5,-7088,-11.6,-7088,-11.6,-300,-22.9,-20,-8.8
"36093","5","611610","78","0","2016","2","N","Schenectady County, New York","Private","NAICS 611610 Fine arts schools","County, NAICS 6-digit -- by ownership sector","All establishment sizes",4,0,0,0,0,0,0,0,"N",0.87,0,0,0,0,0,0,0,"N",0,0.0,0,0,0,0,0,0,0,0,0,0,0,0,0,0
"36093","5","611610","78","0","2016","3","","Schenectady County, New York","Private","NAICS 611610 Fine arts schools","County, NAICS 6-digit -- by ownership sector","All establishment sizes",4,7,12,9,25154,12454,238,207,"",0.86,0.20,0.35,0.23,0.13,0.40,0.25,0.52,"",0,0.0,-3,-30.0,3,33.3,-3,-25.0,1376,5.8,1676,15.6,5,2.1,30,16.9
"36093","5","611610","78","0","2016","4","N","Schenectady County, New York","Private","NAICS 611610 Fine arts schools","County, NAICS 6-digit -- by ownership sector","All establishment sizes",4,0,0,0,0,0,0,0,"N",0.86,0,0,0,0,0,0,0,"N",0,0.0,0,0,0,0,0,0,0,0,0,0,0,0,0,0
"36093","5","61162","77","0","2016","1","","Schenectady County, New York","Private","NAICS 61162 Sports and recreation instruction","County, NAICS 5-digit -- by ownership sector","All establishment sizes",8,109,109,111,646522,80131,1549,453,"",1.47,2.18,2.12,2.17,3.06,0.53,0.50,1.42,"",0,0.0,12,12.4,13,13.5,14,14.4,-12399,-1.9,-2148,-2.6,-208,-11.8,-71,-13.5
"36093","5","61162","77","0","2016","2","","Schenectady County, New York","Private","NAICS 61162 Sports and recreation instruction","County, NAICS 5-digit -- by ownership sector","All establishment sizes",8,118,122,124,661359,49375,941,419,"",1.44,2.24,2.28,2.15,2.51,0.71,0.53,1.13,"",0,0.0,15,14.6,19,18.4,20,19.2,68109,11.5,105,0.2,-122,-11.5,-23,-5.2
"36093","5","61162","77","0","2016","3","","Schenectady County, New York","Private","NAICS 61162 Sports and recreation instruction","County, NAICS 5-digit -- by ownership sector","All establishment sizes",8,148,139,119,905769,12093,237,515,"",1.43,2.56,2.49,2.31,3.35,0.21,0.16,1.36,"",0,0.0,25,20.3,14,11.2,20,20.2,144739,19.0,-219,-1.8,-28,-10.6,9,1.8
"36093","5","61162","77","0","2016","4","","Schenectady County, New York","Private","NAICS 61162 Sports and recreation instruction","County, NAICS 5-digit -- by ownership sector","All establishment sizes",8,77,75,70,906177,7210,122,942,"",1.42,1.44,1.40,1.34,3.62,0.18,0.12,2.60,"",0,0.0,-21,-21.4,-25,-25.0,-30,-30.0,142062,18.6,1310,22.2,-2,-1.6,350,59.1
"36093","5","611620","78","0","2016","1","","Schenectady County, New York","Private","NAICS 611620 Sports and recreation instruction","County, NAICS 6-digit -- by ownership sector","All establishment sizes",8,109,109,111,646522,80131,1549,453,"",1.47,2.18,2.12,2.17,3.06,0.53,0.50,1.42,"",0,0.0,12,12.4,13,13.5,14,14.4,-12399,-1.9,-2148,-2.6,-208,-11.8,-71,-13.5
"36093","5","611620","78","0","2016","2","","Schenectady County, New York","Private","NAICS 611620 Sports and recreation instruction","County, NAICS 6-digit -- by ownership sector","All establishment sizes",8,118,122,124,661359,49375,941,419,"",1.44,2.24,2.28,2.15,2.51,0.71,0.53,1.13,"",0,0.0,15,14.6,19,18.4,20,19.2,68109,11.5,105,0.2,-122,-11.5,-23,-5.2
"36093","5","611620","78","0","2016","3","","Schenectady County, New York","Private","NAICS 611620 Sports and recreation instruction","County, NAICS 6-digit -- by ownership sector","All establishment sizes",8,148,139,119,905769,12093,237,515,"",1.43,2.56,2.49,2.31,3.35,0.21,0.16,1.36,"",0,0.0,25,20.3,14,11.2,20,20.2,144739,19.0,-219,-1.8,-28,-10.6,9,1.8
"36093","5","611620","78","0","2016","4","","Schenectady County, New York","Private","NAICS 611620 Sports and recreation instruction","County, NAICS 6-digit -- by ownership sector","All establishment sizes",8,77,75,70,906177,7210,122,942,"",1.42,1.44,1.40,1.34,3.62,0.18,0.12,2.60,"",0,0.0,-21,-21.4,-25,-25.0,-30,-30.0,142062,18.6,1310,22.2,-2,-1.6,350,59.1
"36093","5","61169","77","0","2016","1","","Schenectady County, New York","Private","NAICS 61169 All other schools and instruction","County, NAICS 5-digit -- by ownership sector","All establishment sizes",6,37,33,33,98869,93571,2152,222,"",0.85,0.50,0.43,0.43,0.23,0.36,0.27,0.51,"",1,20.0,22,146.7,16,94.1,17,106.2,21603,28.0,28508,43.8,-434,-16.8,-149,-40.2
"36093","5","61169","77","0","2016","2","N","Schenectady County, New York","Private","NAICS 61169 All other schools and instruction","County, NAICS 5-digit -- by ownership sector","All establishment sizes",6,0,0,0,0,0,0,0,"N",0.84,0,0,0,0,0,0,0,"N",1,20.0,0,0,0,0,0,0,0,0,0,0,0,0,0,0
"36093","5","61169","77","0","2016","3","","Schenectady County, New York","Private","NAICS 61169 All other schools and instruction","County, NAICS 5-digit -- by ownership sector","All establishment sizes",7,18,19,36,102409,32998,648,324,"",0.97,0.25,0.27,0.50,0.21,0.43,0.26,0.61,"",2,40.0,3,20.0,4,26.7,19,111.8,22219,27.7,16855,104.4,214,49.3,-70,-17.8
"36093","5","61169","77","0","2016","4","N","Schenectady County, New York","Private","NAICS 61169 All other schools and instruction","County, NAICS 5-digit -- by ownership sector","All establishment sizes",6,0,0,0,0,0,0,0,"N",0.83,0,0,0,0,0,0,0,"N",1,20.0,0,0,0,0,0,0,0,0,0,0,0,0,0,0
"36093","5","611691","78","0","2016","1","N","Schenectady County, New York","Private","NAICS 611691 Exam preparation and tutoring","County, NAICS 6-digit -- by ownership sector","All establishment sizes",1,0,0,0,0,0,0,0,"N",0.32,0,0,0,0,0,0,0,"N",1,100.0,0,0,0,0,0,0,0,0,0,0,0,0,0,0
"36093","5","611691","78","0","2016","2","N","Schenectady County, New York","Private","NAICS 611691 Exam preparation and tutoring","County, NAICS 6-digit -- by ownership sector","All establishment sizes",1,0,0,0,0,0,0,0,"N",0.32,0,0,0,0,0,0,0,"N",1,100.0,0,0,0,0,0,0,0,0,0,0,0,0,0,0
"36093","5","611691","78","0","2016","3","N","Schenectady County, New York","Private","NAICS 611691 Exam preparation and tutoring","County, NAICS 6-digit -- by ownership sector","All establishment sizes",1,0,0,0,0,0,0,0,"N",0.32,0,0,0,0,0,0,0,"N",1,100.0,0,0,0,0,0,0,0,0,0,0,0,0,0,0
"36093","5","611691","78","0","2016","4","N","Schenectady County, New York","Private","NAICS 611691 Exam preparation and tutoring","County, NAICS 6-digit -- by ownership sector","All establishment sizes",1,0,0,0,0,0,0,0,"N",0.32,0,0,0,0,0,0,0,"N",1,100.0,0,0,0,0,0,0,0,0,0,0,0,0,0,0
"36093","5","611692","78","0","2016","1","N","Schenectady County, New York","Private","NAICS 611692 Automobile driving schools","County, NAICS 6-digit -- by ownership sector","All establishment sizes",2,0,0,0,0,0,0,0,"N",2.30,0,0,0,0,0,0,0,"N",0,0.0,0,0,0,0,0,0,0,0,0,0,0,0,0,0
"36093","5","611692","78","0","2016","2","N","Schenectady County, New York","Private","NAICS 611692 Automobile driving schools","County, NAICS 6-digit -- by ownership sector","All establishment sizes",2,0,0,0,0,0,0,0,"N",2.27,0,0,0,0,0,0,0,"N",0,0.0,0,0,0,0,0,0,0,0,0,0,0,0,0,0
"36093","5","611692","78","0","2016","3","N","Schenectady County, New York","Private","NAICS 611692 Automobile driving schools","County, NAICS 6-digit -- by ownership sector","All establishment sizes",2,0,0,0,0,0,0,0,"N",2.26,0,0,0,0,0,0,0,"N",0,0.0,0,0,0,0,0,0,0,0,0,0,0,0,0,0
"36093","5","611692","78","0","2016","4","N","Schenectady County, New York","Private","NAICS 611692 Automobile driving schools","County, NAICS 6-digit -- by ownership sector","All establishment sizes",2,0,0,0,0,0,0,0,"N",2.25,0,0,0,0,0,0,0,"N",0,0.0,0,0,0,0,0,0,0,0,0,0,0,0,0,0
"36093","5","611699","78","0","2016","1","","Schenectady County, New York","Private","NAICS 611699 Miscellaneous schools and instruction","County, NAICS 6-digit -- by ownership sector","All establishment sizes",3,7,7,7,28216,27218,764,310,"",0.98,0.26,0.25,0.25,0.15,0.25,0.23,0.59,"N",0,0.0,0,0,0,0,0,0,0,0,0,0,0,0,0,0
"36093","5","611699","78","0","2016","2","","Schenectady County, New York","Private","NAICS 611699 Miscellaneous schools and instruction","County, NAICS 6-digit -- by ownership sector","All establishment sizes",3,7,7,7,32467,5728,99,357,"",0.96,0.24,0.24,0.23,0.14,0.13,0.07,0.59,"",0,0.0,0,0.0,0,0.0,0,0.0,-661,-2.0,-5506,-49.0,-282,-74.0,-7,-1.9
"36093","5","611699","78","0","2016","3","","Schenectady County, New York","Private","NAICS 611699 Miscellaneous schools and instruction","County, NAICS 6-digit -- by ownership sector","All establishment sizes",4,7,7,8,37190,7123,129,390,"",1.26,0.24,0.24,0.28,0.16,0.22,0.12,0.65,"N",1,33.3,0,0,0,0,0,0,0,0,0,0,0,0,0,0
"36093","5","611699","78","0","2016","4","","Schenectady County, New York","Private","NAICS 611699 Miscellaneous schools and instruction","County, NAICS 6-digit -- by ownership sector","All establishment sizes",3,8,8,8,35913,7663,150,345,"",0.93,0.27,0.27,0.27,0.16,0.32,0.20,0.60,"N",0,0.0,0,0,0,0,0,0,0,0,0,0,0,0,0,0
"36093","5","6117","76","0","2016","1","N","Schenectady County, New York","Private","NAICS 6117 Educational support services","County, NAICS 4-digit -- by ownership sector","All establishment sizes",2,0,0,0,0,0,0,0,"N",0.36,0,0,0,0,0,0,0,"N",-1,-33.3,0,0,0,0,0,0,0,0,0,0,0,0,0,0
"36093","5","6117","76","0","2016","2","N","Schenectady County, New York","Private","NAICS 6117 Educational support services","County, NAICS 4-digit -- by ownership sector","All establishment sizes",2,0,0,0,0,0,0,0,"N",0.35,0,0,0,0,0,0,0,"N",-1,-33.3,0,0,0,0,0,0,0,0,0,0,0,0,0,0
"36093","5","6117","76","0","2016","3","N","Schenectady County, New York","Private","NAICS 6117 Educational support services","County, NAICS 4-digit -- by ownership sector","All establishment sizes",2,0,0,0,0,0,0,0,"N",0.34,0,0,0,0,0,0,0,"N",0,0.0,0,0,0,0,0,0,0,0,0,0,0,0,0,0
"36093","5","6117","76","0","2016","4","N","Schenectady County, New York","Private","NAICS 6117 Educational support services","County, NAICS 4-digit -- by ownership sector","All establishment sizes",2,0,0,0,0,0,0,0,"N",0.34,0,0,0,0,0,0,0,"N",0,0.0,0,0,0,0,0,0,0,0,0,0,0,0,0,0
"36093","5","61171","77","0","2016","1","N","Schenectady County, New York","Private","NAICS 61171 Educational support services","County, NAICS 5-digit -- by ownership sector","All establishment sizes",2,0,0,0,0,0,0,0,"N",0.36,0,0,0,0,0,0,0,"N",-1,-33.3,0,0,0,0,0,0,0,0,0,0,0,0,0,0
"36093","5","61171","77","0","2016","2","N","Schenectady County, New York","Private","NAICS 61171 Educational support services","County, NAICS 5-digit -- by ownership sector","All establishment sizes",2,0,0,0,0,0,0,0,"N",0.35,0,0,0,0,0,0,0,"N",-1,-33.3,0,0,0,0,0,0,0,0,0,0,0,0,0,0
"36093","5","61171","77","0","2016","3","N","Schenectady County, New York","Private","NAICS 61171 Educational support services","County, NAICS 5-digit -- by ownership sector","All establishment sizes",2,0,0,0,0,0,0,0,"N",0.34,0,0,0,0,0,0,0,"N",0,0.0,0,0,0,0,0,0,0,0,0,0,0,0,0,0
"36093","5","61171","77","0","2016","4","N","Schenectady County, New York","Private","NAICS 61171 Educational support services","County, NAICS 5-digit -- by ownership sector","All establishment sizes",2,0,0,0,0,0,0,0,"N",0.34,0,0,0,0,0,0,0,"N",0,0.0,0,0,0,0,0,0,0,0,0,0,0,0,0,0
"36093","5","611710","78","0","2016","1","N","Schenectady County, New York","Private","NAICS 611710 Educational support services","County, NAICS 6-digit -- by ownership sector","All establishment sizes",2,0,0,0,0,0,0,0,"N",0.36,0,0,0,0,0,0,0,"N",-1,-33.3,0,0,0,0,0,0,0,0,0,0,0,0,0,0
"36093","5","611710","78","0","2016","2","N","Schenectady County, New York","Private","NAICS 611710 Educational support services","County, NAICS 6-digit -- by ownership sector","All establishment sizes",2,0,0,0,0,0,0,0,"N",0.35,0,0,0,0,0,0,0,"N",-1,-33.3,0,0,0,0,0,0,0,0,0,0,0,0,0,0
"36093","5","611710","78","0","2016","3","N","Schenectady County, New York","Private","NAICS 611710 Educational support services","County, NAICS 6-digit -- by ownership sector","All establishment sizes",2,0,0,0,0,0,0,0,"N",0.34,0,0,0,0,0,0,0,"N",0,0.0,0,0,0,0,0,0,0,0,0,0,0,0,0,0
"36093","5","611710","78","0","2016","4","N","Schenectady County, New York","Private","NAICS 611710 Educational support services","County, NAICS 6-digit -- by ownership sector","All establishment sizes",2,0,0,0,0,0,0,0,"N",0.34,0,0,0,0,0,0,0,"N",0,0.0,0,0,0,0,0,0,0,0,0,0,0,0,0,0
"36093","5","62","74","0","2016","1","","Schenectady County, New York","Private","NAICS 62 Health care and social assistance","County, NAICS Sector -- by ownership sector","All establishment sizes",400,11904,11796,11867,118929043,32081335,779204,772,"",0.77,1.43,1.41,1.42,1.30,1.06,1.03,0.92,"",-7,-1.7,314,2.7,311,2.7,383,3.3,718465,0.6,1265177,4.1,-134526,-14.7,-17,-2.2
"36093","5","62","74","0","2016","2","","Schenectady County, New York","Private","NAICS 62 Health care and social assistance","County, NAICS Sector -- by ownership sector","All establishment sizes",405,11876,11866,11958,131034578,11909050,299334,847,"",0.77,1.41,1.41,1.40,1.20,1.22,1.01,0.85,"",-2,-0.5,390,3.4,358,3.1,188,1.6,4098586,3.2,99204,0.8,-59270,-16.5,4,0.5
"36093","5","62","74","0","2016","3","","Schenectady County, New York","Private","NAICS 62 Health care and social assistance","County, NAICS Sector -- by ownership sector","All establishment sizes",404,11939,11974,11894,135459061,6055222,145662,873,"",0.77,1.46,1.46,1.44,1.28,1.01,0.84,0.88,"",0,0.0,161,1.4,229,1.9,252,2.2,10345378,8.3,229511,3.9,-28429,-16.3,52,6.3
"36093","5","62","74","0","2016","4","","Schenectady County, New York","Private","NAICS 62 Health care and social assistance","County, NAICS Sector -- by ownership sector","All establishment sizes",403,11842,11862,11901,133403862,4912289,119875,865,"",0.75,1.40,1.39,1.41,1.27,1.06,0.89,0.91,"",1,0.2,99,0.8,76,0.6,53,0.4,-4965182,-3.6,-62912,-1.3,-31105,-20.6,-38,-4.2
"36093","5","621","75","0","2016","1","","Schenectady County, New York","Private","NAICS 621 Ambulatory health care services","County, NAICS 3-digit -- by ownership sector","All establishment sizes",205,2576,2562,2577,32915915,15803637,354372,985,"",1.00,0.83,0.82,0.83,0.79,0.93,0.87,0.95,"",-6,-2.8,57,2.3,57,2.3,74,3.0,1446284,4.6,469284,3.1,-62599,-15.0,20,2.1
"36093","5","621","75","0","2016","2","","Schenectady County, New York","Private","NAICS 621 Ambulatory health care services","County, NAICS 3-digit -- by ownership sector","All establishment sizes",209,2545,2546,2540,35860556,4253132,95042,1084,"",1.01,0.81,0.81,0.80,0.71,0.90,0.71,0.88,"",-3,-1.4,16,0.6,21,0.8,15,0.6,2035372,6.0,-181827,-4.1,-25884,-21.4,54,5.2
"36093","5","621","75","0","2016","3","","Schenectady County, New York","Private","NAICS 621 Ambulatory health care services","County, NAICS 3-digit -- by ownership sector","All establishment sizes",209,2539,2553,2564,36887937,2201866,48142,1112,"",1.01,0.83,0.83,0.83,0.75,0.78,0.62,0.91,"",-1,-0.5,-6,-0.2,8,0.3,24,0.9,643717,1.8,112522,5.4,-10430,-17.8,16,1.5
"36093","5","621","75","0","2016","4","","Schenectady County, New York","Private","NAICS 621 Ambulatory health care services","County, NAICS 3-digit -- by ownership sector","All establishment sizes",208,2556,2543,2574,41514977,1875916,42249,1249,"",1.00,0.81,0.80,0.81,0.82,0.86,0.70,1.02,"",0,0.0,-21,-0.8,-33,-1.3,-34,-1.3,1722132,4.3,97934,5.5,-6879,-14.0,66,5.6
"36093","5","6211","76","0","2016","1","","Schenectady County, New York","Private","NAICS 6211 Offices of physicians","County, NAICS 4-digit -- by ownership sector","All establishment sizes",73,1105,1117,1118,18515885,9040669,205192,1279,"",0.96,0.99,1.00,1.00,0.88,1.36,1.40,0.88,"",-6,-7.6,17,1.6,33,3.0,50,4.7,1304394,7.6,329890,3.8,-33843,-14.2,53,4.3
"36093","5","6211","76","0","2016","2","","Schenectady County, New York","Private","NAICS 6211 Offices of physicians","County, NAICS 4-digit -- by ownership sector","All establishment sizes",74,1106,1110,1107,20707795,1850141,43616,1438,"",0.97,0.98,0.99,0.97,0.80,1.21,1.08,0.82,"",-4,-5.1,28,2.6,34,3.2,31,2.9,2018426,10.8,-113000,-5.8,-9586,-18.0,103,7.7
"36093","5","6211","76","0","2016","3","","Schenectady County, New York","Private","NAICS 6211 Offices of physicians","County, NAICS 4-digit -- by ownership sector","All establishment sizes",75,1113,1109,1111,20848381,836438,18399,1443,"",0.98,1.02,1.01,1.00,0.83,0.96,0.84,0.82,"",-2,-2.6,3,0.3,1,0.1,21,1.9,22344,0.1,16393,2.0,-5171,-21.9,-10,-0.7
"36093","5","6211","76","0","2016","4","","Schenectady County, New York","Private","NAICS 6211 Offices of physicians","County, NAICS 4-digit -- by ownership sector","All establishment sizes",75,1117,1110,1130,25398817,720823,16776,1746,"",0.98,0.98,0.97,1.00,0.93,1.08,0.96,0.95,"",-1,-1.3,17,1.5,5,0.5,1,0.1,2418559,10.5,-45112,-5.9,-5485,-24.6,155,9.7
"36093","5","62111","77","0","2016","1","","Schenectady County, New York","Private","NAICS 62111 Offices of physicians","County, NAICS 5-digit -- by ownership sector","All establishment sizes",73,1105,1117,1118,18515885,9040669,205192,1279,"",0.96,0.99,1.00,1.00,0.88,1.36,1.40,0.88,"",-6,-7.6,17,1.6,33,3.0,50,4.7,1304394,7.6,329890,3.8,-33843,-14.2,53,4.3
"36093","5","62111","77","0","2016","2","","Schenectady County, New York","Private","NAICS 62111 Offices of physicians","County, NAICS 5-digit -- by ownership sector","All establishment sizes",74,1106,1110,1107,20707795,1850141,43616,1438,"",0.97,0.98,0.99,0.97,0.80,1.21,1.08,0.82,"",-4,-5.1,28,2.6,34,3.2,31,2.9,2018426,10.8,-113000,-5.8,-9586,-18.0,103,7.7
"36093","5","62111","77","0","2016","3","","Schenectady County, New York","Private","NAICS 62111 Offices of physicians","County, NAICS 5-digit -- by ownership sector","All establishment sizes",75,1113,1109,1111,20848381,836438,18399,1443,"",0.98,1.02,1.01,1.00,0.83,0.96,0.84,0.82,"",-2,-2.6,3,0.3,1,0.1,21,1.9,22344,0.1,16393,2.0,-5171,-21.9,-10,-0.7
"36093","5","62111","77","0","2016","4","","Schenectady County, New York","Private","NAICS 62111 Offices of physicians","County, NAICS 5-digit -- by ownership sector","All establishment sizes",75,1117,1110,1130,25398817,720823,16776,1746,"",0.98,0.98,0.97,1.00,0.93,1.08,0.96,0.95,"",-1,-1.3,17,1.5,5,0.5,1,0.1,2418559,10.5,-45112,-5.9,-5485,-24.6,155,9.7
"36093","5","621111","78","0","2016","1","N","Schenectady County, New York","Private","NAICS 621111 Offices of physicians, except mental health","County, NAICS 6-digit -- by ownership sector","All establishment sizes",72,0,0,0,0,0,0,0,"N",1.00,0,0,0,0,0,0,0,"N",-6,-7.7,0,0,0,0,0,0,0,0,0,0,0,0,0,0
"36093","5","621111","78","0","2016","2","N","Schenectady County, New York","Private","NAICS 621111 Offices of physicians, except mental health","County, NAICS 6-digit -- by ownership sector","All establishment sizes",73,0,0,0,0,0,0,0,"N",1.01,0,0,0,0,0,0,0,"N",-4,-5.2,0,0,0,0,0,0,0,0,0,0,0,0,0,0
"36093","5","621111","78","0","2016","3","N","Schenectady County, New York","Private","NAICS 621111 Offices of physicians, except mental health","County, NAICS 6-digit -- by ownership sector","All establishment sizes",74,0,0,0,0,0,0,0,"N",1.02,0,0,0,0,0,0,0,"N",-2,-2.6,0,0,0,0,0,0,0,0,0,0,0,0,0,0
"36093","5","621111","78","0","2016","4","N","Schenectady County, New York","Private","NAICS 621111 Offices of physicians, except mental health","County, NAICS 6-digit -- by ownership sector","All establishment sizes",74,0,0,0,0,0,0,0,"N",1.01,0,0,0,0,0,0,0,"N",-1,-1.3,0,0,0,0,0,0,0,0,0,0,0,0,0,0
"36093","5","621112","78","0","2016","1","N","Schenectady County, New York","Private","NAICS 621112 Offices of mental health physicians","County, NAICS 6-digit -- by ownership sector","All establishment sizes",1,0,0,0,0,0,0,0,"N",0.28,0,0,0,0,0,0,0,"N",0,0.0,0,0,0,0,0,0,0,0,0,0,0,0,0,0
"36093","5","621112","78","0","2016","2","N","Schenectady County, New York","Private","NAICS 621112 Offices of mental health physicians","County, NAICS 6-digit -- by ownership sector","All establishment sizes",1,0,0,0,0,0,0,0,"N",0.27,0,0,0,0,0,0,0,"N",0,0.0,0,0,0,0,0,0,0,0,0,0,0,0,0,0
"36093","5","621112","78","0","2016","3","N","Schenectady County, New York","Private","NAICS 621112 Offices of mental health physicians","County, NAICS 6-digit -- by ownership sector","All establishment sizes",1,0,0,0,0,0,0,0,"N",0.27,0,0,0,0,0,0,0,"N",0,0.0,0,0,0,0,0,0,0,0,0,0,0,0,0,0
"36093","5","621112","78","0","2016","4","N","Schenectady County, New York","Private","NAICS 621112 Offices of mental health physicians","County, NAICS 6-digit -- by ownership sector","All establishment sizes",1,0,0,0,0,0,0,0,"N",0.27,0,0,0,0,0,0,0,"N",0,0.0,0,0,0,0,0,0,0,0,0,0,0,0,0,0
"36093","5","6212","76","0","2016","1","","Schenectady County, New York","Private","NAICS 6212 Offices of dentists","County, NAICS 4-digit -- by ownership sector","All establishment sizes",62,398,393,394,4456814,2941395,68710,868,"",1.35,0.98,0.96,0.97,0.97,1.11,1.16,1.00,"",-1,-1.6,-5,-1.2,-5,-1.3,-7,-1.7,446869,11.1,140285,5.0,-11971,-14.8,98,12.7
"36093","5","6212","76","0","2016","2","","Schenectady County, New York","Private","NAICS 6212 Offices of dentists","County, NAICS 4-digit -- by ownership sector","All establishment sizes",62,398,396,394,4507136,905843,21220,876,"",1.34,0.97,0.97,0.95,0.81,1.17,1.07,0.85,"",-2,-3.1,-6,-1.5,-6,-1.5,-6,-1.5,230129,5.4,-50583,-5.3,-5994,-22.0,58,7.1
"36093","5","6212","76","0","2016","3","","Schenectady County, New York","Private","NAICS 6212 Offices of dentists","County, NAICS 4-digit -- by ownership sector","All establishment sizes",61,395,393,398,4881964,462836,11061,950,"",1.32,0.99,0.98,0.99,0.94,1.06,1.02,0.95,"",-2,-3.2,-1,-0.3,8,2.1,-10,-2.5,227128,4.9,-3259,-0.7,-2990,-21.3,47,5.2
"36093","5","6212","76","0","2016","4","","Schenectady County, New York","Private","NAICS 6212 Offices of dentists","County, NAICS 4-digit -- by ownership sector","All establishment sizes",60,399,398,383,4978210,390304,9011,974,"",1.29,0.97,0.96,0.93,0.89,1.17,1.06,0.93,"",-2,-3.2,-3,-0.7,-8,-2.0,-24,-5.9,-49350,-1.0,8398,2.2,-1498,-14.3,19,2.0
"36093","5","62121","77","0","2016","1","","Schenectady County, New York","Private","NAICS 62121 Offices of dentists","County, NAICS 5-digit -- by ownership sector","All establishment sizes",62,398,393,394,4456814,2941395,68710,868,"",1.35,0.98,0.96,0.97,0.97,1.11,1.16,1.00,"",-1,-1.6,-5,-1.2,-5,-1.3,-7,-1.7,446869,11.1,140285,5.0,-11971,-14.8,98,12.7
"36093","5","62121","77","0","2016","2","","Schenectady County, New York","Private","NAICS 62121 Offices of dentists","County, NAICS 5-digit -- by ownership sector","All establishment sizes",62,398,396,394,4507136,905843,21220,876,"",1.34,0.97,0.97,0.95,0.81,1.17,1.07,0.85,"",-2,-3.1,-6,-1.5,-6,-1.5,-6,-1.5,230129,5.4,-50583,-5.3,-5994,-22.0,58,7.1
"36093","5","62121","77","0","2016","3","","Schenectady County, New York","Private","NAICS 62121 Offices of dentists","County, NAICS 5-digit -- by ownership sector","All establishment sizes",61,395,393,398,4881964,462836,11061,950,"",1.32,0.99,0.98,0.99,0.94,1.06,1.02,0.95,"",-2,-3.2,-1,-0.3,8,2.1,-10,-2.5,227128,4.9,-3259,-0.7,-2990,-21.3,47,5.2
"36093","5","62121","77","0","2016","4","","Schenectady County, New York","Private","NAICS 62121 Offices of dentists","County, NAICS 5-digit -- by ownership sector","All establishment sizes",60,399,398,383,4978210,390304,9011,974,"",1.29,0.97,0.96,0.93,0.89,1.17,1.06,0.93,"",-2,-3.2,-3,-0.7,-8,-2.0,-24,-5.9,-49350,-1.0,8398,2.2,-1498,-14.3,19,2.0
"36093","5","621210","78","0","2016","1","","Schenectady County, New York","Private","NAICS 621210 Offices of dentists","County, NAICS 6-digit -- by ownership sector","All establishment sizes",62,398,393,394,4456814,2941395,68710,868,"",1.35,0.98,0.96,0.97,0.97,1.11,1.16,1.00,"",-1,-1.6,-5,-1.2,-5,-1.3,-7,-1.7,446869,11.1,140285,5.0,-11971,-14.8,98,12.7
"36093","5","621210","78","0","2016","2","","Schenectady County, New York","Private","NAICS 621210 Offices of dentists","County, NAICS 6-digit -- by ownership sector","All establishment sizes",62,398,396,394,4507136,905843,21220,876,"",1.34,0.97,0.97,0.95,0.81,1.17,1.07,0.85,"",-2,-3.1,-6,-1.5,-6,-1.5,-6,-1.5,230129,5.4,-50583,-5.3,-5994,-22.0,58,7.1
"36093","5","621210","78","0","2016","3","","Schenectady County, New York","Private","NAICS 621210 Offices of dentists","County, NAICS 6-digit -- by ownership sector","All establishment sizes",61,395,393,398,4881964,462836,11061,950,"",1.32,0.99,0.98,0.99,0.94,1.06,1.02,0.95,"",-2,-3.2,-1,-0.3,8,2.1,-10,-2.5,227128,4.9,-3259,-0.7,-2990,-21.3,47,5.2
"36093","5","621210","78","0","2016","4","","Schenectady County, New York","Private","NAICS 621210 Offices of dentists","County, NAICS 6-digit -- by ownership sector","All establishment sizes",60,399,398,383,4978210,390304,9011,974,"",1.29,0.97,0.96,0.93,0.89,1.17,1.06,0.93,"",-2,-3.2,-3,-0.7,-8,-2.0,-24,-5.9,-49350,-1.0,8398,2.2,-1498,-14.3,19,2.0
"36093","5","6213","76","0","2016","1","","Schenectady County, New York","Private","NAICS 6213 Offices of other health practitioners","County, NAICS 4-digit -- by ownership sector","All establishment sizes",46,240,239,246,1982968,1559780,32445,631,"",0.95,0.65,0.64,0.66,0.56,0.72,0.68,0.87,"",-1,-2.1,7,3.0,12,5.3,16,7.0,-697,0.0,30490,2.0,-4530,-12.3,-32,-4.8
"36093","5","6213","76","0","2016","2","","Schenectady County, New York","Private","NAICS 6213 Offices of other health practitioners","County, NAICS 4-digit -- by ownership sector","All establishment sizes",49,243,238,238,2115591,584293,11739,679,"",1.00,0.64,0.63,0.62,0.50,0.85,0.66,0.79,"",2,4.3,15,6.6,4,1.7,5,2.1,66676,3.3,78533,15.5,-366,-3.0,-1,-0.1
"36093","5","6213","76","0","2016","3","","Schenectady County, New York","Private","NAICS 6213 Offices of other health practitioners","County, NAICS 4-digit -- by ownership sector","All establishment sizes",48,243,248,235,2124021,292628,6639,675,"",0.97,0.66,0.67,0.63,0.53,0.70,0.62,0.80,"",1,2.1,8,3.4,13,5.5,4,1.7,33857,1.6,56250,23.8,946,16.6,-13,-1.9
"36093","5","6213","76","0","2016","4","","Schenectady County, New York","Private","NAICS 6213 Offices of other health practitioners","County, NAICS 4-digit -- by ownership sector","All establishment sizes",48,233,241,250,2243251,234855,5508,715,"",0.97,0.61,0.63,0.66,0.55,0.70,0.64,0.88,"",1,2.1,-5,-2.1,5,2.1,15,6.4,-19490,-0.9,43993,23.0,1051,23.6,-21,-2.9
"36093","5","62131","77","0","2016","1","","Schenectady County, New York","Private","NAICS 62131 Offices of chiropractors","County, NAICS 5-digit -- by ownership sector","All establishment sizes",15,36,37,38,226862,188106,3865,472,"",1.11,0.62,0.63,0.65,0.53,0.62,0.59,0.83,"",0,0.0,4,12.5,5,15.6,6,18.8,18025,8.6,12667,7.2,24,0.6,-30,-6.0
"36093","5","62131","77","0","2016","2","","Schenectady County, New York","Private","NAICS 62131 Offices of chiropractors","County, NAICS 5-digit -- by ownership sector","All establishment sizes",15,33,34,35,241990,91285,1734,547,"",1.11,0.56,0.57,0.59,0.46,0.77,0.57,0.80,"",0,0.0,3,10.0,3,9.7,3,9.4,20199,9.1,9382,11.5,-71,-3.9,-3,-0.5
"36093","5","62131","77","0","2016","3","","Schenectady County, New York","Private","NAICS 62131 Offices of chiropractors","County, NAICS 5-digit -- by ownership sector","All establishment sizes",16,36,37,38,255568,57106,1052,531,"",1.18,0.63,0.64,0.65,0.51,0.79,0.59,0.80,"",1,6.7,3,9.1,5,15.6,5,15.2,33394,15.0,15859,38.4,107,11.3,8,1.5
"36093","5","62131","77","0","2016","4","","Schenectady County, New York","Private","NAICS 62131 Offices of chiropractors","County, NAICS 5-digit -- by ownership sector","All establishment sizes",15,38,38,38,275611,40505,750,558,"",1.10,0.64,0.64,0.64,0.53,0.69,0.52,0.83,"",0,0.0,2,5.6,5,15.2,4,11.8,17278,6.7,-5892,-12.7,-309,-29.2,-21,-3.6
"36093","5","621310","78","0","2016","1","","Schenectady County, New York","Private","NAICS 621310 Offices of chiropractors","County, NAICS 6-digit -- by ownership sector","All establishment sizes",15,36,37,38,226862,188106,3865,472,"",1.11,0.62,0.63,0.65,0.53,0.62,0.59,0.83,"",0,0.0,4,12.5,5,15.6,6,18.8,18025,8.6,12667,7.2,24,0.6,-30,-6.0
"36093","5","621310","78","0","2016","2","","Schenectady County, New York","Private","NAICS 621310 Offices of chiropractors","County, NAICS 6-digit -- by ownership sector","All establishment sizes",15,33,34,35,241990,91285,1734,547,"",1.11,0.56,0.57,0.59,0.46,0.77,0.57,0.80,"",0,0.0,3,10.0,3,9.7,3,9.4,20199,9.1,9382,11.5,-71,-3.9,-3,-0.5
"36093","5","621310","78","0","2016","3","","Schenectady County, New York","Private","NAICS 621310 Offices of chiropractors","County, NAICS 6-digit -- by ownership sector","All establishment sizes",16,36,37,38,255568,57106,1052,531,"",1.18,0.63,0.64,0.65,0.51,0.79,0.59,0.80,"",1,6.7,3,9.1,5,15.6,5,15.2,33394,15.0,15859,38.4,107,11.3,8,1.5
"36093","5","621310","78","0","2016","4","","Schenectady County, New York","Private","NAICS 621310 Offices of chiropractors","County, NAICS 6-digit -- by ownership sector","All establishment sizes",15,38,38,38,275611,40505,750,558,"",1.10,0.64,0.64,0.64,0.53,0.69,0.52,0.83,"",0,0.0,2,5.6,5,15.2,4,11.8,17278,6.7,-5892,-12.7,-309,-29.2,-21,-3.6
"36093","5","62132","77","0","2016","1","","Schenectady County, New York","Private","NAICS 62132 Offices of optometrists","County, NAICS 5-digit -- by ownership sector","All establishment sizes",5,32,31,32,268832,209267,4693,653,"",0.68,0.55,0.53,0.55,0.50,0.60,0.68,0.92,"",0,0.0,4,14.3,3,10.7,2,6.7,25658,10.6,22346,12.0,-439,-8.6,0,0.0
"36093","5","62132","77","0","2016","2","","Schenectady County, New York","Private","NAICS 62132 Offices of optometrists","County, NAICS 5-digit -- by ownership sector","All establishment sizes",5,31,27,28,277834,91308,1666,746,"",0.68,0.53,0.46,0.47,0.43,0.80,0.65,0.89,"",0,0.0,2,6.9,-4,-12.9,-3,-9.7,18872,7.3,9358,11.4,-345,-17.2,89,13.5
"36093","5","62132","77","0","2016","3","","Schenectady County, New York","Private","NAICS 62132 Offices of optometrists","County, NAICS 5-digit -- by ownership sector","All establishment sizes",5,29,30,26,276719,24892,423,751,"",0.68,0.51,0.52,0.45,0.45,0.38,0.30,0.91,"",0,0.0,-3,-9.4,0,0.0,-6,-18.8,-419,-0.2,-12302,-33.1,-514,-54.9,71,10.4
"36093","5","62132","77","0","2016","4","","Schenectady County, New York","Private","NAICS 62132 Offices of optometrists","County, NAICS 5-digit -- by ownership sector","All establishment sizes",5,26,26,28,276104,19513,332,796,"",0.68,0.44,0.44,0.48,0.44,0.40,0.31,0.96,"",0,0.0,-3,-10.3,-5,-16.1,-2,-6.7,-18668,-6.3,-11252,-36.6,-476,-58.9,40,5.3
"36093","5","621320","78","0","2016","1","","Schenectady County, New York","Private","NAICS 621320 Offices of optometrists","County, NAICS 6-digit -- by ownership sector","All establishment sizes",5,32,31,32,268832,209267,4693,653,"",0.68,0.55,0.53,0.55,0.50,0.60,0.68,0.92,"",0,0.0,4,14.3,3,10.7,2,6.7,25658,10.6,22346,12.0,-439,-8.6,0,0.0
"36093","5","621320","78","0","2016","2","","Schenectady County, New York","Private","NAICS 621320 Offices of optometrists","County, NAICS 6-digit -- by ownership sector","All establishment sizes",5,31,27,28,277834,91308,1666,746,"",0.68,0.53,0.46,0.47,0.43,0.80,0.65,0.89,"",0,0.0,2,6.9,-4,-12.9,-3,-9.7,18872,7.3,9358,11.4,-345,-17.2,89,13.5
"36093","5","621320","78","0","2016","3","","Schenectady County, New York","Private","NAICS 621320 Offices of optometrists","County, NAICS 6-digit -- by ownership sector","All establishment sizes",5,29,30,26,276719,24892,423,751,"",0.68,0.51,0.52,0.45,0.45,0.38,0.30,0.91,"",0,0.0,-3,-9.4,0,0.0,-6,-18.8,-419,-0.2,-12302,-33.1,-514,-54.9,71,10.4
"36093","5","621320","78","0","2016","4","","Schenectady County, New York","Private","NAICS 621320 Offices of optometrists","County, NAICS 6-digit -- by ownership sector","All establishment sizes",5,26,26,28,276104,19513,332,796,"",0.68,0.44,0.44,0.48,0.44,0.40,0.31,0.96,"",0,0.0,-3,-10.3,-5,-16.1,-2,-6.7,-18668,-6.3,-11252,-36.6,-476,-58.9,40,5.3
"36093","5","62133","77","0","2016","1","","Schenectady County, New York","Private","NAICS 62133 Offices of mental health practitioners","County, NAICS 5-digit -- by ownership sector","All establishment sizes",7,34,34,35,301860,242249,5449,676,"",1.18,0.96,0.95,0.98,0.96,1.28,1.12,0.99,"",-1,-12.5,-1,-2.9,0,0.0,4,12.9,-147,0.0,2119,0.9,-247,-4.3,-21,-3.0
"36093","5","62133","77","0","2016","2","","Schenectady County, New York","Private","NAICS 62133 Offices of mental health practitioners","County, NAICS 5-digit -- by ownership sector","All establishment sizes",7,36,35,34,308760,91989,2172,679,"",1.15,0.98,0.96,0.92,0.79,1.43,1.12,0.83,"",-1,-12.5,4,12.5,3,9.4,1,3.0,41947,15.7,12549,15.8,16,0.7,44,6.9
"36093","5","62133","77","0","2016","3","","Schenectady County, New York","Private","NAICS 62133 Offices of mental health practitioners","County, NAICS 5-digit -- by ownership sector","All establishment sizes",6,35,35,35,319523,18777,362,702,"",0.98,0.98,0.97,0.96,0.86,0.48,0.31,0.88,"",-2,-25.0,2,6.1,1,2.9,2,6.1,33401,11.7,-14345,-43.3,-608,-62.7,42,6.4
"36093","5","62133","77","0","2016","4","","Schenectady County, New York","Private","NAICS 62133 Offices of mental health practitioners","County, NAICS 5-digit -- by ownership sector","All establishment sizes",6,34,33,33,361155,23720,433,833,"",0.97,0.90,0.86,0.87,0.92,0.69,0.42,1.04,"",-2,-25.0,0,0.0,-1,-2.9,-2,-5.7,1734,0.5,3695,18.5,-13,-2.9,28,3.5
"36093","5","621330","78","0","2016","1","","Schenectady County, New York","Private","NAICS 621330 Offices of mental health practitioners","County, NAICS 6-digit -- by ownership sector","All establishment sizes",7,34,34,35,301860,242249,5449,676,"",1.18,0.96,0.95,0.98,0.96,1.28,1.12,0.99,"",-1,-12.5,-1,-2.9,0,0.0,4,12.9,-147,0.0,2119,0.9,-247,-4.3,-21,-3.0
"36093","5","621330","78","0","2016","2","","Schenectady County, New York","Private","NAICS 621330 Offices of mental health practitioners","County, NAICS 6-digit -- by ownership sector","All establishment sizes",7,36,35,34,308760,91989,2172,679,"",1.15,0.98,0.96,0.92,0.79,1.43,1.12,0.83,"",-1,-12.5,4,12.5,3,9.4,1,3.0,41947,15.7,12549,15.8,16,0.7,44,6.9
"36093","5","621330","78","0","2016","3","","Schenectady County, New York","Private","NAICS 621330 Offices of mental health practitioners","County, NAICS 6-digit -- by ownership sector","All establishment sizes",6,35,35,35,319523,18777,362,702,"",0.98,0.98,0.97,0.96,0.86,0.48,0.31,0.88,"",-2,-25.0,2,6.1,1,2.9,2,6.1,33401,11.7,-14345,-43.3,-608,-62.7,42,6.4
"36093","5","621330","78","0","2016","4","","Schenectady County, New York","Private","NAICS 621330 Offices of mental health practitioners","County, NAICS 6-digit -- by ownership sector","All establishment sizes",6,34,33,33,361155,23720,433,833,"",0.97,0.90,0.86,0.87,0.92,0.69,0.42,1.04,"",-2,-25.0,0,0.0,-1,-2.9,-2,-5.7,1734,0.5,3695,18.5,-13,-2.9,28,3.5
"36093","5","62134","77","0","2016","1","","Schenectady County, New York","Private","NAICS 62134 Offices of specialty therapists","County, NAICS 5-digit -- by ownership sector","All establishment sizes",7,101,98,102,950242,703526,12451,729,"",0.58,0.64,0.61,0.64,0.58,0.71,0.59,0.92,"",0,0.0,5,5.2,6,6.5,9,9.7,-59106,-5.9,-19578,-2.7,-3488,-21.9,-100,-12.1
"36093","5","62134","77","0","2016","2","","Schenectady County, New York","Private","NAICS 62134 Offices of specialty therapists","County, NAICS 5-digit -- by ownership sector","All establishment sizes",9,107,106,103,1010390,229094,4158,738,"",0.72,0.66,0.66,0.63,0.51,0.84,0.59,0.79,"",2,28.6,10,10.3,13,14.0,7,7.3,-41268,-3.9,55484,32.0,349,9.2,-111,-13.1
"36093","5","62134","77","0","2016","3","","Schenectady County, New York","Private","NAICS 62134 Offices of specialty therapists","County, NAICS 5-digit -- by ownership sector","All establishment sizes",9,102,104,105,1008638,135595,3236,748,"",0.72,0.65,0.66,0.66,0.55,0.81,0.75,0.83,"",2,28.6,5,5.2,4,4.0,9,9.4,-56015,-5.3,43300,46.9,1152,55.3,-91,-10.8
"36093","5","62134","77","0","2016","4","","Schenectady County, New York","Private","NAICS 62134 Offices of specialty therapists","County, NAICS 5-digit -- by ownership sector","All establishment sizes",10,102,108,116,1064095,129664,3475,753,"",0.80,0.63,0.66,0.71,0.59,0.99,1.02,0.88,"",3,42.9,2,2.0,9,9.1,15,14.9,-45858,-4.1,66152,104.2,1994,134.6,-101,-11.8
"36093","5","621340","78","0","2016","1","","Schenectady County, New York","Private","NAICS 621340 Offices of specialty therapists","County, NAICS 6-digit -- by ownership sector","All establishment sizes",7,101,98,102,950242,703526,12451,729,"",0.58,0.64,0.61,0.64,0.58,0.71,0.59,0.92,"",0,0.0,5,5.2,6,6.5,9,9.7,-59106,-5.9,-19578,-2.7,-3488,-21.9,-100,-12.1
"36093","5","621340","78","0","2016","2","","Schenectady County, New York","Private","NAICS 621340 Offices of specialty therapists","County, NAICS 6-digit -- by ownership sector","All establishment sizes",9,107,106,103,1010390,229094,4158,738,"",0.72,0.66,0.66,0.63,0.51,0.84,0.59,0.79,"",2,28.6,10,10.3,13,14.0,7,7.3,-41268,-3.9,55484,32.0,349,9.2,-111,-13.1
"36093","5","621340","78","0","2016","3","","Schenectady County, New York","Private","NAICS 621340 Offices of specialty therapists","County, NAICS 6-digit -- by ownership sector","All establishment sizes",9,102,104,105,1008638,135595,3236,748,"",0.72,0.65,0.66,0.66,0.55,0.81,0.75,0.83,"",2,28.6,5,5.2,4,4.0,9,9.4,-56015,-5.3,43300,46.9,1152,55.3,-91,-10.8
"36093","5","621340","78","0","2016","4","","Schenectady County, New York","Private","NAICS 621340 Offices of specialty therapists","County, NAICS 6-digit -- by ownership sector","All establishment sizes",10,102,108,116,1064095,129664,3475,753,"",0.80,0.63,0.66,0.71,0.59,0.99,1.02,0.88,"",3,42.9,2,2.0,9,9.1,15,14.9,-45858,-4.1,66152,104.2,1994,134.6,-101,-11.8
"36093","5","62139","77","0","2016","1","","Schenectady County, New York","Private","NAICS 62139 Offices of all other health practitioners","County, NAICS 5-digit -- by ownership sector","All establishment sizes",12,37,39,39,235172,216632,5987,472,"",1.26,0.61,0.64,0.64,0.39,0.62,0.73,0.62,"",0,0.0,-5,-11.9,-2,-4.9,-5,-11.4,14873,6.8,12936,6.4,-380,-6.0,72,18.0
"36093","5","62139","77","0","2016","2","","Schenectady County, New York","Private","NAICS 62139 Offices of all other health practitioners","County, NAICS 5-digit -- by ownership sector","All establishment sizes",13,36,36,38,276617,80617,2009,580,"",1.34,0.58,0.58,0.60,0.38,0.69,0.60,0.65,"",1,8.3,-4,-10.0,-11,-23.4,-3,-7.3,26926,10.8,-8240,-9.3,-315,-13.6,130,28.9
"36093","5","62139","77","0","2016","3","","Schenectady County, New York","Private","NAICS 62139 Offices of all other health practitioners","County, NAICS 5-digit -- by ownership sector","All establishment sizes",12,41,42,31,263573,56258,1566,534,"",1.23,0.68,0.69,0.50,0.38,0.76,0.77,0.60,"",0,0.0,1,2.5,3,7.7,-6,-16.2,23496,9.8,23738,73.0,809,106.9,56,11.7
"36093","5","62139","77","0","2016","4","","Schenectady County, New York","Private","NAICS 62139 Offices of all other health practitioners","County, NAICS 5-digit -- by ownership sector","All establishment sizes",12,33,36,35,266286,21453,518,591,"",1.23,0.52,0.56,0.55,0.37,0.35,0.31,0.68,"",0,0.0,-6,-15.4,-3,-7.7,0,0.0,26024,10.8,-8710,-28.9,-145,-21.9,100,20.4
"36093","5","621391","78","0","2016","1","","Schenectady County, New York","Private","NAICS 621391 Offices of podiatrists","County, NAICS 6-digit -- by ownership sector","All establishment sizes",7,22,23,23,179820,166269,4462,610,"",2.60,1.40,1.46,1.47,1.16,1.83,2.07,0.81,"",0,0.0,2,10.0,3,15.0,2,9.5,25951,16.9,21586,14.9,-89,-2.0,28,4.8
"36093","5","621391","78","0","2016","2","","Schenectady County, New York","Private","NAICS 621391 Offices of podiatrists","County, NAICS 6-digit -- by ownership sector","All establishment sizes",8,20,22,22,216787,51721,1152,782,"",2.98,1.26,1.39,1.38,1.15,1.83,1.41,0.85,"",1,14.3,-2,-9.1,-3,-12.0,-1,-4.3,31451,17.0,-9070,-14.9,-263,-18.6,171,28.0
"36093","5","621391","78","0","2016","3","","Schenectady County, New York","Private","NAICS 621391 Offices of podiatrists","County, NAICS 6-digit -- by ownership sector","All establishment sizes",7,24,24,22,198485,28333,629,654,"",2.62,1.56,1.56,1.42,1.09,1.77,1.45,0.72,"",0,0.0,0,0.0,2,9.1,-1,-4.3,7520,3.9,20118,244.9,450,251.4,15,2.3
"36093","5","621391","78","0","2016","4","","Schenectady County, New York","Private","NAICS 621391 Offices of podiatrists","County, NAICS 6-digit -- by ownership sector","All establishment sizes",7,24,23,22,212381,10304,181,710,"",2.63,1.51,1.45,1.39,1.08,0.83,0.54,0.74,"",0,0.0,1,4.3,0,0.0,1,4.8,22954,12.1,6169,149.2,92,103.4,58,8.9
"36093","5","621399","78","0","2016","1","","Schenectady County, New York","Private","NAICS 621399 Offices of miscellaneous health practitioners","County, NAICS 6-digit -- by ownership sector","All establishment sizes",5,15,16,16,55352,50363,1525,272,"",0.73,0.34,0.35,0.35,0.12,0.20,0.25,0.36,"",0,0.0,-7,-31.8,-5,-23.8,-7,-30.4,-11078,-16.7,-8650,-14.7,-291,-16.0,40,17.2
"36093","5","621399","78","0","2016","2","","Schenectady County, New York","Private","NAICS 621399 Offices of miscellaneous health practitioners","County, NAICS 6-digit -- by ownership sector","All establishment sizes",5,16,14,16,59830,28896,857,300,"",0.72,0.35,0.30,0.34,0.11,0.33,0.34,0.34,"",0,0.0,-2,-11.1,-8,-36.4,-2,-11.1,-4525,-7.0,830,3.0,-52,-5.7,44,17.2
"36093","5","621399","78","0","2016","3","","Schenectady County, New York","Private","NAICS 621399 Offices of miscellaneous health practitioners","County, NAICS 6-digit -- by ownership sector","All establishment sizes",5,17,18,9,65088,27925,937,341,"",0.71,0.38,0.40,0.20,0.13,0.48,0.59,0.39,"",0,0.0,1,6.2,1,5.9,-5,-35.7,15976,32.5,3620,14.9,359,62.1,100,41.5
"36093","5","621399","78","0","2016","4","","Schenectady County, New York","Private","NAICS 621399 Offices of miscellaneous health practitioners","County, NAICS 6-digit -- by ownership sector","All establishment sizes",5,9,13,13,53905,11149,337,355,"",0.70,0.19,0.27,0.27,0.10,0.23,0.25,0.42,"",0,0.0,-7,-43.8,-3,-18.8,-1,-7.1,3070,6.0,-14879,-57.2,-237,-41.3,100,39.2
"36093","5","6214","76","0","2016","1","","Schenectady County, New York","Private","NAICS 6214 Outpatient care centers","County, NAICS 4-digit -- by ownership sector","All establishment sizes",8,241,235,238,2505044,742013,19898,810,"",0.67,0.65,0.63,0.63,0.46,0.43,0.42,0.72,"",1,14.3,37,18.1,26,12.4,29,13.9,199016,8.6,-90014,-10.8,-6661,-25.1,-46,-5.4
"36093","5","6214","76","0","2016","2","","Schenectady County, New York","Private","NAICS 6214 Outpatient care centers","County, NAICS 4-digit -- by ownership sector","All establishment sizes",8,219,219,220,2748175,150730,4372,964,"",0.66,0.58,0.58,0.57,0.42,0.37,0.34,0.73,"",0,0.0,-5,-2.2,-2,-0.9,-1,-0.5,-85270,-3.0,-198415,-56.8,-8376,-65.7,-18,-1.8
"36093","5","6214","76","0","2016","3","","Schenectady County, New York","Private","NAICS 6214 Outpatient care centers","County, NAICS 4-digit -- by ownership sector","All establishment sizes",8,215,215,212,2764758,87388,2405,994,"",0.66,0.58,0.58,0.57,0.44,0.37,0.33,0.76,"",0,0.0,4,1.9,2,0.9,3,1.4,363436,15.1,-34041,-28.0,-2100,-46.6,119,13.6
"36093","5","6214","76","0","2016","4","","Schenectady County, New York","Private","NAICS 6214 Outpatient care centers","County, NAICS 4-digit -- by ownership sector","All establishment sizes",8,217,217,218,2644488,76225,2066,936,"",0.65,0.56,0.56,0.57,0.44,0.42,0.37,0.78,"",0,0.0,-12,-5.2,-19,-8.1,-15,-6.4,-147506,-5.3,-22444,-22.7,-1579,-43.3,13,1.4
"36093","5","62141","77","0","2016","1","N","Schenectady County, New York","Private","NAICS 62141 Family planning centers","County, NAICS 5-digit -- by ownership sector","All establishment sizes",1,0,0,0,0,0,0,0,"N",1.57,0,0,0,0,0,0,0,"N",0,0.0,0,0,0,0,0,0,0,0,0,0,0,0,0,0
"36093","5","62141","77","0","2016","2","N","Schenectady County, New York","Private","NAICS 62141 Family planning centers","County, NAICS 5-digit -- by ownership sector","All establishment sizes",1,0,0,0,0,0,0,0,"N",1.55,0,0,0,0,0,0,0,"N",0,0.0,0,0,0,0,0,0,0,0,0,0,0,0,0,0
"36093","5","62141","77","0","2016","3","N","Schenectady County, New York","Private","NAICS 62141 Family planning centers","County, NAICS 5-digit -- by ownership sector","All establishment sizes",1,0,0,0,0,0,0,0,"N",1.54,0,0,0,0,0,0,0,"N",0,0.0,0,0,0,0,0,0,0,0,0,0,0,0,0,0
"36093","5","62141","77","0","2016","4","N","Schenectady County, New York","Private","NAICS 62141 Family planning centers","County, NAICS 5-digit -- by ownership sector","All establishment sizes",1,0,0,0,0,0,0,0,"N",1.54,0,0,0,0,0,0,0,"N",0,0.0,0,0,0,0,0,0,0,0,0,0,0,0,0,0
"36093","5","621410","78","0","2016","1","N","Schenectady County, New York","Private","NAICS 621410 Family planning centers","County, NAICS 6-digit -- by ownership sector","All establishment sizes",1,0,0,0,0,0,0,0,"N",1.57,0,0,0,0,0,0,0,"N",0,0.0,0,0,0,0,0,0,0,0,0,0,0,0,0,0
"36093","5","621410","78","0","2016","2","N","Schenectady County, New York","Private","NAICS 621410 Family planning centers","County, NAICS 6-digit -- by ownership sector","All establishment sizes",1,0,0,0,0,0,0,0,"N",1.55,0,0,0,0,0,0,0,"N",0,0.0,0,0,0,0,0,0,0,0,0,0,0,0,0,0
"36093","5","621410","78","0","2016","3","N","Schenectady County, New York","Private","NAICS 621410 Family planning centers","County, NAICS 6-digit -- by ownership sector","All establishment sizes",1,0,0,0,0,0,0,0,"N",1.54,0,0,0,0,0,0,0,"N",0,0.0,0,0,0,0,0,0,0,0,0,0,0,0,0,0
"36093","5","621410","78","0","2016","4","N","Schenectady County, New York","Private","NAICS 621410 Family planning centers","County, NAICS 6-digit -- by ownership sector","All establishment sizes",1,0,0,0,0,0,0,0,"N",1.54,0,0,0,0,0,0,0,"N",0,0.0,0,0,0,0,0,0,0,0,0,0,0,0,0,0
"36093","5","62142","77","0","2016","1","N","Schenectady County, New York","Private","NAICS 62142 Outpatient mental health centers","County, NAICS 5-digit -- by ownership sector","All establishment sizes",3,0,0,0,0,0,0,0,"N",0.91,0,0,0,0,0,0,0,"N",0,0.0,0,0,0,0,0,0,0,0,0,0,0,0,0,0
"36093","5","62142","77","0","2016","2","N","Schenectady County, New York","Private","NAICS 62142 Outpatient mental health centers","County, NAICS 5-digit -- by ownership sector","All establishment sizes",3,0,0,0,0,0,0,0,"N",0.90,0,0,0,0,0,0,0,"N",0,0.0,0,0,0,0,0,0,0,0,0,0,0,0,0,0
"36093","5","62142","77","0","2016","3","N","Schenectady County, New York","Private","NAICS 62142 Outpatient mental health centers","County, NAICS 5-digit -- by ownership sector","All establishment sizes",3,0,0,0,0,0,0,0,"N",0.89,0,0,0,0,0,0,0,"N",0,0.0,0,0,0,0,0,0,0,0,0,0,0,0,0,0
"36093","5","62142","77","0","2016","4","N","Schenectady County, New York","Private","NAICS 62142 Outpatient mental health centers","County, NAICS 5-digit -- by ownership sector","All establishment sizes",3,0,0,0,0,0,0,0,"N",0.88,0,0,0,0,0,0,0,"N",0,0.0,0,0,0,0,0,0,0,0,0,0,0,0,0,0
"36093","5","621420","78","0","2016","1","N","Schenectady County, New York","Private","NAICS 621420 Outpatient mental health centers","County, NAICS 6-digit -- by ownership sector","All establishment sizes",3,0,0,0,0,0,0,0,"N",0.91,0,0,0,0,0,0,0,"N",0,0.0,0,0,0,0,0,0,0,0,0,0,0,0,0,0
"36093","5","621420","78","0","2016","2","N","Schenectady County, New York","Private","NAICS 621420 Outpatient mental health centers","County, NAICS 6-digit -- by ownership sector","All establishment sizes",3,0,0,0,0,0,0,0,"N",0.90,0,0,0,0,0,0,0,"N",0,0.0,0,0,0,0,0,0,0,0,0,0,0,0,0,0
"36093","5","621420","78","0","2016","3","N","Schenectady County, New York","Private","NAICS 621420 Outpatient mental health centers","County, NAICS 6-digit -- by ownership sector","All establishment sizes",3,0,0,0,0,0,0,0,"N",0.89,0,0,0,0,0,0,0,"N",0,0.0,0,0,0,0,0,0,0,0,0,0,0,0,0,0
"36093","5","621420","78","0","2016","4","N","Schenectady County, New York","Private","NAICS 621420 Outpatient mental health centers","County, NAICS 6-digit -- by ownership sector","All establishment sizes",3,0,0,0,0,0,0,0,"N",0.88,0,0,0,0,0,0,0,"N",0,0.0,0,0,0,0,0,0,0,0,0,0,0,0,0,0
"36093","5","62149","77","0","2016","1","","Schenectady County, New York","Private","NAICS 62149 Other outpatient care centers","County, NAICS 5-digit -- by ownership sector","All establishment sizes",4,100,95,99,1179534,555317,15141,926,"",0.50,0.38,0.36,0.37,0.26,0.40,0.41,0.72,"",1,33.3,-15,-13.0,-23,-19.5,-18,-15.4,-232623,-16.5,-94662,-14.6,-5705,-27.4,-5,-0.5
"36093","5","62149","77","0","2016","2","","Schenectady County, New York","Private","NAICS 62149 Other outpatient care centers","County, NAICS 5-digit -- by ownership sector","All establishment sizes",4,97,94,95,1301878,103673,3074,1050,"",0.49,0.36,0.35,0.35,0.25,0.36,0.36,0.69,"",0,0.0,-20,-17.1,-20,-17.5,-18,-15.9,-252307,-16.2,-182235,-63.7,-7736,-71.6,7,0.7
"36093","5","62149","77","0","2016","3","","Schenectady County, New York","Private","NAICS 62149 Other outpatient care centers","County, NAICS 5-digit -- by ownership sector","All establishment sizes",4,96,96,94,1251261,59210,1589,1010,"",0.49,0.37,0.36,0.35,0.25,0.35,0.33,0.68,"",0,0.0,-8,-7.7,-8,-7.7,-10,-9.6,-62393,-4.7,-36734,-38.3,-1964,-55.3,38,3.9
"36093","5","62149","77","0","2016","4","","Schenectady County, New York","Private","NAICS 62149 Other outpatient care centers","County, NAICS 5-digit -- by ownership sector","All establishment sizes",4,100,93,93,1197261,51453,1368,966,"",0.48,0.36,0.34,0.34,0.25,0.41,0.37,0.71,"",0,0.0,2,2.0,-7,-7.0,-6,-6.1,-138161,-10.3,-21615,-29.6,-1231,-47.4,-72,-6.9
"36093","5","621492","78","0","2016","1","N","Schenectady County, New York","Private","NAICS 621492 Kidney dialysis centers","County, NAICS 6-digit -- by ownership sector","All establishment sizes",1,0,0,0,0,0,0,0,"N",0.43,0,0,0,0,0,0,0,"N",0,0.0,0,0,0,0,0,0,0,0,0,0,0,0,0,0
"36093","5","621492","78","0","2016","2","N","Schenectady County, New York","Private","NAICS 621492 Kidney dialysis centers","County, NAICS 6-digit -- by ownership sector","All establishment sizes",1,0,0,0,0,0,0,0,"N",0.42,0,0,0,0,0,0,0,"N",0,0.0,0,0,0,0,0,0,0,0,0,0,0,0,0,0
"36093","5","621492","78","0","2016","3","N","Schenectady County, New York","Private","NAICS 621492 Kidney dialysis centers","County, NAICS 6-digit -- by ownership sector","All establishment sizes",1,0,0,0,0,0,0,0,"N",0.42,0,0,0,0,0,0,0,"N",0,0.0,0,0,0,0,0,0,0,0,0,0,0,0,0,0
"36093","5","621492","78","0","2016","4","N","Schenectady County, New York","Private","NAICS 621492 Kidney dialysis centers","County, NAICS 6-digit -- by ownership sector","All establishment sizes",1,0,0,0,0,0,0,0,"N",0.42,0,0,0,0,0,0,0,"N",0,0.0,0,0,0,0,0,0,0,0,0,0,0,0,0,0
"36093","5","621498","78","0","2016","1","N","Schenectady County, New York","Private","NAICS 621498 All other outpatient care centers","County, NAICS 6-digit -- by ownership sector","All establishment sizes",3,0,0,0,0,0,0,0,"N",1.20,0,0,0,0,0,0,0,"N",1,50.0,0,0,0,0,0,0,0,0,0,0,0,0,0,0
"36093","5","621498","78","0","2016","2","N","Schenectady County, New York","Private","NAICS 621498 All other outpatient care centers","County, NAICS 6-digit -- by ownership sector","All establishment sizes",3,0,0,0,0,0,0,0,"N",1.18,0,0,0,0,0,0,0,"N",0,0.0,0,0,0,0,0,0,0,0,0,0,0,0,0,0
"36093","5","621498","78","0","2016","3","N","Schenectady County, New York","Private","NAICS 621498 All other outpatient care centers","County, NAICS 6-digit -- by ownership sector","All establishment sizes",3,0,0,0,0,0,0,0,"N",1.17,0,0,0,0,0,0,0,"N",0,0.0,0,0,0,0,0,0,0,0,0,0,0,0,0,0
"36093","5","621498","78","0","2016","4","N","Schenectady County, New York","Private","NAICS 621498 All other outpatient care centers","County, NAICS 6-digit -- by ownership sector","All establishment sizes",3,0,0,0,0,0,0,0,"N",1.16,0,0,0,0,0,0,0,"N",0,0.0,0,0,0,0,0,0,0,0,0,0,0,0,0,0
"36093","5","6215","76","0","2016","1","","Schenectady County, New York","Private","NAICS 6215 Medical and diagnostic laboratories","County, NAICS 4-digit -- by ownership sector","All establishment sizes",4,7,7,9,63469,46240,1916,637,"",0.55,0.06,0.06,0.08,0.04,0.06,0.08,0.57,"N",0,0.0,0,0,0,0,0,0,0,0,0,0,0,0,0,0
"36093","5","6215","76","0","2016","2","","Schenectady County, New York","Private","NAICS 6215 Medical and diagnostic laboratories","County, NAICS 4-digit -- by ownership sector","All establishment sizes",4,8,8,8,72941,9836,348,701,"",0.54,0.07,0.07,0.07,0.04,0.05,0.06,0.56,"N",0,0.0,0,0,0,0,0,0,0,0,0,0,0,0,0,0
"36093","5","6215","76","0","2016","3","","Schenectady County, New York","Private","NAICS 6215 Medical and diagnostic laboratories","County, NAICS 4-digit -- by ownership sector","All establishment sizes",5,8,8,10,77045,6405,187,684,"",0.68,0.07,0.07,0.09,0.04,0.06,0.06,0.54,"",1,25.0,2,33.3,-1,-11.1,1,11.1,2281,3.1,-1029,-13.8,-64,-25.5,-35,-4.9
"36093","5","6215","76","0","2016","4","","Schenectady County, New York","Private","NAICS 6215 Medical and diagnostic laboratories","County, NAICS 4-digit -- by ownership sector","All establishment sizes",5,9,7,7,61670,8402,271,619,"",0.68,0.08,0.06,0.06,0.03,0.11,0.11,0.52,"N",1,25.0,0,0,0,0,0,0,0,0,0,0,0,0,0,0
"36093","5","62151","77","0","2016","1","","Schenectady County, New York","Private","NAICS 62151 Medical and diagnostic laboratories","County, NAICS 5-digit -- by ownership sector","All establishment sizes",4,7,7,9,63469,46240,1916,637,"",0.55,0.06,0.06,0.08,0.04,0.06,0.08,0.57,"N",0,0.0,0,0,0,0,0,0,0,0,0,0,0,0,0,0
"36093","5","62151","77","0","2016","2","","Schenectady County, New York","Private","NAICS 62151 Medical and diagnostic laboratories","County, NAICS 5-digit -- by ownership sector","All establishment sizes",4,8,8,8,72941,9836,348,701,"",0.54,0.07,0.07,0.07,0.04,0.05,0.06,0.56,"N",0,0.0,0,0,0,0,0,0,0,0,0,0,0,0,0,0
"36093","5","62151","77","0","2016","3","","Schenectady County, New York","Private","NAICS 62151 Medical and diagnostic laboratories","County, NAICS 5-digit -- by ownership sector","All establishment sizes",5,8,8,10,77045,6405,187,684,"",0.68,0.07,0.07,0.09,0.04,0.06,0.06,0.54,"",1,25.0,2,33.3,-1,-11.1,1,11.1,2281,3.1,-1029,-13.8,-64,-25.5,-35,-4.9
"36093","5","62151","77","0","2016","4","","Schenectady County, New York","Private","NAICS 62151 Medical and diagnostic laboratories","County, NAICS 5-digit -- by ownership sector","All establishment sizes",5,9,7,7,61670,8402,271,619,"",0.68,0.08,0.06,0.06,0.03,0.11,0.11,0.52,"N",1,25.0,0,0,0,0,0,0,0,0,0,0,0,0,0,0
"36093","5","621511","78","0","2016","1","N","Schenectady County, New York","Private","NAICS 621511 Medical laboratories","County, NAICS 6-digit -- by ownership sector","All establishment sizes",2,0,0,0,0,0,0,0,"N",0.40,0,0,0,0,0,0,0,"N",0,0.0,0,0,0,0,0,0,0,0,0,0,0,0,0,0
"36093","5","621511","78","0","2016","2","N","Schenectady County, New York","Private","NAICS 621511 Medical laboratories","County, NAICS 6-digit -- by ownership sector","All establishment sizes",2,0,0,0,0,0,0,0,"N",0.39,0,0,0,0,0,0,0,"N",0,0.0,0,0,0,0,0,0,0,0,0,0,0,0,0,0
"36093","5","621511","78","0","2016","3","N","Schenectady County, New York","Private","NAICS 621511 Medical laboratories","County, NAICS 6-digit -- by ownership sector","All establishment sizes",3,0,0,0,0,0,0,0,"N",0.58,0,0,0,0,0,0,0,"N",1,50.0,0,0,0,0,0,0,0,0,0,0,0,0,0,0
"36093","5","621511","78","0","2016","4","N","Schenectady County, New York","Private","NAICS 621511 Medical laboratories","County, NAICS 6-digit -- by ownership sector","All establishment sizes",3,0,0,0,0,0,0,0,"N",0.57,0,0,0,0,0,0,0,"N",1,50.0,0,0,0,0,0,0,0,0,0,0,0,0,0,0
"36093","5","621512","78","0","2016","1","N","Schenectady County, New York","Private","NAICS 621512 Diagnostic imaging centers","County, NAICS 6-digit -- by ownership sector","All establishment sizes",2,0,0,0,0,0,0,0,"N",0.92,0,0,0,0,0,0,0,"N",0,0.0,0,0,0,0,0,0,0,0,0,0,0,0,0,0
"36093","5","621512","78","0","2016","2","N","Schenectady County, New York","Private","NAICS 621512 Diagnostic imaging centers","County, NAICS 6-digit -- by ownership sector","All establishment sizes",2,0,0,0,0,0,0,0,"N",0.92,0,0,0,0,0,0,0,"N",0,0.0,0,0,0,0,0,0,0,0,0,0,0,0,0,0
"36093","5","621512","78","0","2016","3","N","Schenectady County, New York","Private","NAICS 621512 Diagnostic imaging centers","County, NAICS 6-digit -- by ownership sector","All establishment sizes",2,0,0,0,0,0,0,0,"N",0.92,0,0,0,0,0,0,0,"N",0,0.0,0,0,0,0,0,0,0,0,0,0,0,0,0,0
"36093","5","621512","78","0","2016","4","N","Schenectady County, New York","Private","NAICS 621512 Diagnostic imaging centers","County, NAICS 6-digit -- by ownership sector","All establishment sizes",2,0,0,0,0,0,0,0,"N",0.93,0,0,0,0,0,0,0,"N",0,0.0,0,0,0,0,0,0,0,0,0,0,0,0,0,0
"36093","5","6216","76","0","2016","1","","Schenectady County, New York","Private","NAICS 6216 Home health care services","County, NAICS 4-digit -- by ownership sector","All establishment sizes",7,410,401,394,4097869,343269,6287,785,"",0.59,0.69,0.67,0.66,0.99,0.14,0.10,1.48,"",0,0.0,1,0.2,-6,-1.5,-23,-5.5,-434763,-9.6,67474,24.5,-866,-12.1,-63,-7.4
"36093","5","6216","76","0","2016","2","","Schenectady County, New York","Private","NAICS 6216 Home health care services","County, NAICS 4-digit -- by ownership sector","All establishment sizes",7,396,397,383,4317123,197768,4027,847,"",0.58,0.65,0.66,0.62,0.87,0.21,0.13,1.35,"",0,0.0,-26,-6.2,-21,-5.0,-39,-9.2,-331515,-7.1,7011,3.7,-1122,-21.8,-3,-0.4
"36093","5","6216","76","0","2016","3","","Schenectady County, New York","Private","NAICS 6216 Home health care services","County, NAICS 4-digit -- by ownership sector","All establishment sizes",7,373,387,383,4508902,124541,2425,910,"",0.58,0.64,0.66,0.64,0.94,0.20,0.12,1.46,"",0,0.0,-43,-10.3,-37,-8.7,-47,-10.9,-224550,-4.7,-15140,-10.8,-1428,-37.1,50,5.8
"36093","5","6216","76","0","2016","4","","Schenectady County, New York","Private","NAICS 6216 Home health care services","County, NAICS 4-digit -- by ownership sector","All establishment sizes",7,389,386,388,4416104,128785,2567,876,"",0.58,0.64,0.63,0.64,0.98,0.26,0.17,1.54,"",0,0.0,-44,-10.2,-35,-8.3,-35,-8.3,-554458,-11.2,-7297,-5.4,-1105,-30.1,-22,-2.4
"36093","5","62161","77","0","2016","1","","Schenectady County, New York","Private","NAICS 62161 Home health care services","County, NAICS 5-digit -- by ownership sector","All establishment sizes",7,410,401,394,4097869,343269,6287,785,"",0.59,0.69,0.67,0.66,0.99,0.14,0.10,1.48,"",0,0.0,1,0.2,-6,-1.5,-23,-5.5,-434763,-9.6,67474,24.5,-866,-12.1,-63,-7.4
"36093","5","62161","77","0","2016","2","","Schenectady County, New York","Private","NAICS 62161 Home health care services","County, NAICS 5-digit -- by ownership sector","All establishment sizes",7,396,397,383,4317123,197768,4027,847,"",0.58,0.65,0.66,0.62,0.87,0.21,0.13,1.35,"",0,0.0,-26,-6.2,-21,-5.0,-39,-9.2,-331515,-7.1,7011,3.7,-1122,-21.8,-3,-0.4
"36093","5","62161","77","0","2016","3","","Schenectady County, New York","Private","NAICS 62161 Home health care services","County, NAICS 5-digit -- by ownership sector","All establishment sizes",7,373,387,383,4508902,124541,2425,910,"",0.58,0.64,0.66,0.64,0.94,0.20,0.12,1.46,"",0,0.0,-43,-10.3,-37,-8.7,-47,-10.9,-224550,-4.7,-15140,-10.8,-1428,-37.1,50,5.8
"36093","5","62161","77","0","2016","4","","Schenectady County, New York","Private","NAICS 62161 Home health care services","County, NAICS 5-digit -- by ownership sector","All establishment sizes",7,389,386,388,4416104,128785,2567,876,"",0.58,0.64,0.63,0.64,0.98,0.26,0.17,1.54,"",0,0.0,-44,-10.2,-35,-8.3,-35,-8.3,-554458,-11.2,-7297,-5.4,-1105,-30.1,-22,-2.4
"36093","5","621610","78","0","2016","1","","Schenectady County, New York","Private","NAICS 621610 Home health care services","County, NAICS 6-digit -- by ownership sector","All establishment sizes",7,410,401,394,4097869,343269,6287,785,"",0.59,0.69,0.67,0.66,0.99,0.14,0.10,1.48,"",0,0.0,1,0.2,-6,-1.5,-23,-5.5,-434763,-9.6,67474,24.5,-866,-12.1,-63,-7.4
"36093","5","621610","78","0","2016","2","","Schenectady County, New York","Private","NAICS 621610 Home health care services","County, NAICS 6-digit -- by ownership sector","All establishment sizes",7,396,397,383,4317123,197768,4027,847,"",0.58,0.65,0.66,0.62,0.87,0.21,0.13,1.35,"",0,0.0,-26,-6.2,-21,-5.0,-39,-9.2,-331515,-7.1,7011,3.7,-1122,-21.8,-3,-0.4
"36093","5","621610","78","0","2016","3","","Schenectady County, New York","Private","NAICS 621610 Home health care services","County, NAICS 6-digit -- by ownership sector","All establishment sizes",7,373,387,383,4508902,124541,2425,910,"",0.58,0.64,0.66,0.64,0.94,0.20,0.12,1.46,"",0,0.0,-43,-10.3,-37,-8.7,-47,-10.9,-224550,-4.7,-15140,-10.8,-1428,-37.1,50,5.8
"36093","5","621610","78","0","2016","4","","Schenectady County, New York","Private","NAICS 621610 Home health care services","County, NAICS 6-digit -- by ownership sector","All establishment sizes",7,389,386,388,4416104,128785,2567,876,"",0.58,0.64,0.63,0.64,0.98,0.26,0.17,1.54,"",0,0.0,-44,-10.2,-35,-8.3,-35,-8.3,-554458,-11.2,-7297,-5.4,-1105,-30.1,-22,-2.4
"36093","5","6219","76","0","2016","1","","Schenectady County, New York","Private","NAICS 6219 Other ambulatory health care services","County, NAICS 4-digit -- by ownership sector","All establishment sizes",5,175,170,178,1293866,1130271,19924,571,"",1.18,1.37,1.32,1.39,0.99,1.70,1.15,0.73,"N",1,25.0,0,0,0,0,0,0,0,0,0,0,0,0,0,0
"36093","5","6219","76","0","2016","2","","Schenectady County, New York","Private","NAICS 6219 Other ambulatory health care services","County, NAICS 4-digit -- by ownership sector","All establishment sizes",5,175,178,190,1391795,554521,9720,591,"",1.16,1.36,1.39,1.46,0.90,2.83,1.64,0.64,"N",1,25.0,0,0,0,0,0,0,0,0,0,0,0,0,0,0
"36093","5","6219","76","0","2016","3","","Schenectady County, New York","Private","NAICS 6219 Other ambulatory health care services","County, NAICS 4-digit -- by ownership sector","All establishment sizes",5,192,193,215,1682866,391630,7026,647,"",1.14,1.54,1.54,1.69,1.09,3.32,2.00,0.69,"",1,25.0,21,12.3,22,12.9,52,31.9,219221,15.0,93348,31.3,377,5.7,-22,-3.3
"36093","5","6219","76","0","2016","4","","Schenectady County, New York","Private","NAICS 6219 Other ambulatory health care services","County, NAICS 4-digit -- by ownership sector","All establishment sizes",5,192,184,198,1772437,316522,6050,713,"",1.13,1.47,1.40,1.53,1.26,3.46,2.20,0.86,"N",1,25.0,0,0,0,0,0,0,0,0,0,0,0,0,0,0
"36093","5","62191","77","0","2016","1","","Schenectady County, New York","Private","NAICS 62191 Ambulance services","County, NAICS 5-digit -- by ownership sector","All establishment sizes",5,175,170,178,1293866,1130271,19924,571,"",2.84,2.32,2.24,2.35,1.96,2.74,1.94,0.85,"N",1,25.0,0,0,0,0,0,0,0,0,0,0,0,0,0,0
"36093","5","62191","77","0","2016","2","","Schenectady County, New York","Private","NAICS 62191 Ambulance services","County, NAICS 5-digit -- by ownership sector","All establishment sizes",5,175,178,190,1391795,554521,9720,591,"",2.83,2.30,2.36,2.47,1.77,4.43,2.59,0.75,"N",1,25.0,0,0,0,0,0,0,0,0,0,0,0,0,0,0
"36093","5","62191","77","0","2016","3","","Schenectady County, New York","Private","NAICS 62191 Ambulance services","County, NAICS 5-digit -- by ownership sector","All establishment sizes",5,192,193,215,1682866,391630,7026,647,"",2.80,2.61,2.61,2.87,2.15,5.29,3.22,0.79,"",1,25.0,21,12.3,22,12.9,52,31.9,219221,15.0,93348,31.3,377,5.7,-22,-3.3
"36093","5","62191","77","0","2016","4","","Schenectady County, New York","Private","NAICS 62191 Ambulance services","County, NAICS 5-digit -- by ownership sector","All establishment sizes",5,192,184,198,1772437,316522,6050,713,"",2.81,2.52,2.41,2.62,2.47,5.71,3.74,0.98,"N",1,25.0,0,0,0,0,0,0,0,0,0,0,0,0,0,0
"36093","5","621910","78","0","2016","1","","Schenectady County, New York","Private","NAICS 621910 Ambulance services","County, NAICS 6-digit -- by ownership sector","All establishment sizes",5,175,170,178,1293866,1130271,19924,571,"",2.84,2.32,2.24,2.35,1.96,2.74,1.94,0.85,"N",1,25.0,0,0,0,0,0,0,0,0,0,0,0,0,0,0
"36093","5","621910","78","0","2016","2","","Schenectady County, New York","Private","NAICS 621910 Ambulance services","County, NAICS 6-digit -- by ownership sector","All establishment sizes",5,175,178,190,1391795,554521,9720,591,"",2.83,2.30,2.36,2.47,1.77,4.43,2.59,0.75,"N",1,25.0,0,0,0,0,0,0,0,0,0,0,0,0,0,0
"36093","5","621910","78","0","2016","3","","Schenectady County, New York","Private","NAICS 621910 Ambulance services","County, NAICS 6-digit -- by ownership sector","All establishment sizes",5,192,193,215,1682866,391630,7026,647,"",2.80,2.61,2.61,2.87,2.15,5.29,3.22,0.79,"",1,25.0,21,12.3,22,12.9,52,31.9,219221,15.0,93348,31.3,377,5.7,-22,-3.3
"36093","5","621910","78","0","2016","4","","Schenectady County, New York","Private","NAICS 621910 Ambulance services","County, NAICS 6-digit -- by ownership sector","All establishment sizes",5,192,184,198,1772437,316522,6050,713,"",2.81,2.52,2.41,2.62,2.47,5.71,3.74,0.98,"N",1,25.0,0,0,0,0,0,0,0,0,0,0,0,0,0,0
"36093","5","622","75","0","2016","1","N","Schenectady County, New York","Private","NAICS 622 Hospitals","County, NAICS 3-digit -- by ownership sector","All establishment sizes",5,0,0,0,0,0,0,0,"N",1.51,0,0,0,0,0,0,0,"N",0,0.0,0,0,0,0,0,0,0,0,0,0,0,0,0,0
"36093","5","622","75","0","2016","2","N","Schenectady County, New York","Private","NAICS 622 Hospitals","County, NAICS 3-digit -- by ownership sector","All establishment sizes",5,0,0,0,0,0,0,0,"N",1.48,0,0,0,0,0,0,0,"N",0,0.0,0,0,0,0,0,0,0,0,0,0,0,0,0,0
"36093","5","622","75","0","2016","3","N","Schenectady County, New York","Private","NAICS 622 Hospitals","County, NAICS 3-digit -- by ownership sector","All establishment sizes",5,0,0,0,0,0,0,0,"N",1.46,0,0,0,0,0,0,0,"N",0,0.0,0,0,0,0,0,0,0,0,0,0,0,0,0,0
"36093","5","622","75","0","2016","4","N","Schenectady County, New York","Private","NAICS 622 Hospitals","County, NAICS 3-digit -- by ownership sector","All establishment sizes",5,0,0,0,0,0,0,0,"N",1.43,0,0,0,0,0,0,0,"N",0,0.0,0,0,0,0,0,0,0,0,0,0,0,0,0,0
"36093","5","6221","76","0","2016","1","N","Schenectady County, New York","Private","NAICS 6221 General medical and surgical hospitals","County, NAICS 4-digit -- by ownership sector","All establishment sizes",3,0,0,0,0,0,0,0,"N",1.26,0,0,0,0,0,0,0,"N",0,0.0,0,0,0,0,0,0,0,0,0,0,0,0,0,0
"36093","5","6221","76","0","2016","2","N","Schenectady County, New York","Private","NAICS 6221 General medical and surgical hospitals","County, NAICS 4-digit -- by ownership sector","All establishment sizes",3,0,0,0,0,0,0,0,"N",1.24,0,0,0,0,0,0,0,"N",0,0.0,0,0,0,0,0,0,0,0,0,0,0,0,0,0
"36093","5","6221","76","0","2016","3","N","Schenectady County, New York","Private","NAICS 6221 General medical and surgical hospitals","County, NAICS 4-digit -- by ownership sector","All establishment sizes",3,0,0,0,0,0,0,0,"N",1.22,0,0,0,0,0,0,0,"N",0,0.0,0,0,0,0,0,0,0,0,0,0,0,0,0,0
"36093","5","6221","76","0","2016","4","N","Schenectady County, New York","Private","NAICS 6221 General medical and surgical hospitals","County, NAICS 4-digit -- by ownership sector","All establishment sizes",3,0,0,0,0,0,0,0,"N",1.19,0,0,0,0,0,0,0,"N",0,0.0,0,0,0,0,0,0,0,0,0,0,0,0,0,0
"36093","5","62211","77","0","2016","1","N","Schenectady County, New York","Private","NAICS 62211 General medical and surgical hospitals","County, NAICS 5-digit -- by ownership sector","All establishment sizes",3,0,0,0,0,0,0,0,"N",1.26,0,0,0,0,0,0,0,"N",0,0.0,0,0,0,0,0,0,0,0,0,0,0,0,0,0
"36093","5","62211","77","0","2016","2","N","Schenectady County, New York","Private","NAICS 62211 General medical and surgical hospitals","County, NAICS 5-digit -- by ownership sector","All establishment sizes",3,0,0,0,0,0,0,0,"N",1.24,0,0,0,0,0,0,0,"N",0,0.0,0,0,0,0,0,0,0,0,0,0,0,0,0,0
"36093","5","62211","77","0","2016","3","N","Schenectady County, New York","Private","NAICS 62211 General medical and surgical hospitals","County, NAICS 5-digit -- by ownership sector","All establishment sizes",3,0,0,0,0,0,0,0,"N",1.22,0,0,0,0,0,0,0,"N",0,0.0,0,0,0,0,0,0,0,0,0,0,0,0,0,0
"36093","5","62211","77","0","2016","4","N","Schenectady County, New York","Private","NAICS 62211 General medical and surgical hospitals","County, NAICS 5-digit -- by ownership sector","All establishment sizes",3,0,0,0,0,0,0,0,"N",1.19,0,0,0,0,0,0,0,"N",0,0.0,0,0,0,0,0,0,0,0,0,0,0,0,0,0
"36093","5","622110","78","0","2016","1","N","Schenectady County, New York","Private","NAICS 622110 General medical and surgical hospitals","County, NAICS 6-digit -- by ownership sector","All establishment sizes",3,0,0,0,0,0,0,0,"N",1.26,0,0,0,0,0,0,0,"N",0,0.0,0,0,0,0,0,0,0,0,0,0,0,0,0,0
"36093","5","622110","78","0","2016","2","N","Schenectady County, New York","Private","NAICS 622110 General medical and surgical hospitals","County, NAICS 6-digit -- by ownership sector","All establishment sizes",3,0,0,0,0,0,0,0,"N",1.24,0,0,0,0,0,0,0,"N",0,0.0,0,0,0,0,0,0,0,0,0,0,0,0,0,0
"36093","5","622110","78","0","2016","3","N","Schenectady County, New York","Private","NAICS 622110 General medical and surgical hospitals","County, NAICS 6-digit -- by ownership sector","All establishment sizes",3,0,0,0,0,0,0,0,"N",1.22,0,0,0,0,0,0,0,"N",0,0.0,0,0,0,0,0,0,0,0,0,0,0,0,0,0
"36093","5","622110","78","0","2016","4","N","Schenectady County, New York","Private","NAICS 622110 General medical and surgical hospitals","County, NAICS 6-digit -- by ownership sector","All establishment sizes",3,0,0,0,0,0,0,0,"N",1.19,0,0,0,0,0,0,0,"N",0,0.0,0,0,0,0,0,0,0,0,0,0,0,0,0,0
"36093","5","6223","76","0","2016","1","N","Schenectady County, New York","Private","NAICS 6223 Other hospitals","County, NAICS 4-digit -- by ownership sector","All establishment sizes",2,0,0,0,0,0,0,0,"N",3.49,0,0,0,0,0,0,0,"N",0,0.0,0,0,0,0,0,0,0,0,0,0,0,0,0,0
"36093","5","6223","76","0","2016","2","N","Schenectady County, New York","Private","NAICS 6223 Other hospitals","County, NAICS 4-digit -- by ownership sector","All establishment sizes",2,0,0,0,0,0,0,0,"N",3.45,0,0,0,0,0,0,0,"N",0,0.0,0,0,0,0,0,0,0,0,0,0,0,0,0,0
"36093","5","6223","76","0","2016","3","N","Schenectady County, New York","Private","NAICS 6223 Other hospitals","County, NAICS 4-digit -- by ownership sector","All establishment sizes",2,0,0,0,0,0,0,0,"N",3.43,0,0,0,0,0,0,0,"N",0,0.0,0,0,0,0,0,0,0,0,0,0,0,0,0,0
"36093","5","6223","76","0","2016","4","N","Schenectady County, New York","Private","NAICS 6223 Other hospitals","County, NAICS 4-digit -- by ownership sector","All establishment sizes",2,0,0,0,0,0,0,0,"N",3.36,0,0,0,0,0,0,0,"N",0,0.0,0,0,0,0,0,0,0,0,0,0,0,0,0,0
"36093","5","62231","77","0","2016","1","N","Schenectady County, New York","Private","NAICS 62231 Other hospitals","County, NAICS 5-digit -- by ownership sector","All establishment sizes",2,0,0,0,0,0,0,0,"N",3.49,0,0,0,0,0,0,0,"N",0,0.0,0,0,0,0,0,0,0,0,0,0,0,0,0,0
"36093","5","62231","77","0","2016","2","N","Schenectady County, New York","Private","NAICS 62231 Other hospitals","County, NAICS 5-digit -- by ownership sector","All establishment sizes",2,0,0,0,0,0,0,0,"N",3.45,0,0,0,0,0,0,0,"N",0,0.0,0,0,0,0,0,0,0,0,0,0,0,0,0,0
"36093","5","62231","77","0","2016","3","N","Schenectady County, New York","Private","NAICS 62231 Other hospitals","County, NAICS 5-digit -- by ownership sector","All establishment sizes",2,0,0,0,0,0,0,0,"N",3.43,0,0,0,0,0,0,0,"N",0,0.0,0,0,0,0,0,0,0,0,0,0,0,0,0,0
"36093","5","62231","77","0","2016","4","N","Schenectady County, New York","Private","NAICS 62231 Other hospitals","County, NAICS 5-digit -- by ownership sector","All establishment sizes",2,0,0,0,0,0,0,0,"N",3.36,0,0,0,0,0,0,0,"N",0,0.0,0,0,0,0,0,0,0,0,0,0,0,0,0,0
"36093","5","622310","78","0","2016","1","N","Schenectady County, New York","Private","NAICS 622310 Other hospitals","County, NAICS 6-digit -- by ownership sector","All establishment sizes",2,0,0,0,0,0,0,0,"N",3.49,0,0,0,0,0,0,0,"N",0,0.0,0,0,0,0,0,0,0,0,0,0,0,0,0,0
"36093","5","622310","78","0","2016","2","N","Schenectady County, New York","Private","NAICS 622310 Other hospitals","County, NAICS 6-digit -- by ownership sector","All establishment sizes",2,0,0,0,0,0,0,0,"N",3.45,0,0,0,0,0,0,0,"N",0,0.0,0,0,0,0,0,0,0,0,0,0,0,0,0,0
"36093","5","622310","78","0","2016","3","N","Schenectady County, New York","Private","NAICS 622310 Other hospitals","County, NAICS 6-digit -- by ownership sector","All establishment sizes",2,0,0,0,0,0,0,0,"N",3.43,0,0,0,0,0,0,0,"N",0,0.0,0,0,0,0,0,0,0,0,0,0,0,0,0,0
"36093","5","622310","78","0","2016","4","N","Schenectady County, New York","Private","NAICS 622310 Other hospitals","County, NAICS 6-digit -- by ownership sector","All establishment sizes",2,0,0,0,0,0,0,0,"N",3.36,0,0,0,0,0,0,0,"N",0,0.0,0,0,0,0,0,0,0,0,0,0,0,0,0,0
"36093","5","623","75","0","2016","1","","Schenectady County, New York","Private","NAICS 623 Nursing and residential care facilities","County, NAICS 3-digit -- by ownership sector","All establishment sizes",80,3008,2971,2972,22967556,10660100,212781,592,"",2.93,2.05,2.02,2.02,2.21,1.92,1.51,1.09,"",1,1.3,48,1.6,28,1.0,45,1.5,424518,1.9,293566,2.8,-68171,-24.3,3,0.5
"36093","5","623","75","0","2016","2","","Schenectady County, New York","Private","NAICS 623 Nursing and residential care facilities","County, NAICS 3-digit -- by ownership sector","All establishment sizes",80,3011,3000,3006,24030962,4526156,93201,615,"",2.90,2.04,2.04,2.01,1.96,2.10,1.46,0.96,"",1,1.3,98,3.4,87,3.0,65,2.2,482231,2.0,-76904,-1.7,-33818,-26.6,-5,-0.8
"36093","5","623","75","0","2016","3","","Schenectady County, New York","Private","NAICS 623 Nursing and residential care facilities","County, NAICS 3-digit -- by ownership sector","All establishment sizes",80,2985,3005,2971,25130332,2138324,44558,647,"",2.88,2.08,2.09,2.05,2.13,1.58,1.18,1.03,"",1,1.3,15,0.5,12,0.4,-2,-0.1,1214477,5.1,-47601,-2.2,-18178,-29.0,29,4.7
"36093","5","623","75","0","2016","4","","Schenectady County, New York","Private","NAICS 623 Nursing and residential care facilities","County, NAICS 3-digit -- by ownership sector","All establishment sizes",80,2846,2859,2820,24218236,1771846,37193,656,"",2.87,1.93,1.93,1.92,2.18,1.65,1.24,1.13,"",1,1.3,-129,-4.3,-110,-3.7,-140,-4.7,-1650827,-6.4,-35578,-2.0,-14596,-28.2,-14,-2.1
"36093","5","6231","76","0","2016","1","","Schenectady County, New York","Private","NAICS 6231 Nursing care facilities, skilled nursing","County, NAICS 4-digit -- by ownership sector","All establishment sizes",4,1115,1090,1097,9027334,5548813,109077,631,"",0.65,1.53,1.50,1.51,1.62,1.68,1.33,1.07,"",0,0.0,26,2.4,12,1.1,32,3.0,-419419,-4.4,-156254,-2.7,-44487,-29.0,-44,-6.5
"36093","5","6231","76","0","2016","2","","Schenectady County, New York","Private","NAICS 6231 Nursing care facilities, skilled nursing","County, NAICS 4-digit -- by ownership sector","All establishment sizes",4,1104,1097,1088,9308564,2427169,48216,653,"",0.64,1.51,1.51,1.47,1.42,2.07,1.41,0.94,"",0,0.0,32,3.0,19,1.8,-3,-0.3,-113037,-1.2,57869,2.4,-15229,-24.0,-18,-2.7
"36093","5","6231","76","0","2016","3","","Schenectady County, New York","Private","NAICS 6231 Nursing care facilities, skilled nursing","County, NAICS 4-digit -- by ownership sector","All establishment sizes",4,1098,1104,1089,9796937,1061377,21000,687,"",0.64,1.55,1.56,1.53,1.57,1.52,1.10,1.02,"",0,0.0,0,0.0,-6,-0.5,3,0.3,23245,0.2,-65295,-5.8,-9969,-32.2,2,0.3
"36093","5","6231","76","0","2016","4","","Schenectady County, New York","Private","NAICS 6231 Nursing care facilities, skilled nursing","County, NAICS 4-digit -- by ownership sector","All establishment sizes",4,1095,1102,1087,10046216,841179,17187,706,"",0.64,1.51,1.51,1.51,1.71,1.54,1.14,1.14,"",0,0.0,-8,-0.7,16,1.5,8,0.7,-223025,-2.2,-98475,-10.5,-8560,-33.2,-19,-2.6
"36093","5","62311","77","0","2016","1","","Schenectady County, New York","Private","NAICS 62311 Nursing care facilities, skilled nursing","County, NAICS 5-digit -- by ownership sector","All establishment sizes",4,1115,1090,1097,9027334,5548813,109077,631,"",0.65,1.53,1.50,1.51,1.62,1.68,1.33,1.07,"",0,0.0,26,2.4,12,1.1,32,3.0,-419419,-4.4,-156254,-2.7,-44487,-29.0,-44,-6.5
"36093","5","62311","77","0","2016","2","","Schenectady County, New York","Private","NAICS 62311 Nursing care facilities, skilled nursing","County, NAICS 5-digit -- by ownership sector","All establishment sizes",4,1104,1097,1088,9308564,2427169,48216,653,"",0.64,1.51,1.51,1.47,1.42,2.07,1.41,0.94,"",0,0.0,32,3.0,19,1.8,-3,-0.3,-113037,-1.2,57869,2.4,-15229,-24.0,-18,-2.7
"36093","5","62311","77","0","2016","3","","Schenectady County, New York","Private","NAICS 62311 Nursing care facilities, skilled nursing","County, NAICS 5-digit -- by ownership sector","All establishment sizes",4,1098,1104,1089,9796937,1061377,21000,687,"",0.64,1.55,1.56,1.53,1.57,1.52,1.10,1.02,"",0,0.0,0,0.0,-6,-0.5,3,0.3,23245,0.2,-65295,-5.8,-9969,-32.2,2,0.3
"36093","5","62311","77","0","2016","4","","Schenectady County, New York","Private","NAICS 62311 Nursing care facilities, skilled nursing","County, NAICS 5-digit -- by ownership sector","All establishment sizes",4,1095,1102,1087,10046216,841179,17187,706,"",0.64,1.51,1.51,1.51,1.71,1.54,1.14,1.14,"",0,0.0,-8,-0.7,16,1.5,8,0.7,-223025,-2.2,-98475,-10.5,-8560,-33.2,-19,-2.6
"36093","5","623110","78","0","2016","1","","Schenectady County, New York","Private","NAICS 623110 Nursing care facilities, skilled nursing","County, NAICS 6-digit -- by ownership sector","All establishment sizes",4,1115,1090,1097,9027334,5548813,109077,631,"",0.65,1.53,1.50,1.51,1.62,1.68,1.33,1.07,"",0,0.0,26,2.4,12,1.1,32,3.0,-419419,-4.4,-156254,-2.7,-44487,-29.0,-44,-6.5
"36093","5","623110","78","0","2016","2","","Schenectady County, New York","Private","NAICS 623110 Nursing care facilities, skilled nursing","County, NAICS 6-digit -- by ownership sector","All establishment sizes",4,1104,1097,1088,9308564,2427169,48216,653,"",0.64,1.51,1.51,1.47,1.42,2.07,1.41,0.94,"",0,0.0,32,3.0,19,1.8,-3,-0.3,-113037,-1.2,57869,2.4,-15229,-24.0,-18,-2.7
"36093","5","623110","78","0","2016","3","","Schenectady County, New York","Private","NAICS 623110 Nursing care facilities, skilled nursing","County, NAICS 6-digit -- by ownership sector","All establishment sizes",4,1098,1104,1089,9796937,1061377,21000,687,"",0.64,1.55,1.56,1.53,1.57,1.52,1.10,1.02,"",0,0.0,0,0.0,-6,-0.5,3,0.3,23245,0.2,-65295,-5.8,-9969,-32.2,2,0.3
"36093","5","623110","78","0","2016","4","","Schenectady County, New York","Private","NAICS 623110 Nursing care facilities, skilled nursing","County, NAICS 6-digit -- by ownership sector","All establishment sizes",4,1095,1102,1087,10046216,841179,17187,706,"",0.64,1.51,1.51,1.51,1.71,1.54,1.14,1.14,"",0,0.0,-8,-0.7,16,1.5,8,0.7,-223025,-2.2,-98475,-10.5,-8560,-33.2,-19,-2.6
"36093","5","6232","76","0","2016","1","","Schenectady County, New York","Private","NAICS 6232 Residential mental health facilities","County, NAICS 4-digit -- by ownership sector","All establishment sizes",57,1191,1175,1176,9149587,3223526,60810,596,"",5.74,4.37,4.28,4.29,5.02,4.59,3.25,1.16,"",0,0.0,29,2.5,4,0.3,16,1.4,656993,7.7,369364,12.9,-6857,-10.1,35,6.2
"36093","5","6232","76","0","2016","2","","Schenectady County, New York","Private","NAICS 6232 Residential mental health facilities","County, NAICS 4-digit -- by ownership sector","All establishment sizes",57,1212,1191,1209,9527662,977462,19274,609,"",5.69,4.40,4.34,4.33,4.34,3.33,2.22,1.00,"",0,0.0,51,4.4,36,3.1,49,4.2,306927,3.3,-174574,-15.2,-7984,-29.3,-3,-0.5
"36093","5","6232","76","0","2016","3","","Schenectady County, New York","Private","NAICS 6232 Residential mental health facilities","County, NAICS 4-digit -- by ownership sector","All establishment sizes",57,1181,1193,1189,9985449,474147,9598,647,"",5.66,4.41,4.45,4.40,4.69,2.48,1.86,1.06,"",0,0.0,3,0.3,10,0.8,-4,-0.3,745944,8.1,30391,6.8,-1327,-12.1,47,7.8
"36093","5","6232","76","0","2016","4","","Schenectady County, New York","Private","NAICS 6232 Residential mental health facilities","County, NAICS 4-digit -- by ownership sector","All establishment sizes",57,1042,1038,1022,8950633,432725,8678,666,"",5.64,3.79,3.75,3.73,4.44,2.91,2.17,1.18,"",0,0.0,-145,-12.2,-152,-12.8,-166,-14.0,-1458662,-14.0,26014,6.4,-1800,-17.2,-8,-1.2
"36093","5","62321","77","0","2016","1","","Schenectady County, New York","Private","NAICS 62321 Residential developmental disability homes","County, NAICS 5-digit -- by ownership sector","All establishment sizes",44,765,751,756,5406821,470891,9419,549,"",6.06,4.38,4.27,4.30,5.12,1.20,1.10,1.19,"",0,0.0,27,3.7,2,0.3,21,2.9,148684,2.8,22919,5.1,-1781,-15.9,3,0.5
"36093","5","62321","77","0","2016","2","","Schenectady County, New York","Private","NAICS 62321 Residential developmental disability homes","County, NAICS 5-digit -- by ownership sector","All establishment sizes",44,758,752,760,5758008,309102,6181,585,"",6.02,4.30,4.28,4.25,4.55,1.71,1.35,1.06,"",0,0.0,21,2.8,17,2.3,20,2.7,220567,4.0,-6849,-2.2,-1719,-21.8,7,1.2
"36093","5","62321","77","0","2016","3","","Schenectady County, New York","Private","NAICS 62321 Residential developmental disability homes","County, NAICS 5-digit -- by ownership sector","All establishment sizes",44,736,750,742,6126708,122135,2441,635,"",5.99,4.29,4.37,4.29,5.00,1.05,0.91,1.16,"",0,0.0,-17,-2.3,-5,-0.7,-18,-2.4,335282,5.8,24174,24.7,-8,-0.3,46,7.8
"36093","5","62321","77","0","2016","4","","Schenectady County, New York","Private","NAICS 62321 Residential developmental disability homes","County, NAICS 5-digit -- by ownership sector","All establishment sizes",44,614,611,603,4996967,112317,2247,631,"",5.97,3.49,3.45,3.45,4.31,1.22,1.07,1.24,"",0,0.0,-153,-19.9,-162,-21.0,-168,-21.8,-1504825,-23.1,-3767,-3.2,-654,-22.5,-18,-2.8
"36093","5","623210","78","0","2016","1","","Schenectady County, New York","Private","NAICS 623210 Residential developmental disability homes","County, NAICS 6-digit -- by ownership sector","All establishment sizes",44,765,751,756,5406821,470891,9419,549,"",6.06,4.38,4.27,4.30,5.12,1.20,1.10,1.19,"",0,0.0,27,3.7,2,0.3,21,2.9,148684,2.8,22919,5.1,-1781,-15.9,3,0.5
"36093","5","623210","78","0","2016","2","","Schenectady County, New York","Private","NAICS 623210 Residential developmental disability homes","County, NAICS 6-digit -- by ownership sector","All establishment sizes",44,758,752,760,5758008,309102,6181,585,"",6.02,4.30,4.28,4.25,4.55,1.71,1.35,1.06,"",0,0.0,21,2.8,17,2.3,20,2.7,220567,4.0,-6849,-2.2,-1719,-21.8,7,1.2
"36093","5","623210","78","0","2016","3","","Schenectady County, New York","Private","NAICS 623210 Residential developmental disability homes","County, NAICS 6-digit -- by ownership sector","All establishment sizes",44,736,750,742,6126708,122135,2441,635,"",5.99,4.29,4.37,4.29,5.00,1.05,0.91,1.16,"",0,0.0,-17,-2.3,-5,-0.7,-18,-2.4,335282,5.8,24174,24.7,-8,-0.3,46,7.8
"36093","5","623210","78","0","2016","4","","Schenectady County, New York","Private","NAICS 623210 Residential developmental disability homes","County, NAICS 6-digit -- by ownership sector","All establishment sizes",44,614,611,603,4996967,112317,2247,631,"",5.97,3.49,3.45,3.45,4.31,1.22,1.07,1.24,"",0,0.0,-153,-19.9,-162,-21.0,-168,-21.8,-1504825,-23.1,-3767,-3.2,-654,-22.5,-18,-2.8
"36093","5","62322","77","0","2016","1","","Schenectady County, New York","Private","NAICS 62322 Residential mental and substance abuse care","County, NAICS 5-digit -- by ownership sector","All establishment sizes",13,426,424,420,3742766,2752635,51391,680,"",4.87,4.36,4.31,4.28,4.88,8.86,5.08,1.13,"",0,0.0,2,0.5,2,0.5,-5,-1.2,508309,15.7,346445,14.4,-5076,-9.0,93,15.8
"36093","5","62322","77","0","2016","2","","Schenectady County, New York","Private","NAICS 62322 Residential mental and substance abuse care","County, NAICS 5-digit -- by ownership sector","All establishment sizes",13,454,439,449,3769654,668360,13093,648,"",4.80,4.59,4.45,4.48,4.07,5.91,3.20,0.90,"",0,0.0,30,7.1,19,4.5,29,6.9,86360,2.3,-167725,-20.1,-6265,-32.4,-24,-3.6
"36093","5","62322","77","0","2016","3","","Schenectady County, New York","Private","NAICS 62322 Residential mental and substance abuse care","County, NAICS 5-digit -- by ownership sector","All establishment sizes",13,445,443,447,3858741,352012,7157,667,"",4.76,4.62,4.60,4.59,4.28,4.74,2.89,0.93,"",0,0.0,20,4.7,15,3.5,14,3.2,410662,11.9,6217,1.8,-1319,-15.6,48,7.8
"36093","5","62322","77","0","2016","4","","Schenectady County, New York","Private","NAICS 62322 Residential mental and substance abuse care","County, NAICS 5-digit -- by ownership sector","All establishment sizes",13,428,427,419,3953666,320408,6431,716,"",4.75,4.31,4.28,4.24,4.63,5.65,3.40,1.08,"",0,0.0,8,1.9,10,2.4,2,0.5,46163,1.2,29781,10.2,-1146,-15.1,-3,-0.4
"36093","5","623220","78","0","2016","1","","Schenectady County, New York","Private","NAICS 623220 Residential mental and substance abuse care","County, NAICS 6-digit -- by ownership sector","All establishment sizes",13,426,424,420,3742766,2752635,51391,680,"",4.87,4.36,4.31,4.28,4.88,8.86,5.08,1.13,"",0,0.0,2,0.5,2,0.5,-5,-1.2,508309,15.7,346445,14.4,-5076,-9.0,93,15.8
"36093","5","623220","78","0","2016","2","","Schenectady County, New York","Private","NAICS 623220 Residential mental and substance abuse care","County, NAICS 6-digit -- by ownership sector","All establishment sizes",13,454,439,449,3769654,668360,13093,648,"",4.80,4.59,4.45,4.48,4.07,5.91,3.20,0.90,"",0,0.0,30,7.1,19,4.5,29,6.9,86360,2.3,-167725,-20.1,-6265,-32.4,-24,-3.6
"36093","5","623220","78","0","2016","3","","Schenectady County, New York","Private","NAICS 623220 Residential mental and substance abuse care","County, NAICS 6-digit -- by ownership sector","All establishment sizes",13,445,443,447,3858741,352012,7157,667,"",4.76,4.62,4.60,4.59,4.28,4.74,2.89,0.93,"",0,0.0,20,4.7,15,3.5,14,3.2,410662,11.9,6217,1.8,-1319,-15.6,48,7.8
"36093","5","623220","78","0","2016","4","","Schenectady County, New York","Private","NAICS 623220 Residential mental and substance abuse care","County, NAICS 6-digit -- by ownership sector","All establishment sizes",13,428,427,419,3953666,320408,6431,716,"",4.75,4.31,4.28,4.24,4.63,5.65,3.40,1.08,"",0,0.0,8,1.9,10,2.4,2,0.5,46163,1.2,29781,10.2,-1146,-15.1,-3,-0.4
"36093","5","6233","76","0","2016","1","","Schenectady County, New York","Private","NAICS 6233 Continuing care, assisted living facilities","County, NAICS 4-digit -- by ownership sector","All establishment sizes",11,498,500,490,2985556,1887761,42894,463,"",1.23,1.27,1.26,1.24,1.21,1.40,1.24,0.97,"",1,10.0,5,1.0,22,4.6,7,1.4,114898,4.0,80456,4.5,-16827,-28.2,7,1.5
"36093","5","6233","76","0","2016","2","","Schenectady County, New York","Private","NAICS 6233 Continuing care, assisted living facilities","County, NAICS 4-digit -- by ownership sector","All establishment sizes",11,487,491,488,3173930,1121525,25711,500,"",1.22,1.23,1.24,1.21,1.09,1.87,1.39,0.89,"",1,10.0,12,2.5,15,3.2,1,0.2,187684,6.3,39801,3.7,-10605,-29.2,21,4.4
"36093","5","6233","76","0","2016","3","","Schenectady County, New York","Private","NAICS 6233 Continuing care, assisted living facilities","County, NAICS 4-digit -- by ownership sector","All establishment sizes",11,486,486,468,3271565,602800,13960,524,"",1.21,1.25,1.25,1.19,1.15,1.48,1.17,0.94,"",1,10.0,-8,-1.6,-16,-3.2,-33,-6.6,172633,5.6,-12697,-2.1,-6882,-33.0,46,9.6
"36093","5","6233","76","0","2016","4","","Schenectady County, New York","Private","NAICS 6233 Continuing care, assisted living facilities","County, NAICS 4-digit -- by ownership sector","All establishment sizes",11,483,493,485,3187288,497942,11328,503,"",1.21,1.21,1.22,1.21,1.20,1.50,1.17,0.99,"",1,10.0,-6,-1.2,1,0.2,-9,-1.8,-131625,-4.0,36883,8.0,-4236,-27.2,-16,-3.1
"36093","5","62331","77","0","2016","1","","Schenectady County, New York","Private","NAICS 62331 Continuing care, assisted living facilities","County, NAICS 5-digit -- by ownership sector","All establishment sizes",11,498,500,490,2985556,1887761,42894,463,"",1.23,1.27,1.26,1.24,1.21,1.40,1.24,0.97,"",1,10.0,5,1.0,22,4.6,7,1.4,114898,4.0,80456,4.5,-16827,-28.2,7,1.5
"36093","5","62331","77","0","2016","2","","Schenectady County, New York","Private","NAICS 62331 Continuing care, assisted living facilities","County, NAICS 5-digit -- by ownership sector","All establishment sizes",11,487,491,488,3173930,1121525,25711,500,"",1.22,1.23,1.24,1.21,1.09,1.87,1.39,0.89,"",1,10.0,12,2.5,15,3.2,1,0.2,187684,6.3,39801,3.7,-10605,-29.2,21,4.4
"36093","5","62331","77","0","2016","3","","Schenectady County, New York","Private","NAICS 62331 Continuing care, assisted living facilities","County, NAICS 5-digit -- by ownership sector","All establishment sizes",11,486,486,468,3271565,602800,13960,524,"",1.21,1.25,1.25,1.19,1.15,1.48,1.17,0.94,"",1,10.0,-8,-1.6,-16,-3.2,-33,-6.6,172633,5.6,-12697,-2.1,-6882,-33.0,46,9.6
"36093","5","62331","77","0","2016","4","","Schenectady County, New York","Private","NAICS 62331 Continuing care, assisted living facilities","County, NAICS 5-digit -- by ownership sector","All establishment sizes",11,483,493,485,3187288,497942,11328,503,"",1.21,1.21,1.22,1.21,1.20,1.50,1.17,0.99,"",1,10.0,-6,-1.2,1,0.2,-9,-1.8,-131625,-4.0,36883,8.0,-4236,-27.2,-16,-3.1
"36093","5","623311","78","0","2016","1","N","Schenectady County, New York","Private","NAICS 623311 Continuing care retirement communities","County, NAICS 6-digit -- by ownership sector","All establishment sizes",2,0,0,0,0,0,0,0,"N",0.82,0,0,0,0,0,0,0,"N",0,0.0,0,0,0,0,0,0,0,0,0,0,0,0,0,0
"36093","5","623311","78","0","2016","2","N","Schenectady County, New York","Private","NAICS 623311 Continuing care retirement communities","County, NAICS 6-digit -- by ownership sector","All establishment sizes",2,0,0,0,0,0,0,0,"N",0.81,0,0,0,0,0,0,0,"N",0,0.0,0,0,0,0,0,0,0,0,0,0,0,0,0,0
"36093","5","623311","78","0","2016","3","N","Schenectady County, New York","Private","NAICS 623311 Continuing care retirement communities","County, NAICS 6-digit -- by ownership sector","All establishment sizes",2,0,0,0,0,0,0,0,"N",0.81,0,0,0,0,0,0,0,"N",0,0.0,0,0,0,0,0,0,0,0,0,0,0,0,0,0
"36093","5","623311","78","0","2016","4","N","Schenectady County, New York","Private","NAICS 623311 Continuing care retirement communities","County, NAICS 6-digit -- by ownership sector","All establishment sizes",2,0,0,0,0,0,0,0,"N",0.81,0,0,0,0,0,0,0,"N",0,0.0,0,0,0,0,0,0,0,0,0,0,0,0,0,0
"36093","5","623312","78","0","2016","1","N","Schenectady County, New York","Private","NAICS 623312 Assisted living facilities for the elderly","County, NAICS 6-digit -- by ownership sector","All establishment sizes",9,0,0,0,0,0,0,0,"N",1.38,0,0,0,0,0,0,0,"N",1,12.5,0,0,0,0,0,0,0,0,0,0,0,0,0,0
"36093","5","623312","78","0","2016","2","N","Schenectady County, New York","Private","NAICS 623312 Assisted living facilities for the elderly","County, NAICS 6-digit -- by ownership sector","All establishment sizes",9,0,0,0,0,0,0,0,"N",1.37,0,0,0,0,0,0,0,"N",1,12.5,0,0,0,0,0,0,0,0,0,0,0,0,0,0
"36093","5","623312","78","0","2016","3","N","Schenectady County, New York","Private","NAICS 623312 Assisted living facilities for the elderly","County, NAICS 6-digit -- by ownership sector","All establishment sizes",9,0,0,0,0,0,0,0,"N",1.36,0,0,0,0,0,0,0,"N",1,12.5,0,0,0,0,0,0,0,0,0,0,0,0,0,0
"36093","5","623312","78","0","2016","4","N","Schenectady County, New York","Private","NAICS 623312 Assisted living facilities for the elderly","County, NAICS 6-digit -- by ownership sector","All establishment sizes",9,0,0,0,0,0,0,0,"N",1.36,0,0,0,0,0,0,0,"N",1,12.5,0,0,0,0,0,0,0,0,0,0,0,0,0,0
"36093","5","6239","76","0","2016","1","","Schenectady County, New York","Private","NAICS 6239 Other residential care facilities","County, NAICS 4-digit -- by ownership sector","All establishment sizes",8,204,206,209,1805079,0,0,673,"",3.46,2.83,2.84,2.88,3.51,0.00,0.00,1.23,"",0,0.0,-12,-5.6,-10,-4.6,-10,-4.6,72046,4.2,0,0.0,0,0.0,59,9.6
"36093","5","6239","76","0","2016","2","","Schenectady County, New York","Private","NAICS 6239 Other residential care facilities","County, NAICS 4-digit -- by ownership sector","All establishment sizes",8,208,221,221,2020806,0,0,717,"",3.42,2.84,3.02,2.97,3.28,0.00,0.00,1.11,"",0,0.0,3,1.5,17,8.3,18,8.9,100657,5.2,0,0.0,0,0.0,-7,-1.0
"36093","5","6239","76","0","2016","3","","Schenectady County, New York","Private","NAICS 6239 Other residential care facilities","County, NAICS 4-digit -- by ownership sector","All establishment sizes",8,220,222,225,2076381,0,0,718,"",3.39,3.08,3.10,3.12,3.46,0.00,0.00,1.11,"",0,0.0,20,10.0,24,12.1,32,16.6,272655,15.1,0,0.0,0,0.0,14,2.0
"36093","5","6239","76","0","2016","4","","Schenectady County, New York","Private","NAICS 6239 Other residential care facilities","County, NAICS 4-digit -- by ownership sector","All establishment sizes",8,226,226,226,2034099,0,0,692,"",3.37,3.07,3.04,3.07,3.53,0.00,0.00,1.15,"",0,0.0,30,15.3,25,12.4,27,13.6,162485,8.7,0,0.0,0,0.0,-33,-4.6
"36093","5","62399","77","0","2016","1","","Schenectady County, New York","Private","NAICS 62399 Other residential care facilities","County, NAICS 5-digit -- by ownership sector","All establishment sizes",8,204,206,209,1805079,0,0,673,"",3.46,2.83,2.84,2.88,3.51,0.00,0.00,1.23,"",0,0.0,-12,-5.6,-10,-4.6,-10,-4.6,72046,4.2,0,0.0,0,0.0,59,9.6
"36093","5","62399","77","0","2016","2","","Schenectady County, New York","Private","NAICS 62399 Other residential care facilities","County, NAICS 5-digit -- by ownership sector","All establishment sizes",8,208,221,221,2020806,0,0,717,"",3.42,2.84,3.02,2.97,3.28,0.00,0.00,1.11,"",0,0.0,3,1.5,17,8.3,18,8.9,100657,5.2,0,0.0,0,0.0,-7,-1.0
"36093","5","62399","77","0","2016","3","","Schenectady County, New York","Private","NAICS 62399 Other residential care facilities","County, NAICS 5-digit -- by ownership sector","All establishment sizes",8,220,222,225,2076381,0,0,718,"",3.39,3.08,3.10,3.12,3.46,0.00,0.00,1.11,"",0,0.0,20,10.0,24,12.1,32,16.6,272655,15.1,0,0.0,0,0.0,14,2.0
"36093","5","62399","77","0","2016","4","","Schenectady County, New York","Private","NAICS 62399 Other residential care facilities","County, NAICS 5-digit -- by ownership sector","All establishment sizes",8,226,226,226,2034099,0,0,692,"",3.37,3.07,3.04,3.07,3.53,0.00,0.00,1.15,"",0,0.0,30,15.3,25,12.4,27,13.6,162485,8.7,0,0.0,0,0.0,-33,-4.6
"36093","5","623990","78","0","2016","1","","Schenectady County, New York","Private","NAICS 623990 Other residential care facilities","County, NAICS 6-digit -- by ownership sector","All establishment sizes",8,204,206,209,1805079,0,0,673,"",3.46,2.83,2.84,2.88,3.51,0.00,0.00,1.23,"",0,0.0,-12,-5.6,-10,-4.6,-10,-4.6,72046,4.2,0,0.0,0,0.0,59,9.6
"36093","5","623990","78","0","2016","2","","Schenectady County, New York","Private","NAICS 623990 Other residential care facilities","County, NAICS 6-digit -- by ownership sector","All establishment sizes",8,208,221,221,2020806,0,0,717,"",3.42,2.84,3.02,2.97,3.28,0.00,0.00,1.11,"",0,0.0,3,1.5,17,8.3,18,8.9,100657,5.2,0,0.0,0,0.0,-7,-1.0
"36093","5","623990","78","0","2016","3","","Schenectady County, New York","Private","NAICS 623990 Other residential care facilities","County, NAICS 6-digit -- by ownership sector","All establishment sizes",8,220,222,225,2076381,0,0,718,"",3.39,3.08,3.10,3.12,3.46,0.00,0.00,1.11,"",0,0.0,20,10.0,24,12.1,32,16.6,272655,15.1,0,0.0,0,0.0,14,2.0
"36093","5","623990","78","0","2016","4","","Schenectady County, New York","Private","NAICS 623990 Other residential care facilities","County, NAICS 6-digit -- by ownership sector","All establishment sizes",8,226,226,226,2034099,0,0,692,"",3.37,3.07,3.04,3.07,3.53,0.00,0.00,1.15,"",0,0.0,30,15.3,25,12.4,27,13.6,162485,8.7,0,0.0,0,0.0,-33,-4.6
"36093","5","624","75","0","2016","1","N","Schenectady County, New York","Private","NAICS 624 Social assistance","County, NAICS 3-digit -- by ownership sector","All establishment sizes",110,0,0,0,0,0,0,0,"N",0.39,0,0,0,0,0,0,0,"N",-2,-1.8,0,0,0,0,0,0,0,0,0,0,0,0,0,0
"36093","5","624","75","0","2016","2","N","Schenectady County, New York","Private","NAICS 624 Social assistance","County, NAICS 3-digit -- by ownership sector","All establishment sizes",111,0,0,0,0,0,0,0,"N",0.39,0,0,0,0,0,0,0,"N",0,0.0,0,0,0,0,0,0,0,0,0,0,0,0,0,0
"36093","5","624","75","0","2016","3","N","Schenectady County, New York","Private","NAICS 624 Social assistance","County, NAICS 3-digit -- by ownership sector","All establishment sizes",110,0,0,0,0,0,0,0,"N",0.39,0,0,0,0,0,0,0,"N",0,0.0,0,0,0,0,0,0,0,0,0,0,0,0,0,0
"36093","5","624","75","0","2016","4","N","Schenectady County, New York","Private","NAICS 624 Social assistance","County, NAICS 3-digit -- by ownership sector","All establishment sizes",110,0,0,0,0,0,0,0,"N",0.37,0,0,0,0,0,0,0,"N",0,0.0,0,0,0,0,0,0,0,0,0,0,0,0,0,0
"36093","5","6241","76","0","2016","1","","Schenectady County, New York","Private","NAICS 6241 Individual and family services","County, NAICS 4-digit -- by ownership sector","All establishment sizes",49,1288,1261,1285,8472248,3388535,121586,510,"",0.20,1.32,1.28,1.31,1.72,1.21,1.30,1.32,"",-1,-2.0,73,6.0,45,3.7,45,3.6,425364,5.3,436515,14.8,719,0.6,4,0.8
"36093","5","6241","76","0","2016","2","","Schenectady County, New York","Private","NAICS 6241 Individual and family services","County, NAICS 4-digit -- by ownership sector","All establishment sizes",49,1277,1298,1297,9578818,1598226,58362,571,"",0.19,1.28,1.30,1.28,1.60,1.19,1.09,1.24,"",-1,-2.0,52,4.2,52,4.2,17,1.3,698178,7.9,216170,15.6,4154,7.7,25,4.6
"36093","5","6241","76","0","2016","3","","Schenectady County, New York","Private","NAICS 6241 Individual and family services","County, NAICS 4-digit -- by ownership sector","All establishment sizes",48,1362,1355,1268,10078980,993715,33430,584,"",0.19,1.41,1.40,1.30,1.77,1.11,1.02,1.29,"",-2,-4.0,24,1.8,30,2.3,53,4.4,1214819,13.7,101048,11.3,1675,5.3,57,10.8
"36093","5","6241","76","0","2016","4","","Schenectady County, New York","Private","NAICS 6241 Individual and family services","County, NAICS 4-digit -- by ownership sector","All establishment sizes",48,1294,1300,1328,9256071,663875,22520,545,"",0.18,1.28,1.28,1.32,1.69,0.99,0.91,1.31,"",-2,-4.0,61,4.9,36,2.8,48,3.8,-294805,-3.1,-137956,-17.2,-5970,-21.0,-39,-6.7
"36093","5","62411","77","0","2016","1","","Schenectady County, New York","Private","NAICS 62411 Child and youth services","County, NAICS 5-digit -- by ownership sector","All establishment sizes",10,215,205,216,684111,177896,3343,248,"",2.67,2.57,2.42,2.54,1.08,0.72,0.39,0.43,"",0,0.0,15,7.5,7,3.5,17,8.5,24524,3.7,15604,9.6,-307,-8.4,-7,-2.7
"36093","5","62411","77","0","2016","2","","Schenectady County, New York","Private","NAICS 62411 Child and youth services","County, NAICS 5-digit -- by ownership sector","All establishment sizes",10,213,220,211,816584,83581,1584,293,"",2.64,2.48,2.58,2.43,1.06,1.01,0.51,0.43,"",0,0.0,17,8.7,7,3.3,-27,-11.3,113412,16.1,4385,5.5,-291,-15.5,42,16.7
"36093","5","62411","77","0","2016","3","","Schenectady County, New York","Private","NAICS 62411 Child and youth services","County, NAICS 5-digit -- by ownership sector","All establishment sizes",10,241,241,193,878090,51271,987,300,"",2.64,2.87,2.90,2.38,1.20,0.96,0.52,0.44,"",0,0.0,-6,-2.4,-12,-4.7,1,0.5,-51703,-5.6,-15710,-23.5,-781,-44.2,-10,-3.2
"36093","5","62411","77","0","2016","4","","Schenectady County, New York","Private","NAICS 62411 Child and youth services","County, NAICS 5-digit -- by ownership sector","All establishment sizes",10,192,197,213,772221,52396,996,296,"",2.62,2.27,2.29,2.50,1.12,1.28,0.67,0.48,"",0,0.0,0,0.0,-5,-2.5,9,4.4,-29022,-3.6,-9484,-15.3,-466,-31.9,-13,-4.2
"36093","5","624110","78","0","2016","1","","Schenectady County, New York","Private","NAICS 624110 Child and youth services","County, NAICS 6-digit -- by ownership sector","All establishment sizes",10,215,205,216,684111,177896,3343,248,"",2.67,2.57,2.42,2.54,1.08,0.72,0.39,0.43,"",0,0.0,15,7.5,7,3.5,17,8.5,24524,3.7,15604,9.6,-307,-8.4,-7,-2.7
"36093","5","624110","78","0","2016","2","","Schenectady County, New York","Private","NAICS 624110 Child and youth services","County, NAICS 6-digit -- by ownership sector","All establishment sizes",10,213,220,211,816584,83581,1584,293,"",2.64,2.48,2.58,2.43,1.06,1.01,0.51,0.43,"",0,0.0,17,8.7,7,3.3,-27,-11.3,113412,16.1,4385,5.5,-291,-15.5,42,16.7
"36093","5","624110","78","0","2016","3","","Schenectady County, New York","Private","NAICS 624110 Child and youth services","County, NAICS 6-digit -- by ownership sector","All establishment sizes",10,241,241,193,878090,51271,987,300,"",2.64,2.87,2.90,2.38,1.20,0.96,0.52,0.44,"",0,0.0,-6,-2.4,-12,-4.7,1,0.5,-51703,-5.6,-15710,-23.5,-781,-44.2,-10,-3.2
"36093","5","624110","78","0","2016","4","","Schenectady County, New York","Private","NAICS 624110 Child and youth services","County, NAICS 6-digit -- by ownership sector","All establishment sizes",10,192,197,213,772221,52396,996,296,"",2.62,2.27,2.29,2.50,1.12,1.28,0.67,0.48,"",0,0.0,0,0.0,-5,-2.5,9,4.4,-29022,-3.6,-9484,-15.3,-466,-31.9,-13,-4.2
"36093","5","62412","77","0","2016","1","","Schenectady County, New York","Private","NAICS 62412 Services for the elderly and disabled","County, NAICS 5-digit -- by ownership sector","All establishment sizes",18,564,549,565,3172817,2188999,53267,436,"",0.08,0.79,0.77,0.79,1.11,1.14,0.88,1.42,"",0,0.0,40,7.6,22,4.2,16,2.9,240904,8.2,259756,13.5,-3434,-6.1,13,3.1
"36093","5","62412","77","0","2016","2","","Schenectady County, New York","Private","NAICS 62412 Services for the elderly and disabled","County, NAICS 5-digit -- by ownership sector","All establishment sizes",18,571,588,580,3472875,1045610,25333,461,"",0.08,0.78,0.81,0.79,1.00,1.01,0.63,1.26,"",0,0.0,41,7.7,53,9.9,32,5.8,397254,12.9,159667,18.0,2734,12.1,21,4.8
"36093","5","62412","77","0","2016","3","","Schenectady County, New York","Private","NAICS 62412 Services for the elderly and disabled","County, NAICS 5-digit -- by ownership sector","All establishment sizes",18,576,581,567,3748035,663338,16685,502,"",0.08,0.82,0.82,0.80,1.13,0.94,0.65,1.39,"",0,0.0,30,5.5,41,7.6,31,5.8,508511,15.7,94730,16.7,2066,14.1,41,8.9
"36093","5","62412","77","0","2016","4","","Schenectady County, New York","Private","NAICS 62412 Services for the elderly and disabled","County, NAICS 5-digit -- by ownership sector","All establishment sizes",18,568,557,566,3638501,441071,11169,497,"",0.07,0.77,0.75,0.77,1.14,0.84,0.59,1.50,"",0,0.0,29,5.4,8,1.5,-1,-0.2,118432,3.4,-122391,-21.7,-3234,-22.5,6,1.2
"36093","5","624120","78","0","2016","1","","Schenectady County, New York","Private","NAICS 624120 Services for the elderly and disabled","County, NAICS 6-digit -- by ownership sector","All establishment sizes",18,564,549,565,3172817,2188999,53267,436,"",0.08,0.79,0.77,0.79,1.11,1.14,0.88,1.42,"",0,0.0,40,7.6,22,4.2,16,2.9,240904,8.2,259756,13.5,-3434,-6.1,13,3.1
"36093","5","624120","78","0","2016","2","","Schenectady County, New York","Private","NAICS 624120 Services for the elderly and disabled","County, NAICS 6-digit -- by ownership sector","All establishment sizes",18,571,588,580,3472875,1045610,25333,461,"",0.08,0.78,0.81,0.79,1.00,1.01,0.63,1.26,"",0,0.0,41,7.7,53,9.9,32,5.8,397254,12.9,159667,18.0,2734,12.1,21,4.8
"36093","5","624120","78","0","2016","3","","Schenectady County, New York","Private","NAICS 624120 Services for the elderly and disabled","County, NAICS 6-digit -- by ownership sector","All establishment sizes",18,576,581,567,3748035,663338,16685,502,"",0.08,0.82,0.82,0.80,1.13,0.94,0.65,1.39,"",0,0.0,30,5.5,41,7.6,31,5.8,508511,15.7,94730,16.7,2066,14.1,41,8.9
"36093","5","624120","78","0","2016","4","","Schenectady County, New York","Private","NAICS 624120 Services for the elderly and disabled","County, NAICS 6-digit -- by ownership sector","All establishment sizes",18,568,557,566,3638501,441071,11169,497,"",0.07,0.77,0.75,0.77,1.14,0.84,0.59,1.50,"",0,0.0,29,5.4,8,1.5,-1,-0.2,118432,3.4,-122391,-21.7,-3234,-22.5,6,1.2
"36093","5","62419","77","0","2016","1","","Schenectady County, New York","Private","NAICS 62419 Other individual and family services","County, NAICS 5-digit -- by ownership sector","All establishment sizes",21,509,507,504,4615320,1021640,64976,701,"",2.09,2.82,2.78,2.76,3.17,1.59,2.64,1.14,"",-1,-4.5,18,3.7,16,3.3,12,2.4,159936,3.6,161155,18.7,4460,7.4,3,0.4
"36093","5","62419","77","0","2016","2","","Schenectady County, New York","Private","NAICS 62419 Other individual and family services","County, NAICS 5-digit -- by ownership sector","All establishment sizes",21,493,490,506,5289359,469035,31445,820,"",2.05,2.67,2.66,2.73,3.02,2.06,3.16,1.13,"",-1,-4.5,-6,-1.2,-8,-1.6,12,2.4,187512,3.7,52118,12.5,1711,5.8,30,3.8
"36093","5","62419","77","0","2016","3","","Schenectady County, New York","Private","NAICS 62419 Other individual and family services","County, NAICS 5-digit -- by ownership sector","All establishment sizes",20,545,533,508,5452855,279106,15758,793,"",1.94,3.08,2.99,2.83,3.29,2.05,2.98,1.11,"",-2,-9.1,0,0.0,1,0.2,21,4.3,758011,16.1,22028,8.6,390,2.5,100,14.4
"36093","5","62419","77","0","2016","4","","Schenectady County, New York","Private","NAICS 62419 Other individual and family services","County, NAICS 5-digit -- by ownership sector","All establishment sizes",20,534,546,549,4845349,170408,10355,686,"",1.93,2.88,2.91,2.95,3.01,1.60,2.44,1.03,"",-2,-9.1,32,6.4,33,6.4,40,7.9,-384215,-7.3,-6081,-3.4,-2270,-18.0,-106,-13.4
"36093","5","624190","78","0","2016","1","","Schenectady County, New York","Private","NAICS 624190 Other individual and family services","County, NAICS 6-digit -- by ownership sector","All establishment sizes",21,509,507,504,4615320,1021640,64976,701,"",2.09,2.82,2.78,2.76,3.17,1.59,2.64,1.14,"",-1,-4.5,18,3.7,16,3.3,12,2.4,159936,3.6,161155,18.7,4460,7.4,3,0.4
"36093","5","624190","78","0","2016","2","","Schenectady County, New York","Private","NAICS 624190 Other individual and family services","County, NAICS 6-digit -- by ownership sector","All establishment sizes",21,493,490,506,5289359,469035,31445,820,"",2.05,2.67,2.66,2.73,3.02,2.06,3.16,1.13,"",-1,-4.5,-6,-1.2,-8,-1.6,12,2.4,187512,3.7,52118,12.5,1711,5.8,30,3.8
"36093","5","624190","78","0","2016","3","","Schenectady County, New York","Private","NAICS 624190 Other individual and family services","County, NAICS 6-digit -- by ownership sector","All establishment sizes",20,545,533,508,5452855,279106,15758,793,"",1.94,3.08,2.99,2.83,3.29,2.05,2.98,1.11,"",-2,-9.1,0,0.0,1,0.2,21,4.3,758011,16.1,22028,8.6,390,2.5,100,14.4
"36093","5","624190","78","0","2016","4","","Schenectady County, New York","Private","NAICS 624190 Other individual and family services","County, NAICS 6-digit -- by ownership sector","All establishment sizes",20,534,546,549,4845349,170408,10355,686,"",1.93,2.88,2.91,2.95,3.01,1.60,2.44,1.03,"",-2,-9.1,32,6.4,33,6.4,40,7.9,-384215,-7.3,-6081,-3.4,-2270,-18.0,-106,-13.4
"36093","5","6242","76","0","2016","1","","Schenectady County, New York","Private","NAICS 6242 Emergency and other relief services","County, NAICS 4-digit -- by ownership sector","All establishment sizes",9,254,257,257,1314267,48186,4004,395,"",2.30,3.54,3.55,3.56,2.15,0.19,0.43,0.61,"",0,0.0,11,4.5,10,4.0,7,2.8,-8331,-0.6,-5110,-9.6,-712,-15.1,-17,-4.1
"36093","5","6242","76","0","2016","2","","Schenectady County, New York","Private","NAICS 6242 Emergency and other relief services","County, NAICS 4-digit -- by ownership sector","All establishment sizes",9,260,263,270,1400083,22541,1722,407,"",2.28,3.58,3.64,3.66,1.90,0.27,0.52,0.52,"",0,0.0,15,6.1,13,5.2,13,5.1,128890,10.1,-617,-2.7,-140,-7.5,17,4.4
"36093","5","6242","76","0","2016","3","","Schenectady County, New York","Private","NAICS 6242 Emergency and other relief services","County, NAICS 4-digit -- by ownership sector","All establishment sizes",9,259,264,241,1494564,7304,591,451,"",2.27,3.67,3.73,3.39,2.13,0.15,0.32,0.59,"",0,0.0,-11,-4.1,1,0.4,6,2.6,58010,4.0,1525,26.4,121,25.7,19,4.4
"36093","5","6242","76","0","2016","4","","Schenectady County, New York","Private","NAICS 6242 Emergency and other relief services","County, NAICS 4-digit -- by ownership sector","All establishment sizes",9,259,269,268,1566661,7236,568,454,"",2.26,3.55,3.65,3.63,2.35,0.19,0.39,0.65,"",0,0.0,10,4.0,19,7.6,13,5.1,34577,2.3,1251,20.9,88,18.3,-15,-3.2
"36093","5","62421","77","0","2016","1","N","Schenectady County, New York","Private","NAICS 62421 Community food services","County, NAICS 5-digit -- by ownership sector","All establishment sizes",2,0,0,0,0,0,0,0,"N",1.84,0,0,0,0,0,0,0,"N",0,0.0,0,0,0,0,0,0,0,0,0,0,0,0,0,0
"36093","5","62421","77","0","2016","2","N","Schenectady County, New York","Private","NAICS 62421 Community food services","County, NAICS 5-digit -- by ownership sector","All establishment sizes",2,0,0,0,0,0,0,0,"N",1.81,0,0,0,0,0,0,0,"N",0,0.0,0,0,0,0,0,0,0,0,0,0,0,0,0,0
"36093","5","62421","77","0","2016","3","N","Schenectady County, New York","Private","NAICS 62421 Community food services","County, NAICS 5-digit -- by ownership sector","All establishment sizes",2,0,0,0,0,0,0,0,"N",1.81,0,0,0,0,0,0,0,"N",0,0.0,0,0,0,0,0,0,0,0,0,0,0,0,0,0
"36093","5","62421","77","0","2016","4","N","Schenectady County, New York","Private","NAICS 62421 Community food services","County, NAICS 5-digit -- by ownership sector","All establishment sizes",2,0,0,0,0,0,0,0,"N",1.82,0,0,0,0,0,0,0,"N",0,0.0,0,0,0,0,0,0,0,0,0,0,0,0,0,0
"36093","5","624210","78","0","2016","1","N","Schenectady County, New York","Private","NAICS 624210 Community food services","County, NAICS 6-digit -- by ownership sector","All establishment sizes",2,0,0,0,0,0,0,0,"N",1.84,0,0,0,0,0,0,0,"N",0,0.0,0,0,0,0,0,0,0,0,0,0,0,0,0,0
"36093","5","624210","78","0","2016","2","N","Schenectady County, New York","Private","NAICS 624210 Community food services","County, NAICS 6-digit -- by ownership sector","All establishment sizes",2,0,0,0,0,0,0,0,"N",1.81,0,0,0,0,0,0,0,"N",0,0.0,0,0,0,0,0,0,0,0,0,0,0,0,0,0
"36093","5","624210","78","0","2016","3","N","Schenectady County, New York","Private","NAICS 624210 Community food services","County, NAICS 6-digit -- by ownership sector","All establishment sizes",2,0,0,0,0,0,0,0,"N",1.81,0,0,0,0,0,0,0,"N",0,0.0,0,0,0,0,0,0,0,0,0,0,0,0,0,0
"36093","5","624210","78","0","2016","4","N","Schenectady County, New York","Private","NAICS 624210 Community food services","County, NAICS 6-digit -- by ownership sector","All establishment sizes",2,0,0,0,0,0,0,0,"N",1.82,0,0,0,0,0,0,0,"N",0,0.0,0,0,0,0,0,0,0,0,0,0,0,0,0,0
"36093","5","62422","77","0","2016","1","N","Schenectady County, New York","Private","NAICS 62422 Community housing services","County, NAICS 5-digit -- by ownership sector","All establishment sizes",7,0,0,0,0,0,0,0,"N",3.15,0,0,0,0,0,0,0,"N",0,0.0,0,0,0,0,0,0,0,0,0,0,0,0,0,0
"36093","5","62422","77","0","2016","2","N","Schenectady County, New York","Private","NAICS 62422 Community housing services","County, NAICS 5-digit -- by ownership sector","All establishment sizes",7,0,0,0,0,0,0,0,"N",3.12,0,0,0,0,0,0,0,"N",0,0.0,0,0,0,0,0,0,0,0,0,0,0,0,0,0
"36093","5","62422","77","0","2016","3","N","Schenectady County, New York","Private","NAICS 62422 Community housing services","County, NAICS 5-digit -- by ownership sector","All establishment sizes",7,0,0,0,0,0,0,0,"N",3.13,0,0,0,0,0,0,0,"N",0,0.0,0,0,0,0,0,0,0,0,0,0,0,0,0,0
"36093","5","62422","77","0","2016","4","N","Schenectady County, New York","Private","NAICS 62422 Community housing services","County, NAICS 5-digit -- by ownership sector","All establishment sizes",7,0,0,0,0,0,0,0,"N",3.11,0,0,0,0,0,0,0,"N",0,0.0,0,0,0,0,0,0,0,0,0,0,0,0,0,0
"36093","5","624221","78","0","2016","1","","Schenectady County, New York","Private","NAICS 624221 Temporary shelters","County, NAICS 6-digit -- by ownership sector","All establishment sizes",5,163,164,163,976508,0,0,460,"",4.05,5.45,5.44,5.39,4.56,0.00,0.00,0.84,"",0,0.0,9,5.8,10,6.5,5,3.2,-8669,-0.9,0,0.0,0,0.0,-28,-5.7
"36093","5","624221","78","0","2016","2","","Schenectady County, New York","Private","NAICS 624221 Temporary shelters","County, NAICS 6-digit -- by ownership sector","All establishment sizes",5,170,171,172,1078272,0,0,485,"",4.02,5.62,5.70,5.62,4.16,0.00,0.00,0.74,"",0,0.0,12,7.6,11,6.9,9,5.5,119154,12.4,0,0.0,0,0.0,25,5.4
"36093","5","624221","78","0","2016","3","","Schenectady County, New York","Private","NAICS 624221 Temporary shelters","County, NAICS 6-digit -- by ownership sector","All establishment sizes",5,167,175,166,1172809,0,0,533,"",4.02,5.72,5.98,5.61,4.75,0.00,0.00,0.82,"",0,0.0,-6,-3.5,7,4.2,9,5.7,97325,9.0,0,0.0,0,0.0,35,7.0
"36093","5","624221","78","0","2016","4","","Schenectady County, New York","Private","NAICS 624221 Temporary shelters","County, NAICS 6-digit -- by ownership sector","All establishment sizes",5,166,171,170,1154809,0,0,526,"",3.99,5.47,5.55,5.52,4.93,0.00,0.00,0.89,"",0,0.0,8,5.1,15,9.6,8,4.9,13328,1.2,0,0.0,0,0.0,-27,-4.9
"36093","5","624229","78","0","2016","1","N","Schenectady County, New York","Private","NAICS 624229 Other community housing services","County, NAICS 6-digit -- by ownership sector","All establishment sizes",2,0,0,0,0,0,0,0,"N",2.02,0,0,0,0,0,0,0,"N",0,0.0,0,0,0,0,0,0,0,0,0,0,0,0,0,0
"36093","5","624229","78","0","2016","2","N","Schenectady County, New York","Private","NAICS 624229 Other community housing services","County, NAICS 6-digit -- by ownership sector","All establishment sizes",2,0,0,0,0,0,0,0,"N",2.00,0,0,0,0,0,0,0,"N",0,0.0,0,0,0,0,0,0,0,0,0,0,0,0,0,0
"36093","5","624229","78","0","2016","3","N","Schenectady County, New York","Private","NAICS 624229 Other community housing services","County, NAICS 6-digit -- by ownership sector","All establishment sizes",2,0,0,0,0,0,0,0,"N",2.01,0,0,0,0,0,0,0,"N",0,0.0,0,0,0,0,0,0,0,0,0,0,0,0,0,0
"36093","5","624229","78","0","2016","4","N","Schenectady County, New York","Private","NAICS 624229 Other community housing services","County, NAICS 6-digit -- by ownership sector","All establishment sizes",2,0,0,0,0,0,0,0,"N",2.00,0,0,0,0,0,0,0,"N",0,0.0,0,0,0,0,0,0,0,0,0,0,0,0,0,0
"36093","5","6243","76","0","2016","1","N","Schenectady County, New York","Private","NAICS 6243 Vocational rehabilitation services","County, NAICS 4-digit -- by ownership sector","All establishment sizes",6,0,0,0,0,0,0,0,"N",1.78,0,0,0,0,0,0,0,"N",-1,-14.3,0,0,0,0,0,0,0,0,0,0,0,0,0,0
"36093","5","6243","76","0","2016","2","N","Schenectady County, New York","Private","NAICS 6243 Vocational rehabilitation services","County, NAICS 4-digit -- by ownership sector","All establishment sizes",6,0,0,0,0,0,0,0,"N",1.77,0,0,0,0,0,0,0,"N",-1,-14.3,0,0,0,0,0,0,0,0,0,0,0,0,0,0
"36093","5","6243","76","0","2016","3","N","Schenectady County, New York","Private","NAICS 6243 Vocational rehabilitation services","County, NAICS 4-digit -- by ownership sector","All establishment sizes",6,0,0,0,0,0,0,0,"N",1.77,0,0,0,0,0,0,0,"N",-1,-14.3,0,0,0,0,0,0,0,0,0,0,0,0,0,0
"36093","5","6243","76","0","2016","4","N","Schenectady County, New York","Private","NAICS 6243 Vocational rehabilitation services","County, NAICS 4-digit -- by ownership sector","All establishment sizes",6,0,0,0,0,0,0,0,"N",1.75,0,0,0,0,0,0,0,"N",-1,-14.3,0,0,0,0,0,0,0,0,0,0,0,0,0,0
"36093","5","62431","77","0","2016","1","N","Schenectady County, New York","Private","NAICS 62431 Vocational rehabilitation services","County, NAICS 5-digit -- by ownership sector","All establishment sizes",6,0,0,0,0,0,0,0,"N",1.78,0,0,0,0,0,0,0,"N",-1,-14.3,0,0,0,0,0,0,0,0,0,0,0,0,0,0
"36093","5","62431","77","0","2016","2","N","Schenectady County, New York","Private","NAICS 62431 Vocational rehabilitation services","County, NAICS 5-digit -- by ownership sector","All establishment sizes",6,0,0,0,0,0,0,0,"N",1.77,0,0,0,0,0,0,0,"N",-1,-14.3,0,0,0,0,0,0,0,0,0,0,0,0,0,0
"36093","5","62431","77","0","2016","3","N","Schenectady County, New York","Private","NAICS 62431 Vocational rehabilitation services","County, NAICS 5-digit -- by ownership sector","All establishment sizes",6,0,0,0,0,0,0,0,"N",1.77,0,0,0,0,0,0,0,"N",-1,-14.3,0,0,0,0,0,0,0,0,0,0,0,0,0,0
"36093","5","62431","77","0","2016","4","N","Schenectady County, New York","Private","NAICS 62431 Vocational rehabilitation services","County, NAICS 5-digit -- by ownership sector","All establishment sizes",6,0,0,0,0,0,0,0,"N",1.75,0,0,0,0,0,0,0,"N",-1,-14.3,0,0,0,0,0,0,0,0,0,0,0,0,0,0
"36093","5","624310","78","0","2016","1","N","Schenectady County, New York","Private","NAICS 624310 Vocational rehabilitation services","County, NAICS 6-digit -- by ownership sector","All establishment sizes",6,0,0,0,0,0,0,0,"N",1.78,0,0,0,0,0,0,0,"N",-1,-14.3,0,0,0,0,0,0,0,0,0,0,0,0,0,0
"36093","5","624310","78","0","2016","2","N","Schenectady County, New York","Private","NAICS 624310 Vocational rehabilitation services","County, NAICS 6-digit -- by ownership sector","All establishment sizes",6,0,0,0,0,0,0,0,"N",1.77,0,0,0,0,0,0,0,"N",-1,-14.3,0,0,0,0,0,0,0,0,0,0,0,0,0,0
"36093","5","624310","78","0","2016","3","N","Schenectady County, New York","Private","NAICS 624310 Vocational rehabilitation services","County, NAICS 6-digit -- by ownership sector","All establishment sizes",6,0,0,0,0,0,0,0,"N",1.77,0,0,0,0,0,0,0,"N",-1,-14.3,0,0,0,0,0,0,0,0,0,0,0,0,0,0
"36093","5","624310","78","0","2016","4","N","Schenectady County, New York","Private","NAICS 624310 Vocational rehabilitation services","County, NAICS 6-digit -- by ownership sector","All establishment sizes",6,0,0,0,0,0,0,0,"N",1.75,0,0,0,0,0,0,0,"N",-1,-14.3,0,0,0,0,0,0,0,0,0,0,0,0,0,0
"36093","5","6244","76","0","2016","1","","Schenectady County, New York","Private","NAICS 6244 Child day care services","County, NAICS 4-digit -- by ownership sector","All establishment sizes",46,643,640,644,2797496,2139995,82676,335,"",1.85,1.71,1.68,1.69,1.48,1.55,2.09,0.87,"",0,0.0,25,4.0,17,2.7,31,5.1,-251943,-8.3,74024,3.6,-3233,-3.8,-45,-11.8
"36093","5","6244","76","0","2016","2","","Schenectady County, New York","Private","NAICS 6244 Child day care services","County, NAICS 4-digit -- by ownership sector","All establishment sizes",47,651,647,653,2970211,1481000,48431,351,"",1.87,1.68,1.67,1.71,1.28,2.10,2.13,0.76,"",2,4.4,35,5.7,37,6.1,35,5.7,-193972,-6.1,139545,10.4,-3714,-7.1,-45,-11.4
"36093","5","6244","76","0","2016","3","","Schenectady County, New York","Private","NAICS 6244 Child day care services","County, NAICS 4-digit -- by ownership sector","All establishment sizes",47,564,566,637,2789081,709541,18585,364,"",1.86,1.62,1.58,1.71,1.33,1.64,1.49,0.81,"",3,6.8,34,6.4,51,9.9,41,6.9,306442,12.3,67233,10.5,-1076,-5.5,15,4.3
"36093","5","6244","76","0","2016","4","","Schenectady County, New York","Private","NAICS 6244 Child day care services","County, NAICS 4-digit -- by ownership sector","All establishment sizes",47,659,662,664,3039345,590910,17143,353,"",1.87,1.72,1.72,1.75,1.46,1.69,1.66,0.84,"",3,6.8,39,6.3,32,5.1,31,4.9,28350,0.9,18088,3.2,-3073,-15.2,-16,-4.3
"36093","5","62441","77","0","2016","1","","Schenectady County, New York","Private","NAICS 62441 Child day care services","County, NAICS 5-digit -- by ownership sector","All establishment sizes",46,643,640,644,2797496,2139995,82676,335,"",1.85,1.71,1.68,1.69,1.48,1.55,2.09,0.87,"",0,0.0,25,4.0,17,2.7,31,5.1,-251943,-8.3,74024,3.6,-3233,-3.8,-45,-11.8
"36093","5","62441","77","0","2016","2","","Schenectady County, New York","Private","NAICS 62441 Child day care services","County, NAICS 5-digit -- by ownership sector","All establishment sizes",47,651,647,653,2970211,1481000,48431,351,"",1.87,1.68,1.67,1.71,1.28,2.10,2.13,0.76,"",2,4.4,35,5.7,37,6.1,35,5.7,-193972,-6.1,139545,10.4,-3714,-7.1,-45,-11.4
"36093","5","62441","77","0","2016","3","","Schenectady County, New York","Private","NAICS 62441 Child day care services","County, NAICS 5-digit -- by ownership sector","All establishment sizes",47,564,566,637,2789081,709541,18585,364,"",1.86,1.62,1.58,1.71,1.33,1.64,1.49,0.81,"",3,6.8,34,6.4,51,9.9,41,6.9,306442,12.3,67233,10.5,-1076,-5.5,15,4.3
"36093","5","62441","77","0","2016","4","","Schenectady County, New York","Private","NAICS 62441 Child day care services","County, NAICS 5-digit -- by ownership sector","All establishment sizes",47,659,662,664,3039345,590910,17143,353,"",1.87,1.72,1.72,1.75,1.46,1.69,1.66,0.84,"",3,6.8,39,6.3,32,5.1,31,4.9,28350,0.9,18088,3.2,-3073,-15.2,-16,-4.3
"36093","5","624410","78","0","2016","1","","Schenectady County, New York","Private","NAICS 624410 Child day care services","County, NAICS 6-digit -- by ownership sector","All establishment sizes",46,643,640,644,2797496,2139995,82676,335,"",1.85,1.71,1.68,1.69,1.48,1.55,2.09,0.87,"",0,0.0,25,4.0,17,2.7,31,5.1,-251943,-8.3,74024,3.6,-3233,-3.8,-45,-11.8
"36093","5","624410","78","0","2016","2","","Schenectady County, New York","Private","NAICS 624410 Child day care services","County, NAICS 6-digit -- by ownership sector","All establishment sizes",47,651,647,653,2970211,1481000,48431,351,"",1.87,1.68,1.67,1.71,1.28,2.10,2.13,0.76,"",2,4.4,35,5.7,37,6.1,35,5.7,-193972,-6.1,139545,10.4,-3714,-7.1,-45,-11.4
"36093","5","624410","78","0","2016","3","","Schenectady County, New York","Private","NAICS 624410 Child day care services","County, NAICS 6-digit -- by ownership sector","All establishment sizes",47,564,566,637,2789081,709541,18585,364,"",1.86,1.62,1.58,1.71,1.33,1.64,1.49,0.81,"",3,6.8,34,6.4,51,9.9,41,6.9,306442,12.3,67233,10.5,-1076,-5.5,15,4.3
"36093","5","624410","78","0","2016","4","","Schenectady County, New York","Private","NAICS 624410 Child day care services","County, NAICS 6-digit -- by ownership sector","All establishment sizes",47,659,662,664,3039345,590910,17143,353,"",1.87,1.72,1.72,1.75,1.46,1.69,1.66,0.84,"",3,6.8,39,6.3,32,5.1,31,4.9,28350,0.9,18088,3.2,-3073,-15.2,-16,-4.3
"36093","5","71","74","0","2016","1","","Schenectady County, New York","Private","NAICS 71 Arts, entertainment, and recreation","County, NAICS Sector -- by ownership sector","All establishment sizes",45,732,730,700,3309246,2057857,92150,353,"",0.93,0.83,0.82,0.76,0.45,0.60,0.80,0.56,"",-3,-6.2,-53,-6.8,-14,-1.9,-27,-3.7,192196,6.2,118231,6.1,-6780,-6.9,34,10.7
"36093","5","71","74","0","2016","2","","Schenectady County, New York","Private","NAICS 71 Arts, entertainment, and recreation","County, NAICS Sector -- by ownership sector","All establishment sizes",44,724,754,805,3913616,1425631,65647,396,"",0.90,0.74,0.73,0.71,0.41,0.97,1.00,0.57,"",-6,-12.0,-30,-4.0,-48,-6.0,7,0.9,169444,4.5,-44589,-3.0,-13649,-17.2,29,7.9
"36093","5","71","74","0","2016","3","","Schenectady County, New York","Private","NAICS 71 Arts, entertainment, and recreation","County, NAICS Sector -- by ownership sector","All establishment sizes",46,792,778,738,4245718,1233760,63279,425,"",0.93,0.72,0.72,0.73,0.43,1.04,1.19,0.60,"",-3,-6.1,-27,-3.3,-15,-1.9,11,1.5,284454,7.2,-126554,-9.3,-10947,-14.7,34,8.7
"36093","5","71","74","0","2016","4","","Schenectady County, New York","Private","NAICS 71 Arts, entertainment, and recreation","County, NAICS Sector -- by ownership sector","All establishment sizes",46,732,723,733,3756820,747802,31881,396,"",0.93,0.74,0.77,0.79,0.35,1.04,1.10,0.46,"",-3,-6.1,-56,-7.1,-26,-3.5,-28,-3.7,-104890,-2.7,-8700,-1.2,-2693,-7.8,8,2.1
"36093","5","711","75","0","2016","1","","Schenectady County, New York","Private","NAICS 711 Performing arts and spectator sports","County, NAICS 3-digit -- by ownership sector","All establishment sizes",10,211,209,208,1277382,256476,5143,469,"",0.54,1.16,1.10,1.06,0.37,0.27,0.14,0.34,"",-1,-9.1,-3,-1.4,38,22.2,34,19.5,128050,11.1,66848,35.3,661,14.7,-5,-1.1
"36093","5","711","75","0","2016","2","","Schenectady County, New York","Private","NAICS 711 Performing arts and spectator sports","County, NAICS 3-digit -- by ownership sector","All establishment sizes",9,223,226,221,1609751,175888,3831,554,"",0.48,1.04,1.03,0.99,0.36,0.53,0.24,0.36,"",-2,-18.2,41,22.5,15,7.1,39,21.4,203908,14.5,49295,38.9,826,27.5,-10,-1.8
"36093","5","711","75","0","2016","3","","Schenectady County, New York","Private","NAICS 711 Performing arts and spectator sports","County, NAICS 3-digit -- by ownership sector","All establishment sizes",10,186,183,216,1528359,72564,1500,603,"",0.53,0.87,0.85,0.99,0.32,0.31,0.13,0.35,"",0,0.0,15,8.8,6,3.4,18,9.1,306453,25.1,-19112,-20.8,-963,-39.1,87,16.9
"36093","5","711","75","0","2016","4","","Schenectady County, New York","Private","NAICS 711 Performing arts and spectator sports","County, NAICS 3-digit -- by ownership sector","All establishment sizes",10,221,214,235,1593570,107906,1986,549,"",0.52,1.02,1.03,1.16,0.26,0.57,0.21,0.24,"",0,0.0,15,7.3,13,6.5,12,5.4,36518,2.3,-20542,-16.0,-1267,-38.9,-21,-3.7
"36093","5","7111","76","0","2016","1","","Schenectady County, New York","Private","NAICS 7111 Performing arts companies","County, NAICS 4-digit -- by ownership sector","All establishment sizes",5,51,51,53,227056,169001,2873,338,"",1.43,1.04,0.97,0.98,0.47,0.72,0.24,0.47,"N",-1,-16.7,0,0,0,0,0,0,0,0,0,0,0,0,0,0
"36093","5","7111","76","0","2016","2","","Schenectady County, New York","Private","NAICS 7111 Performing arts companies","County, NAICS 4-digit -- by ownership sector","All establishment sizes",5,53,53,53,266406,74483,1267,387,"",1.42,0.96,0.94,0.97,0.44,0.86,0.25,0.46,"N",-1,-16.7,0,0,0,0,0,0,0,0,0,0,0,0,0,0
"36093","5","7111","76","0","2016","3","","Schenectady County, New York","Private","NAICS 7111 Performing arts companies","County, NAICS 4-digit -- by ownership sector","All establishment sizes",6,38,40,56,257330,35991,612,443,"",1.69,0.75,0.83,1.07,0.45,0.60,0.18,0.51,"",1,20.0,6,18.8,6,17.6,11,24.4,89479,53.3,10372,40.5,-179,-22.6,94,26.9
"36093","5","7111","76","0","2016","4","","Schenectady County, New York","Private","NAICS 7111 Performing arts companies","County, NAICS 4-digit -- by ownership sector","All establishment sizes",6,58,58,59,324165,74493,1266,427,"",1.67,1.02,1.03,1.08,0.33,1.37,0.39,0.32,"",1,20.0,11,23.4,6,11.5,8,15.7,76858,31.1,5350,7.7,-545,-30.1,47,12.4
"36093","5","71111","77","0","2016","1","N","Schenectady County, New York","Private","NAICS 71111 Theater companies and dinner theaters","County, NAICS 5-digit -- by ownership sector","All establishment sizes",3,0,0,0,0,0,0,0,"N",2.50,0,0,0,0,0,0,0,"N",-1,-25.0,0,0,0,0,0,0,0,0,0,0,0,0,0,0
"36093","5","71111","77","0","2016","2","N","Schenectady County, New York","Private","NAICS 71111 Theater companies and dinner theaters","County, NAICS 5-digit -- by ownership sector","All establishment sizes",3,0,0,0,0,0,0,0,"N",2.48,0,0,0,0,0,0,0,"N",-1,-25.0,0,0,0,0,0,0,0,0,0,0,0,0,0,0
"36093","5","71111","77","0","2016","3","N","Schenectady County, New York","Private","NAICS 71111 Theater companies and dinner theaters","County, NAICS 5-digit -- by ownership sector","All establishment sizes",3,0,0,0,0,0,0,0,"N",2.46,0,0,0,0,0,0,0,"N",0,0.0,0,0,0,0,0,0,0,0,0,0,0,0,0,0
"36093","5","71111","77","0","2016","4","N","Schenectady County, New York","Private","NAICS 71111 Theater companies and dinner theaters","County, NAICS 5-digit -- by ownership sector","All establishment sizes",3,0,0,0,0,0,0,0,"N",2.45,0,0,0,0,0,0,0,"N",0,0.0,0,0,0,0,0,0,0,0,0,0,0,0,0,0
"36093","5","711110","78","0","2016","1","N","Schenectady County, New York","Private","NAICS 711110 Theater companies and dinner theaters","County, NAICS 6-digit -- by ownership sector","All establishment sizes",3,0,0,0,0,0,0,0,"N",2.50,0,0,0,0,0,0,0,"N",-1,-25.0,0,0,0,0,0,0,0,0,0,0,0,0,0,0
"36093","5","711110","78","0","2016","2","N","Schenectady County, New York","Private","NAICS 711110 Theater companies and dinner theaters","County, NAICS 6-digit -- by ownership sector","All establishment sizes",3,0,0,0,0,0,0,0,"N",2.48,0,0,0,0,0,0,0,"N",-1,-25.0,0,0,0,0,0,0,0,0,0,0,0,0,0,0
"36093","5","711110","78","0","2016","3","N","Schenectady County, New York","Private","NAICS 711110 Theater companies and dinner theaters","County, NAICS 6-digit -- by ownership sector","All establishment sizes",3,0,0,0,0,0,0,0,"N",2.46,0,0,0,0,0,0,0,"N",0,0.0,0,0,0,0,0,0,0,0,0,0,0,0,0,0
"36093","5","711110","78","0","2016","4","N","Schenectady County, New York","Private","NAICS 711110 Theater companies and dinner theaters","County, NAICS 6-digit -- by ownership sector","All establishment sizes",3,0,0,0,0,0,0,0,"N",2.45,0,0,0,0,0,0,0,"N",0,0.0,0,0,0,0,0,0,0,0,0,0,0,0,0,0
"36093","5","71113","77","0","2016","1","N","Schenectady County, New York","Private","NAICS 71113 Musical groups and artists","County, NAICS 5-digit -- by ownership sector","All establishment sizes",2,0,0,0,0,0,0,0,"N",1.17,0,0,0,0,0,0,0,"N",0,0.0,0,0,0,0,0,0,0,0,0,0,0,0,0,0
"36093","5","71113","77","0","2016","2","N","Schenectady County, New York","Private","NAICS 71113 Musical groups and artists","County, NAICS 5-digit -- by ownership sector","All establishment sizes",2,0,0,0,0,0,0,0,"N",1.16,0,0,0,0,0,0,0,"N",0,0.0,0,0,0,0,0,0,0,0,0,0,0,0,0,0
"36093","5","71113","77","0","2016","3","N","Schenectady County, New York","Private","NAICS 71113 Musical groups and artists","County, NAICS 5-digit -- by ownership sector","All establishment sizes",3,0,0,0,0,0,0,0,"N",1.73,0,0,0,0,0,0,0,"N",1,50.0,0,0,0,0,0,0,0,0,0,0,0,0,0,0
"36093","5","71113","77","0","2016","4","N","Schenectady County, New York","Private","NAICS 71113 Musical groups and artists","County, NAICS 5-digit -- by ownership sector","All establishment sizes",3,0,0,0,0,0,0,0,"N",1.70,0,0,0,0,0,0,0,"N",1,50.0,0,0,0,0,0,0,0,0,0,0,0,0,0,0
"36093","5","711130","78","0","2016","1","N","Schenectady County, New York","Private","NAICS 711130 Musical groups and artists","County, NAICS 6-digit -- by ownership sector","All establishment sizes",2,0,0,0,0,0,0,0,"N",1.17,0,0,0,0,0,0,0,"N",0,0.0,0,0,0,0,0,0,0,0,0,0,0,0,0,0
"36093","5","711130","78","0","2016","2","N","Schenectady County, New York","Private","NAICS 711130 Musical groups and artists","County, NAICS 6-digit -- by ownership sector","All establishment sizes",2,0,0,0,0,0,0,0,"N",1.16,0,0,0,0,0,0,0,"N",0,0.0,0,0,0,0,0,0,0,0,0,0,0,0,0,0
"36093","5","711130","78","0","2016","3","N","Schenectady County, New York","Private","NAICS 711130 Musical groups and artists","County, NAICS 6-digit -- by ownership sector","All establishment sizes",3,0,0,0,0,0,0,0,"N",1.73,0,0,0,0,0,0,0,"N",1,50.0,0,0,0,0,0,0,0,0,0,0,0,0,0,0
"36093","5","711130","78","0","2016","4","N","Schenectady County, New York","Private","NAICS 711130 Musical groups and artists","County, NAICS 6-digit -- by ownership sector","All establishment sizes",3,0,0,0,0,0,0,0,"N",1.70,0,0,0,0,0,0,0,"N",1,50.0,0,0,0,0,0,0,0,0,0,0,0,0,0,0
"36093","5","7113","76","0","2016","1","N","Schenectady County, New York","Private","NAICS 7113 Promoters of performing arts and sports","County, NAICS 4-digit -- by ownership sector","All establishment sizes",1,0,0,0,0,0,0,0,"N",0.37,0,0,0,0,0,0,0,"N",0,0.0,0,0,0,0,0,0,0,0,0,0,0,0,0,0
"36093","5","7113","76","0","2016","2","N","Schenectady County, New York","Private","NAICS 7113 Promoters of performing arts and sports","County, NAICS 4-digit -- by ownership sector","All establishment sizes",1,0,0,0,0,0,0,0,"N",0.36,0,0,0,0,0,0,0,"N",0,0.0,0,0,0,0,0,0,0,0,0,0,0,0,0,0
"36093","5","7113","76","0","2016","3","N","Schenectady County, New York","Private","NAICS 7113 Promoters of performing arts and sports","County, NAICS 4-digit -- by ownership sector","All establishment sizes",1,0,0,0,0,0,0,0,"N",0.36,0,0,0,0,0,0,0,"N",0,0.0,0,0,0,0,0,0,0,0,0,0,0,0,0,0
"36093","5","7113","76","0","2016","4","N","Schenectady County, New York","Private","NAICS 7113 Promoters of performing arts and sports","County, NAICS 4-digit -- by ownership sector","All establishment sizes",1,0,0,0,0,0,0,0,"N",0.36,0,0,0,0,0,0,0,"N",0,0.0,0,0,0,0,0,0,0,0,0,0,0,0,0,0
"36093","5","71132","77","0","2016","1","N","Schenectady County, New York","Private","NAICS 71132 Promoters without facilities","County, NAICS 5-digit -- by ownership sector","All establishment sizes",1,0,0,0,0,0,0,0,"N",0.64,0,0,0,0,0,0,0,"N",0,0.0,0,0,0,0,0,0,0,0,0,0,0,0,0,0
"36093","5","71132","77","0","2016","2","N","Schenectady County, New York","Private","NAICS 71132 Promoters without facilities","County, NAICS 5-digit -- by ownership sector","All establishment sizes",1,0,0,0,0,0,0,0,"N",0.63,0,0,0,0,0,0,0,"N",0,0.0,0,0,0,0,0,0,0,0,0,0,0,0,0,0
"36093","5","71132","77","0","2016","3","N","Schenectady County, New York","Private","NAICS 71132 Promoters without facilities","County, NAICS 5-digit -- by ownership sector","All establishment sizes",1,0,0,0,0,0,0,0,"N",0.63,0,0,0,0,0,0,0,"N",0,0.0,0,0,0,0,0,0,0,0,0,0,0,0,0,0
"36093","5","71132","77","0","2016","4","N","Schenectady County, New York","Private","NAICS 71132 Promoters without facilities","County, NAICS 5-digit -- by ownership sector","All establishment sizes",1,0,0,0,0,0,0,0,"N",0.62,0,0,0,0,0,0,0,"N",0,0.0,0,0,0,0,0,0,0,0,0,0,0,0,0,0
"36093","5","711320","78","0","2016","1","N","Schenectady County, New York","Private","NAICS 711320 Promoters without facilities","County, NAICS 6-digit -- by ownership sector","All establishment sizes",1,0,0,0,0,0,0,0,"N",0.64,0,0,0,0,0,0,0,"N",0,0.0,0,0,0,0,0,0,0,0,0,0,0,0,0,0
"36093","5","711320","78","0","2016","2","N","Schenectady County, New York","Private","NAICS 711320 Promoters without facilities","County, NAICS 6-digit -- by ownership sector","All establishment sizes",1,0,0,0,0,0,0,0,"N",0.63,0,0,0,0,0,0,0,"N",0,0.0,0,0,0,0,0,0,0,0,0,0,0,0,0,0
"36093","5","711320","78","0","2016","3","N","Schenectady County, New York","Private","NAICS 711320 Promoters without facilities","County, NAICS 6-digit -- by ownership sector","All establishment sizes",1,0,0,0,0,0,0,0,"N",0.63,0,0,0,0,0,0,0,"N",0,0.0,0,0,0,0,0,0,0,0,0,0,0,0,0,0
"36093","5","711320","78","0","2016","4","N","Schenectady County, New York","Private","NAICS 711320 Promoters without facilities","County, NAICS 6-digit -- by ownership sector","All establishment sizes",1,0,0,0,0,0,0,0,"N",0.62,0,0,0,0,0,0,0,"N",0,0.0,0,0,0,0,0,0,0,0,0,0,0,0,0,0
"36093","5","7115","76","0","2016","1","N","Schenectady County, New York","Private","NAICS 7115 Independent artists, writers, and performers","County, NAICS 4-digit -- by ownership sector","All establishment sizes",4,0,0,0,0,0,0,0,"N",0.47,0,0,0,0,0,0,0,"N",0,0.0,0,0,0,0,0,0,0,0,0,0,0,0,0,0
"36093","5","7115","76","0","2016","2","N","Schenectady County, New York","Private","NAICS 7115 Independent artists, writers, and performers","County, NAICS 4-digit -- by ownership sector","All establishment sizes",3,0,0,0,0,0,0,0,"N",0.34,0,0,0,0,0,0,0,"N",-1,-25.0,0,0,0,0,0,0,0,0,0,0,0,0,0,0
"36093","5","7115","76","0","2016","3","N","Schenectady County, New York","Private","NAICS 7115 Independent artists, writers, and performers","County, NAICS 4-digit -- by ownership sector","All establishment sizes",3,0,0,0,0,0,0,0,"N",0.34,0,0,0,0,0,0,0,"N",-1,-25.0,0,0,0,0,0,0,0,0,0,0,0,0,0,0
"36093","5","7115","76","0","2016","4","N","Schenectady County, New York","Private","NAICS 7115 Independent artists, writers, and performers","County, NAICS 4-digit -- by ownership sector","All establishment sizes",3,0,0,0,0,0,0,0,"N",0.33,0,0,0,0,0,0,0,"N",-1,-25.0,0,0,0,0,0,0,0,0,0,0,0,0,0,0
"36093","5","71151","77","0","2016","1","N","Schenectady County, New York","Private","NAICS 71151 Independent artists, writers, and performers","County, NAICS 5-digit -- by ownership sector","All establishment sizes",4,0,0,0,0,0,0,0,"N",0.47,0,0,0,0,0,0,0,"N",0,0.0,0,0,0,0,0,0,0,0,0,0,0,0,0,0
"36093","5","71151","77","0","2016","2","N","Schenectady County, New York","Private","NAICS 71151 Independent artists, writers, and performers","County, NAICS 5-digit -- by ownership sector","All establishment sizes",3,0,0,0,0,0,0,0,"N",0.34,0,0,0,0,0,0,0,"N",-1,-25.0,0,0,0,0,0,0,0,0,0,0,0,0,0,0
"36093","5","71151","77","0","2016","3","N","Schenectady County, New York","Private","NAICS 71151 Independent artists, writers, and performers","County, NAICS 5-digit -- by ownership sector","All establishment sizes",3,0,0,0,0,0,0,0,"N",0.34,0,0,0,0,0,0,0,"N",-1,-25.0,0,0,0,0,0,0,0,0,0,0,0,0,0,0
"36093","5","71151","77","0","2016","4","N","Schenectady County, New York","Private","NAICS 71151 Independent artists, writers, and performers","County, NAICS 5-digit -- by ownership sector","All establishment sizes",3,0,0,0,0,0,0,0,"N",0.33,0,0,0,0,0,0,0,"N",-1,-25.0,0,0,0,0,0,0,0,0,0,0,0,0,0,0
"36093","5","711510","78","0","2016","1","N","Schenectady County, New York","Private","NAICS 711510 Independent artists, writers, and performers","County, NAICS 6-digit -- by ownership sector","All establishment sizes",4,0,0,0,0,0,0,0,"N",0.47,0,0,0,0,0,0,0,"N",0,0.0,0,0,0,0,0,0,0,0,0,0,0,0,0,0
"36093","5","711510","78","0","2016","2","N","Schenectady County, New York","Private","NAICS 711510 Independent artists, writers, and performers","County, NAICS 6-digit -- by ownership sector","All establishment sizes",3,0,0,0,0,0,0,0,"N",0.34,0,0,0,0,0,0,0,"N",-1,-25.0,0,0,0,0,0,0,0,0,0,0,0,0,0,0
"36093","5","711510","78","0","2016","3","N","Schenectady County, New York","Private","NAICS 711510 Independent artists, writers, and performers","County, NAICS 6-digit -- by ownership sector","All establishment sizes",3,0,0,0,0,0,0,0,"N",0.34,0,0,0,0,0,0,0,"N",-1,-25.0,0,0,0,0,0,0,0,0,0,0,0,0,0,0
"36093","5","711510","78","0","2016","4","N","Schenectady County, New York","Private","NAICS 711510 Independent artists, writers, and performers","County, NAICS 6-digit -- by ownership sector","All establishment sizes",3,0,0,0,0,0,0,0,"N",0.33,0,0,0,0,0,0,0,"N",-1,-25.0,0,0,0,0,0,0,0,0,0,0,0,0,0,0
"36093","5","712","75","0","2016","1","","Schenectady County, New York","Private","NAICS 712 Museums, historical sites, zoos, and parks","County, NAICS 3-digit -- by ownership sector","All establishment sizes",5,61,60,68,347999,311171,19645,425,"",2.24,0.96,0.94,1.02,0.66,1.87,4.11,0.67,"",0,0.0,13,27.1,6,11.1,12,21.4,68736,24.6,58039,22.9,2173,12.4,17,4.2
"36093","5","712","75","0","2016","2","","Schenectady County, New York","Private","NAICS 712 Museums, historical sites, zoos, and parks","County, NAICS 3-digit -- by ownership sector","All establishment sizes",5,68,70,52,352734,160250,9753,428,"",2.22,0.97,0.97,0.67,0.53,2.59,4.60,0.61,"",0,0.0,16,30.8,11,18.6,-8,-13.3,17642,5.3,-11548,-6.7,-655,-6.3,-24,-5.3
"36093","5","712","75","0","2016","3","","Schenectady County, New York","Private","NAICS 712 Museums, historical sites, zoos, and parks","County, NAICS 3-digit -- by ownership sector","All establishment sizes",5,68,69,65,346296,119384,9491,396,"",2.21,0.91,0.94,0.93,0.53,2.63,6.02,0.57,"",0,0.0,0,0.0,-1,-1.4,4,6.6,2376,0.7,3276,2.8,1116,13.3,-3,-0.8
"36093","5","712","75","0","2016","4","","Schenectady County, New York","Private","NAICS 712 Museums, historical sites, zoos, and parks","County, NAICS 3-digit -- by ownership sector","All establishment sizes",5,71,90,90,394600,156458,8157,363,"",2.21,1.01,1.30,1.34,0.67,5.60,9.05,0.55,"",0,0.0,9,14.5,24,36.4,24,36.4,43632,12.4,80656,106.4,2875,54.4,-54,-12.9
"36093","5","7121","76","0","2016","1","","Schenectady County, New York","Private","NAICS 7121 Museums, historical sites, zoos, and parks","County, NAICS 4-digit -- by ownership sector","All establishment sizes",5,61,60,68,347999,311171,19645,425,"",2.24,0.96,0.94,1.02,0.66,1.87,4.11,0.67,"",0,0.0,13,27.1,6,11.1,12,21.4,68736,24.6,58039,22.9,2173,12.4,17,4.2
"36093","5","7121","76","0","2016","2","","Schenectady County, New York","Private","NAICS 7121 Museums, historical sites, zoos, and parks","County, NAICS 4-digit -- by ownership sector","All establishment sizes",5,68,70,52,352734,160250,9753,428,"",2.22,0.97,0.97,0.67,0.53,2.59,4.60,0.61,"",0,0.0,16,30.8,11,18.6,-8,-13.3,17642,5.3,-11548,-6.7,-655,-6.3,-24,-5.3
"36093","5","7121","76","0","2016","3","","Schenectady County, New York","Private","NAICS 7121 Museums, historical sites, zoos, and parks","County, NAICS 4-digit -- by ownership sector","All establishment sizes",5,68,69,65,346296,119384,9491,396,"",2.21,0.91,0.94,0.93,0.53,2.63,6.02,0.57,"",0,0.0,0,0.0,-1,-1.4,4,6.6,2376,0.7,3276,2.8,1116,13.3,-3,-0.8
"36093","5","7121","76","0","2016","4","","Schenectady County, New York","Private","NAICS 7121 Museums, historical sites, zoos, and parks","County, NAICS 4-digit -- by ownership sector","All establishment sizes",5,71,90,90,394600,156458,8157,363,"",2.21,1.01,1.30,1.34,0.67,5.60,9.05,0.55,"",0,0.0,9,14.5,24,36.4,24,36.4,43632,12.4,80656,106.4,2875,54.4,-54,-12.9
"36093","5","71211","77","0","2016","1","","Schenectady County, New York","Private","NAICS 71211 Museums","County, NAICS 5-digit -- by ownership sector","All establishment sizes",5,61,60,68,347999,311171,19645,425,"",3.33,1.55,1.50,1.68,1.01,3.07,6.30,0.64,"",0,0.0,13,27.1,6,11.1,12,21.4,68736,24.6,58039,22.9,2173,12.4,17,4.2
"36093","5","71211","77","0","2016","2","","Schenectady County, New York","Private","NAICS 71211 Museums","County, NAICS 5-digit -- by ownership sector","All establishment sizes",5,68,70,52,352734,160250,9753,428,"",3.30,1.64,1.66,1.18,0.85,4.79,8.43,0.57,"",0,0.0,16,30.8,11,18.6,-8,-13.3,17642,5.3,-11548,-6.7,-655,-6.3,-24,-5.3
"36093","5","71211","77","0","2016","3","N","Schenectady County, New York","Private","NAICS 71211 Museums","County, NAICS 5-digit -- by ownership sector","All establishment sizes",4,0,0,0,0,0,0,0,"N",2.63,0,0,0,0,0,0,0,"N",-1,-20.0,0,0,0,0,0,0,0,0,0,0,0,0,0,0
"36093","5","71211","77","0","2016","4","N","Schenectady County, New York","Private","NAICS 71211 Museums","County, NAICS 5-digit -- by ownership sector","All establishment sizes",4,0,0,0,0,0,0,0,"N",2.63,0,0,0,0,0,0,0,"N",-1,-20.0,0,0,0,0,0,0,0,0,0,0,0,0,0,0
"36093","5","712110","78","0","2016","1","","Schenectady County, New York","Private","NAICS 712110 Museums","County, NAICS 6-digit -- by ownership sector","All establishment sizes",5,61,60,68,347999,311171,19645,425,"",3.33,1.55,1.50,1.68,1.01,3.07,6.30,0.64,"",0,0.0,13,27.1,6,11.1,12,21.4,68736,24.6,58039,22.9,2173,12.4,17,4.2
"36093","5","712110","78","0","2016","2","","Schenectady County, New York","Private","NAICS 712110 Museums","County, NAICS 6-digit -- by ownership sector","All establishment sizes",5,68,70,52,352734,160250,9753,428,"",3.30,1.64,1.66,1.18,0.85,4.79,8.43,0.57,"",0,0.0,16,30.8,11,18.6,-8,-13.3,17642,5.3,-11548,-6.7,-655,-6.3,-24,-5.3
"36093","5","712110","78","0","2016","3","N","Schenectady County, New York","Private","NAICS 712110 Museums","County, NAICS 6-digit -- by ownership sector","All establishment sizes",4,0,0,0,0,0,0,0,"N",2.63,0,0,0,0,0,0,0,"N",-1,-20.0,0,0,0,0,0,0,0,0,0,0,0,0,0,0
"36093","5","712110","78","0","2016","4","N","Schenectady County, New York","Private","NAICS 712110 Museums","County, NAICS 6-digit -- by ownership sector","All establishment sizes",4,0,0,0,0,0,0,0,"N",2.63,0,0,0,0,0,0,0,"N",-1,-20.0,0,0,0,0,0,0,0,0,0,0,0,0,0,0
"36093","5","71213","77","0","2016","1","-","Schenectady County, New York","Private","NAICS 71213 Zoos and botanical gardens","County, NAICS 5-digit -- by ownership sector","All establishment sizes",0,0,0,0,0,0,0,0,"N",0.00,0,0,0,0,0,0,0,"N",0,0,0,0,0,0,0,0,0,0,0,0,0,0,0,0
"36093","5","71213","77","0","2016","2","-","Schenectady County, New York","Private","NAICS 71213 Zoos and botanical gardens","County, NAICS 5-digit -- by ownership sector","All establishment sizes",0,0,0,0,0,0,0,0,"N",0.00,0,0,0,0,0,0,0,"N",0,0,0,0,0,0,0,0,0,0,0,0,0,0,0,0
"36093","5","71213","77","0","2016","3","N","Schenectady County, New York","Private","NAICS 71213 Zoos and botanical gardens","County, NAICS 5-digit -- by ownership sector","All establishment sizes",1,0,0,0,0,0,0,0,"N",3.92,0,0,0,0,0,0,0,"N",1,100.0,0,0,0,0,0,0,0,0,0,0,0,0,0,0
"36093","5","71213","77","0","2016","4","N","Schenectady County, New York","Private","NAICS 71213 Zoos and botanical gardens","County, NAICS 5-digit -- by ownership sector","All establishment sizes",1,0,0,0,0,0,0,0,"N",3.91,0,0,0,0,0,0,0,"N",1,100.0,0,0,0,0,0,0,0,0,0,0,0,0,0,0
"36093","5","712130","78","0","2016","1","-","Schenectady County, New York","Private","NAICS 712130 Zoos and botanical gardens","County, NAICS 6-digit -- by ownership sector","All establishment sizes",0,0,0,0,0,0,0,0,"N",0.00,0,0,0,0,0,0,0,"N",0,0,0,0,0,0,0,0,0,0,0,0,0,0,0,0
"36093","5","712130","78","0","2016","2","-","Schenectady County, New York","Private","NAICS 712130 Zoos and botanical gardens","County, NAICS 6-digit -- by ownership sector","All establishment sizes",0,0,0,0,0,0,0,0,"N",0.00,0,0,0,0,0,0,0,"N",0,0,0,0,0,0,0,0,0,0,0,0,0,0,0,0
"36093","5","712130","78","0","2016","3","N","Schenectady County, New York","Private","NAICS 712130 Zoos and botanical gardens","County, NAICS 6-digit -- by ownership sector","All establishment sizes",1,0,0,0,0,0,0,0,"N",3.92,0,0,0,0,0,0,0,"N",1,100.0,0,0,0,0,0,0,0,0,0,0,0,0,0,0
"36093","5","712130","78","0","2016","4","N","Schenectady County, New York","Private","NAICS 712130 Zoos and botanical gardens","County, NAICS 6-digit -- by ownership sector","All establishment sizes",1,0,0,0,0,0,0,0,"N",3.91,0,0,0,0,0,0,0,"N",1,100.0,0,0,0,0,0,0,0,0,0,0,0,0,0,0
"36093","5","713","75","0","2016","1","","Schenectady County, New York","Private","NAICS 713 Amusements, gambling, and recreation","County, NAICS 3-digit -- by ownership sector","All establishment sizes",30,460,461,424,1683865,1490210,67362,289,"",1.10,0.73,0.72,0.64,0.49,0.64,0.93,0.70,"",-2,-6.2,-63,-12.0,-58,-11.2,-73,-14.7,-4590,-0.3,-6656,-0.4,-9614,-12.5,36,14.2
"36093","5","713","75","0","2016","2","","Schenectady County, New York","Private","NAICS 713 Amusements, gambling, and recreation","County, NAICS 3-digit -- by ownership sector","All establishment sizes",30,433,458,532,1951131,1089493,52063,316,"",1.08,0.62,0.62,0.64,0.45,1.01,1.09,0.71,"",-4,-11.8,-87,-16.7,-74,-13.9,-24,-4.3,-52106,-2.6,-82336,-7.0,-13820,-21.0,29,10.1
"36093","5","713","75","0","2016","3","","Schenectady County, New York","Private","NAICS 713 Amusements, gambling, and recreation","County, NAICS 3-digit -- by ownership sector","All establishment sizes",31,538,526,457,2371063,1041812,52288,360,"",1.11,0.66,0.66,0.63,0.53,1.15,1.30,0.81,"",-3,-8.8,-42,-7.2,-20,-3.7,-11,-2.4,-24375,-1.0,-110718,-9.6,-11100,-17.5,13,3.7
"36093","5","713","75","0","2016","4","","Schenectady County, New York","Private","NAICS 713 Amusements, gambling, and recreation","County, NAICS 3-digit -- by ownership sector","All establishment sizes",31,440,419,408,1768650,483438,21738,322,"",1.10,0.63,0.63,0.62,0.46,0.96,1.16,0.73,"",-3,-8.8,-80,-15.4,-63,-13.1,-64,-13.6,-185040,-9.5,-68814,-12.5,-4301,-16.5,16,5.2
"36093","5","7131","76","0","2016","1","-","Schenectady County, New York","Private","NAICS 7131 Amusement parks and arcades","County, NAICS 4-digit -- by ownership sector","All establishment sizes",0,0,0,0,0,0,0,0,"N",0.00,0,0,0,0,0,0,0,"N",0,0,0,0,0,0,0,0,0,0,0,0,0,0,0,0
"36093","5","7131","76","0","2016","2","-","Schenectady County, New York","Private","NAICS 7131 Amusement parks and arcades","County, NAICS 4-digit -- by ownership sector","All establishment sizes",0,0,0,0,0,0,0,0,"N",0.00,0,0,0,0,0,0,0,"N",0,0,0,0,0,0,0,0,0,0,0,0,0,0,0,0
"36093","5","7131","76","0","2016","3","N","Schenectady County, New York","Private","NAICS 7131 Amusement parks and arcades","County, NAICS 4-digit -- by ownership sector","All establishment sizes",1,0,0,0,0,0,0,0,"N",0.96,0,0,0,0,0,0,0,"N",1,100.0,0,0,0,0,0,0,0,0,0,0,0,0,0,0
"36093","5","7131","76","0","2016","4","N","Schenectady County, New York","Private","NAICS 7131 Amusement parks and arcades","County, NAICS 4-digit -- by ownership sector","All establishment sizes",1,0,0,0,0,0,0,0,"N",0.95,0,0,0,0,0,0,0,"N",1,100.0,0,0,0,0,0,0,0,0,0,0,0,0,0,0
"36093","5","71312","77","0","2016","1","-","Schenectady County, New York","Private","NAICS 71312 Amusement arcades","County, NAICS 5-digit -- by ownership sector","All establishment sizes",0,0,0,0,0,0,0,0,"N",0.00,0,0,0,0,0,0,0,"N",0,0,0,0,0,0,0,0,0,0,0,0,0,0,0,0
"36093","5","71312","77","0","2016","2","-","Schenectady County, New York","Private","NAICS 71312 Amusement arcades","County, NAICS 5-digit -- by ownership sector","All establishment sizes",0,0,0,0,0,0,0,0,"N",0.00,0,0,0,0,0,0,0,"N",0,0,0,0,0,0,0,0,0,0,0,0,0,0,0,0
"36093","5","71312","77","0","2016","3","N","Schenectady County, New York","Private","NAICS 71312 Amusement arcades","County, NAICS 5-digit -- by ownership sector","All establishment sizes",1,0,0,0,0,0,0,0,"N",1.44,0,0,0,0,0,0,0,"N",1,100.0,0,0,0,0,0,0,0,0,0,0,0,0,0,0
"36093","5","71312","77","0","2016","4","N","Schenectady County, New York","Private","NAICS 71312 Amusement arcades","County, NAICS 5-digit -- by ownership sector","All establishment sizes",1,0,0,0,0,0,0,0,"N",1.42,0,0,0,0,0,0,0,"N",1,100.0,0,0,0,0,0,0,0,0,0,0,0,0,0,0
"36093","5","713120","78","0","2016","1","-","Schenectady County, New York","Private","NAICS 713120 Amusement arcades","County, NAICS 6-digit -- by ownership sector","All establishment sizes",0,0,0,0,0,0,0,0,"N",0.00,0,0,0,0,0,0,0,"N",0,0,0,0,0,0,0,0,0,0,0,0,0,0,0,0
"36093","5","713120","78","0","2016","2","-","Schenectady County, New York","Private","NAICS 713120 Amusement arcades","County, NAICS 6-digit -- by ownership sector","All establishment sizes",0,0,0,0,0,0,0,0,"N",0.00,0,0,0,0,0,0,0,"N",0,0,0,0,0,0,0,0,0,0,0,0,0,0,0,0
"36093","5","713120","78","0","2016","3","N","Schenectady County, New York","Private","NAICS 713120 Amusement arcades","County, NAICS 6-digit -- by ownership sector","All establishment sizes",1,0,0,0,0,0,0,0,"N",1.44,0,0,0,0,0,0,0,"N",1,100.0,0,0,0,0,0,0,0,0,0,0,0,0,0,0
"36093","5","713120","78","0","2016","4","N","Schenectady County, New York","Private","NAICS 713120 Amusement arcades","County, NAICS 6-digit -- by ownership sector","All establishment sizes",1,0,0,0,0,0,0,0,"N",1.42,0,0,0,0,0,0,0,"N",1,100.0,0,0,0,0,0,0,0,0,0,0,0,0,0,0
"36093","5","7132","76","0","2016","1","N","Schenectady County, New York","Private","NAICS 7132 Gambling industries","County, NAICS 4-digit -- by ownership sector","All establishment sizes",1,0,0,0,0,0,0,0,"N",0.87,0,0,0,0,0,0,0,"N",0,0.0,0,0,0,0,0,0,0,0,0,0,0,0,0,0
"36093","5","7132","76","0","2016","2","N","Schenectady County, New York","Private","NAICS 7132 Gambling industries","County, NAICS 4-digit -- by ownership sector","All establishment sizes",1,0,0,0,0,0,0,0,"N",0.86,0,0,0,0,0,0,0,"N",0,0.0,0,0,0,0,0,0,0,0,0,0,0,0,0,0
"36093","5","7132","76","0","2016","3","N","Schenectady County, New York","Private","NAICS 7132 Gambling industries","County, NAICS 4-digit -- by ownership sector","All establishment sizes",1,0,0,0,0,0,0,0,"N",0.86,0,0,0,0,0,0,0,"N",0,0.0,0,0,0,0,0,0,0,0,0,0,0,0,0,0
"36093","5","7132","76","0","2016","4","N","Schenectady County, New York","Private","NAICS 7132 Gambling industries","County, NAICS 4-digit -- by ownership sector","All establishment sizes",1,0,0,0,0,0,0,0,"N",0.86,0,0,0,0,0,0,0,"N",0,0.0,0,0,0,0,0,0,0,0,0,0,0,0,0,0
"36093","5","71329","77","0","2016","1","N","Schenectady County, New York","Private","NAICS 71329 Other gambling industries","County, NAICS 5-digit -- by ownership sector","All establishment sizes",1,0,0,0,0,0,0,0,"N",0.98,0,0,0,0,0,0,0,"N",0,0.0,0,0,0,0,0,0,0,0,0,0,0,0,0,0
"36093","5","71329","77","0","2016","2","N","Schenectady County, New York","Private","NAICS 71329 Other gambling industries","County, NAICS 5-digit -- by ownership sector","All establishment sizes",1,0,0,0,0,0,0,0,"N",0.97,0,0,0,0,0,0,0,"N",0,0.0,0,0,0,0,0,0,0,0,0,0,0,0,0,0
"36093","5","71329","77","0","2016","3","N","Schenectady County, New York","Private","NAICS 71329 Other gambling industries","County, NAICS 5-digit -- by ownership sector","All establishment sizes",1,0,0,0,0,0,0,0,"N",0.97,0,0,0,0,0,0,0,"N",0,0.0,0,0,0,0,0,0,0,0,0,0,0,0,0,0
"36093","5","71329","77","0","2016","4","N","Schenectady County, New York","Private","NAICS 71329 Other gambling industries","County, NAICS 5-digit -- by ownership sector","All establishment sizes",1,0,0,0,0,0,0,0,"N",0.97,0,0,0,0,0,0,0,"N",0,0.0,0,0,0,0,0,0,0,0,0,0,0,0,0,0
"36093","5","713290","78","0","2016","1","N","Schenectady County, New York","Private","NAICS 713290 Other gambling industries","County, NAICS 6-digit -- by ownership sector","All establishment sizes",1,0,0,0,0,0,0,0,"N",0.98,0,0,0,0,0,0,0,"N",0,0.0,0,0,0,0,0,0,0,0,0,0,0,0,0,0
"36093","5","713290","78","0","2016","2","N","Schenectady County, New York","Private","NAICS 713290 Other gambling industries","County, NAICS 6-digit -- by ownership sector","All establishment sizes",1,0,0,0,0,0,0,0,"N",0.97,0,0,0,0,0,0,0,"N",0,0.0,0,0,0,0,0,0,0,0,0,0,0,0,0,0
"36093","5","713290","78","0","2016","3","N","Schenectady County, New York","Private","NAICS 713290 Other gambling industries","County, NAICS 6-digit -- by ownership sector","All establishment sizes",1,0,0,0,0,0,0,0,"N",0.97,0,0,0,0,0,0,0,"N",0,0.0,0,0,0,0,0,0,0,0,0,0,0,0,0,0
"36093","5","713290","78","0","2016","4","N","Schenectady County, New York","Private","NAICS 713290 Other gambling industries","County, NAICS 6-digit -- by ownership sector","All establishment sizes",1,0,0,0,0,0,0,0,"N",0.97,0,0,0,0,0,0,0,"N",0,0.0,0,0,0,0,0,0,0,0,0,0,0,0,0,0
"36093","5","7139","76","0","2016","1","N","Schenectady County, New York","Private","NAICS 7139 Other amusement and recreation industries","County, NAICS 4-digit -- by ownership sector","All establishment sizes",29,0,0,0,0,0,0,0,"N",1.15,0,0,0,0,0,0,0,"N",-2,-6.5,0,0,0,0,0,0,0,0,0,0,0,0,0,0
"36093","5","7139","76","0","2016","2","N","Schenectady County, New York","Private","NAICS 7139 Other amusement and recreation industries","County, NAICS 4-digit -- by ownership sector","All establishment sizes",29,0,0,0,0,0,0,0,"N",1.13,0,0,0,0,0,0,0,"N",-4,-12.1,0,0,0,0,0,0,0,0,0,0,0,0,0,0
"36093","5","7139","76","0","2016","3","","Schenectady County, New York","Private","NAICS 7139 Other amusement and recreation industries","County, NAICS 4-digit -- by ownership sector","All establishment sizes",29,510,498,433,2215691,951040,48739,355,"",1.13,0.80,0.79,0.76,0.68,1.34,1.50,0.86,"N",-4,-12.1,0,0,0,0,0,0,0,0,0,0,0,0,0,0
"36093","5","7139","76","0","2016","4","","Schenectady County, New York","Private","NAICS 7139 Other amusement and recreation industries","County, NAICS 4-digit -- by ownership sector","All establishment sizes",29,421,403,390,1695439,466494,21216,322,"",1.12,0.76,0.75,0.74,0.61,1.14,1.35,0.81,"N",-4,-12.1,0,0,0,0,0,0,0,0,0,0,0,0,0,0
"36093","5","71391","77","0","2016","1","N","Schenectady County, New York","Private","NAICS 71391 Golf courses and country clubs","County, NAICS 5-digit -- by ownership sector","All establishment sizes",5,0,0,0,0,0,0,0,"N",1.25,0,0,0,0,0,0,0,"N",0,0.0,0,0,0,0,0,0,0,0,0,0,0,0,0,0
"36093","5","71391","77","0","2016","2","","Schenectady County, New York","Private","NAICS 71391 Golf courses and country clubs","County, NAICS 5-digit -- by ownership sector","All establishment sizes",6,98,133,174,599730,426669,32895,342,"",1.49,0.61,0.73,0.84,0.50,1.35,1.68,0.69,"",1,20.0,-28,-22.2,-20,-13.1,16,10.1,-31095,-4.9,-43022,-9.2,-4996,-13.2,9,2.7
"36093","5","71391","77","0","2016","3","","Schenectady County, New York","Private","NAICS 71391 Golf courses and country clubs","County, NAICS 5-digit -- by ownership sector","All establishment sizes",6,173,166,134,790108,441585,33632,385,"",1.50,0.86,0.85,0.76,0.65,1.71,2.03,0.78,"",1,20.0,9,5.5,3,1.8,15,12.6,-40037,-4.8,-25254,-5.4,-3539,-9.5,-45,-10.5
"36093","5","71391","77","0","2016","4","N","Schenectady County, New York","Private","NAICS 71391 Golf courses and country clubs","County, NAICS 5-digit -- by ownership sector","All establishment sizes",6,0,0,0,0,0,0,0,"N",1.50,0,0,0,0,0,0,0,"N",1,20.0,0,0,0,0,0,0,0,0,0,0,0,0,0,0
"36093","5","713910","78","0","2016","1","N","Schenectady County, New York","Private","NAICS 713910 Golf courses and country clubs","County, NAICS 6-digit -- by ownership sector","All establishment sizes",5,0,0,0,0,0,0,0,"N",1.25,0,0,0,0,0,0,0,"N",0,0.0,0,0,0,0,0,0,0,0,0,0,0,0,0,0
"36093","5","713910","78","0","2016","2","","Schenectady County, New York","Private","NAICS 713910 Golf courses and country clubs","County, NAICS 6-digit -- by ownership sector","All establishment sizes",6,98,133,174,599730,426669,32895,342,"",1.49,0.61,0.73,0.84,0.50,1.35,1.68,0.69,"",1,20.0,-28,-22.2,-20,-13.1,16,10.1,-31095,-4.9,-43022,-9.2,-4996,-13.2,9,2.7
"36093","5","713910","78","0","2016","3","","Schenectady County, New York","Private","NAICS 713910 Golf courses and country clubs","County, NAICS 6-digit -- by ownership sector","All establishment sizes",6,173,166,134,790108,441585,33632,385,"",1.50,0.86,0.85,0.76,0.65,1.71,2.03,0.78,"",1,20.0,9,5.5,3,1.8,15,12.6,-40037,-4.8,-25254,-5.4,-3539,-9.5,-45,-10.5
"36093","5","713910","78","0","2016","4","N","Schenectady County, New York","Private","NAICS 713910 Golf courses and country clubs","County, NAICS 6-digit -- by ownership sector","All establishment sizes",6,0,0,0,0,0,0,0,"N",1.50,0,0,0,0,0,0,0,"N",1,20.0,0,0,0,0,0,0,0,0,0,0,0,0,0,0
"36093","5","71392","77","0","2016","1","N","Schenectady County, New York","Private","NAICS 71392 Skiing facilities","County, NAICS 5-digit -- by ownership sector","All establishment sizes",1,0,0,0,0,0,0,0,"N",7.54,0,0,0,0,0,0,0,"N",0,0.0,0,0,0,0,0,0,0,0,0,0,0,0,0,0
"36093","5","71392","77","0","2016","2","N","Schenectady County, New York","Private","NAICS 71392 Skiing facilities","County, NAICS 5-digit -- by ownership sector","All establishment sizes",1,0,0,0,0,0,0,0,"N",7.61,0,0,0,0,0,0,0,"N",0,0.0,0,0,0,0,0,0,0,0,0,0,0,0,0,0
"36093","5","71392","77","0","2016","3","N","Schenectady County, New York","Private","NAICS 71392 Skiing facilities","County, NAICS 5-digit -- by ownership sector","All establishment sizes",1,0,0,0,0,0,0,0,"N",7.68,0,0,0,0,0,0,0,"N",0,0.0,0,0,0,0,0,0,0,0,0,0,0,0,0,0
"36093","5","71392","77","0","2016","4","N","Schenectady County, New York","Private","NAICS 71392 Skiing facilities","County, NAICS 5-digit -- by ownership sector","All establishment sizes",1,0,0,0,0,0,0,0,"N",7.54,0,0,0,0,0,0,0,"N",0,0.0,0,0,0,0,0,0,0,0,0,0,0,0,0,0
"36093","5","713920","78","0","2016","1","N","Schenectady County, New York","Private","NAICS 713920 Skiing facilities","County, NAICS 6-digit -- by ownership sector","All establishment sizes",1,0,0,0,0,0,0,0,"N",7.54,0,0,0,0,0,0,0,"N",0,0.0,0,0,0,0,0,0,0,0,0,0,0,0,0,0
"36093","5","713920","78","0","2016","2","N","Schenectady County, New York","Private","NAICS 713920 Skiing facilities","County, NAICS 6-digit -- by ownership sector","All establishment sizes",1,0,0,0,0,0,0,0,"N",7.61,0,0,0,0,0,0,0,"N",0,0.0,0,0,0,0,0,0,0,0,0,0,0,0,0,0
"36093","5","713920","78","0","2016","3","N","Schenectady County, New York","Private","NAICS 713920 Skiing facilities","County, NAICS 6-digit -- by ownership sector","All establishment sizes",1,0,0,0,0,0,0,0,"N",7.68,0,0,0,0,0,0,0,"N",0,0.0,0,0,0,0,0,0,0,0,0,0,0,0,0,0
"36093","5","713920","78","0","2016","4","N","Schenectady County, New York","Private","NAICS 713920 Skiing facilities","County, NAICS 6-digit -- by ownership sector","All establishment sizes",1,0,0,0,0,0,0,0,"N",7.54,0,0,0,0,0,0,0,"N",0,0.0,0,0,0,0,0,0,0,0,0,0,0,0,0,0
"36093","5","71393","77","0","2016","1","N","Schenectady County, New York","Private","NAICS 71393 Marinas","County, NAICS 5-digit -- by ownership sector","All establishment sizes",1,0,0,0,0,0,0,0,"N",0.72,0,0,0,0,0,0,0,"N",0,0.0,0,0,0,0,0,0,0,0,0,0,0,0,0,0
"36093","5","71393","77","0","2016","2","-","Schenectady County, New York","Private","NAICS 71393 Marinas","County, NAICS 5-digit -- by ownership sector","All establishment sizes",0,0,0,0,0,0,0,0,"N",0.00,0,0,0,0,0,0,0,"N",-1,-100.0,0,0,0,0,0,0,0,0,0,0,0,0,0,0
"36093","5","71393","77","0","2016","3","-","Schenectady County, New York","Private","NAICS 71393 Marinas","County, NAICS 5-digit -- by ownership sector","All establishment sizes",0,0,0,0,0,0,0,0,"N",0.00,0,0,0,0,0,0,0,"N",-1,-100.0,0,0,0,0,0,0,0,0,0,0,0,0,0,0
"36093","5","71393","77","0","2016","4","-","Schenectady County, New York","Private","NAICS 71393 Marinas","County, NAICS 5-digit -- by ownership sector","All establishment sizes",0,0,0,0,0,0,0,0,"N",0.00,0,0,0,0,0,0,0,"N",-1,-100.0,0,0,0,0,0,0,0,0,0,0,0,0,0,0
"36093","5","713930","78","0","2016","1","N","Schenectady County, New York","Private","NAICS 713930 Marinas","County, NAICS 6-digit -- by ownership sector","All establishment sizes",1,0,0,0,0,0,0,0,"N",0.72,0,0,0,0,0,0,0,"N",0,0.0,0,0,0,0,0,0,0,0,0,0,0,0,0,0
"36093","5","713930","78","0","2016","2","-","Schenectady County, New York","Private","NAICS 713930 Marinas","County, NAICS 6-digit -- by ownership sector","All establishment sizes",0,0,0,0,0,0,0,0,"N",0.00,0,0,0,0,0,0,0,"N",-1,-100.0,0,0,0,0,0,0,0,0,0,0,0,0,0,0
"36093","5","713930","78","0","2016","3","-","Schenectady County, New York","Private","NAICS 713930 Marinas","County, NAICS 6-digit -- by ownership sector","All establishment sizes",0,0,0,0,0,0,0,0,"N",0.00,0,0,0,0,0,0,0,"N",-1,-100.0,0,0,0,0,0,0,0,0,0,0,0,0,0,0
"36093","5","713930","78","0","2016","4","-","Schenectady County, New York","Private","NAICS 713930 Marinas","County, NAICS 6-digit -- by ownership sector","All establishment sizes",0,0,0,0,0,0,0,0,"N",0.00,0,0,0,0,0,0,0,"N",-1,-100.0,0,0,0,0,0,0,0,0,0,0,0,0,0,0
"36093","5","71394","77","0","2016","1","","Schenectady County, New York","Private","NAICS 71394 Fitness and recreational sports centers","County, NAICS 5-digit -- by ownership sector","All establishment sizes",16,259,265,274,950329,816343,19666,275,"",1.36,1.05,1.06,1.09,0.97,1.22,1.10,0.91,"",-2,-11.1,-81,-23.8,-67,-20.2,-61,-18.2,-86027,-8.3,-70737,-8.0,-10159,-34.1,38,16.0
"36093","5","71394","77","0","2016","2","","Schenectady County, New York","Private","NAICS 71394 Fitness and recreational sports centers","County, NAICS 5-digit -- by ownership sector","All establishment sizes",16,273,275,311,1122481,532130,12395,302,"",1.33,1.06,1.04,1.06,0.94,1.73,1.20,0.89,"",-3,-15.8,-59,-17.8,-63,-18.6,-50,-13.9,-21357,-1.9,-19646,-3.6,-6365,-33.9,46,18.0
"36093","5","71394","77","0","2016","3","","Schenectady County, New York","Private","NAICS 71394 Fitness and recreational sports centers","County, NAICS 5-digit -- by ownership sector","All establishment sizes",16,287,281,249,1207751,434527,10157,341,"",1.32,1.01,1.00,0.96,1.00,1.72,1.25,1.01,"",-3,-15.8,-77,-21.2,-55,-16.4,-47,-15.9,-127337,-9.5,-151646,-25.9,-9472,-48.3,32,10.4
"36093","5","71394","77","0","2016","4","","Schenectady County, New York","Private","NAICS 71394 Fitness and recreational sports centers","County, NAICS 5-digit -- by ownership sector","All establishment sizes",16,241,253,254,956011,264055,6451,295,"",1.31,0.95,0.99,1.00,0.89,1.53,1.19,0.91,"",-3,-15.8,-97,-28.7,-81,-24.3,-80,-24.0,-204324,-17.6,-81419,-23.6,-4677,-42.0,29,10.9
"36093","5","713940","78","0","2016","1","","Schenectady County, New York","Private","NAICS 713940 Fitness and recreational sports centers","County, NAICS 6-digit -- by ownership sector","All establishment sizes",16,259,265,274,950329,816343,19666,275,"",1.36,1.05,1.06,1.09,0.97,1.22,1.10,0.91,"",-2,-11.1,-81,-23.8,-67,-20.2,-61,-18.2,-86027,-8.3,-70737,-8.0,-10159,-34.1,38,16.0
"36093","5","713940","78","0","2016","2","","Schenectady County, New York","Private","NAICS 713940 Fitness and recreational sports centers","County, NAICS 6-digit -- by ownership sector","All establishment sizes",16,273,275,311,1122481,532130,12395,302,"",1.33,1.06,1.04,1.06,0.94,1.73,1.20,0.89,"",-3,-15.8,-59,-17.8,-63,-18.6,-50,-13.9,-21357,-1.9,-19646,-3.6,-6365,-33.9,46,18.0
"36093","5","713940","78","0","2016","3","","Schenectady County, New York","Private","NAICS 713940 Fitness and recreational sports centers","County, NAICS 6-digit -- by ownership sector","All establishment sizes",16,287,281,249,1207751,434527,10157,341,"",1.32,1.01,1.00,0.96,1.00,1.72,1.25,1.01,"",-3,-15.8,-77,-21.2,-55,-16.4,-47,-15.9,-127337,-9.5,-151646,-25.9,-9472,-48.3,32,10.4
"36093","5","713940","78","0","2016","4","","Schenectady County, New York","Private","NAICS 713940 Fitness and recreational sports centers","County, NAICS 6-digit -- by ownership sector","All establishment sizes",16,241,253,254,956011,264055,6451,295,"",1.31,0.95,0.99,1.00,0.89,1.53,1.19,0.91,"",-3,-15.8,-97,-28.7,-81,-24.3,-80,-24.0,-204324,-17.6,-81419,-23.6,-4677,-42.0,29,10.9
"36093","5","71395","77","0","2016","1","","Schenectady County, New York","Private","NAICS 71395 Bowling centers","County, NAICS 5-digit -- by ownership sector","All establishment sizes",3,40,40,40,165601,165601,11147,318,"",2.23,1.28,1.26,1.25,1.29,1.61,3.85,1.01,"N",0,0.0,0,0,0,0,0,0,0,0,0,0,0,0,0,0
"36093","5","71395","77","0","2016","2","","Schenectady County, New York","Private","NAICS 71395 Bowling centers","County, NAICS 5-digit -- by ownership sector","All establishment sizes",3,39,30,26,120550,77983,5181,293,"",2.23,1.25,1.01,0.89,0.87,1.72,3.49,0.83,"N",0,0.0,0,0,0,0,0,0,0,0,0,0,0,0,0,0
"36093","5","71395","77","0","2016","3","N","Schenectady County, New York","Private","NAICS 71395 Bowling centers","County, NAICS 5-digit -- by ownership sector","All establishment sizes",3,0,0,0,0,0,0,0,"N",2.24,0,0,0,0,0,0,0,"N",0,0.0,0,0,0,0,0,0,0,0,0,0,0,0,0,0
"36093","5","71395","77","0","2016","4","N","Schenectady County, New York","Private","NAICS 71395 Bowling centers","County, NAICS 5-digit -- by ownership sector","All establishment sizes",3,0,0,0,0,0,0,0,"N",2.26,0,0,0,0,0,0,0,"N",0,0.0,0,0,0,0,0,0,0,0,0,0,0,0,0,0
"36093","5","713950","78","0","2016","1","","Schenectady County, New York","Private","NAICS 713950 Bowling centers","County, NAICS 6-digit -- by ownership sector","All establishment sizes",3,40,40,40,165601,165601,11147,318,"",2.23,1.28,1.26,1.25,1.29,1.61,3.85,1.01,"N",0,0.0,0,0,0,0,0,0,0,0,0,0,0,0,0,0
"36093","5","713950","78","0","2016","2","","Schenectady County, New York","Private","NAICS 713950 Bowling centers","County, NAICS 6-digit -- by ownership sector","All establishment sizes",3,39,30,26,120550,77983,5181,293,"",2.23,1.25,1.01,0.89,0.87,1.72,3.49,0.83,"N",0,0.0,0,0,0,0,0,0,0,0,0,0,0,0,0,0
"36093","5","713950","78","0","2016","3","N","Schenectady County, New York","Private","NAICS 713950 Bowling centers","County, NAICS 6-digit -- by ownership sector","All establishment sizes",3,0,0,0,0,0,0,0,"N",2.24,0,0,0,0,0,0,0,"N",0,0.0,0,0,0,0,0,0,0,0,0,0,0,0,0,0
"36093","5","713950","78","0","2016","4","N","Schenectady County, New York","Private","NAICS 713950 Bowling centers","County, NAICS 6-digit -- by ownership sector","All establishment sizes",3,0,0,0,0,0,0,0,"N",2.26,0,0,0,0,0,0,0,"N",0,0.0,0,0,0,0,0,0,0,0,0,0,0,0,0,0
"36093","5","71399","77","0","2016","1","","Schenectady County, New York","Private","NAICS 71399 All other amusement and recreation industries","County, NAICS 5-digit -- by ownership sector","All establishment sizes",3,15,15,15,53948,50848,1138,277,"",0.46,0.24,0.24,0.23,0.17,0.23,0.19,0.72,"N",0,0.0,0,0,0,0,0,0,0,0,0,0,0,0,0,0
"36093","5","71399","77","0","2016","2","","Schenectady County, New York","Private","NAICS 71399 All other amusement and recreation industries","County, NAICS 5-digit -- by ownership sector","All establishment sizes",3,17,14,14,68021,39780,949,349,"",0.45,0.23,0.18,0.15,0.16,0.33,0.21,0.86,"",-1,-25.0,6,54.5,3,27.3,3,27.3,1775,2.7,534,1.4,-38,-3.9,-114,-24.6
"36093","5","71399","77","0","2016","3","","Schenectady County, New York","Private","NAICS 71399 All other amusement and recreation industries","County, NAICS 5-digit -- by ownership sector","All establishment sizes",3,12,18,13,75491,17500,477,405,"",0.44,0.12,0.19,0.16,0.15,0.13,0.10,0.99,"",-1,-25.0,2,20.0,7,63.6,-1,-7.1,4133,5.8,-2994,-14.6,-141,-22.8,-65,-13.8
"36093","5","71399","77","0","2016","4","","Schenectady County, New York","Private","NAICS 71399 All other amusement and recreation industries","County, NAICS 5-digit -- by ownership sector","All establishment sizes",3,11,18,15,58765,8240,283,308,"",0.44,0.14,0.25,0.22,0.15,0.13,0.13,0.76,"N",-1,-25.0,0,0,0,0,0,0,0,0,0,0,0,0,0,0
"36093","5","713990","78","0","2016","1","","Schenectady County, New York","Private","NAICS 713990 All other amusement and recreation industries","County, NAICS 6-digit -- by ownership sector","All establishment sizes",3,15,15,15,53948,50848,1138,277,"",0.46,0.24,0.24,0.23,0.17,0.23,0.19,0.72,"N",0,0.0,0,0,0,0,0,0,0,0,0,0,0,0,0,0
"36093","5","713990","78","0","2016","2","","Schenectady County, New York","Private","NAICS 713990 All other amusement and recreation industries","County, NAICS 6-digit -- by ownership sector","All establishment sizes",3,17,14,14,68021,39780,949,349,"",0.45,0.23,0.18,0.15,0.16,0.33,0.21,0.86,"",-1,-25.0,6,54.5,3,27.3,3,27.3,1775,2.7,534,1.4,-38,-3.9,-114,-24.6
"36093","5","713990","78","0","2016","3","","Schenectady County, New York","Private","NAICS 713990 All other amusement and recreation industries","County, NAICS 6-digit -- by ownership sector","All establishment sizes",3,12,18,13,75491,17500,477,405,"",0.44,0.12,0.19,0.16,0.15,0.13,0.10,0.99,"",-1,-25.0,2,20.0,7,63.6,-1,-7.1,4133,5.8,-2994,-14.6,-141,-22.8,-65,-13.8
"36093","5","713990","78","0","2016","4","","Schenectady County, New York","Private","NAICS 713990 All other amusement and recreation industries","County, NAICS 6-digit -- by ownership sector","All establishment sizes",3,11,18,15,58765,8240,283,308,"",0.44,0.14,0.25,0.22,0.15,0.13,0.13,0.76,"N",-1,-25.0,0,0,0,0,0,0,0,0,0,0,0,0,0,0
"36093","5","72","74","0","2016","1","","Schenectady County, New York","Private","NAICS 72 Accommodation and food services","County, NAICS Sector -- by ownership sector","All establishment sizes",338,4447,4384,4385,18729802,17619864,469150,327,"",1.42,0.78,0.76,0.75,0.69,0.84,0.94,0.90,"",11,3.4,358,8.8,287,7.0,331,8.2,1809028,10.7,1897751,12.1,-28667,-5.8,8,2.5
"36093","5","72","74","0","2016","2","","Schenectady County, New York","Private","NAICS 72 Accommodation and food services","County, NAICS Sector -- by ownership sector","All establishment sizes",342,4773,4881,4928,21529598,14914319,412549,341,"",1.42,0.80,0.81,0.80,0.65,1.40,1.34,0.81,"",12,3.6,650,15.8,355,7.8,327,7.1,2698991,14.3,2106362,16.4,3756,0.9,13,4.0
"36093","5","72","74","0","2016","3","","Schenectady County, New York","Private","NAICS 72 Accommodation and food services","County, NAICS Sector -- by ownership sector","All establishment sizes",343,4752,4735,4700,22840216,10835732,307977,372,"",1.41,0.81,0.80,0.80,0.72,1.40,1.41,0.89,"",18,5.5,81,1.7,85,1.8,174,3.8,2921069,14.7,1165083,12.0,-5242,-1.7,40,12.0
"36093","5","72","74","0","2016","4","","Schenectady County, New York","Private","NAICS 72 Accommodation and food services","County, NAICS Sector -- by ownership sector","All establishment sizes",342,4887,4927,5013,22545737,7836969,222588,351,"",1.40,0.82,0.83,0.86,0.77,1.37,1.44,0.91,"",15,4.6,227,4.9,308,6.7,294,6.2,2180991,10.7,440909,6.0,-22665,-9.2,15,4.5
"36093","5","721","75","0","2016","1","","Schenectady County, New York","Private","NAICS 721 Accommodation","County, NAICS 3-digit -- by ownership sector","All establishment sizes",16,145,144,142,633832,618218,31219,339,"",0.67,0.18,0.17,0.17,0.10,0.15,0.26,0.60,"",3,23.1,63,76.8,61,73.5,62,77.5,254346,67.0,257003,71.1,20862,201.4,-18,-5.0
"36093","5","721","75","0","2016","2","","Schenectady County, New York","Private","NAICS 721 Accommodation","County, NAICS 3-digit -- by ownership sector","All establishment sizes",16,150,154,168,778222,623290,31089,380,"",0.66,0.18,0.18,0.18,0.11,0.33,0.49,0.60,"",2,14.3,68,82.9,72,87.8,83,97.6,382982,96.9,330155,112.6,22974,283.1,14,3.8
"36093","5","721","75","0","2016","3","","Schenectady County, New York","Private","NAICS 721 Accommodation","County, NAICS 3-digit -- by ownership sector","All establishment sizes",17,190,179,181,1278009,619004,30648,536,"",0.70,0.21,0.20,0.21,0.18,0.44,0.66,0.87,"",3,21.4,89,88.1,59,49.2,79,77.5,762151,147.7,387931,167.9,21888,249.9,167,45.3
"36093","5","721","75","0","2016","4","","Schenectady County, New York","Private","NAICS 721 Accommodation","County, NAICS 3-digit -- by ownership sector","All establishment sizes",17,191,205,264,2180654,714429,29475,762,"",0.69,0.22,0.24,0.32,0.34,0.83,1.13,1.32,"",3,21.4,67,54.0,76,58.9,116,78.4,1529578,234.9,431576,152.6,10332,54.0,387,103.2
"36093","5","7211","76","0","2016","1","N","Schenectady County, New York","Private","NAICS 7211 Traveler accommodation","County, NAICS 4-digit -- by ownership sector","All establishment sizes",14,0,0,0,0,0,0,0,"N",0.67,0,0,0,0,0,0,0,"N",2,16.7,0,0,0,0,0,0,0,0,0,0,0,0,0,0
"36093","5","7211","76","0","2016","2","N","Schenectady County, New York","Private","NAICS 7211 Traveler accommodation","County, NAICS 4-digit -- by ownership sector","All establishment sizes",14,0,0,0,0,0,0,0,"N",0.67,0,0,0,0,0,0,0,"N",2,16.7,0,0,0,0,0,0,0,0,0,0,0,0,0,0
"36093","5","7211","76","0","2016","3","N","Schenectady County, New York","Private","NAICS 7211 Traveler accommodation","County, NAICS 4-digit -- by ownership sector","All establishment sizes",15,0,0,0,0,0,0,0,"N",0.71,0,0,0,0,0,0,0,"N",3,25.0,0,0,0,0,0,0,0,0,0,0,0,0,0,0
"36093","5","7211","76","0","2016","4","N","Schenectady County, New York","Private","NAICS 7211 Traveler accommodation","County, NAICS 4-digit -- by ownership sector","All establishment sizes",15,0,0,0,0,0,0,0,"N",0.71,0,0,0,0,0,0,0,"N",3,25.0,0,0,0,0,0,0,0,0,0,0,0,0,0,0
"36093","5","72111","77","0","2016","1","N","Schenectady County, New York","Private","NAICS 72111 Hotels and motels, except casino hotels","County, NAICS 5-digit -- by ownership sector","All establishment sizes",12,0,0,0,0,0,0,0,"N",0.63,0,0,0,0,0,0,0,"N",0,0.0,0,0,0,0,0,0,0,0,0,0,0,0,0,0
"36093","5","72111","77","0","2016","2","N","Schenectady County, New York","Private","NAICS 72111 Hotels and motels, except casino hotels","County, NAICS 5-digit -- by ownership sector","All establishment sizes",12,0,0,0,0,0,0,0,"N",0.63,0,0,0,0,0,0,0,"N",0,0.0,0,0,0,0,0,0,0,0,0,0,0,0,0,0
"36093","5","72111","77","0","2016","3","","Schenectady County, New York","Private","NAICS 72111 Hotels and motels, except casino hotels","County, NAICS 5-digit -- by ownership sector","All establishment sizes",13,154,158,148,826183,425191,22158,414,"",0.68,0.22,0.22,0.21,0.15,0.43,0.66,0.69,"N",1,8.3,0,0,0,0,0,0,0,0,0,0,0,0,0,0
"36093","5","72111","77","0","2016","4","","Schenectady County, New York","Private","NAICS 72111 Hotels and motels, except casino hotels","County, NAICS 5-digit -- by ownership sector","All establishment sizes",13,150,148,142,770484,215932,8994,404,"",0.67,0.21,0.21,0.21,0.15,0.33,0.44,0.72,"N",1,8.3,0,0,0,0,0,0,0,0,0,0,0,0,0,0
"36093","5","721110","78","0","2016","1","N","Schenectady County, New York","Private","NAICS 721110 Hotels and motels, except casino hotels","County, NAICS 6-digit -- by ownership sector","All establishment sizes",12,0,0,0,0,0,0,0,"N",0.63,0,0,0,0,0,0,0,"N",0,0.0,0,0,0,0,0,0,0,0,0,0,0,0,0,0
"36093","5","721110","78","0","2016","2","N","Schenectady County, New York","Private","NAICS 721110 Hotels and motels, except casino hotels","County, NAICS 6-digit -- by ownership sector","All establishment sizes",12,0,0,0,0,0,0,0,"N",0.63,0,0,0,0,0,0,0,"N",0,0.0,0,0,0,0,0,0,0,0,0,0,0,0,0,0
"36093","5","721110","78","0","2016","3","","Schenectady County, New York","Private","NAICS 721110 Hotels and motels, except casino hotels","County, NAICS 6-digit -- by ownership sector","All establishment sizes",13,154,158,148,826183,425191,22158,414,"",0.68,0.22,0.22,0.21,0.15,0.43,0.66,0.69,"N",1,8.3,0,0,0,0,0,0,0,0,0,0,0,0,0,0
"36093","5","721110","78","0","2016","4","","Schenectady County, New York","Private","NAICS 721110 Hotels and motels, except casino hotels","County, NAICS 6-digit -- by ownership sector","All establishment sizes",13,150,148,142,770484,215932,8994,404,"",0.67,0.21,0.21,0.21,0.15,0.33,0.44,0.72,"N",1,8.3,0,0,0,0,0,0,0,0,0,0,0,0,0,0
"36093","5","72112","77","0","2016","1","N","Schenectady County, New York","Private","NAICS 72112 Casino hotels","County, NAICS 5-digit -- by ownership sector","All establishment sizes",2,0,0,0,0,0,0,0,"N",16.11,0,0,0,0,0,0,0,"N",2,100.0,0,0,0,0,0,0,0,0,0,0,0,0,0,0
"36093","5","72112","77","0","2016","2","N","Schenectady County, New York","Private","NAICS 72112 Casino hotels","County, NAICS 5-digit -- by ownership sector","All establishment sizes",2,0,0,0,0,0,0,0,"N",16.15,0,0,0,0,0,0,0,"N",2,100.0,0,0,0,0,0,0,0,0,0,0,0,0,0,0
"36093","5","72112","77","0","2016","3","N","Schenectady County, New York","Private","NAICS 72112 Casino hotels","County, NAICS 5-digit -- by ownership sector","All establishment sizes",2,0,0,0,0,0,0,0,"N",16.10,0,0,0,0,0,0,0,"N",2,100.0,0,0,0,0,0,0,0,0,0,0,0,0,0,0
"36093","5","72112","77","0","2016","4","N","Schenectady County, New York","Private","NAICS 72112 Casino hotels","County, NAICS 5-digit -- by ownership sector","All establishment sizes",2,0,0,0,0,0,0,0,"N",15.92,0,0,0,0,0,0,0,"N",2,100.0,0,0,0,0,0,0,0,0,0,0,0,0,0,0
"36093","5","721120","78","0","2016","1","N","Schenectady County, New York","Private","NAICS 721120 Casino hotels","County, NAICS 6-digit -- by ownership sector","All establishment sizes",2,0,0,0,0,0,0,0,"N",16.11,0,0,0,0,0,0,0,"N",2,100.0,0,0,0,0,0,0,0,0,0,0,0,0,0,0
"36093","5","721120","78","0","2016","2","N","Schenectady County, New York","Private","NAICS 721120 Casino hotels","County, NAICS 6-digit -- by ownership sector","All establishment sizes",2,0,0,0,0,0,0,0,"N",16.15,0,0,0,0,0,0,0,"N",2,100.0,0,0,0,0,0,0,0,0,0,0,0,0,0,0
"36093","5","721120","78","0","2016","3","N","Schenectady County, New York","Private","NAICS 721120 Casino hotels","County, NAICS 6-digit -- by ownership sector","All establishment sizes",2,0,0,0,0,0,0,0,"N",16.10,0,0,0,0,0,0,0,"N",2,100.0,0,0,0,0,0,0,0,0,0,0,0,0,0,0
"36093","5","721120","78","0","2016","4","N","Schenectady County, New York","Private","NAICS 721120 Casino hotels","County, NAICS 6-digit -- by ownership sector","All establishment sizes",2,0,0,0,0,0,0,0,"N",15.92,0,0,0,0,0,0,0,"N",2,100.0,0,0,0,0,0,0,0,0,0,0,0,0,0,0
"36093","5","7212","76","0","2016","1","N","Schenectady County, New York","Private","NAICS 7212 Rv parks and recreational camps","County, NAICS 4-digit -- by ownership sector","All establishment sizes",2,0,0,0,0,0,0,0,"N",0.80,0,0,0,0,0,0,0,"N",1,100.0,0,0,0,0,0,0,0,0,0,0,0,0,0,0
"36093","5","7212","76","0","2016","2","N","Schenectady County, New York","Private","NAICS 7212 Rv parks and recreational camps","County, NAICS 4-digit -- by ownership sector","All establishment sizes",2,0,0,0,0,0,0,0,"N",0.79,0,0,0,0,0,0,0,"N",0,0.0,0,0,0,0,0,0,0,0,0,0,0,0,0,0
"36093","5","7212","76","0","2016","3","N","Schenectady County, New York","Private","NAICS 7212 Rv parks and recreational camps","County, NAICS 4-digit -- by ownership sector","All establishment sizes",2,0,0,0,0,0,0,0,"N",0.79,0,0,0,0,0,0,0,"N",0,0.0,0,0,0,0,0,0,0,0,0,0,0,0,0,0
"36093","5","7212","76","0","2016","4","N","Schenectady County, New York","Private","NAICS 7212 Rv parks and recreational camps","County, NAICS 4-digit -- by ownership sector","All establishment sizes",2,0,0,0,0,0,0,0,"N",0.78,0,0,0,0,0,0,0,"N",0,0.0,0,0,0,0,0,0,0,0,0,0,0,0,0,0
"36093","5","72121","77","0","2016","1","N","Schenectady County, New York","Private","NAICS 72121 Rv parks and recreational camps","County, NAICS 5-digit -- by ownership sector","All establishment sizes",2,0,0,0,0,0,0,0,"N",0.80,0,0,0,0,0,0,0,"N",1,100.0,0,0,0,0,0,0,0,0,0,0,0,0,0,0
"36093","5","72121","77","0","2016","2","N","Schenectady County, New York","Private","NAICS 72121 Rv parks and recreational camps","County, NAICS 5-digit -- by ownership sector","All establishment sizes",2,0,0,0,0,0,0,0,"N",0.79,0,0,0,0,0,0,0,"N",0,0.0,0,0,0,0,0,0,0,0,0,0,0,0,0,0
"36093","5","72121","77","0","2016","3","N","Schenectady County, New York","Private","NAICS 72121 Rv parks and recreational camps","County, NAICS 5-digit -- by ownership sector","All establishment sizes",2,0,0,0,0,0,0,0,"N",0.79,0,0,0,0,0,0,0,"N",0,0.0,0,0,0,0,0,0,0,0,0,0,0,0,0,0
"36093","5","72121","77","0","2016","4","N","Schenectady County, New York","Private","NAICS 72121 Rv parks and recreational camps","County, NAICS 5-digit -- by ownership sector","All establishment sizes",2,0,0,0,0,0,0,0,"N",0.78,0,0,0,0,0,0,0,"N",0,0.0,0,0,0,0,0,0,0,0,0,0,0,0,0,0
"36093","5","721211","78","0","2016","1","N","Schenectady County, New York","Private","NAICS 721211 Rv parks and campgrounds","County, NAICS 6-digit -- by ownership sector","All establishment sizes",1,0,0,0,0,0,0,0,"N",0.66,0,0,0,0,0,0,0,"N",1,100.0,0,0,0,0,0,0,0,0,0,0,0,0,0,0
"36093","5","721211","78","0","2016","2","N","Schenectady County, New York","Private","NAICS 721211 Rv parks and campgrounds","County, NAICS 6-digit -- by ownership sector","All establishment sizes",1,0,0,0,0,0,0,0,"N",0.65,0,0,0,0,0,0,0,"N",0,0.0,0,0,0,0,0,0,0,0,0,0,0,0,0,0
"36093","5","721211","78","0","2016","3","N","Schenectady County, New York","Private","NAICS 721211 Rv parks and campgrounds","County, NAICS 6-digit -- by ownership sector","All establishment sizes",1,0,0,0,0,0,0,0,"N",0.64,0,0,0,0,0,0,0,"N",0,0.0,0,0,0,0,0,0,0,0,0,0,0,0,0,0
"36093","5","721211","78","0","2016","4","N","Schenectady County, New York","Private","NAICS 721211 Rv parks and campgrounds","County, NAICS 6-digit -- by ownership sector","All establishment sizes",1,0,0,0,0,0,0,0,"N",0.64,0,0,0,0,0,0,0,"N",0,0.0,0,0,0,0,0,0,0,0,0,0,0,0,0,0
"36093","5","721214","78","0","2016","1","N","Schenectady County, New York","Private","NAICS 721214 Recreational and vacation camps","County, NAICS 6-digit -- by ownership sector","All establishment sizes",1,0,0,0,0,0,0,0,"N",1.04,0,0,0,0,0,0,0,"N",0,0.0,0,0,0,0,0,0,0,0,0,0,0,0,0,0
"36093","5","721214","78","0","2016","2","N","Schenectady County, New York","Private","NAICS 721214 Recreational and vacation camps","County, NAICS 6-digit -- by ownership sector","All establishment sizes",1,0,0,0,0,0,0,0,"N",1.02,0,0,0,0,0,0,0,"N",0,0.0,0,0,0,0,0,0,0,0,0,0,0,0,0,0
"36093","5","721214","78","0","2016","3","N","Schenectady County, New York","Private","NAICS 721214 Recreational and vacation camps","County, NAICS 6-digit -- by ownership sector","All establishment sizes",1,0,0,0,0,0,0,0,"N",1.02,0,0,0,0,0,0,0,"N",0,0.0,0,0,0,0,0,0,0,0,0,0,0,0,0,0
"36093","5","721214","78","0","2016","4","N","Schenectady County, New York","Private","NAICS 721214 Recreational and vacation camps","County, NAICS 6-digit -- by ownership sector","All establishment sizes",1,0,0,0,0,0,0,0,"N",1.02,0,0,0,0,0,0,0,"N",0,0.0,0,0,0,0,0,0,0,0,0,0,0,0,0,0
"36093","5","722","75","0","2016","1","","Schenectady County, New York","Private","NAICS 722 Food services and drinking places","County, NAICS 3-digit -- by ownership sector","All establishment sizes",322,4302,4240,4243,18095970,17001646,437931,327,"",1.50,0.88,0.86,0.85,0.86,1.01,1.16,1.00,"",8,2.5,295,7.4,226,5.6,269,6.8,1554682,9.4,1640748,10.7,-49529,-10.2,9,2.8
"36093","5","722","75","0","2016","2","","Schenectady County, New York","Private","NAICS 722 Food services and drinking places","County, NAICS 3-digit -- by ownership sector","All establishment sizes",326,4623,4727,4760,20751376,14291029,381460,339,"",1.50,0.91,0.92,0.91,0.80,1.64,1.56,0.88,"",10,3.2,582,14.4,283,6.4,244,5.4,2316009,12.6,1776207,14.2,-19218,-4.8,12,3.7
"36093","5","722","75","0","2016","3","","Schenectady County, New York","Private","NAICS 722 Food services and drinking places","County, NAICS 3-digit -- by ownership sector","All establishment sizes",326,4562,4556,4519,21562207,10216728,277329,365,"",1.49,0.92,0.91,0.90,0.87,1.62,1.62,0.96,"",15,4.8,-8,-0.2,26,0.6,95,2.1,2158918,11.1,777152,8.2,-27130,-8.9,34,10.3
"36093","5","722","75","0","2016","4","","Schenectady County, New York","Private","NAICS 722 Food services and drinking places","County, NAICS 3-digit -- by ownership sector","All establishment sizes",325,4696,4722,4749,20365083,7122540,193113,332,"",1.48,0.92,0.93,0.95,0.88,1.46,1.50,0.94,"",12,3.8,160,3.5,232,5.2,178,3.9,651413,3.3,9333,0.1,-32997,-14.6,-3,-0.9
"36093","5","7223","76","0","2016","1","","Schenectady County, New York","Private","NAICS 7223 Special food services","County, NAICS 4-digit -- by ownership sector","All establishment sizes",29,421,408,405,2576429,2253008,85541,482,"",2.22,1.54,1.41,1.38,1.57,1.85,1.43,1.09,"",4,16.0,59,16.3,18,4.6,61,17.7,-176094,-6.4,31993,1.4,-17331,-16.8,-98,-16.9
"36093","5","7223","76","0","2016","2","","Schenectady County, New York","Private","NAICS 7223 Special food services","County, NAICS 4-digit -- by ownership sector","All establishment sizes",29,434,427,477,3022810,1353271,52203,521,"",2.18,1.40,1.40,1.68,1.48,2.42,1.50,0.99,"",3,11.5,68,18.6,-4,-0.9,9,1.9,12081,0.4,5206,0.4,-11154,-17.6,-28,-5.1
"36093","5","7223","76","0","2016","3","","Schenectady County, New York","Private","NAICS 7223 Special food services","County, NAICS 4-digit -- by ownership sector","All establishment sizes",31,446,473,467,3420804,981717,34968,570,"",2.31,1.77,1.73,1.46,1.84,2.84,1.78,1.12,"",5,19.2,-6,-1.3,18,4.0,11,2.4,161770,5.0,87974,9.8,-5287,-13.1,18,3.3
"36093","5","7223","76","0","2016","4","","Schenectady County, New York","Private","NAICS 7223 Special food services","County, NAICS 4-digit -- by ownership sector","All establishment sizes",31,462,457,480,3384844,712109,27331,558,"",2.30,1.45,1.46,1.59,1.69,2.30,1.46,1.13,"",2,6.9,30,6.9,26,6.0,10,2.1,-89169,-2.6,1001,0.1,-6251,-18.6,-43,-7.2
"36093","5","72231","77","0","2016","1","N","Schenectady County, New York","Private","NAICS 72231 Food service contractors","County, NAICS 5-digit -- by ownership sector","All establishment sizes",19,0,0,0,0,0,0,0,"N",2.52,0,0,0,0,0,0,0,"N",3,18.8,0,0,0,0,0,0,0,0,0,0,0,0,0,0
"36093","5","72231","77","0","2016","2","N","Schenectady County, New York","Private","NAICS 72231 Food service contractors","County, NAICS 5-digit -- by ownership sector","All establishment sizes",19,0,0,0,0,0,0,0,"N",2.50,0,0,0,0,0,0,0,"N",3,18.8,0,0,0,0,0,0,0,0,0,0,0,0,0,0
"36093","5","72231","77","0","2016","3","N","Schenectady County, New York","Private","NAICS 72231 Food service contractors","County, NAICS 5-digit -- by ownership sector","All establishment sizes",21,0,0,0,0,0,0,0,"N",2.76,0,0,0,0,0,0,0,"N",5,31.2,0,0,0,0,0,0,0,0,0,0,0,0,0,0
"36093","5","72231","77","0","2016","4","N","Schenectady County, New York","Private","NAICS 72231 Food service contractors","County, NAICS 5-digit -- by ownership sector","All establishment sizes",21,0,0,0,0,0,0,0,"N",2.77,0,0,0,0,0,0,0,"N",3,16.7,0,0,0,0,0,0,0,0,0,0,0,0,0,0
"36093","5","722310","78","0","2016","1","N","Schenectady County, New York","Private","NAICS 722310 Food service contractors","County, NAICS 6-digit -- by ownership sector","All establishment sizes",19,0,0,0,0,0,0,0,"N",2.52,0,0,0,0,0,0,0,"N",3,18.8,0,0,0,0,0,0,0,0,0,0,0,0,0,0
"36093","5","722310","78","0","2016","2","N","Schenectady County, New York","Private","NAICS 722310 Food service contractors","County, NAICS 6-digit -- by ownership sector","All establishment sizes",19,0,0,0,0,0,0,0,"N",2.50,0,0,0,0,0,0,0,"N",3,18.8,0,0,0,0,0,0,0,0,0,0,0,0,0,0
"36093","5","722310","78","0","2016","3","N","Schenectady County, New York","Private","NAICS 722310 Food service contractors","County, NAICS 6-digit -- by ownership sector","All establishment sizes",21,0,0,0,0,0,0,0,"N",2.76,0,0,0,0,0,0,0,"N",5,31.2,0,0,0,0,0,0,0,0,0,0,0,0,0,0
"36093","5","722310","78","0","2016","4","N","Schenectady County, New York","Private","NAICS 722310 Food service contractors","County, NAICS 6-digit -- by ownership sector","All establishment sizes",21,0,0,0,0,0,0,0,"N",2.77,0,0,0,0,0,0,0,"N",3,16.7,0,0,0,0,0,0,0,0,0,0,0,0,0,0
"36093","5","72232","77","0","2016","1","","Schenectady County, New York","Private","NAICS 72232 Caterers","County, NAICS 5-digit -- by ownership sector","All establishment sizes",7,199,214,207,1153703,1035064,30030,429,"",1.66,3.00,3.15,2.90,3.32,4.06,3.31,1.10,"",1,16.7,32,19.2,4,1.9,40,24.0,-257731,-18.3,-62876,-5.7,-15031,-33.4,-170,-28.4
"36093","5","72232","77","0","2016","2","","Schenectady County, New York","Private","NAICS 72232 Caterers","County, NAICS 5-digit -- by ownership sector","All establishment sizes",7,209,211,256,1423491,706782,21073,486,"",1.64,2.71,2.59,3.05,2.94,5.26,3.51,1.06,"",0,0.0,40,23.7,-24,-10.2,-19,-6.9,-102171,-6.7,-20577,-2.8,-8967,-29.9,-33,-6.4
"36093","5","72232","77","0","2016","3","","Schenectady County, New York","Private","NAICS 72232 Caterers","County, NAICS 5-digit -- by ownership sector","All establishment sizes",7,242,262,231,1789593,555857,17305,562,"",1.62,3.21,3.39,2.80,3.94,6.00,4.37,1.26,"",0,0.0,-21,-8.0,-1,-0.4,-17,-6.9,97691,5.8,24175,4.5,-4819,-21.8,58,11.5
"36093","5","72232","77","0","2016","4","","Schenectady County, New York","Private","NAICS 72232 Caterers","County, NAICS 5-digit -- by ownership sector","All establishment sizes",7,233,220,236,1461171,310629,9435,489,"",1.61,2.79,2.74,2.92,3.09,4.00,2.89,1.09,"",0,0.0,12,5.4,13,6.3,-9,-3.7,-169288,-10.4,-30804,-9.0,-4538,-32.5,-70,-12.5
"36093","5","722320","78","0","2016","1","","Schenectady County, New York","Private","NAICS 722320 Caterers","County, NAICS 6-digit -- by ownership sector","All establishment sizes",7,199,214,207,1153703,1035064,30030,429,"",1.66,3.00,3.15,2.90,3.32,4.06,3.31,1.10,"",1,16.7,32,19.2,4,1.9,40,24.0,-257731,-18.3,-62876,-5.7,-15031,-33.4,-170,-28.4
"36093","5","722320","78","0","2016","2","","Schenectady County, New York","Private","NAICS 722320 Caterers","County, NAICS 6-digit -- by ownership sector","All establishment sizes",7,209,211,256,1423491,706782,21073,486,"",1.64,2.71,2.59,3.05,2.94,5.26,3.51,1.06,"",0,0.0,40,23.7,-24,-10.2,-19,-6.9,-102171,-6.7,-20577,-2.8,-8967,-29.9,-33,-6.4
"36093","5","722320","78","0","2016","3","","Schenectady County, New York","Private","NAICS 722320 Caterers","County, NAICS 6-digit -- by ownership sector","All establishment sizes",7,242,262,231,1789593,555857,17305,562,"",1.62,3.21,3.39,2.80,3.94,6.00,4.37,1.26,"",0,0.0,-21,-8.0,-1,-0.4,-17,-6.9,97691,5.8,24175,4.5,-4819,-21.8,58,11.5
"36093","5","722320","78","0","2016","4","","Schenectady County, New York","Private","NAICS 722320 Caterers","County, NAICS 6-digit -- by ownership sector","All establishment sizes",7,233,220,236,1461171,310629,9435,489,"",1.61,2.79,2.74,2.92,3.09,4.00,2.89,1.09,"",0,0.0,12,5.4,13,6.3,-9,-3.7,-169288,-10.4,-30804,-9.0,-4538,-32.5,-70,-12.5
"36093","5","72233","77","0","2016","1","N","Schenectady County, New York","Private","NAICS 72233 Mobile food services","County, NAICS 5-digit -- by ownership sector","All establishment sizes",3,0,0,0,0,0,0,0,"N",2.23,0,0,0,0,0,0,0,"N",0,0.0,0,0,0,0,0,0,0,0,0,0,0,0,0,0
"36093","5","72233","77","0","2016","2","N","Schenectady County, New York","Private","NAICS 72233 Mobile food services","County, NAICS 5-digit -- by ownership sector","All establishment sizes",3,0,0,0,0,0,0,0,"N",2.08,0,0,0,0,0,0,0,"N",0,0.0,0,0,0,0,0,0,0,0,0,0,0,0,0,0
"36093","5","72233","77","0","2016","3","N","Schenectady County, New York","Private","NAICS 72233 Mobile food services","County, NAICS 5-digit -- by ownership sector","All establishment sizes",3,0,0,0,0,0,0,0,"N",1.99,0,0,0,0,0,0,0,"N",0,0.0,0,0,0,0,0,0,0,0,0,0,0,0,0,0
"36093","5","72233","77","0","2016","4","N","Schenectady County, New York","Private","NAICS 72233 Mobile food services","County, NAICS 5-digit -- by ownership sector","All establishment sizes",3,0,0,0,0,0,0,0,"N",1.94,0,0,0,0,0,0,0,"N",-1,-25.0,0,0,0,0,0,0,0,0,0,0,0,0,0,0
"36093","5","722330","78","0","2016","1","N","Schenectady County, New York","Private","NAICS 722330 Mobile food services","County, NAICS 6-digit -- by ownership sector","All establishment sizes",3,0,0,0,0,0,0,0,"N",2.23,0,0,0,0,0,0,0,"N",0,0.0,0,0,0,0,0,0,0,0,0,0,0,0,0,0
"36093","5","722330","78","0","2016","2","N","Schenectady County, New York","Private","NAICS 722330 Mobile food services","County, NAICS 6-digit -- by ownership sector","All establishment sizes",3,0,0,0,0,0,0,0,"N",2.08,0,0,0,0,0,0,0,"N",0,0.0,0,0,0,0,0,0,0,0,0,0,0,0,0,0
"36093","5","722330","78","0","2016","3","N","Schenectady County, New York","Private","NAICS 722330 Mobile food services","County, NAICS 6-digit -- by ownership sector","All establishment sizes",3,0,0,0,0,0,0,0,"N",1.99,0,0,0,0,0,0,0,"N",0,0.0,0,0,0,0,0,0,0,0,0,0,0,0,0,0
"36093","5","722330","78","0","2016","4","N","Schenectady County, New York","Private","NAICS 722330 Mobile food services","County, NAICS 6-digit -- by ownership sector","All establishment sizes",3,0,0,0,0,0,0,0,"N",1.94,0,0,0,0,0,0,0,"N",-1,-25.0,0,0,0,0,0,0,0,0,0,0,0,0,0,0
"36093","5","7224","76","0","2016","1","","Schenectady County, New York","Private","NAICS 7224 Drinking places, alcoholic beverages","County, NAICS 4-digit -- by ownership sector","All establishment sizes",23,151,150,150,471324,448823,11368,241,"",1.52,0.93,0.90,0.89,0.70,0.82,0.89,0.77,"",0,0.0,16,11.9,14,10.3,13,9.5,26849,6.0,8348,1.9,-4511,-28.4,-10,-4.0
"36093","5","7224","76","0","2016","2","","Schenectady County, New York","Private","NAICS 7224 Drinking places, alcoholic beverages","County, NAICS 4-digit -- by ownership sector","All establishment sizes",25,160,150,145,512413,421439,10560,260,"",1.64,0.94,0.87,0.82,0.62,1.44,1.20,0.70,"",2,8.7,21,15.1,17,12.8,18,14.2,73516,16.8,71887,20.6,-2307,-17.9,6,2.4
"36093","5","7224","76","0","2016","3","","Schenectady County, New York","Private","NAICS 7224 Drinking places, alcoholic beverages","County, NAICS 4-digit -- by ownership sector","All establishment sizes",27,147,178,206,627994,441409,13307,273,"",1.77,0.87,1.05,1.21,0.78,2.00,2.01,0.75,"",5,22.7,9,6.5,44,32.8,71,52.6,209868,50.2,203785,85.8,4696,54.5,36,15.2
"36093","5","7224","76","0","2016","4","","Schenectady County, New York","Private","NAICS 7224 Drinking places, alcoholic beverages","County, NAICS 4-digit -- by ownership sector","All establishment sizes",28,221,218,204,661790,433972,14495,238,"",1.84,1.28,1.27,1.22,0.89,2.51,3.00,0.71,"",6,27.3,79,55.6,76,53.5,64,45.7,211138,46.9,258648,147.5,8165,129.0,-7,-2.9
"36093","5","72241","77","0","2016","1","","Schenectady County, New York","Private","NAICS 72241 Drinking places, alcoholic beverages","County, NAICS 5-digit -- by ownership sector","All establishment sizes",23,151,150,150,471324,448823,11368,241,"",1.52,0.93,0.90,0.89,0.70,0.82,0.89,0.77,"",0,0.0,16,11.9,14,10.3,13,9.5,26849,6.0,8348,1.9,-4511,-28.4,-10,-4.0
"36093","5","72241","77","0","2016","2","","Schenectady County, New York","Private","NAICS 72241 Drinking places, alcoholic beverages","County, NAICS 5-digit -- by ownership sector","All establishment sizes",25,160,150,145,512413,421439,10560,260,"",1.64,0.94,0.87,0.82,0.62,1.44,1.20,0.70,"",2,8.7,21,15.1,17,12.8,18,14.2,73516,16.8,71887,20.6,-2307,-17.9,6,2.4
"36093","5","72241","77","0","2016","3","","Schenectady County, New York","Private","NAICS 72241 Drinking places, alcoholic beverages","County, NAICS 5-digit -- by ownership sector","All establishment sizes",27,147,178,206,627994,441409,13307,273,"",1.77,0.87,1.05,1.21,0.78,2.00,2.01,0.75,"",5,22.7,9,6.5,44,32.8,71,52.6,209868,50.2,203785,85.8,4696,54.5,36,15.2
"36093","5","72241","77","0","2016","4","","Schenectady County, New York","Private","NAICS 72241 Drinking places, alcoholic beverages","County, NAICS 5-digit -- by ownership sector","All establishment sizes",28,221,218,204,661790,433972,14495,238,"",1.84,1.28,1.27,1.22,0.89,2.51,3.00,0.71,"",6,27.3,79,55.6,76,53.5,64,45.7,211138,46.9,258648,147.5,8165,129.0,-7,-2.9
"36093","5","722410","78","0","2016","1","","Schenectady County, New York","Private","NAICS 722410 Drinking places, alcoholic beverages","County, NAICS 6-digit -- by ownership sector","All establishment sizes",23,151,150,150,471324,448823,11368,241,"",1.52,0.93,0.90,0.89,0.70,0.82,0.89,0.77,"",0,0.0,16,11.9,14,10.3,13,9.5,26849,6.0,8348,1.9,-4511,-28.4,-10,-4.0
"36093","5","722410","78","0","2016","2","","Schenectady County, New York","Private","NAICS 722410 Drinking places, alcoholic beverages","County, NAICS 6-digit -- by ownership sector","All establishment sizes",25,160,150,145,512413,421439,10560,260,"",1.64,0.94,0.87,0.82,0.62,1.44,1.20,0.70,"",2,8.7,21,15.1,17,12.8,18,14.2,73516,16.8,71887,20.6,-2307,-17.9,6,2.4
"36093","5","722410","78","0","2016","3","","Schenectady County, New York","Private","NAICS 722410 Drinking places, alcoholic beverages","County, NAICS 6-digit -- by ownership sector","All establishment sizes",27,147,178,206,627994,441409,13307,273,"",1.77,0.87,1.05,1.21,0.78,2.00,2.01,0.75,"",5,22.7,9,6.5,44,32.8,71,52.6,209868,50.2,203785,85.8,4696,54.5,36,15.2
"36093","5","722410","78","0","2016","4","","Schenectady County, New York","Private","NAICS 722410 Drinking places, alcoholic beverages","County, NAICS 6-digit -- by ownership sector","All establishment sizes",28,221,218,204,661790,433972,14495,238,"",1.84,1.28,1.27,1.22,0.89,2.51,3.00,0.71,"",6,27.3,79,55.6,76,53.5,64,45.7,211138,46.9,258648,147.5,8165,129.0,-7,-2.9
"36093","5","7225","76","0","2016","1","","Schenectady County, New York","Private","NAICS 7225 Restaurants and other eating places","County, NAICS 4-digit -- by ownership sector","All establishment sizes",270,3730,3682,3688,15048217,14299815,341022,313,"",1.45,0.84,0.82,0.81,0.80,0.95,1.12,0.97,"",4,1.5,220,6.3,194,5.6,195,5.6,1703927,12.8,1600407,12.6,-27687,-7.5,19,6.5
"36093","5","7225","76","0","2016","2","","Schenectady County, New York","Private","NAICS 7225 Restaurants and other eating places","County, NAICS 4-digit -- by ownership sector","All establishment sizes",272,4029,4150,4138,17216153,12516319,318697,323,"",1.44,0.87,0.89,0.86,0.75,1.59,1.59,0.86,"",5,1.9,493,13.9,270,7.0,217,5.5,2230412,14.9,1699114,15.7,-5757,-1.8,18,5.9
"36093","5","7225","76","0","2016","3","","Schenectady County, New York","Private","NAICS 7225 Restaurants and other eating places","County, NAICS 4-digit -- by ownership sector","All establishment sizes",268,3969,3905,3846,17513409,8793602,229054,345,"",1.41,0.87,0.85,0.85,0.79,1.54,1.58,0.92,"",5,1.9,-11,-0.3,-36,-0.9,13,0.3,1787280,11.4,485393,5.8,-26539,-10.4,36,11.7
"36093","5","7225","76","0","2016","4","","Schenectady County, New York","Private","NAICS 7225 Restaurants and other eating places","County, NAICS 4-digit -- by ownership sector","All establishment sizes",266,4013,4047,4065,16318449,5976459,151287,311,"",1.39,0.87,0.88,0.90,0.80,1.36,1.44,0.91,"",4,1.5,51,1.3,130,3.3,104,2.6,529444,3.4,-250316,-4.0,-34911,-18.7,3,1.0
"36093","5","72251","77","0","2016","1","","Schenectady County, New York","Private","NAICS 72251 Restaurants and other eating places","County, NAICS 5-digit -- by ownership sector","All establishment sizes",270,3730,3682,3688,15048217,14299815,341022,313,"",1.45,0.84,0.82,0.81,0.80,0.95,1.12,0.97,"",4,1.5,220,6.3,194,5.6,195,5.6,1703927,12.8,1600407,12.6,-27687,-7.5,19,6.5
"36093","5","72251","77","0","2016","2","","Schenectady County, New York","Private","NAICS 72251 Restaurants and other eating places","County, NAICS 5-digit -- by ownership sector","All establishment sizes",272,4029,4150,4138,17216153,12516319,318697,323,"",1.44,0.87,0.89,0.86,0.75,1.59,1.59,0.86,"",5,1.9,493,13.9,270,7.0,217,5.5,2230412,14.9,1699114,15.7,-5757,-1.8,18,5.9
"36093","5","72251","77","0","2016","3","","Schenectady County, New York","Private","NAICS 72251 Restaurants and other eating places","County, NAICS 5-digit -- by ownership sector","All establishment sizes",268,3969,3905,3846,17513409,8793602,229054,345,"",1.41,0.87,0.85,0.85,0.79,1.54,1.58,0.92,"",5,1.9,-11,-0.3,-36,-0.9,13,0.3,1787280,11.4,485393,5.8,-26539,-10.4,36,11.7
"36093","5","72251","77","0","2016","4","","Schenectady County, New York","Private","NAICS 72251 Restaurants and other eating places","County, NAICS 5-digit -- by ownership sector","All establishment sizes",266,4013,4047,4065,16318449,5976459,151287,311,"",1.39,0.87,0.88,0.90,0.80,1.36,1.44,0.91,"",4,1.5,51,1.3,130,3.3,104,2.6,529444,3.4,-250316,-4.0,-34911,-18.7,3,1.0
"36093","5","722511","78","0","2016","1","","Schenectady County, New York","Private","NAICS 722511 Full-service restaurants","County, NAICS 6-digit -- by ownership sector","All establishment sizes",119,1630,1573,1599,7025405,6821583,150080,338,"",1.43,0.71,0.68,0.68,0.64,0.78,0.81,0.92,"",2,1.7,87,5.6,5,0.3,60,3.9,726980,11.5,742508,12.2,-17840,-10.6,25,8.0
"36093","5","722511","78","0","2016","2","","Schenectady County, New York","Private","NAICS 722511 Full-service restaurants","County, NAICS 6-digit -- by ownership sector","All establishment sizes",120,1747,1825,1840,8331448,6193641,150517,355,"",1.42,0.73,0.76,0.74,0.62,1.42,1.30,0.83,"",3,2.6,185,11.8,7,0.4,37,2.1,1160288,16.2,859104,16.1,-2640,-1.7,36,11.3
"36093","5","722511","78","0","2016","3","","Schenectady County, New York","Private","NAICS 722511 Full-service restaurants","County, NAICS 6-digit -- by ownership sector","All establishment sizes",119,1754,1699,1642,8066953,3757027,97294,365,"",1.40,0.74,0.72,0.70,0.62,1.22,1.17,0.86,"",3,2.6,10,0.6,-21,-1.2,-33,-2.0,855694,11.9,267438,7.7,-5265,-5.1,41,12.7
"36093","5","722511","78","0","2016","4","","Schenectady County, New York","Private","NAICS 722511 Full-service restaurants","County, NAICS 6-digit -- by ownership sector","All establishment sizes",116,1603,1583,1628,7297336,2466472,60391,350,"",1.36,0.68,0.67,0.70,0.62,1.07,1.04,0.91,"",-3,-2.5,-75,-4.5,-51,-3.1,-29,-1.8,-38237,-0.5,-261855,-9.6,-19521,-24.4,9,2.6
"36093","5","722513","78","0","2016","1","","Schenectady County, New York","Private","NAICS 722513 Limited-service restaurants","County, NAICS 6-digit -- by ownership sector","All establishment sizes",120,1502,1523,1504,6121083,5745439,151878,312,"",1.48,0.82,0.83,0.81,0.94,1.10,1.57,1.15,"",1,0.8,46,3.2,107,7.6,76,5.3,673202,12.4,581573,11.3,-7606,-4.8,20,6.8
"36093","5","722513","78","0","2016","2","","Schenectady County, New York","Private","NAICS 722513 Limited-service restaurants","County, NAICS 6-digit -- by ownership sector","All establishment sizes",121,1625,1649,1622,6833900,4886262,135915,322,"",1.48,0.85,0.86,0.83,0.86,1.64,1.98,1.02,"",2,1.7,173,11.9,151,10.1,108,7.1,858547,14.4,681516,16.2,1166,0.9,13,4.2
"36093","5","722513","78","0","2016","3","","Schenectady County, New York","Private","NAICS 722513 Limited-service restaurants","County, NAICS 6-digit -- by ownership sector","All establishment sizes",118,1590,1595,1570,7282738,3904802,106490,353,"",1.43,0.85,0.85,0.84,0.95,1.76,2.12,1.12,"",2,1.7,-77,-4.6,-25,-1.5,38,2.5,760730,11.7,240645,6.6,-13478,-11.2,41,13.1
"36093","5","722513","78","0","2016","4","","Schenectady County, New York","Private","NAICS 722513 Limited-service restaurants","County, NAICS 6-digit -- by ownership sector","All establishment sizes",119,1557,1602,1549,6909662,2721855,73090,339,"",1.43,0.82,0.84,0.83,0.97,1.55,1.90,1.17,"",7,6.2,28,1.8,92,6.1,36,2.4,601398,9.5,125240,4.8,-7029,-8.8,19,5.9
"36093","5","722514","78","0","2016","1","","Schenectady County, New York","Private","NAICS 722514 Cafeterias, grill buffets, and buffets","County, NAICS 6-digit -- by ownership sector","All establishment sizes",4,41,40,40,202662,186865,4357,387,"",1.67,0.78,0.75,0.76,0.93,1.08,1.11,1.21,"N",0,0.0,0,0,0,0,0,0,0,0,0,0,0,0,0,0
"36093","5","722514","78","0","2016","2","","Schenectady County, New York","Private","NAICS 722514 Cafeterias, grill buffets, and buffets","County, NAICS 6-digit -- by ownership sector","All establishment sizes",4,44,45,45,206765,123214,2726,356,"",1.68,0.84,0.86,0.86,0.82,1.44,1.09,0.97,"N",0,0.0,0,0,0,0,0,0,0,0,0,0,0,0,0,0
"36093","5","722514","78","0","2016","3","","Schenectady County, New York","Private","NAICS 722514 Cafeterias, grill buffets, and buffets","County, NAICS 6-digit -- by ownership sector","All establishment sizes",4,40,39,40,206791,86525,1870,401,"",1.68,0.82,0.79,0.81,0.88,1.51,1.18,1.09,"",0,0.0,6,17.6,4,11.4,-3,-7.0,2040,1.0,-2351,-2.6,-745,-28.5,-21,-5.0
"36093","5","722514","78","0","2016","4","","Schenectady County, New York","Private","NAICS 722514 Cafeterias, grill buffets, and buffets","County, NAICS 6-digit -- by ownership sector","All establishment sizes",4,39,40,39,220724,63251,1390,432,"",1.69,0.78,0.80,0.79,1.01,1.46,1.14,1.28,"N",0,0.0,0,0,0,0,0,0,0,0,0,0,0,0,0,0
"36093","5","722515","78","0","2016","1","","Schenectady County, New York","Private","NAICS 722515 Snack and nonalcoholic beverage bars","County, NAICS 6-digit -- by ownership sector","All establishment sizes",27,557,546,545,1699067,1545928,34707,238,"",1.41,2.14,2.07,2.00,1.71,1.95,1.94,0.82,"N",1,3.8,0,0,0,0,0,0,0,0,0,0,0,0,0,0
"36093","5","722515","78","0","2016","2","","Schenectady County, New York","Private","NAICS 722515 Snack and nonalcoholic beverage bars","County, NAICS 6-digit -- by ownership sector","All establishment sizes",27,613,631,631,1844040,1313202,29539,227,"",1.38,2.15,2.15,2.07,1.44,2.76,2.16,0.68,"N",0,0.0,0,0,0,0,0,0,0,0,0,0,0,0,0,0
"36093","5","722515","78","0","2016","3","","Schenectady County, New York","Private","NAICS 722515 Snack and nonalcoholic beverage bars","County, NAICS 6-digit -- by ownership sector","All establishment sizes",27,585,572,594,1956927,1045248,23400,258,"",1.36,2.00,1.95,2.08,1.53,2.82,2.24,0.76,"",0,0.0,50,9.3,6,1.1,11,1.9,168816,9.4,-20339,-1.9,-7051,-23.2,13,5.3
"36093","5","722515","78","0","2016","4","","Schenectady County, New York","Private","NAICS 722515 Snack and nonalcoholic beverage bars","County, NAICS 6-digit -- by ownership sector","All establishment sizes",27,814,822,849,1890727,724881,16416,176,"",1.35,2.84,2.89,3.04,1.58,2.61,2.14,0.54,"N",0,0.0,0,0,0,0,0,0,0,0,0,0,0,0,0,0
"36093","5","81","74","0","2016","1","","Schenectady County, New York","Private","NAICS 81 Other services, except public administration","County, NAICS Sector -- by ownership sector","All establishment sizes",338,1826,1782,1747,11159491,7197531,213348,481,"",1.16,0.96,0.92,0.90,0.68,0.76,0.82,0.74,"",3,0.9,-34,-1.8,-80,-4.3,-126,-6.7,-940868,-7.8,-437827,-5.7,-94883,-30.8,-18,-3.6
"36093","5","81","74","0","2016","2","","Schenectady County, New York","Private","NAICS 81 Other services, except public administration","County, NAICS Sector -- by ownership sector","All establishment sizes",342,1804,1807,1797,12097318,3311861,97288,516,"",1.16,0.92,0.92,0.89,0.63,1.05,0.99,0.69,"",11,3.3,-49,-2.6,-129,-6.7,-73,-3.9,-1205610,-9.1,-483166,-12.7,-34332,-26.1,-26,-4.8
"36093","5","81","74","0","2016","3","","Schenectady County, New York","Private","NAICS 81 Other services, except public administration","County, NAICS Sector -- by ownership sector","All establishment sizes",345,1887,1863,1836,12398542,1996286,56520,512,"",1.16,0.98,0.97,0.96,0.67,1.02,0.95,0.70,"",14,4.2,-8,-0.4,5,0.3,14,0.8,-469351,-3.6,-64912,-3.1,-16619,-22.7,-21,-3.9
"36093","5","81","74","0","2016","4","","Schenectady County, New York","Private","NAICS 81 Other services, except public administration","County, NAICS Sector -- by ownership sector","All establishment sizes",346,1799,1828,1872,12346112,1644646,48999,518,"",1.16,0.92,0.93,0.97,0.70,1.12,1.08,0.74,"",17,5.2,-85,-4.5,-75,-3.9,5,0.3,-1103325,-8.2,31147,1.9,-5797,-10.6,-31,-5.6
"36093","5","811","75","0","2016","1","","Schenectady County, New York","Private","NAICS 811 Repair and maintenance","County, NAICS 3-digit -- by ownership sector","All establishment sizes",98,507,490,482,5145656,4094528,130828,803,"",1.23,0.89,0.85,0.84,0.92,1.11,1.24,1.06,"",-6,-5.8,-23,-4.3,-34,-6.5,-59,-10.9,-931301,-15.3,-433516,-9.6,-74268,-36.2,-76,-8.6
"36093","5","811","75","0","2016","2","","Schenectady County, New York","Private","NAICS 811 Repair and maintenance","County, NAICS 3-digit -- by ownership sector","All establishment sizes",99,471,469,463,5548655,1323644,41844,913,"",1.23,0.81,0.81,0.79,0.83,1.17,1.15,1.03,"",-3,-2.9,-53,-10.1,-76,-13.9,-73,-13.6,-1257676,-18.5,-513217,-27.9,-26358,-38.6,-66,-6.7
"36093","5","811","75","0","2016","3","","Schenectady County, New York","Private","NAICS 811 Repair and maintenance","County, NAICS 3-digit -- by ownership sector","All establishment sizes",99,481,481,474,5466832,680701,20067,879,"",1.22,0.86,0.86,0.84,0.85,1.04,0.99,1.01,"",-3,-2.9,-68,-12.4,-45,-8.6,-49,-9.4,-828046,-13.2,-147714,-17.8,-12911,-39.2,-30,-3.3
"36093","5","811","75","0","2016","4","","Schenectady County, New York","Private","NAICS 811 Repair and maintenance","County, NAICS 3-digit -- by ownership sector","All establishment sizes",97,460,467,478,5595877,519268,16233,919,"",1.20,0.80,0.81,0.84,0.90,1.07,1.03,1.10,"",-4,-4.0,-77,-14.3,-71,-13.2,-51,-9.6,-1041882,-15.7,-116991,-18.4,-7996,-33.0,-36,-3.8
"36093","5","8111","76","0","2016","1","","Schenectady County, New York","Private","NAICS 8111 Automotive repair and maintenance","County, NAICS 4-digit -- by ownership sector","All establishment sizes",85,347,334,324,2692708,2291941,62488,618,"",1.50,0.87,0.82,0.80,0.78,0.94,0.98,0.94,"",-4,-4.5,6,1.8,1,0.3,-19,-5.5,-153943,-5.4,-113345,-4.7,-20363,-24.6,-28,-4.3
"36093","5","8111","76","0","2016","2","","Schenectady County, New York","Private","NAICS 8111 Automotive repair and maintenance","County, NAICS 4-digit -- by ownership sector","All establishment sizes",85,313,315,312,2644141,736833,22076,649,"",1.49,0.76,0.77,0.75,0.63,0.92,0.92,0.83,"",-2,-2.3,-24,-7.1,-24,-7.1,-28,-8.2,-224387,-7.8,-136567,-15.6,-9140,-29.3,-3,-0.5
"36093","5","8111","76","0","2016","3","","Schenectady County, New York","Private","NAICS 8111 Automotive repair and maintenance","County, NAICS 4-digit -- by ownership sector","All establishment sizes",86,330,331,325,2857092,419710,13460,669,"",1.50,0.83,0.83,0.81,0.71,0.88,0.98,0.86,"",-1,-1.1,-1,-0.3,-4,-1.2,-11,-3.3,-102770,-3.5,-51452,-10.9,-3148,-19.0,-13,-1.9
"36093","5","8111","76","0","2016","4","","Schenectady County, New York","Private","NAICS 8111 Automotive repair and maintenance","County, NAICS 4-digit -- by ownership sector","All establishment sizes",84,317,319,322,2885048,306634,9968,695,"",1.47,0.78,0.78,0.80,0.75,0.88,0.99,0.95,"",-3,-3.4,-27,-7.8,-25,-7.3,-11,-3.3,-267969,-8.5,-92344,-23.1,-4041,-28.8,-18,-2.5
"36093","5","81111","77","0","2016","1","","Schenectady County, New York","Private","NAICS 81111 Automotive mechanical and electrical repair","County, NAICS 5-digit -- by ownership sector","All establishment sizes",59,234,213,207,1759770,1522802,41164,621,"",1.81,1.33,1.20,1.17,1.09,1.32,1.41,0.88,"",-2,-3.3,19,8.8,3,1.4,0,0.0,-2159,-0.1,-187,0.0,-10688,-20.6,-22,-3.4
"36093","5","81111","77","0","2016","2","","Schenectady County, New York","Private","NAICS 81111 Automotive mechanical and electrical repair","County, NAICS 5-digit -- by ownership sector","All establishment sizes",58,201,209,207,1759287,439037,11682,658,"",1.76,1.13,1.17,1.15,0.91,1.22,1.13,0.79,"",-2,-3.3,-14,-6.5,-6,-2.8,-14,-6.3,-157207,-8.2,-95547,-17.9,-7807,-40.1,-21,-3.1
"36093","5","81111","77","0","2016","3","","Schenectady County, New York","Private","NAICS 81111 Automotive mechanical and electrical repair","County, NAICS 5-digit -- by ownership sector","All establishment sizes",59,212,213,208,1896465,264381,8264,691,"",1.79,1.23,1.23,1.19,1.01,1.28,1.42,0.83,"",0,0.0,-11,-4.9,-10,-4.5,-19,-8.4,-106317,-5.3,-48505,-15.5,-3546,-30.0,4,0.6
"36093","5","81111","77","0","2016","4","","Schenectady County, New York","Private","NAICS 81111 Automotive mechanical and electrical repair","County, NAICS 5-digit -- by ownership sector","All establishment sizes",57,205,205,209,1935499,185326,5530,722,"",1.73,1.16,1.16,1.19,1.09,1.28,1.32,0.93,"",-3,-5.0,-22,-9.7,-22,-9.7,-18,-7.9,-203811,-9.5,-89088,-32.5,-4357,-44.1,-3,-0.4
"36093","5","811111","78","0","2016","1","","Schenectady County, New York","Private","NAICS 811111 General automotive repair","County, NAICS 6-digit -- by ownership sector","All establishment sizes",53,216,195,189,1658273,1430104,37942,638,"",1.88,1.43,1.28,1.24,1.19,1.44,1.51,0.91,"",-2,-3.6,20,10.2,3,1.6,-2,-1.0,16018,1.0,12578,0.9,-9156,-19.4,-17,-2.6
"36093","5","811111","78","0","2016","2","","Schenectady County, New York","Private","NAICS 811111 General automotive repair","County, NAICS 6-digit -- by ownership sector","All establishment sizes",53,185,193,192,1654080,414098,10821,670,"",1.86,1.21,1.26,1.24,0.99,1.34,1.21,0.80,"",-1,-1.9,-12,-6.1,-5,-2.5,-11,-5.4,-82526,-4.8,-68111,-14.1,-6177,-36.3,0,0.0
"36093","5","811111","78","0","2016","3","","Schenectady County, New York","Private","NAICS 811111 General automotive repair","County, NAICS 6-digit -- by ownership sector","All establishment sizes",54,197,200,194,1800144,248391,7797,703,"",1.90,1.33,1.34,1.29,1.12,1.39,1.53,0.85,"",1,1.9,-7,-3.4,-5,-2.4,-14,-6.7,-42549,-2.3,-37932,-13.2,-2868,-26.9,14,2.0
"36093","5","811111","78","0","2016","4","","Schenectady County, New York","Private","NAICS 811111 General automotive repair","County, NAICS 6-digit -- by ownership sector","All establishment sizes",53,192,191,195,1812199,169166,5098,724,"",1.86,1.26,1.25,1.29,1.18,1.34,1.39,0.93,"",-1,-1.9,-17,-8.1,-17,-8.2,-12,-5.8,-164061,-8.3,-84373,-33.3,-4050,-44.3,-7,-1.0
"36093","5","811112","78","0","2016","1","N","Schenectady County, New York","Private","NAICS 811112 Automotive exhaust system repair","County, NAICS 6-digit -- by ownership sector","All establishment sizes",2,0,0,0,0,0,0,0,"N",2.23,0,0,0,0,0,0,0,"N",0,0.0,0,0,0,0,0,0,0,0,0,0,0,0,0,0
"36093","5","811112","78","0","2016","2","N","Schenectady County, New York","Private","NAICS 811112 Automotive exhaust system repair","County, NAICS 6-digit -- by ownership sector","All establishment sizes",1,0,0,0,0,0,0,0,"N",1.11,0,0,0,0,0,0,0,"N",-1,-50.0,0,0,0,0,0,0,0,0,0,0,0,0,0,0
"36093","5","811112","78","0","2016","3","N","Schenectady County, New York","Private","NAICS 811112 Automotive exhaust system repair","County, NAICS 6-digit -- by ownership sector","All establishment sizes",1,0,0,0,0,0,0,0,"N",1.12,0,0,0,0,0,0,0,"N",-1,-50.0,0,0,0,0,0,0,0,0,0,0,0,0,0,0
"36093","5","811112","78","0","2016","4","N","Schenectady County, New York","Private","NAICS 811112 Automotive exhaust system repair","County, NAICS 6-digit -- by ownership sector","All establishment sizes",1,0,0,0,0,0,0,0,"N",1.12,0,0,0,0,0,0,0,"N",-1,-50.0,0,0,0,0,0,0,0,0,0,0,0,0,0,0
"36093","5","811113","78","0","2016","1","N","Schenectady County, New York","Private","NAICS 811113 Automotive transmission repair","County, NAICS 6-digit -- by ownership sector","All establishment sizes",2,0,0,0,0,0,0,0,"N",1.25,0,0,0,0,0,0,0,"N",0,0.0,0,0,0,0,0,0,0,0,0,0,0,0,0,0
"36093","5","811113","78","0","2016","2","N","Schenectady County, New York","Private","NAICS 811113 Automotive transmission repair","County, NAICS 6-digit -- by ownership sector","All establishment sizes",2,0,0,0,0,0,0,0,"N",1.25,0,0,0,0,0,0,0,"N",0,0.0,0,0,0,0,0,0,0,0,0,0,0,0,0,0
"36093","5","811113","78","0","2016","3","N","Schenectady County, New York","Private","NAICS 811113 Automotive transmission repair","County, NAICS 6-digit -- by ownership sector","All establishment sizes",2,0,0,0,0,0,0,0,"N",1.26,0,0,0,0,0,0,0,"N",0,0.0,0,0,0,0,0,0,0,0,0,0,0,0,0,0
"36093","5","811113","78","0","2016","4","N","Schenectady County, New York","Private","NAICS 811113 Automotive transmission repair","County, NAICS 6-digit -- by ownership sector","All establishment sizes",1,0,0,0,0,0,0,0,"N",0.64,0,0,0,0,0,0,0,"N",-1,-50.0,0,0,0,0,0,0,0,0,0,0,0,0,0,0
"36093","5","811118","78","0","2016","1","N","Schenectady County, New York","Private","NAICS 811118 Other automotive mechanical and elec. repair","County, NAICS 6-digit -- by ownership sector","All establishment sizes",2,0,0,0,0,0,0,0,"N",0.99,0,0,0,0,0,0,0,"N",0,0.0,0,0,0,0,0,0,0,0,0,0,0,0,0,0
"36093","5","811118","78","0","2016","2","N","Schenectady County, New York","Private","NAICS 811118 Other automotive mechanical and elec. repair","County, NAICS 6-digit -- by ownership sector","All establishment sizes",2,0,0,0,0,0,0,0,"N",0.99,0,0,0,0,0,0,0,"N",0,0.0,0,0,0,0,0,0,0,0,0,0,0,0,0,0
"36093","5","811118","78","0","2016","3","N","Schenectady County, New York","Private","NAICS 811118 Other automotive mechanical and elec. repair","County, NAICS 6-digit -- by ownership sector","All establishment sizes",2,0,0,0,0,0,0,0,"N",1.00,0,0,0,0,0,0,0,"N",0,0.0,0,0,0,0,0,0,0,0,0,0,0,0,0,0
"36093","5","811118","78","0","2016","4","N","Schenectady County, New York","Private","NAICS 811118 Other automotive mechanical and elec. repair","County, NAICS 6-digit -- by ownership sector","All establishment sizes",2,0,0,0,0,0,0,0,"N",0.99,0,0,0,0,0,0,0,"N",0,0.0,0,0,0,0,0,0,0,0,0,0,0,0,0,0
"36093","5","81112","77","0","2016","1","","Schenectady County, New York","Private","NAICS 81112 Automotive body, interior, and glass repair","County, NAICS 5-digit -- by ownership sector","All establishment sizes",16,79,82,78,718143,616405,17555,693,"",1.12,0.67,0.69,0.65,0.57,0.73,0.71,0.85,"",-1,-5.9,-4,-4.8,0,0.0,-15,-16.1,-123367,-14.7,-92597,-13.1,-7884,-31.0,-60,-8.0
"36093","5","81112","77","0","2016","2","","Schenectady County, New York","Private","NAICS 81112 Automotive body, interior, and glass repair","County, NAICS 5-digit -- by ownership sector","All establishment sizes",16,76,72,72,685153,210638,6888,719,"",1.11,0.63,0.60,0.59,0.45,0.87,0.86,0.74,"",0,0.0,1,1.3,-5,-6.5,-6,-7.7,-41684,-5.7,-21457,-9.2,-1037,-13.1,-10,-1.4
"36093","5","81112","77","0","2016","3","","Schenectady County, New York","Private","NAICS 81112 Automotive body, interior, and glass repair","County, NAICS 5-digit -- by ownership sector","All establishment sizes",16,70,70,74,732346,95785,2822,790,"",1.11,0.60,0.60,0.62,0.50,0.71,0.65,0.82,"",0,0.0,-6,-7.9,-9,-11.4,-2,-2.6,-26466,-3.5,-22532,-19.0,-996,-26.1,32,4.2
"36093","5","81112","77","0","2016","4","","Schenectady County, New York","Private","NAICS 81112 Automotive body, interior, and glass repair","County, NAICS 5-digit -- by ownership sector","All establishment sizes",16,73,75,77,741092,87158,3209,760,"",1.11,0.61,0.62,0.64,0.52,0.90,1.02,0.84,"",0,0.0,-7,-8.8,-6,-7.4,0,0.0,-60734,-7.6,1339,1.6,187,6.2,-17,-2.2
"36093","5","811121","78","0","2016","1","N","Schenectady County, New York","Private","NAICS 811121 Automotive body and interior repair","County, NAICS 6-digit -- by ownership sector","All establishment sizes",14,0,0,0,0,0,0,0,"N",1.15,0,0,0,0,0,0,0,"N",-1,-6.7,0,0,0,0,0,0,0,0,0,0,0,0,0,0
"36093","5","811121","78","0","2016","2","N","Schenectady County, New York","Private","NAICS 811121 Automotive body and interior repair","County, NAICS 6-digit -- by ownership sector","All establishment sizes",14,0,0,0,0,0,0,0,"N",1.14,0,0,0,0,0,0,0,"N",0,0.0,0,0,0,0,0,0,0,0,0,0,0,0,0,0
"36093","5","811121","78","0","2016","3","N","Schenectady County, New York","Private","NAICS 811121 Automotive body and interior repair","County, NAICS 6-digit -- by ownership sector","All establishment sizes",14,0,0,0,0,0,0,0,"N",1.14,0,0,0,0,0,0,0,"N",0,0.0,0,0,0,0,0,0,0,0,0,0,0,0,0,0
"36093","5","811121","78","0","2016","4","N","Schenectady County, New York","Private","NAICS 811121 Automotive body and interior repair","County, NAICS 6-digit -- by ownership sector","All establishment sizes",14,0,0,0,0,0,0,0,"N",1.13,0,0,0,0,0,0,0,"N",0,0.0,0,0,0,0,0,0,0,0,0,0,0,0,0,0
"36093","5","811122","78","0","2016","1","N","Schenectady County, New York","Private","NAICS 811122 Automotive glass replacement shops","County, NAICS 6-digit -- by ownership sector","All establishment sizes",2,0,0,0,0,0,0,0,"N",0.99,0,0,0,0,0,0,0,"N",0,0.0,0,0,0,0,0,0,0,0,0,0,0,0,0,0
"36093","5","811122","78","0","2016","2","N","Schenectady County, New York","Private","NAICS 811122 Automotive glass replacement shops","County, NAICS 6-digit -- by ownership sector","All establishment sizes",2,0,0,0,0,0,0,0,"N",0.97,0,0,0,0,0,0,0,"N",0,0.0,0,0,0,0,0,0,0,0,0,0,0,0,0,0
"36093","5","811122","78","0","2016","3","N","Schenectady County, New York","Private","NAICS 811122 Automotive glass replacement shops","County, NAICS 6-digit -- by ownership sector","All establishment sizes",2,0,0,0,0,0,0,0,"N",0.97,0,0,0,0,0,0,0,"N",0,0.0,0,0,0,0,0,0,0,0,0,0,0,0,0,0
"36093","5","811122","78","0","2016","4","N","Schenectady County, New York","Private","NAICS 811122 Automotive glass replacement shops","County, NAICS 6-digit -- by ownership sector","All establishment sizes",2,0,0,0,0,0,0,0,"N",0.97,0,0,0,0,0,0,0,"N",0,0.0,0,0,0,0,0,0,0,0,0,0,0,0,0,0
"36093","5","81119","77","0","2016","1","","Schenectady County, New York","Private","NAICS 81119 Other automotive repair and maintenance","County, NAICS 5-digit -- by ownership sector","All establishment sizes",10,34,39,39,214795,152734,3769,443,"",1.04,0.32,0.36,0.36,0.37,0.35,0.38,1.08,"",-1,-9.1,-9,-20.9,-2,-4.9,-4,-9.3,-28417,-11.7,-20561,-11.9,-1791,-32.2,1,0.2
"36093","5","81119","77","0","2016","2","","Schenectady County, New York","Private","NAICS 81119 Other automotive repair and maintenance","County, NAICS 5-digit -- by ownership sector","All establishment sizes",11,36,34,33,199701,87158,3506,447,"",1.13,0.32,0.31,0.29,0.28,0.43,0.62,0.91,"",0,0.0,-11,-23.4,-13,-27.7,-8,-19.5,-25496,-11.3,-19563,-18.3,-296,-7.8,62,16.1
"36093","5","81119","77","0","2016","3","","Schenectady County, New York","Private","NAICS 81119 Other automotive repair and maintenance","County, NAICS 5-digit -- by ownership sector","All establishment sizes",11,48,48,43,228281,59544,2374,379,"",1.11,0.45,0.45,0.40,0.33,0.44,0.65,0.77,"",-1,-8.3,16,50.0,15,45.5,10,30.3,30013,15.1,19585,49.0,1394,142.2,-88,-18.8
"36093","5","81119","77","0","2016","4","","Schenectady County, New York","Private","NAICS 81119 Other automotive repair and maintenance","County, NAICS 5-digit -- by ownership sector","All establishment sizes",11,39,39,36,208457,34150,1229,422,"",1.11,0.36,0.36,0.34,0.32,0.32,0.46,0.92,"",0,0.0,2,5.4,3,8.3,7,24.1,-3424,-1.6,-4595,-11.9,129,11.7,-57,-11.9
"36093","5","811192","78","0","2016","1","N","Schenectady County, New York","Private","NAICS 811192 Car washes","County, NAICS 6-digit -- by ownership sector","All establishment sizes",9,0,0,0,0,0,0,0,"N",1.72,0,0,0,0,0,0,0,"N",-1,-10.0,0,0,0,0,0,0,0,0,0,0,0,0,0,0
"36093","5","811192","78","0","2016","2","N","Schenectady County, New York","Private","NAICS 811192 Car washes","County, NAICS 6-digit -- by ownership sector","All establishment sizes",10,0,0,0,0,0,0,0,"N",1.88,0,0,0,0,0,0,0,"N",0,0.0,0,0,0,0,0,0,0,0,0,0,0,0,0,0
"36093","5","811192","78","0","2016","3","N","Schenectady County, New York","Private","NAICS 811192 Car washes","County, NAICS 6-digit -- by ownership sector","All establishment sizes",10,0,0,0,0,0,0,0,"N",1.87,0,0,0,0,0,0,0,"N",-1,-9.1,0,0,0,0,0,0,0,0,0,0,0,0,0,0
"36093","5","811192","78","0","2016","4","N","Schenectady County, New York","Private","NAICS 811192 Car washes","County, NAICS 6-digit -- by ownership sector","All establishment sizes",10,0,0,0,0,0,0,0,"N",1.86,0,0,0,0,0,0,0,"N",0,0.0,0,0,0,0,0,0,0,0,0,0,0,0,0,0
"36093","5","811198","78","0","2016","1","N","Schenectady County, New York","Private","NAICS 811198 All other automotive repair and maintenance","County, NAICS 6-digit -- by ownership sector","All establishment sizes",1,0,0,0,0,0,0,0,"N",0.56,0,0,0,0,0,0,0,"N",0,0.0,0,0,0,0,0,0,0,0,0,0,0,0,0,0
"36093","5","811198","78","0","2016","2","N","Schenectady County, New York","Private","NAICS 811198 All other automotive repair and maintenance","County, NAICS 6-digit -- by ownership sector","All establishment sizes",1,0,0,0,0,0,0,0,"N",0.55,0,0,0,0,0,0,0,"N",0,0.0,0,0,0,0,0,0,0,0,0,0,0,0,0,0
"36093","5","811198","78","0","2016","3","N","Schenectady County, New York","Private","NAICS 811198 All other automotive repair and maintenance","County, NAICS 6-digit -- by ownership sector","All establishment sizes",1,0,0,0,0,0,0,0,"N",0.54,0,0,0,0,0,0,0,"N",0,0.0,0,0,0,0,0,0,0,0,0,0,0,0,0,0
"36093","5","811198","78","0","2016","4","N","Schenectady County, New York","Private","NAICS 811198 All other automotive repair and maintenance","County, NAICS 6-digit -- by ownership sector","All establishment sizes",1,0,0,0,0,0,0,0,"N",0.54,0,0,0,0,0,0,0,"N",0,0.0,0,0,0,0,0,0,0,0,0,0,0,0,0,0
"36093","5","8112","76","0","2016","1","N","Schenectady County, New York","Private","NAICS 8112 Electronic equipment repair and maintenance","County, NAICS 4-digit -- by ownership sector","All establishment sizes",3,0,0,0,0,0,0,0,"N",0.51,0,0,0,0,0,0,0,"N",-1,-25.0,0,0,0,0,0,0,0,0,0,0,0,0,0,0
"36093","5","8112","76","0","2016","2","N","Schenectady County, New York","Private","NAICS 8112 Electronic equipment repair and maintenance","County, NAICS 4-digit -- by ownership sector","All establishment sizes",3,0,0,0,0,0,0,0,"N",0.51,0,0,0,0,0,0,0,"N",-1,-25.0,0,0,0,0,0,0,0,0,0,0,0,0,0,0
"36093","5","8112","76","0","2016","3","N","Schenectady County, New York","Private","NAICS 8112 Electronic equipment repair and maintenance","County, NAICS 4-digit -- by ownership sector","All establishment sizes",3,0,0,0,0,0,0,0,"N",0.51,0,0,0,0,0,0,0,"N",-1,-25.0,0,0,0,0,0,0,0,0,0,0,0,0,0,0
"36093","5","8112","76","0","2016","4","N","Schenectady County, New York","Private","NAICS 8112 Electronic equipment repair and maintenance","County, NAICS 4-digit -- by ownership sector","All establishment sizes",3,0,0,0,0,0,0,0,"N",0.51,0,0,0,0,0,0,0,"N",-1,-25.0,0,0,0,0,0,0,0,0,0,0,0,0,0,0
"36093","5","81121","77","0","2016","1","N","Schenectady County, New York","Private","NAICS 81121 Electronic equipment repair and maintenance","County, NAICS 5-digit -- by ownership sector","All establishment sizes",3,0,0,0,0,0,0,0,"N",0.51,0,0,0,0,0,0,0,"N",-1,-25.0,0,0,0,0,0,0,0,0,0,0,0,0,0,0
"36093","5","81121","77","0","2016","2","N","Schenectady County, New York","Private","NAICS 81121 Electronic equipment repair and maintenance","County, NAICS 5-digit -- by ownership sector","All establishment sizes",3,0,0,0,0,0,0,0,"N",0.51,0,0,0,0,0,0,0,"N",-1,-25.0,0,0,0,0,0,0,0,0,0,0,0,0,0,0
"36093","5","81121","77","0","2016","3","N","Schenectady County, New York","Private","NAICS 81121 Electronic equipment repair and maintenance","County, NAICS 5-digit -- by ownership sector","All establishment sizes",3,0,0,0,0,0,0,0,"N",0.51,0,0,0,0,0,0,0,"N",-1,-25.0,0,0,0,0,0,0,0,0,0,0,0,0,0,0
"36093","5","81121","77","0","2016","4","N","Schenectady County, New York","Private","NAICS 81121 Electronic equipment repair and maintenance","County, NAICS 5-digit -- by ownership sector","All establishment sizes",3,0,0,0,0,0,0,0,"N",0.51,0,0,0,0,0,0,0,"N",-1,-25.0,0,0,0,0,0,0,0,0,0,0,0,0,0,0
"36093","5","811213","78","0","2016","1","N","Schenectady County, New York","Private","NAICS 811213 Communication equipment repair","County, NAICS 6-digit -- by ownership sector","All establishment sizes",2,0,0,0,0,0,0,0,"N",3.04,0,0,0,0,0,0,0,"N",-1,-33.3,0,0,0,0,0,0,0,0,0,0,0,0,0,0
"36093","5","811213","78","0","2016","2","N","Schenectady County, New York","Private","NAICS 811213 Communication equipment repair","County, NAICS 6-digit -- by ownership sector","All establishment sizes",2,0,0,0,0,0,0,0,"N",2.97,0,0,0,0,0,0,0,"N",-1,-33.3,0,0,0,0,0,0,0,0,0,0,0,0,0,0
"36093","5","811213","78","0","2016","3","N","Schenectady County, New York","Private","NAICS 811213 Communication equipment repair","County, NAICS 6-digit -- by ownership sector","All establishment sizes",2,0,0,0,0,0,0,0,"N",2.95,0,0,0,0,0,0,0,"N",-1,-33.3,0,0,0,0,0,0,0,0,0,0,0,0,0,0
"36093","5","811213","78","0","2016","4","N","Schenectady County, New York","Private","NAICS 811213 Communication equipment repair","County, NAICS 6-digit -- by ownership sector","All establishment sizes",2,0,0,0,0,0,0,0,"N",2.92,0,0,0,0,0,0,0,"N",-1,-33.3,0,0,0,0,0,0,0,0,0,0,0,0,0,0
"36093","5","811219","78","0","2016","1","N","Schenectady County, New York","Private","NAICS 811219 Other electronic equipment repair","County, NAICS 6-digit -- by ownership sector","All establishment sizes",1,0,0,0,0,0,0,0,"N",0.51,0,0,0,0,0,0,0,"N",0,0.0,0,0,0,0,0,0,0,0,0,0,0,0,0,0
"36093","5","811219","78","0","2016","2","N","Schenectady County, New York","Private","NAICS 811219 Other electronic equipment repair","County, NAICS 6-digit -- by ownership sector","All establishment sizes",1,0,0,0,0,0,0,0,"N",0.51,0,0,0,0,0,0,0,"N",0,0.0,0,0,0,0,0,0,0,0,0,0,0,0,0,0
"36093","5","811219","78","0","2016","3","N","Schenectady County, New York","Private","NAICS 811219 Other electronic equipment repair","County, NAICS 6-digit -- by ownership sector","All establishment sizes",1,0,0,0,0,0,0,0,"N",0.51,0,0,0,0,0,0,0,"N",0,0.0,0,0,0,0,0,0,0,0,0,0,0,0,0,0
"36093","5","811219","78","0","2016","4","N","Schenectady County, New York","Private","NAICS 811219 Other electronic equipment repair","County, NAICS 6-digit -- by ownership sector","All establishment sizes",1,0,0,0,0,0,0,0,"N",0.51,0,0,0,0,0,0,0,"N",0,0.0,0,0,0,0,0,0,0,0,0,0,0,0,0,0
"36093","5","8113","76","0","2016","1","","Schenectady County, New York","Private","NAICS 8113 Commercial machinery repair and maintenance","County, NAICS 4-digit -- by ownership sector","All establishment sizes",6,90,90,92,1653550,1296121,48810,1403,"",0.60,1.00,1.00,1.02,1.32,1.79,1.95,1.31,"",-1,-14.3,7,8.4,5,5.9,3,3.4,212704,14.8,171579,15.3,695,1.4,109,8.4
"36093","5","8113","76","0","2016","2","","Schenectady County, New York","Private","NAICS 8113 Commercial machinery repair and maintenance","County, NAICS 4-digit -- by ownership sector","All establishment sizes",6,89,87,85,2060283,407016,11299,1822,"",0.60,0.97,0.97,0.94,1.41,2.29,1.60,1.47,"",-1,-14.3,7,8.5,-18,-17.1,-11,-11.5,-276821,-11.8,-377512,-48.1,-17232,-60.4,-84,-4.4
"36093","5","8113","76","0","2016","3","","Schenectady County, New York","Private","NAICS 8113 Commercial machinery repair and maintenance","County, NAICS 4-digit -- by ownership sector","All establishment sizes",6,82,82,84,1706869,204466,4222,1588,"",0.60,0.95,0.95,0.95,1.26,2.19,1.14,1.32,"",-1,-14.3,-38,-31.7,-10,-10.9,-4,-4.5,106112,6.6,-62231,-23.3,-6782,-61.6,357,29.0
"36093","5","8113","76","0","2016","4","","Schenectady County, New York","Private","NAICS 8113 Commercial machinery repair and maintenance","County, NAICS 4-digit -- by ownership sector","All establishment sizes",6,84,82,87,1716443,151336,3831,1566,"",0.60,0.92,0.92,0.99,1.23,2.02,1.07,1.30,"",0,0.0,-4,-4.5,-8,-8.9,-2,-2.2,159436,10.2,4220,2.9,-1981,-34.1,220,16.3
"36093","5","81131","77","0","2016","1","","Schenectady County, New York","Private","NAICS 81131 Commercial machinery repair and maintenance","County, NAICS 5-digit -- by ownership sector","All establishment sizes",6,90,90,92,1653550,1296121,48810,1403,"",0.60,1.00,1.00,1.02,1.32,1.79,1.95,1.31,"",-1,-14.3,7,8.4,5,5.9,3,3.4,212704,14.8,171579,15.3,695,1.4,109,8.4
"36093","5","81131","77","0","2016","2","","Schenectady County, New York","Private","NAICS 81131 Commercial machinery repair and maintenance","County, NAICS 5-digit -- by ownership sector","All establishment sizes",6,89,87,85,2060283,407016,11299,1822,"",0.60,0.97,0.97,0.94,1.41,2.29,1.60,1.47,"",-1,-14.3,7,8.5,-18,-17.1,-11,-11.5,-276821,-11.8,-377512,-48.1,-17232,-60.4,-84,-4.4
"36093","5","81131","77","0","2016","3","","Schenectady County, New York","Private","NAICS 81131 Commercial machinery repair and maintenance","County, NAICS 5-digit -- by ownership sector","All establishment sizes",6,82,82,84,1706869,204466,4222,1588,"",0.60,0.95,0.95,0.95,1.26,2.19,1.14,1.32,"",-1,-14.3,-38,-31.7,-10,-10.9,-4,-4.5,106112,6.6,-62231,-23.3,-6782,-61.6,357,29.0
"36093","5","81131","77","0","2016","4","","Schenectady County, New York","Private","NAICS 81131 Commercial machinery repair and maintenance","County, NAICS 5-digit -- by ownership sector","All establishment sizes",6,84,82,87,1716443,151336,3831,1566,"",0.60,0.92,0.92,0.99,1.23,2.02,1.07,1.30,"",0,0.0,-4,-4.5,-8,-8.9,-2,-2.2,159436,10.2,4220,2.9,-1981,-34.1,220,16.3
"36093","5","811310","78","0","2016","1","","Schenectady County, New York","Private","NAICS 811310 Commercial machinery repair and maintenance","County, NAICS 6-digit -- by ownership sector","All establishment sizes",6,90,90,92,1653550,1296121,48810,1403,"",0.60,1.00,1.00,1.02,1.32,1.79,1.95,1.31,"",-1,-14.3,7,8.4,5,5.9,3,3.4,212704,14.8,171579,15.3,695,1.4,109,8.4
"36093","5","811310","78","0","2016","2","","Schenectady County, New York","Private","NAICS 811310 Commercial machinery repair and maintenance","County, NAICS 6-digit -- by ownership sector","All establishment sizes",6,89,87,85,2060283,407016,11299,1822,"",0.60,0.97,0.97,0.94,1.41,2.29,1.60,1.47,"",-1,-14.3,7,8.5,-18,-17.1,-11,-11.5,-276821,-11.8,-377512,-48.1,-17232,-60.4,-84,-4.4
"36093","5","811310","78","0","2016","3","","Schenectady County, New York","Private","NAICS 811310 Commercial machinery repair and maintenance","County, NAICS 6-digit -- by ownership sector","All establishment sizes",6,82,82,84,1706869,204466,4222,1588,"",0.60,0.95,0.95,0.95,1.26,2.19,1.14,1.32,"",-1,-14.3,-38,-31.7,-10,-10.9,-4,-4.5,106112,6.6,-62231,-23.3,-6782,-61.6,357,29.0
"36093","5","811310","78","0","2016","4","","Schenectady County, New York","Private","NAICS 811310 Commercial machinery repair and maintenance","County, NAICS 6-digit -- by ownership sector","All establishment sizes",6,84,82,87,1716443,151336,3831,1566,"",0.60,0.92,0.92,0.99,1.23,2.02,1.07,1.30,"",0,0.0,-4,-4.5,-8,-8.9,-2,-2.2,159436,10.2,4220,2.9,-1981,-34.1,220,16.3
"36093","5","8114","76","0","2016","1","N","Schenectady County, New York","Private","NAICS 8114 Household goods repair and maintenance","County, NAICS 4-digit -- by ownership sector","All establishment sizes",4,0,0,0,0,0,0,0,"N",0.52,0,0,0,0,0,0,0,"N",0,0.0,0,0,0,0,0,0,0,0,0,0,0,0,0,0
"36093","5","8114","76","0","2016","2","N","Schenectady County, New York","Private","NAICS 8114 Household goods repair and maintenance","County, NAICS 4-digit -- by ownership sector","All establishment sizes",5,0,0,0,0,0,0,0,"N",0.65,0,0,0,0,0,0,0,"N",1,25.0,0,0,0,0,0,0,0,0,0,0,0,0,0,0
"36093","5","8114","76","0","2016","3","N","Schenectady County, New York","Private","NAICS 8114 Household goods repair and maintenance","County, NAICS 4-digit -- by ownership sector","All establishment sizes",4,0,0,0,0,0,0,0,"N",0.51,0,0,0,0,0,0,0,"N",0,0.0,0,0,0,0,0,0,0,0,0,0,0,0,0,0
"36093","5","8114","76","0","2016","4","N","Schenectady County, New York","Private","NAICS 8114 Household goods repair and maintenance","County, NAICS 4-digit -- by ownership sector","All establishment sizes",4,0,0,0,0,0,0,0,"N",0.51,0,0,0,0,0,0,0,"N",0,0.0,0,0,0,0,0,0,0,0,0,0,0,0,0,0
"36093","5","81141","77","0","2016","1","N","Schenectady County, New York","Private","NAICS 81141 Home and garden equip. and appliance repair","County, NAICS 5-digit -- by ownership sector","All establishment sizes",2,0,0,0,0,0,0,0,"N",0.91,0,0,0,0,0,0,0,"N",0,0.0,0,0,0,0,0,0,0,0,0,0,0,0,0,0
"36093","5","81141","77","0","2016","2","N","Schenectady County, New York","Private","NAICS 81141 Home and garden equip. and appliance repair","County, NAICS 5-digit -- by ownership sector","All establishment sizes",3,0,0,0,0,0,0,0,"N",1.34,0,0,0,0,0,0,0,"N",1,50.0,0,0,0,0,0,0,0,0,0,0,0,0,0,0
"36093","5","81141","77","0","2016","3","N","Schenectady County, New York","Private","NAICS 81141 Home and garden equip. and appliance repair","County, NAICS 5-digit -- by ownership sector","All establishment sizes",2,0,0,0,0,0,0,0,"N",0.89,0,0,0,0,0,0,0,"N",0,0.0,0,0,0,0,0,0,0,0,0,0,0,0,0,0
"36093","5","81141","77","0","2016","4","N","Schenectady County, New York","Private","NAICS 81141 Home and garden equip. and appliance repair","County, NAICS 5-digit -- by ownership sector","All establishment sizes",2,0,0,0,0,0,0,0,"N",0.88,0,0,0,0,0,0,0,"N",0,0.0,0,0,0,0,0,0,0,0,0,0,0,0,0,0
"36093","5","811412","78","0","2016","1","N","Schenectady County, New York","Private","NAICS 811412 Appliance repair and maintenance","County, NAICS 6-digit -- by ownership sector","All establishment sizes",2,0,0,0,0,0,0,0,"N",1.24,0,0,0,0,0,0,0,"N",0,0.0,0,0,0,0,0,0,0,0,0,0,0,0,0,0
"36093","5","811412","78","0","2016","2","N","Schenectady County, New York","Private","NAICS 811412 Appliance repair and maintenance","County, NAICS 6-digit -- by ownership sector","All establishment sizes",3,0,0,0,0,0,0,0,"N",1.84,0,0,0,0,0,0,0,"N",1,50.0,0,0,0,0,0,0,0,0,0,0,0,0,0,0
"36093","5","811412","78","0","2016","3","N","Schenectady County, New York","Private","NAICS 811412 Appliance repair and maintenance","County, NAICS 6-digit -- by ownership sector","All establishment sizes",2,0,0,0,0,0,0,0,"N",1.22,0,0,0,0,0,0,0,"N",0,0.0,0,0,0,0,0,0,0,0,0,0,0,0,0,0
"36093","5","811412","78","0","2016","4","N","Schenectady County, New York","Private","NAICS 811412 Appliance repair and maintenance","County, NAICS 6-digit -- by ownership sector","All establishment sizes",2,0,0,0,0,0,0,0,"N",1.20,0,0,0,0,0,0,0,"N",0,0.0,0,0,0,0,0,0,0,0,0,0,0,0,0,0
"36093","5","81149","77","0","2016","1","N","Schenectady County, New York","Private","NAICS 81149 Other household goods repair and maintenance","County, NAICS 5-digit -- by ownership sector","All establishment sizes",2,0,0,0,0,0,0,0,"N",0.55,0,0,0,0,0,0,0,"N",0,0.0,0,0,0,0,0,0,0,0,0,0,0,0,0,0
"36093","5","81149","77","0","2016","2","N","Schenectady County, New York","Private","NAICS 81149 Other household goods repair and maintenance","County, NAICS 5-digit -- by ownership sector","All establishment sizes",2,0,0,0,0,0,0,0,"N",0.54,0,0,0,0,0,0,0,"N",0,0.0,0,0,0,0,0,0,0,0,0,0,0,0,0,0
"36093","5","81149","77","0","2016","3","N","Schenectady County, New York","Private","NAICS 81149 Other household goods repair and maintenance","County, NAICS 5-digit -- by ownership sector","All establishment sizes",2,0,0,0,0,0,0,0,"N",0.53,0,0,0,0,0,0,0,"N",0,0.0,0,0,0,0,0,0,0,0,0,0,0,0,0,0
"36093","5","81149","77","0","2016","4","N","Schenectady County, New York","Private","NAICS 81149 Other household goods repair and maintenance","County, NAICS 5-digit -- by ownership sector","All establishment sizes",2,0,0,0,0,0,0,0,"N",0.53,0,0,0,0,0,0,0,"N",0,0.0,0,0,0,0,0,0,0,0,0,0,0,0,0,0
"36093","5","811490","78","0","2016","1","N","Schenectady County, New York","Private","NAICS 811490 Other household goods repair and maintenance","County, NAICS 6-digit -- by ownership sector","All establishment sizes",2,0,0,0,0,0,0,0,"N",0.55,0,0,0,0,0,0,0,"N",0,0.0,0,0,0,0,0,0,0,0,0,0,0,0,0,0
"36093","5","811490","78","0","2016","2","N","Schenectady County, New York","Private","NAICS 811490 Other household goods repair and maintenance","County, NAICS 6-digit -- by ownership sector","All establishment sizes",2,0,0,0,0,0,0,0,"N",0.54,0,0,0,0,0,0,0,"N",0,0.0,0,0,0,0,0,0,0,0,0,0,0,0,0,0
"36093","5","811490","78","0","2016","3","N","Schenectady County, New York","Private","NAICS 811490 Other household goods repair and maintenance","County, NAICS 6-digit -- by ownership sector","All establishment sizes",2,0,0,0,0,0,0,0,"N",0.53,0,0,0,0,0,0,0,"N",0,0.0,0,0,0,0,0,0,0,0,0,0,0,0,0,0
"36093","5","811490","78","0","2016","4","N","Schenectady County, New York","Private","NAICS 811490 Other household goods repair and maintenance","County, NAICS 6-digit -- by ownership sector","All establishment sizes",2,0,0,0,0,0,0,0,"N",0.53,0,0,0,0,0,0,0,"N",0,0.0,0,0,0,0,0,0,0,0,0,0,0,0,0,0
"36093","5","812","75","0","2016","1","","Schenectady County, New York","Private","NAICS 812 Personal and laundry services","County, NAICS 3-digit -- by ownership sector","All establishment sizes",91,421,412,407,2002264,1795358,48633,373,"",1.21,0.67,0.65,0.64,0.52,0.64,0.72,0.80,"",7,8.3,35,9.1,20,5.1,20,5.2,175505,9.6,151399,9.2,-8346,-14.6,11,3.0
"36093","5","812","75","0","2016","2","","Schenectady County, New York","Private","NAICS 812 Personal and laundry services","County, NAICS 3-digit -- by ownership sector","All establishment sizes",93,438,456,460,2297799,1331154,37855,392,"",1.22,0.68,0.70,0.70,0.49,1.11,1.10,0.71,"",10,12.0,-4,-0.9,24,5.6,39,9.3,204764,9.8,167036,14.3,-2240,-5.6,19,5.1
"36093","5","812","75","0","2016","3","","Schenectady County, New York","Private","NAICS 812 Personal and laundry services","County, NAICS 3-digit -- by ownership sector","All establishment sizes",93,478,478,476,2459981,925810,26982,396,"",1.22,0.76,0.76,0.75,0.55,1.24,1.32,0.72,"",9,10.7,39,8.9,56,13.3,60,14.4,325564,15.3,170887,22.6,1261,4.9,10,2.6
"36093","5","812","75","0","2016","4","","Schenectady County, New York","Private","NAICS 812 Personal and laundry services","County, NAICS 3-digit -- by ownership sector","All establishment sizes",93,465,460,522,2643537,816187,25361,422,"",1.21,0.72,0.71,0.81,0.62,1.45,1.66,0.83,"",9,10.7,57,14.0,46,11.1,112,27.3,366430,16.1,249892,44.1,6979,38.0,-5,-1.2
"36093","5","8121","76","0","2016","1","","Schenectady County, New York","Private","NAICS 8121 Personal care services","County, NAICS 4-digit -- by ownership sector","All establishment sizes",52,229,220,218,858400,834988,19270,297,"",1.24,0.76,0.72,0.71,0.54,0.66,0.73,0.73,"",4,8.3,34,17.4,24,12.2,25,13.0,189636,28.4,170536,25.7,-619,-3.1,33,12.5
"36093","5","8121","76","0","2016","2","","Schenectady County, New York","Private","NAICS 8121 Personal care services","County, NAICS 4-digit -- by ownership sector","All establishment sizes",52,231,238,240,974580,745442,18508,317,"",1.21,0.74,0.77,0.76,0.49,1.25,1.17,0.65,"",5,10.6,-8,-3.3,16,7.2,24,11.1,148198,17.9,121619,19.5,-212,-1.1,35,12.4
"36093","5","8121","76","0","2016","3","","Schenectady County, New York","Private","NAICS 8121 Personal care services","County, NAICS 4-digit -- by ownership sector","All establishment sizes",52,252,257,261,1058479,561088,14526,317,"",1.21,0.84,0.86,0.86,0.57,1.49,1.50,0.67,"",4,8.3,22,9.6,37,16.8,41,18.6,185237,21.2,99100,21.5,-373,-2.5,16,5.3
"36093","5","8121","76","0","2016","4","","Schenectady County, New York","Private","NAICS 8121 Personal care services","County, NAICS 4-digit -- by ownership sector","All establishment sizes",54,262,257,316,1171846,522563,15169,324,"",1.25,0.85,0.83,1.03,0.67,1.85,2.09,0.74,"",6,12.5,39,17.5,34,15.2,96,43.6,312424,36.4,172883,49.4,4567,43.1,26,8.7
"36093","5","81211","77","0","2016","1","","Schenectady County, New York","Private","NAICS 81211 Hair, nail, and skin care services","County, NAICS 5-digit -- by ownership sector","All establishment sizes",44,208,200,198,787531,764322,17595,300,"",1.27,0.87,0.83,0.82,0.62,0.76,0.87,0.73,"",3,7.3,37,21.6,29,17.0,31,18.6,204154,35.0,185017,31.9,1177,7.2,36,13.6
"36093","5","81211","77","0","2016","2","","Schenectady County, New York","Private","NAICS 81211 Hair, nail, and skin care services","County, NAICS 5-digit -- by ownership sector","All establishment sizes",43,209,216,219,903957,686238,17163,324,"",1.22,0.86,0.89,0.89,0.57,1.43,1.40,0.65,"",3,7.5,-5,-2.3,19,9.6,31,16.5,159495,21.4,124923,22.3,894,5.5,37,12.9
"36093","5","81211","77","0","2016","3","","Schenectady County, New York","Private","NAICS 81211 Hair, nail, and skin care services","County, NAICS 5-digit -- by ownership sector","All establishment sizes",43,220,222,224,922194,456397,11163,320,"",1.22,0.93,0.94,0.94,0.62,1.53,1.52,0.66,"",2,4.9,16,7.8,25,12.7,27,13.7,126761,15.9,43983,10.7,-1829,-14.1,13,4.2
"36093","5","81211","77","0","2016","4","","Schenectady County, New York","Private","NAICS 81211 Hair, nail, and skin care services","County, NAICS 5-digit -- by ownership sector","All establishment sizes",44,229,230,229,907398,323537,7682,304,"",1.24,0.94,0.94,0.95,0.65,1.46,1.42,0.69,"",3,7.3,27,13.4,25,12.2,27,13.4,112889,14.2,8682,2.8,-1629,-17.5,3,1.0
"36093","5","812112","78","0","2016","1","","Schenectady County, New York","Private","NAICS 812112 Beauty salons","County, NAICS 6-digit -- by ownership sector","All establishment sizes",25,129,126,120,497845,474636,9162,306,"",0.98,0.67,0.66,0.63,0.47,0.57,0.58,0.72,"",0,0.0,10,8.4,11,9.6,5,4.3,102453,25.9,83316,21.3,270,3.0,45,17.2
"36093","5","812112","78","0","2016","2","","Schenectady County, New York","Private","NAICS 812112 Beauty salons","County, NAICS 6-digit -- by ownership sector","All establishment sizes",24,120,127,129,557566,365113,7515,342,"",0.93,0.62,0.66,0.66,0.43,0.97,0.84,0.66,"",-1,-4.0,-39,-24.5,-13,-9.3,-2,-1.5,22542,4.2,-468,-0.1,-1156,-13.3,55,19.2
"36093","5","812112","78","0","2016","3","","Schenectady County, New York","Private","NAICS 812112 Beauty salons","County, NAICS 6-digit -- by ownership sector","All establishment sizes",24,129,131,131,583854,238839,4980,345,"",0.93,0.70,0.70,0.70,0.48,1.05,0.98,0.69,"",-1,-4.0,-7,-5.1,0,0.0,1,0.8,76643,15.1,23506,10.9,-102,-2.0,50,16.9
"36093","5","812112","78","0","2016","4","","Schenectady County, New York","Private","NAICS 812112 Beauty salons","County, NAICS 6-digit -- by ownership sector","All establishment sizes",24,137,143,141,572870,212237,4809,314,"",0.92,0.71,0.74,0.74,0.50,1.26,1.27,0.68,"",0,0.0,6,4.6,7,5.1,7,5.2,39153,7.3,25906,13.9,323,7.2,7,2.3
"36093","5","812113","78","0","2016","1","","Schenectady County, New York","Private","NAICS 812113 Nail salons","County, NAICS 6-digit -- by ownership sector","All establishment sizes",19,79,74,78,289686,289686,8433,289,"",2.56,2.12,1.98,2.03,1.82,2.16,2.48,0.89,"N",4,26.7,0,0,0,0,0,0,0,0,0,0,0,0,0,0
"36093","5","812113","78","0","2016","2","","Schenectady County, New York","Private","NAICS 812113 Nail salons","County, NAICS 6-digit -- by ownership sector","All establishment sizes",19,89,89,90,346391,321125,9648,298,"",2.47,2.20,2.17,2.14,1.62,3.86,3.47,0.74,"N",5,35.7,0,0,0,0,0,0,0,0,0,0,0,0,0,0
"36093","5","812113","78","0","2016","3","","Schenectady County, New York","Private","NAICS 812113 Nail salons","County, NAICS 6-digit -- by ownership sector","All establishment sizes",19,91,91,93,338340,217558,6183,284,"",2.45,2.26,2.25,2.29,1.68,3.78,3.36,0.74,"N",4,26.7,0,0,0,0,0,0,0,0,0,0,0,0,0,0
"36093","5","812113","78","0","2016","4","","Schenectady County, New York","Private","NAICS 812113 Nail salons","County, NAICS 6-digit -- by ownership sector","All establishment sizes",20,92,87,88,334528,111300,2873,289,"",2.57,2.25,2.14,2.21,1.80,2.65,2.18,0.82,"N",4,25.0,0,0,0,0,0,0,0,0,0,0,0,0,0,0
"36093","5","81219","77","0","2016","1","","Schenectady County, New York","Private","NAICS 81219 Other personal care services","County, NAICS 5-digit -- by ownership sector","All establishment sizes",8,21,20,20,70869,70666,1675,268,"",1.08,0.33,0.31,0.30,0.22,0.29,0.26,0.69,"",1,14.3,-3,-12.5,-5,-20.0,-6,-23.1,-14518,-17.0,-14481,-17.0,-1796,-51.7,5,1.9
"36093","5","81219","77","0","2016","2","","Schenectady County, New York","Private","NAICS 81219 Other personal care services","County, NAICS 5-digit -- by ownership sector","All establishment sizes",9,22,22,21,70623,59204,1345,251,"",1.18,0.33,0.33,0.31,0.18,0.51,0.38,0.55,"",2,28.6,-3,-12.0,-3,-12.0,-7,-25.0,-11297,-13.8,-3304,-5.3,-1106,-45.1,9,3.7
"36093","5","81219","77","0","2016","3","","Schenectady County, New York","Private","NAICS 81219 Other personal care services","County, NAICS 5-digit -- by ownership sector","All establishment sizes",9,32,35,37,136285,104691,3363,302,"",1.16,0.51,0.55,0.58,0.37,1.35,1.44,0.67,"",2,28.6,6,23.1,12,52.2,14,60.9,58476,75.2,55117,111.2,1456,76.4,53,21.3
"36093","5","81219","77","0","2016","4","","Schenectady County, New York","Private","NAICS 81219 Other personal care services","County, NAICS 5-digit -- by ownership sector","All establishment sizes",10,33,27,87,264448,199026,7487,415,"",1.28,0.50,0.41,1.34,0.77,3.25,4.06,1.02,"",3,42.9,12,57.1,9,50.0,69,383.3,199535,307.4,164201,471.5,6196,479.9,152,57.8
"36093","5","812199","78","0","2016","1","","Schenectady County, New York","Private","NAICS 812199 Other personal care services","County, NAICS 6-digit -- by ownership sector","All establishment sizes",8,21,20,20,70869,70666,1675,268,"",1.23,0.39,0.36,0.36,0.26,0.33,0.30,0.70,"",1,14.3,-3,-12.5,-5,-20.0,-6,-23.1,-14518,-17.0,-14481,-17.0,-1796,-51.7,5,1.9
"36093","5","812199","78","0","2016","2","","Schenectady County, New York","Private","NAICS 812199 Other personal care services","County, NAICS 6-digit -- by ownership sector","All establishment sizes",9,22,22,21,70623,59204,1345,251,"",1.34,0.39,0.39,0.37,0.21,0.58,0.42,0.55,"",2,28.6,-3,-12.0,-3,-12.0,-7,-25.0,-11297,-13.8,-3304,-5.3,-1106,-45.1,9,3.7
"36093","5","812199","78","0","2016","3","","Schenectady County, New York","Private","NAICS 812199 Other personal care services","County, NAICS 6-digit -- by ownership sector","All establishment sizes",9,32,35,37,136285,104691,3363,302,"",1.32,0.59,0.65,0.68,0.43,1.50,1.58,0.67,"",2,28.6,6,23.1,12,52.2,14,60.9,58476,75.2,55117,111.2,1456,76.4,53,21.3
"36093","5","812199","78","0","2016","4","","Schenectady County, New York","Private","NAICS 812199 Other personal care services","County, NAICS 6-digit -- by ownership sector","All establishment sizes",10,33,27,87,264448,199026,7487,415,"",1.46,0.60,0.49,1.58,0.89,3.61,4.43,1.01,"",3,42.9,12,57.1,9,50.0,69,383.3,199535,307.4,164201,471.5,6196,479.9,152,57.8
"36093","5","8122","76","0","2016","1","","Schenectady County, New York","Private","NAICS 8122 Death care services","County, NAICS 4-digit -- by ownership sector","All establishment sizes",16,81,77,76,539802,411053,10779,532,"",2.44,1.37,1.29,1.27,1.05,1.29,1.37,0.80,"",0,0.0,0,0.0,-8,-9.4,-6,-7.3,-54628,-9.2,-50859,-11.0,-4196,-28.0,-21,-3.8
"36093","5","8122","76","0","2016","2","","Schenectady County, New York","Private","NAICS 8122 Death care services","County, NAICS 4-digit -- by ownership sector","All establishment sizes",16,80,84,88,588244,157324,3949,539,"",2.44,1.32,1.37,1.40,0.94,1.70,1.44,0.69,"",0,0.0,-7,-8.0,-7,-7.7,0,0.0,-59447,-9.2,-27171,-14.7,-2082,-34.5,-23,-4.1
"36093","5","8122","76","0","2016","3","","Schenectady County, New York","Private","NAICS 8122 Death care services","County, NAICS 4-digit -- by ownership sector","All establishment sizes",16,90,83,80,660833,124253,3095,603,"",2.44,1.52,1.40,1.34,1.16,2.44,2.02,0.82,"",0,0.0,-7,-7.2,-7,-7.8,-7,-8.0,8864,1.4,16722,15.6,-238,-7.1,54,9.8
"36093","5","8122","76","0","2016","4","","Schenectady County, New York","Private","NAICS 8122 Death care services","County, NAICS 4-digit -- by ownership sector","All establishment sizes",16,77,74,80,760886,109260,2485,760,"",2.44,1.28,1.23,1.34,1.27,2.96,2.49,0.99,"",0,0.0,-4,-4.9,-14,-15.9,-3,-3.6,-14722,-1.9,26466,32.0,240,10.7,50,7.0
"36093","5","81221","77","0","2016","1","","Schenectady County, New York","Private","NAICS 81221 Funeral homes and funeral services","County, NAICS 5-digit -- by ownership sector","All establishment sizes",12,69,65,64,435500,321597,7693,508,"",2.42,1.47,1.37,1.35,1.09,1.29,1.53,0.78,"",0,0.0,0,0.0,-8,-11.0,-5,-7.2,-60653,-12.2,-54675,-14.5,-3938,-33.9,-35,-6.4
"36093","5","81221","77","0","2016","2","","Schenectady County, New York","Private","NAICS 81221 Funeral homes and funeral services","County, NAICS 5-digit -- by ownership sector","All establishment sizes",12,65,68,69,465525,117749,2647,532,"",2.42,1.37,1.44,1.42,0.98,1.67,1.66,0.69,"",0,0.0,-9,-12.2,-8,-10.5,-3,-4.2,-71805,-13.4,-21920,-15.7,-1703,-39.1,-27,-4.8
"36093","5","81221","77","0","2016","3","","Schenectady County, New York","Private","NAICS 81221 Funeral homes and funeral services","County, NAICS 5-digit -- by ownership sector","All establishment sizes",12,71,64,64,533780,95655,2240,619,"",2.42,1.55,1.39,1.39,1.24,2.53,2.61,0.86,"",0,0.0,-9,-11.2,-10,-13.5,-8,-11.1,-9104,-1.7,645,0.7,-679,-23.3,65,11.7
"36093","5","81221","77","0","2016","4","","Schenectady County, New York","Private","NAICS 81221 Funeral homes and funeral services","County, NAICS 5-digit -- by ownership sector","All establishment sizes",12,63,59,66,636598,97002,2221,781,"",2.41,1.34,1.25,1.39,1.35,3.35,3.40,1.02,"",0,0.0,-4,-6.0,-14,-19.2,-3,-4.3,-18496,-2.8,23771,32.5,142,6.8,58,8.0
"36093","5","812210","78","0","2016","1","","Schenectady County, New York","Private","NAICS 812210 Funeral homes and funeral services","County, NAICS 6-digit -- by ownership sector","All establishment sizes",12,69,65,64,435500,321597,7693,508,"",2.42,1.47,1.37,1.35,1.09,1.29,1.53,0.78,"",0,0.0,0,0.0,-8,-11.0,-5,-7.2,-60653,-12.2,-54675,-14.5,-3938,-33.9,-35,-6.4
"36093","5","812210","78","0","2016","2","","Schenectady County, New York","Private","NAICS 812210 Funeral homes and funeral services","County, NAICS 6-digit -- by ownership sector","All establishment sizes",12,65,68,69,465525,117749,2647,532,"",2.42,1.37,1.44,1.42,0.98,1.67,1.66,0.69,"",0,0.0,-9,-12.2,-8,-10.5,-3,-4.2,-71805,-13.4,-21920,-15.7,-1703,-39.1,-27,-4.8
"36093","5","812210","78","0","2016","3","","Schenectady County, New York","Private","NAICS 812210 Funeral homes and funeral services","County, NAICS 6-digit -- by ownership sector","All establishment sizes",12,71,64,64,533780,95655,2240,619,"",2.42,1.55,1.39,1.39,1.24,2.53,2.61,0.86,"",0,0.0,-9,-11.2,-10,-13.5,-8,-11.1,-9104,-1.7,645,0.7,-679,-23.3,65,11.7
"36093","5","812210","78","0","2016","4","","Schenectady County, New York","Private","NAICS 812210 Funeral homes and funeral services","County, NAICS 6-digit -- by ownership sector","All establishment sizes",12,63,59,66,636598,97002,2221,781,"",2.41,1.34,1.25,1.39,1.35,3.35,3.40,1.02,"",0,0.0,-4,-6.0,-14,-19.2,-3,-4.3,-18496,-2.8,23771,32.5,142,6.8,58,8.0
"36093","5","81222","77","0","2016","1","","Schenectady County, New York","Private","NAICS 81222 Cemeteries and crematories","County, NAICS 5-digit -- by ownership sector","All establishment sizes",4,12,12,12,104302,89456,3086,669,"",2.51,1.00,0.99,0.98,0.91,1.31,1.08,0.92,"",0,0.0,0,0.0,0,0.0,-1,-7.7,6025,6.1,3816,4.5,-258,-7.7,56,9.1
"36093","5","81222","77","0","2016","2","","Schenectady County, New York","Private","NAICS 81222 Cemeteries and crematories","County, NAICS 5-digit -- by ownership sector","All establishment sizes",4,15,16,19,122719,39575,1302,566,"",2.51,1.14,1.16,1.33,0.83,1.76,1.13,0.68,"",0,0.0,2,15.4,1,6.7,3,18.8,12358,11.2,-5251,-11.7,-379,-22.5,-13,-2.2
"36093","5","81222","77","0","2016","3","","Schenectady County, New York","Private","NAICS 81222 Cemeteries and crematories","County, NAICS 5-digit -- by ownership sector","All establishment sizes",4,19,19,16,127053,28598,855,543,"",2.51,1.42,1.42,1.20,0.93,2.21,1.28,0.69,"",0,0.0,2,11.8,3,18.8,1,6.7,17968,16.5,16077,128.4,441,106.5,19,3.6
"36093","5","81222","77","0","2016","4","","Schenectady County, New York","Private","NAICS 81222 Cemeteries and crematories","County, NAICS 5-digit -- by ownership sector","All establishment sizes",4,14,15,14,124288,12258,264,667,"",2.52,1.06,1.17,1.13,0.95,1.55,0.77,0.85,"",0,0.0,0,0.0,0,0.0,0,0.0,3774,3.1,2695,28.2,98,59.0,20,3.1
"36093","5","812220","78","0","2016","1","","Schenectady County, New York","Private","NAICS 812220 Cemeteries and crematories","County, NAICS 6-digit -- by ownership sector","All establishment sizes",4,12,12,12,104302,89456,3086,669,"",2.51,1.00,0.99,0.98,0.91,1.31,1.08,0.92,"",0,0.0,0,0.0,0,0.0,-1,-7.7,6025,6.1,3816,4.5,-258,-7.7,56,9.1
"36093","5","812220","78","0","2016","2","","Schenectady County, New York","Private","NAICS 812220 Cemeteries and crematories","County, NAICS 6-digit -- by ownership sector","All establishment sizes",4,15,16,19,122719,39575,1302,566,"",2.51,1.14,1.16,1.33,0.83,1.76,1.13,0.68,"",0,0.0,2,15.4,1,6.7,3,18.8,12358,11.2,-5251,-11.7,-379,-22.5,-13,-2.2
"36093","5","812220","78","0","2016","3","","Schenectady County, New York","Private","NAICS 812220 Cemeteries and crematories","County, NAICS 6-digit -- by ownership sector","All establishment sizes",4,19,19,16,127053,28598,855,543,"",2.51,1.42,1.42,1.20,0.93,2.21,1.28,0.69,"",0,0.0,2,11.8,3,18.8,1,6.7,17968,16.5,16077,128.4,441,106.5,19,3.6
"36093","5","812220","78","0","2016","4","","Schenectady County, New York","Private","NAICS 812220 Cemeteries and crematories","County, NAICS 6-digit -- by ownership sector","All establishment sizes",4,14,15,14,124288,12258,264,667,"",2.52,1.06,1.17,1.13,0.95,1.55,0.77,0.85,"",0,0.0,0,0.0,0,0.0,0,0.0,3774,3.1,2695,28.2,98,59.0,20,3.1
"36093","5","8123","76","0","2016","1","","Schenectady County, New York","Private","NAICS 8123 Drycleaning and laundry services","County, NAICS 4-digit -- by ownership sector","All establishment sizes",15,89,91,88,482205,432245,14366,415,"",1.27,0.67,0.68,0.66,0.55,0.67,0.88,0.82,"",1,7.1,3,3.5,5,5.8,-2,-2.2,27608,6.1,23418,5.7,-1512,-9.5,15,3.8
"36093","5","8123","76","0","2016","2","","Schenectady County, New York","Private","NAICS 8123 Drycleaning and laundry services","County, NAICS 4-digit -- by ownership sector","All establishment sizes",15,96,96,92,583645,328659,11159,474,"",1.26,0.72,0.72,0.68,0.55,1.27,1.54,0.78,"",1,7.1,4,4.3,1,1.1,0,0.0,90545,18.4,54234,19.8,605,5.7,66,16.2
"36093","5","8123","76","0","2016","3","","Schenectady County, New York","Private","NAICS 8123 Drycleaning and laundry services","County, NAICS 4-digit -- by ownership sector","All establishment sizes",15,93,91,88,558835,154172,5315,474,"",1.27,0.72,0.70,0.67,0.54,1.01,1.32,0.77,"",1,7.1,6,6.9,5,5.8,2,2.3,70667,14.5,17937,13.2,158,3.1,39,9.0
"36093","5","8123","76","0","2016","4","","Schenectady County, New York","Private","NAICS 8123 Drycleaning and laundry services","County, NAICS 4-digit -- by ownership sector","All establishment sizes",13,82,85,82,539600,112526,3857,500,"",1.10,0.62,0.64,0.63,0.56,1.01,1.32,0.89,"",-1,-7.1,-1,-1.2,4,4.9,-1,-1.2,28157,5.5,13001,13.1,-50,-1.3,22,4.6
"36093","5","81231","77","0","2016","1","N","Schenectady County, New York","Private","NAICS 81231 Coin-operated laundries and drycleaners","County, NAICS 5-digit -- by ownership sector","All establishment sizes",4,0,0,0,0,0,0,0,"N",1.19,0,0,0,0,0,0,0,"N",0,0.0,0,0,0,0,0,0,0,0,0,0,0,0,0,0
"36093","5","81231","77","0","2016","2","N","Schenectady County, New York","Private","NAICS 81231 Coin-operated laundries and drycleaners","County, NAICS 5-digit -- by ownership sector","All establishment sizes",4,0,0,0,0,0,0,0,"N",1.18,0,0,0,0,0,0,0,"N",0,0.0,0,0,0,0,0,0,0,0,0,0,0,0,0,0
"36093","5","81231","77","0","2016","3","N","Schenectady County, New York","Private","NAICS 81231 Coin-operated laundries and drycleaners","County, NAICS 5-digit -- by ownership sector","All establishment sizes",4,0,0,0,0,0,0,0,"N",1.18,0,0,0,0,0,0,0,"N",0,0.0,0,0,0,0,0,0,0,0,0,0,0,0,0,0
"36093","5","81231","77","0","2016","4","N","Schenectady County, New York","Private","NAICS 81231 Coin-operated laundries and drycleaners","County, NAICS 5-digit -- by ownership sector","All establishment sizes",3,0,0,0,0,0,0,0,"N",0.89,0,0,0,0,0,0,0,"N",-1,-25.0,0,0,0,0,0,0,0,0,0,0,0,0,0,0
"36093","5","812310","78","0","2016","1","N","Schenectady County, New York","Private","NAICS 812310 Coin-operated laundries and drycleaners","County, NAICS 6-digit -- by ownership sector","All establishment sizes",4,0,0,0,0,0,0,0,"N",1.19,0,0,0,0,0,0,0,"N",0,0.0,0,0,0,0,0,0,0,0,0,0,0,0,0,0
"36093","5","812310","78","0","2016","2","N","Schenectady County, New York","Private","NAICS 812310 Coin-operated laundries and drycleaners","County, NAICS 6-digit -- by ownership sector","All establishment sizes",4,0,0,0,0,0,0,0,"N",1.18,0,0,0,0,0,0,0,"N",0,0.0,0,0,0,0,0,0,0,0,0,0,0,0,0,0
"36093","5","812310","78","0","2016","3","N","Schenectady County, New York","Private","NAICS 812310 Coin-operated laundries and drycleaners","County, NAICS 6-digit -- by ownership sector","All establishment sizes",4,0,0,0,0,0,0,0,"N",1.18,0,0,0,0,0,0,0,"N",0,0.0,0,0,0,0,0,0,0,0,0,0,0,0,0,0
"36093","5","812310","78","0","2016","4","N","Schenectady County, New York","Private","NAICS 812310 Coin-operated laundries and drycleaners","County, NAICS 6-digit -- by ownership sector","All establishment sizes",3,0,0,0,0,0,0,0,"N",0.89,0,0,0,0,0,0,0,"N",-1,-25.0,0,0,0,0,0,0,0,0,0,0,0,0,0,0
"36093","5","81232","77","0","2016","1","","Schenectady County, New York","Private","NAICS 81232 Drycleaning and laundry services","County, NAICS 5-digit -- by ownership sector","All establishment sizes",10,73,75,72,397047,349608,11991,416,"",1.34,1.22,1.25,1.20,1.34,1.47,2.54,1.10,"",1,11.1,7,10.6,6,8.7,0,0.0,32997,9.1,27958,8.7,-651,-5.1,10,2.5
"36093","5","81232","77","0","2016","2","","Schenectady County, New York","Private","NAICS 81232 Drycleaning and laundry services","County, NAICS 5-digit -- by ownership sector","All establishment sizes",10,79,76,71,455969,260613,9176,466,"",1.33,1.31,1.26,1.16,1.28,2.24,3.28,1.03,"",1,11.1,8,11.3,5,7.0,3,4.4,75956,20.0,57126,28.1,1259,15.9,48,11.5
"36093","5","81232","77","0","2016","3","","Schenectady County, New York","Private","NAICS 81232 Drycleaning and laundry services","County, NAICS 5-digit -- by ownership sector","All establishment sizes",10,69,67,69,408956,108318,3866,460,"",1.34,1.19,1.16,1.18,1.23,1.59,2.46,1.05,"",1,11.1,7,11.3,3,4.7,1,1.5,40999,11.1,11907,12.4,307,8.6,22,5.0
"36093","5","81232","77","0","2016","4","","Schenectady County, New York","Private","NAICS 81232 Drycleaning and laundry services","County, NAICS 5-digit -- by ownership sector","All establishment sizes",9,62,64,62,418107,82869,2870,513,"",1.21,1.05,1.08,1.06,1.31,1.62,2.45,1.23,"",0,0.0,-2,-3.1,2,3.2,-3,-4.6,24910,6.3,-1811,-2.1,-406,-12.4,38,8.0
"36093","5","812320","78","0","2016","1","","Schenectady County, New York","Private","NAICS 812320 Drycleaning and laundry services","County, NAICS 6-digit -- by ownership sector","All establishment sizes",10,73,75,72,397047,349608,11991,416,"",1.34,1.22,1.25,1.20,1.34,1.47,2.54,1.10,"",1,11.1,7,10.6,6,8.7,0,0.0,32997,9.1,27958,8.7,-651,-5.1,10,2.5
"36093","5","812320","78","0","2016","2","","Schenectady County, New York","Private","NAICS 812320 Drycleaning and laundry services","County, NAICS 6-digit -- by ownership sector","All establishment sizes",10,79,76,71,455969,260613,9176,466,"",1.33,1.31,1.26,1.16,1.28,2.24,3.28,1.03,"",1,11.1,8,11.3,5,7.0,3,4.4,75956,20.0,57126,28.1,1259,15.9,48,11.5
"36093","5","812320","78","0","2016","3","","Schenectady County, New York","Private","NAICS 812320 Drycleaning and laundry services","County, NAICS 6-digit -- by ownership sector","All establishment sizes",10,69,67,69,408956,108318,3866,460,"",1.34,1.19,1.16,1.18,1.23,1.59,2.46,1.05,"",1,11.1,7,11.3,3,4.7,1,1.5,40999,11.1,11907,12.4,307,8.6,22,5.0
"36093","5","812320","78","0","2016","4","","Schenectady County, New York","Private","NAICS 812320 Drycleaning and laundry services","County, NAICS 6-digit -- by ownership sector","All establishment sizes",9,62,64,62,418107,82869,2870,513,"",1.21,1.05,1.08,1.06,1.31,1.62,2.45,1.23,"",0,0.0,-2,-3.1,2,3.2,-3,-4.6,24910,6.3,-1811,-2.1,-406,-12.4,38,8.0
"36093","5","81233","77","0","2016","1","N","Schenectady County, New York","Private","NAICS 81233 Linen and uniform supply","County, NAICS 5-digit -- by ownership sector","All establishment sizes",1,0,0,0,0,0,0,0,"N",1.02,0,0,0,0,0,0,0,"N",0,0.0,0,0,0,0,0,0,0,0,0,0,0,0,0,0
"36093","5","81233","77","0","2016","2","N","Schenectady County, New York","Private","NAICS 81233 Linen and uniform supply","County, NAICS 5-digit -- by ownership sector","All establishment sizes",1,0,0,0,0,0,0,0,"N",1.02,0,0,0,0,0,0,0,"N",0,0.0,0,0,0,0,0,0,0,0,0,0,0,0,0,0
"36093","5","81233","77","0","2016","3","N","Schenectady County, New York","Private","NAICS 81233 Linen and uniform supply","County, NAICS 5-digit -- by ownership sector","All establishment sizes",1,0,0,0,0,0,0,0,"N",1.01,0,0,0,0,0,0,0,"N",0,0.0,0,0,0,0,0,0,0,0,0,0,0,0,0,0
"36093","5","81233","77","0","2016","4","N","Schenectady County, New York","Private","NAICS 81233 Linen and uniform supply","County, NAICS 5-digit -- by ownership sector","All establishment sizes",1,0,0,0,0,0,0,0,"N",1.01,0,0,0,0,0,0,0,"N",0,0.0,0,0,0,0,0,0,0,0,0,0,0,0,0,0
"36093","5","812331","78","0","2016","1","N","Schenectady County, New York","Private","NAICS 812331 Linen supply","County, NAICS 6-digit -- by ownership sector","All establishment sizes",1,0,0,0,0,0,0,0,"N",1.99,0,0,0,0,0,0,0,"N",0,0.0,0,0,0,0,0,0,0,0,0,0,0,0,0,0
"36093","5","812331","78","0","2016","2","N","Schenectady County, New York","Private","NAICS 812331 Linen supply","County, NAICS 6-digit -- by ownership sector","All establishment sizes",1,0,0,0,0,0,0,0,"N",1.99,0,0,0,0,0,0,0,"N",0,0.0,0,0,0,0,0,0,0,0,0,0,0,0,0,0
"36093","5","812331","78","0","2016","3","N","Schenectady County, New York","Private","NAICS 812331 Linen supply","County, NAICS 6-digit -- by ownership sector","All establishment sizes",1,0,0,0,0,0,0,0,"N",1.99,0,0,0,0,0,0,0,"N",0,0.0,0,0,0,0,0,0,0,0,0,0,0,0,0,0
"36093","5","812331","78","0","2016","4","N","Schenectady County, New York","Private","NAICS 812331 Linen supply","County, NAICS 6-digit -- by ownership sector","All establishment sizes",1,0,0,0,0,0,0,0,"N",1.98,0,0,0,0,0,0,0,"N",0,0.0,0,0,0,0,0,0,0,0,0,0,0,0,0,0
"36093","5","8129","76","0","2016","1","","Schenectady County, New York","Private","NAICS 8129 Other personal services","County, NAICS 4-digit -- by ownership sector","All establishment sizes",8,22,24,25,121857,117072,4218,396,"",0.55,0.16,0.18,0.18,0.15,0.21,0.25,0.84,"",2,33.3,-2,-8.3,-1,-4.0,3,13.6,12889,11.8,8304,7.6,-2019,-32.4,42,11.9
"36093","5","8129","76","0","2016","2","","Schenectady County, New York","Private","NAICS 8129 Other personal services","County, NAICS 4-digit -- by ownership sector","All establishment sizes",10,31,38,40,151330,99729,4239,320,"",0.67,0.22,0.27,0.27,0.15,0.40,0.50,0.60,"",4,66.7,7,29.2,14,58.3,15,60.0,25468,20.2,18354,22.6,-551,-11.5,-78,-19.6
"36093","5","8129","76","0","2016","3","","Schenectady County, New York","Private","NAICS 8129 Other personal services","County, NAICS 4-digit -- by ownership sector","All establishment sizes",10,43,47,47,181834,86297,4046,306,"",0.66,0.31,0.33,0.33,0.18,0.52,0.77,0.56,"",4,66.7,18,72.0,21,80.8,24,104.3,60796,50.2,37128,75.5,1714,73.5,-71,-18.8
"36093","5","8129","76","0","2016","4","","Schenectady County, New York","Private","NAICS 8129 Other personal services","County, NAICS 4-digit -- by ownership sector","All establishment sizes",10,44,44,44,171205,71838,3850,299,"",0.66,0.30,0.30,0.31,0.18,0.55,0.94,0.59,"",4,66.7,23,109.5,22,100.0,20,83.3,40571,31.1,37542,109.5,2222,136.5,-151,-33.6
"36093","5","81291","77","0","2016","1","N","Schenectady County, New York","Private","NAICS 81291 Pet care, except veterinary, services","County, NAICS 5-digit -- by ownership sector","All establishment sizes",5,0,0,0,0,0,0,0,"N",0.86,0,0,0,0,0,0,0,"N",0,0.0,0,0,0,0,0,0,0,0,0,0,0,0,0,0
"36093","5","81291","77","0","2016","2","N","Schenectady County, New York","Private","NAICS 81291 Pet care, except veterinary, services","County, NAICS 5-digit -- by ownership sector","All establishment sizes",7,0,0,0,0,0,0,0,"N",1.18,0,0,0,0,0,0,0,"N",2,40.0,0,0,0,0,0,0,0,0,0,0,0,0,0,0
"36093","5","81291","77","0","2016","3","","Schenectady County, New York","Private","NAICS 81291 Pet care, except veterinary, services","County, NAICS 5-digit -- by ownership sector","All establishment sizes",7,33,33,32,132423,70939,3416,312,"",1.17,0.69,0.69,0.69,0.50,1.16,1.98,0.72,"N",2,40.0,0,0,0,0,0,0,0,0,0,0,0,0,0,0
"36093","5","81291","77","0","2016","4","","Schenectady County, New York","Private","NAICS 81291 Pet care, except veterinary, services","County, NAICS 5-digit -- by ownership sector","All establishment sizes",7,31,33,33,133619,62430,3500,318,"",1.16,0.65,0.68,0.69,0.53,1.33,2.68,0.79,"N",2,40.0,0,0,0,0,0,0,0,0,0,0,0,0,0,0
"36093","5","812910","78","0","2016","1","N","Schenectady County, New York","Private","NAICS 812910 Pet care, except veterinary, services","County, NAICS 6-digit -- by ownership sector","All establishment sizes",5,0,0,0,0,0,0,0,"N",0.86,0,0,0,0,0,0,0,"N",0,0.0,0,0,0,0,0,0,0,0,0,0,0,0,0,0
"36093","5","812910","78","0","2016","2","N","Schenectady County, New York","Private","NAICS 812910 Pet care, except veterinary, services","County, NAICS 6-digit -- by ownership sector","All establishment sizes",7,0,0,0,0,0,0,0,"N",1.18,0,0,0,0,0,0,0,"N",2,40.0,0,0,0,0,0,0,0,0,0,0,0,0,0,0
"36093","5","812910","78","0","2016","3","","Schenectady County, New York","Private","NAICS 812910 Pet care, except veterinary, services","County, NAICS 6-digit -- by ownership sector","All establishment sizes",7,33,33,32,132423,70939,3416,312,"",1.17,0.69,0.69,0.69,0.50,1.16,1.98,0.72,"N",2,40.0,0,0,0,0,0,0,0,0,0,0,0,0,0,0
"36093","5","812910","78","0","2016","4","","Schenectady County, New York","Private","NAICS 812910 Pet care, except veterinary, services","County, NAICS 6-digit -- by ownership sector","All establishment sizes",7,31,33,33,133619,62430,3500,318,"",1.16,0.65,0.68,0.69,0.53,1.33,2.68,0.79,"N",2,40.0,0,0,0,0,0,0,0,0,0,0,0,0,0,0
"36093","5","81299","77","0","2016","1","N","Schenectady County, New York","Private","NAICS 81299 All other personal services","County, NAICS 5-digit -- by ownership sector","All establishment sizes",3,0,0,0,0,0,0,0,"N",0.51,0,0,0,0,0,0,0,"N",2,200.0,0,0,0,0,0,0,0,0,0,0,0,0,0,0
"36093","5","81299","77","0","2016","2","N","Schenectady County, New York","Private","NAICS 81299 All other personal services","County, NAICS 5-digit -- by ownership sector","All establishment sizes",3,0,0,0,0,0,0,0,"N",0.50,0,0,0,0,0,0,0,"N",2,200.0,0,0,0,0,0,0,0,0,0,0,0,0,0,0
"36093","5","81299","77","0","2016","3","","Schenectady County, New York","Private","NAICS 81299 All other personal services","County, NAICS 5-digit -- by ownership sector","All establishment sizes",3,10,14,15,49411,15358,630,292,"",0.49,0.35,0.49,0.52,0.16,0.44,0.55,0.36,"N",2,200.0,0,0,0,0,0,0,0,0,0,0,0,0,0,0
"36093","5","81299","77","0","2016","4","","Schenectady County, New York","Private","NAICS 81299 All other personal services","County, NAICS 5-digit -- by ownership sector","All establishment sizes",3,13,11,11,37586,9408,350,248,"",0.49,0.44,0.37,0.38,0.13,0.32,0.36,0.34,"N",2,200.0,0,0,0,0,0,0,0,0,0,0,0,0,0,0
"36093","5","812990","78","0","2016","1","N","Schenectady County, New York","Private","NAICS 812990 All other personal services","County, NAICS 6-digit -- by ownership sector","All establishment sizes",3,0,0,0,0,0,0,0,"N",0.51,0,0,0,0,0,0,0,"N",2,200.0,0,0,0,0,0,0,0,0,0,0,0,0,0,0
"36093","5","812990","78","0","2016","2","N","Schenectady County, New York","Private","NAICS 812990 All other personal services","County, NAICS 6-digit -- by ownership sector","All establishment sizes",3,0,0,0,0,0,0,0,"N",0.50,0,0,0,0,0,0,0,"N",2,200.0,0,0,0,0,0,0,0,0,0,0,0,0,0,0
"36093","5","812990","78","0","2016","3","","Schenectady County, New York","Private","NAICS 812990 All other personal services","County, NAICS 6-digit -- by ownership sector","All establishment sizes",3,10,14,15,49411,15358,630,292,"",0.49,0.35,0.49,0.52,0.16,0.44,0.55,0.36,"N",2,200.0,0,0,0,0,0,0,0,0,0,0,0,0,0,0
"36093","5","812990","78","0","2016","4","","Schenectady County, New York","Private","NAICS 812990 All other personal services","County, NAICS 6-digit -- by ownership sector","All establishment sizes",3,13,11,11,37586,9408,350,248,"",0.49,0.44,0.37,0.38,0.13,0.32,0.36,0.34,"N",2,200.0,0,0,0,0,0,0,0,0,0,0,0,0,0,0
"36093","5","813","75","0","2016","1","","Schenectady County, New York","Private","NAICS 813 Membership associations and organizations","County, NAICS 3-digit -- by ownership sector","All establishment sizes",105,853,832,813,3794301,1097820,27342,351,"",2.05,1.45,1.40,1.36,0.62,0.45,0.38,0.44,"",-3,-2.8,-43,-4.8,-68,-7.6,-84,-9.4,-146700,-3.7,-119078,-9.8,-9241,-25.3,13,3.8
"36093","5","813","75","0","2016","2","","Schenectady County, New York","Private","NAICS 813 Membership associations and organizations","County, NAICS 3-digit -- by ownership sector","All establishment sizes",104,840,834,830,4016912,481714,11693,370,"",2.01,1.39,1.37,1.30,0.57,0.79,0.56,0.42,"",-3,-2.8,1,0.1,-80,-8.8,-38,-4.4,-149673,-3.6,-159051,-24.8,-6334,-35.1,3,0.8
"36093","5","813","75","0","2016","3","","Schenectady County, New York","Private","NAICS 813 Membership associations and organizations","County, NAICS 3-digit -- by ownership sector","All establishment sizes",104,879,857,843,4251140,277528,5996,380,"",2.01,1.44,1.42,1.42,0.63,0.68,0.42,0.44,"",-4,-3.7,17,2.0,-9,-1.0,4,0.5,40433,1.0,-116341,-29.5,-5688,-48.7,1,0.3
"36093","5","813","75","0","2016","4","","Schenectady County, New York","Private","NAICS 813 Membership associations and organizations","County, NAICS 3-digit -- by ownership sector","All establishment sizes",104,831,856,824,3905926,222759,4556,359,"",2.01,1.36,1.40,1.38,0.61,0.76,0.44,0.44,"",-4,-3.7,-61,-6.8,-47,-5.2,-58,-6.6,-399098,-9.3,-114437,-33.9,-4845,-51.5,-12,-3.2
"36093","5","8131","76","0","2016","1","","Schenectady County, New York","Private","NAICS 8131 Religious organizations","County, NAICS 4-digit -- by ownership sector","All establishment sizes",61,384,377,354,1867419,326874,7065,386,"",7.49,4.53,4.41,4.17,3.33,1.89,1.32,0.76,"",-2,-3.2,-63,-14.1,-78,-17.1,-82,-18.8,-186047,-9.1,-120744,-27.0,-4384,-38.3,32,9.0
"36093","5","8131","76","0","2016","2","","Schenectady County, New York","Private","NAICS 8131 Religious organizations","County, NAICS 4-digit -- by ownership sector","All establishment sizes",61,370,370,332,1939983,192131,3896,418,"",7.42,4.30,4.28,3.88,2.96,3.16,1.91,0.71,"",-2,-3.2,-13,-3.4,-79,-17.6,-57,-14.7,-88873,-4.4,-143744,-42.8,-4248,-52.2,35,9.1
"36093","5","8131","76","0","2016","3","","Schenectady County, New York","Private","NAICS 8131 Religious organizations","County, NAICS 4-digit -- by ownership sector","All establishment sizes",61,368,355,403,1929931,112199,2145,396,"",7.42,4.65,4.48,4.90,3.17,2.76,1.64,0.68,"",-2,-3.2,18,5.1,-5,-1.4,19,4.9,-45271,-2.3,-67334,-37.5,-2161,-50.2,-21,-5.0
"36093","5","8131","76","0","2016","4","","Schenectady County, New York","Private","NAICS 8131 Religious organizations","County, NAICS 4-digit -- by ownership sector","All establishment sizes",61,382,394,378,1906305,101429,1969,381,"",7.42,4.46,4.56,4.44,3.20,3.12,1.95,0.71,"",-2,-3.2,-56,-12.8,-42,-9.6,-44,-10.4,-139965,-6.8,-70615,-41.0,-2550,-56.4,17,4.7
"36093","5","81311","77","0","2016","1","","Schenectady County, New York","Private","NAICS 81311 Religious organizations","County, NAICS 5-digit -- by ownership sector","All establishment sizes",61,384,377,354,1867419,326874,7065,386,"",7.49,4.53,4.41,4.17,3.33,1.89,1.32,0.76,"",-2,-3.2,-63,-14.1,-78,-17.1,-82,-18.8,-186047,-9.1,-120744,-27.0,-4384,-38.3,32,9.0
"36093","5","81311","77","0","2016","2","","Schenectady County, New York","Private","NAICS 81311 Religious organizations","County, NAICS 5-digit -- by ownership sector","All establishment sizes",61,370,370,332,1939983,192131,3896,418,"",7.42,4.30,4.28,3.88,2.96,3.16,1.91,0.71,"",-2,-3.2,-13,-3.4,-79,-17.6,-57,-14.7,-88873,-4.4,-143744,-42.8,-4248,-52.2,35,9.1
"36093","5","81311","77","0","2016","3","","Schenectady County, New York","Private","NAICS 81311 Religious organizations","County, NAICS 5-digit -- by ownership sector","All establishment sizes",61,368,355,403,1929931,112199,2145,396,"",7.42,4.65,4.48,4.90,3.17,2.76,1.64,0.68,"",-2,-3.2,18,5.1,-5,-1.4,19,4.9,-45271,-2.3,-67334,-37.5,-2161,-50.2,-21,-5.0
"36093","5","81311","77","0","2016","4","","Schenectady County, New York","Private","NAICS 81311 Religious organizations","County, NAICS 5-digit -- by ownership sector","All establishment sizes",61,382,394,378,1906305,101429,1969,381,"",7.42,4.46,4.56,4.44,3.20,3.12,1.95,0.71,"",-2,-3.2,-56,-12.8,-42,-9.6,-44,-10.4,-139965,-6.8,-70615,-41.0,-2550,-56.4,17,4.7
"36093","5","813110","78","0","2016","1","","Schenectady County, New York","Private","NAICS 813110 Religious organizations","County, NAICS 6-digit -- by ownership sector","All establishment sizes",61,384,377,354,1867419,326874,7065,386,"",7.49,4.53,4.41,4.17,3.33,1.89,1.32,0.76,"",-2,-3.2,-63,-14.1,-78,-17.1,-82,-18.8,-186047,-9.1,-120744,-27.0,-4384,-38.3,32,9.0
"36093","5","813110","78","0","2016","2","","Schenectady County, New York","Private","NAICS 813110 Religious organizations","County, NAICS 6-digit -- by ownership sector","All establishment sizes",61,370,370,332,1939983,192131,3896,418,"",7.42,4.30,4.28,3.88,2.96,3.16,1.91,0.71,"",-2,-3.2,-13,-3.4,-79,-17.6,-57,-14.7,-88873,-4.4,-143744,-42.8,-4248,-52.2,35,9.1
"36093","5","813110","78","0","2016","3","","Schenectady County, New York","Private","NAICS 813110 Religious organizations","County, NAICS 6-digit -- by ownership sector","All establishment sizes",61,368,355,403,1929931,112199,2145,396,"",7.42,4.65,4.48,4.90,3.17,2.76,1.64,0.68,"",-2,-3.2,18,5.1,-5,-1.4,19,4.9,-45271,-2.3,-67334,-37.5,-2161,-50.2,-21,-5.0
"36093","5","813110","78","0","2016","4","","Schenectady County, New York","Private","NAICS 813110 Religious organizations","County, NAICS 6-digit -- by ownership sector","All establishment sizes",61,382,394,378,1906305,101429,1969,381,"",7.42,4.46,4.56,4.44,3.20,3.12,1.95,0.71,"",-2,-3.2,-56,-12.8,-42,-9.6,-44,-10.4,-139965,-6.8,-70615,-41.0,-2550,-56.4,17,4.7
"36093","5","8132","76","0","2016","1","","Schenectady County, New York","Private","NAICS 8132 Grantmaking and giving services","County, NAICS 4-digit -- by ownership sector","All establishment sizes",7,17,18,18,111056,86702,2296,484,"",1.30,0.28,0.29,0.29,0.12,0.29,0.25,0.41,"",0,0.0,3,21.4,4,28.6,4,28.6,23991,27.6,20825,31.6,-84,-3.5,6,1.3
"36093","5","8132","76","0","2016","2","","Schenectady County, New York","Private","NAICS 8132 Grantmaking and giving services","County, NAICS 4-digit -- by ownership sector","All establishment sizes",6,12,13,13,113673,28222,879,690,"",1.09,0.19,0.21,0.20,0.10,0.48,0.45,0.52,"",-1,-14.3,-3,-20.0,-2,-13.3,-3,-18.8,187,0.2,-6183,-18.0,-455,-34.1,121,21.3
"36093","5","8132","76","0","2016","3","","Schenectady County, New York","Private","NAICS 8132 Grantmaking and giving services","County, NAICS 4-digit -- by ownership sector","All establishment sizes",6,13,13,13,123440,12360,283,730,"",1.08,0.21,0.21,0.21,0.12,0.33,0.21,0.55,"",-1,-14.3,-2,-13.3,-2,-13.3,-3,-18.8,16903,15.9,-1998,-13.9,-498,-63.8,196,36.7
"36093","5","8132","76","0","2016","4","","Schenectady County, New York","Private","NAICS 8132 Grantmaking and giving services","County, NAICS 4-digit -- by ownership sector","All establishment sizes",6,12,12,12,117676,3950,119,754,"",1.08,0.19,0.19,0.19,0.12,0.15,0.13,0.62,"",-1,-14.3,-7,-36.8,-6,-33.3,-5,-29.4,-4735,-3.9,-11821,-75.0,-599,-83.4,231,44.2
"36093","5","81321","77","0","2016","1","","Schenectady County, New York","Private","NAICS 81321 Grantmaking and giving services","County, NAICS 5-digit -- by ownership sector","All establishment sizes",7,17,18,18,111056,86702,2296,484,"",1.30,0.28,0.29,0.29,0.12,0.29,0.25,0.41,"",0,0.0,3,21.4,4,28.6,4,28.6,23991,27.6,20825,31.6,-84,-3.5,6,1.3
"36093","5","81321","77","0","2016","2","","Schenectady County, New York","Private","NAICS 81321 Grantmaking and giving services","County, NAICS 5-digit -- by ownership sector","All establishment sizes",6,12,13,13,113673,28222,879,690,"",1.09,0.19,0.21,0.20,0.10,0.48,0.45,0.52,"",-1,-14.3,-3,-20.0,-2,-13.3,-3,-18.8,187,0.2,-6183,-18.0,-455,-34.1,121,21.3
"36093","5","81321","77","0","2016","3","","Schenectady County, New York","Private","NAICS 81321 Grantmaking and giving services","County, NAICS 5-digit -- by ownership sector","All establishment sizes",6,13,13,13,123440,12360,283,730,"",1.08,0.21,0.21,0.21,0.12,0.33,0.21,0.55,"",-1,-14.3,-2,-13.3,-2,-13.3,-3,-18.8,16903,15.9,-1998,-13.9,-498,-63.8,196,36.7
"36093","5","81321","77","0","2016","4","","Schenectady County, New York","Private","NAICS 81321 Grantmaking and giving services","County, NAICS 5-digit -- by ownership sector","All establishment sizes",6,12,12,12,117676,3950,119,754,"",1.08,0.19,0.19,0.19,0.12,0.15,0.13,0.62,"",-1,-14.3,-7,-36.8,-6,-33.3,-5,-29.4,-4735,-3.9,-11821,-75.0,-599,-83.4,231,44.2
"36093","5","813211","78","0","2016","1","N","Schenectady County, New York","Private","NAICS 813211 Grantmaking foundations","County, NAICS 6-digit -- by ownership sector","All establishment sizes",4,0,0,0,0,0,0,0,"N",1.41,0,0,0,0,0,0,0,"N",0,0.0,0,0,0,0,0,0,0,0,0,0,0,0,0,0
"36093","5","813211","78","0","2016","2","N","Schenectady County, New York","Private","NAICS 813211 Grantmaking foundations","County, NAICS 6-digit -- by ownership sector","All establishment sizes",4,0,0,0,0,0,0,0,"N",1.37,0,0,0,0,0,0,0,"N",0,0.0,0,0,0,0,0,0,0,0,0,0,0,0,0,0
"36093","5","813211","78","0","2016","3","","Schenectady County, New York","Private","NAICS 813211 Grantmaking foundations","County, NAICS 6-digit -- by ownership sector","All establishment sizes",4,5,5,5,71850,5605,95,1105,"",1.36,0.18,0.18,0.18,0.13,0.31,0.16,0.75,"N",0,0.0,0,0,0,0,0,0,0,0,0,0,0,0,0,0
"36093","5","813211","78","0","2016","4","N","Schenectady County, New York","Private","NAICS 813211 Grantmaking foundations","County, NAICS 6-digit -- by ownership sector","All establishment sizes",4,0,0,0,0,0,0,0,"N",1.34,0,0,0,0,0,0,0,"N",0,0.0,0,0,0,0,0,0,0,0,0,0,0,0,0,0
"36093","5","813212","78","0","2016","1","N","Schenectady County, New York","Private","NAICS 813212 Voluntary health organizations","County, NAICS 6-digit -- by ownership sector","All establishment sizes",2,0,0,0,0,0,0,0,"N",1.49,0,0,0,0,0,0,0,"N",0,0.0,0,0,0,0,0,0,0,0,0,0,0,0,0,0
"36093","5","813212","78","0","2016","2","N","Schenectady County, New York","Private","NAICS 813212 Voluntary health organizations","County, NAICS 6-digit -- by ownership sector","All establishment sizes",1,0,0,0,0,0,0,0,"N",0.73,0,0,0,0,0,0,0,"N",-1,-50.0,0,0,0,0,0,0,0,0,0,0,0,0,0,0
"36093","5","813212","78","0","2016","3","N","Schenectady County, New York","Private","NAICS 813212 Voluntary health organizations","County, NAICS 6-digit -- by ownership sector","All establishment sizes",1,0,0,0,0,0,0,0,"N",0.73,0,0,0,0,0,0,0,"N",-1,-50.0,0,0,0,0,0,0,0,0,0,0,0,0,0,0
"36093","5","813212","78","0","2016","4","N","Schenectady County, New York","Private","NAICS 813212 Voluntary health organizations","County, NAICS 6-digit -- by ownership sector","All establishment sizes",1,0,0,0,0,0,0,0,"N",0.74,0,0,0,0,0,0,0,"N",-1,-50.0,0,0,0,0,0,0,0,0,0,0,0,0,0,0
"36093","5","813219","78","0","2016","1","N","Schenectady County, New York","Private","NAICS 813219 Other grantmaking and giving services","County, NAICS 6-digit -- by ownership sector","All establishment sizes",1,0,0,0,0,0,0,0,"N",0.82,0,0,0,0,0,0,0,"N",0,0.0,0,0,0,0,0,0,0,0,0,0,0,0,0,0
"36093","5","813219","78","0","2016","2","N","Schenectady County, New York","Private","NAICS 813219 Other grantmaking and giving services","County, NAICS 6-digit -- by ownership sector","All establishment sizes",1,0,0,0,0,0,0,0,"N",0.81,0,0,0,0,0,0,0,"N",0,0.0,0,0,0,0,0,0,0,0,0,0,0,0,0,0
"36093","5","813219","78","0","2016","3","N","Schenectady County, New York","Private","NAICS 813219 Other grantmaking and giving services","County, NAICS 6-digit -- by ownership sector","All establishment sizes",1,0,0,0,0,0,0,0,"N",0.81,0,0,0,0,0,0,0,"N",0,0.0,0,0,0,0,0,0,0,0,0,0,0,0,0,0
"36093","5","813219","78","0","2016","4","N","Schenectady County, New York","Private","NAICS 813219 Other grantmaking and giving services","County, NAICS 6-digit -- by ownership sector","All establishment sizes",1,0,0,0,0,0,0,0,"N",0.81,0,0,0,0,0,0,0,"N",0,0.0,0,0,0,0,0,0,0,0,0,0,0,0,0,0
"36093","5","8133","76","0","2016","1","","Schenectady County, New York","Private","NAICS 8133 Social advocacy organizations","County, NAICS 4-digit -- by ownership sector","All establishment sizes",7,48,46,47,367731,294986,10207,602,"",0.93,0.54,0.51,0.52,0.37,0.66,0.66,0.70,"",1,16.7,7,17.1,4,9.5,3,6.8,20844,6.0,18998,6.9,-948,-8.5,-28,-4.4
"36093","5","8133","76","0","2016","2","","Schenectady County, New York","Private","NAICS 8133 Social advocacy organizations","County, NAICS 4-digit -- by ownership sector","All establishment sizes",7,48,45,47,423641,117451,4239,698,"",0.92,0.52,0.49,0.49,0.36,0.96,0.86,0.71,"",1,16.7,2,4.3,-2,-4.3,-4,-7.8,53422,14.4,-18900,-13.9,-1216,-22.3,105,17.7
"36093","5","8133","76","0","2016","3","","Schenectady County, New York","Private","NAICS 8133 Social advocacy organizations","County, NAICS 4-digit -- by ownership sector","All establishment sizes",7,47,46,46,397177,44182,1612,659,"",0.91,0.51,0.50,0.50,0.35,0.57,0.53,0.70,"",0,0.0,0,0.0,-5,-9.8,-7,-13.2,-47098,-10.6,-52530,-54.3,-2374,-59.6,-20,-2.9
"36093","5","8133","76","0","2016","4","","Schenectady County, New York","Private","NAICS 8133 Social advocacy organizations","County, NAICS 4-digit -- by ownership sector","All establishment sizes",7,42,41,42,407411,20407,725,752,"",0.91,0.45,0.44,0.46,0.38,0.37,0.33,0.84,"",0,0.0,-5,-10.6,-11,-21.2,-8,-16.0,-29241,-6.7,-25987,-56.0,-1109,-60.5,76,11.2
"36093","5","81331","77","0","2016","1","","Schenectady County, New York","Private","NAICS 81331 Social advocacy organizations","County, NAICS 5-digit -- by ownership sector","All establishment sizes",7,48,46,47,367731,294986,10207,602,"",0.93,0.54,0.51,0.52,0.37,0.66,0.66,0.70,"",1,16.7,7,17.1,4,9.5,3,6.8,20844,6.0,18998,6.9,-948,-8.5,-28,-4.4
"36093","5","81331","77","0","2016","2","","Schenectady County, New York","Private","NAICS 81331 Social advocacy organizations","County, NAICS 5-digit -- by ownership sector","All establishment sizes",7,48,45,47,423641,117451,4239,698,"",0.92,0.52,0.49,0.49,0.36,0.96,0.86,0.71,"",1,16.7,2,4.3,-2,-4.3,-4,-7.8,53422,14.4,-18900,-13.9,-1216,-22.3,105,17.7
"36093","5","81331","77","0","2016","3","","Schenectady County, New York","Private","NAICS 81331 Social advocacy organizations","County, NAICS 5-digit -- by ownership sector","All establishment sizes",7,47,46,46,397177,44182,1612,659,"",0.91,0.51,0.50,0.50,0.35,0.57,0.53,0.70,"",0,0.0,0,0.0,-5,-9.8,-7,-13.2,-47098,-10.6,-52530,-54.3,-2374,-59.6,-20,-2.9
"36093","5","81331","77","0","2016","4","","Schenectady County, New York","Private","NAICS 81331 Social advocacy organizations","County, NAICS 5-digit -- by ownership sector","All establishment sizes",7,42,41,42,407411,20407,725,752,"",0.91,0.45,0.44,0.46,0.38,0.37,0.33,0.84,"",0,0.0,-5,-10.6,-11,-21.2,-8,-16.0,-29241,-6.7,-25987,-56.0,-1109,-60.5,76,11.2
"36093","5","813312","78","0","2016","1","N","Schenectady County, New York","Private","NAICS 813312 Environment and conservation organizations","County, NAICS 6-digit -- by ownership sector","All establishment sizes",4,0,0,0,0,0,0,0,"N",1.84,0,0,0,0,0,0,0,"N",0,0.0,0,0,0,0,0,0,0,0,0,0,0,0,0,0
"36093","5","813312","78","0","2016","2","N","Schenectady County, New York","Private","NAICS 813312 Environment and conservation organizations","County, NAICS 6-digit -- by ownership sector","All establishment sizes",4,0,0,0,0,0,0,0,"N",1.81,0,0,0,0,0,0,0,"N",0,0.0,0,0,0,0,0,0,0,0,0,0,0,0,0,0
"36093","5","813312","78","0","2016","3","N","Schenectady County, New York","Private","NAICS 813312 Environment and conservation organizations","County, NAICS 6-digit -- by ownership sector","All establishment sizes",4,0,0,0,0,0,0,0,"N",1.81,0,0,0,0,0,0,0,"N",0,0.0,0,0,0,0,0,0,0,0,0,0,0,0,0,0
"36093","5","813312","78","0","2016","4","N","Schenectady County, New York","Private","NAICS 813312 Environment and conservation organizations","County, NAICS 6-digit -- by ownership sector","All establishment sizes",4,0,0,0,0,0,0,0,"N",1.79,0,0,0,0,0,0,0,"N",0,0.0,0,0,0,0,0,0,0,0,0,0,0,0,0,0
"36093","5","813319","78","0","2016","1","N","Schenectady County, New York","Private","NAICS 813319 Other social advocacy organizations","County, NAICS 6-digit -- by ownership sector","All establishment sizes",3,0,0,0,0,0,0,0,"N",0.79,0,0,0,0,0,0,0,"N",1,50.0,0,0,0,0,0,0,0,0,0,0,0,0,0,0
"36093","5","813319","78","0","2016","2","N","Schenectady County, New York","Private","NAICS 813319 Other social advocacy organizations","County, NAICS 6-digit -- by ownership sector","All establishment sizes",3,0,0,0,0,0,0,0,"N",0.78,0,0,0,0,0,0,0,"N",1,50.0,0,0,0,0,0,0,0,0,0,0,0,0,0,0
"36093","5","813319","78","0","2016","3","N","Schenectady County, New York","Private","NAICS 813319 Other social advocacy organizations","County, NAICS 6-digit -- by ownership sector","All establishment sizes",3,0,0,0,0,0,0,0,"N",0.78,0,0,0,0,0,0,0,"N",0,0.0,0,0,0,0,0,0,0,0,0,0,0,0,0,0
"36093","5","813319","78","0","2016","4","N","Schenectady County, New York","Private","NAICS 813319 Other social advocacy organizations","County, NAICS 6-digit -- by ownership sector","All establishment sizes",3,0,0,0,0,0,0,0,"N",0.77,0,0,0,0,0,0,0,"N",0,0.0,0,0,0,0,0,0,0,0,0,0,0,0,0,0
"36093","5","8134","76","0","2016","1","","Schenectady County, New York","Private","NAICS 8134 Civic and social organizations","County, NAICS 4-digit -- by ownership sector","All establishment sizes",15,331,323,321,1009828,95444,2093,239,"",1.64,1.98,1.91,1.88,1.32,0.34,0.25,0.69,"",0,0.0,15,4.7,12,3.9,1,0.3,76791,8.2,-1108,-1.1,-1727,-45.2,12,5.3
"36093","5","8134","76","0","2016","2","","Schenectady County, New York","Private","NAICS 8134 Civic and social organizations","County, NAICS 4-digit -- by ownership sector","All establishment sizes",15,323,318,352,1106150,34429,602,257,"",1.63,1.88,1.82,1.87,1.20,0.32,0.16,0.64,"",0,0.0,6,1.9,1,0.3,17,5.1,5402,0.5,5431,18.7,-182,-23.2,-5,-1.9
"36093","5","8134","76","0","2016","3","","Schenectady County, New York","Private","NAICS 8134 Civic and social organizations","County, NAICS 4-digit -- by ownership sector","All establishment sizes",15,370,367,301,1357495,26543,482,302,"",1.63,2.01,2.07,1.82,1.47,0.33,0.18,0.75,"",0,0.0,4,1.1,7,1.9,1,0.3,217399,19.1,8567,47.7,-273,-36.2,46,18.0
"36093","5","8134","76","0","2016","4","","Schenectady County, New York","Private","NAICS 8134 Civic and social organizations","County, NAICS 4-digit -- by ownership sector","All establishment sizes",15,314,316,323,1020746,22395,412,247,"",1.63,1.85,1.85,1.91,1.23,0.38,0.21,0.66,"",0,0.0,8,2.6,7,2.3,0,0.0,-101338,-9.0,3857,20.8,23,5.9,-29,-10.5
"36093","5","81341","77","0","2016","1","","Schenectady County, New York","Private","NAICS 81341 Civic and social organizations","County, NAICS 5-digit -- by ownership sector","All establishment sizes",15,331,323,321,1009828,95444,2093,239,"",1.64,1.98,1.91,1.88,1.32,0.34,0.25,0.69,"",0,0.0,15,4.7,12,3.9,1,0.3,76791,8.2,-1108,-1.1,-1727,-45.2,12,5.3
"36093","5","81341","77","0","2016","2","","Schenectady County, New York","Private","NAICS 81341 Civic and social organizations","County, NAICS 5-digit -- by ownership sector","All establishment sizes",15,323,318,352,1106150,34429,602,257,"",1.63,1.88,1.82,1.87,1.20,0.32,0.16,0.64,"",0,0.0,6,1.9,1,0.3,17,5.1,5402,0.5,5431,18.7,-182,-23.2,-5,-1.9
"36093","5","81341","77","0","2016","3","","Schenectady County, New York","Private","NAICS 81341 Civic and social organizations","County, NAICS 5-digit -- by ownership sector","All establishment sizes",15,370,367,301,1357495,26543,482,302,"",1.63,2.01,2.07,1.82,1.47,0.33,0.18,0.75,"",0,0.0,4,1.1,7,1.9,1,0.3,217399,19.1,8567,47.7,-273,-36.2,46,18.0
"36093","5","81341","77","0","2016","4","","Schenectady County, New York","Private","NAICS 81341 Civic and social organizations","County, NAICS 5-digit -- by ownership sector","All establishment sizes",15,314,316,323,1020746,22395,412,247,"",1.63,1.85,1.85,1.91,1.23,0.38,0.21,0.66,"",0,0.0,8,2.6,7,2.3,0,0.0,-101338,-9.0,3857,20.8,23,5.9,-29,-10.5
"36093","5","813410","78","0","2016","1","","Schenectady County, New York","Private","NAICS 813410 Civic and social organizations","County, NAICS 6-digit -- by ownership sector","All establishment sizes",15,331,323,321,1009828,95444,2093,239,"",1.64,1.98,1.91,1.88,1.32,0.34,0.25,0.69,"",0,0.0,15,4.7,12,3.9,1,0.3,76791,8.2,-1108,-1.1,-1727,-45.2,12,5.3
"36093","5","813410","78","0","2016","2","","Schenectady County, New York","Private","NAICS 813410 Civic and social organizations","County, NAICS 6-digit -- by ownership sector","All establishment sizes",15,323,318,352,1106150,34429,602,257,"",1.63,1.88,1.82,1.87,1.20,0.32,0.16,0.64,"",0,0.0,6,1.9,1,0.3,17,5.1,5402,0.5,5431,18.7,-182,-23.2,-5,-1.9
"36093","5","813410","78","0","2016","3","","Schenectady County, New York","Private","NAICS 813410 Civic and social organizations","County, NAICS 6-digit -- by ownership sector","All establishment sizes",15,370,367,301,1357495,26543,482,302,"",1.63,2.01,2.07,1.82,1.47,0.33,0.18,0.75,"",0,0.0,4,1.1,7,1.9,1,0.3,217399,19.1,8567,47.7,-273,-36.2,46,18.0
"36093","5","813410","78","0","2016","4","","Schenectady County, New York","Private","NAICS 813410 Civic and social organizations","County, NAICS 6-digit -- by ownership sector","All establishment sizes",15,314,316,323,1020746,22395,412,247,"",1.63,1.85,1.85,1.91,1.23,0.38,0.21,0.66,"",0,0.0,8,2.6,7,2.3,0,0.0,-101338,-9.0,3857,20.8,23,5.9,-29,-10.5
"36093","5","8139","76","0","2016","1","","Schenectady County, New York","Private","NAICS 8139 Professional and similar organizations","County, NAICS 4-digit -- by ownership sector","All establishment sizes",15,73,68,73,438267,293814,5681,473,"",0.71,0.39,0.36,0.38,0.15,0.24,0.17,0.41,"",-2,-11.8,-5,-6.4,-10,-12.8,-10,-12.0,-82279,-15.8,-37049,-11.2,-2098,-27.0,-30,-6.0
"36093","5","8139","76","0","2016","2","","Schenectady County, New York","Private","NAICS 8139 Professional and similar organizations","County, NAICS 4-digit -- by ownership sector","All establishment sizes",15,87,88,86,433465,109481,2077,383,"",0.71,0.45,0.45,0.42,0.14,0.43,0.26,0.31,"",-1,-6.2,9,11.5,2,2.3,9,11.7,-119811,-21.7,4345,4.1,-233,-10.1,-147,-27.7
"36093","5","8139","76","0","2016","3","","Schenectady County, New York","Private","NAICS 8139 Professional and similar organizations","County, NAICS 4-digit -- by ownership sector","All establishment sizes",15,81,76,80,443097,82244,1474,431,"",0.71,0.42,0.39,0.41,0.15,0.48,0.25,0.36,"",-1,-6.2,-3,-3.6,-4,-5.0,-6,-7.0,-101500,-18.6,-3046,-3.6,-382,-20.6,-72,-14.3
"36093","5","8139","76","0","2016","4","","Schenectady County, New York","Private","NAICS 8139 Professional and similar organizations","County, NAICS 4-digit -- by ownership sector","All establishment sizes",15,81,93,69,453788,74578,1331,431,"",0.71,0.41,0.47,0.36,0.15,0.61,0.32,0.37,"",-1,-6.2,-1,-1.2,5,5.7,-1,-1.4,-123819,-21.4,-9871,-11.7,-610,-31.4,-124,-22.3
"36093","5","81392","77","0","2016","1","N","Schenectady County, New York","Private","NAICS 81392 Professional organizations","County, NAICS 5-digit -- by ownership sector","All establishment sizes",4,0,0,0,0,0,0,0,"N",1.38,0,0,0,0,0,0,0,"N",0,0.0,0,0,0,0,0,0,0,0,0,0,0,0,0,0
"36093","5","81392","77","0","2016","2","N","Schenectady County, New York","Private","NAICS 81392 Professional organizations","County, NAICS 5-digit -- by ownership sector","All establishment sizes",4,0,0,0,0,0,0,0,"N",1.37,0,0,0,0,0,0,0,"N",0,0.0,0,0,0,0,0,0,0,0,0,0,0,0,0,0
"36093","5","81392","77","0","2016","3","N","Schenectady County, New York","Private","NAICS 81392 Professional organizations","County, NAICS 5-digit -- by ownership sector","All establishment sizes",4,0,0,0,0,0,0,0,"N",1.36,0,0,0,0,0,0,0,"N",0,0.0,0,0,0,0,0,0,0,0,0,0,0,0,0,0
"36093","5","81392","77","0","2016","4","N","Schenectady County, New York","Private","NAICS 81392 Professional organizations","County, NAICS 5-digit -- by ownership sector","All establishment sizes",4,0,0,0,0,0,0,0,"N",1.36,0,0,0,0,0,0,0,"N",0,0.0,0,0,0,0,0,0,0,0,0,0,0,0,0,0
"36093","5","813920","78","0","2016","1","N","Schenectady County, New York","Private","NAICS 813920 Professional organizations","County, NAICS 6-digit -- by ownership sector","All establishment sizes",4,0,0,0,0,0,0,0,"N",1.38,0,0,0,0,0,0,0,"N",0,0.0,0,0,0,0,0,0,0,0,0,0,0,0,0,0
"36093","5","813920","78","0","2016","2","N","Schenectady County, New York","Private","NAICS 813920 Professional organizations","County, NAICS 6-digit -- by ownership sector","All establishment sizes",4,0,0,0,0,0,0,0,"N",1.37,0,0,0,0,0,0,0,"N",0,0.0,0,0,0,0,0,0,0,0,0,0,0,0,0,0
"36093","5","813920","78","0","2016","3","N","Schenectady County, New York","Private","NAICS 813920 Professional organizations","County, NAICS 6-digit -- by ownership sector","All establishment sizes",4,0,0,0,0,0,0,0,"N",1.36,0,0,0,0,0,0,0,"N",0,0.0,0,0,0,0,0,0,0,0,0,0,0,0,0,0
"36093","5","813920","78","0","2016","4","N","Schenectady County, New York","Private","NAICS 813920 Professional organizations","County, NAICS 6-digit -- by ownership sector","All establishment sizes",4,0,0,0,0,0,0,0,"N",1.36,0,0,0,0,0,0,0,"N",0,0.0,0,0,0,0,0,0,0,0,0,0,0,0,0,0
"36093","5","81393","77","0","2016","1","","Schenectady County, New York","Private","NAICS 81393 Labor unions and similar labor organizations","County, NAICS 5-digit -- by ownership sector","All establishment sizes",10,64,60,64,383425,252144,4972,471,"",2.07,1.30,1.22,1.27,0.76,0.98,0.66,0.60,"",0,0.0,1,1.6,-2,-3.2,-4,-5.9,21529,5.9,29305,13.2,-538,-9.8,38,8.8
"36093","5","81393","77","0","2016","2","","Schenectady County, New York","Private","NAICS 81393 Labor unions and similar labor organizations","County, NAICS 5-digit -- by ownership sector","All establishment sizes",10,78,79,76,374395,78373,1548,371,"",2.07,1.52,1.55,1.45,0.64,1.31,0.85,0.42,"",0,0.0,16,25.8,10,14.5,16,26.7,-10417,-2.7,10611,15.7,23,1.5,-94,-20.2
"36093","5","81393","77","0","2016","3","","Schenectady County, New York","Private","NAICS 81393 Labor unions and similar labor organizations","County, NAICS 5-digit -- by ownership sector","All establishment sizes",10,72,67,71,391834,69547,1259,431,"",2.07,1.52,1.41,1.44,0.71,1.94,1.09,0.49,"",0,0.0,3,4.3,2,3.1,0,0.0,-7165,-1.8,185,0.3,-261,-17.2,-18,-4.0
"36093","5","81393","77","0","2016","4","","Schenectady County, New York","Private","NAICS 81393 Labor unions and similar labor organizations","County, NAICS 5-digit -- by ownership sector","All establishment sizes",10,72,79,61,388335,57719,1044,423,"",2.07,1.39,1.57,1.20,0.72,1.99,1.10,0.52,"",0,0.0,5,7.5,6,8.2,5,8.9,-34630,-8.2,-10497,-15.4,-556,-34.8,-75,-15.1
"36093","5","813930","78","0","2016","1","","Schenectady County, New York","Private","NAICS 813930 Labor unions and similar labor organizations","County, NAICS 6-digit -- by ownership sector","All establishment sizes",10,64,60,64,383425,252144,4972,471,"",2.07,1.30,1.22,1.27,0.76,0.98,0.66,0.60,"",0,0.0,1,1.6,-2,-3.2,-4,-5.9,21529,5.9,29305,13.2,-538,-9.8,38,8.8
"36093","5","813930","78","0","2016","2","","Schenectady County, New York","Private","NAICS 813930 Labor unions and similar labor organizations","County, NAICS 6-digit -- by ownership sector","All establishment sizes",10,78,79,76,374395,78373,1548,371,"",2.07,1.52,1.55,1.45,0.64,1.31,0.85,0.42,"",0,0.0,16,25.8,10,14.5,16,26.7,-10417,-2.7,10611,15.7,23,1.5,-94,-20.2
"36093","5","813930","78","0","2016","3","","Schenectady County, New York","Private","NAICS 813930 Labor unions and similar labor organizations","County, NAICS 6-digit -- by ownership sector","All establishment sizes",10,72,67,71,391834,69547,1259,431,"",2.07,1.52,1.41,1.44,0.71,1.94,1.09,0.49,"",0,0.0,3,4.3,2,3.1,0,0.0,-7165,-1.8,185,0.3,-261,-17.2,-18,-4.0
"36093","5","813930","78","0","2016","4","","Schenectady County, New York","Private","NAICS 813930 Labor unions and similar labor organizations","County, NAICS 6-digit -- by ownership sector","All establishment sizes",10,72,79,61,388335,57719,1044,423,"",2.07,1.39,1.57,1.20,0.72,1.99,1.10,0.52,"",0,0.0,5,7.5,6,8.2,5,8.9,-34630,-8.2,-10497,-15.4,-556,-34.8,-75,-15.1
"36093","5","81399","77","0","2016","1","N","Schenectady County, New York","Private","NAICS 81399 Other similar organizations","County, NAICS 5-digit -- by ownership sector","All establishment sizes",1,0,0,0,0,0,0,0,"N",0.18,0,0,0,0,0,0,0,"N",-1,-50.0,0,0,0,0,0,0,0,0,0,0,0,0,0,0
"36093","5","81399","77","0","2016","2","N","Schenectady County, New York","Private","NAICS 81399 Other similar organizations","County, NAICS 5-digit -- by ownership sector","All establishment sizes",1,0,0,0,0,0,0,0,"N",0.18,0,0,0,0,0,0,0,"N",0,0.0,0,0,0,0,0,0,0,0,0,0,0,0,0,0
"36093","5","81399","77","0","2016","3","N","Schenectady County, New York","Private","NAICS 81399 Other similar organizations","County, NAICS 5-digit -- by ownership sector","All establishment sizes",1,0,0,0,0,0,0,0,"N",0.18,0,0,0,0,0,0,0,"N",0,0.0,0,0,0,0,0,0,0,0,0,0,0,0,0,0
"36093","5","81399","77","0","2016","4","N","Schenectady County, New York","Private","NAICS 81399 Other similar organizations","County, NAICS 5-digit -- by ownership sector","All establishment sizes",1,0,0,0,0,0,0,0,"N",0.18,0,0,0,0,0,0,0,"N",0,0.0,0,0,0,0,0,0,0,0,0,0,0,0,0,0
"36093","5","813990","78","0","2016","1","N","Schenectady County, New York","Private","NAICS 813990 Other similar organizations","County, NAICS 6-digit -- by ownership sector","All establishment sizes",1,0,0,0,0,0,0,0,"N",0.18,0,0,0,0,0,0,0,"N",-1,-50.0,0,0,0,0,0,0,0,0,0,0,0,0,0,0
"36093","5","813990","78","0","2016","2","N","Schenectady County, New York","Private","NAICS 813990 Other similar organizations","County, NAICS 6-digit -- by ownership sector","All establishment sizes",1,0,0,0,0,0,0,0,"N",0.18,0,0,0,0,0,0,0,"N",0,0.0,0,0,0,0,0,0,0,0,0,0,0,0,0,0
"36093","5","813990","78","0","2016","3","N","Schenectady County, New York","Private","NAICS 813990 Other similar organizations","County, NAICS 6-digit -- by ownership sector","All establishment sizes",1,0,0,0,0,0,0,0,"N",0.18,0,0,0,0,0,0,0,"N",0,0.0,0,0,0,0,0,0,0,0,0,0,0,0,0,0
"36093","5","813990","78","0","2016","4","N","Schenectady County, New York","Private","NAICS 813990 Other similar organizations","County, NAICS 6-digit -- by ownership sector","All establishment sizes",1,0,0,0,0,0,0,0,"N",0.18,0,0,0,0,0,0,0,"N",0,0.0,0,0,0,0,0,0,0,0,0,0,0,0,0,0
"36093","5","814","75","0","2016","1","","Schenectady County, New York","Private","NAICS 814 Private households","County, NAICS 3-digit -- by ownership sector","All establishment sizes",44,45,48,45,217270,209825,6545,363,"",0.51,0.36,0.38,0.36,0.30,0.39,0.46,0.82,"",5,12.8,-3,-6.2,2,4.3,-3,-6.2,-38372,-15.0,-36632,-14.9,-3028,-31.6,-52,-12.5
"36093","5","814","75","0","2016","2","","Schenectady County, New York","Private","NAICS 814 Private households","County, NAICS 3-digit -- by ownership sector","All establishment sizes",46,55,48,44,233952,175349,5896,367,"",0.53,0.43,0.38,0.34,0.27,0.81,0.86,0.71,"",7,17.9,7,14.6,3,6.7,-1,-2.2,-3025,-1.3,22066,14.4,600,11.3,-29,-7.3
"36093","5","814","75","0","2016","3","","Schenectady County, New York","Private","NAICS 814 Private households","County, NAICS 3-digit -- by ownership sector","All establishment sizes",49,49,47,43,220589,112247,3475,366,"",0.56,0.40,0.38,0.35,0.28,0.79,0.77,0.73,"",12,32.4,4,8.9,3,6.8,-1,-2.3,-7302,-3.2,28256,33.6,719,26.1,-29,-7.3
"36093","5","814","75","0","2016","4","","Schenectady County, New York","Private","NAICS 814 Private households","County, NAICS 3-digit -- by ownership sector","All establishment sizes",52,43,45,48,200772,86432,2849,341,"",0.59,0.33,0.35,0.38,0.25,0.70,0.71,0.71,"",16,44.4,-4,-8.5,-3,-6.2,2,4.3,-28775,-12.5,12683,17.2,65,2.3,-35,-9.3
"36093","5","8141","76","0","2016","1","","Schenectady County, New York","Private","NAICS 8141 Private households","County, NAICS 4-digit -- by ownership sector","All establishment sizes",44,45,48,45,217270,209825,6545,363,"",0.51,0.36,0.38,0.36,0.30,0.39,0.46,0.82,"",5,12.8,-3,-6.2,2,4.3,-3,-6.2,-38372,-15.0,-36632,-14.9,-3028,-31.6,-52,-12.5
"36093","5","8141","76","0","2016","2","","Schenectady County, New York","Private","NAICS 8141 Private households","County, NAICS 4-digit -- by ownership sector","All establishment sizes",46,55,48,44,233952,175349,5896,367,"",0.53,0.43,0.38,0.34,0.27,0.81,0.86,0.71,"",7,17.9,7,14.6,3,6.7,-1,-2.2,-3025,-1.3,22066,14.4,600,11.3,-29,-7.3
"36093","5","8141","76","0","2016","3","","Schenectady County, New York","Private","NAICS 8141 Private households","County, NAICS 4-digit -- by ownership sector","All establishment sizes",49,49,47,43,220589,112247,3475,366,"",0.56,0.40,0.38,0.35,0.28,0.79,0.77,0.73,"",12,32.4,4,8.9,3,6.8,-1,-2.3,-7302,-3.2,28256,33.6,719,26.1,-29,-7.3
"36093","5","8141","76","0","2016","4","","Schenectady County, New York","Private","NAICS 8141 Private households","County, NAICS 4-digit -- by ownership sector","All establishment sizes",52,43,45,48,200772,86432,2849,341,"",0.59,0.33,0.35,0.38,0.25,0.70,0.71,0.71,"",16,44.4,-4,-8.5,-3,-6.2,2,4.3,-28775,-12.5,12683,17.2,65,2.3,-35,-9.3
"36093","5","81411","77","0","2016","1","","Schenectady County, New York","Private","NAICS 81411 Private households","County, NAICS 5-digit -- by ownership sector","All establishment sizes",44,45,48,45,217270,209825,6545,363,"",0.51,0.36,0.38,0.36,0.30,0.39,0.46,0.82,"",5,12.8,-3,-6.2,2,4.3,-3,-6.2,-38372,-15.0,-36632,-14.9,-3028,-31.6,-52,-12.5
"36093","5","81411","77","0","2016","2","","Schenectady County, New York","Private","NAICS 81411 Private households","County, NAICS 5-digit -- by ownership sector","All establishment sizes",46,55,48,44,233952,175349,5896,367,"",0.53,0.43,0.38,0.34,0.27,0.81,0.86,0.71,"",7,17.9,7,14.6,3,6.7,-1,-2.2,-3025,-1.3,22066,14.4,600,11.3,-29,-7.3
"36093","5","81411","77","0","2016","3","","Schenectady County, New York","Private","NAICS 81411 Private households","County, NAICS 5-digit -- by ownership sector","All establishment sizes",49,49,47,43,220589,112247,3475,366,"",0.56,0.40,0.38,0.35,0.28,0.79,0.77,0.73,"",12,32.4,4,8.9,3,6.8,-1,-2.3,-7302,-3.2,28256,33.6,719,26.1,-29,-7.3
"36093","5","81411","77","0","2016","4","","Schenectady County, New York","Private","NAICS 81411 Private households","County, NAICS 5-digit -- by ownership sector","All establishment sizes",52,43,45,48,200772,86432,2849,341,"",0.59,0.33,0.35,0.38,0.25,0.70,0.71,0.71,"",16,44.4,-4,-8.5,-3,-6.2,2,4.3,-28775,-12.5,12683,17.2,65,2.3,-35,-9.3
"36093","5","814110","78","0","2016","1","","Schenectady County, New York","Private","NAICS 814110 Private households","County, NAICS 6-digit -- by ownership sector","All establishment sizes",44,45,48,45,217270,209825,6545,363,"",0.51,0.36,0.38,0.36,0.30,0.39,0.46,0.82,"",5,12.8,-3,-6.2,2,4.3,-3,-6.2,-38372,-15.0,-36632,-14.9,-3028,-31.6,-52,-12.5
"36093","5","814110","78","0","2016","2","","Schenectady County, New York","Private","NAICS 814110 Private households","County, NAICS 6-digit -- by ownership sector","All establishment sizes",46,55,48,44,233952,175349,5896,367,"",0.53,0.43,0.38,0.34,0.27,0.81,0.86,0.71,"",7,17.9,7,14.6,3,6.7,-1,-2.2,-3025,-1.3,22066,14.4,600,11.3,-29,-7.3
"36093","5","814110","78","0","2016","3","","Schenectady County, New York","Private","NAICS 814110 Private households","County, NAICS 6-digit -- by ownership sector","All establishment sizes",49,49,47,43,220589,112247,3475,366,"",0.56,0.40,0.38,0.35,0.28,0.79,0.77,0.73,"",12,32.4,4,8.9,3,6.8,-1,-2.3,-7302,-3.2,28256,33.6,719,26.1,-29,-7.3
"36093","5","814110","78","0","2016","4","","Schenectady County, New York","Private","NAICS 814110 Private households","County, NAICS 6-digit -- by ownership sector","All establishment sizes",52,43,45,48,200772,86432,2849,341,"",0.59,0.33,0.35,0.38,0.25,0.70,0.71,0.71,"",16,44.4,-4,-8.5,-3,-6.2,2,4.3,-28775,-12.5,12683,17.2,65,2.3,-35,-9.3
"36093","5","99","74","0","2016","1","","Schenectady County, New York","Private","NAICS 99 Unclassified","County, NAICS Sector -- by ownership sector","All establishment sizes",126,124,143,161,651428,600335,20720,351,"",1.75,1.21,1.32,1.45,0.51,0.93,0.84,0.38,"",5,4.1,56,82.4,81,130.6,109,209.6,240048,58.4,285123,90.5,5777,38.7,-171,-32.8
"36093","5","99","74","0","2016","2","","Schenectady County, New York","Private","NAICS 99 Unclassified","County, NAICS Sector -- by ownership sector","All establishment sizes",134,161,155,172,822803,558243,21444,389,"",1.76,1.53,1.41,1.50,0.57,2.33,1.83,0.38,"",-2,-1.5,93,136.8,79,103.9,104,152.9,353685,75.4,329070,143.6,11831,123.1,-122,-23.9
"36093","5","99","74","0","2016","3","","Schenectady County, New York","Private","NAICS 99 Unclassified","County, NAICS Sector -- by ownership sector","All establishment sizes",159,212,228,231,1042277,592196,23316,358,"",1.79,1.70,1.76,1.73,0.66,2.70,2.15,0.38,"",3,1.9,85,66.9,87,61.7,94,68.6,336283,47.6,203595,52.4,6966,42.6,-44,-10.9
"36093","5","99","74","0","2016","4","","Schenectady County, New York","Private","NAICS 99 Unclassified","County, NAICS Sector -- by ownership sector","All establishment sizes",188,280,283,255,1223004,588373,23613,345,"",2.09,2.12,2.09,1.85,0.59,2.66,2.21,0.29,"",7,3.9,124,79.5,103,57.2,107,72.3,308458,33.7,163354,38.4,6304,36.4,-91,-20.9
"36093","5","999","75","0","2016","1","","Schenectady County, New York","Private","NAICS 999 Unclassified","County, NAICS 3-digit -- by ownership sector","All establishment sizes",126,124,143,161,651428,600335,20720,351,"",1.75,1.21,1.32,1.45,0.51,0.93,0.84,0.38,"",5,4.1,56,82.4,81,130.6,109,209.6,240048,58.4,285123,90.5,5777,38.7,-171,-32.8
"36093","5","999","75","0","2016","2","","Schenectady County, New York","Private","NAICS 999 Unclassified","County, NAICS 3-digit -- by ownership sector","All establishment sizes",134,161,155,172,822803,558243,21444,389,"",1.76,1.53,1.41,1.50,0.57,2.33,1.83,0.38,"",-2,-1.5,93,136.8,79,103.9,104,152.9,353685,75.4,329070,143.6,11831,123.1,-122,-23.9
"36093","5","999","75","0","2016","3","","Schenectady County, New York","Private","NAICS 999 Unclassified","County, NAICS 3-digit -- by ownership sector","All establishment sizes",159,212,228,231,1042277,592196,23316,358,"",1.79,1.70,1.76,1.73,0.66,2.70,2.15,0.38,"",3,1.9,85,66.9,87,61.7,94,68.6,336283,47.6,203595,52.4,6966,42.6,-44,-10.9
"36093","5","999","75","0","2016","4","","Schenectady County, New York","Private","NAICS 999 Unclassified","County, NAICS 3-digit -- by ownership sector","All establishment sizes",188,280,283,255,1223004,588373,23613,345,"",2.09,2.12,2.09,1.85,0.59,2.66,2.21,0.29,"",7,3.9,124,79.5,103,57.2,107,72.3,308458,33.7,163354,38.4,6304,36.4,-91,-20.9
"36093","5","9999","76","0","2016","1","","Schenectady County, New York","Private","NAICS 9999 Unclassified","County, NAICS 4-digit -- by ownership sector","All establishment sizes",126,124,143,161,651428,600335,20720,351,"",1.75,1.21,1.32,1.45,0.51,0.93,0.84,0.38,"",5,4.1,56,82.4,81,130.6,109,209.6,240048,58.4,285123,90.5,5777,38.7,-171,-32.8
"36093","5","9999","76","0","2016","2","","Schenectady County, New York","Private","NAICS 9999 Unclassified","County, NAICS 4-digit -- by ownership sector","All establishment sizes",134,161,155,172,822803,558243,21444,389,"",1.76,1.53,1.41,1.50,0.57,2.33,1.83,0.38,"",-2,-1.5,93,136.8,79,103.9,104,152.9,353685,75.4,329070,143.6,11831,123.1,-122,-23.9
"36093","5","9999","76","0","2016","3","","Schenectady County, New York","Private","NAICS 9999 Unclassified","County, NAICS 4-digit -- by ownership sector","All establishment sizes",159,212,228,231,1042277,592196,23316,358,"",1.79,1.70,1.76,1.73,0.66,2.70,2.15,0.38,"",3,1.9,85,66.9,87,61.7,94,68.6,336283,47.6,203595,52.4,6966,42.6,-44,-10.9
"36093","5","9999","76","0","2016","4","","Schenectady County, New York","Private","NAICS 9999 Unclassified","County, NAICS 4-digit -- by ownership sector","All establishment sizes",188,280,283,255,1223004,588373,23613,345,"",2.09,2.12,2.09,1.85,0.59,2.66,2.21,0.29,"",7,3.9,124,79.5,103,57.2,107,72.3,308458,33.7,163354,38.4,6304,36.4,-91,-20.9
"36093","5","99999","77","0","2016","1","","Schenectady County, New York","Private","NAICS 99999 Unclassified","County, NAICS 5-digit -- by ownership sector","All establishment sizes",126,124,143,161,651428,600335,20720,351,"",1.75,1.21,1.32,1.45,0.51,0.93,0.84,0.38,"",5,4.1,56,82.4,81,130.6,109,209.6,240048,58.4,285123,90.5,5777,38.7,-171,-32.8
"36093","5","99999","77","0","2016","2","","Schenectady County, New York","Private","NAICS 99999 Unclassified","County, NAICS 5-digit -- by ownership sector","All establishment sizes",134,161,155,172,822803,558243,21444,389,"",1.76,1.53,1.41,1.50,0.57,2.33,1.83,0.38,"",-2,-1.5,93,136.8,79,103.9,104,152.9,353685,75.4,329070,143.6,11831,123.1,-122,-23.9
"36093","5","99999","77","0","2016","3","","Schenectady County, New York","Private","NAICS 99999 Unclassified","County, NAICS 5-digit -- by ownership sector","All establishment sizes",159,212,228,231,1042277,592196,23316,358,"",1.79,1.70,1.76,1.73,0.66,2.70,2.15,0.38,"",3,1.9,85,66.9,87,61.7,94,68.6,336283,47.6,203595,52.4,6966,42.6,-44,-10.9
"36093","5","99999","77","0","2016","4","","Schenectady County, New York","Private","NAICS 99999 Unclassified","County, NAICS 5-digit -- by ownership sector","All establishment sizes",188,280,283,255,1223004,588373,23613,345,"",2.09,2.12,2.09,1.85,0.59,2.66,2.21,0.29,"",7,3.9,124,79.5,103,57.2,107,72.3,308458,33.7,163354,38.4,6304,36.4,-91,-20.9
"36093","5","999999","78","0","2016","1","","Schenectady County, New York","Private","NAICS 999999 Unclassified","County, NAICS 6-digit -- by ownership sector","All establishment sizes",126,124,143,161,651428,600335,20720,351,"",1.75,1.21,1.32,1.45,0.51,0.93,0.84,0.38,"",5,4.1,56,82.4,81,130.6,109,209.6,240048,58.4,285123,90.5,5777,38.7,-171,-32.8
"36093","5","999999","78","0","2016","2","","Schenectady County, New York","Private","NAICS 999999 Unclassified","County, NAICS 6-digit -- by ownership sector","All establishment sizes",134,161,155,172,822803,558243,21444,389,"",1.76,1.53,1.41,1.50,0.57,2.33,1.83,0.38,"",-2,-1.5,93,136.8,79,103.9,104,152.9,353685,75.4,329070,143.6,11831,123.1,-122,-23.9
"36093","5","999999","78","0","2016","3","","Schenectady County, New York","Private","NAICS 999999 Unclassified","County, NAICS 6-digit -- by ownership sector","All establishment sizes",159,212,228,231,1042277,592196,23316,358,"",1.79,1.70,1.76,1.73,0.66,2.70,2.15,0.38,"",3,1.9,85,66.9,87,61.7,94,68.6,336283,47.6,203595,52.4,6966,42.6,-44,-10.9
"36093","5","999999","78","0","2016","4","","Schenectady County, New York","Private","NAICS 999999 Unclassified","County, NAICS 6-digit -- by ownership sector","All establishment sizes",188,280,283,255,1223004,588373,23613,345,"",2.09,2.12,2.09,1.85,0.59,2.66,2.21,0.29,"",7,3.9,124,79.5,103,57.2,107,72.3,308458,33.7,163354,38.4,6304,36.4,-91,-20.9
