"area_fips","own_code","industry_code","agglvl_code","size_code","year","qtr","disclosure_code","area_title","own_title","industry_title","agglvl_title","size_title","qtrly_estabs_count","month1_emplvl","month2_emplvl","month3_emplvl","total_qtrly_wages","taxable_qtrly_wages","qtrly_contributions","avg_wkly_wage","lq_disclosure_code","lq_qtrly_estabs_count","lq_month1_emplvl","lq_month2_emplvl","lq_month3_emplvl","lq_total_qtrly_wages","lq_taxable_qtrly_wages","lq_qtrly_contributions","lq_avg_wkly_wage","oty_disclosure_code","oty_qtrly_estabs_count_chg","oty_qtrly_estabs_count_pct_chg","oty_month1_emplvl_chg","oty_month1_emplvl_pct_chg","oty_month2_emplvl_chg","oty_month2_emplvl_pct_chg","oty_month3_emplvl_chg","oty_month3_emplvl_pct_chg","oty_total_qtrly_wages_chg","oty_total_qtrly_wages_pct_chg","oty_taxable_qtrly_wages_chg","oty_taxable_qtrly_wages_pct_chg","oty_qtrly_contributions_chg","oty_qtrly_contributions_pct_chg","oty_avg_wkly_wage_chg","oty_avg_wkly_wage_pct_chg"
"35053","0","10","70","0","2016","1","","Socorro County, New Mexico","Total Covered","10 Total, all industries","County, Total Covered","All establishment sizes",360,5268,5302,5342,45573030,21730657,480577,661,"",1.00,1.00,1.00,1.00,1.00,1.00,1.00,1.00,"",3,0.8,96,1.9,140,2.7,158,3.0,1147390,2.6,2155971,11.0,30449,6.8,0,0.0
"35053","0","10","70","0","2016","2","","Socorro County, New Mexico","Total Covered","10 Total, all industries","County, Total Covered","All establishment sizes",358,5426,5396,5461,48977103,17209352,380424,694,"",1.00,1.00,1.00,1.00,1.00,1.00,1.00,1.00,"",5,1.4,222,4.3,207,4.0,213,4.1,2830877,6.1,1148651,7.2,16639,4.6,13,1.9
"35053","0","10","70","0","2016","3","","Socorro County, New Mexico","Total Covered","10 Total, all industries","County, Total Covered","All establishment sizes",355,5224,5270,5382,48049823,12360895,279250,698,"",1.00,1.00,1.00,1.00,1.00,1.00,1.00,1.00,"",0,0.0,249,5.0,73,1.4,82,1.5,1573394,3.4,470150,4.0,3286,1.2,5,0.7
"35053","0","10","70","0","2016","4","","Socorro County, New Mexico","Total Covered","10 Total, all industries","County, Total Covered","All establishment sizes",353,5358,5350,5343,48552336,9031112,141804,698,"",1.00,1.00,1.00,1.00,1.00,1.00,1.00,1.00,"",-6,-1.7,16,0.3,25,0.5,6,0.1,-1468103,-2.9,-673442,-6.9,-100891,-41.6,-23,-3.2
"35053","1","10","71","0","2016","1","","Socorro County, New Mexico","Federal Government","10 Total, all industries","County, Total -- by ownership sector","All establishment sizes",21,164,163,172,2542105,0,0,1176,"",9.27,1.57,1.55,1.63,1.96,0.00,0.00,1.24,"",0,0.0,3,1.9,5,3.2,4,2.4,208363,8.9,0,0.0,0,0.0,70,6.3
"35053","1","10","71","0","2016","2","","Socorro County, New Mexico","Federal Government","10 Total, all industries","County, Total -- by ownership sector","All establishment sizes",21,184,187,201,2498689,0,0,1008,"",9.40,1.73,1.77,1.87,1.86,0.00,0.00,1.04,"",0,0.0,7,4.0,-1,-0.5,7,3.6,156382,6.7,0,0.0,0,0.0,41,4.2
"35053","1","10","71","0","2016","3","","Socorro County, New Mexico","Federal Government","10 Total, all industries","County, Total -- by ownership sector","All establishment sizes",21,198,197,194,3214596,0,0,1259,"",9.57,1.91,1.89,1.83,2.16,0.00,0.00,1.15,"",0,0.0,11,5.9,12,6.5,1,0.5,26358,0.8,0,0.0,0,0.0,-43,-3.3
"35053","1","10","71","0","2016","4","","Socorro County, New Mexico","Federal Government","10 Total, all industries","County, Total -- by ownership sector","All establishment sizes",21,171,168,168,2279747,0,0,1038,"",9.69,1.64,1.61,1.60,1.67,0.00,0.00,1.03,"",0,0.0,-4,-2.3,4,2.4,-2,-1.2,-117547,-4.9,0,0.0,0,0.0,-49,-4.5
"35053","1","102","72","0","2016","1","","Socorro County, New Mexico","Federal Government","102 Service-providing","County, by Domain -- by ownership sector","All establishment sizes",21,164,163,172,2542105,0,0,1176,"",9.28,1.60,1.58,1.66,1.99,0.00,0.00,1.24,"",0,0.0,3,1.9,5,3.2,4,2.4,208363,8.9,0,0.0,0,0.0,70,6.3
"35053","1","102","72","0","2016","2","","Socorro County, New Mexico","Federal Government","102 Service-providing","County, by Domain -- by ownership sector","All establishment sizes",21,184,187,201,2498689,0,0,1008,"",9.42,1.76,1.80,1.91,1.89,0.00,0.00,1.04,"",0,0.0,7,4.0,-1,-0.5,7,3.6,156382,6.7,0,0.0,0,0.0,41,4.2
"35053","1","102","72","0","2016","3","","Socorro County, New Mexico","Federal Government","102 Service-providing","County, by Domain -- by ownership sector","All establishment sizes",21,198,197,194,3214596,0,0,1259,"",9.58,1.94,1.92,1.87,2.20,0.00,0.00,1.15,"",0,0.0,11,5.9,12,6.5,1,0.5,26358,0.8,0,0.0,0,0.0,-43,-3.3
"35053","1","102","72","0","2016","4","","Socorro County, New Mexico","Federal Government","102 Service-providing","County, by Domain -- by ownership sector","All establishment sizes",21,171,168,168,2279747,0,0,1038,"",9.71,1.67,1.64,1.62,1.70,0.00,0.00,1.03,"",0,0.0,-4,-2.3,4,2.4,-2,-1.2,-117547,-4.9,0,0.0,0,0.0,-49,-4.5
"35053","1","1021","73","0","2016","1","","Socorro County, New Mexico","Federal Government","1021 Trade, transportation, and utilities","County, by Supersector -- by ownership sector","All establishment sizes",10,31,29,31,245100,0,0,622,"",8.84,1.22,1.13,1.20,1.09,0.00,0.00,0.92,"",0,0.0,1,3.3,2,7.4,2,6.9,-35785,-12.7,0,0.0,0,0.0,-132,-17.5
"35053","1","1021","73","0","2016","2","","Socorro County, New Mexico","Federal Government","1021 Trade, transportation, and utilities","County, by Supersector -- by ownership sector","All establishment sizes",10,30,33,32,244279,0,0,593,"",8.96,1.16,1.29,1.23,1.00,0.00,0.00,0.81,"",0,0.0,-1,-3.2,5,17.9,2,6.7,9892,4.2,0,0.0,0,0.0,-15,-2.5
"35053","1","1021","73","0","2016","3","","Socorro County, New Mexico","Federal Government","1021 Trade, transportation, and utilities","County, by Supersector -- by ownership sector","All establishment sizes",10,32,32,32,291531,0,0,701,"",9.13,1.28,1.27,1.25,1.09,0.00,0.00,0.86,"",0,0.0,4,14.3,2,6.7,2,6.7,20472,7.6,0,0.0,0,0.0,-10,-1.4
"35053","1","1021","73","0","2016","4","","Socorro County, New Mexico","Federal Government","1021 Trade, transportation, and utilities","County, by Supersector -- by ownership sector","All establishment sizes",10,31,30,31,306272,0,0,768,"",9.24,1.22,1.18,1.18,1.10,0.00,0.00,0.93,"",0,0.0,1,3.3,1,3.4,4,14.8,32398,11.8,0,0.0,0,0.0,33,4.5
"35053","1","1028","73","0","2016","1","","Socorro County, New Mexico","Federal Government","1028 Public administration","County, by Supersector -- by ownership sector","All establishment sizes",11,133,134,141,2297005,0,0,1299,"",11.90,2.33,2.35,2.46,2.83,0.00,0.00,1.19,"",0,0.0,2,1.5,3,2.3,2,1.4,244148,11.9,0,0.0,0,0.0,118,10.0
"35053","1","1028","73","0","2016","2","","Socorro County, New Mexico","Federal Government","1028 Public administration","County, by Supersector -- by ownership sector","All establishment sizes",11,154,154,169,2254410,0,0,1091,"",12.11,2.66,2.68,2.89,2.74,0.00,0.00,1.00,"",0,0.0,8,5.5,-6,-3.8,5,3.0,146490,6.9,0,0.0,0,0.0,56,5.4
"35053","1","1028","73","0","2016","3","","Socorro County, New Mexico","Federal Government","1028 Public administration","County, by Supersector -- by ownership sector","All establishment sizes",11,166,165,162,2923065,0,0,1368,"",12.29,2.93,2.91,2.82,3.19,0.00,0.00,1.11,"",0,0.0,7,4.4,10,6.5,-1,-0.6,5886,0.2,0,0.0,0,0.0,-43,-3.0
"35053","1","1028","73","0","2016","4","","Socorro County, New Mexico","Federal Government","1028 Public administration","County, by Supersector -- by ownership sector","All establishment sizes",11,140,138,137,1973475,0,0,1097,"",12.46,2.46,2.44,2.41,2.44,0.00,0.00,1.00,"",0,0.0,-5,-3.4,3,2.2,-6,-4.2,-149945,-7.1,0,0.0,0,0.0,-61,-5.3
"35053","1","48-49","74","0","2016","1","","Socorro County, New Mexico","Federal Government","NAICS 48-49 Transportation and warehousing","County, NAICS Sector -- by ownership sector","All establishment sizes",10,31,29,31,245100,0,0,622,"",9.10,1.34,1.24,1.32,1.17,0.00,0.00,0.90,"",0,0.0,1,3.3,2,7.4,2,6.9,-35785,-12.7,0,0.0,0,0.0,-132,-17.5
"35053","1","48-49","74","0","2016","2","","Socorro County, New Mexico","Federal Government","NAICS 48-49 Transportation and warehousing","County, NAICS Sector -- by ownership sector","All establishment sizes",10,30,33,32,244279,0,0,593,"",9.22,1.27,1.41,1.35,1.08,0.00,0.00,0.80,"",0,0.0,-1,-3.2,5,17.9,2,6.7,9892,4.2,0,0.0,0,0.0,-15,-2.5
"35053","1","48-49","74","0","2016","3","","Socorro County, New Mexico","Federal Government","NAICS 48-49 Transportation and warehousing","County, NAICS Sector -- by ownership sector","All establishment sizes",10,32,32,32,291531,0,0,701,"",9.39,1.40,1.39,1.36,1.16,0.00,0.00,0.84,"",0,0.0,4,14.3,2,6.7,2,6.7,20472,7.6,0,0.0,0,0.0,-10,-1.4
"35053","1","48-49","74","0","2016","4","","Socorro County, New Mexico","Federal Government","NAICS 48-49 Transportation and warehousing","County, NAICS Sector -- by ownership sector","All establishment sizes",10,31,30,31,306272,0,0,768,"",9.51,1.33,1.29,1.28,1.19,0.00,0.00,0.91,"",0,0.0,1,3.3,1,3.4,4,14.8,32398,11.8,0,0.0,0,0.0,33,4.5
"35053","1","491","75","0","2016","1","","Socorro County, New Mexico","Federal Government","NAICS 491 Postal service","County, NAICS 3-digit -- by ownership sector","All establishment sizes",10,31,29,31,245100,0,0,622,"",9.16,1.37,1.27,1.34,1.23,0.00,0.00,0.93,"",0,0.0,1,3.3,2,7.4,2,6.9,-35785,-12.7,0,0.0,0,0.0,-132,-17.5
"35053","1","491","75","0","2016","2","","Socorro County, New Mexico","Federal Government","NAICS 491 Postal service","County, NAICS 3-digit -- by ownership sector","All establishment sizes",10,30,33,32,244279,0,0,593,"",9.28,1.30,1.44,1.37,1.13,0.00,0.00,0.82,"",0,0.0,-1,-3.2,5,17.9,2,6.7,9892,4.2,0,0.0,0,0.0,-15,-2.5
"35053","1","491","75","0","2016","3","","Socorro County, New Mexico","Federal Government","NAICS 491 Postal service","County, NAICS 3-digit -- by ownership sector","All establishment sizes",10,32,32,32,291531,0,0,701,"",9.46,1.43,1.42,1.39,1.22,0.00,0.00,0.86,"",0,0.0,4,14.3,2,6.7,2,6.7,20472,7.6,0,0.0,0,0.0,-10,-1.4
"35053","1","491","75","0","2016","4","","Socorro County, New Mexico","Federal Government","NAICS 491 Postal service","County, NAICS 3-digit -- by ownership sector","All establishment sizes",10,31,30,31,306272,0,0,768,"",9.58,1.36,1.32,1.31,1.23,0.00,0.00,0.93,"",0,0.0,1,3.3,1,3.4,4,14.8,32398,11.8,0,0.0,0,0.0,33,4.5
"35053","1","4911","76","0","2016","1","","Socorro County, New Mexico","Federal Government","NAICS 4911 Postal service","County, NAICS 4-digit -- by ownership sector","All establishment sizes",10,31,29,31,245100,0,0,622,"",9.16,1.37,1.27,1.34,1.23,0.00,0.00,0.93,"",0,0.0,1,3.3,2,7.4,2,6.9,-35785,-12.7,0,0.0,0,0.0,-132,-17.5
"35053","1","4911","76","0","2016","2","","Socorro County, New Mexico","Federal Government","NAICS 4911 Postal service","County, NAICS 4-digit -- by ownership sector","All establishment sizes",10,30,33,32,244279,0,0,593,"",9.28,1.30,1.44,1.37,1.13,0.00,0.00,0.82,"",0,0.0,-1,-3.2,5,17.9,2,6.7,9892,4.2,0,0.0,0,0.0,-15,-2.5
"35053","1","4911","76","0","2016","3","","Socorro County, New Mexico","Federal Government","NAICS 4911 Postal service","County, NAICS 4-digit -- by ownership sector","All establishment sizes",10,32,32,32,291531,0,0,701,"",9.46,1.43,1.42,1.39,1.22,0.00,0.00,0.86,"",0,0.0,4,14.3,2,6.7,2,6.7,20472,7.6,0,0.0,0,0.0,-10,-1.4
"35053","1","4911","76","0","2016","4","","Socorro County, New Mexico","Federal Government","NAICS 4911 Postal service","County, NAICS 4-digit -- by ownership sector","All establishment sizes",10,31,30,31,306272,0,0,768,"",9.58,1.36,1.32,1.31,1.23,0.00,0.00,0.93,"",0,0.0,1,3.3,1,3.4,4,14.8,32398,11.8,0,0.0,0,0.0,33,4.5
"35053","1","49111","77","0","2016","1","","Socorro County, New Mexico","Federal Government","NAICS 49111 Postal service","County, NAICS 5-digit -- by ownership sector","All establishment sizes",10,31,29,31,245100,0,0,622,"",9.16,1.37,1.27,1.34,1.23,0.00,0.00,0.93,"",0,0.0,1,3.3,2,7.4,2,6.9,-35785,-12.7,0,0.0,0,0.0,-132,-17.5
"35053","1","49111","77","0","2016","2","","Socorro County, New Mexico","Federal Government","NAICS 49111 Postal service","County, NAICS 5-digit -- by ownership sector","All establishment sizes",10,30,33,32,244279,0,0,593,"",9.28,1.30,1.44,1.37,1.13,0.00,0.00,0.82,"",0,0.0,-1,-3.2,5,17.9,2,6.7,9892,4.2,0,0.0,0,0.0,-15,-2.5
"35053","1","49111","77","0","2016","3","","Socorro County, New Mexico","Federal Government","NAICS 49111 Postal service","County, NAICS 5-digit -- by ownership sector","All establishment sizes",10,32,32,32,291531,0,0,701,"",9.46,1.43,1.42,1.39,1.22,0.00,0.00,0.86,"",0,0.0,4,14.3,2,6.7,2,6.7,20472,7.6,0,0.0,0,0.0,-10,-1.4
"35053","1","49111","77","0","2016","4","","Socorro County, New Mexico","Federal Government","NAICS 49111 Postal service","County, NAICS 5-digit -- by ownership sector","All establishment sizes",10,31,30,31,306272,0,0,768,"",9.58,1.36,1.32,1.31,1.23,0.00,0.00,0.93,"",0,0.0,1,3.3,1,3.4,4,14.8,32398,11.8,0,0.0,0,0.0,33,4.5
"35053","1","491110","78","0","2016","1","","Socorro County, New Mexico","Federal Government","NAICS 491110 Postal service","County, NAICS 6-digit -- by ownership sector","All establishment sizes",10,31,29,31,245100,0,0,622,"",9.16,1.37,1.27,1.34,1.23,0.00,0.00,0.93,"",0,0.0,1,3.3,2,7.4,2,6.9,-35785,-12.7,0,0.0,0,0.0,-132,-17.5
"35053","1","491110","78","0","2016","2","","Socorro County, New Mexico","Federal Government","NAICS 491110 Postal service","County, NAICS 6-digit -- by ownership sector","All establishment sizes",10,30,33,32,244279,0,0,593,"",9.28,1.30,1.44,1.37,1.13,0.00,0.00,0.82,"",0,0.0,-1,-3.2,5,17.9,2,6.7,9892,4.2,0,0.0,0,0.0,-15,-2.5
"35053","1","491110","78","0","2016","3","","Socorro County, New Mexico","Federal Government","NAICS 491110 Postal service","County, NAICS 6-digit -- by ownership sector","All establishment sizes",10,32,32,32,291531,0,0,701,"",9.46,1.43,1.42,1.39,1.22,0.00,0.00,0.86,"",0,0.0,4,14.3,2,6.7,2,6.7,20472,7.6,0,0.0,0,0.0,-10,-1.4
"35053","1","491110","78","0","2016","4","","Socorro County, New Mexico","Federal Government","NAICS 491110 Postal service","County, NAICS 6-digit -- by ownership sector","All establishment sizes",10,31,30,31,306272,0,0,768,"",9.58,1.36,1.32,1.31,1.23,0.00,0.00,0.93,"",0,0.0,1,3.3,1,3.4,4,14.8,32398,11.8,0,0.0,0,0.0,33,4.5
"35053","1","92","74","0","2016","1","","Socorro County, New Mexico","Federal Government","NAICS 92 Public administration","County, NAICS Sector -- by ownership sector","All establishment sizes",11,133,134,141,2297005,0,0,1299,"",11.90,2.33,2.35,2.46,2.83,0.00,0.00,1.19,"",0,0.0,2,1.5,3,2.3,2,1.4,244148,11.9,0,0.0,0,0.0,118,10.0
"35053","1","92","74","0","2016","2","","Socorro County, New Mexico","Federal Government","NAICS 92 Public administration","County, NAICS Sector -- by ownership sector","All establishment sizes",11,154,154,169,2254410,0,0,1091,"",12.11,2.66,2.68,2.89,2.74,0.00,0.00,1.00,"",0,0.0,8,5.5,-6,-3.8,5,3.0,146490,6.9,0,0.0,0,0.0,56,5.4
"35053","1","92","74","0","2016","3","","Socorro County, New Mexico","Federal Government","NAICS 92 Public administration","County, NAICS Sector -- by ownership sector","All establishment sizes",11,166,165,162,2923065,0,0,1368,"",12.29,2.93,2.91,2.82,3.19,0.00,0.00,1.11,"",0,0.0,7,4.4,10,6.5,-1,-0.6,5886,0.2,0,0.0,0,0.0,-43,-3.0
"35053","1","92","74","0","2016","4","","Socorro County, New Mexico","Federal Government","NAICS 92 Public administration","County, NAICS Sector -- by ownership sector","All establishment sizes",11,140,138,137,1973475,0,0,1097,"",12.46,2.46,2.44,2.41,2.44,0.00,0.00,1.00,"",0,0.0,-5,-3.4,3,2.2,-6,-4.2,-149945,-7.1,0,0.0,0,0.0,-61,-5.3
"35053","1","924","75","0","2016","1","","Socorro County, New Mexico","Federal Government","NAICS 924 Administration of environmental programs","County, NAICS 3-digit -- by ownership sector","All establishment sizes",6,92,93,101,1569461,0,0,1266,"",28.72,26.19,26.78,28.72,32.80,0.00,0.00,1.20,"",0,0.0,-3,-3.2,-1,-1.1,4,4.1,62097,4.1,0,0.0,0,0.0,50,4.1
"35053","1","924","75","0","2016","2","","Socorro County, New Mexico","Federal Government","NAICS 924 Administration of environmental programs","County, NAICS 3-digit -- by ownership sector","All establishment sizes",6,111,115,134,1682678,0,0,1079,"",29.10,30.35,30.61,32.72,34.88,0.00,0.00,1.11,"",0,0.0,5,4.7,-7,-5.7,10,8.1,192465,12.9,0,0.0,0,0.0,102,10.4
"35053","1","924","75","0","2016","3","","Socorro County, New Mexico","Federal Government","NAICS 924 Administration of environmental programs","County, NAICS 3-digit -- by ownership sector","All establishment sizes",6,132,130,125,2328138,0,0,1388,"",29.67,33.04,32.67,31.68,38.96,0.00,0.00,1.20,"",0,0.0,12,10.0,15,13.0,5,4.2,40305,1.8,0,0.0,0,0.0,-99,-6.7
"35053","1","924","75","0","2016","4","","Socorro County, New Mexico","Federal Government","NAICS 924 Administration of environmental programs","County, NAICS 3-digit -- by ownership sector","All establishment sizes",6,100,95,94,1428513,0,0,1141,"",30.16,26.55,26.21,26.29,31.72,0.00,0.00,1.20,"",0,0.0,-3,-2.9,0,0.0,-2,-2.1,35364,2.5,0,0.0,0,0.0,47,4.3
"35053","1","9241","76","0","2016","1","","Socorro County, New Mexico","Federal Government","NAICS 9241 Administration of environmental programs","County, NAICS 4-digit -- by ownership sector","All establishment sizes",6,92,93,101,1569461,0,0,1266,"",28.72,26.19,26.78,28.72,32.80,0.00,0.00,1.20,"",0,0.0,-3,-3.2,-1,-1.1,4,4.1,62097,4.1,0,0.0,0,0.0,50,4.1
"35053","1","9241","76","0","2016","2","","Socorro County, New Mexico","Federal Government","NAICS 9241 Administration of environmental programs","County, NAICS 4-digit -- by ownership sector","All establishment sizes",6,111,115,134,1682678,0,0,1079,"",29.10,30.35,30.61,32.72,34.88,0.00,0.00,1.11,"",0,0.0,5,4.7,-7,-5.7,10,8.1,192465,12.9,0,0.0,0,0.0,102,10.4
"35053","1","9241","76","0","2016","3","","Socorro County, New Mexico","Federal Government","NAICS 9241 Administration of environmental programs","County, NAICS 4-digit -- by ownership sector","All establishment sizes",6,132,130,125,2328138,0,0,1388,"",29.67,33.04,32.67,31.68,38.96,0.00,0.00,1.20,"",0,0.0,12,10.0,15,13.0,5,4.2,40305,1.8,0,0.0,0,0.0,-99,-6.7
"35053","1","9241","76","0","2016","4","","Socorro County, New Mexico","Federal Government","NAICS 9241 Administration of environmental programs","County, NAICS 4-digit -- by ownership sector","All establishment sizes",6,100,95,94,1428513,0,0,1141,"",30.16,26.55,26.21,26.29,31.72,0.00,0.00,1.20,"",0,0.0,-3,-2.9,0,0.0,-2,-2.1,35364,2.5,0,0.0,0,0.0,47,4.3
"35053","1","92412","77","0","2016","1","","Socorro County, New Mexico","Federal Government","NAICS 92412 Administration of conservation programs","County, NAICS 5-digit -- by ownership sector","All establishment sizes",6,92,93,101,1569461,0,0,1266,"",30.19,32.15,32.98,35.33,43.96,0.00,0.00,1.31,"",0,0.0,-3,-3.2,-1,-1.1,4,4.1,62097,4.1,0,0.0,0,0.0,50,4.1
"35053","1","92412","77","0","2016","2","","Socorro County, New Mexico","Federal Government","NAICS 92412 Administration of conservation programs","County, NAICS 5-digit -- by ownership sector","All establishment sizes",6,111,115,134,1682678,0,0,1079,"",30.60,37.03,37.04,39.06,46.24,0.00,0.00,1.22,"",0,0.0,5,4.7,-7,-5.7,10,8.1,192465,12.9,0,0.0,0,0.0,102,10.4
"35053","1","92412","77","0","2016","3","","Socorro County, New Mexico","Federal Government","NAICS 92412 Administration of conservation programs","County, NAICS 5-digit -- by ownership sector","All establishment sizes",6,132,130,125,2328138,0,0,1388,"",31.20,39.36,38.99,38.05,50.20,0.00,0.00,1.29,"",0,0.0,12,10.0,15,13.0,5,4.2,40305,1.8,0,0.0,0,0.0,-99,-6.7
"35053","1","92412","77","0","2016","4","","Socorro County, New Mexico","Federal Government","NAICS 92412 Administration of conservation programs","County, NAICS 5-digit -- by ownership sector","All establishment sizes",6,100,95,94,1428513,0,0,1141,"",31.71,32.05,31.88,32.14,41.67,0.00,0.00,1.30,"",0,0.0,-3,-2.9,0,0.0,-2,-2.1,35364,2.5,0,0.0,0,0.0,47,4.3
"35053","1","924120","78","0","2016","1","","Socorro County, New Mexico","Federal Government","NAICS 924120 Administration of conservation programs","County, NAICS 6-digit -- by ownership sector","All establishment sizes",6,92,93,101,1569461,0,0,1266,"",30.19,32.15,32.98,35.33,43.96,0.00,0.00,1.31,"",0,0.0,-3,-3.2,-1,-1.1,4,4.1,62097,4.1,0,0.0,0,0.0,50,4.1
"35053","1","924120","78","0","2016","2","","Socorro County, New Mexico","Federal Government","NAICS 924120 Administration of conservation programs","County, NAICS 6-digit -- by ownership sector","All establishment sizes",6,111,115,134,1682678,0,0,1079,"",30.60,37.03,37.04,39.06,46.24,0.00,0.00,1.22,"",0,0.0,5,4.7,-7,-5.7,10,8.1,192465,12.9,0,0.0,0,0.0,102,10.4
"35053","1","924120","78","0","2016","3","","Socorro County, New Mexico","Federal Government","NAICS 924120 Administration of conservation programs","County, NAICS 6-digit -- by ownership sector","All establishment sizes",6,132,130,125,2328138,0,0,1388,"",31.20,39.36,38.99,38.05,50.20,0.00,0.00,1.29,"",0,0.0,12,10.0,15,13.0,5,4.2,40305,1.8,0,0.0,0,0.0,-99,-6.7
"35053","1","924120","78","0","2016","4","","Socorro County, New Mexico","Federal Government","NAICS 924120 Administration of conservation programs","County, NAICS 6-digit -- by ownership sector","All establishment sizes",6,100,95,94,1428513,0,0,1141,"",31.71,32.05,31.88,32.14,41.67,0.00,0.00,1.30,"",0,0.0,-3,-2.9,0,0.0,-2,-2.1,35364,2.5,0,0.0,0,0.0,47,4.3
"35053","1","926","75","0","2016","1","","Socorro County, New Mexico","Federal Government","NAICS 926 Administration of economic programs","County, NAICS 3-digit -- by ownership sector","All establishment sizes",4,5,5,4,43055,0,0,710,"",13.01,0.55,0.55,0.44,0.31,0.00,0.00,0.61,"",0,0.0,-1,-16.7,-1,-16.7,-7,-63.6,-16979,-28.3,0,0.0,0,0.0,108,17.9
"35053","1","926","75","0","2016","2","","Socorro County, New Mexico","Federal Government","NAICS 926 Administration of economic programs","County, NAICS 3-digit -- by ownership sector","All establishment sizes",4,8,5,4,28010,0,0,380,"",13.27,0.88,0.55,0.44,0.21,0.00,0.00,0.34,"",0,0.0,-1,-11.1,-3,-37.5,-4,-50.0,-2692,-8.8,0,0.0,0,0.0,97,34.3
"35053","1","926","75","0","2016","3","","Socorro County, New Mexico","Federal Government","NAICS 926 Administration of economic programs","County, NAICS 3-digit -- by ownership sector","All establishment sizes",4,4,4,4,34554,0,0,665,"",13.53,0.45,0.45,0.44,0.24,0.00,0.00,0.53,"",0,0.0,0,0.0,0,0.0,-4,-50.0,-1564,-4.3,0,0.0,0,0.0,144,27.6
"35053","1","926","75","0","2016","4","","Socorro County, New Mexico","Federal Government","NAICS 926 Administration of economic programs","County, NAICS 3-digit -- by ownership sector","All establishment sizes",4,6,9,10,29013,0,0,268,"",13.73,0.66,1.00,1.10,0.23,0.00,0.00,0.25,"",0,0.0,-1,-14.3,4,80.0,0,0.0,-5684,-16.4,0,0.0,0,0.0,-96,-26.4
"35053","1","9261","76","0","2016","1","","Socorro County, New Mexico","Federal Government","NAICS 9261 Administration of economic programs","County, NAICS 4-digit -- by ownership sector","All establishment sizes",4,5,5,4,43055,0,0,710,"",13.01,0.55,0.55,0.44,0.31,0.00,0.00,0.61,"",0,0.0,-1,-16.7,-1,-16.7,-7,-63.6,-16979,-28.3,0,0.0,0,0.0,108,17.9
"35053","1","9261","76","0","2016","2","","Socorro County, New Mexico","Federal Government","NAICS 9261 Administration of economic programs","County, NAICS 4-digit -- by ownership sector","All establishment sizes",4,8,5,4,28010,0,0,380,"",13.27,0.88,0.55,0.44,0.21,0.00,0.00,0.34,"",0,0.0,-1,-11.1,-3,-37.5,-4,-50.0,-2692,-8.8,0,0.0,0,0.0,97,34.3
"35053","1","9261","76","0","2016","3","","Socorro County, New Mexico","Federal Government","NAICS 9261 Administration of economic programs","County, NAICS 4-digit -- by ownership sector","All establishment sizes",4,4,4,4,34554,0,0,665,"",13.53,0.45,0.45,0.44,0.24,0.00,0.00,0.53,"",0,0.0,0,0.0,0,0.0,-4,-50.0,-1564,-4.3,0,0.0,0,0.0,144,27.6
"35053","1","9261","76","0","2016","4","","Socorro County, New Mexico","Federal Government","NAICS 9261 Administration of economic programs","County, NAICS 4-digit -- by ownership sector","All establishment sizes",4,6,9,10,29013,0,0,268,"",13.73,0.66,1.00,1.10,0.23,0.00,0.00,0.25,"",0,0.0,-1,-14.3,4,80.0,0,0.0,-5684,-16.4,0,0.0,0,0.0,-96,-26.4
"35053","1","92611","77","0","2016","1","","Socorro County, New Mexico","Federal Government","NAICS 92611 Administration of general economic programs","County, NAICS 5-digit -- by ownership sector","All establishment sizes",2,3,3,2,22539,0,0,650,"",24.07,1.90,1.90,1.26,0.92,0.00,0.00,0.54,"",0,0.0,-1,-25.0,-1,-25.0,-7,-77.8,-17892,-44.3,0,0.0,0,0.0,101,18.4
"35053","1","92611","77","0","2016","2","","Socorro County, New Mexico","Federal Government","NAICS 92611 Administration of general economic programs","County, NAICS 5-digit -- by ownership sector","All establishment sizes",2,7,4,3,18285,0,0,301,"",24.59,4.37,2.53,1.85,0.78,0.00,0.00,0.27,"",0,0.0,-1,-12.5,-3,-42.9,-4,-57.1,-2884,-13.6,0,0.0,0,0.0,79,35.6
"35053","1","92611","77","0","2016","3","","Socorro County, New Mexico","Federal Government","NAICS 92611 Administration of general economic programs","County, NAICS 5-digit -- by ownership sector","All establishment sizes",2,3,3,3,23208,0,0,595,"",25.12,1.91,1.91,1.88,0.89,0.00,0.00,0.47,"",0,0.0,0,0.0,0,0.0,-4,-57.1,-1488,-6.0,0,0.0,0,0.0,157,35.8
"35053","1","92611","77","0","2016","4","","Socorro County, New Mexico","Federal Government","NAICS 92611 Administration of general economic programs","County, NAICS 5-digit -- by ownership sector","All establishment sizes",2,5,8,8,16582,0,0,182,"",25.37,3.12,5.02,5.02,0.72,0.00,0.00,0.16,"",0,0.0,-1,-16.7,5,166.7,0,0.0,-4876,-22.7,0,0.0,0,0.0,-109,-37.5
"35053","1","926110","78","0","2016","1","","Socorro County, New Mexico","Federal Government","NAICS 926110 Administration of general economic programs","County, NAICS 6-digit -- by ownership sector","All establishment sizes",2,3,3,2,22539,0,0,650,"",24.07,1.90,1.90,1.26,0.92,0.00,0.00,0.54,"",0,0.0,-1,-25.0,-1,-25.0,-7,-77.8,-17892,-44.3,0,0.0,0,0.0,101,18.4
"35053","1","926110","78","0","2016","2","","Socorro County, New Mexico","Federal Government","NAICS 926110 Administration of general economic programs","County, NAICS 6-digit -- by ownership sector","All establishment sizes",2,7,4,3,18285,0,0,301,"",24.59,4.37,2.53,1.85,0.78,0.00,0.00,0.27,"",0,0.0,-1,-12.5,-3,-42.9,-4,-57.1,-2884,-13.6,0,0.0,0,0.0,79,35.6
"35053","1","926110","78","0","2016","3","","Socorro County, New Mexico","Federal Government","NAICS 926110 Administration of general economic programs","County, NAICS 6-digit -- by ownership sector","All establishment sizes",2,3,3,3,23208,0,0,595,"",25.12,1.91,1.91,1.88,0.89,0.00,0.00,0.47,"",0,0.0,0,0.0,0,0.0,-4,-57.1,-1488,-6.0,0,0.0,0,0.0,157,35.8
"35053","1","926110","78","0","2016","4","","Socorro County, New Mexico","Federal Government","NAICS 926110 Administration of general economic programs","County, NAICS 6-digit -- by ownership sector","All establishment sizes",2,5,8,8,16582,0,0,182,"",25.37,3.12,5.02,5.02,0.72,0.00,0.00,0.16,"",0,0.0,-1,-16.7,5,166.7,0,0.0,-4876,-22.7,0,0.0,0,0.0,-109,-37.5
"35053","1","92614","77","0","2016","1","","Socorro County, New Mexico","Federal Government","NAICS 92614 Agricultural market and commodity regulation","County, NAICS 5-digit -- by ownership sector","All establishment sizes",2,2,2,2,20516,0,0,789,"",15.56,1.10,1.14,1.13,0.91,0.00,0.00,0.81,"",0,0.0,0,0.0,0,0.0,0,0.0,913,4.7,0,0.0,0,0.0,35,4.6
"35053","1","92614","77","0","2016","2","","Socorro County, New Mexico","Federal Government","NAICS 92614 Agricultural market and commodity regulation","County, NAICS 5-digit -- by ownership sector","All establishment sizes",2,1,1,1,9725,0,0,748,"",15.84,0.56,0.57,0.56,0.45,0.00,0.00,0.80,"",0,0.0,0,0.0,0,0.0,0,0.0,192,2.0,0,0.0,0,0.0,15,2.0
"35053","1","92614","77","0","2016","3","","Socorro County, New Mexico","Federal Government","NAICS 92614 Agricultural market and commodity regulation","County, NAICS 5-digit -- by ownership sector","All establishment sizes",2,1,1,1,11346,0,0,873,"",16.15,0.57,0.57,0.57,0.47,0.00,0.00,0.83,"",0,0.0,0,0.0,0,0.0,0,0.0,-76,-0.7,0,0.0,0,0.0,-6,-0.7
"35053","1","92614","77","0","2016","4","","Socorro County, New Mexico","Federal Government","NAICS 92614 Agricultural market and commodity regulation","County, NAICS 5-digit -- by ownership sector","All establishment sizes",2,1,1,2,12431,0,0,717,"",16.43,0.57,0.57,1.09,0.61,0.00,0.00,0.81,"",0,0.0,0,0.0,-1,-50.0,0,0.0,-808,-6.1,0,0.0,0,0.0,106,17.3
"35053","1","926140","78","0","2016","1","","Socorro County, New Mexico","Federal Government","NAICS 926140 Agricultural market and commodity regulation","County, NAICS 6-digit -- by ownership sector","All establishment sizes",2,2,2,2,20516,0,0,789,"",15.56,1.10,1.14,1.13,0.91,0.00,0.00,0.81,"",0,0.0,0,0.0,0,0.0,0,0.0,913,4.7,0,0.0,0,0.0,35,4.6
"35053","1","926140","78","0","2016","2","","Socorro County, New Mexico","Federal Government","NAICS 926140 Agricultural market and commodity regulation","County, NAICS 6-digit -- by ownership sector","All establishment sizes",2,1,1,1,9725,0,0,748,"",15.84,0.56,0.57,0.56,0.45,0.00,0.00,0.80,"",0,0.0,0,0.0,0,0.0,0,0.0,192,2.0,0,0.0,0,0.0,15,2.0
"35053","1","926140","78","0","2016","3","","Socorro County, New Mexico","Federal Government","NAICS 926140 Agricultural market and commodity regulation","County, NAICS 6-digit -- by ownership sector","All establishment sizes",2,1,1,1,11346,0,0,873,"",16.15,0.57,0.57,0.57,0.47,0.00,0.00,0.83,"",0,0.0,0,0.0,0,0.0,0,0.0,-76,-0.7,0,0.0,0,0.0,-6,-0.7
"35053","1","926140","78","0","2016","4","","Socorro County, New Mexico","Federal Government","NAICS 926140 Agricultural market and commodity regulation","County, NAICS 6-digit -- by ownership sector","All establishment sizes",2,1,1,2,12431,0,0,717,"",16.43,0.57,0.57,1.09,0.61,0.00,0.00,0.81,"",0,0.0,0,0.0,-1,-50.0,0,0.0,-808,-6.1,0,0.0,0,0.0,106,17.3
"35053","1","928","75","0","2016","1","","Socorro County, New Mexico","Federal Government","NAICS 928 National security and international affairs","County, NAICS 3-digit -- by ownership sector","All establishment sizes",1,36,36,36,684489,0,0,1463,"",11.22,1.69,1.69,1.69,2.51,0.00,0.00,1.48,"",0,0.0,6,20.0,5,16.1,5,16.1,199030,41.0,0,0.0,0,0.0,245,20.1
"35053","1","928","75","0","2016","2","","Socorro County, New Mexico","Federal Government","NAICS 928 National security and international affairs","County, NAICS 3-digit -- by ownership sector","All establishment sizes",1,35,34,31,543722,0,0,1255,"",11.48,1.63,1.60,1.44,1.88,0.00,0.00,1.20,"",0,0.0,4,12.9,4,13.3,-1,-3.1,-43283,-7.4,0,0.0,0,0.0,-202,-13.9
"35053","1","928","75","0","2016","3","","Socorro County, New Mexico","Federal Government","NAICS 928 National security and international affairs","County, NAICS 3-digit -- by ownership sector","All establishment sizes",1,30,31,33,560373,0,0,1376,"",11.59,1.44,1.48,1.55,1.76,0.00,0.00,1.18,"",0,0.0,-5,-14.3,-5,-13.9,-2,-5.7,-32855,-5.5,0,0.0,0,0.0,85,6.6
"35053","1","928","75","0","2016","4","","Socorro County, New Mexico","Federal Government","NAICS 928 National security and international affairs","County, NAICS 3-digit -- by ownership sector","All establishment sizes",1,34,34,33,515949,0,0,1179,"",11.73,1.61,1.62,1.57,1.75,0.00,0.00,1.10,"",0,0.0,-1,-2.9,-1,-2.9,-4,-10.8,-179625,-25.8,0,0.0,0,0.0,-321,-21.4
"35053","1","9281","76","0","2016","1","","Socorro County, New Mexico","Federal Government","NAICS 9281 National security and international affairs","County, NAICS 4-digit -- by ownership sector","All establishment sizes",1,36,36,36,684489,0,0,1463,"",11.22,1.69,1.69,1.69,2.51,0.00,0.00,1.48,"",0,0.0,6,20.0,5,16.1,5,16.1,199030,41.0,0,0.0,0,0.0,245,20.1
"35053","1","9281","76","0","2016","2","","Socorro County, New Mexico","Federal Government","NAICS 9281 National security and international affairs","County, NAICS 4-digit -- by ownership sector","All establishment sizes",1,35,34,31,543722,0,0,1255,"",11.48,1.63,1.60,1.44,1.88,0.00,0.00,1.20,"",0,0.0,4,12.9,4,13.3,-1,-3.1,-43283,-7.4,0,0.0,0,0.0,-202,-13.9
"35053","1","9281","76","0","2016","3","","Socorro County, New Mexico","Federal Government","NAICS 9281 National security and international affairs","County, NAICS 4-digit -- by ownership sector","All establishment sizes",1,30,31,33,560373,0,0,1376,"",11.59,1.44,1.48,1.55,1.76,0.00,0.00,1.18,"",0,0.0,-5,-14.3,-5,-13.9,-2,-5.7,-32855,-5.5,0,0.0,0,0.0,85,6.6
"35053","1","9281","76","0","2016","4","","Socorro County, New Mexico","Federal Government","NAICS 9281 National security and international affairs","County, NAICS 4-digit -- by ownership sector","All establishment sizes",1,34,34,33,515949,0,0,1179,"",11.73,1.61,1.62,1.57,1.75,0.00,0.00,1.10,"",0,0.0,-1,-2.9,-1,-2.9,-4,-10.8,-179625,-25.8,0,0.0,0,0.0,-321,-21.4
"35053","1","92811","77","0","2016","1","","Socorro County, New Mexico","Federal Government","NAICS 92811 National security","County, NAICS 5-digit -- by ownership sector","All establishment sizes",1,36,36,36,684489,0,0,1463,"",12.95,1.80,1.79,1.79,2.70,0.00,0.00,1.51,"",0,0.0,6,20.0,5,16.1,5,16.1,199030,41.0,0,0.0,0,0.0,245,20.1
"35053","1","92811","77","0","2016","2","","Socorro County, New Mexico","Federal Government","NAICS 92811 National security","County, NAICS 5-digit -- by ownership sector","All establishment sizes",1,35,34,31,543722,0,0,1255,"",13.24,1.73,1.70,1.53,2.02,0.00,0.00,1.22,"",0,0.0,4,12.9,4,13.3,-1,-3.1,-43283,-7.4,0,0.0,0,0.0,-202,-13.9
"35053","1","92811","77","0","2016","3","","Socorro County, New Mexico","Federal Government","NAICS 92811 National security","County, NAICS 5-digit -- by ownership sector","All establishment sizes",1,30,31,33,560373,0,0,1376,"",13.51,1.53,1.57,1.65,1.88,0.00,0.00,1.19,"",0,0.0,-5,-14.3,-5,-13.9,-2,-5.7,-32855,-5.5,0,0.0,0,0.0,85,6.6
"35053","1","92811","77","0","2016","4","","Socorro County, New Mexico","Federal Government","NAICS 92811 National security","County, NAICS 5-digit -- by ownership sector","All establishment sizes",1,34,34,33,515949,0,0,1179,"",13.71,1.71,1.72,1.66,1.88,0.00,0.00,1.10,"",0,0.0,-1,-2.9,-1,-2.9,-4,-10.8,-179625,-25.8,0,0.0,0,0.0,-321,-21.4
"35053","1","928110","78","0","2016","1","","Socorro County, New Mexico","Federal Government","NAICS 928110 National security","County, NAICS 6-digit -- by ownership sector","All establishment sizes",1,36,36,36,684489,0,0,1463,"",12.95,1.80,1.79,1.79,2.70,0.00,0.00,1.51,"",0,0.0,6,20.0,5,16.1,5,16.1,199030,41.0,0,0.0,0,0.0,245,20.1
"35053","1","928110","78","0","2016","2","","Socorro County, New Mexico","Federal Government","NAICS 928110 National security","County, NAICS 6-digit -- by ownership sector","All establishment sizes",1,35,34,31,543722,0,0,1255,"",13.24,1.73,1.70,1.53,2.02,0.00,0.00,1.22,"",0,0.0,4,12.9,4,13.3,-1,-3.1,-43283,-7.4,0,0.0,0,0.0,-202,-13.9
"35053","1","928110","78","0","2016","3","","Socorro County, New Mexico","Federal Government","NAICS 928110 National security","County, NAICS 6-digit -- by ownership sector","All establishment sizes",1,30,31,33,560373,0,0,1376,"",13.51,1.53,1.57,1.65,1.88,0.00,0.00,1.19,"",0,0.0,-5,-14.3,-5,-13.9,-2,-5.7,-32855,-5.5,0,0.0,0,0.0,85,6.6
"35053","1","928110","78","0","2016","4","","Socorro County, New Mexico","Federal Government","NAICS 928110 National security","County, NAICS 6-digit -- by ownership sector","All establishment sizes",1,34,34,33,515949,0,0,1179,"",13.71,1.71,1.72,1.66,1.88,0.00,0.00,1.10,"",0,0.0,-1,-2.9,-1,-2.9,-4,-10.8,-179625,-25.8,0,0.0,0,0.0,-321,-21.4
"35053","2","10","71","0","2016","1","","Socorro County, New Mexico","State Government","10 Total, all industries","County, Total -- by ownership sector","All establishment sizes",25,943,974,975,11743241,0,0,937,"",9.64,5.53,5.59,5.57,7.72,0.00,0.00,1.39,"",5,25.0,-25,-2.6,-7,-0.7,-5,-0.5,-1461524,-11.1,0,0.0,0,0.0,-103,-9.9
"35053","2","10","71","0","2016","2","","Socorro County, New Mexico","State Government","10 Total, all industries","County, Total -- by ownership sector","All establishment sizes",25,978,936,924,13122168,0,0,1067,"",9.77,5.54,5.39,5.35,7.55,0.00,0.00,1.39,"",5,25.0,5,0.5,1,0.1,-7,-0.8,1340813,11.4,0,0.0,0,0.0,109,11.4
"35053","2","10","71","0","2016","3","","Socorro County, New Mexico","State Government","10 Total, all industries","County, Total -- by ownership sector","All establishment sizes",25,921,925,949,12163958,0,0,1004,"",9.93,5.53,5.53,5.46,7.14,0.00,0.00,1.30,"",3,13.6,12,1.3,-6,-0.6,-17,-1.8,-1157250,-8.7,0,0.0,0,0.0,-92,-8.4
"35053","2","10","71","0","2016","4","","Socorro County, New Mexico","State Government","10 Total, all industries","County, Total -- by ownership sector","All establishment sizes",25,969,973,969,12943285,0,0,1026,"",10.04,5.62,5.66,5.66,8.05,0.00,0.00,1.43,"",0,0.0,-9,-0.9,-11,-1.1,-14,-1.4,-519879,-3.9,0,0.0,0,0.0,-29,-2.7
"35053","2","101","72","0","2016","1","","Socorro County, New Mexico","State Government","101 Goods-producing","County, by Domain -- by ownership sector","All establishment sizes",3,26,25,25,259159,0,0,787,"",40.68,9.31,8.96,8.97,11.44,0.00,0.00,1.26,"N",2,200.0,0,0,0,0,0,0,0,0,0,0,0,0,0,0
"35053","2","101","72","0","2016","2","","Socorro County, New Mexico","State Government","101 Goods-producing","County, by Domain -- by ownership sector","All establishment sizes",3,25,25,26,286156,0,0,869,"",41.42,8.99,9.15,9.26,11.45,0.00,0.00,1.25,"N",2,200.0,0,0,0,0,0,0,0,0,0,0,0,0,0,0
"35053","2","101","72","0","2016","3","","Socorro County, New Mexico","State Government","101 Goods-producing","County, by Domain -- by ownership sector","All establishment sizes",3,31,31,31,386116,0,0,958,"",42.14,11.40,11.41,11.37,15.54,0.00,0.00,1.36,"N",2,200.0,0,0,0,0,0,0,0,0,0,0,0,0,0,0
"35053","2","101","72","0","2016","4","","Socorro County, New Mexico","State Government","101 Goods-producing","County, by Domain -- by ownership sector","All establishment sizes",3,28,28,28,296669,0,0,815,"",42.88,10.42,10.37,10.30,13.30,0.00,0.00,1.28,"",0,0.0,0,0.0,0,0.0,0,0.0,-28867,-8.9,0,0.0,0,0.0,-79,-8.8
"35053","2","1012","73","0","2016","1","","Socorro County, New Mexico","State Government","1012 Construction","County, by Supersector -- by ownership sector","All establishment sizes",3,26,25,25,259159,0,0,787,"",44.53,9.67,9.31,9.32,11.76,0.00,0.00,1.25,"N",2,200.0,0,0,0,0,0,0,0,0,0,0,0,0,0,0
"35053","2","1012","73","0","2016","2","","Socorro County, New Mexico","State Government","1012 Construction","County, by Supersector -- by ownership sector","All establishment sizes",3,25,25,26,286156,0,0,869,"",45.26,9.35,9.52,9.64,11.81,0.00,0.00,1.24,"N",2,200.0,0,0,0,0,0,0,0,0,0,0,0,0,0,0
"35053","2","1012","73","0","2016","3","","Socorro County, New Mexico","State Government","1012 Construction","County, by Supersector -- by ownership sector","All establishment sizes",3,31,31,31,386116,0,0,958,"",46.02,11.86,11.88,11.84,16.06,0.00,0.00,1.36,"N",2,200.0,0,0,0,0,0,0,0,0,0,0,0,0,0,0
"35053","2","1012","73","0","2016","4","","Socorro County, New Mexico","State Government","1012 Construction","County, by Supersector -- by ownership sector","All establishment sizes",3,28,28,28,296669,0,0,815,"",46.85,10.85,10.79,10.71,13.73,0.00,0.00,1.27,"",0,0.0,0,0.0,0,0.0,0,0.0,-28867,-8.9,0,0.0,0,0.0,-79,-8.8
"35053","2","102","72","0","2016","1","","Socorro County, New Mexico","State Government","102 Service-providing","County, by Domain -- by ownership sector","All establishment sizes",22,917,949,950,11484082,0,0,941,"",8.73,5.47,5.54,5.52,7.67,0.00,0.00,1.39,"N",3,15.8,0,0,0,0,0,0,0,0,0,0,0,0,0,0
"35053","2","102","72","0","2016","2","","Socorro County, New Mexico","State Government","102 Service-providing","County, by Domain -- by ownership sector","All establishment sizes",22,953,911,898,12836012,0,0,1072,"",8.85,5.49,5.33,5.29,7.49,0.00,0.00,1.40,"N",3,15.8,0,0,0,0,0,0,0,0,0,0,0,0,0,0
"35053","2","102","72","0","2016","3","","Socorro County, New Mexico","State Government","102 Service-providing","County, by Domain -- by ownership sector","All establishment sizes",22,890,894,918,11777842,0,0,1006,"",8.99,5.43,5.44,5.37,7.01,0.00,0.00,1.30,"N",1,4.8,0,0,0,0,0,0,0,0,0,0,0,0,0,0
"35053","2","102","72","0","2016","4","","Socorro County, New Mexico","State Government","102 Service-providing","County, by Domain -- by ownership sector","All establishment sizes",22,941,945,941,12646616,0,0,1032,"",9.09,5.54,5.59,5.59,7.98,0.00,0.00,1.43,"",0,0.0,-9,-0.9,-11,-1.2,-14,-1.5,-491012,-3.7,0,0.0,0,0.0,-28,-2.6
"35053","2","1024","73","0","2016","1","N","Socorro County, New Mexico","State Government","1024 Professional and business services","County, by Supersector -- by ownership sector","All establishment sizes",1,0,0,0,0,0,0,0,"N",28.71,0,0,0,0,0,0,0,"N",0,0.0,0,0,0,0,0,0,0,0,0,0,0,0,0,0
"35053","2","1024","73","0","2016","2","N","Socorro County, New Mexico","State Government","1024 Professional and business services","County, by Supersector -- by ownership sector","All establishment sizes",1,0,0,0,0,0,0,0,"N",29.26,0,0,0,0,0,0,0,"N",0,0.0,0,0,0,0,0,0,0,0,0,0,0,0,0,0
"35053","2","1024","73","0","2016","3","N","Socorro County, New Mexico","State Government","1024 Professional and business services","County, by Supersector -- by ownership sector","All establishment sizes",1,0,0,0,0,0,0,0,"N",30.51,0,0,0,0,0,0,0,"N",0,0.0,0,0,0,0,0,0,0,0,0,0,0,0,0,0
"35053","2","1024","73","0","2016","4","N","Socorro County, New Mexico","State Government","1024 Professional and business services","County, by Supersector -- by ownership sector","All establishment sizes",1,0,0,0,0,0,0,0,"N",30.80,0,0,0,0,0,0,0,"N",0,0.0,0,0,0,0,0,0,0,0,0,0,0,0,0,0
"35053","2","1025","73","0","2016","1","N","Socorro County, New Mexico","State Government","1025 Education and health services","County, by Supersector -- by ownership sector","All establishment sizes",6,0,0,0,0,0,0,0,"N",10.95,0,0,0,0,0,0,0,"N",0,0.0,0,0,0,0,0,0,0,0,0,0,0,0,0,0
"35053","2","1025","73","0","2016","2","N","Socorro County, New Mexico","State Government","1025 Education and health services","County, by Supersector -- by ownership sector","All establishment sizes",6,0,0,0,0,0,0,0,"N",11.05,0,0,0,0,0,0,0,"N",0,0.0,0,0,0,0,0,0,0,0,0,0,0,0,0,0
"35053","2","1025","73","0","2016","3","N","Socorro County, New Mexico","State Government","1025 Education and health services","County, by Supersector -- by ownership sector","All establishment sizes",6,0,0,0,0,0,0,0,"N",11.22,0,0,0,0,0,0,0,"N",0,0.0,0,0,0,0,0,0,0,0,0,0,0,0,0,0
"35053","2","1025","73","0","2016","4","N","Socorro County, New Mexico","State Government","1025 Education and health services","County, by Supersector -- by ownership sector","All establishment sizes",6,0,0,0,0,0,0,0,"N",11.54,0,0,0,0,0,0,0,"N",-1,-14.3,0,0,0,0,0,0,0,0,0,0,0,0,0,0
"35053","2","1026","73","0","2016","1","N","Socorro County, New Mexico","State Government","1026 Leisure and hospitality","County, by Supersector -- by ownership sector","All establishment sizes",1,0,0,0,0,0,0,0,"N",22.53,0,0,0,0,0,0,0,"N",1,100.0,0,0,0,0,0,0,0,0,0,0,0,0,0,0
"35053","2","1026","73","0","2016","2","N","Socorro County, New Mexico","State Government","1026 Leisure and hospitality","County, by Supersector -- by ownership sector","All establishment sizes",1,0,0,0,0,0,0,0,"N",22.89,0,0,0,0,0,0,0,"N",1,100.0,0,0,0,0,0,0,0,0,0,0,0,0,0,0
"35053","2","1026","73","0","2016","3","N","Socorro County, New Mexico","State Government","1026 Leisure and hospitality","County, by Supersector -- by ownership sector","All establishment sizes",1,0,0,0,0,0,0,0,"N",23.28,0,0,0,0,0,0,0,"N",1,100.0,0,0,0,0,0,0,0,0,0,0,0,0,0,0
"35053","2","1026","73","0","2016","4","N","Socorro County, New Mexico","State Government","1026 Leisure and hospitality","County, by Supersector -- by ownership sector","All establishment sizes",1,0,0,0,0,0,0,0,"N",23.52,0,0,0,0,0,0,0,"N",0,0.0,0,0,0,0,0,0,0,0,0,0,0,0,0,0
"35053","2","1028","73","0","2016","1","","Socorro County, New Mexico","State Government","1028 Public administration","County, by Supersector -- by ownership sector","All establishment sizes",14,108,105,106,1180177,0,0,854,"",7.64,1.60,1.55,1.56,1.99,0.00,0.00,1.27,"",2,16.7,-21,-16.3,-24,-18.6,-23,-17.8,-218012,-15.6,0,0.0,0,0.0,20,2.4
"35053","2","1028","73","0","2016","2","","Socorro County, New Mexico","State Government","1028 Public administration","County, by Supersector -- by ownership sector","All establishment sizes",14,106,105,108,1395886,0,0,1010,"",7.75,1.55,1.55,1.57,2.06,0.00,0.00,1.32,"",2,16.7,-20,-15.9,-27,-20.5,-20,-15.6,-211944,-13.2,0,0.0,0,0.0,49,5.1
"35053","2","1028","73","0","2016","3","","Socorro County, New Mexico","State Government","1028 Public administration","County, by Supersector -- by ownership sector","All establishment sizes",14,107,104,108,1397007,0,0,1011,"",7.87,1.61,1.56,1.60,2.11,0.00,0.00,1.33,"",0,0.0,-5,-4.5,-8,-7.1,-5,-4.4,187024,15.5,0,0.0,0,0.0,182,22.0
"35053","2","1028","73","0","2016","4","","Socorro County, New Mexico","State Government","1028 Public administration","County, by Supersector -- by ownership sector","All establishment sizes",14,106,105,104,1139641,0,0,835,"",7.92,1.59,1.58,1.57,1.80,0.00,0.00,1.14,"",1,7.7,1,1.0,0,0.0,-2,-1.9,-123729,-9.8,0,0.0,0,0.0,-88,-9.5
"35053","2","23","74","0","2016","1","","Socorro County, New Mexico","State Government","NAICS 23 Construction","County, NAICS Sector -- by ownership sector","All establishment sizes",3,26,25,25,259159,0,0,787,"",44.53,9.67,9.31,9.32,11.76,0.00,0.00,1.25,"N",2,200.0,0,0,0,0,0,0,0,0,0,0,0,0,0,0
"35053","2","23","74","0","2016","2","","Socorro County, New Mexico","State Government","NAICS 23 Construction","County, NAICS Sector -- by ownership sector","All establishment sizes",3,25,25,26,286156,0,0,869,"",45.26,9.35,9.52,9.64,11.81,0.00,0.00,1.24,"N",2,200.0,0,0,0,0,0,0,0,0,0,0,0,0,0,0
"35053","2","23","74","0","2016","3","","Socorro County, New Mexico","State Government","NAICS 23 Construction","County, NAICS Sector -- by ownership sector","All establishment sizes",3,31,31,31,386116,0,0,958,"",46.02,11.86,11.88,11.84,16.06,0.00,0.00,1.36,"N",2,200.0,0,0,0,0,0,0,0,0,0,0,0,0,0,0
"35053","2","23","74","0","2016","4","","Socorro County, New Mexico","State Government","NAICS 23 Construction","County, NAICS Sector -- by ownership sector","All establishment sizes",3,28,28,28,296669,0,0,815,"",46.85,10.85,10.79,10.71,13.73,0.00,0.00,1.27,"",0,0.0,0,0.0,0,0.0,0,0.0,-28867,-8.9,0,0.0,0,0.0,-79,-8.8
"35053","2","237","75","0","2016","1","","Socorro County, New Mexico","State Government","NAICS 237 Heavy and civil engineering construction","County, NAICS 3-digit -- by ownership sector","All establishment sizes",3,26,25,25,259159,0,0,787,"",44.62,9.72,9.36,9.36,11.84,0.00,0.00,1.25,"N",2,200.0,0,0,0,0,0,0,0,0,0,0,0,0,0,0
"35053","2","237","75","0","2016","2","","Socorro County, New Mexico","State Government","NAICS 237 Heavy and civil engineering construction","County, NAICS 3-digit -- by ownership sector","All establishment sizes",3,25,25,26,286156,0,0,869,"",45.36,9.40,9.57,9.69,11.88,0.00,0.00,1.24,"N",2,200.0,0,0,0,0,0,0,0,0,0,0,0,0,0,0
"35053","2","237","75","0","2016","3","","Socorro County, New Mexico","State Government","NAICS 237 Heavy and civil engineering construction","County, NAICS 3-digit -- by ownership sector","All establishment sizes",3,31,31,31,386116,0,0,958,"",46.12,11.92,11.94,11.90,16.17,0.00,0.00,1.36,"N",2,200.0,0,0,0,0,0,0,0,0,0,0,0,0,0,0
"35053","2","237","75","0","2016","4","","Socorro County, New Mexico","State Government","NAICS 237 Heavy and civil engineering construction","County, NAICS 3-digit -- by ownership sector","All establishment sizes",3,28,28,28,296669,0,0,815,"",46.95,10.91,10.84,10.76,13.83,0.00,0.00,1.28,"",0,0.0,0,0.0,0,0.0,0,0.0,-28867,-8.9,0,0.0,0,0.0,-79,-8.8
"35053","2","2373","76","0","2016","1","","Socorro County, New Mexico","State Government","NAICS 2373 Highway, street, and bridge construction","County, NAICS 4-digit -- by ownership sector","All establishment sizes",3,26,25,25,259159,0,0,787,"",44.70,9.72,9.36,9.37,11.85,0.00,0.00,1.25,"N",2,200.0,0,0,0,0,0,0,0,0,0,0,0,0,0,0
"35053","2","2373","76","0","2016","2","","Socorro County, New Mexico","State Government","NAICS 2373 Highway, street, and bridge construction","County, NAICS 4-digit -- by ownership sector","All establishment sizes",3,25,25,26,286156,0,0,869,"",45.46,9.40,9.58,9.69,11.90,0.00,0.00,1.24,"N",2,200.0,0,0,0,0,0,0,0,0,0,0,0,0,0,0
"35053","2","2373","76","0","2016","3","","Socorro County, New Mexico","State Government","NAICS 2373 Highway, street, and bridge construction","County, NAICS 4-digit -- by ownership sector","All establishment sizes",3,31,31,31,386116,0,0,958,"",46.23,11.93,11.95,11.91,16.19,0.00,0.00,1.36,"N",2,200.0,0,0,0,0,0,0,0,0,0,0,0,0,0,0
"35053","2","2373","76","0","2016","4","","Socorro County, New Mexico","State Government","NAICS 2373 Highway, street, and bridge construction","County, NAICS 4-digit -- by ownership sector","All establishment sizes",3,28,28,28,296669,0,0,815,"",47.06,10.91,10.85,10.77,13.85,0.00,0.00,1.28,"",0,0.0,0,0.0,0,0.0,0,0.0,-28867,-8.9,0,0.0,0,0.0,-79,-8.8
"35053","2","23731","77","0","2016","1","","Socorro County, New Mexico","State Government","NAICS 23731 Highway, street, and bridge construction","County, NAICS 5-digit -- by ownership sector","All establishment sizes",3,26,25,25,259159,0,0,787,"",44.70,9.72,9.36,9.37,11.85,0.00,0.00,1.25,"N",2,200.0,0,0,0,0,0,0,0,0,0,0,0,0,0,0
"35053","2","23731","77","0","2016","2","","Socorro County, New Mexico","State Government","NAICS 23731 Highway, street, and bridge construction","County, NAICS 5-digit -- by ownership sector","All establishment sizes",3,25,25,26,286156,0,0,869,"",45.46,9.40,9.58,9.69,11.90,0.00,0.00,1.24,"N",2,200.0,0,0,0,0,0,0,0,0,0,0,0,0,0,0
"35053","2","23731","77","0","2016","3","","Socorro County, New Mexico","State Government","NAICS 23731 Highway, street, and bridge construction","County, NAICS 5-digit -- by ownership sector","All establishment sizes",3,31,31,31,386116,0,0,958,"",46.23,11.93,11.95,11.91,16.19,0.00,0.00,1.36,"N",2,200.0,0,0,0,0,0,0,0,0,0,0,0,0,0,0
"35053","2","23731","77","0","2016","4","","Socorro County, New Mexico","State Government","NAICS 23731 Highway, street, and bridge construction","County, NAICS 5-digit -- by ownership sector","All establishment sizes",3,28,28,28,296669,0,0,815,"",47.06,10.91,10.85,10.77,13.85,0.00,0.00,1.28,"",0,0.0,0,0.0,0,0.0,0,0.0,-28867,-8.9,0,0.0,0,0.0,-79,-8.8
"35053","2","237310","78","0","2016","1","","Socorro County, New Mexico","State Government","NAICS 237310 Highway, street, and bridge construction","County, NAICS 6-digit -- by ownership sector","All establishment sizes",3,26,25,25,259159,0,0,787,"",44.70,9.72,9.36,9.37,11.85,0.00,0.00,1.25,"N",2,200.0,0,0,0,0,0,0,0,0,0,0,0,0,0,0
"35053","2","237310","78","0","2016","2","","Socorro County, New Mexico","State Government","NAICS 237310 Highway, street, and bridge construction","County, NAICS 6-digit -- by ownership sector","All establishment sizes",3,25,25,26,286156,0,0,869,"",45.46,9.40,9.58,9.69,11.90,0.00,0.00,1.24,"N",2,200.0,0,0,0,0,0,0,0,0,0,0,0,0,0,0
"35053","2","237310","78","0","2016","3","","Socorro County, New Mexico","State Government","NAICS 237310 Highway, street, and bridge construction","County, NAICS 6-digit -- by ownership sector","All establishment sizes",3,31,31,31,386116,0,0,958,"",46.23,11.93,11.95,11.91,16.19,0.00,0.00,1.36,"N",2,200.0,0,0,0,0,0,0,0,0,0,0,0,0,0,0
"35053","2","237310","78","0","2016","4","","Socorro County, New Mexico","State Government","NAICS 237310 Highway, street, and bridge construction","County, NAICS 6-digit -- by ownership sector","All establishment sizes",3,28,28,28,296669,0,0,815,"",47.06,10.91,10.85,10.77,13.85,0.00,0.00,1.28,"",0,0.0,0,0.0,0,0.0,0,0.0,-28867,-8.9,0,0.0,0,0.0,-79,-8.8
"35053","2","56","74","0","2016","1","N","Socorro County, New Mexico","State Government","NAICS 56 Administrative and waste services","County, NAICS Sector -- by ownership sector","All establishment sizes",1,0,0,0,0,0,0,0,"N",48.49,0,0,0,0,0,0,0,"N",0,0.0,0,0,0,0,0,0,0,0,0,0,0,0,0,0
"35053","2","56","74","0","2016","2","N","Socorro County, New Mexico","State Government","NAICS 56 Administrative and waste services","County, NAICS Sector -- by ownership sector","All establishment sizes",1,0,0,0,0,0,0,0,"N",49.42,0,0,0,0,0,0,0,"N",0,0.0,0,0,0,0,0,0,0,0,0,0,0,0,0,0
"35053","2","56","74","0","2016","3","N","Socorro County, New Mexico","State Government","NAICS 56 Administrative and waste services","County, NAICS Sector -- by ownership sector","All establishment sizes",1,0,0,0,0,0,0,0,"N",52.26,0,0,0,0,0,0,0,"N",0,0.0,0,0,0,0,0,0,0,0,0,0,0,0,0,0
"35053","2","56","74","0","2016","4","N","Socorro County, New Mexico","State Government","NAICS 56 Administrative and waste services","County, NAICS Sector -- by ownership sector","All establishment sizes",1,0,0,0,0,0,0,0,"N",52.63,0,0,0,0,0,0,0,"N",0,0.0,0,0,0,0,0,0,0,0,0,0,0,0,0,0
"35053","2","561","75","0","2016","1","N","Socorro County, New Mexico","State Government","NAICS 561 Administrative and support services","County, NAICS 3-digit -- by ownership sector","All establishment sizes",1,0,0,0,0,0,0,0,"N",49.21,0,0,0,0,0,0,0,"N",0,0.0,0,0,0,0,0,0,0,0,0,0,0,0,0,0
"35053","2","561","75","0","2016","2","N","Socorro County, New Mexico","State Government","NAICS 561 Administrative and support services","County, NAICS 3-digit -- by ownership sector","All establishment sizes",1,0,0,0,0,0,0,0,"N",50.15,0,0,0,0,0,0,0,"N",0,0.0,0,0,0,0,0,0,0,0,0,0,0,0,0,0
"35053","2","561","75","0","2016","3","N","Socorro County, New Mexico","State Government","NAICS 561 Administrative and support services","County, NAICS 3-digit -- by ownership sector","All establishment sizes",1,0,0,0,0,0,0,0,"N",53.07,0,0,0,0,0,0,0,"N",0,0.0,0,0,0,0,0,0,0,0,0,0,0,0,0,0
"35053","2","561","75","0","2016","4","N","Socorro County, New Mexico","State Government","NAICS 561 Administrative and support services","County, NAICS 3-digit -- by ownership sector","All establishment sizes",1,0,0,0,0,0,0,0,"N",53.44,0,0,0,0,0,0,0,"N",0,0.0,0,0,0,0,0,0,0,0,0,0,0,0,0,0
"35053","2","5613","76","0","2016","1","N","Socorro County, New Mexico","State Government","NAICS 5613 Employment services","County, NAICS 4-digit -- by ownership sector","All establishment sizes",1,0,0,0,0,0,0,0,"N",60.61,0,0,0,0,0,0,0,"N",0,0.0,0,0,0,0,0,0,0,0,0,0,0,0,0,0
"35053","2","5613","76","0","2016","2","N","Socorro County, New Mexico","State Government","NAICS 5613 Employment services","County, NAICS 4-digit -- by ownership sector","All establishment sizes",1,0,0,0,0,0,0,0,"N",62.14,0,0,0,0,0,0,0,"N",0,0.0,0,0,0,0,0,0,0,0,0,0,0,0,0,0
"35053","2","5613","76","0","2016","3","N","Socorro County, New Mexico","State Government","NAICS 5613 Employment services","County, NAICS 4-digit -- by ownership sector","All establishment sizes",1,0,0,0,0,0,0,0,"N",66.40,0,0,0,0,0,0,0,"N",0,0.0,0,0,0,0,0,0,0,0,0,0,0,0,0,0
"35053","2","5613","76","0","2016","4","N","Socorro County, New Mexico","State Government","NAICS 5613 Employment services","County, NAICS 4-digit -- by ownership sector","All establishment sizes",1,0,0,0,0,0,0,0,"N",67.09,0,0,0,0,0,0,0,"N",0,0.0,0,0,0,0,0,0,0,0,0,0,0,0,0,0
"35053","2","56131","77","0","2016","1","N","Socorro County, New Mexico","State Government","NAICS 56131 Employment placement and executive search","County, NAICS 5-digit -- by ownership sector","All establishment sizes",1,0,0,0,0,0,0,0,"N",60.61,0,0,0,0,0,0,0,"N",0,0.0,0,0,0,0,0,0,0,0,0,0,0,0,0,0
"35053","2","56131","77","0","2016","2","N","Socorro County, New Mexico","State Government","NAICS 56131 Employment placement and executive search","County, NAICS 5-digit -- by ownership sector","All establishment sizes",1,0,0,0,0,0,0,0,"N",62.14,0,0,0,0,0,0,0,"N",0,0.0,0,0,0,0,0,0,0,0,0,0,0,0,0,0
"35053","2","56131","77","0","2016","3","N","Socorro County, New Mexico","State Government","NAICS 56131 Employment placement and executive search","County, NAICS 5-digit -- by ownership sector","All establishment sizes",1,0,0,0,0,0,0,0,"N",66.40,0,0,0,0,0,0,0,"N",0,0.0,0,0,0,0,0,0,0,0,0,0,0,0,0,0
"35053","2","56131","77","0","2016","4","N","Socorro County, New Mexico","State Government","NAICS 56131 Employment placement and executive search","County, NAICS 5-digit -- by ownership sector","All establishment sizes",1,0,0,0,0,0,0,0,"N",67.09,0,0,0,0,0,0,0,"N",0,0.0,0,0,0,0,0,0,0,0,0,0,0,0,0,0
"35053","2","561311","78","0","2016","1","N","Socorro County, New Mexico","State Government","NAICS 561311 Employment placement agencies","County, NAICS 6-digit -- by ownership sector","All establishment sizes",1,0,0,0,0,0,0,0,"N",60.61,0,0,0,0,0,0,0,"N",0,0.0,0,0,0,0,0,0,0,0,0,0,0,0,0,0
"35053","2","561311","78","0","2016","2","N","Socorro County, New Mexico","State Government","NAICS 561311 Employment placement agencies","County, NAICS 6-digit -- by ownership sector","All establishment sizes",1,0,0,0,0,0,0,0,"N",62.14,0,0,0,0,0,0,0,"N",0,0.0,0,0,0,0,0,0,0,0,0,0,0,0,0,0
"35053","2","561311","78","0","2016","3","N","Socorro County, New Mexico","State Government","NAICS 561311 Employment placement agencies","County, NAICS 6-digit -- by ownership sector","All establishment sizes",1,0,0,0,0,0,0,0,"N",66.40,0,0,0,0,0,0,0,"N",0,0.0,0,0,0,0,0,0,0,0,0,0,0,0,0,0
"35053","2","561311","78","0","2016","4","N","Socorro County, New Mexico","State Government","NAICS 561311 Employment placement agencies","County, NAICS 6-digit -- by ownership sector","All establishment sizes",1,0,0,0,0,0,0,0,"N",67.09,0,0,0,0,0,0,0,"N",0,0.0,0,0,0,0,0,0,0,0,0,0,0,0,0,0
"35053","2","61","74","0","2016","1","N","Socorro County, New Mexico","State Government","NAICS 61 Educational services","County, NAICS Sector -- by ownership sector","All establishment sizes",2,0,0,0,0,0,0,0,"N",6.88,0,0,0,0,0,0,0,"N",0,0.0,0,0,0,0,0,0,0,0,0,0,0,0,0,0
"35053","2","61","74","0","2016","2","N","Socorro County, New Mexico","State Government","NAICS 61 Educational services","County, NAICS Sector -- by ownership sector","All establishment sizes",2,0,0,0,0,0,0,0,"N",6.90,0,0,0,0,0,0,0,"N",0,0.0,0,0,0,0,0,0,0,0,0,0,0,0,0,0
"35053","2","61","74","0","2016","3","N","Socorro County, New Mexico","State Government","NAICS 61 Educational services","County, NAICS Sector -- by ownership sector","All establishment sizes",2,0,0,0,0,0,0,0,"N",7.05,0,0,0,0,0,0,0,"N",0,0.0,0,0,0,0,0,0,0,0,0,0,0,0,0,0
"35053","2","61","74","0","2016","4","N","Socorro County, New Mexico","State Government","NAICS 61 Educational services","County, NAICS Sector -- by ownership sector","All establishment sizes",2,0,0,0,0,0,0,0,"N",7.21,0,0,0,0,0,0,0,"N",0,0.0,0,0,0,0,0,0,0,0,0,0,0,0,0,0
"35053","2","611","75","0","2016","1","N","Socorro County, New Mexico","State Government","NAICS 611 Educational services","County, NAICS 3-digit -- by ownership sector","All establishment sizes",2,0,0,0,0,0,0,0,"N",6.88,0,0,0,0,0,0,0,"N",0,0.0,0,0,0,0,0,0,0,0,0,0,0,0,0,0
"35053","2","611","75","0","2016","2","N","Socorro County, New Mexico","State Government","NAICS 611 Educational services","County, NAICS 3-digit -- by ownership sector","All establishment sizes",2,0,0,0,0,0,0,0,"N",6.90,0,0,0,0,0,0,0,"N",0,0.0,0,0,0,0,0,0,0,0,0,0,0,0,0,0
"35053","2","611","75","0","2016","3","N","Socorro County, New Mexico","State Government","NAICS 611 Educational services","County, NAICS 3-digit -- by ownership sector","All establishment sizes",2,0,0,0,0,0,0,0,"N",7.05,0,0,0,0,0,0,0,"N",0,0.0,0,0,0,0,0,0,0,0,0,0,0,0,0,0
"35053","2","611","75","0","2016","4","N","Socorro County, New Mexico","State Government","NAICS 611 Educational services","County, NAICS 3-digit -- by ownership sector","All establishment sizes",2,0,0,0,0,0,0,0,"N",7.21,0,0,0,0,0,0,0,"N",0,0.0,0,0,0,0,0,0,0,0,0,0,0,0,0,0
"35053","2","6113","76","0","2016","1","N","Socorro County, New Mexico","State Government","NAICS 6113 Colleges and universities","County, NAICS 4-digit -- by ownership sector","All establishment sizes",2,0,0,0,0,0,0,0,"N",9.37,0,0,0,0,0,0,0,"N",0,0.0,0,0,0,0,0,0,0,0,0,0,0,0,0,0
"35053","2","6113","76","0","2016","2","N","Socorro County, New Mexico","State Government","NAICS 6113 Colleges and universities","County, NAICS 4-digit -- by ownership sector","All establishment sizes",2,0,0,0,0,0,0,0,"N",9.36,0,0,0,0,0,0,0,"N",0,0.0,0,0,0,0,0,0,0,0,0,0,0,0,0,0
"35053","2","6113","76","0","2016","3","N","Socorro County, New Mexico","State Government","NAICS 6113 Colleges and universities","County, NAICS 4-digit -- by ownership sector","All establishment sizes",2,0,0,0,0,0,0,0,"N",9.56,0,0,0,0,0,0,0,"N",0,0.0,0,0,0,0,0,0,0,0,0,0,0,0,0,0
"35053","2","6113","76","0","2016","4","N","Socorro County, New Mexico","State Government","NAICS 6113 Colleges and universities","County, NAICS 4-digit -- by ownership sector","All establishment sizes",2,0,0,0,0,0,0,0,"N",9.84,0,0,0,0,0,0,0,"N",0,0.0,0,0,0,0,0,0,0,0,0,0,0,0,0,0
"35053","2","61131","77","0","2016","1","N","Socorro County, New Mexico","State Government","NAICS 61131 Colleges and universities","County, NAICS 5-digit -- by ownership sector","All establishment sizes",2,0,0,0,0,0,0,0,"N",9.37,0,0,0,0,0,0,0,"N",0,0.0,0,0,0,0,0,0,0,0,0,0,0,0,0,0
"35053","2","61131","77","0","2016","2","N","Socorro County, New Mexico","State Government","NAICS 61131 Colleges and universities","County, NAICS 5-digit -- by ownership sector","All establishment sizes",2,0,0,0,0,0,0,0,"N",9.36,0,0,0,0,0,0,0,"N",0,0.0,0,0,0,0,0,0,0,0,0,0,0,0,0,0
"35053","2","61131","77","0","2016","3","N","Socorro County, New Mexico","State Government","NAICS 61131 Colleges and universities","County, NAICS 5-digit -- by ownership sector","All establishment sizes",2,0,0,0,0,0,0,0,"N",9.56,0,0,0,0,0,0,0,"N",0,0.0,0,0,0,0,0,0,0,0,0,0,0,0,0,0
"35053","2","61131","77","0","2016","4","N","Socorro County, New Mexico","State Government","NAICS 61131 Colleges and universities","County, NAICS 5-digit -- by ownership sector","All establishment sizes",2,0,0,0,0,0,0,0,"N",9.84,0,0,0,0,0,0,0,"N",0,0.0,0,0,0,0,0,0,0,0,0,0,0,0,0,0
"35053","2","611310","78","0","2016","1","N","Socorro County, New Mexico","State Government","NAICS 611310 Colleges and universities","County, NAICS 6-digit -- by ownership sector","All establishment sizes",2,0,0,0,0,0,0,0,"N",9.37,0,0,0,0,0,0,0,"N",0,0.0,0,0,0,0,0,0,0,0,0,0,0,0,0,0
"35053","2","611310","78","0","2016","2","N","Socorro County, New Mexico","State Government","NAICS 611310 Colleges and universities","County, NAICS 6-digit -- by ownership sector","All establishment sizes",2,0,0,0,0,0,0,0,"N",9.36,0,0,0,0,0,0,0,"N",0,0.0,0,0,0,0,0,0,0,0,0,0,0,0,0,0
"35053","2","611310","78","0","2016","3","N","Socorro County, New Mexico","State Government","NAICS 611310 Colleges and universities","County, NAICS 6-digit -- by ownership sector","All establishment sizes",2,0,0,0,0,0,0,0,"N",9.56,0,0,0,0,0,0,0,"N",0,0.0,0,0,0,0,0,0,0,0,0,0,0,0,0,0
"35053","2","611310","78","0","2016","4","N","Socorro County, New Mexico","State Government","NAICS 611310 Colleges and universities","County, NAICS 6-digit -- by ownership sector","All establishment sizes",2,0,0,0,0,0,0,0,"N",9.84,0,0,0,0,0,0,0,"N",0,0.0,0,0,0,0,0,0,0,0,0,0,0,0,0,0
"35053","2","62","74","0","2016","1","","Socorro County, New Mexico","State Government","NAICS 62 Health care and social assistance","County, NAICS Sector -- by ownership sector","All establishment sizes",4,28,27,28,276365,0,0,768,"",15.55,1.16,1.12,1.15,1.35,0.00,0.00,1.18,"",0,0.0,-2,-6.7,-3,-10.0,-2,-6.7,-67507,-19.6,0,0.0,0,0.0,-114,-12.9
"35053","2","62","74","0","2016","2","","Socorro County, New Mexico","State Government","NAICS 62 Health care and social assistance","County, NAICS Sector -- by ownership sector","All establishment sizes",4,28,27,26,309051,0,0,880,"",15.78,1.14,1.12,1.06,1.33,0.00,0.00,1.20,"",0,0.0,-2,-6.7,-3,-10.0,-4,-13.3,-74979,-19.5,0,0.0,0,0.0,-105,-10.7
"35053","2","62","74","0","2016","3","","Socorro County, New Mexico","State Government","NAICS 62 Health care and social assistance","County, NAICS Sector -- by ownership sector","All establishment sizes",4,25,23,22,274672,0,0,906,"",15.95,1.05,0.96,0.92,1.17,0.00,0.00,1.20,"",0,0.0,-5,-16.7,-7,-23.3,-8,-26.7,-53025,-16.2,0,0.0,0,0.0,66,7.9
"35053","2","62","74","0","2016","4","","Socorro County, New Mexico","State Government","NAICS 62 Health care and social assistance","County, NAICS Sector -- by ownership sector","All establishment sizes",4,23,22,22,224805,0,0,774,"",16.48,0.96,0.92,0.92,1.04,0.00,0.00,1.11,"",-1,-20.0,-3,-11.5,-6,-21.4,-6,-21.4,-74546,-24.9,0,0.0,0,0.0,-68,-8.1
"35053","2","621","75","0","2016","1","N","Socorro County, New Mexico","State Government","NAICS 621 Ambulatory health care services","County, NAICS 3-digit -- by ownership sector","All establishment sizes",1,0,0,0,0,0,0,0,"N",22.08,0,0,0,0,0,0,0,"N",0,0.0,0,0,0,0,0,0,0,0,0,0,0,0,0,0
"35053","2","621","75","0","2016","2","N","Socorro County, New Mexico","State Government","NAICS 621 Ambulatory health care services","County, NAICS 3-digit -- by ownership sector","All establishment sizes",1,0,0,0,0,0,0,0,"N",22.68,0,0,0,0,0,0,0,"N",0,0.0,0,0,0,0,0,0,0,0,0,0,0,0,0,0
"35053","2","621","75","0","2016","3","N","Socorro County, New Mexico","State Government","NAICS 621 Ambulatory health care services","County, NAICS 3-digit -- by ownership sector","All establishment sizes",1,0,0,0,0,0,0,0,"N",22.76,0,0,0,0,0,0,0,"N",0,0.0,0,0,0,0,0,0,0,0,0,0,0,0,0,0
"35053","2","621","75","0","2016","4","N","Socorro County, New Mexico","State Government","NAICS 621 Ambulatory health care services","County, NAICS 3-digit -- by ownership sector","All establishment sizes",1,0,0,0,0,0,0,0,"N",24.42,0,0,0,0,0,0,0,"N",-1,-50.0,0,0,0,0,0,0,0,0,0,0,0,0,0,0
"35053","2","6214","76","0","2016","1","N","Socorro County, New Mexico","State Government","NAICS 6214 Outpatient care centers","County, NAICS 4-digit -- by ownership sector","All establishment sizes",1,0,0,0,0,0,0,0,"N",29.08,0,0,0,0,0,0,0,"N",1,100.0,0,0,0,0,0,0,0,0,0,0,0,0,0,0
"35053","2","6214","76","0","2016","2","N","Socorro County, New Mexico","State Government","NAICS 6214 Outpatient care centers","County, NAICS 4-digit -- by ownership sector","All establishment sizes",1,0,0,0,0,0,0,0,"N",30.00,0,0,0,0,0,0,0,"N",1,100.0,0,0,0,0,0,0,0,0,0,0,0,0,0,0
"35053","2","6214","76","0","2016","3","N","Socorro County, New Mexico","State Government","NAICS 6214 Outpatient care centers","County, NAICS 4-digit -- by ownership sector","All establishment sizes",1,0,0,0,0,0,0,0,"N",29.98,0,0,0,0,0,0,0,"N",1,100.0,0,0,0,0,0,0,0,0,0,0,0,0,0,0
"35053","2","6214","76","0","2016","4","N","Socorro County, New Mexico","State Government","NAICS 6214 Outpatient care centers","County, NAICS 4-digit -- by ownership sector","All establishment sizes",1,0,0,0,0,0,0,0,"N",30.26,0,0,0,0,0,0,0,"N",1,100.0,0,0,0,0,0,0,0,0,0,0,0,0,0,0
"35053","2","62149","77","0","2016","1","N","Socorro County, New Mexico","State Government","NAICS 62149 Other outpatient care centers","County, NAICS 5-digit -- by ownership sector","All establishment sizes",1,0,0,0,0,0,0,0,"N",58.23,0,0,0,0,0,0,0,"N",1,100.0,0,0,0,0,0,0,0,0,0,0,0,0,0,0
"35053","2","62149","77","0","2016","2","N","Socorro County, New Mexico","State Government","NAICS 62149 Other outpatient care centers","County, NAICS 5-digit -- by ownership sector","All establishment sizes",1,0,0,0,0,0,0,0,"N",58.64,0,0,0,0,0,0,0,"N",1,100.0,0,0,0,0,0,0,0,0,0,0,0,0,0,0
"35053","2","62149","77","0","2016","3","N","Socorro County, New Mexico","State Government","NAICS 62149 Other outpatient care centers","County, NAICS 5-digit -- by ownership sector","All establishment sizes",1,0,0,0,0,0,0,0,"N",58.86,0,0,0,0,0,0,0,"N",1,100.0,0,0,0,0,0,0,0,0,0,0,0,0,0,0
"35053","2","62149","77","0","2016","4","N","Socorro County, New Mexico","State Government","NAICS 62149 Other outpatient care centers","County, NAICS 5-digit -- by ownership sector","All establishment sizes",1,0,0,0,0,0,0,0,"N",59.37,0,0,0,0,0,0,0,"N",1,100.0,0,0,0,0,0,0,0,0,0,0,0,0,0,0
"35053","2","621498","78","0","2016","1","N","Socorro County, New Mexico","State Government","NAICS 621498 All other outpatient care centers","County, NAICS 6-digit -- by ownership sector","All establishment sizes",1,0,0,0,0,0,0,0,"N",59.01,0,0,0,0,0,0,0,"N",1,100.0,0,0,0,0,0,0,0,0,0,0,0,0,0,0
"35053","2","621498","78","0","2016","2","N","Socorro County, New Mexico","State Government","NAICS 621498 All other outpatient care centers","County, NAICS 6-digit -- by ownership sector","All establishment sizes",1,0,0,0,0,0,0,0,"N",59.41,0,0,0,0,0,0,0,"N",1,100.0,0,0,0,0,0,0,0,0,0,0,0,0,0,0
"35053","2","621498","78","0","2016","3","N","Socorro County, New Mexico","State Government","NAICS 621498 All other outpatient care centers","County, NAICS 6-digit -- by ownership sector","All establishment sizes",1,0,0,0,0,0,0,0,"N",59.63,0,0,0,0,0,0,0,"N",1,100.0,0,0,0,0,0,0,0,0,0,0,0,0,0,0
"35053","2","621498","78","0","2016","4","N","Socorro County, New Mexico","State Government","NAICS 621498 All other outpatient care centers","County, NAICS 6-digit -- by ownership sector","All establishment sizes",1,0,0,0,0,0,0,0,"N",60.14,0,0,0,0,0,0,0,"N",1,100.0,0,0,0,0,0,0,0,0,0,0,0,0,0,0
"35053","2","624","75","0","2016","1","N","Socorro County, New Mexico","State Government","NAICS 624 Social assistance","County, NAICS 3-digit -- by ownership sector","All establishment sizes",3,0,0,0,0,0,0,0,"N",29.77,0,0,0,0,0,0,0,"N",0,0.0,0,0,0,0,0,0,0,0,0,0,0,0,0,0
"35053","2","624","75","0","2016","2","N","Socorro County, New Mexico","State Government","NAICS 624 Social assistance","County, NAICS 3-digit -- by ownership sector","All establishment sizes",3,0,0,0,0,0,0,0,"N",30.18,0,0,0,0,0,0,0,"N",0,0.0,0,0,0,0,0,0,0,0,0,0,0,0,0,0
"35053","2","624","75","0","2016","3","N","Socorro County, New Mexico","State Government","NAICS 624 Social assistance","County, NAICS 3-digit -- by ownership sector","All establishment sizes",3,0,0,0,0,0,0,0,"N",30.59,0,0,0,0,0,0,0,"N",0,0.0,0,0,0,0,0,0,0,0,0,0,0,0,0,0
"35053","2","624","75","0","2016","4","N","Socorro County, New Mexico","State Government","NAICS 624 Social assistance","County, NAICS 3-digit -- by ownership sector","All establishment sizes",3,0,0,0,0,0,0,0,"N",31.88,0,0,0,0,0,0,0,"N",0,0.0,0,0,0,0,0,0,0,0,0,0,0,0,0,0
"35053","2","6241","76","0","2016","1","N","Socorro County, New Mexico","State Government","NAICS 6241 Individual and family services","County, NAICS 4-digit -- by ownership sector","All establishment sizes",2,0,0,0,0,0,0,0,"N",27.20,0,0,0,0,0,0,0,"N",0,0.0,0,0,0,0,0,0,0,0,0,0,0,0,0,0
"35053","2","6241","76","0","2016","2","N","Socorro County, New Mexico","State Government","NAICS 6241 Individual and family services","County, NAICS 4-digit -- by ownership sector","All establishment sizes",2,0,0,0,0,0,0,0,"N",27.51,0,0,0,0,0,0,0,"N",0,0.0,0,0,0,0,0,0,0,0,0,0,0,0,0,0
"35053","2","6241","76","0","2016","3","N","Socorro County, New Mexico","State Government","NAICS 6241 Individual and family services","County, NAICS 4-digit -- by ownership sector","All establishment sizes",2,0,0,0,0,0,0,0,"N",27.78,0,0,0,0,0,0,0,"N",0,0.0,0,0,0,0,0,0,0,0,0,0,0,0,0,0
"35053","2","6241","76","0","2016","4","N","Socorro County, New Mexico","State Government","NAICS 6241 Individual and family services","County, NAICS 4-digit -- by ownership sector","All establishment sizes",2,0,0,0,0,0,0,0,"N",29.23,0,0,0,0,0,0,0,"N",0,0.0,0,0,0,0,0,0,0,0,0,0,0,0,0,0
"35053","2","62419","77","0","2016","1","N","Socorro County, New Mexico","State Government","NAICS 62419 Other individual and family services","County, NAICS 5-digit -- by ownership sector","All establishment sizes",2,0,0,0,0,0,0,0,"N",49.90,0,0,0,0,0,0,0,"N",0,0.0,0,0,0,0,0,0,0,0,0,0,0,0,0,0
"35053","2","62419","77","0","2016","2","N","Socorro County, New Mexico","State Government","NAICS 62419 Other individual and family services","County, NAICS 5-digit -- by ownership sector","All establishment sizes",2,0,0,0,0,0,0,0,"N",50.48,0,0,0,0,0,0,0,"N",0,0.0,0,0,0,0,0,0,0,0,0,0,0,0,0,0
"35053","2","62419","77","0","2016","3","N","Socorro County, New Mexico","State Government","NAICS 62419 Other individual and family services","County, NAICS 5-digit -- by ownership sector","All establishment sizes",2,0,0,0,0,0,0,0,"N",51.19,0,0,0,0,0,0,0,"N",0,0.0,0,0,0,0,0,0,0,0,0,0,0,0,0,0
"35053","2","62419","77","0","2016","4","N","Socorro County, New Mexico","State Government","NAICS 62419 Other individual and family services","County, NAICS 5-digit -- by ownership sector","All establishment sizes",2,0,0,0,0,0,0,0,"N",55.36,0,0,0,0,0,0,0,"N",0,0.0,0,0,0,0,0,0,0,0,0,0,0,0,0,0
"35053","2","624190","78","0","2016","1","N","Socorro County, New Mexico","State Government","NAICS 624190 Other individual and family services","County, NAICS 6-digit -- by ownership sector","All establishment sizes",2,0,0,0,0,0,0,0,"N",49.90,0,0,0,0,0,0,0,"N",0,0.0,0,0,0,0,0,0,0,0,0,0,0,0,0,0
"35053","2","624190","78","0","2016","2","N","Socorro County, New Mexico","State Government","NAICS 624190 Other individual and family services","County, NAICS 6-digit -- by ownership sector","All establishment sizes",2,0,0,0,0,0,0,0,"N",50.48,0,0,0,0,0,0,0,"N",0,0.0,0,0,0,0,0,0,0,0,0,0,0,0,0,0
"35053","2","624190","78","0","2016","3","N","Socorro County, New Mexico","State Government","NAICS 624190 Other individual and family services","County, NAICS 6-digit -- by ownership sector","All establishment sizes",2,0,0,0,0,0,0,0,"N",51.19,0,0,0,0,0,0,0,"N",0,0.0,0,0,0,0,0,0,0,0,0,0,0,0,0,0
"35053","2","624190","78","0","2016","4","N","Socorro County, New Mexico","State Government","NAICS 624190 Other individual and family services","County, NAICS 6-digit -- by ownership sector","All establishment sizes",2,0,0,0,0,0,0,0,"N",55.36,0,0,0,0,0,0,0,"N",0,0.0,0,0,0,0,0,0,0,0,0,0,0,0,0,0
"35053","2","6243","76","0","2016","1","N","Socorro County, New Mexico","State Government","NAICS 6243 Vocational rehabilitation services","County, NAICS 4-digit -- by ownership sector","All establishment sizes",1,0,0,0,0,0,0,0,"N",38.26,0,0,0,0,0,0,0,"N",0,0.0,0,0,0,0,0,0,0,0,0,0,0,0,0,0
"35053","2","6243","76","0","2016","2","N","Socorro County, New Mexico","State Government","NAICS 6243 Vocational rehabilitation services","County, NAICS 4-digit -- by ownership sector","All establishment sizes",1,0,0,0,0,0,0,0,"N",39.06,0,0,0,0,0,0,0,"N",0,0.0,0,0,0,0,0,0,0,0,0,0,0,0,0,0
"35053","2","6243","76","0","2016","3","N","Socorro County, New Mexico","State Government","NAICS 6243 Vocational rehabilitation services","County, NAICS 4-digit -- by ownership sector","All establishment sizes",1,0,0,0,0,0,0,0,"N",40.01,0,0,0,0,0,0,0,"N",0,0.0,0,0,0,0,0,0,0,0,0,0,0,0,0,0
"35053","2","6243","76","0","2016","4","N","Socorro County, New Mexico","State Government","NAICS 6243 Vocational rehabilitation services","County, NAICS 4-digit -- by ownership sector","All establishment sizes",1,0,0,0,0,0,0,0,"N",40.59,0,0,0,0,0,0,0,"N",0,0.0,0,0,0,0,0,0,0,0,0,0,0,0,0,0
"35053","2","62431","77","0","2016","1","N","Socorro County, New Mexico","State Government","NAICS 62431 Vocational rehabilitation services","County, NAICS 5-digit -- by ownership sector","All establishment sizes",1,0,0,0,0,0,0,0,"N",38.26,0,0,0,0,0,0,0,"N",0,0.0,0,0,0,0,0,0,0,0,0,0,0,0,0,0
"35053","2","62431","77","0","2016","2","N","Socorro County, New Mexico","State Government","NAICS 62431 Vocational rehabilitation services","County, NAICS 5-digit -- by ownership sector","All establishment sizes",1,0,0,0,0,0,0,0,"N",39.06,0,0,0,0,0,0,0,"N",0,0.0,0,0,0,0,0,0,0,0,0,0,0,0,0,0
"35053","2","62431","77","0","2016","3","N","Socorro County, New Mexico","State Government","NAICS 62431 Vocational rehabilitation services","County, NAICS 5-digit -- by ownership sector","All establishment sizes",1,0,0,0,0,0,0,0,"N",40.01,0,0,0,0,0,0,0,"N",0,0.0,0,0,0,0,0,0,0,0,0,0,0,0,0,0
"35053","2","62431","77","0","2016","4","N","Socorro County, New Mexico","State Government","NAICS 62431 Vocational rehabilitation services","County, NAICS 5-digit -- by ownership sector","All establishment sizes",1,0,0,0,0,0,0,0,"N",40.59,0,0,0,0,0,0,0,"N",0,0.0,0,0,0,0,0,0,0,0,0,0,0,0,0,0
"35053","2","624310","78","0","2016","1","N","Socorro County, New Mexico","State Government","NAICS 624310 Vocational rehabilitation services","County, NAICS 6-digit -- by ownership sector","All establishment sizes",1,0,0,0,0,0,0,0,"N",38.26,0,0,0,0,0,0,0,"N",0,0.0,0,0,0,0,0,0,0,0,0,0,0,0,0,0
"35053","2","624310","78","0","2016","2","N","Socorro County, New Mexico","State Government","NAICS 624310 Vocational rehabilitation services","County, NAICS 6-digit -- by ownership sector","All establishment sizes",1,0,0,0,0,0,0,0,"N",39.06,0,0,0,0,0,0,0,"N",0,0.0,0,0,0,0,0,0,0,0,0,0,0,0,0,0
"35053","2","624310","78","0","2016","3","N","Socorro County, New Mexico","State Government","NAICS 624310 Vocational rehabilitation services","County, NAICS 6-digit -- by ownership sector","All establishment sizes",1,0,0,0,0,0,0,0,"N",40.01,0,0,0,0,0,0,0,"N",0,0.0,0,0,0,0,0,0,0,0,0,0,0,0,0,0
"35053","2","624310","78","0","2016","4","N","Socorro County, New Mexico","State Government","NAICS 624310 Vocational rehabilitation services","County, NAICS 6-digit -- by ownership sector","All establishment sizes",1,0,0,0,0,0,0,0,"N",40.59,0,0,0,0,0,0,0,"N",0,0.0,0,0,0,0,0,0,0,0,0,0,0,0,0,0
"35053","2","71","74","0","2016","1","N","Socorro County, New Mexico","State Government","NAICS 71 Arts, entertainment, and recreation","County, NAICS Sector -- by ownership sector","All establishment sizes",1,0,0,0,0,0,0,0,"N",22.87,0,0,0,0,0,0,0,"N",1,100.0,0,0,0,0,0,0,0,0,0,0,0,0,0,0
"35053","2","71","74","0","2016","2","N","Socorro County, New Mexico","State Government","NAICS 71 Arts, entertainment, and recreation","County, NAICS Sector -- by ownership sector","All establishment sizes",1,0,0,0,0,0,0,0,"N",23.24,0,0,0,0,0,0,0,"N",1,100.0,0,0,0,0,0,0,0,0,0,0,0,0,0,0
"35053","2","71","74","0","2016","3","N","Socorro County, New Mexico","State Government","NAICS 71 Arts, entertainment, and recreation","County, NAICS Sector -- by ownership sector","All establishment sizes",1,0,0,0,0,0,0,0,"N",23.62,0,0,0,0,0,0,0,"N",1,100.0,0,0,0,0,0,0,0,0,0,0,0,0,0,0
"35053","2","71","74","0","2016","4","N","Socorro County, New Mexico","State Government","NAICS 71 Arts, entertainment, and recreation","County, NAICS Sector -- by ownership sector","All establishment sizes",1,0,0,0,0,0,0,0,"N",23.86,0,0,0,0,0,0,0,"N",0,0.0,0,0,0,0,0,0,0,0,0,0,0,0,0,0
"35053","2","712","75","0","2016","1","N","Socorro County, New Mexico","State Government","NAICS 712 Museums, historical sites, zoos, and parks","County, NAICS 3-digit -- by ownership sector","All establishment sizes",1,0,0,0,0,0,0,0,"N",24.47,0,0,0,0,0,0,0,"N",1,100.0,0,0,0,0,0,0,0,0,0,0,0,0,0,0
"35053","2","712","75","0","2016","2","N","Socorro County, New Mexico","State Government","NAICS 712 Museums, historical sites, zoos, and parks","County, NAICS 3-digit -- by ownership sector","All establishment sizes",1,0,0,0,0,0,0,0,"N",24.87,0,0,0,0,0,0,0,"N",1,100.0,0,0,0,0,0,0,0,0,0,0,0,0,0,0
"35053","2","712","75","0","2016","3","N","Socorro County, New Mexico","State Government","NAICS 712 Museums, historical sites, zoos, and parks","County, NAICS 3-digit -- by ownership sector","All establishment sizes",1,0,0,0,0,0,0,0,"N",25.29,0,0,0,0,0,0,0,"N",1,100.0,0,0,0,0,0,0,0,0,0,0,0,0,0,0
"35053","2","712","75","0","2016","4","N","Socorro County, New Mexico","State Government","NAICS 712 Museums, historical sites, zoos, and parks","County, NAICS 3-digit -- by ownership sector","All establishment sizes",1,0,0,0,0,0,0,0,"N",25.54,0,0,0,0,0,0,0,"N",0,0.0,0,0,0,0,0,0,0,0,0,0,0,0,0,0
"35053","2","7121","76","0","2016","1","N","Socorro County, New Mexico","State Government","NAICS 7121 Museums, historical sites, zoos, and parks","County, NAICS 4-digit -- by ownership sector","All establishment sizes",1,0,0,0,0,0,0,0,"N",24.47,0,0,0,0,0,0,0,"N",1,100.0,0,0,0,0,0,0,0,0,0,0,0,0,0,0
"35053","2","7121","76","0","2016","2","N","Socorro County, New Mexico","State Government","NAICS 7121 Museums, historical sites, zoos, and parks","County, NAICS 4-digit -- by ownership sector","All establishment sizes",1,0,0,0,0,0,0,0,"N",24.87,0,0,0,0,0,0,0,"N",1,100.0,0,0,0,0,0,0,0,0,0,0,0,0,0,0
"35053","2","7121","76","0","2016","3","N","Socorro County, New Mexico","State Government","NAICS 7121 Museums, historical sites, zoos, and parks","County, NAICS 4-digit -- by ownership sector","All establishment sizes",1,0,0,0,0,0,0,0,"N",25.29,0,0,0,0,0,0,0,"N",1,100.0,0,0,0,0,0,0,0,0,0,0,0,0,0,0
"35053","2","7121","76","0","2016","4","N","Socorro County, New Mexico","State Government","NAICS 7121 Museums, historical sites, zoos, and parks","County, NAICS 4-digit -- by ownership sector","All establishment sizes",1,0,0,0,0,0,0,0,"N",25.54,0,0,0,0,0,0,0,"N",0,0.0,0,0,0,0,0,0,0,0,0,0,0,0,0,0
"35053","2","71212","77","0","2016","1","N","Socorro County, New Mexico","State Government","NAICS 71212 Historical sites","County, NAICS 5-digit -- by ownership sector","All establishment sizes",1,0,0,0,0,0,0,0,"N",404.10,0,0,0,0,0,0,0,"N",1,100.0,0,0,0,0,0,0,0,0,0,0,0,0,0,0
"35053","2","71212","77","0","2016","2","N","Socorro County, New Mexico","State Government","NAICS 71212 Historical sites","County, NAICS 5-digit -- by ownership sector","All establishment sizes",1,0,0,0,0,0,0,0,"N",429.09,0,0,0,0,0,0,0,"N",1,100.0,0,0,0,0,0,0,0,0,0,0,0,0,0,0
"35053","2","71212","77","0","2016","3","N","Socorro County, New Mexico","State Government","NAICS 71212 Historical sites","County, NAICS 5-digit -- by ownership sector","All establishment sizes",1,0,0,0,0,0,0,0,"N",443.37,0,0,0,0,0,0,0,"N",1,100.0,0,0,0,0,0,0,0,0,0,0,0,0,0,0
"35053","2","71212","77","0","2016","4","N","Socorro County, New Mexico","State Government","NAICS 71212 Historical sites","County, NAICS 5-digit -- by ownership sector","All establishment sizes",1,0,0,0,0,0,0,0,"N",441.96,0,0,0,0,0,0,0,"N",0,0.0,0,0,0,0,0,0,0,0,0,0,0,0,0,0
"35053","2","712120","78","0","2016","1","N","Socorro County, New Mexico","State Government","NAICS 712120 Historical sites","County, NAICS 6-digit -- by ownership sector","All establishment sizes",1,0,0,0,0,0,0,0,"N",404.10,0,0,0,0,0,0,0,"N",1,100.0,0,0,0,0,0,0,0,0,0,0,0,0,0,0
"35053","2","712120","78","0","2016","2","N","Socorro County, New Mexico","State Government","NAICS 712120 Historical sites","County, NAICS 6-digit -- by ownership sector","All establishment sizes",1,0,0,0,0,0,0,0,"N",429.09,0,0,0,0,0,0,0,"N",1,100.0,0,0,0,0,0,0,0,0,0,0,0,0,0,0
"35053","2","712120","78","0","2016","3","N","Socorro County, New Mexico","State Government","NAICS 712120 Historical sites","County, NAICS 6-digit -- by ownership sector","All establishment sizes",1,0,0,0,0,0,0,0,"N",443.37,0,0,0,0,0,0,0,"N",1,100.0,0,0,0,0,0,0,0,0,0,0,0,0,0,0
"35053","2","712120","78","0","2016","4","N","Socorro County, New Mexico","State Government","NAICS 712120 Historical sites","County, NAICS 6-digit -- by ownership sector","All establishment sizes",1,0,0,0,0,0,0,0,"N",441.96,0,0,0,0,0,0,0,"N",0,0.0,0,0,0,0,0,0,0,0,0,0,0,0,0,0
"35053","2","92","74","0","2016","1","","Socorro County, New Mexico","State Government","NAICS 92 Public administration","County, NAICS Sector -- by ownership sector","All establishment sizes",14,108,105,106,1180177,0,0,854,"",7.64,1.60,1.55,1.56,1.99,0.00,0.00,1.27,"",2,16.7,-21,-16.3,-24,-18.6,-23,-17.8,-218012,-15.6,0,0.0,0,0.0,20,2.4
"35053","2","92","74","0","2016","2","","Socorro County, New Mexico","State Government","NAICS 92 Public administration","County, NAICS Sector -- by ownership sector","All establishment sizes",14,106,105,108,1395886,0,0,1010,"",7.75,1.55,1.55,1.57,2.06,0.00,0.00,1.32,"",2,16.7,-20,-15.9,-27,-20.5,-20,-15.6,-211944,-13.2,0,0.0,0,0.0,49,5.1
"35053","2","92","74","0","2016","3","","Socorro County, New Mexico","State Government","NAICS 92 Public administration","County, NAICS Sector -- by ownership sector","All establishment sizes",14,107,104,108,1397007,0,0,1011,"",7.87,1.61,1.56,1.60,2.11,0.00,0.00,1.33,"",0,0.0,-5,-4.5,-8,-7.1,-5,-4.4,187024,15.5,0,0.0,0,0.0,182,22.0
"35053","2","92","74","0","2016","4","","Socorro County, New Mexico","State Government","NAICS 92 Public administration","County, NAICS Sector -- by ownership sector","All establishment sizes",14,106,105,104,1139641,0,0,835,"",7.92,1.59,1.58,1.57,1.80,0.00,0.00,1.14,"",1,7.7,1,1.0,0,0.0,-2,-1.9,-123729,-9.8,0,0.0,0,0.0,-88,-9.5
"35053","2","922","75","0","2016","1","","Socorro County, New Mexico","State Government","NAICS 922 Justice, public order, and safety activities","County, NAICS 3-digit -- by ownership sector","All establishment sizes",5,65,63,65,804065,0,0,961,"",9.49,2.42,2.34,2.40,3.39,0.00,0.00,1.42,"",-1,-16.7,-27,-29.3,-30,-32.3,-27,-29.3,-286274,-26.3,0,0.0,0,0.0,53,5.8
"35053","2","922","75","0","2016","2","","Socorro County, New Mexico","State Government","NAICS 922 Justice, public order, and safety activities","County, NAICS 3-digit -- by ownership sector","All establishment sizes",5,66,64,65,970285,0,0,1148,"",9.60,2.42,2.38,2.39,3.59,0.00,0.00,1.50,"",-1,-16.7,-22,-25.0,-26,-28.9,-24,-27.0,-280476,-22.4,0,0.0,0,0.0,67,6.2
"35053","2","922","75","0","2016","3","","Socorro County, New Mexico","State Government","NAICS 922 Justice, public order, and safety activities","County, NAICS 3-digit -- by ownership sector","All establishment sizes",5,64,61,63,933960,0,0,1146,"",9.69,2.43,2.31,2.36,3.52,0.00,0.00,1.49,"",-1,-16.7,-10,-13.5,-13,-17.6,-12,-16.0,61082,7.0,0,0.0,0,0.0,243,26.9
"35053","2","922","75","0","2016","4","","Socorro County, New Mexico","State Government","NAICS 922 Justice, public order, and safety activities","County, NAICS 3-digit -- by ownership sector","All establishment sizes",5,63,63,63,767805,0,0,937,"",9.74,2.38,2.39,2.38,3.03,0.00,0.00,1.27,"",0,0.0,-3,-4.5,-3,-4.5,-3,-4.5,-139522,-15.4,0,0.0,0,0.0,-120,-11.4
"35053","2","9221","76","0","2016","1","","Socorro County, New Mexico","State Government","NAICS 9221 Justice, public order, and safety activities","County, NAICS 4-digit -- by ownership sector","All establishment sizes",5,65,63,65,804065,0,0,961,"",9.49,2.42,2.34,2.40,3.39,0.00,0.00,1.42,"",-1,-16.7,-27,-29.3,-30,-32.3,-27,-29.3,-286274,-26.3,0,0.0,0,0.0,53,5.8
"35053","2","9221","76","0","2016","2","","Socorro County, New Mexico","State Government","NAICS 9221 Justice, public order, and safety activities","County, NAICS 4-digit -- by ownership sector","All establishment sizes",5,66,64,65,970285,0,0,1148,"",9.60,2.42,2.38,2.39,3.59,0.00,0.00,1.50,"",-1,-16.7,-22,-25.0,-26,-28.9,-24,-27.0,-280476,-22.4,0,0.0,0,0.0,67,6.2
"35053","2","9221","76","0","2016","3","","Socorro County, New Mexico","State Government","NAICS 9221 Justice, public order, and safety activities","County, NAICS 4-digit -- by ownership sector","All establishment sizes",5,64,61,63,933960,0,0,1146,"",9.69,2.43,2.31,2.36,3.52,0.00,0.00,1.49,"",-1,-16.7,-10,-13.5,-13,-17.6,-12,-16.0,61082,7.0,0,0.0,0,0.0,243,26.9
"35053","2","9221","76","0","2016","4","","Socorro County, New Mexico","State Government","NAICS 9221 Justice, public order, and safety activities","County, NAICS 4-digit -- by ownership sector","All establishment sizes",5,63,63,63,767805,0,0,937,"",9.74,2.38,2.39,2.38,3.03,0.00,0.00,1.27,"",0,0.0,-3,-4.5,-3,-4.5,-3,-4.5,-139522,-15.4,0,0.0,0,0.0,-120,-11.4
"35053","2","92211","77","0","2016","1","N","Socorro County, New Mexico","State Government","NAICS 92211 Courts","County, NAICS 5-digit -- by ownership sector","All establishment sizes",2,0,0,0,0,0,0,0,"N",14.06,0,0,0,0,0,0,0,"N",0,0.0,0,0,0,0,0,0,0,0,0,0,0,0,0,0
"35053","2","92211","77","0","2016","2","N","Socorro County, New Mexico","State Government","NAICS 92211 Courts","County, NAICS 5-digit -- by ownership sector","All establishment sizes",2,0,0,0,0,0,0,0,"N",14.24,0,0,0,0,0,0,0,"N",0,0.0,0,0,0,0,0,0,0,0,0,0,0,0,0,0
"35053","2","92211","77","0","2016","3","N","Socorro County, New Mexico","State Government","NAICS 92211 Courts","County, NAICS 5-digit -- by ownership sector","All establishment sizes",2,0,0,0,0,0,0,0,"N",14.45,0,0,0,0,0,0,0,"N",0,0.0,0,0,0,0,0,0,0,0,0,0,0,0,0,0
"35053","2","92211","77","0","2016","4","N","Socorro County, New Mexico","State Government","NAICS 92211 Courts","County, NAICS 5-digit -- by ownership sector","All establishment sizes",2,0,0,0,0,0,0,0,"N",14.63,0,0,0,0,0,0,0,"N",0,0.0,0,0,0,0,0,0,0,0,0,0,0,0,0,0
"35053","2","922110","78","0","2016","1","N","Socorro County, New Mexico","State Government","NAICS 922110 Courts","County, NAICS 6-digit -- by ownership sector","All establishment sizes",2,0,0,0,0,0,0,0,"N",14.06,0,0,0,0,0,0,0,"N",0,0.0,0,0,0,0,0,0,0,0,0,0,0,0,0,0
"35053","2","922110","78","0","2016","2","N","Socorro County, New Mexico","State Government","NAICS 922110 Courts","County, NAICS 6-digit -- by ownership sector","All establishment sizes",2,0,0,0,0,0,0,0,"N",14.24,0,0,0,0,0,0,0,"N",0,0.0,0,0,0,0,0,0,0,0,0,0,0,0,0,0
"35053","2","922110","78","0","2016","3","N","Socorro County, New Mexico","State Government","NAICS 922110 Courts","County, NAICS 6-digit -- by ownership sector","All establishment sizes",2,0,0,0,0,0,0,0,"N",14.45,0,0,0,0,0,0,0,"N",0,0.0,0,0,0,0,0,0,0,0,0,0,0,0,0,0
"35053","2","922110","78","0","2016","4","N","Socorro County, New Mexico","State Government","NAICS 922110 Courts","County, NAICS 6-digit -- by ownership sector","All establishment sizes",2,0,0,0,0,0,0,0,"N",14.63,0,0,0,0,0,0,0,"N",0,0.0,0,0,0,0,0,0,0,0,0,0,0,0,0,0
"35053","2","92212","77","0","2016","1","N","Socorro County, New Mexico","State Government","NAICS 92212 Police protection","County, NAICS 5-digit -- by ownership sector","All establishment sizes",1,0,0,0,0,0,0,0,"N",10.34,0,0,0,0,0,0,0,"N",0,0.0,0,0,0,0,0,0,0,0,0,0,0,0,0,0
"35053","2","92212","77","0","2016","2","N","Socorro County, New Mexico","State Government","NAICS 92212 Police protection","County, NAICS 5-digit -- by ownership sector","All establishment sizes",1,0,0,0,0,0,0,0,"N",10.53,0,0,0,0,0,0,0,"N",0,0.0,0,0,0,0,0,0,0,0,0,0,0,0,0,0
"35053","2","92212","77","0","2016","3","N","Socorro County, New Mexico","State Government","NAICS 92212 Police protection","County, NAICS 5-digit -- by ownership sector","All establishment sizes",1,0,0,0,0,0,0,0,"N",10.71,0,0,0,0,0,0,0,"N",0,0.0,0,0,0,0,0,0,0,0,0,0,0,0,0,0
"35053","2","92212","77","0","2016","4","N","Socorro County, New Mexico","State Government","NAICS 92212 Police protection","County, NAICS 5-digit -- by ownership sector","All establishment sizes",1,0,0,0,0,0,0,0,"N",10.86,0,0,0,0,0,0,0,"N",0,0.0,0,0,0,0,0,0,0,0,0,0,0,0,0,0
"35053","2","922120","78","0","2016","1","N","Socorro County, New Mexico","State Government","NAICS 922120 Police protection","County, NAICS 6-digit -- by ownership sector","All establishment sizes",1,0,0,0,0,0,0,0,"N",10.34,0,0,0,0,0,0,0,"N",0,0.0,0,0,0,0,0,0,0,0,0,0,0,0,0,0
"35053","2","922120","78","0","2016","2","N","Socorro County, New Mexico","State Government","NAICS 922120 Police protection","County, NAICS 6-digit -- by ownership sector","All establishment sizes",1,0,0,0,0,0,0,0,"N",10.53,0,0,0,0,0,0,0,"N",0,0.0,0,0,0,0,0,0,0,0,0,0,0,0,0,0
"35053","2","922120","78","0","2016","3","N","Socorro County, New Mexico","State Government","NAICS 922120 Police protection","County, NAICS 6-digit -- by ownership sector","All establishment sizes",1,0,0,0,0,0,0,0,"N",10.71,0,0,0,0,0,0,0,"N",0,0.0,0,0,0,0,0,0,0,0,0,0,0,0,0,0
"35053","2","922120","78","0","2016","4","N","Socorro County, New Mexico","State Government","NAICS 922120 Police protection","County, NAICS 6-digit -- by ownership sector","All establishment sizes",1,0,0,0,0,0,0,0,"N",10.86,0,0,0,0,0,0,0,"N",0,0.0,0,0,0,0,0,0,0,0,0,0,0,0,0,0
"35053","2","92213","77","0","2016","1","N","Socorro County, New Mexico","State Government","NAICS 92213 Legal counsel and prosecution","County, NAICS 5-digit -- by ownership sector","All establishment sizes",1,0,0,0,0,0,0,0,"N",13.00,0,0,0,0,0,0,0,"N",0,0.0,0,0,0,0,0,0,0,0,0,0,0,0,0,0
"35053","2","92213","77","0","2016","2","N","Socorro County, New Mexico","State Government","NAICS 92213 Legal counsel and prosecution","County, NAICS 5-digit -- by ownership sector","All establishment sizes",1,0,0,0,0,0,0,0,"N",13.17,0,0,0,0,0,0,0,"N",0,0.0,0,0,0,0,0,0,0,0,0,0,0,0,0,0
"35053","2","92213","77","0","2016","3","N","Socorro County, New Mexico","State Government","NAICS 92213 Legal counsel and prosecution","County, NAICS 5-digit -- by ownership sector","All establishment sizes",1,0,0,0,0,0,0,0,"N",13.40,0,0,0,0,0,0,0,"N",0,0.0,0,0,0,0,0,0,0,0,0,0,0,0,0,0
"35053","2","92213","77","0","2016","4","N","Socorro County, New Mexico","State Government","NAICS 92213 Legal counsel and prosecution","County, NAICS 5-digit -- by ownership sector","All establishment sizes",1,0,0,0,0,0,0,0,"N",13.45,0,0,0,0,0,0,0,"N",0,0.0,0,0,0,0,0,0,0,0,0,0,0,0,0,0
"35053","2","922130","78","0","2016","1","N","Socorro County, New Mexico","State Government","NAICS 922130 Legal counsel and prosecution","County, NAICS 6-digit -- by ownership sector","All establishment sizes",1,0,0,0,0,0,0,0,"N",13.00,0,0,0,0,0,0,0,"N",0,0.0,0,0,0,0,0,0,0,0,0,0,0,0,0,0
"35053","2","922130","78","0","2016","2","N","Socorro County, New Mexico","State Government","NAICS 922130 Legal counsel and prosecution","County, NAICS 6-digit -- by ownership sector","All establishment sizes",1,0,0,0,0,0,0,0,"N",13.17,0,0,0,0,0,0,0,"N",0,0.0,0,0,0,0,0,0,0,0,0,0,0,0,0,0
"35053","2","922130","78","0","2016","3","N","Socorro County, New Mexico","State Government","NAICS 922130 Legal counsel and prosecution","County, NAICS 6-digit -- by ownership sector","All establishment sizes",1,0,0,0,0,0,0,0,"N",13.40,0,0,0,0,0,0,0,"N",0,0.0,0,0,0,0,0,0,0,0,0,0,0,0,0,0
"35053","2","922130","78","0","2016","4","N","Socorro County, New Mexico","State Government","NAICS 922130 Legal counsel and prosecution","County, NAICS 6-digit -- by ownership sector","All establishment sizes",1,0,0,0,0,0,0,0,"N",13.45,0,0,0,0,0,0,0,"N",0,0.0,0,0,0,0,0,0,0,0,0,0,0,0,0,0
"35053","2","92215","77","0","2016","1","N","Socorro County, New Mexico","State Government","NAICS 92215 Parole offices and probation offices","County, NAICS 5-digit -- by ownership sector","All establishment sizes",1,0,0,0,0,0,0,0,"N",30.14,0,0,0,0,0,0,0,"N",-1,-50.0,0,0,0,0,0,0,0,0,0,0,0,0,0,0
"35053","2","92215","77","0","2016","2","N","Socorro County, New Mexico","State Government","NAICS 92215 Parole offices and probation offices","County, NAICS 5-digit -- by ownership sector","All establishment sizes",1,0,0,0,0,0,0,0,"N",30.61,0,0,0,0,0,0,0,"N",-1,-50.0,0,0,0,0,0,0,0,0,0,0,0,0,0,0
"35053","2","92215","77","0","2016","3","N","Socorro County, New Mexico","State Government","NAICS 92215 Parole offices and probation offices","County, NAICS 5-digit -- by ownership sector","All establishment sizes",1,0,0,0,0,0,0,0,"N",27.60,0,0,0,0,0,0,0,"N",-1,-50.0,0,0,0,0,0,0,0,0,0,0,0,0,0,0
"35053","2","92215","77","0","2016","4","N","Socorro County, New Mexico","State Government","NAICS 92215 Parole offices and probation offices","County, NAICS 5-digit -- by ownership sector","All establishment sizes",1,0,0,0,0,0,0,0,"N",28.33,0,0,0,0,0,0,0,"N",0,0.0,0,0,0,0,0,0,0,0,0,0,0,0,0,0
"35053","2","922150","78","0","2016","1","N","Socorro County, New Mexico","State Government","NAICS 922150 Parole offices and probation offices","County, NAICS 6-digit -- by ownership sector","All establishment sizes",1,0,0,0,0,0,0,0,"N",30.14,0,0,0,0,0,0,0,"N",-1,-50.0,0,0,0,0,0,0,0,0,0,0,0,0,0,0
"35053","2","922150","78","0","2016","2","N","Socorro County, New Mexico","State Government","NAICS 922150 Parole offices and probation offices","County, NAICS 6-digit -- by ownership sector","All establishment sizes",1,0,0,0,0,0,0,0,"N",30.61,0,0,0,0,0,0,0,"N",-1,-50.0,0,0,0,0,0,0,0,0,0,0,0,0,0,0
"35053","2","922150","78","0","2016","3","N","Socorro County, New Mexico","State Government","NAICS 922150 Parole offices and probation offices","County, NAICS 6-digit -- by ownership sector","All establishment sizes",1,0,0,0,0,0,0,0,"N",27.60,0,0,0,0,0,0,0,"N",-1,-50.0,0,0,0,0,0,0,0,0,0,0,0,0,0,0
"35053","2","922150","78","0","2016","4","N","Socorro County, New Mexico","State Government","NAICS 922150 Parole offices and probation offices","County, NAICS 6-digit -- by ownership sector","All establishment sizes",1,0,0,0,0,0,0,0,"N",28.33,0,0,0,0,0,0,0,"N",0,0.0,0,0,0,0,0,0,0,0,0,0,0,0,0,0
"35053","2","924","75","0","2016","1","","Socorro County, New Mexico","State Government","NAICS 924 Administration of environmental programs","County, NAICS 3-digit -- by ownership sector","All establishment sizes",6,14,14,14,151372,0,0,832,"",23.81,2.92,2.92,2.86,3.60,0.00,0.00,1.24,"",3,100.0,4,40.0,4,40.0,4,40.0,57516,61.3,0,0.0,0,0.0,110,15.2
"35053","2","924","75","0","2016","2","","Socorro County, New Mexico","State Government","NAICS 924 Administration of environmental programs","County, NAICS 3-digit -- by ownership sector","All establishment sizes",6,14,14,14,189410,0,0,1041,"",23.93,2.75,2.66,2.49,3.78,0.00,0.00,1.44,"",3,100.0,3,27.3,3,27.3,2,16.7,82634,77.4,0,0.0,0,0.0,316,43.6
"35053","2","924","75","0","2016","3","","Socorro County, New Mexico","State Government","NAICS 924 Administration of environmental programs","County, NAICS 3-digit -- by ownership sector","All establishment sizes",6,14,14,14,193056,0,0,1061,"",24.40,2.55,2.57,2.64,3.81,0.00,0.00,1.48,"",1,20.0,1,7.7,1,7.7,2,16.7,63217,48.7,0,0.0,0,0.0,273,34.6
"35053","2","924","75","0","2016","4","","Socorro County, New Mexico","State Government","NAICS 924 Administration of environmental programs","County, NAICS 3-digit -- by ownership sector","All establishment sizes",6,14,14,14,150051,0,0,824,"",24.57,2.75,2.84,2.91,3.29,0.00,0.00,1.16,"",1,20.0,3,27.3,3,27.3,2,16.7,17122,12.9,0,0.0,0,0.0,-78,-8.6
"35053","2","9241","76","0","2016","1","","Socorro County, New Mexico","State Government","NAICS 9241 Administration of environmental programs","County, NAICS 4-digit -- by ownership sector","All establishment sizes",6,14,14,14,151372,0,0,832,"",23.81,2.92,2.92,2.86,3.60,0.00,0.00,1.24,"",3,100.0,4,40.0,4,40.0,4,40.0,57516,61.3,0,0.0,0,0.0,110,15.2
"35053","2","9241","76","0","2016","2","","Socorro County, New Mexico","State Government","NAICS 9241 Administration of environmental programs","County, NAICS 4-digit -- by ownership sector","All establishment sizes",6,14,14,14,189410,0,0,1041,"",23.93,2.75,2.66,2.49,3.78,0.00,0.00,1.44,"",3,100.0,3,27.3,3,27.3,2,16.7,82634,77.4,0,0.0,0,0.0,316,43.6
"35053","2","9241","76","0","2016","3","","Socorro County, New Mexico","State Government","NAICS 9241 Administration of environmental programs","County, NAICS 4-digit -- by ownership sector","All establishment sizes",6,14,14,14,193056,0,0,1061,"",24.40,2.55,2.57,2.64,3.81,0.00,0.00,1.48,"",1,20.0,1,7.7,1,7.7,2,16.7,63217,48.7,0,0.0,0,0.0,273,34.6
"35053","2","9241","76","0","2016","4","","Socorro County, New Mexico","State Government","NAICS 9241 Administration of environmental programs","County, NAICS 4-digit -- by ownership sector","All establishment sizes",6,14,14,14,150051,0,0,824,"",24.57,2.75,2.84,2.91,3.29,0.00,0.00,1.16,"",1,20.0,3,27.3,3,27.3,2,16.7,17122,12.9,0,0.0,0,0.0,-78,-8.6
"35053","2","92411","77","0","2016","1","N","Socorro County, New Mexico","State Government","NAICS 92411 Air, water, and waste program administration","County, NAICS 5-digit -- by ownership sector","All establishment sizes",1,0,0,0,0,0,0,0,"N",21.72,0,0,0,0,0,0,0,"N",1,100.0,0,0,0,0,0,0,0,0,0,0,0,0,0,0
"35053","2","92411","77","0","2016","2","N","Socorro County, New Mexico","State Government","NAICS 92411 Air, water, and waste program administration","County, NAICS 5-digit -- by ownership sector","All establishment sizes",1,0,0,0,0,0,0,0,"N",22.21,0,0,0,0,0,0,0,"N",1,100.0,0,0,0,0,0,0,0,0,0,0,0,0,0,0
"35053","2","92411","77","0","2016","3","N","Socorro County, New Mexico","State Government","NAICS 92411 Air, water, and waste program administration","County, NAICS 5-digit -- by ownership sector","All establishment sizes",1,0,0,0,0,0,0,0,"N",22.95,0,0,0,0,0,0,0,"N",1,100.0,0,0,0,0,0,0,0,0,0,0,0,0,0,0
"35053","2","92411","77","0","2016","4","N","Socorro County, New Mexico","State Government","NAICS 92411 Air, water, and waste program administration","County, NAICS 5-digit -- by ownership sector","All establishment sizes",1,0,0,0,0,0,0,0,"N",23.03,0,0,0,0,0,0,0,"N",1,100.0,0,0,0,0,0,0,0,0,0,0,0,0,0,0
"35053","2","924110","78","0","2016","1","N","Socorro County, New Mexico","State Government","NAICS 924110 Air, water, and waste program administration","County, NAICS 6-digit -- by ownership sector","All establishment sizes",1,0,0,0,0,0,0,0,"N",21.72,0,0,0,0,0,0,0,"N",1,100.0,0,0,0,0,0,0,0,0,0,0,0,0,0,0
"35053","2","924110","78","0","2016","2","N","Socorro County, New Mexico","State Government","NAICS 924110 Air, water, and waste program administration","County, NAICS 6-digit -- by ownership sector","All establishment sizes",1,0,0,0,0,0,0,0,"N",22.21,0,0,0,0,0,0,0,"N",1,100.0,0,0,0,0,0,0,0,0,0,0,0,0,0,0
"35053","2","924110","78","0","2016","3","N","Socorro County, New Mexico","State Government","NAICS 924110 Air, water, and waste program administration","County, NAICS 6-digit -- by ownership sector","All establishment sizes",1,0,0,0,0,0,0,0,"N",22.95,0,0,0,0,0,0,0,"N",1,100.0,0,0,0,0,0,0,0,0,0,0,0,0,0,0
"35053","2","924110","78","0","2016","4","N","Socorro County, New Mexico","State Government","NAICS 924110 Air, water, and waste program administration","County, NAICS 6-digit -- by ownership sector","All establishment sizes",1,0,0,0,0,0,0,0,"N",23.03,0,0,0,0,0,0,0,"N",1,100.0,0,0,0,0,0,0,0,0,0,0,0,0,0,0
"35053","2","92412","77","0","2016","1","N","Socorro County, New Mexico","State Government","NAICS 92412 Administration of conservation programs","County, NAICS 5-digit -- by ownership sector","All establishment sizes",5,0,0,0,0,0,0,0,"N",24.28,0,0,0,0,0,0,0,"N",2,66.7,0,0,0,0,0,0,0,0,0,0,0,0,0,0
"35053","2","92412","77","0","2016","2","N","Socorro County, New Mexico","State Government","NAICS 92412 Administration of conservation programs","County, NAICS 5-digit -- by ownership sector","All establishment sizes",5,0,0,0,0,0,0,0,"N",24.31,0,0,0,0,0,0,0,"N",2,66.7,0,0,0,0,0,0,0,0,0,0,0,0,0,0
"35053","2","92412","77","0","2016","3","N","Socorro County, New Mexico","State Government","NAICS 92412 Administration of conservation programs","County, NAICS 5-digit -- by ownership sector","All establishment sizes",5,0,0,0,0,0,0,0,"N",24.71,0,0,0,0,0,0,0,"N",0,0.0,0,0,0,0,0,0,0,0,0,0,0,0,0,0
"35053","2","92412","77","0","2016","4","N","Socorro County, New Mexico","State Government","NAICS 92412 Administration of conservation programs","County, NAICS 5-digit -- by ownership sector","All establishment sizes",5,0,0,0,0,0,0,0,"N",24.90,0,0,0,0,0,0,0,"N",0,0.0,0,0,0,0,0,0,0,0,0,0,0,0,0,0
"35053","2","924120","78","0","2016","1","N","Socorro County, New Mexico","State Government","NAICS 924120 Administration of conservation programs","County, NAICS 6-digit -- by ownership sector","All establishment sizes",5,0,0,0,0,0,0,0,"N",24.28,0,0,0,0,0,0,0,"N",2,66.7,0,0,0,0,0,0,0,0,0,0,0,0,0,0
"35053","2","924120","78","0","2016","2","N","Socorro County, New Mexico","State Government","NAICS 924120 Administration of conservation programs","County, NAICS 6-digit -- by ownership sector","All establishment sizes",5,0,0,0,0,0,0,0,"N",24.31,0,0,0,0,0,0,0,"N",2,66.7,0,0,0,0,0,0,0,0,0,0,0,0,0,0
"35053","2","924120","78","0","2016","3","N","Socorro County, New Mexico","State Government","NAICS 924120 Administration of conservation programs","County, NAICS 6-digit -- by ownership sector","All establishment sizes",5,0,0,0,0,0,0,0,"N",24.71,0,0,0,0,0,0,0,"N",0,0.0,0,0,0,0,0,0,0,0,0,0,0,0,0,0
"35053","2","924120","78","0","2016","4","N","Socorro County, New Mexico","State Government","NAICS 924120 Administration of conservation programs","County, NAICS 6-digit -- by ownership sector","All establishment sizes",5,0,0,0,0,0,0,0,"N",24.90,0,0,0,0,0,0,0,"N",0,0.0,0,0,0,0,0,0,0,0,0,0,0,0,0,0
"35053","2","925","75","0","2016","1","N","Socorro County, New Mexico","State Government","NAICS 925 Community and housing program administration","County, NAICS 3-digit -- by ownership sector","All establishment sizes",1,0,0,0,0,0,0,0,"N",67.69,0,0,0,0,0,0,0,"N",0,0.0,0,0,0,0,0,0,0,0,0,0,0,0,0,0
"35053","2","925","75","0","2016","2","N","Socorro County, New Mexico","State Government","NAICS 925 Community and housing program administration","County, NAICS 3-digit -- by ownership sector","All establishment sizes",1,0,0,0,0,0,0,0,"N",67.92,0,0,0,0,0,0,0,"N",0,0.0,0,0,0,0,0,0,0,0,0,0,0,0,0,0
"35053","2","925","75","0","2016","3","N","Socorro County, New Mexico","State Government","NAICS 925 Community and housing program administration","County, NAICS 3-digit -- by ownership sector","All establishment sizes",1,0,0,0,0,0,0,0,"N",68.89,0,0,0,0,0,0,0,"N",0,0.0,0,0,0,0,0,0,0,0,0,0,0,0,0,0
"35053","2","925","75","0","2016","4","N","Socorro County, New Mexico","State Government","NAICS 925 Community and housing program administration","County, NAICS 3-digit -- by ownership sector","All establishment sizes",1,0,0,0,0,0,0,0,"N",68.58,0,0,0,0,0,0,0,"N",0,0.0,0,0,0,0,0,0,0,0,0,0,0,0,0,0
"35053","2","9251","76","0","2016","1","N","Socorro County, New Mexico","State Government","NAICS 9251 Community and housing program administration","County, NAICS 4-digit -- by ownership sector","All establishment sizes",1,0,0,0,0,0,0,0,"N",67.69,0,0,0,0,0,0,0,"N",0,0.0,0,0,0,0,0,0,0,0,0,0,0,0,0,0
"35053","2","9251","76","0","2016","2","N","Socorro County, New Mexico","State Government","NAICS 9251 Community and housing program administration","County, NAICS 4-digit -- by ownership sector","All establishment sizes",1,0,0,0,0,0,0,0,"N",67.92,0,0,0,0,0,0,0,"N",0,0.0,0,0,0,0,0,0,0,0,0,0,0,0,0,0
"35053","2","9251","76","0","2016","3","N","Socorro County, New Mexico","State Government","NAICS 9251 Community and housing program administration","County, NAICS 4-digit -- by ownership sector","All establishment sizes",1,0,0,0,0,0,0,0,"N",68.89,0,0,0,0,0,0,0,"N",0,0.0,0,0,0,0,0,0,0,0,0,0,0,0,0,0
"35053","2","9251","76","0","2016","4","N","Socorro County, New Mexico","State Government","NAICS 9251 Community and housing program administration","County, NAICS 4-digit -- by ownership sector","All establishment sizes",1,0,0,0,0,0,0,0,"N",68.58,0,0,0,0,0,0,0,"N",0,0.0,0,0,0,0,0,0,0,0,0,0,0,0,0,0
"35053","2","92511","77","0","2016","1","N","Socorro County, New Mexico","State Government","NAICS 92511 Administration of housing programs","County, NAICS 5-digit -- by ownership sector","All establishment sizes",1,0,0,0,0,0,0,0,"N",124.05,0,0,0,0,0,0,0,"N",0,0.0,0,0,0,0,0,0,0,0,0,0,0,0,0,0
"35053","2","92511","77","0","2016","2","N","Socorro County, New Mexico","State Government","NAICS 92511 Administration of housing programs","County, NAICS 5-digit -- by ownership sector","All establishment sizes",1,0,0,0,0,0,0,0,"N",122.88,0,0,0,0,0,0,0,"N",0,0.0,0,0,0,0,0,0,0,0,0,0,0,0,0,0
"35053","2","92511","77","0","2016","3","N","Socorro County, New Mexico","State Government","NAICS 92511 Administration of housing programs","County, NAICS 5-digit -- by ownership sector","All establishment sizes",1,0,0,0,0,0,0,0,"N",124.38,0,0,0,0,0,0,0,"N",0,0.0,0,0,0,0,0,0,0,0,0,0,0,0,0,0
"35053","2","92511","77","0","2016","4","N","Socorro County, New Mexico","State Government","NAICS 92511 Administration of housing programs","County, NAICS 5-digit -- by ownership sector","All establishment sizes",1,0,0,0,0,0,0,0,"N",122.66,0,0,0,0,0,0,0,"N",0,0.0,0,0,0,0,0,0,0,0,0,0,0,0,0,0
"35053","2","925110","78","0","2016","1","N","Socorro County, New Mexico","State Government","NAICS 925110 Administration of housing programs","County, NAICS 6-digit -- by ownership sector","All establishment sizes",1,0,0,0,0,0,0,0,"N",124.05,0,0,0,0,0,0,0,"N",0,0.0,0,0,0,0,0,0,0,0,0,0,0,0,0,0
"35053","2","925110","78","0","2016","2","N","Socorro County, New Mexico","State Government","NAICS 925110 Administration of housing programs","County, NAICS 6-digit -- by ownership sector","All establishment sizes",1,0,0,0,0,0,0,0,"N",122.88,0,0,0,0,0,0,0,"N",0,0.0,0,0,0,0,0,0,0,0,0,0,0,0,0,0
"35053","2","925110","78","0","2016","3","N","Socorro County, New Mexico","State Government","NAICS 925110 Administration of housing programs","County, NAICS 6-digit -- by ownership sector","All establishment sizes",1,0,0,0,0,0,0,0,"N",124.38,0,0,0,0,0,0,0,"N",0,0.0,0,0,0,0,0,0,0,0,0,0,0,0,0,0
"35053","2","925110","78","0","2016","4","N","Socorro County, New Mexico","State Government","NAICS 925110 Administration of housing programs","County, NAICS 6-digit -- by ownership sector","All establishment sizes",1,0,0,0,0,0,0,0,"N",122.66,0,0,0,0,0,0,0,"N",0,0.0,0,0,0,0,0,0,0,0,0,0,0,0,0,0
"35053","2","926","75","0","2016","1","N","Socorro County, New Mexico","State Government","NAICS 926 Administration of economic programs","County, NAICS 3-digit -- by ownership sector","All establishment sizes",2,0,0,0,0,0,0,0,"N",4.92,0,0,0,0,0,0,0,"N",0,0.0,0,0,0,0,0,0,0,0,0,0,0,0,0,0
"35053","2","926","75","0","2016","2","N","Socorro County, New Mexico","State Government","NAICS 926 Administration of economic programs","County, NAICS 3-digit -- by ownership sector","All establishment sizes",2,0,0,0,0,0,0,0,"N",4.99,0,0,0,0,0,0,0,"N",0,0.0,0,0,0,0,0,0,0,0,0,0,0,0,0,0
"35053","2","926","75","0","2016","3","N","Socorro County, New Mexico","State Government","NAICS 926 Administration of economic programs","County, NAICS 3-digit -- by ownership sector","All establishment sizes",2,0,0,0,0,0,0,0,"N",5.08,0,0,0,0,0,0,0,"N",0,0.0,0,0,0,0,0,0,0,0,0,0,0,0,0,0
"35053","2","926","75","0","2016","4","N","Socorro County, New Mexico","State Government","NAICS 926 Administration of economic programs","County, NAICS 3-digit -- by ownership sector","All establishment sizes",2,0,0,0,0,0,0,0,"N",5.13,0,0,0,0,0,0,0,"N",0,0.0,0,0,0,0,0,0,0,0,0,0,0,0,0,0
"35053","2","9261","76","0","2016","1","N","Socorro County, New Mexico","State Government","NAICS 9261 Administration of economic programs","County, NAICS 4-digit -- by ownership sector","All establishment sizes",2,0,0,0,0,0,0,0,"N",4.92,0,0,0,0,0,0,0,"N",0,0.0,0,0,0,0,0,0,0,0,0,0,0,0,0,0
"35053","2","9261","76","0","2016","2","N","Socorro County, New Mexico","State Government","NAICS 9261 Administration of economic programs","County, NAICS 4-digit -- by ownership sector","All establishment sizes",2,0,0,0,0,0,0,0,"N",4.99,0,0,0,0,0,0,0,"N",0,0.0,0,0,0,0,0,0,0,0,0,0,0,0,0,0
"35053","2","9261","76","0","2016","3","N","Socorro County, New Mexico","State Government","NAICS 9261 Administration of economic programs","County, NAICS 4-digit -- by ownership sector","All establishment sizes",2,0,0,0,0,0,0,0,"N",5.08,0,0,0,0,0,0,0,"N",0,0.0,0,0,0,0,0,0,0,0,0,0,0,0,0,0
"35053","2","9261","76","0","2016","4","N","Socorro County, New Mexico","State Government","NAICS 9261 Administration of economic programs","County, NAICS 4-digit -- by ownership sector","All establishment sizes",2,0,0,0,0,0,0,0,"N",5.13,0,0,0,0,0,0,0,"N",0,0.0,0,0,0,0,0,0,0,0,0,0,0,0,0,0
"35053","2","92612","77","0","2016","1","N","Socorro County, New Mexico","State Government","NAICS 92612 Transportation program administration","County, NAICS 5-digit -- by ownership sector","All establishment sizes",1,0,0,0,0,0,0,0,"N",7.05,0,0,0,0,0,0,0,"N",0,0.0,0,0,0,0,0,0,0,0,0,0,0,0,0,0
"35053","2","92612","77","0","2016","2","N","Socorro County, New Mexico","State Government","NAICS 92612 Transportation program administration","County, NAICS 5-digit -- by ownership sector","All establishment sizes",1,0,0,0,0,0,0,0,"N",7.13,0,0,0,0,0,0,0,"N",0,0.0,0,0,0,0,0,0,0,0,0,0,0,0,0,0
"35053","2","92612","77","0","2016","3","N","Socorro County, New Mexico","State Government","NAICS 92612 Transportation program administration","County, NAICS 5-digit -- by ownership sector","All establishment sizes",1,0,0,0,0,0,0,0,"N",7.23,0,0,0,0,0,0,0,"N",0,0.0,0,0,0,0,0,0,0,0,0,0,0,0,0,0
"35053","2","92612","77","0","2016","4","N","Socorro County, New Mexico","State Government","NAICS 92612 Transportation program administration","County, NAICS 5-digit -- by ownership sector","All establishment sizes",1,0,0,0,0,0,0,0,"N",7.33,0,0,0,0,0,0,0,"N",0,0.0,0,0,0,0,0,0,0,0,0,0,0,0,0,0
"35053","2","926120","78","0","2016","1","N","Socorro County, New Mexico","State Government","NAICS 926120 Transportation program administration","County, NAICS 6-digit -- by ownership sector","All establishment sizes",1,0,0,0,0,0,0,0,"N",7.05,0,0,0,0,0,0,0,"N",0,0.0,0,0,0,0,0,0,0,0,0,0,0,0,0,0
"35053","2","926120","78","0","2016","2","N","Socorro County, New Mexico","State Government","NAICS 926120 Transportation program administration","County, NAICS 6-digit -- by ownership sector","All establishment sizes",1,0,0,0,0,0,0,0,"N",7.13,0,0,0,0,0,0,0,"N",0,0.0,0,0,0,0,0,0,0,0,0,0,0,0,0,0
"35053","2","926120","78","0","2016","3","N","Socorro County, New Mexico","State Government","NAICS 926120 Transportation program administration","County, NAICS 6-digit -- by ownership sector","All establishment sizes",1,0,0,0,0,0,0,0,"N",7.23,0,0,0,0,0,0,0,"N",0,0.0,0,0,0,0,0,0,0,0,0,0,0,0,0,0
"35053","2","926120","78","0","2016","4","N","Socorro County, New Mexico","State Government","NAICS 926120 Transportation program administration","County, NAICS 6-digit -- by ownership sector","All establishment sizes",1,0,0,0,0,0,0,0,"N",7.33,0,0,0,0,0,0,0,"N",0,0.0,0,0,0,0,0,0,0,0,0,0,0,0,0,0
"35053","2","92615","77","0","2016","1","N","Socorro County, New Mexico","State Government","NAICS 92615 Licensing and regulating commercial sectors","County, NAICS 5-digit -- by ownership sector","All establishment sizes",1,0,0,0,0,0,0,0,"N",9.62,0,0,0,0,0,0,0,"N",0,0.0,0,0,0,0,0,0,0,0,0,0,0,0,0,0
"35053","2","92615","77","0","2016","2","N","Socorro County, New Mexico","State Government","NAICS 92615 Licensing and regulating commercial sectors","County, NAICS 5-digit -- by ownership sector","All establishment sizes",1,0,0,0,0,0,0,0,"N",9.77,0,0,0,0,0,0,0,"N",0,0.0,0,0,0,0,0,0,0,0,0,0,0,0,0,0
"35053","2","92615","77","0","2016","3","N","Socorro County, New Mexico","State Government","NAICS 92615 Licensing and regulating commercial sectors","County, NAICS 5-digit -- by ownership sector","All establishment sizes",1,0,0,0,0,0,0,0,"N",9.99,0,0,0,0,0,0,0,"N",0,0.0,0,0,0,0,0,0,0,0,0,0,0,0,0,0
"35053","2","92615","77","0","2016","4","N","Socorro County, New Mexico","State Government","NAICS 92615 Licensing and regulating commercial sectors","County, NAICS 5-digit -- by ownership sector","All establishment sizes",1,0,0,0,0,0,0,0,"N",10.09,0,0,0,0,0,0,0,"N",0,0.0,0,0,0,0,0,0,0,0,0,0,0,0,0,0
"35053","2","926150","78","0","2016","1","N","Socorro County, New Mexico","State Government","NAICS 926150 Licensing and regulating commercial sectors","County, NAICS 6-digit -- by ownership sector","All establishment sizes",1,0,0,0,0,0,0,0,"N",9.62,0,0,0,0,0,0,0,"N",0,0.0,0,0,0,0,0,0,0,0,0,0,0,0,0,0
"35053","2","926150","78","0","2016","2","N","Socorro County, New Mexico","State Government","NAICS 926150 Licensing and regulating commercial sectors","County, NAICS 6-digit -- by ownership sector","All establishment sizes",1,0,0,0,0,0,0,0,"N",9.77,0,0,0,0,0,0,0,"N",0,0.0,0,0,0,0,0,0,0,0,0,0,0,0,0,0
"35053","2","926150","78","0","2016","3","N","Socorro County, New Mexico","State Government","NAICS 926150 Licensing and regulating commercial sectors","County, NAICS 6-digit -- by ownership sector","All establishment sizes",1,0,0,0,0,0,0,0,"N",9.99,0,0,0,0,0,0,0,"N",0,0.0,0,0,0,0,0,0,0,0,0,0,0,0,0,0
"35053","2","926150","78","0","2016","4","N","Socorro County, New Mexico","State Government","NAICS 926150 Licensing and regulating commercial sectors","County, NAICS 6-digit -- by ownership sector","All establishment sizes",1,0,0,0,0,0,0,0,"N",10.09,0,0,0,0,0,0,0,"N",0,0.0,0,0,0,0,0,0,0,0,0,0,0,0,0,0
"35053","3","10","71","0","2016","1","","Socorro County, New Mexico","Local Government","10 Total, all industries","County, Total -- by ownership sector","All establishment sizes",41,996,1012,1020,8024371,3391248,83473,612,"",6.47,1.86,1.87,1.86,2.01,14.74,31.89,1.08,"",0,0.0,-19,-1.9,-10,-1.0,-6,-0.6,664817,9.0,595761,21.3,10374,14.2,58,10.5
"35053","3","10","71","0","2016","2","","Socorro County, New Mexico","Local Government","10 Total, all industries","County, Total -- by ownership sector","All establishment sizes",40,1012,1018,1118,8868036,2477304,59278,650,"",6.39,1.84,1.86,2.07,1.86,8.99,25.64,0.97,"",-1,-2.4,10,1.0,4,0.4,43,4.0,-173305,-1.9,-184927,-6.9,-7996,-11.9,-25,-3.7
"35053","3","10","71","0","2016","3","","Socorro County, New Mexico","Local Government","10 Total, all industries","County, Total -- by ownership sector","All establishment sizes",40,958,1005,1045,8143878,1931919,46245,625,"",6.49,2.13,2.12,1.97,2.02,9.57,27.84,0.98,"",-1,-2.4,127,15.3,30,3.1,49,4.9,1710242,26.6,311795,19.2,5867,14.5,95,17.9
"35053","3","10","71","0","2016","4","","Socorro County, New Mexico","Local Government","10 Total, all industries","County, Total -- by ownership sector","All establishment sizes",40,1017,1036,1019,8055591,1096949,10957,605,"",6.57,1.89,1.92,1.90,1.88,6.05,13.28,0.99,"",-1,-2.4,10,1.0,19,1.9,-21,-2.0,-398948,-4.7,-313324,-22.2,-26952,-71.1,-32,-5.0
"35053","3","101","72","0","2016","1","N","Socorro County, New Mexico","Local Government","101 Goods-producing","County, by Domain -- by ownership sector","All establishment sizes",2,0,0,0,0,0,0,0,"N",11.34,0,0,0,0,0,0,0,"N",0,0.0,0,0,0,0,0,0,0,0,0,0,0,0,0,0
"35053","3","101","72","0","2016","2","N","Socorro County, New Mexico","Local Government","101 Goods-producing","County, by Domain -- by ownership sector","All establishment sizes",2,0,0,0,0,0,0,0,"N",11.51,0,0,0,0,0,0,0,"N",0,0.0,0,0,0,0,0,0,0,0,0,0,0,0,0,0
"35053","3","101","72","0","2016","3","N","Socorro County, New Mexico","Local Government","101 Goods-producing","County, by Domain -- by ownership sector","All establishment sizes",2,0,0,0,0,0,0,0,"N",11.70,0,0,0,0,0,0,0,"N",0,0.0,0,0,0,0,0,0,0,0,0,0,0,0,0,0
"35053","3","101","72","0","2016","4","N","Socorro County, New Mexico","Local Government","101 Goods-producing","County, by Domain -- by ownership sector","All establishment sizes",2,0,0,0,0,0,0,0,"N",11.87,0,0,0,0,0,0,0,"N",0,0.0,0,0,0,0,0,0,0,0,0,0,0,0,0,0
"35053","3","1012","73","0","2016","1","N","Socorro County, New Mexico","Local Government","1012 Construction","County, by Supersector -- by ownership sector","All establishment sizes",2,0,0,0,0,0,0,0,"N",11.63,0,0,0,0,0,0,0,"N",0,0.0,0,0,0,0,0,0,0,0,0,0,0,0,0,0
"35053","3","1012","73","0","2016","2","N","Socorro County, New Mexico","Local Government","1012 Construction","County, by Supersector -- by ownership sector","All establishment sizes",2,0,0,0,0,0,0,0,"N",11.80,0,0,0,0,0,0,0,"N",0,0.0,0,0,0,0,0,0,0,0,0,0,0,0,0,0
"35053","3","1012","73","0","2016","3","N","Socorro County, New Mexico","Local Government","1012 Construction","County, by Supersector -- by ownership sector","All establishment sizes",2,0,0,0,0,0,0,0,"N",11.99,0,0,0,0,0,0,0,"N",0,0.0,0,0,0,0,0,0,0,0,0,0,0,0,0,0
"35053","3","1012","73","0","2016","4","N","Socorro County, New Mexico","Local Government","1012 Construction","County, by Supersector -- by ownership sector","All establishment sizes",2,0,0,0,0,0,0,0,"N",12.17,0,0,0,0,0,0,0,"N",0,0.0,0,0,0,0,0,0,0,0,0,0,0,0,0,0
"35053","3","102","72","0","2016","1","N","Socorro County, New Mexico","Local Government","102 Service-providing","County, by Domain -- by ownership sector","All establishment sizes",39,0,0,0,0,0,0,0,"N",6.33,0,0,0,0,0,0,0,"N",0,0.0,0,0,0,0,0,0,0,0,0,0,0,0,0,0
"35053","3","102","72","0","2016","2","N","Socorro County, New Mexico","Local Government","102 Service-providing","County, by Domain -- by ownership sector","All establishment sizes",38,0,0,0,0,0,0,0,"N",6.24,0,0,0,0,0,0,0,"N",-1,-2.6,0,0,0,0,0,0,0,0,0,0,0,0,0,0
"35053","3","102","72","0","2016","3","N","Socorro County, New Mexico","Local Government","102 Service-providing","County, by Domain -- by ownership sector","All establishment sizes",38,0,0,0,0,0,0,0,"N",6.34,0,0,0,0,0,0,0,"N",-1,-2.6,0,0,0,0,0,0,0,0,0,0,0,0,0,0
"35053","3","102","72","0","2016","4","N","Socorro County, New Mexico","Local Government","102 Service-providing","County, by Domain -- by ownership sector","All establishment sizes",38,0,0,0,0,0,0,0,"N",6.42,0,0,0,0,0,0,0,"N",-1,-2.6,0,0,0,0,0,0,0,0,0,0,0,0,0,0
"35053","3","1021","73","0","2016","1","","Socorro County, New Mexico","Local Government","1021 Trade, transportation, and utilities","County, by Supersector -- by ownership sector","All establishment sizes",5,97,98,97,677745,209084,690,536,"",11.10,4.74,4.78,4.72,3.48,13.67,3.67,0.73,"",0,0.0,2,2.1,0,0.0,-2,-2.0,33170,5.1,7986,4.0,26,3.9,27,5.3
"35053","3","1021","73","0","2016","2","","Socorro County, New Mexico","Local Government","1021 Trade, transportation, and utilities","County, by Supersector -- by ownership sector","All establishment sizes",5,96,99,116,758889,195092,644,563,"",11.25,4.63,4.82,5.58,3.38,15.77,5.39,0.67,"",0,0.0,-5,-5.0,-2,-2.0,-7,-5.7,13536,1.8,-2934,-1.5,-9,-1.4,34,6.4
"35053","3","1021","73","0","2016","3","","Socorro County, New Mexico","Local Government","1021 Trade, transportation, and utilities","County, by Supersector -- by ownership sector","All establishment sizes",5,107,102,100,737767,121825,402,551,"",11.45,5.50,5.18,4.90,3.42,14.77,5.39,0.66,"",0,0.0,8,8.1,-3,-2.9,-3,-2.9,77607,11.8,21876,21.9,72,21.8,55,11.1
"35053","3","1021","73","0","2016","4","","Socorro County, New Mexico","Local Government","1021 Trade, transportation, and utilities","County, by Supersector -- by ownership sector","All establishment sizes",5,97,98,97,621216,36676,121,491,"",11.61,4.77,4.84,4.79,2.92,6.20,3.67,0.61,"",0,0.0,-5,-4.9,-3,-3.0,-3,-3.0,-93812,-13.1,411,1.1,1,0.8,-54,-9.9
"35053","3","1022","73","0","2016","1","N","Socorro County, New Mexico","Local Government","1022 Information","County, by Supersector -- by ownership sector","All establishment sizes",1,0,0,0,0,0,0,0,"N",5.21,0,0,0,0,0,0,0,"N",0,0.0,0,0,0,0,0,0,0,0,0,0,0,0,0,0
"35053","3","1022","73","0","2016","2","N","Socorro County, New Mexico","Local Government","1022 Information","County, by Supersector -- by ownership sector","All establishment sizes",1,0,0,0,0,0,0,0,"N",5.27,0,0,0,0,0,0,0,"N",0,0.0,0,0,0,0,0,0,0,0,0,0,0,0,0,0
"35053","3","1022","73","0","2016","3","N","Socorro County, New Mexico","Local Government","1022 Information","County, by Supersector -- by ownership sector","All establishment sizes",1,0,0,0,0,0,0,0,"N",5.36,0,0,0,0,0,0,0,"N",0,0.0,0,0,0,0,0,0,0,0,0,0,0,0,0,0
"35053","3","1022","73","0","2016","4","N","Socorro County, New Mexico","Local Government","1022 Information","County, by Supersector -- by ownership sector","All establishment sizes",1,0,0,0,0,0,0,0,"N",5.43,0,0,0,0,0,0,0,"N",0,0.0,0,0,0,0,0,0,0,0,0,0,0,0,0,0
"35053","3","1024","73","0","2016","1","","Socorro County, New Mexico","Local Government","1024 Professional and business services","County, by Supersector -- by ownership sector","All establishment sizes",5,17,17,17,141331,34232,822,640,"",30.42,4.72,4.69,4.65,4.95,12.90,23.59,1.06,"",0,0.0,0,0.0,0,0.0,0,0.0,13793,10.8,8450,32.8,379,85.6,63,10.9
"35053","3","1024","73","0","2016","2","","Socorro County, New Mexico","Local Government","1024 Professional and business services","County, by Supersector -- by ownership sector","All establishment sizes",5,17,17,25,141090,29083,698,552,"",30.55,4.58,4.55,6.50,4.29,13.22,29.45,0.82,"",0,0.0,0,0.0,0,0.0,0,0.0,3753,2.7,-1245,-4.1,176,33.7,15,2.8
"35053","3","1024","73","0","2016","3","","Socorro County, New Mexico","Local Government","1024 Professional and business services","County, by Supersector -- by ownership sector","All establishment sizes",5,25,19,17,154212,24451,587,583,"",31.03,6.95,5.24,4.62,4.80,16.61,30.56,0.86,"",0,0.0,0,0.0,0,0.0,0,0.0,11496,8.1,3987,19.5,235,66.8,43,8.0
"35053","3","1024","73","0","2016","4","","Socorro County, New Mexico","Local Government","1024 Professional and business services","County, by Supersector -- by ownership sector","All establishment sizes",5,17,17,17,142239,12636,121,644,"",31.49,4.66,4.69,4.72,4.55,13.69,14.48,0.97,"",0,0.0,0,0.0,0,0.0,0,0.0,-1935,-1.3,-2945,-18.9,-147,-54.9,-8,-1.2
"35053","3","1025","73","0","2016","1","","Socorro County, New Mexico","Local Government","1025 Education and health services","County, by Supersector -- by ownership sector","All establishment sizes",11,648,663,667,5417449,2284746,62611,632,"",4.03,1.92,1.93,1.92,2.26,27.92,96.98,1.17,"",0,0.0,-27,-4.0,-25,-3.6,-17,-2.5,381414,7.6,389451,20.5,1187,1.9,64,11.3
"35053","3","1025","73","0","2016","2","","Socorro County, New Mexico","Local Government","1025 Education and health services","County, by Supersector -- by ownership sector","All establishment sizes",11,663,654,642,6228463,1516921,41487,734,"",4.08,1.91,1.90,1.95,2.12,13.11,72.43,1.10,"",0,0.0,3,0.5,-17,-2.5,32,5.2,-224151,-3.5,-155806,-9.3,-12283,-22.8,-33,-4.3
"35053","3","1025","73","0","2016","3","","Socorro County, New Mexico","Local Government","1025 Education and health services","County, by Supersector -- by ownership sector","All establishment sizes",11,493,617,685,5326261,1148020,31365,685,"",4.13,2.02,2.31,2.09,2.43,15.43,78.35,1.14,"",0,0.0,104,26.7,17,2.8,36,5.5,1405619,35.9,167530,17.1,4,0.0,133,24.1
"35053","3","1025","73","0","2016","4","","Socorro County, New Mexico","Local Government","1025 Education and health services","County, by Supersector -- by ownership sector","All establishment sizes",11,666,679,660,5523206,710109,7747,636,"",4.19,1.97,2.00,1.95,2.17,8.28,29.70,1.10,"",0,0.0,8,1.2,15,2.3,-30,-4.3,-224942,-3.9,-256457,-26.5,-23437,-75.2,-23,-3.5
"35053","3","1026","73","0","2016","1","N","Socorro County, New Mexico","Local Government","1026 Leisure and hospitality","County, by Supersector -- by ownership sector","All establishment sizes",1,0,0,0,0,0,0,0,"N",5.68,0,0,0,0,0,0,0,"N",0,0.0,0,0,0,0,0,0,0,0,0,0,0,0,0,0
"35053","3","1026","73","0","2016","2","N","Socorro County, New Mexico","Local Government","1026 Leisure and hospitality","County, by Supersector -- by ownership sector","All establishment sizes",1,0,0,0,0,0,0,0,"N",5.74,0,0,0,0,0,0,0,"N",0,0.0,0,0,0,0,0,0,0,0,0,0,0,0,0,0
"35053","3","1026","73","0","2016","3","N","Socorro County, New Mexico","Local Government","1026 Leisure and hospitality","County, by Supersector -- by ownership sector","All establishment sizes",1,0,0,0,0,0,0,0,"N",5.84,0,0,0,0,0,0,0,"N",0,0.0,0,0,0,0,0,0,0,0,0,0,0,0,0,0
"35053","3","1026","73","0","2016","4","N","Socorro County, New Mexico","Local Government","1026 Leisure and hospitality","County, by Supersector -- by ownership sector","All establishment sizes",1,0,0,0,0,0,0,0,"N",5.93,0,0,0,0,0,0,0,"N",0,0.0,0,0,0,0,0,0,0,0,0,0,0,0,0,0
"35053","3","1027","73","0","2016","1","N","Socorro County, New Mexico","Local Government","1027 Other services","County, by Supersector -- by ownership sector","All establishment sizes",2,0,0,0,0,0,0,0,"N",24.66,0,0,0,0,0,0,0,"N",0,0.0,0,0,0,0,0,0,0,0,0,0,0,0,0,0
"35053","3","1027","73","0","2016","2","N","Socorro County, New Mexico","Local Government","1027 Other services","County, by Supersector -- by ownership sector","All establishment sizes",2,0,0,0,0,0,0,0,"N",24.95,0,0,0,0,0,0,0,"N",0,0.0,0,0,0,0,0,0,0,0,0,0,0,0,0,0
"35053","3","1027","73","0","2016","3","N","Socorro County, New Mexico","Local Government","1027 Other services","County, by Supersector -- by ownership sector","All establishment sizes",2,0,0,0,0,0,0,0,"N",25.39,0,0,0,0,0,0,0,"N",0,0.0,0,0,0,0,0,0,0,0,0,0,0,0,0,0
"35053","3","1027","73","0","2016","4","N","Socorro County, New Mexico","Local Government","1027 Other services","County, by Supersector -- by ownership sector","All establishment sizes",2,0,0,0,0,0,0,0,"N",25.77,0,0,0,0,0,0,0,"N",0,0.0,0,0,0,0,0,0,0,0,0,0,0,0,0,0
"35053","3","1028","73","0","2016","1","","Socorro County, New Mexico","Local Government","1028 Public administration","County, by Supersector -- by ownership sector","All establishment sizes",14,132,132,135,1337963,724574,16023,774,"",6.09,0.89,0.89,0.90,1.10,7.32,14.72,1.23,"",0,0.0,7,5.6,12,10.0,9,7.1,186663,16.2,155658,27.4,7251,82.7,58,8.1
"35053","3","1028","73","0","2016","2","","Socorro County, New Mexico","Local Government","1028 Public administration","County, by Supersector -- by ownership sector","All establishment sizes",13,133,137,166,1294228,618447,13623,685,"",5.73,0.88,0.91,1.06,0.92,5.44,12.61,0.97,"",-1,-7.1,8,6.4,11,8.7,9,5.7,23320,1.8,-19900,-3.1,3406,33.3,-34,-4.7
"35053","3","1028","73","0","2016","3","","Socorro County, New Mexico","Local Government","1028 Public administration","County, by Supersector -- by ownership sector","All establishment sizes",13,167,144,136,1437514,538617,11515,742,"",5.82,1.09,0.94,0.90,1.01,5.67,14.50,1.04,"",-1,-7.1,8,5.0,10,7.5,9,7.1,174213,13.8,102255,23.4,4605,66.6,48,6.9
"35053","3","1028","73","0","2016","4","","Socorro County, New Mexico","Local Government","1028 Public administration","County, by Supersector -- by ownership sector","All establishment sizes",13,133,136,137,1319585,286365,2477,750,"",5.90,0.90,0.91,0.93,0.99,3.90,6.87,1.08,"",-1,-7.1,4,3.1,4,3.0,6,4.6,-67474,-4.9,-42408,-12.9,-2775,-52.8,-67,-8.2
"35053","3","22","74","0","2016","1","N","Socorro County, New Mexico","Local Government","NAICS 22 Utilities","County, NAICS Sector -- by ownership sector","All establishment sizes",3,0,0,0,0,0,0,0,"N",9.42,0,0,0,0,0,0,0,"N",0,0.0,0,0,0,0,0,0,0,0,0,0,0,0,0,0
"35053","3","22","74","0","2016","2","N","Socorro County, New Mexico","Local Government","NAICS 22 Utilities","County, NAICS Sector -- by ownership sector","All establishment sizes",3,0,0,0,0,0,0,0,"N",9.55,0,0,0,0,0,0,0,"N",0,0.0,0,0,0,0,0,0,0,0,0,0,0,0,0,0
"35053","3","22","74","0","2016","3","N","Socorro County, New Mexico","Local Government","NAICS 22 Utilities","County, NAICS Sector -- by ownership sector","All establishment sizes",3,0,0,0,0,0,0,0,"N",9.72,0,0,0,0,0,0,0,"N",0,0.0,0,0,0,0,0,0,0,0,0,0,0,0,0,0
"35053","3","22","74","0","2016","4","N","Socorro County, New Mexico","Local Government","NAICS 22 Utilities","County, NAICS Sector -- by ownership sector","All establishment sizes",3,0,0,0,0,0,0,0,"N",9.87,0,0,0,0,0,0,0,"N",0,0.0,0,0,0,0,0,0,0,0,0,0,0,0,0,0
"35053","3","221","75","0","2016","1","N","Socorro County, New Mexico","Local Government","NAICS 221 Utilities","County, NAICS 3-digit -- by ownership sector","All establishment sizes",3,0,0,0,0,0,0,0,"N",9.42,0,0,0,0,0,0,0,"N",0,0.0,0,0,0,0,0,0,0,0,0,0,0,0,0,0
"35053","3","221","75","0","2016","2","N","Socorro County, New Mexico","Local Government","NAICS 221 Utilities","County, NAICS 3-digit -- by ownership sector","All establishment sizes",3,0,0,0,0,0,0,0,"N",9.55,0,0,0,0,0,0,0,"N",0,0.0,0,0,0,0,0,0,0,0,0,0,0,0,0,0
"35053","3","221","75","0","2016","3","N","Socorro County, New Mexico","Local Government","NAICS 221 Utilities","County, NAICS 3-digit -- by ownership sector","All establishment sizes",3,0,0,0,0,0,0,0,"N",9.72,0,0,0,0,0,0,0,"N",0,0.0,0,0,0,0,0,0,0,0,0,0,0,0,0,0
"35053","3","221","75","0","2016","4","N","Socorro County, New Mexico","Local Government","NAICS 221 Utilities","County, NAICS 3-digit -- by ownership sector","All establishment sizes",3,0,0,0,0,0,0,0,"N",9.87,0,0,0,0,0,0,0,"N",0,0.0,0,0,0,0,0,0,0,0,0,0,0,0,0,0
"35053","3","2213","76","0","2016","1","N","Socorro County, New Mexico","Local Government","NAICS 2213 Water, sewage and other systems","County, NAICS 4-digit -- by ownership sector","All establishment sizes",3,0,0,0,0,0,0,0,"N",10.91,0,0,0,0,0,0,0,"N",0,0.0,0,0,0,0,0,0,0,0,0,0,0,0,0,0
"35053","3","2213","76","0","2016","2","N","Socorro County, New Mexico","Local Government","NAICS 2213 Water, sewage and other systems","County, NAICS 4-digit -- by ownership sector","All establishment sizes",3,0,0,0,0,0,0,0,"N",11.05,0,0,0,0,0,0,0,"N",0,0.0,0,0,0,0,0,0,0,0,0,0,0,0,0,0
"35053","3","2213","76","0","2016","3","N","Socorro County, New Mexico","Local Government","NAICS 2213 Water, sewage and other systems","County, NAICS 4-digit -- by ownership sector","All establishment sizes",3,0,0,0,0,0,0,0,"N",11.26,0,0,0,0,0,0,0,"N",0,0.0,0,0,0,0,0,0,0,0,0,0,0,0,0,0
"35053","3","2213","76","0","2016","4","N","Socorro County, New Mexico","Local Government","NAICS 2213 Water, sewage and other systems","County, NAICS 4-digit -- by ownership sector","All establishment sizes",3,0,0,0,0,0,0,0,"N",11.43,0,0,0,0,0,0,0,"N",0,0.0,0,0,0,0,0,0,0,0,0,0,0,0,0,0
"35053","3","22131","77","0","2016","1","N","Socorro County, New Mexico","Local Government","NAICS 22131 Water supply and irrigation systems","County, NAICS 5-digit -- by ownership sector","All establishment sizes",2,0,0,0,0,0,0,0,"N",10.73,0,0,0,0,0,0,0,"N",0,0.0,0,0,0,0,0,0,0,0,0,0,0,0,0,0
"35053","3","22131","77","0","2016","2","N","Socorro County, New Mexico","Local Government","NAICS 22131 Water supply and irrigation systems","County, NAICS 5-digit -- by ownership sector","All establishment sizes",2,0,0,0,0,0,0,0,"N",10.87,0,0,0,0,0,0,0,"N",0,0.0,0,0,0,0,0,0,0,0,0,0,0,0,0,0
"35053","3","22131","77","0","2016","3","N","Socorro County, New Mexico","Local Government","NAICS 22131 Water supply and irrigation systems","County, NAICS 5-digit -- by ownership sector","All establishment sizes",2,0,0,0,0,0,0,0,"N",11.07,0,0,0,0,0,0,0,"N",0,0.0,0,0,0,0,0,0,0,0,0,0,0,0,0,0
"35053","3","22131","77","0","2016","4","N","Socorro County, New Mexico","Local Government","NAICS 22131 Water supply and irrigation systems","County, NAICS 5-digit -- by ownership sector","All establishment sizes",2,0,0,0,0,0,0,0,"N",11.24,0,0,0,0,0,0,0,"N",0,0.0,0,0,0,0,0,0,0,0,0,0,0,0,0,0
"35053","3","221310","78","0","2016","1","N","Socorro County, New Mexico","Local Government","NAICS 221310 Water supply and irrigation systems","County, NAICS 6-digit -- by ownership sector","All establishment sizes",2,0,0,0,0,0,0,0,"N",10.73,0,0,0,0,0,0,0,"N",0,0.0,0,0,0,0,0,0,0,0,0,0,0,0,0,0
"35053","3","221310","78","0","2016","2","N","Socorro County, New Mexico","Local Government","NAICS 221310 Water supply and irrigation systems","County, NAICS 6-digit -- by ownership sector","All establishment sizes",2,0,0,0,0,0,0,0,"N",10.87,0,0,0,0,0,0,0,"N",0,0.0,0,0,0,0,0,0,0,0,0,0,0,0,0,0
"35053","3","221310","78","0","2016","3","N","Socorro County, New Mexico","Local Government","NAICS 221310 Water supply and irrigation systems","County, NAICS 6-digit -- by ownership sector","All establishment sizes",2,0,0,0,0,0,0,0,"N",11.07,0,0,0,0,0,0,0,"N",0,0.0,0,0,0,0,0,0,0,0,0,0,0,0,0,0
"35053","3","221310","78","0","2016","4","N","Socorro County, New Mexico","Local Government","NAICS 221310 Water supply and irrigation systems","County, NAICS 6-digit -- by ownership sector","All establishment sizes",2,0,0,0,0,0,0,0,"N",11.24,0,0,0,0,0,0,0,"N",0,0.0,0,0,0,0,0,0,0,0,0,0,0,0,0,0
"35053","3","22132","77","0","2016","1","N","Socorro County, New Mexico","Local Government","NAICS 22132 Sewage treatment facilities","County, NAICS 5-digit -- by ownership sector","All establishment sizes",1,0,0,0,0,0,0,0,"N",11.32,0,0,0,0,0,0,0,"N",0,0.0,0,0,0,0,0,0,0,0,0,0,0,0,0,0
"35053","3","22132","77","0","2016","2","N","Socorro County, New Mexico","Local Government","NAICS 22132 Sewage treatment facilities","County, NAICS 5-digit -- by ownership sector","All establishment sizes",1,0,0,0,0,0,0,0,"N",11.48,0,0,0,0,0,0,0,"N",0,0.0,0,0,0,0,0,0,0,0,0,0,0,0,0,0
"35053","3","22132","77","0","2016","3","N","Socorro County, New Mexico","Local Government","NAICS 22132 Sewage treatment facilities","County, NAICS 5-digit -- by ownership sector","All establishment sizes",1,0,0,0,0,0,0,0,"N",11.68,0,0,0,0,0,0,0,"N",0,0.0,0,0,0,0,0,0,0,0,0,0,0,0,0,0
"35053","3","22132","77","0","2016","4","N","Socorro County, New Mexico","Local Government","NAICS 22132 Sewage treatment facilities","County, NAICS 5-digit -- by ownership sector","All establishment sizes",1,0,0,0,0,0,0,0,"N",11.88,0,0,0,0,0,0,0,"N",0,0.0,0,0,0,0,0,0,0,0,0,0,0,0,0,0
"35053","3","221320","78","0","2016","1","N","Socorro County, New Mexico","Local Government","NAICS 221320 Sewage treatment facilities","County, NAICS 6-digit -- by ownership sector","All establishment sizes",1,0,0,0,0,0,0,0,"N",11.32,0,0,0,0,0,0,0,"N",0,0.0,0,0,0,0,0,0,0,0,0,0,0,0,0,0
"35053","3","221320","78","0","2016","2","N","Socorro County, New Mexico","Local Government","NAICS 221320 Sewage treatment facilities","County, NAICS 6-digit -- by ownership sector","All establishment sizes",1,0,0,0,0,0,0,0,"N",11.48,0,0,0,0,0,0,0,"N",0,0.0,0,0,0,0,0,0,0,0,0,0,0,0,0,0
"35053","3","221320","78","0","2016","3","N","Socorro County, New Mexico","Local Government","NAICS 221320 Sewage treatment facilities","County, NAICS 6-digit -- by ownership sector","All establishment sizes",1,0,0,0,0,0,0,0,"N",11.68,0,0,0,0,0,0,0,"N",0,0.0,0,0,0,0,0,0,0,0,0,0,0,0,0,0
"35053","3","221320","78","0","2016","4","N","Socorro County, New Mexico","Local Government","NAICS 221320 Sewage treatment facilities","County, NAICS 6-digit -- by ownership sector","All establishment sizes",1,0,0,0,0,0,0,0,"N",11.88,0,0,0,0,0,0,0,"N",0,0.0,0,0,0,0,0,0,0,0,0,0,0,0,0,0
"35053","3","23","74","0","2016","1","N","Socorro County, New Mexico","Local Government","NAICS 23 Construction","County, NAICS Sector -- by ownership sector","All establishment sizes",2,0,0,0,0,0,0,0,"N",11.63,0,0,0,0,0,0,0,"N",0,0.0,0,0,0,0,0,0,0,0,0,0,0,0,0,0
"35053","3","23","74","0","2016","2","N","Socorro County, New Mexico","Local Government","NAICS 23 Construction","County, NAICS Sector -- by ownership sector","All establishment sizes",2,0,0,0,0,0,0,0,"N",11.80,0,0,0,0,0,0,0,"N",0,0.0,0,0,0,0,0,0,0,0,0,0,0,0,0,0
"35053","3","23","74","0","2016","3","N","Socorro County, New Mexico","Local Government","NAICS 23 Construction","County, NAICS Sector -- by ownership sector","All establishment sizes",2,0,0,0,0,0,0,0,"N",11.99,0,0,0,0,0,0,0,"N",0,0.0,0,0,0,0,0,0,0,0,0,0,0,0,0,0
"35053","3","23","74","0","2016","4","N","Socorro County, New Mexico","Local Government","NAICS 23 Construction","County, NAICS Sector -- by ownership sector","All establishment sizes",2,0,0,0,0,0,0,0,"N",12.17,0,0,0,0,0,0,0,"N",0,0.0,0,0,0,0,0,0,0,0,0,0,0,0,0,0
"35053","3","237","75","0","2016","1","N","Socorro County, New Mexico","Local Government","NAICS 237 Heavy and civil engineering construction","County, NAICS 3-digit -- by ownership sector","All establishment sizes",2,0,0,0,0,0,0,0,"N",12.12,0,0,0,0,0,0,0,"N",0,0.0,0,0,0,0,0,0,0,0,0,0,0,0,0,0
"35053","3","237","75","0","2016","2","N","Socorro County, New Mexico","Local Government","NAICS 237 Heavy and civil engineering construction","County, NAICS 3-digit -- by ownership sector","All establishment sizes",2,0,0,0,0,0,0,0,"N",12.29,0,0,0,0,0,0,0,"N",0,0.0,0,0,0,0,0,0,0,0,0,0,0,0,0,0
"35053","3","237","75","0","2016","3","N","Socorro County, New Mexico","Local Government","NAICS 237 Heavy and civil engineering construction","County, NAICS 3-digit -- by ownership sector","All establishment sizes",2,0,0,0,0,0,0,0,"N",12.50,0,0,0,0,0,0,0,"N",0,0.0,0,0,0,0,0,0,0,0,0,0,0,0,0,0
"35053","3","237","75","0","2016","4","N","Socorro County, New Mexico","Local Government","NAICS 237 Heavy and civil engineering construction","County, NAICS 3-digit -- by ownership sector","All establishment sizes",2,0,0,0,0,0,0,0,"N",12.68,0,0,0,0,0,0,0,"N",0,0.0,0,0,0,0,0,0,0,0,0,0,0,0,0,0
"35053","3","2373","76","0","2016","1","N","Socorro County, New Mexico","Local Government","NAICS 2373 Highway, street, and bridge construction","County, NAICS 4-digit -- by ownership sector","All establishment sizes",2,0,0,0,0,0,0,0,"N",12.67,0,0,0,0,0,0,0,"N",0,0.0,0,0,0,0,0,0,0,0,0,0,0,0,0,0
"35053","3","2373","76","0","2016","2","N","Socorro County, New Mexico","Local Government","NAICS 2373 Highway, street, and bridge construction","County, NAICS 4-digit -- by ownership sector","All establishment sizes",2,0,0,0,0,0,0,0,"N",12.84,0,0,0,0,0,0,0,"N",0,0.0,0,0,0,0,0,0,0,0,0,0,0,0,0,0
"35053","3","2373","76","0","2016","3","N","Socorro County, New Mexico","Local Government","NAICS 2373 Highway, street, and bridge construction","County, NAICS 4-digit -- by ownership sector","All establishment sizes",2,0,0,0,0,0,0,0,"N",13.05,0,0,0,0,0,0,0,"N",0,0.0,0,0,0,0,0,0,0,0,0,0,0,0,0,0
"35053","3","2373","76","0","2016","4","N","Socorro County, New Mexico","Local Government","NAICS 2373 Highway, street, and bridge construction","County, NAICS 4-digit -- by ownership sector","All establishment sizes",2,0,0,0,0,0,0,0,"N",13.22,0,0,0,0,0,0,0,"N",0,0.0,0,0,0,0,0,0,0,0,0,0,0,0,0,0
"35053","3","23731","77","0","2016","1","N","Socorro County, New Mexico","Local Government","NAICS 23731 Highway, street, and bridge construction","County, NAICS 5-digit -- by ownership sector","All establishment sizes",2,0,0,0,0,0,0,0,"N",12.67,0,0,0,0,0,0,0,"N",0,0.0,0,0,0,0,0,0,0,0,0,0,0,0,0,0
"35053","3","23731","77","0","2016","2","N","Socorro County, New Mexico","Local Government","NAICS 23731 Highway, street, and bridge construction","County, NAICS 5-digit -- by ownership sector","All establishment sizes",2,0,0,0,0,0,0,0,"N",12.84,0,0,0,0,0,0,0,"N",0,0.0,0,0,0,0,0,0,0,0,0,0,0,0,0,0
"35053","3","23731","77","0","2016","3","N","Socorro County, New Mexico","Local Government","NAICS 23731 Highway, street, and bridge construction","County, NAICS 5-digit -- by ownership sector","All establishment sizes",2,0,0,0,0,0,0,0,"N",13.05,0,0,0,0,0,0,0,"N",0,0.0,0,0,0,0,0,0,0,0,0,0,0,0,0,0
"35053","3","23731","77","0","2016","4","N","Socorro County, New Mexico","Local Government","NAICS 23731 Highway, street, and bridge construction","County, NAICS 5-digit -- by ownership sector","All establishment sizes",2,0,0,0,0,0,0,0,"N",13.22,0,0,0,0,0,0,0,"N",0,0.0,0,0,0,0,0,0,0,0,0,0,0,0,0,0
"35053","3","237310","78","0","2016","1","N","Socorro County, New Mexico","Local Government","NAICS 237310 Highway, street, and bridge construction","County, NAICS 6-digit -- by ownership sector","All establishment sizes",2,0,0,0,0,0,0,0,"N",12.67,0,0,0,0,0,0,0,"N",0,0.0,0,0,0,0,0,0,0,0,0,0,0,0,0,0
"35053","3","237310","78","0","2016","2","N","Socorro County, New Mexico","Local Government","NAICS 237310 Highway, street, and bridge construction","County, NAICS 6-digit -- by ownership sector","All establishment sizes",2,0,0,0,0,0,0,0,"N",12.84,0,0,0,0,0,0,0,"N",0,0.0,0,0,0,0,0,0,0,0,0,0,0,0,0,0
"35053","3","237310","78","0","2016","3","N","Socorro County, New Mexico","Local Government","NAICS 237310 Highway, street, and bridge construction","County, NAICS 6-digit -- by ownership sector","All establishment sizes",2,0,0,0,0,0,0,0,"N",13.05,0,0,0,0,0,0,0,"N",0,0.0,0,0,0,0,0,0,0,0,0,0,0,0,0,0
"35053","3","237310","78","0","2016","4","N","Socorro County, New Mexico","Local Government","NAICS 237310 Highway, street, and bridge construction","County, NAICS 6-digit -- by ownership sector","All establishment sizes",2,0,0,0,0,0,0,0,"N",13.22,0,0,0,0,0,0,0,"N",0,0.0,0,0,0,0,0,0,0,0,0,0,0,0,0,0
"35053","3","48-49","74","0","2016","1","N","Socorro County, New Mexico","Local Government","NAICS 48-49 Transportation and warehousing","County, NAICS Sector -- by ownership sector","All establishment sizes",2,0,0,0,0,0,0,0,"N",18.86,0,0,0,0,0,0,0,"N",0,0.0,0,0,0,0,0,0,0,0,0,0,0,0,0,0
"35053","3","48-49","74","0","2016","2","N","Socorro County, New Mexico","Local Government","NAICS 48-49 Transportation and warehousing","County, NAICS Sector -- by ownership sector","All establishment sizes",2,0,0,0,0,0,0,0,"N",19.11,0,0,0,0,0,0,0,"N",0,0.0,0,0,0,0,0,0,0,0,0,0,0,0,0,0
"35053","3","48-49","74","0","2016","3","N","Socorro County, New Mexico","Local Government","NAICS 48-49 Transportation and warehousing","County, NAICS Sector -- by ownership sector","All establishment sizes",2,0,0,0,0,0,0,0,"N",19.37,0,0,0,0,0,0,0,"N",0,0.0,0,0,0,0,0,0,0,0,0,0,0,0,0,0
"35053","3","48-49","74","0","2016","4","N","Socorro County, New Mexico","Local Government","NAICS 48-49 Transportation and warehousing","County, NAICS Sector -- by ownership sector","All establishment sizes",2,0,0,0,0,0,0,0,"N",19.63,0,0,0,0,0,0,0,"N",0,0.0,0,0,0,0,0,0,0,0,0,0,0,0,0,0
"35053","3","485","75","0","2016","1","N","Socorro County, New Mexico","Local Government","NAICS 485 Transit and ground passenger transportation","County, NAICS 3-digit -- by ownership sector","All establishment sizes",1,0,0,0,0,0,0,0,"N",15.80,0,0,0,0,0,0,0,"N",0,0.0,0,0,0,0,0,0,0,0,0,0,0,0,0,0
"35053","3","485","75","0","2016","2","N","Socorro County, New Mexico","Local Government","NAICS 485 Transit and ground passenger transportation","County, NAICS 3-digit -- by ownership sector","All establishment sizes",1,0,0,0,0,0,0,0,"N",16.01,0,0,0,0,0,0,0,"N",0,0.0,0,0,0,0,0,0,0,0,0,0,0,0,0,0
"35053","3","485","75","0","2016","3","N","Socorro County, New Mexico","Local Government","NAICS 485 Transit and ground passenger transportation","County, NAICS 3-digit -- by ownership sector","All establishment sizes",1,0,0,0,0,0,0,0,"N",16.20,0,0,0,0,0,0,0,"N",0,0.0,0,0,0,0,0,0,0,0,0,0,0,0,0,0
"35053","3","485","75","0","2016","4","N","Socorro County, New Mexico","Local Government","NAICS 485 Transit and ground passenger transportation","County, NAICS 3-digit -- by ownership sector","All establishment sizes",1,0,0,0,0,0,0,0,"N",16.42,0,0,0,0,0,0,0,"N",0,0.0,0,0,0,0,0,0,0,0,0,0,0,0,0,0
"35053","3","4854","76","0","2016","1","N","Socorro County, New Mexico","Local Government","NAICS 4854 School and employee bus transportation","County, NAICS 4-digit -- by ownership sector","All establishment sizes",1,0,0,0,0,0,0,0,"N",24.51,0,0,0,0,0,0,0,"N",0,0.0,0,0,0,0,0,0,0,0,0,0,0,0,0,0
"35053","3","4854","76","0","2016","2","N","Socorro County, New Mexico","Local Government","NAICS 4854 School and employee bus transportation","County, NAICS 4-digit -- by ownership sector","All establishment sizes",1,0,0,0,0,0,0,0,"N",24.87,0,0,0,0,0,0,0,"N",0,0.0,0,0,0,0,0,0,0,0,0,0,0,0,0,0
"35053","3","4854","76","0","2016","3","N","Socorro County, New Mexico","Local Government","NAICS 4854 School and employee bus transportation","County, NAICS 4-digit -- by ownership sector","All establishment sizes",1,0,0,0,0,0,0,0,"N",25.36,0,0,0,0,0,0,0,"N",0,0.0,0,0,0,0,0,0,0,0,0,0,0,0,0,0
"35053","3","4854","76","0","2016","4","N","Socorro County, New Mexico","Local Government","NAICS 4854 School and employee bus transportation","County, NAICS 4-digit -- by ownership sector","All establishment sizes",1,0,0,0,0,0,0,0,"N",25.73,0,0,0,0,0,0,0,"N",0,0.0,0,0,0,0,0,0,0,0,0,0,0,0,0,0
"35053","3","48541","77","0","2016","1","N","Socorro County, New Mexico","Local Government","NAICS 48541 School and employee bus transportation","County, NAICS 5-digit -- by ownership sector","All establishment sizes",1,0,0,0,0,0,0,0,"N",24.51,0,0,0,0,0,0,0,"N",0,0.0,0,0,0,0,0,0,0,0,0,0,0,0,0,0
"35053","3","48541","77","0","2016","2","N","Socorro County, New Mexico","Local Government","NAICS 48541 School and employee bus transportation","County, NAICS 5-digit -- by ownership sector","All establishment sizes",1,0,0,0,0,0,0,0,"N",24.87,0,0,0,0,0,0,0,"N",0,0.0,0,0,0,0,0,0,0,0,0,0,0,0,0,0
"35053","3","48541","77","0","2016","3","N","Socorro County, New Mexico","Local Government","NAICS 48541 School and employee bus transportation","County, NAICS 5-digit -- by ownership sector","All establishment sizes",1,0,0,0,0,0,0,0,"N",25.36,0,0,0,0,0,0,0,"N",0,0.0,0,0,0,0,0,0,0,0,0,0,0,0,0,0
"35053","3","48541","77","0","2016","4","N","Socorro County, New Mexico","Local Government","NAICS 48541 School and employee bus transportation","County, NAICS 5-digit -- by ownership sector","All establishment sizes",1,0,0,0,0,0,0,0,"N",25.73,0,0,0,0,0,0,0,"N",0,0.0,0,0,0,0,0,0,0,0,0,0,0,0,0,0
"35053","3","485410","78","0","2016","1","N","Socorro County, New Mexico","Local Government","NAICS 485410 School and employee bus transportation","County, NAICS 6-digit -- by ownership sector","All establishment sizes",1,0,0,0,0,0,0,0,"N",24.51,0,0,0,0,0,0,0,"N",0,0.0,0,0,0,0,0,0,0,0,0,0,0,0,0,0
"35053","3","485410","78","0","2016","2","N","Socorro County, New Mexico","Local Government","NAICS 485410 School and employee bus transportation","County, NAICS 6-digit -- by ownership sector","All establishment sizes",1,0,0,0,0,0,0,0,"N",24.87,0,0,0,0,0,0,0,"N",0,0.0,0,0,0,0,0,0,0,0,0,0,0,0,0,0
"35053","3","485410","78","0","2016","3","N","Socorro County, New Mexico","Local Government","NAICS 485410 School and employee bus transportation","County, NAICS 6-digit -- by ownership sector","All establishment sizes",1,0,0,0,0,0,0,0,"N",25.36,0,0,0,0,0,0,0,"N",0,0.0,0,0,0,0,0,0,0,0,0,0,0,0,0,0
"35053","3","485410","78","0","2016","4","N","Socorro County, New Mexico","Local Government","NAICS 485410 School and employee bus transportation","County, NAICS 6-digit -- by ownership sector","All establishment sizes",1,0,0,0,0,0,0,0,"N",25.73,0,0,0,0,0,0,0,"N",0,0.0,0,0,0,0,0,0,0,0,0,0,0,0,0,0
"35053","3","486","75","0","2016","1","N","Socorro County, New Mexico","Local Government","NAICS 486 Pipeline transportation","County, NAICS 3-digit -- by ownership sector","All establishment sizes",1,0,0,0,0,0,0,0,"N",1270.03,0,0,0,0,0,0,0,"N",0,0.0,0,0,0,0,0,0,0,0,0,0,0,0,0,0
"35053","3","486","75","0","2016","2","N","Socorro County, New Mexico","Local Government","NAICS 486 Pipeline transportation","County, NAICS 3-digit -- by ownership sector","All establishment sizes",1,0,0,0,0,0,0,0,"N",1287.27,0,0,0,0,0,0,0,"N",0,0.0,0,0,0,0,0,0,0,0,0,0,0,0,0,0
"35053","3","486","75","0","2016","3","N","Socorro County, New Mexico","Local Government","NAICS 486 Pipeline transportation","County, NAICS 3-digit -- by ownership sector","All establishment sizes",1,0,0,0,0,0,0,0,"N",1309.00,0,0,0,0,0,0,0,"N",0,0.0,0,0,0,0,0,0,0,0,0,0,0,0,0,0
"35053","3","486","75","0","2016","4","N","Socorro County, New Mexico","Local Government","NAICS 486 Pipeline transportation","County, NAICS 3-digit -- by ownership sector","All establishment sizes",1,0,0,0,0,0,0,0,"N",1325.89,0,0,0,0,0,0,0,"N",0,0.0,0,0,0,0,0,0,0,0,0,0,0,0,0,0
"35053","3","4862","76","0","2016","1","N","Socorro County, New Mexico","Local Government","NAICS 4862 Pipeline transportation of natural gas","County, NAICS 4-digit -- by ownership sector","All establishment sizes",1,0,0,0,0,0,0,0,"N",1270.03,0,0,0,0,0,0,0,"N",0,0.0,0,0,0,0,0,0,0,0,0,0,0,0,0,0
"35053","3","4862","76","0","2016","2","N","Socorro County, New Mexico","Local Government","NAICS 4862 Pipeline transportation of natural gas","County, NAICS 4-digit -- by ownership sector","All establishment sizes",1,0,0,0,0,0,0,0,"N",1287.27,0,0,0,0,0,0,0,"N",0,0.0,0,0,0,0,0,0,0,0,0,0,0,0,0,0
"35053","3","4862","76","0","2016","3","N","Socorro County, New Mexico","Local Government","NAICS 4862 Pipeline transportation of natural gas","County, NAICS 4-digit -- by ownership sector","All establishment sizes",1,0,0,0,0,0,0,0,"N",1309.00,0,0,0,0,0,0,0,"N",0,0.0,0,0,0,0,0,0,0,0,0,0,0,0,0,0
"35053","3","4862","76","0","2016","4","N","Socorro County, New Mexico","Local Government","NAICS 4862 Pipeline transportation of natural gas","County, NAICS 4-digit -- by ownership sector","All establishment sizes",1,0,0,0,0,0,0,0,"N",1325.89,0,0,0,0,0,0,0,"N",0,0.0,0,0,0,0,0,0,0,0,0,0,0,0,0,0
"35053","3","48621","77","0","2016","1","N","Socorro County, New Mexico","Local Government","NAICS 48621 Pipeline transportation of natural gas","County, NAICS 5-digit -- by ownership sector","All establishment sizes",1,0,0,0,0,0,0,0,"N",1270.03,0,0,0,0,0,0,0,"N",0,0.0,0,0,0,0,0,0,0,0,0,0,0,0,0,0
"35053","3","48621","77","0","2016","2","N","Socorro County, New Mexico","Local Government","NAICS 48621 Pipeline transportation of natural gas","County, NAICS 5-digit -- by ownership sector","All establishment sizes",1,0,0,0,0,0,0,0,"N",1287.27,0,0,0,0,0,0,0,"N",0,0.0,0,0,0,0,0,0,0,0,0,0,0,0,0,0
"35053","3","48621","77","0","2016","3","N","Socorro County, New Mexico","Local Government","NAICS 48621 Pipeline transportation of natural gas","County, NAICS 5-digit -- by ownership sector","All establishment sizes",1,0,0,0,0,0,0,0,"N",1309.00,0,0,0,0,0,0,0,"N",0,0.0,0,0,0,0,0,0,0,0,0,0,0,0,0,0
"35053","3","48621","77","0","2016","4","N","Socorro County, New Mexico","Local Government","NAICS 48621 Pipeline transportation of natural gas","County, NAICS 5-digit -- by ownership sector","All establishment sizes",1,0,0,0,0,0,0,0,"N",1325.89,0,0,0,0,0,0,0,"N",0,0.0,0,0,0,0,0,0,0,0,0,0,0,0,0,0
"35053","3","486210","78","0","2016","1","N","Socorro County, New Mexico","Local Government","NAICS 486210 Pipeline transportation of natural gas","County, NAICS 6-digit -- by ownership sector","All establishment sizes",1,0,0,0,0,0,0,0,"N",1270.03,0,0,0,0,0,0,0,"N",0,0.0,0,0,0,0,0,0,0,0,0,0,0,0,0,0
"35053","3","486210","78","0","2016","2","N","Socorro County, New Mexico","Local Government","NAICS 486210 Pipeline transportation of natural gas","County, NAICS 6-digit -- by ownership sector","All establishment sizes",1,0,0,0,0,0,0,0,"N",1287.27,0,0,0,0,0,0,0,"N",0,0.0,0,0,0,0,0,0,0,0,0,0,0,0,0,0
"35053","3","486210","78","0","2016","3","N","Socorro County, New Mexico","Local Government","NAICS 486210 Pipeline transportation of natural gas","County, NAICS 6-digit -- by ownership sector","All establishment sizes",1,0,0,0,0,0,0,0,"N",1309.00,0,0,0,0,0,0,0,"N",0,0.0,0,0,0,0,0,0,0,0,0,0,0,0,0,0
"35053","3","486210","78","0","2016","4","N","Socorro County, New Mexico","Local Government","NAICS 486210 Pipeline transportation of natural gas","County, NAICS 6-digit -- by ownership sector","All establishment sizes",1,0,0,0,0,0,0,0,"N",1325.89,0,0,0,0,0,0,0,"N",0,0.0,0,0,0,0,0,0,0,0,0,0,0,0,0,0
"35053","3","51","74","0","2016","1","N","Socorro County, New Mexico","Local Government","NAICS 51 Information","County, NAICS Sector -- by ownership sector","All establishment sizes",1,0,0,0,0,0,0,0,"N",5.21,0,0,0,0,0,0,0,"N",0,0.0,0,0,0,0,0,0,0,0,0,0,0,0,0,0
"35053","3","51","74","0","2016","2","N","Socorro County, New Mexico","Local Government","NAICS 51 Information","County, NAICS Sector -- by ownership sector","All establishment sizes",1,0,0,0,0,0,0,0,"N",5.27,0,0,0,0,0,0,0,"N",0,0.0,0,0,0,0,0,0,0,0,0,0,0,0,0,0
"35053","3","51","74","0","2016","3","N","Socorro County, New Mexico","Local Government","NAICS 51 Information","County, NAICS Sector -- by ownership sector","All establishment sizes",1,0,0,0,0,0,0,0,"N",5.36,0,0,0,0,0,0,0,"N",0,0.0,0,0,0,0,0,0,0,0,0,0,0,0,0,0
"35053","3","51","74","0","2016","4","N","Socorro County, New Mexico","Local Government","NAICS 51 Information","County, NAICS Sector -- by ownership sector","All establishment sizes",1,0,0,0,0,0,0,0,"N",5.43,0,0,0,0,0,0,0,"N",0,0.0,0,0,0,0,0,0,0,0,0,0,0,0,0,0
"35053","3","519","75","0","2016","1","N","Socorro County, New Mexico","Local Government","NAICS 519 Other information services","County, NAICS 3-digit -- by ownership sector","All establishment sizes",1,0,0,0,0,0,0,0,"N",5.43,0,0,0,0,0,0,0,"N",0,0.0,0,0,0,0,0,0,0,0,0,0,0,0,0,0
"35053","3","519","75","0","2016","2","N","Socorro County, New Mexico","Local Government","NAICS 519 Other information services","County, NAICS 3-digit -- by ownership sector","All establishment sizes",1,0,0,0,0,0,0,0,"N",5.50,0,0,0,0,0,0,0,"N",0,0.0,0,0,0,0,0,0,0,0,0,0,0,0,0,0
"35053","3","519","75","0","2016","3","N","Socorro County, New Mexico","Local Government","NAICS 519 Other information services","County, NAICS 3-digit -- by ownership sector","All establishment sizes",1,0,0,0,0,0,0,0,"N",5.59,0,0,0,0,0,0,0,"N",0,0.0,0,0,0,0,0,0,0,0,0,0,0,0,0,0
"35053","3","519","75","0","2016","4","N","Socorro County, New Mexico","Local Government","NAICS 519 Other information services","County, NAICS 3-digit -- by ownership sector","All establishment sizes",1,0,0,0,0,0,0,0,"N",5.66,0,0,0,0,0,0,0,"N",0,0.0,0,0,0,0,0,0,0,0,0,0,0,0,0,0
"35053","3","5191","76","0","2016","1","N","Socorro County, New Mexico","Local Government","NAICS 5191 Other information services","County, NAICS 4-digit -- by ownership sector","All establishment sizes",1,0,0,0,0,0,0,0,"N",5.43,0,0,0,0,0,0,0,"N",0,0.0,0,0,0,0,0,0,0,0,0,0,0,0,0,0
"35053","3","5191","76","0","2016","2","N","Socorro County, New Mexico","Local Government","NAICS 5191 Other information services","County, NAICS 4-digit -- by ownership sector","All establishment sizes",1,0,0,0,0,0,0,0,"N",5.50,0,0,0,0,0,0,0,"N",0,0.0,0,0,0,0,0,0,0,0,0,0,0,0,0,0
"35053","3","5191","76","0","2016","3","N","Socorro County, New Mexico","Local Government","NAICS 5191 Other information services","County, NAICS 4-digit -- by ownership sector","All establishment sizes",1,0,0,0,0,0,0,0,"N",5.59,0,0,0,0,0,0,0,"N",0,0.0,0,0,0,0,0,0,0,0,0,0,0,0,0,0
"35053","3","5191","76","0","2016","4","N","Socorro County, New Mexico","Local Government","NAICS 5191 Other information services","County, NAICS 4-digit -- by ownership sector","All establishment sizes",1,0,0,0,0,0,0,0,"N",5.66,0,0,0,0,0,0,0,"N",0,0.0,0,0,0,0,0,0,0,0,0,0,0,0,0,0
"35053","3","51912","77","0","2016","1","N","Socorro County, New Mexico","Local Government","NAICS 51912 Libraries and archives","County, NAICS 5-digit -- by ownership sector","All establishment sizes",1,0,0,0,0,0,0,0,"N",5.43,0,0,0,0,0,0,0,"N",0,0.0,0,0,0,0,0,0,0,0,0,0,0,0,0,0
"35053","3","51912","77","0","2016","2","N","Socorro County, New Mexico","Local Government","NAICS 51912 Libraries and archives","County, NAICS 5-digit -- by ownership sector","All establishment sizes",1,0,0,0,0,0,0,0,"N",5.50,0,0,0,0,0,0,0,"N",0,0.0,0,0,0,0,0,0,0,0,0,0,0,0,0,0
"35053","3","51912","77","0","2016","3","N","Socorro County, New Mexico","Local Government","NAICS 51912 Libraries and archives","County, NAICS 5-digit -- by ownership sector","All establishment sizes",1,0,0,0,0,0,0,0,"N",5.59,0,0,0,0,0,0,0,"N",0,0.0,0,0,0,0,0,0,0,0,0,0,0,0,0,0
"35053","3","51912","77","0","2016","4","N","Socorro County, New Mexico","Local Government","NAICS 51912 Libraries and archives","County, NAICS 5-digit -- by ownership sector","All establishment sizes",1,0,0,0,0,0,0,0,"N",5.66,0,0,0,0,0,0,0,"N",0,0.0,0,0,0,0,0,0,0,0,0,0,0,0,0,0
"35053","3","519120","78","0","2016","1","N","Socorro County, New Mexico","Local Government","NAICS 519120 Libraries and archives","County, NAICS 6-digit -- by ownership sector","All establishment sizes",1,0,0,0,0,0,0,0,"N",5.43,0,0,0,0,0,0,0,"N",0,0.0,0,0,0,0,0,0,0,0,0,0,0,0,0,0
"35053","3","519120","78","0","2016","2","N","Socorro County, New Mexico","Local Government","NAICS 519120 Libraries and archives","County, NAICS 6-digit -- by ownership sector","All establishment sizes",1,0,0,0,0,0,0,0,"N",5.50,0,0,0,0,0,0,0,"N",0,0.0,0,0,0,0,0,0,0,0,0,0,0,0,0,0
"35053","3","519120","78","0","2016","3","N","Socorro County, New Mexico","Local Government","NAICS 519120 Libraries and archives","County, NAICS 6-digit -- by ownership sector","All establishment sizes",1,0,0,0,0,0,0,0,"N",5.59,0,0,0,0,0,0,0,"N",0,0.0,0,0,0,0,0,0,0,0,0,0,0,0,0,0
"35053","3","519120","78","0","2016","4","N","Socorro County, New Mexico","Local Government","NAICS 519120 Libraries and archives","County, NAICS 6-digit -- by ownership sector","All establishment sizes",1,0,0,0,0,0,0,0,"N",5.66,0,0,0,0,0,0,0,"N",0,0.0,0,0,0,0,0,0,0,0,0,0,0,0,0,0
"35053","3","56","74","0","2016","1","","Socorro County, New Mexico","Local Government","NAICS 56 Administrative and waste services","County, NAICS Sector -- by ownership sector","All establishment sizes",5,17,17,17,141331,34232,822,640,"",40.00,6.13,6.09,6.04,7.06,21.21,38.69,1.16,"",0,0.0,0,0.0,0,0.0,0,0.0,13793,10.8,8450,32.8,379,85.6,63,10.9
"35053","3","56","74","0","2016","2","","Socorro County, New Mexico","Local Government","NAICS 56 Administrative and waste services","County, NAICS Sector -- by ownership sector","All establishment sizes",5,17,17,25,141090,29083,698,552,"",40.22,5.95,5.88,8.38,6.03,22.97,41.38,0.89,"",0,0.0,0,0.0,0,0.0,0,0.0,3753,2.7,-1245,-4.1,176,33.7,15,2.8
"35053","3","56","74","0","2016","3","","Socorro County, New Mexico","Local Government","NAICS 56 Administrative and waste services","County, NAICS Sector -- by ownership sector","All establishment sizes",5,25,19,17,154212,24451,587,583,"",40.87,8.98,6.78,5.99,6.89,27.67,45.06,0.95,"",0,0.0,0,0.0,0,0.0,0,0.0,11496,8.1,3987,19.5,235,66.8,43,8.0
"35053","3","56","74","0","2016","4","","Socorro County, New Mexico","Local Government","NAICS 56 Administrative and waste services","County, NAICS Sector -- by ownership sector","All establishment sizes",5,17,17,17,142239,12636,121,644,"",41.48,6.08,6.11,6.16,6.41,24.68,26.61,1.05,"",0,0.0,0,0.0,0,0.0,0,0.0,-1935,-1.3,-2945,-18.9,-147,-54.9,-8,-1.2
"35053","3","561","75","0","2016","1","N","Socorro County, New Mexico","Local Government","NAICS 561 Administrative and support services","County, NAICS 3-digit -- by ownership sector","All establishment sizes",2,0,0,0,0,0,0,0,"N",24.48,0,0,0,0,0,0,0,"N",0,0.0,0,0,0,0,0,0,0,0,0,0,0,0,0,0
"35053","3","561","75","0","2016","2","N","Socorro County, New Mexico","Local Government","NAICS 561 Administrative and support services","County, NAICS 3-digit -- by ownership sector","All establishment sizes",2,0,0,0,0,0,0,0,"N",24.53,0,0,0,0,0,0,0,"N",0,0.0,0,0,0,0,0,0,0,0,0,0,0,0,0,0
"35053","3","561","75","0","2016","3","N","Socorro County, New Mexico","Local Government","NAICS 561 Administrative and support services","County, NAICS 3-digit -- by ownership sector","All establishment sizes",2,0,0,0,0,0,0,0,"N",24.89,0,0,0,0,0,0,0,"N",0,0.0,0,0,0,0,0,0,0,0,0,0,0,0,0,0
"35053","3","561","75","0","2016","4","N","Socorro County, New Mexico","Local Government","NAICS 561 Administrative and support services","County, NAICS 3-digit -- by ownership sector","All establishment sizes",2,0,0,0,0,0,0,0,"N",25.26,0,0,0,0,0,0,0,"N",0,0.0,0,0,0,0,0,0,0,0,0,0,0,0,0,0
"35053","3","5617","76","0","2016","1","N","Socorro County, New Mexico","Local Government","NAICS 5617 Services to buildings and dwellings","County, NAICS 4-digit -- by ownership sector","All establishment sizes",2,0,0,0,0,0,0,0,"N",34.46,0,0,0,0,0,0,0,"N",0,0.0,0,0,0,0,0,0,0,0,0,0,0,0,0,0
"35053","3","5617","76","0","2016","2","N","Socorro County, New Mexico","Local Government","NAICS 5617 Services to buildings and dwellings","County, NAICS 4-digit -- by ownership sector","All establishment sizes",2,0,0,0,0,0,0,0,"N",34.81,0,0,0,0,0,0,0,"N",0,0.0,0,0,0,0,0,0,0,0,0,0,0,0,0,0
"35053","3","5617","76","0","2016","3","N","Socorro County, New Mexico","Local Government","NAICS 5617 Services to buildings and dwellings","County, NAICS 4-digit -- by ownership sector","All establishment sizes",2,0,0,0,0,0,0,0,"N",35.52,0,0,0,0,0,0,0,"N",0,0.0,0,0,0,0,0,0,0,0,0,0,0,0,0,0
"35053","3","5617","76","0","2016","4","N","Socorro County, New Mexico","Local Government","NAICS 5617 Services to buildings and dwellings","County, NAICS 4-digit -- by ownership sector","All establishment sizes",2,0,0,0,0,0,0,0,"N",36.04,0,0,0,0,0,0,0,"N",0,0.0,0,0,0,0,0,0,0,0,0,0,0,0,0,0
"35053","3","56172","77","0","2016","1","N","Socorro County, New Mexico","Local Government","NAICS 56172 Janitorial services","County, NAICS 5-digit -- by ownership sector","All establishment sizes",2,0,0,0,0,0,0,0,"N",57.67,0,0,0,0,0,0,0,"N",0,0.0,0,0,0,0,0,0,0,0,0,0,0,0,0,0
"35053","3","56172","77","0","2016","2","N","Socorro County, New Mexico","Local Government","NAICS 56172 Janitorial services","County, NAICS 5-digit -- by ownership sector","All establishment sizes",2,0,0,0,0,0,0,0,"N",58.13,0,0,0,0,0,0,0,"N",0,0.0,0,0,0,0,0,0,0,0,0,0,0,0,0,0
"35053","3","56172","77","0","2016","3","N","Socorro County, New Mexico","Local Government","NAICS 56172 Janitorial services","County, NAICS 5-digit -- by ownership sector","All establishment sizes",2,0,0,0,0,0,0,0,"N",59.50,0,0,0,0,0,0,0,"N",0,0.0,0,0,0,0,0,0,0,0,0,0,0,0,0,0
"35053","3","56172","77","0","2016","4","N","Socorro County, New Mexico","Local Government","NAICS 56172 Janitorial services","County, NAICS 5-digit -- by ownership sector","All establishment sizes",2,0,0,0,0,0,0,0,"N",60.46,0,0,0,0,0,0,0,"N",0,0.0,0,0,0,0,0,0,0,0,0,0,0,0,0,0
"35053","3","561720","78","0","2016","1","N","Socorro County, New Mexico","Local Government","NAICS 561720 Janitorial services","County, NAICS 6-digit -- by ownership sector","All establishment sizes",2,0,0,0,0,0,0,0,"N",57.67,0,0,0,0,0,0,0,"N",0,0.0,0,0,0,0,0,0,0,0,0,0,0,0,0,0
"35053","3","561720","78","0","2016","2","N","Socorro County, New Mexico","Local Government","NAICS 561720 Janitorial services","County, NAICS 6-digit -- by ownership sector","All establishment sizes",2,0,0,0,0,0,0,0,"N",58.13,0,0,0,0,0,0,0,"N",0,0.0,0,0,0,0,0,0,0,0,0,0,0,0,0,0
"35053","3","561720","78","0","2016","3","N","Socorro County, New Mexico","Local Government","NAICS 561720 Janitorial services","County, NAICS 6-digit -- by ownership sector","All establishment sizes",2,0,0,0,0,0,0,0,"N",59.50,0,0,0,0,0,0,0,"N",0,0.0,0,0,0,0,0,0,0,0,0,0,0,0,0,0
"35053","3","561720","78","0","2016","4","N","Socorro County, New Mexico","Local Government","NAICS 561720 Janitorial services","County, NAICS 6-digit -- by ownership sector","All establishment sizes",2,0,0,0,0,0,0,0,"N",60.46,0,0,0,0,0,0,0,"N",0,0.0,0,0,0,0,0,0,0,0,0,0,0,0,0,0
"35053","3","562","75","0","2016","1","N","Socorro County, New Mexico","Local Government","NAICS 562 Waste management and remediation services","County, NAICS 3-digit -- by ownership sector","All establishment sizes",3,0,0,0,0,0,0,0,"N",69.27,0,0,0,0,0,0,0,"N",0,0.0,0,0,0,0,0,0,0,0,0,0,0,0,0,0
"35053","3","562","75","0","2016","2","N","Socorro County, New Mexico","Local Government","NAICS 562 Waste management and remediation services","County, NAICS 3-digit -- by ownership sector","All establishment sizes",3,0,0,0,0,0,0,0,"N",70.09,0,0,0,0,0,0,0,"N",0,0.0,0,0,0,0,0,0,0,0,0,0,0,0,0,0
"35053","3","562","75","0","2016","3","N","Socorro County, New Mexico","Local Government","NAICS 562 Waste management and remediation services","County, NAICS 3-digit -- by ownership sector","All establishment sizes",3,0,0,0,0,0,0,0,"N",71.46,0,0,0,0,0,0,0,"N",0,0.0,0,0,0,0,0,0,0,0,0,0,0,0,0,0
"35053","3","562","75","0","2016","4","N","Socorro County, New Mexico","Local Government","NAICS 562 Waste management and remediation services","County, NAICS 3-digit -- by ownership sector","All establishment sizes",3,0,0,0,0,0,0,0,"N",72.57,0,0,0,0,0,0,0,"N",0,0.0,0,0,0,0,0,0,0,0,0,0,0,0,0,0
"35053","3","5622","76","0","2016","1","N","Socorro County, New Mexico","Local Government","NAICS 5622 Waste treatment and disposal","County, NAICS 4-digit -- by ownership sector","All establishment sizes",2,0,0,0,0,0,0,0,"N",70.19,0,0,0,0,0,0,0,"N",0,0.0,0,0,0,0,0,0,0,0,0,0,0,0,0,0
"35053","3","5622","76","0","2016","2","N","Socorro County, New Mexico","Local Government","NAICS 5622 Waste treatment and disposal","County, NAICS 4-digit -- by ownership sector","All establishment sizes",2,0,0,0,0,0,0,0,"N",70.95,0,0,0,0,0,0,0,"N",0,0.0,0,0,0,0,0,0,0,0,0,0,0,0,0,0
"35053","3","5622","76","0","2016","3","N","Socorro County, New Mexico","Local Government","NAICS 5622 Waste treatment and disposal","County, NAICS 4-digit -- by ownership sector","All establishment sizes",2,0,0,0,0,0,0,0,"N",72.24,0,0,0,0,0,0,0,"N",0,0.0,0,0,0,0,0,0,0,0,0,0,0,0,0,0
"35053","3","5622","76","0","2016","4","N","Socorro County, New Mexico","Local Government","NAICS 5622 Waste treatment and disposal","County, NAICS 4-digit -- by ownership sector","All establishment sizes",2,0,0,0,0,0,0,0,"N",73.27,0,0,0,0,0,0,0,"N",0,0.0,0,0,0,0,0,0,0,0,0,0,0,0,0,0
"35053","3","56221","77","0","2016","1","N","Socorro County, New Mexico","Local Government","NAICS 56221 Waste treatment and disposal","County, NAICS 5-digit -- by ownership sector","All establishment sizes",2,0,0,0,0,0,0,0,"N",70.19,0,0,0,0,0,0,0,"N",0,0.0,0,0,0,0,0,0,0,0,0,0,0,0,0,0
"35053","3","56221","77","0","2016","2","N","Socorro County, New Mexico","Local Government","NAICS 56221 Waste treatment and disposal","County, NAICS 5-digit -- by ownership sector","All establishment sizes",2,0,0,0,0,0,0,0,"N",70.95,0,0,0,0,0,0,0,"N",0,0.0,0,0,0,0,0,0,0,0,0,0,0,0,0,0
"35053","3","56221","77","0","2016","3","N","Socorro County, New Mexico","Local Government","NAICS 56221 Waste treatment and disposal","County, NAICS 5-digit -- by ownership sector","All establishment sizes",2,0,0,0,0,0,0,0,"N",72.24,0,0,0,0,0,0,0,"N",0,0.0,0,0,0,0,0,0,0,0,0,0,0,0,0,0
"35053","3","56221","77","0","2016","4","N","Socorro County, New Mexico","Local Government","NAICS 56221 Waste treatment and disposal","County, NAICS 5-digit -- by ownership sector","All establishment sizes",2,0,0,0,0,0,0,0,"N",73.27,0,0,0,0,0,0,0,"N",0,0.0,0,0,0,0,0,0,0,0,0,0,0,0,0,0
"35053","3","562212","78","0","2016","1","N","Socorro County, New Mexico","Local Government","NAICS 562212 Solid waste landfill","County, NAICS 6-digit -- by ownership sector","All establishment sizes",2,0,0,0,0,0,0,0,"N",95.25,0,0,0,0,0,0,0,"N",0,0.0,0,0,0,0,0,0,0,0,0,0,0,0,0,0
"35053","3","562212","78","0","2016","2","N","Socorro County, New Mexico","Local Government","NAICS 562212 Solid waste landfill","County, NAICS 6-digit -- by ownership sector","All establishment sizes",2,0,0,0,0,0,0,0,"N",96.37,0,0,0,0,0,0,0,"N",0,0.0,0,0,0,0,0,0,0,0,0,0,0,0,0,0
"35053","3","562212","78","0","2016","3","N","Socorro County, New Mexico","Local Government","NAICS 562212 Solid waste landfill","County, NAICS 6-digit -- by ownership sector","All establishment sizes",2,0,0,0,0,0,0,0,"N",98.00,0,0,0,0,0,0,0,"N",0,0.0,0,0,0,0,0,0,0,0,0,0,0,0,0,0
"35053","3","562212","78","0","2016","4","N","Socorro County, New Mexico","Local Government","NAICS 562212 Solid waste landfill","County, NAICS 6-digit -- by ownership sector","All establishment sizes",2,0,0,0,0,0,0,0,"N",99.26,0,0,0,0,0,0,0,"N",0,0.0,0,0,0,0,0,0,0,0,0,0,0,0,0,0
"35053","3","5629","76","0","2016","1","N","Socorro County, New Mexico","Local Government","NAICS 5629 Remediation and other waste services","County, NAICS 4-digit -- by ownership sector","All establishment sizes",1,0,0,0,0,0,0,0,"N",206.75,0,0,0,0,0,0,0,"N",0,0.0,0,0,0,0,0,0,0,0,0,0,0,0,0,0
"35053","3","5629","76","0","2016","2","N","Socorro County, New Mexico","Local Government","NAICS 5629 Remediation and other waste services","County, NAICS 4-digit -- by ownership sector","All establishment sizes",1,0,0,0,0,0,0,0,"N",209.56,0,0,0,0,0,0,0,"N",0,0.0,0,0,0,0,0,0,0,0,0,0,0,0,0,0
"35053","3","5629","76","0","2016","3","N","Socorro County, New Mexico","Local Government","NAICS 5629 Remediation and other waste services","County, NAICS 4-digit -- by ownership sector","All establishment sizes",1,0,0,0,0,0,0,0,"N",214.76,0,0,0,0,0,0,0,"N",0,0.0,0,0,0,0,0,0,0,0,0,0,0,0,0,0
"35053","3","5629","76","0","2016","4","N","Socorro County, New Mexico","Local Government","NAICS 5629 Remediation and other waste services","County, NAICS 4-digit -- by ownership sector","All establishment sizes",1,0,0,0,0,0,0,0,"N",219.24,0,0,0,0,0,0,0,"N",0,0.0,0,0,0,0,0,0,0,0,0,0,0,0,0,0
"35053","3","56292","77","0","2016","1","N","Socorro County, New Mexico","Local Government","NAICS 56292 Materials recovery facilities","County, NAICS 5-digit -- by ownership sector","All establishment sizes",1,0,0,0,0,0,0,0,"N",266.71,0,0,0,0,0,0,0,"N",0,0.0,0,0,0,0,0,0,0,0,0,0,0,0,0,0
"35053","3","56292","77","0","2016","2","N","Socorro County, New Mexico","Local Government","NAICS 56292 Materials recovery facilities","County, NAICS 5-digit -- by ownership sector","All establishment sizes",1,0,0,0,0,0,0,0,"N",270.33,0,0,0,0,0,0,0,"N",0,0.0,0,0,0,0,0,0,0,0,0,0,0,0,0,0
"35053","3","56292","77","0","2016","3","N","Socorro County, New Mexico","Local Government","NAICS 56292 Materials recovery facilities","County, NAICS 5-digit -- by ownership sector","All establishment sizes",1,0,0,0,0,0,0,0,"N",277.67,0,0,0,0,0,0,0,"N",0,0.0,0,0,0,0,0,0,0,0,0,0,0,0,0,0
"35053","3","56292","77","0","2016","4","N","Socorro County, New Mexico","Local Government","NAICS 56292 Materials recovery facilities","County, NAICS 5-digit -- by ownership sector","All establishment sizes",1,0,0,0,0,0,0,0,"N",284.12,0,0,0,0,0,0,0,"N",0,0.0,0,0,0,0,0,0,0,0,0,0,0,0,0,0
"35053","3","562920","78","0","2016","1","N","Socorro County, New Mexico","Local Government","NAICS 562920 Materials recovery facilities","County, NAICS 6-digit -- by ownership sector","All establishment sizes",1,0,0,0,0,0,0,0,"N",266.71,0,0,0,0,0,0,0,"N",0,0.0,0,0,0,0,0,0,0,0,0,0,0,0,0,0
"35053","3","562920","78","0","2016","2","N","Socorro County, New Mexico","Local Government","NAICS 562920 Materials recovery facilities","County, NAICS 6-digit -- by ownership sector","All establishment sizes",1,0,0,0,0,0,0,0,"N",270.33,0,0,0,0,0,0,0,"N",0,0.0,0,0,0,0,0,0,0,0,0,0,0,0,0,0
"35053","3","562920","78","0","2016","3","N","Socorro County, New Mexico","Local Government","NAICS 562920 Materials recovery facilities","County, NAICS 6-digit -- by ownership sector","All establishment sizes",1,0,0,0,0,0,0,0,"N",277.67,0,0,0,0,0,0,0,"N",0,0.0,0,0,0,0,0,0,0,0,0,0,0,0,0,0
"35053","3","562920","78","0","2016","4","N","Socorro County, New Mexico","Local Government","NAICS 562920 Materials recovery facilities","County, NAICS 6-digit -- by ownership sector","All establishment sizes",1,0,0,0,0,0,0,0,"N",284.12,0,0,0,0,0,0,0,"N",0,0.0,0,0,0,0,0,0,0,0,0,0,0,0,0,0
"35053","3","61","74","0","2016","1","N","Socorro County, New Mexico","Local Government","NAICS 61 Educational services","County, NAICS Sector -- by ownership sector","All establishment sizes",9,0,0,0,0,0,0,0,"N",3.65,0,0,0,0,0,0,0,"N",0,0.0,0,0,0,0,0,0,0,0,0,0,0,0,0,0
"35053","3","61","74","0","2016","2","N","Socorro County, New Mexico","Local Government","NAICS 61 Educational services","County, NAICS Sector -- by ownership sector","All establishment sizes",9,0,0,0,0,0,0,0,"N",3.69,0,0,0,0,0,0,0,"N",0,0.0,0,0,0,0,0,0,0,0,0,0,0,0,0,0
"35053","3","61","74","0","2016","3","N","Socorro County, New Mexico","Local Government","NAICS 61 Educational services","County, NAICS Sector -- by ownership sector","All establishment sizes",9,0,0,0,0,0,0,0,"N",3.74,0,0,0,0,0,0,0,"N",0,0.0,0,0,0,0,0,0,0,0,0,0,0,0,0,0
"35053","3","61","74","0","2016","4","N","Socorro County, New Mexico","Local Government","NAICS 61 Educational services","County, NAICS Sector -- by ownership sector","All establishment sizes",9,0,0,0,0,0,0,0,"N",3.80,0,0,0,0,0,0,0,"N",0,0.0,0,0,0,0,0,0,0,0,0,0,0,0,0,0
"35053","3","611","75","0","2016","1","N","Socorro County, New Mexico","Local Government","NAICS 611 Educational services","County, NAICS 3-digit -- by ownership sector","All establishment sizes",9,0,0,0,0,0,0,0,"N",3.65,0,0,0,0,0,0,0,"N",0,0.0,0,0,0,0,0,0,0,0,0,0,0,0,0,0
"35053","3","611","75","0","2016","2","N","Socorro County, New Mexico","Local Government","NAICS 611 Educational services","County, NAICS 3-digit -- by ownership sector","All establishment sizes",9,0,0,0,0,0,0,0,"N",3.69,0,0,0,0,0,0,0,"N",0,0.0,0,0,0,0,0,0,0,0,0,0,0,0,0,0
"35053","3","611","75","0","2016","3","N","Socorro County, New Mexico","Local Government","NAICS 611 Educational services","County, NAICS 3-digit -- by ownership sector","All establishment sizes",9,0,0,0,0,0,0,0,"N",3.74,0,0,0,0,0,0,0,"N",0,0.0,0,0,0,0,0,0,0,0,0,0,0,0,0,0
"35053","3","611","75","0","2016","4","N","Socorro County, New Mexico","Local Government","NAICS 611 Educational services","County, NAICS 3-digit -- by ownership sector","All establishment sizes",9,0,0,0,0,0,0,0,"N",3.80,0,0,0,0,0,0,0,"N",0,0.0,0,0,0,0,0,0,0,0,0,0,0,0,0,0
"35053","3","6111","76","0","2016","1","N","Socorro County, New Mexico","Local Government","NAICS 6111 Elementary and secondary schools","County, NAICS 4-digit -- by ownership sector","All establishment sizes",9,0,0,0,0,0,0,0,"N",3.77,0,0,0,0,0,0,0,"N",0,0.0,0,0,0,0,0,0,0,0,0,0,0,0,0,0
"35053","3","6111","76","0","2016","2","N","Socorro County, New Mexico","Local Government","NAICS 6111 Elementary and secondary schools","County, NAICS 4-digit -- by ownership sector","All establishment sizes",9,0,0,0,0,0,0,0,"N",3.82,0,0,0,0,0,0,0,"N",0,0.0,0,0,0,0,0,0,0,0,0,0,0,0,0,0
"35053","3","6111","76","0","2016","3","N","Socorro County, New Mexico","Local Government","NAICS 6111 Elementary and secondary schools","County, NAICS 4-digit -- by ownership sector","All establishment sizes",9,0,0,0,0,0,0,0,"N",3.87,0,0,0,0,0,0,0,"N",0,0.0,0,0,0,0,0,0,0,0,0,0,0,0,0,0
"35053","3","6111","76","0","2016","4","N","Socorro County, New Mexico","Local Government","NAICS 6111 Elementary and secondary schools","County, NAICS 4-digit -- by ownership sector","All establishment sizes",9,0,0,0,0,0,0,0,"N",3.93,0,0,0,0,0,0,0,"N",0,0.0,0,0,0,0,0,0,0,0,0,0,0,0,0,0
"35053","3","61111","77","0","2016","1","N","Socorro County, New Mexico","Local Government","NAICS 61111 Elementary and secondary schools","County, NAICS 5-digit -- by ownership sector","All establishment sizes",9,0,0,0,0,0,0,0,"N",3.77,0,0,0,0,0,0,0,"N",0,0.0,0,0,0,0,0,0,0,0,0,0,0,0,0,0
"35053","3","61111","77","0","2016","2","N","Socorro County, New Mexico","Local Government","NAICS 61111 Elementary and secondary schools","County, NAICS 5-digit -- by ownership sector","All establishment sizes",9,0,0,0,0,0,0,0,"N",3.82,0,0,0,0,0,0,0,"N",0,0.0,0,0,0,0,0,0,0,0,0,0,0,0,0,0
"35053","3","61111","77","0","2016","3","N","Socorro County, New Mexico","Local Government","NAICS 61111 Elementary and secondary schools","County, NAICS 5-digit -- by ownership sector","All establishment sizes",9,0,0,0,0,0,0,0,"N",3.87,0,0,0,0,0,0,0,"N",0,0.0,0,0,0,0,0,0,0,0,0,0,0,0,0,0
"35053","3","61111","77","0","2016","4","N","Socorro County, New Mexico","Local Government","NAICS 61111 Elementary and secondary schools","County, NAICS 5-digit -- by ownership sector","All establishment sizes",9,0,0,0,0,0,0,0,"N",3.93,0,0,0,0,0,0,0,"N",0,0.0,0,0,0,0,0,0,0,0,0,0,0,0,0,0
"35053","3","611110","78","0","2016","1","N","Socorro County, New Mexico","Local Government","NAICS 611110 Elementary and secondary schools","County, NAICS 6-digit -- by ownership sector","All establishment sizes",9,0,0,0,0,0,0,0,"N",3.77,0,0,0,0,0,0,0,"N",0,0.0,0,0,0,0,0,0,0,0,0,0,0,0,0,0
"35053","3","611110","78","0","2016","2","N","Socorro County, New Mexico","Local Government","NAICS 611110 Elementary and secondary schools","County, NAICS 6-digit -- by ownership sector","All establishment sizes",9,0,0,0,0,0,0,0,"N",3.82,0,0,0,0,0,0,0,"N",0,0.0,0,0,0,0,0,0,0,0,0,0,0,0,0,0
"35053","3","611110","78","0","2016","3","N","Socorro County, New Mexico","Local Government","NAICS 611110 Elementary and secondary schools","County, NAICS 6-digit -- by ownership sector","All establishment sizes",9,0,0,0,0,0,0,0,"N",3.87,0,0,0,0,0,0,0,"N",0,0.0,0,0,0,0,0,0,0,0,0,0,0,0,0,0
"35053","3","611110","78","0","2016","4","N","Socorro County, New Mexico","Local Government","NAICS 611110 Elementary and secondary schools","County, NAICS 6-digit -- by ownership sector","All establishment sizes",9,0,0,0,0,0,0,0,"N",3.93,0,0,0,0,0,0,0,"N",0,0.0,0,0,0,0,0,0,0,0,0,0,0,0,0,0
"35053","3","62","74","0","2016","1","N","Socorro County, New Mexico","Local Government","NAICS 62 Health care and social assistance","County, NAICS Sector -- by ownership sector","All establishment sizes",2,0,0,0,0,0,0,0,"N",7.62,0,0,0,0,0,0,0,"N",0,0.0,0,0,0,0,0,0,0,0,0,0,0,0,0,0
"35053","3","62","74","0","2016","2","N","Socorro County, New Mexico","Local Government","NAICS 62 Health care and social assistance","County, NAICS Sector -- by ownership sector","All establishment sizes",2,0,0,0,0,0,0,0,"N",7.69,0,0,0,0,0,0,0,"N",0,0.0,0,0,0,0,0,0,0,0,0,0,0,0,0,0
"35053","3","62","74","0","2016","3","N","Socorro County, New Mexico","Local Government","NAICS 62 Health care and social assistance","County, NAICS Sector -- by ownership sector","All establishment sizes",2,0,0,0,0,0,0,0,"N",7.76,0,0,0,0,0,0,0,"N",0,0.0,0,0,0,0,0,0,0,0,0,0,0,0,0,0
"35053","3","62","74","0","2016","4","N","Socorro County, New Mexico","Local Government","NAICS 62 Health care and social assistance","County, NAICS Sector -- by ownership sector","All establishment sizes",2,0,0,0,0,0,0,0,"N",7.82,0,0,0,0,0,0,0,"N",0,0.0,0,0,0,0,0,0,0,0,0,0,0,0,0,0
"35053","3","624","75","0","2016","1","N","Socorro County, New Mexico","Local Government","NAICS 624 Social assistance","County, NAICS 3-digit -- by ownership sector","All establishment sizes",2,0,0,0,0,0,0,0,"N",19.82,0,0,0,0,0,0,0,"N",0,0.0,0,0,0,0,0,0,0,0,0,0,0,0,0,0
"35053","3","624","75","0","2016","2","N","Socorro County, New Mexico","Local Government","NAICS 624 Social assistance","County, NAICS 3-digit -- by ownership sector","All establishment sizes",2,0,0,0,0,0,0,0,"N",20.06,0,0,0,0,0,0,0,"N",0,0.0,0,0,0,0,0,0,0,0,0,0,0,0,0,0
"35053","3","624","75","0","2016","3","N","Socorro County, New Mexico","Local Government","NAICS 624 Social assistance","County, NAICS 3-digit -- by ownership sector","All establishment sizes",2,0,0,0,0,0,0,0,"N",20.37,0,0,0,0,0,0,0,"N",0,0.0,0,0,0,0,0,0,0,0,0,0,0,0,0,0
"35053","3","624","75","0","2016","4","N","Socorro County, New Mexico","Local Government","NAICS 624 Social assistance","County, NAICS 3-digit -- by ownership sector","All establishment sizes",2,0,0,0,0,0,0,0,"N",20.76,0,0,0,0,0,0,0,"N",0,0.0,0,0,0,0,0,0,0,0,0,0,0,0,0,0
"35053","3","6241","76","0","2016","1","N","Socorro County, New Mexico","Local Government","NAICS 6241 Individual and family services","County, NAICS 4-digit -- by ownership sector","All establishment sizes",2,0,0,0,0,0,0,0,"N",31.07,0,0,0,0,0,0,0,"N",0,0.0,0,0,0,0,0,0,0,0,0,0,0,0,0,0
"35053","3","6241","76","0","2016","2","N","Socorro County, New Mexico","Local Government","NAICS 6241 Individual and family services","County, NAICS 4-digit -- by ownership sector","All establishment sizes",2,0,0,0,0,0,0,0,"N",31.47,0,0,0,0,0,0,0,"N",0,0.0,0,0,0,0,0,0,0,0,0,0,0,0,0,0
"35053","3","6241","76","0","2016","3","N","Socorro County, New Mexico","Local Government","NAICS 6241 Individual and family services","County, NAICS 4-digit -- by ownership sector","All establishment sizes",2,0,0,0,0,0,0,0,"N",31.96,0,0,0,0,0,0,0,"N",0,0.0,0,0,0,0,0,0,0,0,0,0,0,0,0,0
"35053","3","6241","76","0","2016","4","N","Socorro County, New Mexico","Local Government","NAICS 6241 Individual and family services","County, NAICS 4-digit -- by ownership sector","All establishment sizes",2,0,0,0,0,0,0,0,"N",32.66,0,0,0,0,0,0,0,"N",0,0.0,0,0,0,0,0,0,0,0,0,0,0,0,0,0
"35053","3","62412","77","0","2016","1","N","Socorro County, New Mexico","Local Government","NAICS 62412 Services for the elderly and disabled","County, NAICS 5-digit -- by ownership sector","All establishment sizes",2,0,0,0,0,0,0,0,"N",69.64,0,0,0,0,0,0,0,"N",0,0.0,0,0,0,0,0,0,0,0,0,0,0,0,0,0
"35053","3","62412","77","0","2016","2","N","Socorro County, New Mexico","Local Government","NAICS 62412 Services for the elderly and disabled","County, NAICS 5-digit -- by ownership sector","All establishment sizes",2,0,0,0,0,0,0,0,"N",70.77,0,0,0,0,0,0,0,"N",0,0.0,0,0,0,0,0,0,0,0,0,0,0,0,0,0
"35053","3","62412","77","0","2016","3","N","Socorro County, New Mexico","Local Government","NAICS 62412 Services for the elderly and disabled","County, NAICS 5-digit -- by ownership sector","All establishment sizes",2,0,0,0,0,0,0,0,"N",72.15,0,0,0,0,0,0,0,"N",0,0.0,0,0,0,0,0,0,0,0,0,0,0,0,0,0
"35053","3","62412","77","0","2016","4","N","Socorro County, New Mexico","Local Government","NAICS 62412 Services for the elderly and disabled","County, NAICS 5-digit -- by ownership sector","All establishment sizes",2,0,0,0,0,0,0,0,"N",73.95,0,0,0,0,0,0,0,"N",0,0.0,0,0,0,0,0,0,0,0,0,0,0,0,0,0
"35053","3","624120","78","0","2016","1","N","Socorro County, New Mexico","Local Government","NAICS 624120 Services for the elderly and disabled","County, NAICS 6-digit -- by ownership sector","All establishment sizes",2,0,0,0,0,0,0,0,"N",69.64,0,0,0,0,0,0,0,"N",0,0.0,0,0,0,0,0,0,0,0,0,0,0,0,0,0
"35053","3","624120","78","0","2016","2","N","Socorro County, New Mexico","Local Government","NAICS 624120 Services for the elderly and disabled","County, NAICS 6-digit -- by ownership sector","All establishment sizes",2,0,0,0,0,0,0,0,"N",70.77,0,0,0,0,0,0,0,"N",0,0.0,0,0,0,0,0,0,0,0,0,0,0,0,0,0
"35053","3","624120","78","0","2016","3","N","Socorro County, New Mexico","Local Government","NAICS 624120 Services for the elderly and disabled","County, NAICS 6-digit -- by ownership sector","All establishment sizes",2,0,0,0,0,0,0,0,"N",72.15,0,0,0,0,0,0,0,"N",0,0.0,0,0,0,0,0,0,0,0,0,0,0,0,0,0
"35053","3","624120","78","0","2016","4","N","Socorro County, New Mexico","Local Government","NAICS 624120 Services for the elderly and disabled","County, NAICS 6-digit -- by ownership sector","All establishment sizes",2,0,0,0,0,0,0,0,"N",73.95,0,0,0,0,0,0,0,"N",0,0.0,0,0,0,0,0,0,0,0,0,0,0,0,0,0
"35053","3","71","74","0","2016","1","N","Socorro County, New Mexico","Local Government","NAICS 71 Arts, entertainment, and recreation","County, NAICS Sector -- by ownership sector","All establishment sizes",1,0,0,0,0,0,0,0,"N",6.68,0,0,0,0,0,0,0,"N",0,0.0,0,0,0,0,0,0,0,0,0,0,0,0,0,0
"35053","3","71","74","0","2016","2","N","Socorro County, New Mexico","Local Government","NAICS 71 Arts, entertainment, and recreation","County, NAICS Sector -- by ownership sector","All establishment sizes",1,0,0,0,0,0,0,0,"N",6.75,0,0,0,0,0,0,0,"N",0,0.0,0,0,0,0,0,0,0,0,0,0,0,0,0,0
"35053","3","71","74","0","2016","3","N","Socorro County, New Mexico","Local Government","NAICS 71 Arts, entertainment, and recreation","County, NAICS Sector -- by ownership sector","All establishment sizes",1,0,0,0,0,0,0,0,"N",6.86,0,0,0,0,0,0,0,"N",0,0.0,0,0,0,0,0,0,0,0,0,0,0,0,0,0
"35053","3","71","74","0","2016","4","N","Socorro County, New Mexico","Local Government","NAICS 71 Arts, entertainment, and recreation","County, NAICS Sector -- by ownership sector","All establishment sizes",1,0,0,0,0,0,0,0,"N",6.95,0,0,0,0,0,0,0,"N",0,0.0,0,0,0,0,0,0,0,0,0,0,0,0,0,0
"35053","3","713","75","0","2016","1","N","Socorro County, New Mexico","Local Government","NAICS 713 Amusements, gambling, and recreation","County, NAICS 3-digit -- by ownership sector","All establishment sizes",1,0,0,0,0,0,0,0,"N",8.61,0,0,0,0,0,0,0,"N",0,0.0,0,0,0,0,0,0,0,0,0,0,0,0,0,0
"35053","3","713","75","0","2016","2","N","Socorro County, New Mexico","Local Government","NAICS 713 Amusements, gambling, and recreation","County, NAICS 3-digit -- by ownership sector","All establishment sizes",1,0,0,0,0,0,0,0,"N",8.71,0,0,0,0,0,0,0,"N",0,0.0,0,0,0,0,0,0,0,0,0,0,0,0,0,0
"35053","3","713","75","0","2016","3","N","Socorro County, New Mexico","Local Government","NAICS 713 Amusements, gambling, and recreation","County, NAICS 3-digit -- by ownership sector","All establishment sizes",1,0,0,0,0,0,0,0,"N",8.84,0,0,0,0,0,0,0,"N",0,0.0,0,0,0,0,0,0,0,0,0,0,0,0,0,0
"35053","3","713","75","0","2016","4","N","Socorro County, New Mexico","Local Government","NAICS 713 Amusements, gambling, and recreation","County, NAICS 3-digit -- by ownership sector","All establishment sizes",1,0,0,0,0,0,0,0,"N",8.96,0,0,0,0,0,0,0,"N",0,0.0,0,0,0,0,0,0,0,0,0,0,0,0,0,0
"35053","3","7139","76","0","2016","1","N","Socorro County, New Mexico","Local Government","NAICS 7139 Other amusement and recreation industries","County, NAICS 4-digit -- by ownership sector","All establishment sizes",1,0,0,0,0,0,0,0,"N",9.86,0,0,0,0,0,0,0,"N",0,0.0,0,0,0,0,0,0,0,0,0,0,0,0,0,0
"35053","3","7139","76","0","2016","2","N","Socorro County, New Mexico","Local Government","NAICS 7139 Other amusement and recreation industries","County, NAICS 4-digit -- by ownership sector","All establishment sizes",1,0,0,0,0,0,0,0,"N",9.97,0,0,0,0,0,0,0,"N",0,0.0,0,0,0,0,0,0,0,0,0,0,0,0,0,0
"35053","3","7139","76","0","2016","3","N","Socorro County, New Mexico","Local Government","NAICS 7139 Other amusement and recreation industries","County, NAICS 4-digit -- by ownership sector","All establishment sizes",1,0,0,0,0,0,0,0,"N",10.12,0,0,0,0,0,0,0,"N",0,0.0,0,0,0,0,0,0,0,0,0,0,0,0,0,0
"35053","3","7139","76","0","2016","4","N","Socorro County, New Mexico","Local Government","NAICS 7139 Other amusement and recreation industries","County, NAICS 4-digit -- by ownership sector","All establishment sizes",1,0,0,0,0,0,0,0,"N",10.26,0,0,0,0,0,0,0,"N",0,0.0,0,0,0,0,0,0,0,0,0,0,0,0,0,0
"35053","3","71394","77","0","2016","1","N","Socorro County, New Mexico","Local Government","NAICS 71394 Fitness and recreational sports centers","County, NAICS 5-digit -- by ownership sector","All establishment sizes",1,0,0,0,0,0,0,0,"N",22.04,0,0,0,0,0,0,0,"N",0,0.0,0,0,0,0,0,0,0,0,0,0,0,0,0,0
"35053","3","71394","77","0","2016","2","N","Socorro County, New Mexico","Local Government","NAICS 71394 Fitness and recreational sports centers","County, NAICS 5-digit -- by ownership sector","All establishment sizes",1,0,0,0,0,0,0,0,"N",22.27,0,0,0,0,0,0,0,"N",0,0.0,0,0,0,0,0,0,0,0,0,0,0,0,0,0
"35053","3","71394","77","0","2016","3","N","Socorro County, New Mexico","Local Government","NAICS 71394 Fitness and recreational sports centers","County, NAICS 5-digit -- by ownership sector","All establishment sizes",1,0,0,0,0,0,0,0,"N",22.64,0,0,0,0,0,0,0,"N",0,0.0,0,0,0,0,0,0,0,0,0,0,0,0,0,0
"35053","3","71394","77","0","2016","4","N","Socorro County, New Mexico","Local Government","NAICS 71394 Fitness and recreational sports centers","County, NAICS 5-digit -- by ownership sector","All establishment sizes",1,0,0,0,0,0,0,0,"N",22.92,0,0,0,0,0,0,0,"N",0,0.0,0,0,0,0,0,0,0,0,0,0,0,0,0,0
"35053","3","713940","78","0","2016","1","N","Socorro County, New Mexico","Local Government","NAICS 713940 Fitness and recreational sports centers","County, NAICS 6-digit -- by ownership sector","All establishment sizes",1,0,0,0,0,0,0,0,"N",22.04,0,0,0,0,0,0,0,"N",0,0.0,0,0,0,0,0,0,0,0,0,0,0,0,0,0
"35053","3","713940","78","0","2016","2","N","Socorro County, New Mexico","Local Government","NAICS 713940 Fitness and recreational sports centers","County, NAICS 6-digit -- by ownership sector","All establishment sizes",1,0,0,0,0,0,0,0,"N",22.27,0,0,0,0,0,0,0,"N",0,0.0,0,0,0,0,0,0,0,0,0,0,0,0,0,0
"35053","3","713940","78","0","2016","3","N","Socorro County, New Mexico","Local Government","NAICS 713940 Fitness and recreational sports centers","County, NAICS 6-digit -- by ownership sector","All establishment sizes",1,0,0,0,0,0,0,0,"N",22.64,0,0,0,0,0,0,0,"N",0,0.0,0,0,0,0,0,0,0,0,0,0,0,0,0,0
"35053","3","713940","78","0","2016","4","N","Socorro County, New Mexico","Local Government","NAICS 713940 Fitness and recreational sports centers","County, NAICS 6-digit -- by ownership sector","All establishment sizes",1,0,0,0,0,0,0,0,"N",22.92,0,0,0,0,0,0,0,"N",0,0.0,0,0,0,0,0,0,0,0,0,0,0,0,0,0
"35053","3","81","74","0","2016","1","N","Socorro County, New Mexico","Local Government","NAICS 81 Other services, except public administration","County, NAICS Sector -- by ownership sector","All establishment sizes",2,0,0,0,0,0,0,0,"N",24.66,0,0,0,0,0,0,0,"N",0,0.0,0,0,0,0,0,0,0,0,0,0,0,0,0,0
"35053","3","81","74","0","2016","2","N","Socorro County, New Mexico","Local Government","NAICS 81 Other services, except public administration","County, NAICS Sector -- by ownership sector","All establishment sizes",2,0,0,0,0,0,0,0,"N",24.95,0,0,0,0,0,0,0,"N",0,0.0,0,0,0,0,0,0,0,0,0,0,0,0,0,0
"35053","3","81","74","0","2016","3","N","Socorro County, New Mexico","Local Government","NAICS 81 Other services, except public administration","County, NAICS Sector -- by ownership sector","All establishment sizes",2,0,0,0,0,0,0,0,"N",25.39,0,0,0,0,0,0,0,"N",0,0.0,0,0,0,0,0,0,0,0,0,0,0,0,0,0
"35053","3","81","74","0","2016","4","N","Socorro County, New Mexico","Local Government","NAICS 81 Other services, except public administration","County, NAICS Sector -- by ownership sector","All establishment sizes",2,0,0,0,0,0,0,0,"N",25.77,0,0,0,0,0,0,0,"N",0,0.0,0,0,0,0,0,0,0,0,0,0,0,0,0,0
"35053","3","811","75","0","2016","1","N","Socorro County, New Mexico","Local Government","NAICS 811 Repair and maintenance","County, NAICS 3-digit -- by ownership sector","All establishment sizes",1,0,0,0,0,0,0,0,"N",44.60,0,0,0,0,0,0,0,"N",0,0.0,0,0,0,0,0,0,0,0,0,0,0,0,0,0
"35053","3","811","75","0","2016","2","N","Socorro County, New Mexico","Local Government","NAICS 811 Repair and maintenance","County, NAICS 3-digit -- by ownership sector","All establishment sizes",1,0,0,0,0,0,0,0,"N",44.90,0,0,0,0,0,0,0,"N",0,0.0,0,0,0,0,0,0,0,0,0,0,0,0,0,0
"35053","3","811","75","0","2016","3","N","Socorro County, New Mexico","Local Government","NAICS 811 Repair and maintenance","County, NAICS 3-digit -- by ownership sector","All establishment sizes",1,0,0,0,0,0,0,0,"N",45.74,0,0,0,0,0,0,0,"N",0,0.0,0,0,0,0,0,0,0,0,0,0,0,0,0,0
"35053","3","811","75","0","2016","4","N","Socorro County, New Mexico","Local Government","NAICS 811 Repair and maintenance","County, NAICS 3-digit -- by ownership sector","All establishment sizes",1,0,0,0,0,0,0,0,"N",46.33,0,0,0,0,0,0,0,"N",0,0.0,0,0,0,0,0,0,0,0,0,0,0,0,0,0
"35053","3","8111","76","0","2016","1","N","Socorro County, New Mexico","Local Government","NAICS 8111 Automotive repair and maintenance","County, NAICS 4-digit -- by ownership sector","All establishment sizes",1,0,0,0,0,0,0,0,"N",48.76,0,0,0,0,0,0,0,"N",0,0.0,0,0,0,0,0,0,0,0,0,0,0,0,0,0
"35053","3","8111","76","0","2016","2","N","Socorro County, New Mexico","Local Government","NAICS 8111 Automotive repair and maintenance","County, NAICS 4-digit -- by ownership sector","All establishment sizes",1,0,0,0,0,0,0,0,"N",49.15,0,0,0,0,0,0,0,"N",0,0.0,0,0,0,0,0,0,0,0,0,0,0,0,0,0
"35053","3","8111","76","0","2016","3","N","Socorro County, New Mexico","Local Government","NAICS 8111 Automotive repair and maintenance","County, NAICS 4-digit -- by ownership sector","All establishment sizes",1,0,0,0,0,0,0,0,"N",50.07,0,0,0,0,0,0,0,"N",0,0.0,0,0,0,0,0,0,0,0,0,0,0,0,0,0
"35053","3","8111","76","0","2016","4","N","Socorro County, New Mexico","Local Government","NAICS 8111 Automotive repair and maintenance","County, NAICS 4-digit -- by ownership sector","All establishment sizes",1,0,0,0,0,0,0,0,"N",50.81,0,0,0,0,0,0,0,"N",0,0.0,0,0,0,0,0,0,0,0,0,0,0,0,0,0
"35053","3","81111","77","0","2016","1","N","Socorro County, New Mexico","Local Government","NAICS 81111 Automotive mechanical and electrical repair","County, NAICS 5-digit -- by ownership sector","All establishment sizes",1,0,0,0,0,0,0,0,"N",49.21,0,0,0,0,0,0,0,"N",0,0.0,0,0,0,0,0,0,0,0,0,0,0,0,0,0
"35053","3","81111","77","0","2016","2","N","Socorro County, New Mexico","Local Government","NAICS 81111 Automotive mechanical and electrical repair","County, NAICS 5-digit -- by ownership sector","All establishment sizes",1,0,0,0,0,0,0,0,"N",49.60,0,0,0,0,0,0,0,"N",0,0.0,0,0,0,0,0,0,0,0,0,0,0,0,0,0
"35053","3","81111","77","0","2016","3","N","Socorro County, New Mexico","Local Government","NAICS 81111 Automotive mechanical and electrical repair","County, NAICS 5-digit -- by ownership sector","All establishment sizes",1,0,0,0,0,0,0,0,"N",50.53,0,0,0,0,0,0,0,"N",0,0.0,0,0,0,0,0,0,0,0,0,0,0,0,0,0
"35053","3","81111","77","0","2016","4","N","Socorro County, New Mexico","Local Government","NAICS 81111 Automotive mechanical and electrical repair","County, NAICS 5-digit -- by ownership sector","All establishment sizes",1,0,0,0,0,0,0,0,"N",51.28,0,0,0,0,0,0,0,"N",0,0.0,0,0,0,0,0,0,0,0,0,0,0,0,0,0
"35053","3","811111","78","0","2016","1","N","Socorro County, New Mexico","Local Government","NAICS 811111 General automotive repair","County, NAICS 6-digit -- by ownership sector","All establishment sizes",1,0,0,0,0,0,0,0,"N",49.76,0,0,0,0,0,0,0,"N",0,0.0,0,0,0,0,0,0,0,0,0,0,0,0,0,0
"35053","3","811111","78","0","2016","2","N","Socorro County, New Mexico","Local Government","NAICS 811111 General automotive repair","County, NAICS 6-digit -- by ownership sector","All establishment sizes",1,0,0,0,0,0,0,0,"N",50.15,0,0,0,0,0,0,0,"N",0,0.0,0,0,0,0,0,0,0,0,0,0,0,0,0,0
"35053","3","811111","78","0","2016","3","N","Socorro County, New Mexico","Local Government","NAICS 811111 General automotive repair","County, NAICS 6-digit -- by ownership sector","All establishment sizes",1,0,0,0,0,0,0,0,"N",51.09,0,0,0,0,0,0,0,"N",0,0.0,0,0,0,0,0,0,0,0,0,0,0,0,0,0
"35053","3","811111","78","0","2016","4","N","Socorro County, New Mexico","Local Government","NAICS 811111 General automotive repair","County, NAICS 6-digit -- by ownership sector","All establishment sizes",1,0,0,0,0,0,0,0,"N",51.85,0,0,0,0,0,0,0,"N",0,0.0,0,0,0,0,0,0,0,0,0,0,0,0,0,0
"35053","3","812","75","0","2016","1","N","Socorro County, New Mexico","Local Government","NAICS 812 Personal and laundry services","County, NAICS 3-digit -- by ownership sector","All establishment sizes",1,0,0,0,0,0,0,0,"N",24.07,0,0,0,0,0,0,0,"N",0,0.0,0,0,0,0,0,0,0,0,0,0,0,0,0,0
"35053","3","812","75","0","2016","2","N","Socorro County, New Mexico","Local Government","NAICS 812 Personal and laundry services","County, NAICS 3-digit -- by ownership sector","All establishment sizes",1,0,0,0,0,0,0,0,"N",24.42,0,0,0,0,0,0,0,"N",0,0.0,0,0,0,0,0,0,0,0,0,0,0,0,0,0
"35053","3","812","75","0","2016","3","N","Socorro County, New Mexico","Local Government","NAICS 812 Personal and laundry services","County, NAICS 3-digit -- by ownership sector","All establishment sizes",1,0,0,0,0,0,0,0,"N",24.92,0,0,0,0,0,0,0,"N",0,0.0,0,0,0,0,0,0,0,0,0,0,0,0,0,0
"35053","3","812","75","0","2016","4","N","Socorro County, New Mexico","Local Government","NAICS 812 Personal and laundry services","County, NAICS 3-digit -- by ownership sector","All establishment sizes",1,0,0,0,0,0,0,0,"N",25.27,0,0,0,0,0,0,0,"N",0,0.0,0,0,0,0,0,0,0,0,0,0,0,0,0,0
"35053","3","8129","76","0","2016","1","N","Socorro County, New Mexico","Local Government","NAICS 8129 Other personal services","County, NAICS 4-digit -- by ownership sector","All establishment sizes",1,0,0,0,0,0,0,0,"N",84.94,0,0,0,0,0,0,0,"N",0,0.0,0,0,0,0,0,0,0,0,0,0,0,0,0,0
"35053","3","8129","76","0","2016","2","N","Socorro County, New Mexico","Local Government","NAICS 8129 Other personal services","County, NAICS 4-digit -- by ownership sector","All establishment sizes",1,0,0,0,0,0,0,0,"N",86.09,0,0,0,0,0,0,0,"N",0,0.0,0,0,0,0,0,0,0,0,0,0,0,0,0,0
"35053","3","8129","76","0","2016","3","N","Socorro County, New Mexico","Local Government","NAICS 8129 Other personal services","County, NAICS 4-digit -- by ownership sector","All establishment sizes",1,0,0,0,0,0,0,0,"N",88.67,0,0,0,0,0,0,0,"N",0,0.0,0,0,0,0,0,0,0,0,0,0,0,0,0,0
"35053","3","8129","76","0","2016","4","N","Socorro County, New Mexico","Local Government","NAICS 8129 Other personal services","County, NAICS 4-digit -- by ownership sector","All establishment sizes",1,0,0,0,0,0,0,0,"N",89.53,0,0,0,0,0,0,0,"N",0,0.0,0,0,0,0,0,0,0,0,0,0,0,0,0,0
"35053","3","81291","77","0","2016","1","N","Socorro County, New Mexico","Local Government","NAICS 81291 Pet care, except veterinary, services","County, NAICS 5-digit -- by ownership sector","All establishment sizes",1,0,0,0,0,0,0,0,"N",121.78,0,0,0,0,0,0,0,"N",0,0.0,0,0,0,0,0,0,0,0,0,0,0,0,0,0
"35053","3","81291","77","0","2016","2","N","Socorro County, New Mexico","Local Government","NAICS 81291 Pet care, except veterinary, services","County, NAICS 5-digit -- by ownership sector","All establishment sizes",1,0,0,0,0,0,0,0,"N",123.44,0,0,0,0,0,0,0,"N",0,0.0,0,0,0,0,0,0,0,0,0,0,0,0,0,0
"35053","3","81291","77","0","2016","3","N","Socorro County, New Mexico","Local Government","NAICS 81291 Pet care, except veterinary, services","County, NAICS 5-digit -- by ownership sector","All establishment sizes",1,0,0,0,0,0,0,0,"N",127.26,0,0,0,0,0,0,0,"N",0,0.0,0,0,0,0,0,0,0,0,0,0,0,0,0,0
"35053","3","81291","77","0","2016","4","N","Socorro County, New Mexico","Local Government","NAICS 81291 Pet care, except veterinary, services","County, NAICS 5-digit -- by ownership sector","All establishment sizes",1,0,0,0,0,0,0,0,"N",128.31,0,0,0,0,0,0,0,"N",0,0.0,0,0,0,0,0,0,0,0,0,0,0,0,0,0
"35053","3","812910","78","0","2016","1","N","Socorro County, New Mexico","Local Government","NAICS 812910 Pet care, except veterinary, services","County, NAICS 6-digit -- by ownership sector","All establishment sizes",1,0,0,0,0,0,0,0,"N",121.78,0,0,0,0,0,0,0,"N",0,0.0,0,0,0,0,0,0,0,0,0,0,0,0,0,0
"35053","3","812910","78","0","2016","2","N","Socorro County, New Mexico","Local Government","NAICS 812910 Pet care, except veterinary, services","County, NAICS 6-digit -- by ownership sector","All establishment sizes",1,0,0,0,0,0,0,0,"N",123.44,0,0,0,0,0,0,0,"N",0,0.0,0,0,0,0,0,0,0,0,0,0,0,0,0,0
"35053","3","812910","78","0","2016","3","N","Socorro County, New Mexico","Local Government","NAICS 812910 Pet care, except veterinary, services","County, NAICS 6-digit -- by ownership sector","All establishment sizes",1,0,0,0,0,0,0,0,"N",127.26,0,0,0,0,0,0,0,"N",0,0.0,0,0,0,0,0,0,0,0,0,0,0,0,0,0
"35053","3","812910","78","0","2016","4","N","Socorro County, New Mexico","Local Government","NAICS 812910 Pet care, except veterinary, services","County, NAICS 6-digit -- by ownership sector","All establishment sizes",1,0,0,0,0,0,0,0,"N",128.31,0,0,0,0,0,0,0,"N",0,0.0,0,0,0,0,0,0,0,0,0,0,0,0,0,0
"35053","3","92","74","0","2016","1","","Socorro County, New Mexico","Local Government","NAICS 92 Public administration","County, NAICS Sector -- by ownership sector","All establishment sizes",14,132,132,135,1337963,724574,16023,774,"",6.09,0.89,0.89,0.90,1.10,7.32,14.72,1.23,"",0,0.0,7,5.6,12,10.0,9,7.1,186663,16.2,155658,27.4,7251,82.7,58,8.1
"35053","3","92","74","0","2016","2","","Socorro County, New Mexico","Local Government","NAICS 92 Public administration","County, NAICS Sector -- by ownership sector","All establishment sizes",13,133,137,166,1294228,618447,13623,685,"",5.73,0.88,0.91,1.06,0.92,5.44,12.61,0.97,"",-1,-7.1,8,6.4,11,8.7,9,5.7,23320,1.8,-19900,-3.1,3406,33.3,-34,-4.7
"35053","3","92","74","0","2016","3","","Socorro County, New Mexico","Local Government","NAICS 92 Public administration","County, NAICS Sector -- by ownership sector","All establishment sizes",13,167,144,136,1437514,538617,11515,742,"",5.82,1.09,0.94,0.90,1.01,5.67,14.50,1.04,"",-1,-7.1,8,5.0,10,7.5,9,7.1,174213,13.8,102255,23.4,4605,66.6,48,6.9
"35053","3","92","74","0","2016","4","","Socorro County, New Mexico","Local Government","NAICS 92 Public administration","County, NAICS Sector -- by ownership sector","All establishment sizes",13,133,136,137,1319585,286365,2477,750,"",5.90,0.90,0.91,0.93,0.99,3.90,6.87,1.08,"",-1,-7.1,4,3.1,4,3.0,6,4.6,-67474,-4.9,-42408,-12.9,-2775,-52.8,-67,-8.2
"35053","3","921","75","0","2016","1","N","Socorro County, New Mexico","Local Government","NAICS 921 Executive, legislative and general government","County, NAICS 3-digit -- by ownership sector","All establishment sizes",6,0,0,0,0,0,0,0,"N",4.39,0,0,0,0,0,0,0,"N",0,0.0,0,0,0,0,0,0,0,0,0,0,0,0,0,0
"35053","3","921","75","0","2016","2","N","Socorro County, New Mexico","Local Government","NAICS 921 Executive, legislative and general government","County, NAICS 3-digit -- by ownership sector","All establishment sizes",5,0,0,0,0,0,0,0,"N",3.71,0,0,0,0,0,0,0,"N",-1,-16.7,0,0,0,0,0,0,0,0,0,0,0,0,0,0
"35053","3","921","75","0","2016","3","N","Socorro County, New Mexico","Local Government","NAICS 921 Executive, legislative and general government","County, NAICS 3-digit -- by ownership sector","All establishment sizes",5,0,0,0,0,0,0,0,"N",3.77,0,0,0,0,0,0,0,"N",-1,-16.7,0,0,0,0,0,0,0,0,0,0,0,0,0,0
"35053","3","921","75","0","2016","4","N","Socorro County, New Mexico","Local Government","NAICS 921 Executive, legislative and general government","County, NAICS 3-digit -- by ownership sector","All establishment sizes",5,0,0,0,0,0,0,0,"N",3.82,0,0,0,0,0,0,0,"N",-1,-16.7,0,0,0,0,0,0,0,0,0,0,0,0,0,0
"35053","3","9211","76","0","2016","1","N","Socorro County, New Mexico","Local Government","NAICS 9211 Executive, legislative and general government","County, NAICS 4-digit -- by ownership sector","All establishment sizes",6,0,0,0,0,0,0,0,"N",4.39,0,0,0,0,0,0,0,"N",0,0.0,0,0,0,0,0,0,0,0,0,0,0,0,0,0
"35053","3","9211","76","0","2016","2","N","Socorro County, New Mexico","Local Government","NAICS 9211 Executive, legislative and general government","County, NAICS 4-digit -- by ownership sector","All establishment sizes",5,0,0,0,0,0,0,0,"N",3.71,0,0,0,0,0,0,0,"N",-1,-16.7,0,0,0,0,0,0,0,0,0,0,0,0,0,0
"35053","3","9211","76","0","2016","3","N","Socorro County, New Mexico","Local Government","NAICS 9211 Executive, legislative and general government","County, NAICS 4-digit -- by ownership sector","All establishment sizes",5,0,0,0,0,0,0,0,"N",3.77,0,0,0,0,0,0,0,"N",-1,-16.7,0,0,0,0,0,0,0,0,0,0,0,0,0,0
"35053","3","9211","76","0","2016","4","N","Socorro County, New Mexico","Local Government","NAICS 9211 Executive, legislative and general government","County, NAICS 4-digit -- by ownership sector","All establishment sizes",5,0,0,0,0,0,0,0,"N",3.82,0,0,0,0,0,0,0,"N",-1,-16.7,0,0,0,0,0,0,0,0,0,0,0,0,0,0
"35053","3","92111","77","0","2016","1","N","Socorro County, New Mexico","Local Government","NAICS 92111 Executive offices","County, NAICS 5-digit -- by ownership sector","All establishment sizes",2,0,0,0,0,0,0,0,"N",11.79,0,0,0,0,0,0,0,"N",0,0.0,0,0,0,0,0,0,0,0,0,0,0,0,0,0
"35053","3","92111","77","0","2016","2","N","Socorro County, New Mexico","Local Government","NAICS 92111 Executive offices","County, NAICS 5-digit -- by ownership sector","All establishment sizes",2,0,0,0,0,0,0,0,"N",11.95,0,0,0,0,0,0,0,"N",0,0.0,0,0,0,0,0,0,0,0,0,0,0,0,0,0
"35053","3","92111","77","0","2016","3","N","Socorro County, New Mexico","Local Government","NAICS 92111 Executive offices","County, NAICS 5-digit -- by ownership sector","All establishment sizes",2,0,0,0,0,0,0,0,"N",12.14,0,0,0,0,0,0,0,"N",0,0.0,0,0,0,0,0,0,0,0,0,0,0,0,0,0
"35053","3","92111","77","0","2016","4","N","Socorro County, New Mexico","Local Government","NAICS 92111 Executive offices","County, NAICS 5-digit -- by ownership sector","All establishment sizes",2,0,0,0,0,0,0,0,"N",12.30,0,0,0,0,0,0,0,"N",0,0.0,0,0,0,0,0,0,0,0,0,0,0,0,0,0
"35053","3","921110","78","0","2016","1","N","Socorro County, New Mexico","Local Government","NAICS 921110 Executive offices","County, NAICS 6-digit -- by ownership sector","All establishment sizes",2,0,0,0,0,0,0,0,"N",11.79,0,0,0,0,0,0,0,"N",0,0.0,0,0,0,0,0,0,0,0,0,0,0,0,0,0
"35053","3","921110","78","0","2016","2","N","Socorro County, New Mexico","Local Government","NAICS 921110 Executive offices","County, NAICS 6-digit -- by ownership sector","All establishment sizes",2,0,0,0,0,0,0,0,"N",11.95,0,0,0,0,0,0,0,"N",0,0.0,0,0,0,0,0,0,0,0,0,0,0,0,0,0
"35053","3","921110","78","0","2016","3","N","Socorro County, New Mexico","Local Government","NAICS 921110 Executive offices","County, NAICS 6-digit -- by ownership sector","All establishment sizes",2,0,0,0,0,0,0,0,"N",12.14,0,0,0,0,0,0,0,"N",0,0.0,0,0,0,0,0,0,0,0,0,0,0,0,0,0
"35053","3","921110","78","0","2016","4","N","Socorro County, New Mexico","Local Government","NAICS 921110 Executive offices","County, NAICS 6-digit -- by ownership sector","All establishment sizes",2,0,0,0,0,0,0,0,"N",12.30,0,0,0,0,0,0,0,"N",0,0.0,0,0,0,0,0,0,0,0,0,0,0,0,0,0
"35053","3","92113","77","0","2016","1","N","Socorro County, New Mexico","Local Government","NAICS 92113 Public finance activities","County, NAICS 5-digit -- by ownership sector","All establishment sizes",2,0,0,0,0,0,0,0,"N",21.23,0,0,0,0,0,0,0,"N",0,0.0,0,0,0,0,0,0,0,0,0,0,0,0,0,0
"35053","3","92113","77","0","2016","2","N","Socorro County, New Mexico","Local Government","NAICS 92113 Public finance activities","County, NAICS 5-digit -- by ownership sector","All establishment sizes",2,0,0,0,0,0,0,0,"N",21.51,0,0,0,0,0,0,0,"N",0,0.0,0,0,0,0,0,0,0,0,0,0,0,0,0,0
"35053","3","92113","77","0","2016","3","N","Socorro County, New Mexico","Local Government","NAICS 92113 Public finance activities","County, NAICS 5-digit -- by ownership sector","All establishment sizes",2,0,0,0,0,0,0,0,"N",21.89,0,0,0,0,0,0,0,"N",0,0.0,0,0,0,0,0,0,0,0,0,0,0,0,0,0
"35053","3","92113","77","0","2016","4","N","Socorro County, New Mexico","Local Government","NAICS 92113 Public finance activities","County, NAICS 5-digit -- by ownership sector","All establishment sizes",2,0,0,0,0,0,0,0,"N",22.20,0,0,0,0,0,0,0,"N",0,0.0,0,0,0,0,0,0,0,0,0,0,0,0,0,0
"35053","3","921130","78","0","2016","1","N","Socorro County, New Mexico","Local Government","NAICS 921130 Public finance activities","County, NAICS 6-digit -- by ownership sector","All establishment sizes",2,0,0,0,0,0,0,0,"N",21.23,0,0,0,0,0,0,0,"N",0,0.0,0,0,0,0,0,0,0,0,0,0,0,0,0,0
"35053","3","921130","78","0","2016","2","N","Socorro County, New Mexico","Local Government","NAICS 921130 Public finance activities","County, NAICS 6-digit -- by ownership sector","All establishment sizes",2,0,0,0,0,0,0,0,"N",21.51,0,0,0,0,0,0,0,"N",0,0.0,0,0,0,0,0,0,0,0,0,0,0,0,0,0
"35053","3","921130","78","0","2016","3","N","Socorro County, New Mexico","Local Government","NAICS 921130 Public finance activities","County, NAICS 6-digit -- by ownership sector","All establishment sizes",2,0,0,0,0,0,0,0,"N",21.89,0,0,0,0,0,0,0,"N",0,0.0,0,0,0,0,0,0,0,0,0,0,0,0,0,0
"35053","3","921130","78","0","2016","4","N","Socorro County, New Mexico","Local Government","NAICS 921130 Public finance activities","County, NAICS 6-digit -- by ownership sector","All establishment sizes",2,0,0,0,0,0,0,0,"N",22.20,0,0,0,0,0,0,0,"N",0,0.0,0,0,0,0,0,0,0,0,0,0,0,0,0,0
"35053","3","92115","77","0","2016","1","N","Socorro County, New Mexico","Local Government","NAICS 92115 Tribal governments","County, NAICS 5-digit -- by ownership sector","All establishment sizes",1,0,0,0,0,0,0,0,"N",29.87,0,0,0,0,0,0,0,"N",0,0.0,0,0,0,0,0,0,0,0,0,0,0,0,0,0
"35053","3","92115","77","0","2016","2","-","Socorro County, New Mexico","Local Government","NAICS 92115 Tribal governments","County, NAICS 5-digit -- by ownership sector","All establishment sizes",0,0,0,0,0,0,0,0,"N",0.00,0,0,0,0,0,0,0,"N",-1,-100.0,0,0,0,0,0,0,0,0,0,0,0,0,0,0
"35053","3","92115","77","0","2016","3","-","Socorro County, New Mexico","Local Government","NAICS 92115 Tribal governments","County, NAICS 5-digit -- by ownership sector","All establishment sizes",0,0,0,0,0,0,0,0,"N",0.00,0,0,0,0,0,0,0,"N",-1,-100.0,0,0,0,0,0,0,0,0,0,0,0,0,0,0
"35053","3","92115","77","0","2016","4","-","Socorro County, New Mexico","Local Government","NAICS 92115 Tribal governments","County, NAICS 5-digit -- by ownership sector","All establishment sizes",0,0,0,0,0,0,0,0,"N",0.00,0,0,0,0,0,0,0,"N",-1,-100.0,0,0,0,0,0,0,0,0,0,0,0,0,0,0
"35053","3","921150","78","0","2016","1","N","Socorro County, New Mexico","Local Government","NAICS 921150 Tribal governments","County, NAICS 6-digit -- by ownership sector","All establishment sizes",1,0,0,0,0,0,0,0,"N",29.87,0,0,0,0,0,0,0,"N",0,0.0,0,0,0,0,0,0,0,0,0,0,0,0,0,0
"35053","3","921150","78","0","2016","2","-","Socorro County, New Mexico","Local Government","NAICS 921150 Tribal governments","County, NAICS 6-digit -- by ownership sector","All establishment sizes",0,0,0,0,0,0,0,0,"N",0.00,0,0,0,0,0,0,0,"N",-1,-100.0,0,0,0,0,0,0,0,0,0,0,0,0,0,0
"35053","3","921150","78","0","2016","3","-","Socorro County, New Mexico","Local Government","NAICS 921150 Tribal governments","County, NAICS 6-digit -- by ownership sector","All establishment sizes",0,0,0,0,0,0,0,0,"N",0.00,0,0,0,0,0,0,0,"N",-1,-100.0,0,0,0,0,0,0,0,0,0,0,0,0,0,0
"35053","3","921150","78","0","2016","4","-","Socorro County, New Mexico","Local Government","NAICS 921150 Tribal governments","County, NAICS 6-digit -- by ownership sector","All establishment sizes",0,0,0,0,0,0,0,0,"N",0.00,0,0,0,0,0,0,0,"N",-1,-100.0,0,0,0,0,0,0,0,0,0,0,0,0,0,0
"35053","3","92119","77","0","2016","1","N","Socorro County, New Mexico","Local Government","NAICS 92119 Other general government support","County, NAICS 5-digit -- by ownership sector","All establishment sizes",1,0,0,0,0,0,0,0,"N",6.25,0,0,0,0,0,0,0,"N",0,0.0,0,0,0,0,0,0,0,0,0,0,0,0,0,0
"35053","3","92119","77","0","2016","2","N","Socorro County, New Mexico","Local Government","NAICS 92119 Other general government support","County, NAICS 5-digit -- by ownership sector","All establishment sizes",1,0,0,0,0,0,0,0,"N",6.34,0,0,0,0,0,0,0,"N",0,0.0,0,0,0,0,0,0,0,0,0,0,0,0,0,0
"35053","3","92119","77","0","2016","3","N","Socorro County, New Mexico","Local Government","NAICS 92119 Other general government support","County, NAICS 5-digit -- by ownership sector","All establishment sizes",1,0,0,0,0,0,0,0,"N",6.45,0,0,0,0,0,0,0,"N",0,0.0,0,0,0,0,0,0,0,0,0,0,0,0,0,0
"35053","3","92119","77","0","2016","4","N","Socorro County, New Mexico","Local Government","NAICS 92119 Other general government support","County, NAICS 5-digit -- by ownership sector","All establishment sizes",1,0,0,0,0,0,0,0,"N",6.52,0,0,0,0,0,0,0,"N",0,0.0,0,0,0,0,0,0,0,0,0,0,0,0,0,0
"35053","3","921190","78","0","2016","1","N","Socorro County, New Mexico","Local Government","NAICS 921190 Other general government support","County, NAICS 6-digit -- by ownership sector","All establishment sizes",1,0,0,0,0,0,0,0,"N",6.25,0,0,0,0,0,0,0,"N",0,0.0,0,0,0,0,0,0,0,0,0,0,0,0,0,0
"35053","3","921190","78","0","2016","2","N","Socorro County, New Mexico","Local Government","NAICS 921190 Other general government support","County, NAICS 6-digit -- by ownership sector","All establishment sizes",1,0,0,0,0,0,0,0,"N",6.34,0,0,0,0,0,0,0,"N",0,0.0,0,0,0,0,0,0,0,0,0,0,0,0,0,0
"35053","3","921190","78","0","2016","3","N","Socorro County, New Mexico","Local Government","NAICS 921190 Other general government support","County, NAICS 6-digit -- by ownership sector","All establishment sizes",1,0,0,0,0,0,0,0,"N",6.45,0,0,0,0,0,0,0,"N",0,0.0,0,0,0,0,0,0,0,0,0,0,0,0,0,0
"35053","3","921190","78","0","2016","4","N","Socorro County, New Mexico","Local Government","NAICS 921190 Other general government support","County, NAICS 6-digit -- by ownership sector","All establishment sizes",1,0,0,0,0,0,0,0,"N",6.52,0,0,0,0,0,0,0,"N",0,0.0,0,0,0,0,0,0,0,0,0,0,0,0,0,0
"35053","3","922","75","0","2016","1","","Socorro County, New Mexico","Local Government","NAICS 922 Justice, public order, and safety activities","County, NAICS 3-digit -- by ownership sector","All establishment sizes",7,75,75,76,854967,380499,9131,873,"",14.54,2.17,2.17,2.19,2.39,29.26,89.41,1.10,"",0,0.0,2,2.7,4,5.6,3,4.1,117793,16.0,93924,32.8,4202,85.3,89,11.4
"35053","3","922","75","0","2016","2","","Socorro County, New Mexico","Local Government","NAICS 922 Justice, public order, and safety activities","County, NAICS 3-digit -- by ownership sector","All establishment sizes",7,76,78,99,831585,323261,7758,759,"",14.70,2.17,2.25,2.81,2.03,27.88,73.59,0.84,"",0,0.0,3,4.1,5,6.8,4,4.2,12718,1.6,-13842,-4.1,1960,33.8,-25,-3.2
"35053","3","922","75","0","2016","3","","Socorro County, New Mexico","Local Government","NAICS 922 Justice, public order, and safety activities","County, NAICS 3-digit -- by ownership sector","All establishment sizes",7,99,82,77,916748,271779,6522,820,"",14.95,2.92,2.41,2.23,2.21,33.66,91.19,0.88,"",0,0.0,3,3.1,4,5.1,4,5.5,97134,11.9,44323,19.5,2611,66.8,54,7.0
"35053","3","922","75","0","2016","4","","Socorro County, New Mexico","Local Government","NAICS 922 Justice, public order, and safety activities","County, NAICS 3-digit -- by ownership sector","All establishment sizes",7,76,77,77,840432,140446,1349,843,"",15.14,2.21,2.25,2.25,2.15,22.91,40.73,0.96,"",0,0.0,3,4.1,3,4.1,3,4.1,-38742,-4.4,-32737,-18.9,-1630,-54.7,-75,-8.2
"35053","3","9221","76","0","2016","1","","Socorro County, New Mexico","Local Government","NAICS 9221 Justice, public order, and safety activities","County, NAICS 4-digit -- by ownership sector","All establishment sizes",7,75,75,76,854967,380499,9131,873,"",14.54,2.17,2.17,2.19,2.39,29.26,89.41,1.10,"",0,0.0,2,2.7,4,5.6,3,4.1,117793,16.0,93924,32.8,4202,85.3,89,11.4
"35053","3","9221","76","0","2016","2","","Socorro County, New Mexico","Local Government","NAICS 9221 Justice, public order, and safety activities","County, NAICS 4-digit -- by ownership sector","All establishment sizes",7,76,78,99,831585,323261,7758,759,"",14.70,2.17,2.25,2.81,2.03,27.88,73.59,0.84,"",0,0.0,3,4.1,5,6.8,4,4.2,12718,1.6,-13842,-4.1,1960,33.8,-25,-3.2
"35053","3","9221","76","0","2016","3","","Socorro County, New Mexico","Local Government","NAICS 9221 Justice, public order, and safety activities","County, NAICS 4-digit -- by ownership sector","All establishment sizes",7,99,82,77,916748,271779,6522,820,"",14.95,2.92,2.41,2.23,2.21,33.66,91.19,0.88,"",0,0.0,3,3.1,4,5.1,4,5.5,97134,11.9,44323,19.5,2611,66.8,54,7.0
"35053","3","9221","76","0","2016","4","","Socorro County, New Mexico","Local Government","NAICS 9221 Justice, public order, and safety activities","County, NAICS 4-digit -- by ownership sector","All establishment sizes",7,76,77,77,840432,140446,1349,843,"",15.14,2.21,2.25,2.25,2.15,22.91,40.73,0.96,"",0,0.0,3,4.1,3,4.1,3,4.1,-38742,-4.4,-32737,-18.9,-1630,-54.7,-75,-8.2
"35053","3","92211","77","0","2016","1","N","Socorro County, New Mexico","Local Government","NAICS 92211 Courts","County, NAICS 5-digit -- by ownership sector","All establishment sizes",2,0,0,0,0,0,0,0,"N",28.66,0,0,0,0,0,0,0,"N",0,0.0,0,0,0,0,0,0,0,0,0,0,0,0,0,0
"35053","3","92211","77","0","2016","2","N","Socorro County, New Mexico","Local Government","NAICS 92211 Courts","County, NAICS 5-digit -- by ownership sector","All establishment sizes",2,0,0,0,0,0,0,0,"N",29.04,0,0,0,0,0,0,0,"N",0,0.0,0,0,0,0,0,0,0,0,0,0,0,0,0,0
"35053","3","92211","77","0","2016","3","N","Socorro County, New Mexico","Local Government","NAICS 92211 Courts","County, NAICS 5-digit -- by ownership sector","All establishment sizes",2,0,0,0,0,0,0,0,"N",29.56,0,0,0,0,0,0,0,"N",0,0.0,0,0,0,0,0,0,0,0,0,0,0,0,0,0
"35053","3","92211","77","0","2016","4","N","Socorro County, New Mexico","Local Government","NAICS 92211 Courts","County, NAICS 5-digit -- by ownership sector","All establishment sizes",2,0,0,0,0,0,0,0,"N",29.99,0,0,0,0,0,0,0,"N",0,0.0,0,0,0,0,0,0,0,0,0,0,0,0,0,0
"35053","3","922110","78","0","2016","1","N","Socorro County, New Mexico","Local Government","NAICS 922110 Courts","County, NAICS 6-digit -- by ownership sector","All establishment sizes",2,0,0,0,0,0,0,0,"N",28.66,0,0,0,0,0,0,0,"N",0,0.0,0,0,0,0,0,0,0,0,0,0,0,0,0,0
"35053","3","922110","78","0","2016","2","N","Socorro County, New Mexico","Local Government","NAICS 922110 Courts","County, NAICS 6-digit -- by ownership sector","All establishment sizes",2,0,0,0,0,0,0,0,"N",29.04,0,0,0,0,0,0,0,"N",0,0.0,0,0,0,0,0,0,0,0,0,0,0,0,0,0
"35053","3","922110","78","0","2016","3","N","Socorro County, New Mexico","Local Government","NAICS 922110 Courts","County, NAICS 6-digit -- by ownership sector","All establishment sizes",2,0,0,0,0,0,0,0,"N",29.56,0,0,0,0,0,0,0,"N",0,0.0,0,0,0,0,0,0,0,0,0,0,0,0,0,0
"35053","3","922110","78","0","2016","4","N","Socorro County, New Mexico","Local Government","NAICS 922110 Courts","County, NAICS 6-digit -- by ownership sector","All establishment sizes",2,0,0,0,0,0,0,0,"N",29.99,0,0,0,0,0,0,0,"N",0,0.0,0,0,0,0,0,0,0,0,0,0,0,0,0,0
"35053","3","92212","77","0","2016","1","N","Socorro County, New Mexico","Local Government","NAICS 92212 Police protection","County, NAICS 5-digit -- by ownership sector","All establishment sizes",2,0,0,0,0,0,0,0,"N",16.20,0,0,0,0,0,0,0,"N",0,0.0,0,0,0,0,0,0,0,0,0,0,0,0,0,0
"35053","3","92212","77","0","2016","2","N","Socorro County, New Mexico","Local Government","NAICS 92212 Police protection","County, NAICS 5-digit -- by ownership sector","All establishment sizes",2,0,0,0,0,0,0,0,"N",16.38,0,0,0,0,0,0,0,"N",0,0.0,0,0,0,0,0,0,0,0,0,0,0,0,0,0
"35053","3","92212","77","0","2016","3","N","Socorro County, New Mexico","Local Government","NAICS 92212 Police protection","County, NAICS 5-digit -- by ownership sector","All establishment sizes",2,0,0,0,0,0,0,0,"N",16.64,0,0,0,0,0,0,0,"N",0,0.0,0,0,0,0,0,0,0,0,0,0,0,0,0,0
"35053","3","92212","77","0","2016","4","N","Socorro County, New Mexico","Local Government","NAICS 92212 Police protection","County, NAICS 5-digit -- by ownership sector","All establishment sizes",2,0,0,0,0,0,0,0,"N",16.85,0,0,0,0,0,0,0,"N",0,0.0,0,0,0,0,0,0,0,0,0,0,0,0,0,0
"35053","3","922120","78","0","2016","1","N","Socorro County, New Mexico","Local Government","NAICS 922120 Police protection","County, NAICS 6-digit -- by ownership sector","All establishment sizes",2,0,0,0,0,0,0,0,"N",16.20,0,0,0,0,0,0,0,"N",0,0.0,0,0,0,0,0,0,0,0,0,0,0,0,0,0
"35053","3","922120","78","0","2016","2","N","Socorro County, New Mexico","Local Government","NAICS 922120 Police protection","County, NAICS 6-digit -- by ownership sector","All establishment sizes",2,0,0,0,0,0,0,0,"N",16.38,0,0,0,0,0,0,0,"N",0,0.0,0,0,0,0,0,0,0,0,0,0,0,0,0,0
"35053","3","922120","78","0","2016","3","N","Socorro County, New Mexico","Local Government","NAICS 922120 Police protection","County, NAICS 6-digit -- by ownership sector","All establishment sizes",2,0,0,0,0,0,0,0,"N",16.64,0,0,0,0,0,0,0,"N",0,0.0,0,0,0,0,0,0,0,0,0,0,0,0,0,0
"35053","3","922120","78","0","2016","4","N","Socorro County, New Mexico","Local Government","NAICS 922120 Police protection","County, NAICS 6-digit -- by ownership sector","All establishment sizes",2,0,0,0,0,0,0,0,"N",16.85,0,0,0,0,0,0,0,"N",0,0.0,0,0,0,0,0,0,0,0,0,0,0,0,0,0
"35053","3","92214","77","0","2016","1","N","Socorro County, New Mexico","Local Government","NAICS 92214 Correctional institutions","County, NAICS 5-digit -- by ownership sector","All establishment sizes",1,0,0,0,0,0,0,0,"N",47.88,0,0,0,0,0,0,0,"N",0,0.0,0,0,0,0,0,0,0,0,0,0,0,0,0,0
"35053","3","92214","77","0","2016","2","N","Socorro County, New Mexico","Local Government","NAICS 92214 Correctional institutions","County, NAICS 5-digit -- by ownership sector","All establishment sizes",1,0,0,0,0,0,0,0,"N",48.45,0,0,0,0,0,0,0,"N",0,0.0,0,0,0,0,0,0,0,0,0,0,0,0,0,0
"35053","3","92214","77","0","2016","3","N","Socorro County, New Mexico","Local Government","NAICS 92214 Correctional institutions","County, NAICS 5-digit -- by ownership sector","All establishment sizes",1,0,0,0,0,0,0,0,"N",49.18,0,0,0,0,0,0,0,"N",0,0.0,0,0,0,0,0,0,0,0,0,0,0,0,0,0
"35053","3","92214","77","0","2016","4","N","Socorro County, New Mexico","Local Government","NAICS 92214 Correctional institutions","County, NAICS 5-digit -- by ownership sector","All establishment sizes",1,0,0,0,0,0,0,0,"N",49.90,0,0,0,0,0,0,0,"N",0,0.0,0,0,0,0,0,0,0,0,0,0,0,0,0,0
"35053","3","922140","78","0","2016","1","N","Socorro County, New Mexico","Local Government","NAICS 922140 Correctional institutions","County, NAICS 6-digit -- by ownership sector","All establishment sizes",1,0,0,0,0,0,0,0,"N",47.88,0,0,0,0,0,0,0,"N",0,0.0,0,0,0,0,0,0,0,0,0,0,0,0,0,0
"35053","3","922140","78","0","2016","2","N","Socorro County, New Mexico","Local Government","NAICS 922140 Correctional institutions","County, NAICS 6-digit -- by ownership sector","All establishment sizes",1,0,0,0,0,0,0,0,"N",48.45,0,0,0,0,0,0,0,"N",0,0.0,0,0,0,0,0,0,0,0,0,0,0,0,0,0
"35053","3","922140","78","0","2016","3","N","Socorro County, New Mexico","Local Government","NAICS 922140 Correctional institutions","County, NAICS 6-digit -- by ownership sector","All establishment sizes",1,0,0,0,0,0,0,0,"N",49.18,0,0,0,0,0,0,0,"N",0,0.0,0,0,0,0,0,0,0,0,0,0,0,0,0,0
"35053","3","922140","78","0","2016","4","N","Socorro County, New Mexico","Local Government","NAICS 922140 Correctional institutions","County, NAICS 6-digit -- by ownership sector","All establishment sizes",1,0,0,0,0,0,0,0,"N",49.90,0,0,0,0,0,0,0,"N",0,0.0,0,0,0,0,0,0,0,0,0,0,0,0,0,0
"35053","3","92216","77","0","2016","1","N","Socorro County, New Mexico","Local Government","NAICS 92216 Fire protection","County, NAICS 5-digit -- by ownership sector","All establishment sizes",1,0,0,0,0,0,0,0,"N",5.13,0,0,0,0,0,0,0,"N",0,0.0,0,0,0,0,0,0,0,0,0,0,0,0,0,0
"35053","3","92216","77","0","2016","2","N","Socorro County, New Mexico","Local Government","NAICS 92216 Fire protection","County, NAICS 5-digit -- by ownership sector","All establishment sizes",1,0,0,0,0,0,0,0,"N",5.19,0,0,0,0,0,0,0,"N",0,0.0,0,0,0,0,0,0,0,0,0,0,0,0,0,0
"35053","3","92216","77","0","2016","3","N","Socorro County, New Mexico","Local Government","NAICS 92216 Fire protection","County, NAICS 5-digit -- by ownership sector","All establishment sizes",1,0,0,0,0,0,0,0,"N",5.27,0,0,0,0,0,0,0,"N",0,0.0,0,0,0,0,0,0,0,0,0,0,0,0,0,0
"35053","3","92216","77","0","2016","4","N","Socorro County, New Mexico","Local Government","NAICS 92216 Fire protection","County, NAICS 5-digit -- by ownership sector","All establishment sizes",1,0,0,0,0,0,0,0,"N",5.34,0,0,0,0,0,0,0,"N",0,0.0,0,0,0,0,0,0,0,0,0,0,0,0,0,0
"35053","3","922160","78","0","2016","1","N","Socorro County, New Mexico","Local Government","NAICS 922160 Fire protection","County, NAICS 6-digit -- by ownership sector","All establishment sizes",1,0,0,0,0,0,0,0,"N",5.13,0,0,0,0,0,0,0,"N",0,0.0,0,0,0,0,0,0,0,0,0,0,0,0,0,0
"35053","3","922160","78","0","2016","2","N","Socorro County, New Mexico","Local Government","NAICS 922160 Fire protection","County, NAICS 6-digit -- by ownership sector","All establishment sizes",1,0,0,0,0,0,0,0,"N",5.19,0,0,0,0,0,0,0,"N",0,0.0,0,0,0,0,0,0,0,0,0,0,0,0,0,0
"35053","3","922160","78","0","2016","3","N","Socorro County, New Mexico","Local Government","NAICS 922160 Fire protection","County, NAICS 6-digit -- by ownership sector","All establishment sizes",1,0,0,0,0,0,0,0,"N",5.27,0,0,0,0,0,0,0,"N",0,0.0,0,0,0,0,0,0,0,0,0,0,0,0,0,0
"35053","3","922160","78","0","2016","4","N","Socorro County, New Mexico","Local Government","NAICS 922160 Fire protection","County, NAICS 6-digit -- by ownership sector","All establishment sizes",1,0,0,0,0,0,0,0,"N",5.34,0,0,0,0,0,0,0,"N",0,0.0,0,0,0,0,0,0,0,0,0,0,0,0,0,0
"35053","3","92219","77","0","2016","1","N","Socorro County, New Mexico","Local Government","NAICS 92219 Other justice and safety activities","County, NAICS 5-digit -- by ownership sector","All establishment sizes",1,0,0,0,0,0,0,0,"N",37.51,0,0,0,0,0,0,0,"N",0,0.0,0,0,0,0,0,0,0,0,0,0,0,0,0,0
"35053","3","92219","77","0","2016","2","N","Socorro County, New Mexico","Local Government","NAICS 92219 Other justice and safety activities","County, NAICS 5-digit -- by ownership sector","All establishment sizes",1,0,0,0,0,0,0,0,"N",37.86,0,0,0,0,0,0,0,"N",0,0.0,0,0,0,0,0,0,0,0,0,0,0,0,0,0
"35053","3","92219","77","0","2016","3","N","Socorro County, New Mexico","Local Government","NAICS 92219 Other justice and safety activities","County, NAICS 5-digit -- by ownership sector","All establishment sizes",1,0,0,0,0,0,0,0,"N",38.50,0,0,0,0,0,0,0,"N",0,0.0,0,0,0,0,0,0,0,0,0,0,0,0,0,0
"35053","3","92219","77","0","2016","4","N","Socorro County, New Mexico","Local Government","NAICS 92219 Other justice and safety activities","County, NAICS 5-digit -- by ownership sector","All establishment sizes",1,0,0,0,0,0,0,0,"N",39.00,0,0,0,0,0,0,0,"N",0,0.0,0,0,0,0,0,0,0,0,0,0,0,0,0,0
"35053","3","922190","78","0","2016","1","N","Socorro County, New Mexico","Local Government","NAICS 922190 Other justice and safety activities","County, NAICS 6-digit -- by ownership sector","All establishment sizes",1,0,0,0,0,0,0,0,"N",37.51,0,0,0,0,0,0,0,"N",0,0.0,0,0,0,0,0,0,0,0,0,0,0,0,0,0
"35053","3","922190","78","0","2016","2","N","Socorro County, New Mexico","Local Government","NAICS 922190 Other justice and safety activities","County, NAICS 6-digit -- by ownership sector","All establishment sizes",1,0,0,0,0,0,0,0,"N",37.86,0,0,0,0,0,0,0,"N",0,0.0,0,0,0,0,0,0,0,0,0,0,0,0,0,0
"35053","3","922190","78","0","2016","3","N","Socorro County, New Mexico","Local Government","NAICS 922190 Other justice and safety activities","County, NAICS 6-digit -- by ownership sector","All establishment sizes",1,0,0,0,0,0,0,0,"N",38.50,0,0,0,0,0,0,0,"N",0,0.0,0,0,0,0,0,0,0,0,0,0,0,0,0,0
"35053","3","922190","78","0","2016","4","N","Socorro County, New Mexico","Local Government","NAICS 922190 Other justice and safety activities","County, NAICS 6-digit -- by ownership sector","All establishment sizes",1,0,0,0,0,0,0,0,"N",39.00,0,0,0,0,0,0,0,"N",0,0.0,0,0,0,0,0,0,0,0,0,0,0,0,0,0
"35053","3","924","75","0","2016","1","N","Socorro County, New Mexico","Local Government","NAICS 924 Administration of environmental programs","County, NAICS 3-digit -- by ownership sector","All establishment sizes",1,0,0,0,0,0,0,0,"N",6.90,0,0,0,0,0,0,0,"N",0,0.0,0,0,0,0,0,0,0,0,0,0,0,0,0,0
"35053","3","924","75","0","2016","2","N","Socorro County, New Mexico","Local Government","NAICS 924 Administration of environmental programs","County, NAICS 3-digit -- by ownership sector","All establishment sizes",1,0,0,0,0,0,0,0,"N",6.97,0,0,0,0,0,0,0,"N",0,0.0,0,0,0,0,0,0,0,0,0,0,0,0,0,0
"35053","3","924","75","0","2016","3","N","Socorro County, New Mexico","Local Government","NAICS 924 Administration of environmental programs","County, NAICS 3-digit -- by ownership sector","All establishment sizes",1,0,0,0,0,0,0,0,"N",7.10,0,0,0,0,0,0,0,"N",0,0.0,0,0,0,0,0,0,0,0,0,0,0,0,0,0
"35053","3","924","75","0","2016","4","N","Socorro County, New Mexico","Local Government","NAICS 924 Administration of environmental programs","County, NAICS 3-digit -- by ownership sector","All establishment sizes",1,0,0,0,0,0,0,0,"N",7.19,0,0,0,0,0,0,0,"N",0,0.0,0,0,0,0,0,0,0,0,0,0,0,0,0,0
"35053","3","9241","76","0","2016","1","N","Socorro County, New Mexico","Local Government","NAICS 9241 Administration of environmental programs","County, NAICS 4-digit -- by ownership sector","All establishment sizes",1,0,0,0,0,0,0,0,"N",6.90,0,0,0,0,0,0,0,"N",0,0.0,0,0,0,0,0,0,0,0,0,0,0,0,0,0
"35053","3","9241","76","0","2016","2","N","Socorro County, New Mexico","Local Government","NAICS 9241 Administration of environmental programs","County, NAICS 4-digit -- by ownership sector","All establishment sizes",1,0,0,0,0,0,0,0,"N",6.97,0,0,0,0,0,0,0,"N",0,0.0,0,0,0,0,0,0,0,0,0,0,0,0,0,0
"35053","3","9241","76","0","2016","3","N","Socorro County, New Mexico","Local Government","NAICS 9241 Administration of environmental programs","County, NAICS 4-digit -- by ownership sector","All establishment sizes",1,0,0,0,0,0,0,0,"N",7.10,0,0,0,0,0,0,0,"N",0,0.0,0,0,0,0,0,0,0,0,0,0,0,0,0,0
"35053","3","9241","76","0","2016","4","N","Socorro County, New Mexico","Local Government","NAICS 9241 Administration of environmental programs","County, NAICS 4-digit -- by ownership sector","All establishment sizes",1,0,0,0,0,0,0,0,"N",7.19,0,0,0,0,0,0,0,"N",0,0.0,0,0,0,0,0,0,0,0,0,0,0,0,0,0
"35053","3","92411","77","0","2016","1","N","Socorro County, New Mexico","Local Government","NAICS 92411 Air, water, and waste program administration","County, NAICS 5-digit -- by ownership sector","All establishment sizes",1,0,0,0,0,0,0,0,"N",18.55,0,0,0,0,0,0,0,"N",0,0.0,0,0,0,0,0,0,0,0,0,0,0,0,0,0
"35053","3","92411","77","0","2016","2","N","Socorro County, New Mexico","Local Government","NAICS 92411 Air, water, and waste program administration","County, NAICS 5-digit -- by ownership sector","All establishment sizes",1,0,0,0,0,0,0,0,"N",18.68,0,0,0,0,0,0,0,"N",0,0.0,0,0,0,0,0,0,0,0,0,0,0,0,0,0
"35053","3","92411","77","0","2016","3","N","Socorro County, New Mexico","Local Government","NAICS 92411 Air, water, and waste program administration","County, NAICS 5-digit -- by ownership sector","All establishment sizes",1,0,0,0,0,0,0,0,"N",18.94,0,0,0,0,0,0,0,"N",0,0.0,0,0,0,0,0,0,0,0,0,0,0,0,0,0
"35053","3","92411","77","0","2016","4","N","Socorro County, New Mexico","Local Government","NAICS 92411 Air, water, and waste program administration","County, NAICS 5-digit -- by ownership sector","All establishment sizes",1,0,0,0,0,0,0,0,"N",19.18,0,0,0,0,0,0,0,"N",0,0.0,0,0,0,0,0,0,0,0,0,0,0,0,0,0
"35053","3","924110","78","0","2016","1","N","Socorro County, New Mexico","Local Government","NAICS 924110 Air, water, and waste program administration","County, NAICS 6-digit -- by ownership sector","All establishment sizes",1,0,0,0,0,0,0,0,"N",18.55,0,0,0,0,0,0,0,"N",0,0.0,0,0,0,0,0,0,0,0,0,0,0,0,0,0
"35053","3","924110","78","0","2016","2","N","Socorro County, New Mexico","Local Government","NAICS 924110 Air, water, and waste program administration","County, NAICS 6-digit -- by ownership sector","All establishment sizes",1,0,0,0,0,0,0,0,"N",18.68,0,0,0,0,0,0,0,"N",0,0.0,0,0,0,0,0,0,0,0,0,0,0,0,0,0
"35053","3","924110","78","0","2016","3","N","Socorro County, New Mexico","Local Government","NAICS 924110 Air, water, and waste program administration","County, NAICS 6-digit -- by ownership sector","All establishment sizes",1,0,0,0,0,0,0,0,"N",18.94,0,0,0,0,0,0,0,"N",0,0.0,0,0,0,0,0,0,0,0,0,0,0,0,0,0
"35053","3","924110","78","0","2016","4","N","Socorro County, New Mexico","Local Government","NAICS 924110 Air, water, and waste program administration","County, NAICS 6-digit -- by ownership sector","All establishment sizes",1,0,0,0,0,0,0,0,"N",19.18,0,0,0,0,0,0,0,"N",0,0.0,0,0,0,0,0,0,0,0,0,0,0,0,0,0
"35053","5","10","71","0","2016","1","","Socorro County, New Mexico","Private","10 Total, all industries","County, Total -- by ownership sector","All establishment sizes",273,3165,3153,3175,23263313,18339409,397104,566,"",0.78,0.71,0.70,0.70,0.60,0.86,0.83,0.85,"",-2,-0.7,137,4.5,152,5.1,165,5.5,1735734,8.1,1560210,9.3,20075,5.3,16,2.9
"35053","5","10","71","0","2016","2","","Socorro County, New Mexico","Private","10 Total, all industries","County, Total -- by ownership sector","All establishment sizes",272,3252,3255,3218,24488210,14732048,321146,581,"",0.78,0.71,0.71,0.69,0.60,0.88,0.85,0.84,"",1,0.4,200,6.6,203,6.7,170,5.6,1506987,6.6,1333578,10.0,24635,8.3,2,0.3
"35053","5","10","71","0","2016","3","","Socorro County, New Mexico","Private","10 Total, all industries","County, Total -- by ownership sector","All establishment sizes",269,3147,3143,3194,24527391,10428976,233005,597,"",0.78,0.70,0.69,0.70,0.60,0.87,0.84,0.86,"",-2,-0.7,99,3.2,37,1.2,49,1.6,994044,4.2,158355,1.5,-2581,-1.1,13,2.2
"35053","5","10","71","0","2016","4","","Socorro County, New Mexico","Private","10 Total, all industries","County, Total -- by ownership sector","All establishment sizes",267,3201,3173,3187,25273713,7934163,130847,610,"",0.78,0.70,0.70,0.70,0.61,0.91,0.93,0.87,"",-5,-1.8,19,0.6,13,0.4,43,1.4,-431729,-1.7,-360118,-4.3,-73939,-36.1,-15,-2.4
"35053","5","101","72","0","2016","1","","Socorro County, New Mexico","Private","101 Goods-producing","County, by Domain -- by ownership sector","All establishment sizes",49,467,475,489,4017130,3910096,63199,648,"",1.05,0.61,0.62,0.63,0.53,0.80,0.46,0.86,"",1,2.1,29,6.6,36,8.2,53,12.2,490623,13.9,488864,14.3,8097,14.7,28,4.5
"35053","5","101","72","0","2016","2","","Socorro County, New Mexico","Private","101 Goods-producing","County, by Domain -- by ownership sector","All establishment sizes",49,527,529,509,4363275,3590335,57873,643,"",1.06,0.66,0.67,0.63,0.52,1.04,0.56,0.80,"",1,2.1,65,14.1,41,8.4,25,5.2,292958,7.2,283253,8.6,5153,9.8,-12,-1.8
"35053","5","101","72","0","2016","3","","Socorro County, New Mexico","Private","101 Goods-producing","County, by Domain -- by ownership sector","All establishment sizes",47,514,500,486,4362373,2580067,39019,671,"",1.02,0.65,0.63,0.61,0.52,1.13,0.54,0.83,"",-2,-4.1,25,5.1,14,2.9,-24,-4.7,64251,1.5,98826,4.0,-177,-0.5,3,0.4
"35053","5","101","72","0","2016","4","","Socorro County, New Mexico","Private","101 Goods-producing","County, by Domain -- by ownership sector","All establishment sizes",46,478,481,479,4669389,1317971,16808,749,"",1.01,0.61,0.62,0.62,0.56,0.89,0.52,0.91,"",-3,-6.1,-14,-2.8,-13,-2.6,5,1.1,111180,2.4,-105584,-7.4,-9272,-35.6,29,4.0
"35053","5","1011","73","0","2016","1","","Socorro County, New Mexico","Private","1011 Natural resources and mining","County, by Supersector -- by ownership sector","All establishment sizes",19,284,284,290,2346621,2302048,18075,631,"",3.69,4.28,4.26,4.31,3.58,6.00,1.95,0.83,"",-1,-5.0,18,6.8,18,6.8,23,8.6,363817,18.3,319244,16.1,5352,42.1,58,10.1
"35053","5","1011","73","0","2016","2","","Socorro County, New Mexico","Private","1011 Natural resources and mining","County, by Supersector -- by ownership sector","All establishment sizes",20,305,310,301,2491606,2287008,19613,628,"",3.93,4.26,4.25,3.97,3.67,6.51,1.91,0.88,"",0,0.0,30,10.9,31,11.1,19,6.7,244857,10.9,224897,10.9,6977,55.2,8,1.3
"35053","5","1011","73","0","2016","3","","Socorro County, New Mexico","Private","1011 Natural resources and mining","County, by Supersector -- by ownership sector","All establishment sizes",20,301,293,296,2474675,1644515,13521,642,"",3.99,4.07,4.02,4.01,3.73,5.86,1.59,0.92,"",0,0.0,16,5.6,6,2.1,7,2.4,136173,5.8,113160,7.4,4198,45.0,15,2.4
"35053","5","1011","73","0","2016","4","","Socorro County, New Mexico","Private","1011 Natural resources and mining","County, by Supersector -- by ownership sector","All establishment sizes",18,298,288,286,2525877,694485,3918,668,"",3.63,4.12,4.23,4.41,3.94,3.72,1.04,0.93,"",-2,-10.0,13,4.6,8,2.9,5,1.8,166620,7.1,-59888,-7.9,-915,-18.9,24,3.7
"35053","5","1012","73","0","2016","1","","Socorro County, New Mexico","Private","1012 Construction","County, by Supersector -- by ownership sector","All establishment sizes",21,65,72,74,425555,425555,7883,465,"",0.73,0.27,0.30,0.30,0.21,0.28,0.14,0.70,"",1,5.0,7,12.1,15,26.3,21,39.6,103968,32.3,103968,32.3,93,1.2,23,5.2
"35053","5","1012","73","0","2016","2","","Socorro County, New Mexico","Private","1012 Construction","County, by Supersector -- by ownership sector","All establishment sizes",20,96,93,94,551353,525784,15201,450,"",0.70,0.38,0.37,0.36,0.22,0.40,0.29,0.60,"",0,0.0,26,37.1,3,3.3,13,16.0,-54147,-8.9,-8754,-1.6,-2873,-15.9,-130,-22.4
"35053","5","1012","73","0","2016","3","","Socorro County, New Mexico","Private","1012 Construction","County, by Supersector -- by ownership sector","All establishment sizes",18,87,85,73,593319,471453,15651,559,"",0.64,0.34,0.33,0.28,0.23,0.49,0.40,0.72,"",-2,-10.0,10,13.0,10,13.3,-16,-18.0,-50471,-7.8,56221,13.5,1542,10.9,-57,-9.3
"35053","5","1012","73","0","2016","4","","Socorro County, New Mexico","Private","1012 Construction","County, by Supersector -- by ownership sector","All establishment sizes",19,64,74,73,491972,305293,9446,538,"",0.68,0.25,0.29,0.29,0.18,0.47,0.53,0.67,"",-1,-5.0,-15,-19.0,-12,-14.0,2,2.8,-84555,-14.7,-54969,-15.3,-3181,-25.2,-26,-4.6
"35053","5","1013","73","0","2016","1","","Socorro County, New Mexico","Private","1013 Manufacturing","County, by Supersector -- by ownership sector","All establishment sizes",9,118,119,125,1244954,1182493,37241,794,"",0.70,0.25,0.26,0.27,0.26,0.39,0.52,0.99,"",1,12.5,4,3.5,3,2.6,9,7.8,22838,1.9,65652,5.9,2652,7.7,-21,-2.6
"35053","5","1013","73","0","2016","2","","Socorro County, New Mexico","Private","1013 Manufacturing","County, by Supersector -- by ownership sector","All establishment sizes",9,126,126,114,1320316,777543,23059,832,"",0.71,0.27,0.27,0.24,0.26,0.43,0.58,0.98,"",1,12.5,9,7.7,7,5.9,-7,-5.8,102248,8.4,67110,9.4,1049,4.8,45,5.7
"35053","5","1013","73","0","2016","3","","Socorro County, New Mexico","Private","1013 Manufacturing","County, by Supersector -- by ownership sector","All establishment sizes",9,126,122,117,1294379,464099,9847,818,"",0.72,0.28,0.27,0.25,0.26,0.45,0.41,0.97,"",0,0.0,-1,-0.8,-2,-1.6,-15,-11.4,-21451,-1.6,-70555,-13.2,-5917,-37.5,25,3.2
"35053","5","1013","73","0","2016","4","","Socorro County, New Mexico","Private","1013 Manufacturing","County, by Supersector -- by ownership sector","All establishment sizes",9,116,119,120,1651540,318193,3444,1074,"",0.73,0.25,0.26,0.26,0.33,0.49,0.33,1.28,"",0,0.0,-12,-9.4,-9,-7.0,-2,-1.6,29115,1.8,9273,3.0,-5176,-60.0,84,8.5
"35053","5","102","72","0","2016","1","","Socorro County, New Mexico","Private","102 Service-providing","County, by Domain -- by ownership sector","All establishment sizes",224,2698,2678,2686,19246183,14429313,333905,551,"",0.74,0.73,0.72,0.72,0.62,0.87,0.98,0.85,"",-3,-1.3,108,4.2,116,4.5,112,4.4,1245111,6.9,1071346,8.0,11978,3.7,13,2.4
"35053","5","102","72","0","2016","2","","Socorro County, New Mexico","Private","102 Service-providing","County, by Domain -- by ownership sector","All establishment sizes",223,2725,2726,2709,20124935,11141713,263273,569,"",0.74,0.72,0.72,0.71,0.61,0.83,0.96,0.86,"",0,0.0,135,5.2,162,6.3,145,5.7,1214029,6.4,1050325,10.4,19482,8.0,4,0.7
"35053","5","102","72","0","2016","3","","Socorro County, New Mexico","Private","102 Service-providing","County, by Domain -- by ownership sector","All establishment sizes",222,2633,2643,2708,20165018,7848909,193986,583,"",0.74,0.71,0.71,0.72,0.62,0.80,0.94,0.87,"",0,0.0,74,2.9,23,0.9,73,2.8,929793,4.8,59529,0.8,-2404,-1.2,15,2.6
"35053","5","102","72","0","2016","4","","Socorro County, New Mexico","Private","102 Service-providing","County, by Domain -- by ownership sector","All establishment sizes",221,2723,2692,2708,20604324,6616192,114039,585,"",0.74,0.73,0.72,0.72,0.62,0.91,1.05,0.87,"",-2,-0.9,33,1.2,26,1.0,38,1.4,-542909,-2.6,-254534,-3.7,-64667,-36.2,-23,-3.8
"35053","5","1021","73","0","2016","1","","Socorro County, New Mexico","Private","1021 Trade, transportation, and utilities","County, by Supersector -- by ownership sector","All establishment sizes",44,613,620,629,4291298,4061368,86900,532,"",0.61,0.61,0.62,0.62,0.60,0.84,0.95,0.98,"",-3,-6.4,53,9.5,62,11.1,66,11.7,516920,13.7,511083,14.4,485,0.6,14,2.7
"35053","5","1021","73","0","2016","2","","Socorro County, New Mexico","Private","1021 Trade, transportation, and utilities","County, by Supersector -- by ownership sector","All establishment sizes",45,636,635,646,4431076,3448700,79024,533,"",0.63,0.62,0.62,0.63,0.57,0.87,1.07,0.91,"",-1,-2.2,67,11.8,70,12.4,87,15.6,673457,17.9,638837,22.7,5642,7.7,21,4.1
"35053","5","1021","73","0","2016","3","","Socorro County, New Mexico","Private","1021 Trade, transportation, and utilities","County, by Supersector -- by ownership sector","All establishment sizes",43,592,589,607,3929747,2322211,53632,507,"",0.62,0.59,0.59,0.60,0.51,0.85,1.08,0.86,"",-2,-4.4,14,2.4,2,0.3,17,2.9,-298857,-7.1,-114622,-4.7,-14434,-21.2,-49,-8.8
"35053","5","1021","73","0","2016","4","","Socorro County, New Mexico","Private","1021 Trade, transportation, and utilities","County, by Supersector -- by ownership sector","All establishment sizes",43,610,591,583,4261571,1789950,26065,551,"",0.62,0.60,0.57,0.56,0.55,0.87,0.97,0.96,"",-1,-2.3,9,1.5,12,2.1,-14,-2.3,-31161,-0.7,-35321,-1.9,-27103,-51.0,-6,-1.1
"35053","5","1022","73","0","2016","1","","Socorro County, New Mexico","Private","1022 Information","County, by Supersector -- by ownership sector","All establishment sizes",6,10,10,10,130626,103532,2375,1005,"",1.04,0.10,0.09,0.09,0.07,0.14,0.13,0.79,"N",0,0.0,0,0,0,0,0,0,0,0,0,0,0,0,0,0
"35053","5","1022","73","0","2016","2","","Socorro County, New Mexico","Private","1022 Information","County, by Supersector -- by ownership sector","All establishment sizes",6,11,11,6,134558,63852,1385,1109,"",1.04,0.10,0.10,0.06,0.08,0.17,0.16,0.90,"",-1,-14.3,0,0.0,1,10.0,-4,-40.0,5773,4.5,12172,23.6,402,40.9,150,15.6
"35053","5","1022","73","0","2016","3","","Socorro County, New Mexico","Private","1022 Information","County, by Supersector -- by ownership sector","All establishment sizes",6,11,12,6,147524,37932,730,1174,"",1.05,0.11,0.11,0.06,0.08,0.16,0.12,0.90,"",0,0.0,1,10.0,1,9.1,-4,-40.0,10750,7.9,157,0.4,49,7.2,156,15.3
"35053","5","1022","73","0","2016","4","","Socorro County, New Mexico","Private","1022 Information","County, by Supersector -- by ownership sector","All establishment sizes",6,12,11,11,184416,13106,160,1252,"",1.05,0.11,0.11,0.11,0.11,0.08,0.05,1.02,"N",0,0.0,0,0,0,0,0,0,0,0,0,0,0,0,0,0
"35053","5","1023","73","0","2016","1","","Socorro County, New Mexico","Private","1023 Financial activities","County, by Supersector -- by ownership sector","All establishment sizes",22,89,95,94,644802,586926,13185,535,"",0.69,0.30,0.32,0.31,0.12,0.30,0.32,0.40,"",-2,-8.3,2,2.3,5,5.6,1,1.1,13290,2.1,27655,4.9,667,5.3,-5,-0.9
"35053","5","1023","73","0","2016","2","","Socorro County, New Mexico","Private","1023 Financial activities","County, by Supersector -- by ownership sector","All establishment sizes",22,95,90,96,662099,504604,11466,544,"",0.70,0.31,0.30,0.31,0.16,0.50,0.59,0.52,"",0,0.0,3,3.3,-2,-2.2,5,5.5,-14115,-2.1,-25160,-4.7,-729,-6.0,-23,-4.1
"35053","5","1023","73","0","2016","3","","Socorro County, New Mexico","Private","1023 Financial activities","County, by Supersector -- by ownership sector","All establishment sizes",22,93,92,95,706103,374814,8785,582,"",0.70,0.31,0.31,0.32,0.17,0.57,0.66,0.56,"",0,0.0,-3,-3.1,-3,-3.2,4,4.4,38495,5.8,19196,5.4,-197,-2.2,36,6.6
"35053","5","1023","73","0","2016","4","","Socorro County, New Mexico","Private","1023 Financial activities","County, by Supersector -- by ownership sector","All establishment sizes",23,99,97,98,721356,249814,4707,566,"",0.74,0.33,0.33,0.33,0.17,0.54,0.70,0.51,"",1,4.5,2,2.1,3,3.2,2,2.1,24988,3.6,42935,20.8,-729,-13.4,6,1.1
"35053","5","1024","73","0","2016","1","","Socorro County, New Mexico","Private","1024 Professional and business services","County, by Supersector -- by ownership sector","All establishment sizes",34,359,353,349,5094788,4814873,109738,1108,"",0.52,0.48,0.47,0.47,0.60,1.10,1.04,1.27,"",-3,-8.1,8,2.3,-1,-0.3,-2,-0.6,-74074,-1.4,-106348,-2.2,-7821,-6.7,-22,-1.9
"35053","5","1024","73","0","2016","2","","Socorro County, New Mexico","Private","1024 Professional and business services","County, by Supersector -- by ownership sector","All establishment sizes",32,344,344,344,5166637,2280080,50772,1155,"",0.49,0.45,0.46,0.45,0.58,0.74,0.64,1.28,"",-4,-11.1,-8,-2.3,-1,-0.3,-1,-0.3,169246,3.4,122053,5.7,93,0.2,48,4.3
"35053","5","1024","73","0","2016","3","","Socorro County, New Mexico","Private","1024 Professional and business services","County, by Supersector -- by ownership sector","All establishment sizes",32,348,343,339,5394413,943169,20822,1209,"",0.50,0.47,0.46,0.45,0.62,0.41,0.34,1.36,"",-3,-8.6,10,3.0,3,0.9,-1,-0.3,263317,5.1,57109,6.4,218,1.1,46,4.0
"35053","5","1024","73","0","2016","4","","Socorro County, New Mexico","Private","1024 Professional and business services","County, by Supersector -- by ownership sector","All establishment sizes",32,349,345,347,5352679,466750,6075,1187,"",0.50,0.46,0.46,0.46,0.59,0.26,0.18,1.28,"",-2,-5.9,-2,-0.6,-8,-2.3,-5,-1.4,-64176,-1.2,-101668,-17.9,-6771,-52.7,3,0.3
"35053","5","1025","73","0","2016","1","","Socorro County, New Mexico","Private","1025 Education and health services","County, by Supersector -- by ownership sector","All establishment sizes",64,968,955,963,6911654,2691468,79988,553,"",1.08,1.20,1.17,1.17,1.19,1.19,1.91,1.01,"",2,3.2,84,9.5,62,6.9,64,7.1,753826,12.2,622346,30.1,24132,43.2,22,4.1
"35053","5","1025","73","0","2016","2","","Socorro County, New Mexico","Private","1025 Education and health services","County, by Supersector -- by ownership sector","All establishment sizes",63,948,946,944,7333985,2531546,74052,596,"",1.07,1.14,1.15,1.15,1.08,1.27,1.93,0.94,"",2,3.3,49,5.5,30,3.3,37,4.1,200034,2.8,130005,5.4,6751,10.0,-9,-1.5
"35053","5","1025","73","0","2016","3","","Socorro County, New Mexico","Private","1025 Education and health services","County, by Supersector -- by ownership sector","All establishment sizes",63,927,934,974,7637289,2091945,68525,622,"",1.09,1.17,1.17,1.19,1.12,1.47,2.55,0.96,"",1,1.6,17,1.9,-7,-0.7,17,1.8,807197,11.8,7594,0.4,6108,9.8,61,10.9
"35053","5","1025","73","0","2016","4","","Socorro County, New Mexico","Private","1025 Education and health services","County, by Supersector -- by ownership sector","All establishment sizes",62,959,958,984,7351260,1958800,38951,585,"",1.07,1.17,1.17,1.20,1.09,1.83,2.69,0.92,"",-2,-3.1,-5,-0.5,-7,-0.7,20,2.1,-596541,-7.5,-210889,-9.7,-26326,-40.3,-49,-7.7
"35053","5","1026","73","0","2016","1","","Socorro County, New Mexico","Private","1026 Leisure and hospitality","County, by Supersector -- by ownership sector","All establishment sizes",39,612,597,593,2000728,1999601,38420,256,"",1.28,1.10,1.06,1.03,1.05,1.20,1.27,0.99,"N",3,8.3,0,0,0,0,0,0,0,0,0,0,0,0,0,0
"35053","5","1026","73","0","2016","2","","Socorro County, New Mexico","Private","1026 Leisure and hospitality","County, by Supersector -- by ownership sector","All establishment sizes",40,640,656,628,2219333,2140118,43357,266,"",1.32,1.08,1.09,1.02,0.97,0.94,0.99,0.91,"",4,11.1,20,3.2,68,11.6,19,3.1,180868,8.9,174143,8.9,7885,22.2,7,2.7
"35053","5","1026","73","0","2016","3","","Socorro County, New Mexico","Private","1026 Leisure and hospitality","County, by Supersector -- by ownership sector","All establishment sizes",41,616,628,638,2170716,1931608,38042,266,"",1.37,1.03,1.04,1.07,0.93,1.00,1.00,0.89,"",4,10.8,26,4.4,28,4.7,38,6.3,84737,4.1,73946,4.0,5437,16.7,-3,-1.1
"35053","5","1026","73","0","2016","4","","Socorro County, New Mexico","Private","1026 Leisure and hospitality","County, by Supersector -- by ownership sector","All establishment sizes",40,648,644,638,2544861,2011475,35698,304,"",1.35,1.11,1.12,1.12,1.12,1.49,2.01,1.01,"N",2,5.3,0,0,0,0,0,0,0,0,0,0,0,0,0,0
"35053","5","1027","73","0","2016","1","","Socorro County, New Mexico","Private","1027 Other services","County, by Supersector -- by ownership sector","All establishment sizes",15,47,48,48,172287,171545,3299,278,"",0.49,0.29,0.29,0.29,0.19,0.27,0.26,0.66,"",0,0.0,-1,-2.1,1,2.1,4,9.1,4725,2.8,5063,3.0,77,2.4,0,0.0
"35053","5","1027","73","0","2016","2","","Socorro County, New Mexico","Private","1027 Other services","County, by Supersector -- by ownership sector","All establishment sizes",15,51,44,45,177247,172813,3217,292,"",0.49,0.30,0.26,0.26,0.17,0.29,0.28,0.62,"",0,0.0,4,8.5,-4,-8.3,2,4.7,-1234,-0.7,-1725,-1.0,-562,-14.9,-6,-2.0
"35053","5","1027","73","0","2016","3","","Socorro County, New Mexico","Private","1027 Other services","County, by Supersector -- by ownership sector","All establishment sizes",15,46,45,49,179226,147230,3450,295,"",0.49,0.28,0.27,0.30,0.17,0.35,0.41,0.62,"",0,0.0,9,24.3,-1,-2.2,2,4.3,24154,15.6,16149,12.3,415,13.7,20,7.3
"35053","5","1027","73","0","2016","4","","Socorro County, New Mexico","Private","1027 Other services","County, by Supersector -- by ownership sector","All establishment sizes",15,46,46,47,188181,126297,2383,312,"",0.50,0.28,0.28,0.29,0.19,0.41,0.54,0.66,"",0,0.0,-1,-2.1,2,4.5,1,2.2,8546,4.8,-10823,-7.9,-413,-14.8,9,3.0
"35053","5","11","74","0","2016","1","N","Socorro County, New Mexico","Private","NAICS 11 Agriculture, forestry, fishing and hunting","County, NAICS Sector -- by ownership sector","All establishment sizes",18,0,0,0,0,0,0,0,"N",4.68,0,0,0,0,0,0,0,"N",-1,-5.3,0,0,0,0,0,0,0,0,0,0,0,0,0,0
"35053","5","11","74","0","2016","2","N","Socorro County, New Mexico","Private","NAICS 11 Agriculture, forestry, fishing and hunting","County, NAICS Sector -- by ownership sector","All establishment sizes",19,0,0,0,0,0,0,0,"N",4.98,0,0,0,0,0,0,0,"N",0,0.0,0,0,0,0,0,0,0,0,0,0,0,0,0,0
"35053","5","11","74","0","2016","3","N","Socorro County, New Mexico","Private","NAICS 11 Agriculture, forestry, fishing and hunting","County, NAICS Sector -- by ownership sector","All establishment sizes",19,0,0,0,0,0,0,0,"N",5.03,0,0,0,0,0,0,0,"N",0,0.0,0,0,0,0,0,0,0,0,0,0,0,0,0,0
"35053","5","11","74","0","2016","4","N","Socorro County, New Mexico","Private","NAICS 11 Agriculture, forestry, fishing and hunting","County, NAICS Sector -- by ownership sector","All establishment sizes",17,0,0,0,0,0,0,0,"N",4.54,0,0,0,0,0,0,0,"N",-2,-10.5,0,0,0,0,0,0,0,0,0,0,0,0,0,0
"35053","5","111","75","0","2016","1","N","Socorro County, New Mexico","Private","NAICS 111 Crop production","County, NAICS 3-digit -- by ownership sector","All establishment sizes",1,0,0,0,0,0,0,0,"N",0.57,0,0,0,0,0,0,0,"N",-1,-50.0,0,0,0,0,0,0,0,0,0,0,0,0,0,0
"35053","5","111","75","0","2016","2","N","Socorro County, New Mexico","Private","NAICS 111 Crop production","County, NAICS 3-digit -- by ownership sector","All establishment sizes",1,0,0,0,0,0,0,0,"N",0.58,0,0,0,0,0,0,0,"N",-1,-50.0,0,0,0,0,0,0,0,0,0,0,0,0,0,0
"35053","5","111","75","0","2016","3","N","Socorro County, New Mexico","Private","NAICS 111 Crop production","County, NAICS 3-digit -- by ownership sector","All establishment sizes",1,0,0,0,0,0,0,0,"N",0.58,0,0,0,0,0,0,0,"N",-1,-50.0,0,0,0,0,0,0,0,0,0,0,0,0,0,0
"35053","5","111","75","0","2016","4","N","Socorro County, New Mexico","Private","NAICS 111 Crop production","County, NAICS 3-digit -- by ownership sector","All establishment sizes",1,0,0,0,0,0,0,0,"N",0.59,0,0,0,0,0,0,0,"N",0,0.0,0,0,0,0,0,0,0,0,0,0,0,0,0,0
"35053","5","1119","76","0","2016","1","N","Socorro County, New Mexico","Private","NAICS 1119 Other crop farming","County, NAICS 4-digit -- by ownership sector","All establishment sizes",1,0,0,0,0,0,0,0,"N",2.73,0,0,0,0,0,0,0,"N",-1,-50.0,0,0,0,0,0,0,0,0,0,0,0,0,0,0
"35053","5","1119","76","0","2016","2","N","Socorro County, New Mexico","Private","NAICS 1119 Other crop farming","County, NAICS 4-digit -- by ownership sector","All establishment sizes",1,0,0,0,0,0,0,0,"N",2.74,0,0,0,0,0,0,0,"N",-1,-50.0,0,0,0,0,0,0,0,0,0,0,0,0,0,0
"35053","5","1119","76","0","2016","3","N","Socorro County, New Mexico","Private","NAICS 1119 Other crop farming","County, NAICS 4-digit -- by ownership sector","All establishment sizes",1,0,0,0,0,0,0,0,"N",2.76,0,0,0,0,0,0,0,"N",-1,-50.0,0,0,0,0,0,0,0,0,0,0,0,0,0,0
"35053","5","1119","76","0","2016","4","N","Socorro County, New Mexico","Private","NAICS 1119 Other crop farming","County, NAICS 4-digit -- by ownership sector","All establishment sizes",1,0,0,0,0,0,0,0,"N",2.78,0,0,0,0,0,0,0,"N",0,0.0,0,0,0,0,0,0,0,0,0,0,0,0,0,0
"35053","5","11194","77","0","2016","1","N","Socorro County, New Mexico","Private","NAICS 11194 Hay farming","County, NAICS 5-digit -- by ownership sector","All establishment sizes",1,0,0,0,0,0,0,0,"N",14.86,0,0,0,0,0,0,0,"N",-1,-50.0,0,0,0,0,0,0,0,0,0,0,0,0,0,0
"35053","5","11194","77","0","2016","2","N","Socorro County, New Mexico","Private","NAICS 11194 Hay farming","County, NAICS 5-digit -- by ownership sector","All establishment sizes",1,0,0,0,0,0,0,0,"N",15.03,0,0,0,0,0,0,0,"N",-1,-50.0,0,0,0,0,0,0,0,0,0,0,0,0,0,0
"35053","5","11194","77","0","2016","3","N","Socorro County, New Mexico","Private","NAICS 11194 Hay farming","County, NAICS 5-digit -- by ownership sector","All establishment sizes",1,0,0,0,0,0,0,0,"N",15.25,0,0,0,0,0,0,0,"N",-1,-50.0,0,0,0,0,0,0,0,0,0,0,0,0,0,0
"35053","5","11194","77","0","2016","4","N","Socorro County, New Mexico","Private","NAICS 11194 Hay farming","County, NAICS 5-digit -- by ownership sector","All establishment sizes",1,0,0,0,0,0,0,0,"N",15.51,0,0,0,0,0,0,0,"N",0,0.0,0,0,0,0,0,0,0,0,0,0,0,0,0,0
"35053","5","111940","78","0","2016","1","N","Socorro County, New Mexico","Private","NAICS 111940 Hay farming","County, NAICS 6-digit -- by ownership sector","All establishment sizes",1,0,0,0,0,0,0,0,"N",14.86,0,0,0,0,0,0,0,"N",-1,-50.0,0,0,0,0,0,0,0,0,0,0,0,0,0,0
"35053","5","111940","78","0","2016","2","N","Socorro County, New Mexico","Private","NAICS 111940 Hay farming","County, NAICS 6-digit -- by ownership sector","All establishment sizes",1,0,0,0,0,0,0,0,"N",15.03,0,0,0,0,0,0,0,"N",-1,-50.0,0,0,0,0,0,0,0,0,0,0,0,0,0,0
"35053","5","111940","78","0","2016","3","N","Socorro County, New Mexico","Private","NAICS 111940 Hay farming","County, NAICS 6-digit -- by ownership sector","All establishment sizes",1,0,0,0,0,0,0,0,"N",15.25,0,0,0,0,0,0,0,"N",-1,-50.0,0,0,0,0,0,0,0,0,0,0,0,0,0,0
"35053","5","111940","78","0","2016","4","N","Socorro County, New Mexico","Private","NAICS 111940 Hay farming","County, NAICS 6-digit -- by ownership sector","All establishment sizes",1,0,0,0,0,0,0,0,"N",15.51,0,0,0,0,0,0,0,"N",0,0.0,0,0,0,0,0,0,0,0,0,0,0,0,0,0
"35053","5","112","75","0","2016","1","","Socorro County, New Mexico","Private","NAICS 112 Animal production and aquaculture","County, NAICS 3-digit -- by ownership sector","All establishment sizes",16,242,243,246,1951612,1907039,12106,616,"",16.99,25.33,25.26,25.33,36.63,38.47,19.06,1.45,"",0,0.0,16,7.1,18,8.0,19,8.4,375187,23.8,330614,21.0,1009,9.1,79,14.7
"35053","5","112","75","0","2016","2","","Socorro County, New Mexico","Private","NAICS 112 Animal production and aquaculture","County, NAICS 3-digit -- by ownership sector","All establishment sizes",17,262,267,260,2035376,1876321,13497,595,"",18.23,26.58,27.16,25.84,33.47,35.81,21.79,1.26,"",1,6.2,29,12.4,29,12.2,19,7.9,186622,10.1,169456,9.9,2218,19.7,-4,-0.7
"35053","5","112","75","0","2016","3","","Socorro County, New Mexico","Private","NAICS 112 Animal production and aquaculture","County, NAICS 3-digit -- by ownership sector","All establishment sizes",17,259,253,254,2033466,1463844,10832,613,"",18.46,26.55,25.93,25.87,33.42,38.81,23.84,1.28,"",1,6.2,18,7.5,10,4.1,9,3.7,90007,4.6,92885,6.8,2038,23.2,-2,-0.3
"35053","5","112","75","0","2016","4","","Socorro County, New Mexico","Private","NAICS 112 Animal production and aquaculture","County, NAICS 3-digit -- by ownership sector","All establishment sizes",15,254,246,242,2103606,662140,3739,654,"",16.43,26.03,25.50,25.10,34.35,24.67,16.32,1.34,"",-2,-11.8,11,4.5,6,2.5,2,0.8,190818,10.0,-44115,-6.2,-935,-20.0,43,7.0
"35053","5","1121","76","0","2016","1","N","Socorro County, New Mexico","Private","NAICS 1121 Cattle ranching and farming","County, NAICS 4-digit -- by ownership sector","All establishment sizes",14,0,0,0,0,0,0,0,"N",22.63,0,0,0,0,0,0,0,"N",0,0.0,0,0,0,0,0,0,0,0,0,0,0,0,0,0
"35053","5","1121","76","0","2016","2","N","Socorro County, New Mexico","Private","NAICS 1121 Cattle ranching and farming","County, NAICS 4-digit -- by ownership sector","All establishment sizes",15,0,0,0,0,0,0,0,"N",24.47,0,0,0,0,0,0,0,"N",1,7.1,0,0,0,0,0,0,0,0,0,0,0,0,0,0
"35053","5","1121","76","0","2016","3","N","Socorro County, New Mexico","Private","NAICS 1121 Cattle ranching and farming","County, NAICS 4-digit -- by ownership sector","All establishment sizes",15,0,0,0,0,0,0,0,"N",24.78,0,0,0,0,0,0,0,"N",1,7.1,0,0,0,0,0,0,0,0,0,0,0,0,0,0
"35053","5","1121","76","0","2016","4","N","Socorro County, New Mexico","Private","NAICS 1121 Cattle ranching and farming","County, NAICS 4-digit -- by ownership sector","All establishment sizes",13,0,0,0,0,0,0,0,"N",21.71,0,0,0,0,0,0,0,"N",-2,-13.3,0,0,0,0,0,0,0,0,0,0,0,0,0,0
"35053","5","11211","77","0","2016","1","N","Socorro County, New Mexico","Private","NAICS 11211 Beef cattle ranching, farming, and feedlots","County, NAICS 5-digit -- by ownership sector","All establishment sizes",6,0,0,0,0,0,0,0,"N",17.07,0,0,0,0,0,0,0,"N",0,0.0,0,0,0,0,0,0,0,0,0,0,0,0,0,0
"35053","5","11211","77","0","2016","2","N","Socorro County, New Mexico","Private","NAICS 11211 Beef cattle ranching, farming, and feedlots","County, NAICS 5-digit -- by ownership sector","All establishment sizes",6,0,0,0,0,0,0,0,"N",17.17,0,0,0,0,0,0,0,"N",0,0.0,0,0,0,0,0,0,0,0,0,0,0,0,0,0
"35053","5","11211","77","0","2016","3","N","Socorro County, New Mexico","Private","NAICS 11211 Beef cattle ranching, farming, and feedlots","County, NAICS 5-digit -- by ownership sector","All establishment sizes",6,0,0,0,0,0,0,0,"N",17.34,0,0,0,0,0,0,0,"N",0,0.0,0,0,0,0,0,0,0,0,0,0,0,0,0,0
"35053","5","11211","77","0","2016","4","N","Socorro County, New Mexico","Private","NAICS 11211 Beef cattle ranching, farming, and feedlots","County, NAICS 5-digit -- by ownership sector","All establishment sizes",4,0,0,0,0,0,0,0,"N",11.64,0,0,0,0,0,0,0,"N",-2,-33.3,0,0,0,0,0,0,0,0,0,0,0,0,0,0
"35053","5","112111","78","0","2016","1","N","Socorro County, New Mexico","Private","NAICS 112111 Beef cattle ranching and farming","County, NAICS 6-digit -- by ownership sector","All establishment sizes",6,0,0,0,0,0,0,0,"N",19.35,0,0,0,0,0,0,0,"N",0,0.0,0,0,0,0,0,0,0,0,0,0,0,0,0,0
"35053","5","112111","78","0","2016","2","N","Socorro County, New Mexico","Private","NAICS 112111 Beef cattle ranching and farming","County, NAICS 6-digit -- by ownership sector","All establishment sizes",6,0,0,0,0,0,0,0,"N",19.45,0,0,0,0,0,0,0,"N",0,0.0,0,0,0,0,0,0,0,0,0,0,0,0,0,0
"35053","5","112111","78","0","2016","3","N","Socorro County, New Mexico","Private","NAICS 112111 Beef cattle ranching and farming","County, NAICS 6-digit -- by ownership sector","All establishment sizes",6,0,0,0,0,0,0,0,"N",19.63,0,0,0,0,0,0,0,"N",0,0.0,0,0,0,0,0,0,0,0,0,0,0,0,0,0
"35053","5","112111","78","0","2016","4","N","Socorro County, New Mexico","Private","NAICS 112111 Beef cattle ranching and farming","County, NAICS 6-digit -- by ownership sector","All establishment sizes",4,0,0,0,0,0,0,0,"N",13.17,0,0,0,0,0,0,0,"N",-2,-33.3,0,0,0,0,0,0,0,0,0,0,0,0,0,0
"35053","5","11212","77","0","2016","1","","Socorro County, New Mexico","Private","NAICS 11212 Dairy cattle and milk production","County, NAICS 5-digit -- by ownership sector","All establishment sizes",8,200,199,205,1504548,1501006,8909,575,"",29.94,51.68,51.26,52.51,76.39,77.09,32.67,1.47,"",0,0.0,15,8.1,14,7.6,20,10.8,310596,26.0,307054,25.7,1372,18.2,79,15.9
"35053","5","11212","77","0","2016","2","","Socorro County, New Mexico","Private","NAICS 11212 Dairy cattle and milk production","County, NAICS 5-digit -- by ownership sector","All establishment sizes",9,221,225,222,1624077,1542840,10715,561,"",34.17,55.72,56.73,55.03,70.71,75.76,43.14,1.27,"",1,12.5,32,16.9,27,13.6,21,10.4,198560,13.9,179563,13.2,2547,31.2,2,0.4
"35053","5","11212","77","0","2016","3","","Socorro County, New Mexico","Private","NAICS 11212 Dairy cattle and milk production","County, NAICS 5-digit -- by ownership sector","All establishment sizes",9,222,218,218,1693626,1311944,9768,594,"",34.73,56.83,55.41,54.73,75.10,83.60,52.10,1.35,"",1,12.5,22,11.0,16,7.9,14,6.9,115541,7.3,125460,10.6,2799,40.2,-7,-1.2
"35053","5","11212","77","0","2016","4","","Socorro County, New Mexico","Private","NAICS 11212 Dairy cattle and milk production","County, NAICS 5-digit -- by ownership sector","All establishment sizes",9,222,214,212,1799206,582607,3477,641,"",35.24,56.31,54.88,54.49,80.91,49.01,35.29,1.46,"",0,0.0,19,9.4,13,6.5,11,5.5,257455,16.7,-32047,-5.2,-416,-10.7,53,9.0
"35053","5","112120","78","0","2016","1","","Socorro County, New Mexico","Private","NAICS 112120 Dairy cattle and milk production","County, NAICS 6-digit -- by ownership sector","All establishment sizes",8,200,199,205,1504548,1501006,8909,575,"",29.94,51.68,51.26,52.51,76.39,77.09,32.67,1.47,"",0,0.0,15,8.1,14,7.6,20,10.8,310596,26.0,307054,25.7,1372,18.2,79,15.9
"35053","5","112120","78","0","2016","2","","Socorro County, New Mexico","Private","NAICS 112120 Dairy cattle and milk production","County, NAICS 6-digit -- by ownership sector","All establishment sizes",9,221,225,222,1624077,1542840,10715,561,"",34.17,55.72,56.73,55.03,70.71,75.76,43.14,1.27,"",1,12.5,32,16.9,27,13.6,21,10.4,198560,13.9,179563,13.2,2547,31.2,2,0.4
"35053","5","112120","78","0","2016","3","","Socorro County, New Mexico","Private","NAICS 112120 Dairy cattle and milk production","County, NAICS 6-digit -- by ownership sector","All establishment sizes",9,222,218,218,1693626,1311944,9768,594,"",34.73,56.83,55.41,54.73,75.10,83.60,52.10,1.35,"",1,12.5,22,11.0,16,7.9,14,6.9,115541,7.3,125460,10.6,2799,40.2,-7,-1.2
"35053","5","112120","78","0","2016","4","","Socorro County, New Mexico","Private","NAICS 112120 Dairy cattle and milk production","County, NAICS 6-digit -- by ownership sector","All establishment sizes",9,222,214,212,1799206,582607,3477,641,"",35.24,56.31,54.88,54.49,80.91,49.01,35.29,1.46,"",0,0.0,19,9.4,13,6.5,11,5.5,257455,16.7,-32047,-5.2,-416,-10.7,53,9.0
"35053","5","1129","76","0","2016","1","N","Socorro County, New Mexico","Private","NAICS 1129 Other animal production","County, NAICS 4-digit -- by ownership sector","All establishment sizes",2,0,0,0,0,0,0,0,"N",17.07,0,0,0,0,0,0,0,"N",0,0.0,0,0,0,0,0,0,0,0,0,0,0,0,0,0
"35053","5","1129","76","0","2016","2","N","Socorro County, New Mexico","Private","NAICS 1129 Other animal production","County, NAICS 4-digit -- by ownership sector","All establishment sizes",2,0,0,0,0,0,0,0,"N",17.20,0,0,0,0,0,0,0,"N",0,0.0,0,0,0,0,0,0,0,0,0,0,0,0,0,0
"35053","5","1129","76","0","2016","3","N","Socorro County, New Mexico","Private","NAICS 1129 Other animal production","County, NAICS 4-digit -- by ownership sector","All establishment sizes",2,0,0,0,0,0,0,0,"N",17.44,0,0,0,0,0,0,0,"N",0,0.0,0,0,0,0,0,0,0,0,0,0,0,0,0,0
"35053","5","1129","76","0","2016","4","N","Socorro County, New Mexico","Private","NAICS 1129 Other animal production","County, NAICS 4-digit -- by ownership sector","All establishment sizes",2,0,0,0,0,0,0,0,"N",17.53,0,0,0,0,0,0,0,"N",0,0.0,0,0,0,0,0,0,0,0,0,0,0,0,0,0
"35053","5","11292","77","0","2016","1","N","Socorro County, New Mexico","Private","NAICS 11292 Horses and other equine production","County, NAICS 5-digit -- by ownership sector","All establishment sizes",2,0,0,0,0,0,0,0,"N",40.08,0,0,0,0,0,0,0,"N",0,0.0,0,0,0,0,0,0,0,0,0,0,0,0,0,0
"35053","5","11292","77","0","2016","2","N","Socorro County, New Mexico","Private","NAICS 11292 Horses and other equine production","County, NAICS 5-digit -- by ownership sector","All establishment sizes",2,0,0,0,0,0,0,0,"N",40.50,0,0,0,0,0,0,0,"N",0,0.0,0,0,0,0,0,0,0,0,0,0,0,0,0,0
"35053","5","11292","77","0","2016","3","N","Socorro County, New Mexico","Private","NAICS 11292 Horses and other equine production","County, NAICS 5-digit -- by ownership sector","All establishment sizes",2,0,0,0,0,0,0,0,"N",41.34,0,0,0,0,0,0,0,"N",0,0.0,0,0,0,0,0,0,0,0,0,0,0,0,0,0
"35053","5","11292","77","0","2016","4","N","Socorro County, New Mexico","Private","NAICS 11292 Horses and other equine production","County, NAICS 5-digit -- by ownership sector","All establishment sizes",2,0,0,0,0,0,0,0,"N",41.68,0,0,0,0,0,0,0,"N",0,0.0,0,0,0,0,0,0,0,0,0,0,0,0,0,0
"35053","5","112920","78","0","2016","1","N","Socorro County, New Mexico","Private","NAICS 112920 Horses and other equine production","County, NAICS 6-digit -- by ownership sector","All establishment sizes",2,0,0,0,0,0,0,0,"N",40.08,0,0,0,0,0,0,0,"N",0,0.0,0,0,0,0,0,0,0,0,0,0,0,0,0,0
"35053","5","112920","78","0","2016","2","N","Socorro County, New Mexico","Private","NAICS 112920 Horses and other equine production","County, NAICS 6-digit -- by ownership sector","All establishment sizes",2,0,0,0,0,0,0,0,"N",40.50,0,0,0,0,0,0,0,"N",0,0.0,0,0,0,0,0,0,0,0,0,0,0,0,0,0
"35053","5","112920","78","0","2016","3","N","Socorro County, New Mexico","Private","NAICS 112920 Horses and other equine production","County, NAICS 6-digit -- by ownership sector","All establishment sizes",2,0,0,0,0,0,0,0,"N",41.34,0,0,0,0,0,0,0,"N",0,0.0,0,0,0,0,0,0,0,0,0,0,0,0,0,0
"35053","5","112920","78","0","2016","4","N","Socorro County, New Mexico","Private","NAICS 112920 Horses and other equine production","County, NAICS 6-digit -- by ownership sector","All establishment sizes",2,0,0,0,0,0,0,0,"N",41.68,0,0,0,0,0,0,0,"N",0,0.0,0,0,0,0,0,0,0,0,0,0,0,0,0,0
"35053","5","115","75","0","2016","1","N","Socorro County, New Mexico","Private","NAICS 115 Agriculture and forestry support activities","County, NAICS 3-digit -- by ownership sector","All establishment sizes",1,0,0,0,0,0,0,0,"N",1.41,0,0,0,0,0,0,0,"N",0,0.0,0,0,0,0,0,0,0,0,0,0,0,0,0,0
"35053","5","115","75","0","2016","2","N","Socorro County, New Mexico","Private","NAICS 115 Agriculture and forestry support activities","County, NAICS 3-digit -- by ownership sector","All establishment sizes",1,0,0,0,0,0,0,0,"N",1.42,0,0,0,0,0,0,0,"N",0,0.0,0,0,0,0,0,0,0,0,0,0,0,0,0,0
"35053","5","115","75","0","2016","3","N","Socorro County, New Mexico","Private","NAICS 115 Agriculture and forestry support activities","County, NAICS 3-digit -- by ownership sector","All establishment sizes",1,0,0,0,0,0,0,0,"N",1.43,0,0,0,0,0,0,0,"N",0,0.0,0,0,0,0,0,0,0,0,0,0,0,0,0,0
"35053","5","115","75","0","2016","4","N","Socorro County, New Mexico","Private","NAICS 115 Agriculture and forestry support activities","County, NAICS 3-digit -- by ownership sector","All establishment sizes",1,0,0,0,0,0,0,0,"N",1.44,0,0,0,0,0,0,0,"N",0,0.0,0,0,0,0,0,0,0,0,0,0,0,0,0,0
"35053","5","1151","76","0","2016","1","N","Socorro County, New Mexico","Private","NAICS 1151 Support activities for crop production","County, NAICS 4-digit -- by ownership sector","All establishment sizes",1,0,0,0,0,0,0,0,"N",2.41,0,0,0,0,0,0,0,"N",0,0.0,0,0,0,0,0,0,0,0,0,0,0,0,0,0
"35053","5","1151","76","0","2016","2","N","Socorro County, New Mexico","Private","NAICS 1151 Support activities for crop production","County, NAICS 4-digit -- by ownership sector","All establishment sizes",1,0,0,0,0,0,0,0,"N",2.41,0,0,0,0,0,0,0,"N",0,0.0,0,0,0,0,0,0,0,0,0,0,0,0,0,0
"35053","5","1151","76","0","2016","3","N","Socorro County, New Mexico","Private","NAICS 1151 Support activities for crop production","County, NAICS 4-digit -- by ownership sector","All establishment sizes",1,0,0,0,0,0,0,0,"N",2.43,0,0,0,0,0,0,0,"N",0,0.0,0,0,0,0,0,0,0,0,0,0,0,0,0,0
"35053","5","1151","76","0","2016","4","N","Socorro County, New Mexico","Private","NAICS 1151 Support activities for crop production","County, NAICS 4-digit -- by ownership sector","All establishment sizes",1,0,0,0,0,0,0,0,"N",2.43,0,0,0,0,0,0,0,"N",0,0.0,0,0,0,0,0,0,0,0,0,0,0,0,0,0
"35053","5","11511","77","0","2016","1","N","Socorro County, New Mexico","Private","NAICS 11511 Support activities for crop production","County, NAICS 5-digit -- by ownership sector","All establishment sizes",1,0,0,0,0,0,0,0,"N",2.41,0,0,0,0,0,0,0,"N",0,0.0,0,0,0,0,0,0,0,0,0,0,0,0,0,0
"35053","5","11511","77","0","2016","2","N","Socorro County, New Mexico","Private","NAICS 11511 Support activities for crop production","County, NAICS 5-digit -- by ownership sector","All establishment sizes",1,0,0,0,0,0,0,0,"N",2.41,0,0,0,0,0,0,0,"N",0,0.0,0,0,0,0,0,0,0,0,0,0,0,0,0,0
"35053","5","11511","77","0","2016","3","N","Socorro County, New Mexico","Private","NAICS 11511 Support activities for crop production","County, NAICS 5-digit -- by ownership sector","All establishment sizes",1,0,0,0,0,0,0,0,"N",2.43,0,0,0,0,0,0,0,"N",0,0.0,0,0,0,0,0,0,0,0,0,0,0,0,0,0
"35053","5","11511","77","0","2016","4","N","Socorro County, New Mexico","Private","NAICS 11511 Support activities for crop production","County, NAICS 5-digit -- by ownership sector","All establishment sizes",1,0,0,0,0,0,0,0,"N",2.43,0,0,0,0,0,0,0,"N",0,0.0,0,0,0,0,0,0,0,0,0,0,0,0,0,0
"35053","5","115116","78","0","2016","1","N","Socorro County, New Mexico","Private","NAICS 115116 Farm management services","County, NAICS 6-digit -- by ownership sector","All establishment sizes",1,0,0,0,0,0,0,0,"N",19.51,0,0,0,0,0,0,0,"N",0,0.0,0,0,0,0,0,0,0,0,0,0,0,0,0,0
"35053","5","115116","78","0","2016","2","N","Socorro County, New Mexico","Private","NAICS 115116 Farm management services","County, NAICS 6-digit -- by ownership sector","All establishment sizes",1,0,0,0,0,0,0,0,"N",19.53,0,0,0,0,0,0,0,"N",0,0.0,0,0,0,0,0,0,0,0,0,0,0,0,0,0
"35053","5","115116","78","0","2016","3","N","Socorro County, New Mexico","Private","NAICS 115116 Farm management services","County, NAICS 6-digit -- by ownership sector","All establishment sizes",1,0,0,0,0,0,0,0,"N",19.83,0,0,0,0,0,0,0,"N",0,0.0,0,0,0,0,0,0,0,0,0,0,0,0,0,0
"35053","5","115116","78","0","2016","4","N","Socorro County, New Mexico","Private","NAICS 115116 Farm management services","County, NAICS 6-digit -- by ownership sector","All establishment sizes",1,0,0,0,0,0,0,0,"N",19.93,0,0,0,0,0,0,0,"N",0,0.0,0,0,0,0,0,0,0,0,0,0,0,0,0,0
"35053","5","21","74","0","2016","1","N","Socorro County, New Mexico","Private","NAICS 21 Mining, quarrying, and oil and gas extraction","County, NAICS Sector -- by ownership sector","All establishment sizes",1,0,0,0,0,0,0,0,"N",0.77,0,0,0,0,0,0,0,"N",0,0.0,0,0,0,0,0,0,0,0,0,0,0,0,0,0
"35053","5","21","74","0","2016","2","N","Socorro County, New Mexico","Private","NAICS 21 Mining, quarrying, and oil and gas extraction","County, NAICS Sector -- by ownership sector","All establishment sizes",1,0,0,0,0,0,0,0,"N",0.79,0,0,0,0,0,0,0,"N",0,0.0,0,0,0,0,0,0,0,0,0,0,0,0,0,0
"35053","5","21","74","0","2016","3","N","Socorro County, New Mexico","Private","NAICS 21 Mining, quarrying, and oil and gas extraction","County, NAICS Sector -- by ownership sector","All establishment sizes",1,0,0,0,0,0,0,0,"N",0.81,0,0,0,0,0,0,0,"N",0,0.0,0,0,0,0,0,0,0,0,0,0,0,0,0,0
"35053","5","21","74","0","2016","4","N","Socorro County, New Mexico","Private","NAICS 21 Mining, quarrying, and oil and gas extraction","County, NAICS Sector -- by ownership sector","All establishment sizes",1,0,0,0,0,0,0,0,"N",0.83,0,0,0,0,0,0,0,"N",0,0.0,0,0,0,0,0,0,0,0,0,0,0,0,0,0
"35053","5","212","75","0","2016","1","N","Socorro County, New Mexico","Private","NAICS 212 Mining, except oil and gas","County, NAICS 3-digit -- by ownership sector","All establishment sizes",1,0,0,0,0,0,0,0,"N",3.74,0,0,0,0,0,0,0,"N",0,0.0,0,0,0,0,0,0,0,0,0,0,0,0,0,0
"35053","5","212","75","0","2016","2","N","Socorro County, New Mexico","Private","NAICS 212 Mining, except oil and gas","County, NAICS 3-digit -- by ownership sector","All establishment sizes",1,0,0,0,0,0,0,0,"N",3.81,0,0,0,0,0,0,0,"N",0,0.0,0,0,0,0,0,0,0,0,0,0,0,0,0,0
"35053","5","212","75","0","2016","3","N","Socorro County, New Mexico","Private","NAICS 212 Mining, except oil and gas","County, NAICS 3-digit -- by ownership sector","All establishment sizes",1,0,0,0,0,0,0,0,"N",3.90,0,0,0,0,0,0,0,"N",0,0.0,0,0,0,0,0,0,0,0,0,0,0,0,0,0
"35053","5","212","75","0","2016","4","N","Socorro County, New Mexico","Private","NAICS 212 Mining, except oil and gas","County, NAICS 3-digit -- by ownership sector","All establishment sizes",1,0,0,0,0,0,0,0,"N",3.94,0,0,0,0,0,0,0,"N",0,0.0,0,0,0,0,0,0,0,0,0,0,0,0,0,0
"35053","5","2123","76","0","2016","1","N","Socorro County, New Mexico","Private","NAICS 2123 Nonmetallic mineral mining and quarrying","County, NAICS 4-digit -- by ownership sector","All establishment sizes",1,0,0,0,0,0,0,0,"N",4.65,0,0,0,0,0,0,0,"N",0,0.0,0,0,0,0,0,0,0,0,0,0,0,0,0,0
"35053","5","2123","76","0","2016","2","N","Socorro County, New Mexico","Private","NAICS 2123 Nonmetallic mineral mining and quarrying","County, NAICS 4-digit -- by ownership sector","All establishment sizes",1,0,0,0,0,0,0,0,"N",4.71,0,0,0,0,0,0,0,"N",0,0.0,0,0,0,0,0,0,0,0,0,0,0,0,0,0
"35053","5","2123","76","0","2016","3","N","Socorro County, New Mexico","Private","NAICS 2123 Nonmetallic mineral mining and quarrying","County, NAICS 4-digit -- by ownership sector","All establishment sizes",1,0,0,0,0,0,0,0,"N",4.82,0,0,0,0,0,0,0,"N",0,0.0,0,0,0,0,0,0,0,0,0,0,0,0,0,0
"35053","5","2123","76","0","2016","4","N","Socorro County, New Mexico","Private","NAICS 2123 Nonmetallic mineral mining and quarrying","County, NAICS 4-digit -- by ownership sector","All establishment sizes",1,0,0,0,0,0,0,0,"N",4.88,0,0,0,0,0,0,0,"N",0,0.0,0,0,0,0,0,0,0,0,0,0,0,0,0,0
"35053","5","21239","77","0","2016","1","N","Socorro County, New Mexico","Private","NAICS 21239 Other nonmetallic mineral mining","County, NAICS 5-digit -- by ownership sector","All establishment sizes",1,0,0,0,0,0,0,0,"N",70.19,0,0,0,0,0,0,0,"N",0,0.0,0,0,0,0,0,0,0,0,0,0,0,0,0,0
"35053","5","21239","77","0","2016","2","N","Socorro County, New Mexico","Private","NAICS 21239 Other nonmetallic mineral mining","County, NAICS 5-digit -- by ownership sector","All establishment sizes",1,0,0,0,0,0,0,0,"N",70.21,0,0,0,0,0,0,0,"N",0,0.0,0,0,0,0,0,0,0,0,0,0,0,0,0,0
"35053","5","21239","77","0","2016","3","N","Socorro County, New Mexico","Private","NAICS 21239 Other nonmetallic mineral mining","County, NAICS 5-digit -- by ownership sector","All establishment sizes",1,0,0,0,0,0,0,0,"N",71.21,0,0,0,0,0,0,0,"N",0,0.0,0,0,0,0,0,0,0,0,0,0,0,0,0,0
"35053","5","21239","77","0","2016","4","N","Socorro County, New Mexico","Private","NAICS 21239 Other nonmetallic mineral mining","County, NAICS 5-digit -- by ownership sector","All establishment sizes",1,0,0,0,0,0,0,0,"N",70.67,0,0,0,0,0,0,0,"N",0,0.0,0,0,0,0,0,0,0,0,0,0,0,0,0,0
"35053","5","212399","78","0","2016","1","N","Socorro County, New Mexico","Private","NAICS 212399 All other nonmetallic mineral mining","County, NAICS 6-digit -- by ownership sector","All establishment sizes",1,0,0,0,0,0,0,0,"N",106.68,0,0,0,0,0,0,0,"N",0,0.0,0,0,0,0,0,0,0,0,0,0,0,0,0,0
"35053","5","212399","78","0","2016","2","N","Socorro County, New Mexico","Private","NAICS 212399 All other nonmetallic mineral mining","County, NAICS 6-digit -- by ownership sector","All establishment sizes",1,0,0,0,0,0,0,0,"N",106.43,0,0,0,0,0,0,0,"N",0,0.0,0,0,0,0,0,0,0,0,0,0,0,0,0,0
"35053","5","212399","78","0","2016","3","N","Socorro County, New Mexico","Private","NAICS 212399 All other nonmetallic mineral mining","County, NAICS 6-digit -- by ownership sector","All establishment sizes",1,0,0,0,0,0,0,0,"N",107.38,0,0,0,0,0,0,0,"N",0,0.0,0,0,0,0,0,0,0,0,0,0,0,0,0,0
"35053","5","212399","78","0","2016","4","N","Socorro County, New Mexico","Private","NAICS 212399 All other nonmetallic mineral mining","County, NAICS 6-digit -- by ownership sector","All establishment sizes",1,0,0,0,0,0,0,0,"N",107.09,0,0,0,0,0,0,0,"N",0,0.0,0,0,0,0,0,0,0,0,0,0,0,0,0,0
"35053","5","22","74","0","2016","1","N","Socorro County, New Mexico","Private","NAICS 22 Utilities","County, NAICS Sector -- by ownership sector","All establishment sizes",3,0,0,0,0,0,0,0,"N",4.54,0,0,0,0,0,0,0,"N",0,0.0,0,0,0,0,0,0,0,0,0,0,0,0,0,0
"35053","5","22","74","0","2016","2","N","Socorro County, New Mexico","Private","NAICS 22 Utilities","County, NAICS Sector -- by ownership sector","All establishment sizes",3,0,0,0,0,0,0,0,"N",4.58,0,0,0,0,0,0,0,"N",0,0.0,0,0,0,0,0,0,0,0,0,0,0,0,0,0
"35053","5","22","74","0","2016","3","N","Socorro County, New Mexico","Private","NAICS 22 Utilities","County, NAICS Sector -- by ownership sector","All establishment sizes",3,0,0,0,0,0,0,0,"N",4.66,0,0,0,0,0,0,0,"N",0,0.0,0,0,0,0,0,0,0,0,0,0,0,0,0,0
"35053","5","22","74","0","2016","4","N","Socorro County, New Mexico","Private","NAICS 22 Utilities","County, NAICS Sector -- by ownership sector","All establishment sizes",3,0,0,0,0,0,0,0,"N",4.70,0,0,0,0,0,0,0,"N",0,0.0,0,0,0,0,0,0,0,0,0,0,0,0,0,0
"35053","5","221","75","0","2016","1","N","Socorro County, New Mexico","Private","NAICS 221 Utilities","County, NAICS 3-digit -- by ownership sector","All establishment sizes",3,0,0,0,0,0,0,0,"N",4.54,0,0,0,0,0,0,0,"N",0,0.0,0,0,0,0,0,0,0,0,0,0,0,0,0,0
"35053","5","221","75","0","2016","2","N","Socorro County, New Mexico","Private","NAICS 221 Utilities","County, NAICS 3-digit -- by ownership sector","All establishment sizes",3,0,0,0,0,0,0,0,"N",4.58,0,0,0,0,0,0,0,"N",0,0.0,0,0,0,0,0,0,0,0,0,0,0,0,0,0
"35053","5","221","75","0","2016","3","N","Socorro County, New Mexico","Private","NAICS 221 Utilities","County, NAICS 3-digit -- by ownership sector","All establishment sizes",3,0,0,0,0,0,0,0,"N",4.66,0,0,0,0,0,0,0,"N",0,0.0,0,0,0,0,0,0,0,0,0,0,0,0,0,0
"35053","5","221","75","0","2016","4","N","Socorro County, New Mexico","Private","NAICS 221 Utilities","County, NAICS 3-digit -- by ownership sector","All establishment sizes",3,0,0,0,0,0,0,0,"N",4.70,0,0,0,0,0,0,0,"N",0,0.0,0,0,0,0,0,0,0,0,0,0,0,0,0,0
"35053","5","2211","76","0","2016","1","N","Socorro County, New Mexico","Private","NAICS 2211 Power generation and supply","County, NAICS 4-digit -- by ownership sector","All establishment sizes",1,0,0,0,0,0,0,0,"N",2.98,0,0,0,0,0,0,0,"N",0,0.0,0,0,0,0,0,0,0,0,0,0,0,0,0,0
"35053","5","2211","76","0","2016","2","N","Socorro County, New Mexico","Private","NAICS 2211 Power generation and supply","County, NAICS 4-digit -- by ownership sector","All establishment sizes",1,0,0,0,0,0,0,0,"N",2.99,0,0,0,0,0,0,0,"N",0,0.0,0,0,0,0,0,0,0,0,0,0,0,0,0,0
"35053","5","2211","76","0","2016","3","N","Socorro County, New Mexico","Private","NAICS 2211 Power generation and supply","County, NAICS 4-digit -- by ownership sector","All establishment sizes",1,0,0,0,0,0,0,0,"N",3.04,0,0,0,0,0,0,0,"N",0,0.0,0,0,0,0,0,0,0,0,0,0,0,0,0,0
"35053","5","2211","76","0","2016","4","N","Socorro County, New Mexico","Private","NAICS 2211 Power generation and supply","County, NAICS 4-digit -- by ownership sector","All establishment sizes",1,0,0,0,0,0,0,0,"N",3.07,0,0,0,0,0,0,0,"N",0,0.0,0,0,0,0,0,0,0,0,0,0,0,0,0,0
"35053","5","22112","77","0","2016","1","N","Socorro County, New Mexico","Private","NAICS 22112 Electric power transmission and distribution","County, NAICS 5-digit -- by ownership sector","All establishment sizes",1,0,0,0,0,0,0,0,"N",4.70,0,0,0,0,0,0,0,"N",0,0.0,0,0,0,0,0,0,0,0,0,0,0,0,0,0
"35053","5","22112","77","0","2016","2","N","Socorro County, New Mexico","Private","NAICS 22112 Electric power transmission and distribution","County, NAICS 5-digit -- by ownership sector","All establishment sizes",1,0,0,0,0,0,0,0,"N",4.73,0,0,0,0,0,0,0,"N",0,0.0,0,0,0,0,0,0,0,0,0,0,0,0,0,0
"35053","5","22112","77","0","2016","3","N","Socorro County, New Mexico","Private","NAICS 22112 Electric power transmission and distribution","County, NAICS 5-digit -- by ownership sector","All establishment sizes",1,0,0,0,0,0,0,0,"N",4.80,0,0,0,0,0,0,0,"N",0,0.0,0,0,0,0,0,0,0,0,0,0,0,0,0,0
"35053","5","22112","77","0","2016","4","N","Socorro County, New Mexico","Private","NAICS 22112 Electric power transmission and distribution","County, NAICS 5-digit -- by ownership sector","All establishment sizes",1,0,0,0,0,0,0,0,"N",4.85,0,0,0,0,0,0,0,"N",0,0.0,0,0,0,0,0,0,0,0,0,0,0,0,0,0
"35053","5","221122","78","0","2016","1","N","Socorro County, New Mexico","Private","NAICS 221122 Electric power distribution","County, NAICS 6-digit -- by ownership sector","All establishment sizes",1,0,0,0,0,0,0,0,"N",5.26,0,0,0,0,0,0,0,"N",0,0.0,0,0,0,0,0,0,0,0,0,0,0,0,0,0
"35053","5","221122","78","0","2016","2","N","Socorro County, New Mexico","Private","NAICS 221122 Electric power distribution","County, NAICS 6-digit -- by ownership sector","All establishment sizes",1,0,0,0,0,0,0,0,"N",5.31,0,0,0,0,0,0,0,"N",0,0.0,0,0,0,0,0,0,0,0,0,0,0,0,0,0
"35053","5","221122","78","0","2016","3","N","Socorro County, New Mexico","Private","NAICS 221122 Electric power distribution","County, NAICS 6-digit -- by ownership sector","All establishment sizes",1,0,0,0,0,0,0,0,"N",5.38,0,0,0,0,0,0,0,"N",0,0.0,0,0,0,0,0,0,0,0,0,0,0,0,0,0
"35053","5","221122","78","0","2016","4","N","Socorro County, New Mexico","Private","NAICS 221122 Electric power distribution","County, NAICS 6-digit -- by ownership sector","All establishment sizes",1,0,0,0,0,0,0,0,"N",5.43,0,0,0,0,0,0,0,"N",0,0.0,0,0,0,0,0,0,0,0,0,0,0,0,0,0
"35053","5","2213","76","0","2016","1","N","Socorro County, New Mexico","Private","NAICS 2213 Water, sewage and other systems","County, NAICS 4-digit -- by ownership sector","All establishment sizes",2,0,0,0,0,0,0,0,"N",9.34,0,0,0,0,0,0,0,"N",0,0.0,0,0,0,0,0,0,0,0,0,0,0,0,0,0
"35053","5","2213","76","0","2016","2","N","Socorro County, New Mexico","Private","NAICS 2213 Water, sewage and other systems","County, NAICS 4-digit -- by ownership sector","All establishment sizes",2,0,0,0,0,0,0,0,"N",9.42,0,0,0,0,0,0,0,"N",0,0.0,0,0,0,0,0,0,0,0,0,0,0,0,0,0
"35053","5","2213","76","0","2016","3","N","Socorro County, New Mexico","Private","NAICS 2213 Water, sewage and other systems","County, NAICS 4-digit -- by ownership sector","All establishment sizes",2,0,0,0,0,0,0,0,"N",9.54,0,0,0,0,0,0,0,"N",0,0.0,0,0,0,0,0,0,0,0,0,0,0,0,0,0
"35053","5","2213","76","0","2016","4","N","Socorro County, New Mexico","Private","NAICS 2213 Water, sewage and other systems","County, NAICS 4-digit -- by ownership sector","All establishment sizes",2,0,0,0,0,0,0,0,"N",9.65,0,0,0,0,0,0,0,"N",0,0.0,0,0,0,0,0,0,0,0,0,0,0,0,0,0
"35053","5","22131","77","0","2016","1","N","Socorro County, New Mexico","Private","NAICS 22131 Water supply and irrigation systems","County, NAICS 5-digit -- by ownership sector","All establishment sizes",2,0,0,0,0,0,0,0,"N",10.80,0,0,0,0,0,0,0,"N",0,0.0,0,0,0,0,0,0,0,0,0,0,0,0,0,0
"35053","5","22131","77","0","2016","2","N","Socorro County, New Mexico","Private","NAICS 22131 Water supply and irrigation systems","County, NAICS 5-digit -- by ownership sector","All establishment sizes",2,0,0,0,0,0,0,0,"N",10.91,0,0,0,0,0,0,0,"N",0,0.0,0,0,0,0,0,0,0,0,0,0,0,0,0,0
"35053","5","22131","77","0","2016","3","N","Socorro County, New Mexico","Private","NAICS 22131 Water supply and irrigation systems","County, NAICS 5-digit -- by ownership sector","All establishment sizes",2,0,0,0,0,0,0,0,"N",11.05,0,0,0,0,0,0,0,"N",0,0.0,0,0,0,0,0,0,0,0,0,0,0,0,0,0
"35053","5","22131","77","0","2016","4","N","Socorro County, New Mexico","Private","NAICS 22131 Water supply and irrigation systems","County, NAICS 5-digit -- by ownership sector","All establishment sizes",2,0,0,0,0,0,0,0,"N",11.17,0,0,0,0,0,0,0,"N",0,0.0,0,0,0,0,0,0,0,0,0,0,0,0,0,0
"35053","5","221310","78","0","2016","1","N","Socorro County, New Mexico","Private","NAICS 221310 Water supply and irrigation systems","County, NAICS 6-digit -- by ownership sector","All establishment sizes",2,0,0,0,0,0,0,0,"N",10.80,0,0,0,0,0,0,0,"N",0,0.0,0,0,0,0,0,0,0,0,0,0,0,0,0,0
"35053","5","221310","78","0","2016","2","N","Socorro County, New Mexico","Private","NAICS 221310 Water supply and irrigation systems","County, NAICS 6-digit -- by ownership sector","All establishment sizes",2,0,0,0,0,0,0,0,"N",10.91,0,0,0,0,0,0,0,"N",0,0.0,0,0,0,0,0,0,0,0,0,0,0,0,0,0
"35053","5","221310","78","0","2016","3","N","Socorro County, New Mexico","Private","NAICS 221310 Water supply and irrigation systems","County, NAICS 6-digit -- by ownership sector","All establishment sizes",2,0,0,0,0,0,0,0,"N",11.05,0,0,0,0,0,0,0,"N",0,0.0,0,0,0,0,0,0,0,0,0,0,0,0,0,0
"35053","5","221310","78","0","2016","4","N","Socorro County, New Mexico","Private","NAICS 221310 Water supply and irrigation systems","County, NAICS 6-digit -- by ownership sector","All establishment sizes",2,0,0,0,0,0,0,0,"N",11.17,0,0,0,0,0,0,0,"N",0,0.0,0,0,0,0,0,0,0,0,0,0,0,0,0,0
"35053","5","23","74","0","2016","1","","Socorro County, New Mexico","Private","NAICS 23 Construction","County, NAICS Sector -- by ownership sector","All establishment sizes",21,65,72,74,425555,425555,7883,465,"",0.73,0.27,0.30,0.30,0.21,0.28,0.14,0.70,"",1,5.0,7,12.1,15,26.3,21,39.6,103968,32.3,103968,32.3,93,1.2,23,5.2
"35053","5","23","74","0","2016","2","","Socorro County, New Mexico","Private","NAICS 23 Construction","County, NAICS Sector -- by ownership sector","All establishment sizes",20,96,93,94,551353,525784,15201,450,"",0.70,0.38,0.37,0.36,0.22,0.40,0.29,0.60,"",0,0.0,26,37.1,3,3.3,13,16.0,-54147,-8.9,-8754,-1.6,-2873,-15.9,-130,-22.4
"35053","5","23","74","0","2016","3","","Socorro County, New Mexico","Private","NAICS 23 Construction","County, NAICS Sector -- by ownership sector","All establishment sizes",18,87,85,73,593319,471453,15651,559,"",0.64,0.34,0.33,0.28,0.23,0.49,0.40,0.72,"",-2,-10.0,10,13.0,10,13.3,-16,-18.0,-50471,-7.8,56221,13.5,1542,10.9,-57,-9.3
"35053","5","23","74","0","2016","4","","Socorro County, New Mexico","Private","NAICS 23 Construction","County, NAICS Sector -- by ownership sector","All establishment sizes",19,64,74,73,491972,305293,9446,538,"",0.68,0.25,0.29,0.29,0.18,0.47,0.53,0.67,"",-1,-5.0,-15,-19.0,-12,-14.0,2,2.8,-84555,-14.7,-54969,-15.3,-3181,-25.2,-26,-4.6
"35053","5","236","75","0","2016","1","N","Socorro County, New Mexico","Private","NAICS 236 Construction of buildings","County, NAICS 3-digit -- by ownership sector","All establishment sizes",6,0,0,0,0,0,0,0,"N",0.70,0,0,0,0,0,0,0,"N",1,20.0,0,0,0,0,0,0,0,0,0,0,0,0,0,0
"35053","5","236","75","0","2016","2","N","Socorro County, New Mexico","Private","NAICS 236 Construction of buildings","County, NAICS 3-digit -- by ownership sector","All establishment sizes",5,0,0,0,0,0,0,0,"N",0.58,0,0,0,0,0,0,0,"N",0,0.0,0,0,0,0,0,0,0,0,0,0,0,0,0,0
"35053","5","236","75","0","2016","3","N","Socorro County, New Mexico","Private","NAICS 236 Construction of buildings","County, NAICS 3-digit -- by ownership sector","All establishment sizes",4,0,0,0,0,0,0,0,"N",0.47,0,0,0,0,0,0,0,"N",-1,-20.0,0,0,0,0,0,0,0,0,0,0,0,0,0,0
"35053","5","236","75","0","2016","4","N","Socorro County, New Mexico","Private","NAICS 236 Construction of buildings","County, NAICS 3-digit -- by ownership sector","All establishment sizes",5,0,0,0,0,0,0,0,"N",0.59,0,0,0,0,0,0,0,"N",0,0.0,0,0,0,0,0,0,0,0,0,0,0,0,0,0
"35053","5","2361","76","0","2016","1","N","Socorro County, New Mexico","Private","NAICS 2361 Residential building construction","County, NAICS 4-digit -- by ownership sector","All establishment sizes",2,0,0,0,0,0,0,0,"N",0.30,0,0,0,0,0,0,0,"N",1,100.0,0,0,0,0,0,0,0,0,0,0,0,0,0,0
"35053","5","2361","76","0","2016","2","N","Socorro County, New Mexico","Private","NAICS 2361 Residential building construction","County, NAICS 4-digit -- by ownership sector","All establishment sizes",2,0,0,0,0,0,0,0,"N",0.30,0,0,0,0,0,0,0,"N",1,100.0,0,0,0,0,0,0,0,0,0,0,0,0,0,0
"35053","5","2361","76","0","2016","3","N","Socorro County, New Mexico","Private","NAICS 2361 Residential building construction","County, NAICS 4-digit -- by ownership sector","All establishment sizes",1,0,0,0,0,0,0,0,"N",0.15,0,0,0,0,0,0,0,"N",0,0.0,0,0,0,0,0,0,0,0,0,0,0,0,0,0
"35053","5","2361","76","0","2016","4","N","Socorro County, New Mexico","Private","NAICS 2361 Residential building construction","County, NAICS 4-digit -- by ownership sector","All establishment sizes",2,0,0,0,0,0,0,0,"N",0.31,0,0,0,0,0,0,0,"N",1,100.0,0,0,0,0,0,0,0,0,0,0,0,0,0,0
"35053","5","23611","77","0","2016","1","N","Socorro County, New Mexico","Private","NAICS 23611 Residential building construction","County, NAICS 5-digit -- by ownership sector","All establishment sizes",2,0,0,0,0,0,0,0,"N",0.30,0,0,0,0,0,0,0,"N",1,100.0,0,0,0,0,0,0,0,0,0,0,0,0,0,0
"35053","5","23611","77","0","2016","2","N","Socorro County, New Mexico","Private","NAICS 23611 Residential building construction","County, NAICS 5-digit -- by ownership sector","All establishment sizes",2,0,0,0,0,0,0,0,"N",0.30,0,0,0,0,0,0,0,"N",1,100.0,0,0,0,0,0,0,0,0,0,0,0,0,0,0
"35053","5","23611","77","0","2016","3","N","Socorro County, New Mexico","Private","NAICS 23611 Residential building construction","County, NAICS 5-digit -- by ownership sector","All establishment sizes",1,0,0,0,0,0,0,0,"N",0.15,0,0,0,0,0,0,0,"N",0,0.0,0,0,0,0,0,0,0,0,0,0,0,0,0,0
"35053","5","23611","77","0","2016","4","N","Socorro County, New Mexico","Private","NAICS 23611 Residential building construction","County, NAICS 5-digit -- by ownership sector","All establishment sizes",2,0,0,0,0,0,0,0,"N",0.31,0,0,0,0,0,0,0,"N",1,100.0,0,0,0,0,0,0,0,0,0,0,0,0,0,0
"35053","5","236115","78","0","2016","1","N","Socorro County, New Mexico","Private","NAICS 236115 New single-family general contractors","County, NAICS 6-digit -- by ownership sector","All establishment sizes",1,0,0,0,0,0,0,0,"N",0.33,0,0,0,0,0,0,0,"N",0,0.0,0,0,0,0,0,0,0,0,0,0,0,0,0,0
"35053","5","236115","78","0","2016","2","N","Socorro County, New Mexico","Private","NAICS 236115 New single-family general contractors","County, NAICS 6-digit -- by ownership sector","All establishment sizes",1,0,0,0,0,0,0,0,"N",0.33,0,0,0,0,0,0,0,"N",0,0.0,0,0,0,0,0,0,0,0,0,0,0,0,0,0
"35053","5","236115","78","0","2016","3","-","Socorro County, New Mexico","Private","NAICS 236115 New single-family general contractors","County, NAICS 6-digit -- by ownership sector","All establishment sizes",0,0,0,0,0,0,0,0,"N",0.00,0,0,0,0,0,0,0,"N",-1,-100.0,0,0,0,0,0,0,0,0,0,0,0,0,0,0
"35053","5","236115","78","0","2016","4","-","Socorro County, New Mexico","Private","NAICS 236115 New single-family general contractors","County, NAICS 6-digit -- by ownership sector","All establishment sizes",0,0,0,0,0,0,0,0,"N",0.00,0,0,0,0,0,0,0,"N",-1,-100.0,0,0,0,0,0,0,0,0,0,0,0,0,0,0
"35053","5","236118","78","0","2016","1","N","Socorro County, New Mexico","Private","NAICS 236118 Residential remodelers","County, NAICS 6-digit -- by ownership sector","All establishment sizes",1,0,0,0,0,0,0,0,"N",0.31,0,0,0,0,0,0,0,"N",1,100.0,0,0,0,0,0,0,0,0,0,0,0,0,0,0
"35053","5","236118","78","0","2016","2","N","Socorro County, New Mexico","Private","NAICS 236118 Residential remodelers","County, NAICS 6-digit -- by ownership sector","All establishment sizes",1,0,0,0,0,0,0,0,"N",0.31,0,0,0,0,0,0,0,"N",1,100.0,0,0,0,0,0,0,0,0,0,0,0,0,0,0
"35053","5","236118","78","0","2016","3","N","Socorro County, New Mexico","Private","NAICS 236118 Residential remodelers","County, NAICS 6-digit -- by ownership sector","All establishment sizes",1,0,0,0,0,0,0,0,"N",0.31,0,0,0,0,0,0,0,"N",1,100.0,0,0,0,0,0,0,0,0,0,0,0,0,0,0
"35053","5","236118","78","0","2016","4","N","Socorro County, New Mexico","Private","NAICS 236118 Residential remodelers","County, NAICS 6-digit -- by ownership sector","All establishment sizes",2,0,0,0,0,0,0,0,"N",0.62,0,0,0,0,0,0,0,"N",2,100.0,0,0,0,0,0,0,0,0,0,0,0,0,0,0
"35053","5","2362","76","0","2016","1","","Socorro County, New Mexico","Private","NAICS 2362 Nonresidential building construction","County, NAICS 4-digit -- by ownership sector","All establishment sizes",4,11,13,14,107590,107590,961,653,"",1.99,0.40,0.47,0.50,0.34,0.54,0.12,0.75,"",0,0.0,5,83.3,4,44.4,8,133.3,62901,140.8,62901,140.8,-320,-25.0,162,33.0
"35053","5","2362","76","0","2016","2","","Socorro County, New Mexico","Private","NAICS 2362 Nonresidential building construction","County, NAICS 4-digit -- by ownership sector","All establishment sizes",3,19,10,11,69608,52842,476,402,"",1.50,0.66,0.35,0.37,0.20,0.38,0.08,0.43,"N",-1,-25.0,0,0,0,0,0,0,0,0,0,0,0,0,0,0
"35053","5","2362","76","0","2016","3","","Socorro County, New Mexico","Private","NAICS 2362 Nonresidential building construction","County, NAICS 4-digit -- by ownership sector","All establishment sizes",3,9,6,7,38091,15206,138,400,"",1.51,0.31,0.21,0.24,0.10,0.15,0.03,0.42,"N",-1,-25.0,0,0,0,0,0,0,0,0,0,0,0,0,0,0
"35053","5","2362","76","0","2016","4","","Socorro County, New Mexico","Private","NAICS 2362 Nonresidential building construction","County, NAICS 4-digit -- by ownership sector","All establishment sizes",3,7,6,8,34605,14989,106,380,"",1.53,0.24,0.21,0.28,0.09,0.21,0.05,0.36,"",-1,-25.0,0,0.0,-8,-57.1,-2,-20.0,-23527,-40.5,-41641,-73.5,-2170,-95.3,-53,-12.2
"35053","5","23622","77","0","2016","1","","Socorro County, New Mexico","Private","NAICS 23622 Commercial building construction","County, NAICS 5-digit -- by ownership sector","All establishment sizes",4,11,13,14,107590,107590,961,653,"",2.25,0.50,0.60,0.63,0.45,0.70,0.16,0.78,"",0,0.0,5,83.3,4,44.4,8,133.3,62901,140.8,62901,140.8,-320,-25.0,162,33.0
"35053","5","23622","77","0","2016","2","","Socorro County, New Mexico","Private","NAICS 23622 Commercial building construction","County, NAICS 5-digit -- by ownership sector","All establishment sizes",3,19,10,11,69608,52842,476,402,"",1.70,0.84,0.44,0.47,0.26,0.49,0.11,0.44,"N",-1,-25.0,0,0,0,0,0,0,0,0,0,0,0,0,0,0
"35053","5","23622","77","0","2016","3","","Socorro County, New Mexico","Private","NAICS 23622 Commercial building construction","County, NAICS 5-digit -- by ownership sector","All establishment sizes",3,9,6,7,38091,15206,138,400,"",1.71,0.39,0.26,0.30,0.14,0.19,0.04,0.43,"N",-1,-25.0,0,0,0,0,0,0,0,0,0,0,0,0,0,0
"35053","5","23622","77","0","2016","4","","Socorro County, New Mexico","Private","NAICS 23622 Commercial building construction","County, NAICS 5-digit -- by ownership sector","All establishment sizes",3,7,6,8,34605,14989,106,380,"",1.73,0.30,0.26,0.36,0.11,0.28,0.07,0.37,"",-1,-25.0,0,0.0,-8,-57.1,-2,-20.0,-23527,-40.5,-41641,-73.5,-2170,-95.3,-53,-12.2
"35053","5","236220","78","0","2016","1","","Socorro County, New Mexico","Private","NAICS 236220 Commercial building construction","County, NAICS 6-digit -- by ownership sector","All establishment sizes",4,11,13,14,107590,107590,961,653,"",2.25,0.50,0.60,0.63,0.45,0.70,0.16,0.78,"",0,0.0,5,83.3,4,44.4,8,133.3,62901,140.8,62901,140.8,-320,-25.0,162,33.0
"35053","5","236220","78","0","2016","2","","Socorro County, New Mexico","Private","NAICS 236220 Commercial building construction","County, NAICS 6-digit -- by ownership sector","All establishment sizes",3,19,10,11,69608,52842,476,402,"",1.70,0.84,0.44,0.47,0.26,0.49,0.11,0.44,"N",-1,-25.0,0,0,0,0,0,0,0,0,0,0,0,0,0,0
"35053","5","236220","78","0","2016","3","","Socorro County, New Mexico","Private","NAICS 236220 Commercial building construction","County, NAICS 6-digit -- by ownership sector","All establishment sizes",3,9,6,7,38091,15206,138,400,"",1.71,0.39,0.26,0.30,0.14,0.19,0.04,0.43,"N",-1,-25.0,0,0,0,0,0,0,0,0,0,0,0,0,0,0
"35053","5","236220","78","0","2016","4","","Socorro County, New Mexico","Private","NAICS 236220 Commercial building construction","County, NAICS 6-digit -- by ownership sector","All establishment sizes",3,7,6,8,34605,14989,106,380,"",1.73,0.30,0.26,0.36,0.11,0.28,0.07,0.37,"",-1,-25.0,0,0.0,-8,-57.1,-2,-20.0,-23527,-40.5,-41641,-73.5,-2170,-95.3,-53,-12.2
"35053","5","237","75","0","2016","1","N","Socorro County, New Mexico","Private","NAICS 237 Heavy and civil engineering construction","County, NAICS 3-digit -- by ownership sector","All establishment sizes",1,0,0,0,0,0,0,0,"N",0.53,0,0,0,0,0,0,0,"N",0,0.0,0,0,0,0,0,0,0,0,0,0,0,0,0,0
"35053","5","237","75","0","2016","2","N","Socorro County, New Mexico","Private","NAICS 237 Heavy and civil engineering construction","County, NAICS 3-digit -- by ownership sector","All establishment sizes",1,0,0,0,0,0,0,0,"N",0.54,0,0,0,0,0,0,0,"N",0,0.0,0,0,0,0,0,0,0,0,0,0,0,0,0,0
"35053","5","237","75","0","2016","3","N","Socorro County, New Mexico","Private","NAICS 237 Heavy and civil engineering construction","County, NAICS 3-digit -- by ownership sector","All establishment sizes",1,0,0,0,0,0,0,0,"N",0.54,0,0,0,0,0,0,0,"N",0,0.0,0,0,0,0,0,0,0,0,0,0,0,0,0,0
"35053","5","237","75","0","2016","4","N","Socorro County, New Mexico","Private","NAICS 237 Heavy and civil engineering construction","County, NAICS 3-digit -- by ownership sector","All establishment sizes",1,0,0,0,0,0,0,0,"N",0.55,0,0,0,0,0,0,0,"N",0,0.0,0,0,0,0,0,0,0,0,0,0,0,0,0,0
"35053","5","2373","76","0","2016","1","N","Socorro County, New Mexico","Private","NAICS 2373 Highway, street, and bridge construction","County, NAICS 4-digit -- by ownership sector","All establishment sizes",1,0,0,0,0,0,0,0,"N",2.43,0,0,0,0,0,0,0,"N",0,0.0,0,0,0,0,0,0,0,0,0,0,0,0,0,0
"35053","5","2373","76","0","2016","2","N","Socorro County, New Mexico","Private","NAICS 2373 Highway, street, and bridge construction","County, NAICS 4-digit -- by ownership sector","All establishment sizes",1,0,0,0,0,0,0,0,"N",2.43,0,0,0,0,0,0,0,"N",0,0.0,0,0,0,0,0,0,0,0,0,0,0,0,0,0
"35053","5","2373","76","0","2016","3","N","Socorro County, New Mexico","Private","NAICS 2373 Highway, street, and bridge construction","County, NAICS 4-digit -- by ownership sector","All establishment sizes",1,0,0,0,0,0,0,0,"N",2.46,0,0,0,0,0,0,0,"N",0,0.0,0,0,0,0,0,0,0,0,0,0,0,0,0,0
"35053","5","2373","76","0","2016","4","N","Socorro County, New Mexico","Private","NAICS 2373 Highway, street, and bridge construction","County, NAICS 4-digit -- by ownership sector","All establishment sizes",1,0,0,0,0,0,0,0,"N",2.49,0,0,0,0,0,0,0,"N",0,0.0,0,0,0,0,0,0,0,0,0,0,0,0,0,0
"35053","5","23731","77","0","2016","1","N","Socorro County, New Mexico","Private","NAICS 23731 Highway, street, and bridge construction","County, NAICS 5-digit -- by ownership sector","All establishment sizes",1,0,0,0,0,0,0,0,"N",2.43,0,0,0,0,0,0,0,"N",0,0.0,0,0,0,0,0,0,0,0,0,0,0,0,0,0
"35053","5","23731","77","0","2016","2","N","Socorro County, New Mexico","Private","NAICS 23731 Highway, street, and bridge construction","County, NAICS 5-digit -- by ownership sector","All establishment sizes",1,0,0,0,0,0,0,0,"N",2.43,0,0,0,0,0,0,0,"N",0,0.0,0,0,0,0,0,0,0,0,0,0,0,0,0,0
"35053","5","23731","77","0","2016","3","N","Socorro County, New Mexico","Private","NAICS 23731 Highway, street, and bridge construction","County, NAICS 5-digit -- by ownership sector","All establishment sizes",1,0,0,0,0,0,0,0,"N",2.46,0,0,0,0,0,0,0,"N",0,0.0,0,0,0,0,0,0,0,0,0,0,0,0,0,0
"35053","5","23731","77","0","2016","4","N","Socorro County, New Mexico","Private","NAICS 23731 Highway, street, and bridge construction","County, NAICS 5-digit -- by ownership sector","All establishment sizes",1,0,0,0,0,0,0,0,"N",2.49,0,0,0,0,0,0,0,"N",0,0.0,0,0,0,0,0,0,0,0,0,0,0,0,0,0
"35053","5","237310","78","0","2016","1","N","Socorro County, New Mexico","Private","NAICS 237310 Highway, street, and bridge construction","County, NAICS 6-digit -- by ownership sector","All establishment sizes",1,0,0,0,0,0,0,0,"N",2.43,0,0,0,0,0,0,0,"N",0,0.0,0,0,0,0,0,0,0,0,0,0,0,0,0,0
"35053","5","237310","78","0","2016","2","N","Socorro County, New Mexico","Private","NAICS 237310 Highway, street, and bridge construction","County, NAICS 6-digit -- by ownership sector","All establishment sizes",1,0,0,0,0,0,0,0,"N",2.43,0,0,0,0,0,0,0,"N",0,0.0,0,0,0,0,0,0,0,0,0,0,0,0,0,0
"35053","5","237310","78","0","2016","3","N","Socorro County, New Mexico","Private","NAICS 237310 Highway, street, and bridge construction","County, NAICS 6-digit -- by ownership sector","All establishment sizes",1,0,0,0,0,0,0,0,"N",2.46,0,0,0,0,0,0,0,"N",0,0.0,0,0,0,0,0,0,0,0,0,0,0,0,0,0
"35053","5","237310","78","0","2016","4","N","Socorro County, New Mexico","Private","NAICS 237310 Highway, street, and bridge construction","County, NAICS 6-digit -- by ownership sector","All establishment sizes",1,0,0,0,0,0,0,0,"N",2.49,0,0,0,0,0,0,0,"N",0,0.0,0,0,0,0,0,0,0,0,0,0,0,0,0,0
"35053","5","238","75","0","2016","1","","Socorro County, New Mexico","Private","NAICS 238 Specialty trade contractors","County, NAICS 3-digit -- by ownership sector","All establishment sizes",14,40,44,42,243390,243390,3581,446,"",0.77,0.26,0.29,0.27,0.20,0.26,0.11,0.73,"",0,0.0,5,14.3,10,29.4,8,23.5,40384,19.9,40384,19.9,233,7.0,-9,-2.0
"35053","5","238","75","0","2016","2","","Socorro County, New Mexico","Private","NAICS 238 Specialty trade contractors","County, NAICS 3-digit -- by ownership sector","All establishment sizes",14,49,49,53,327426,322826,6796,500,"",0.77,0.30,0.30,0.32,0.22,0.39,0.21,0.71,"",0,0.0,5,11.4,7,16.7,16,43.2,62655,23.7,58055,21.9,1801,36.1,3,0.6
"35053","5","238","75","0","2016","3","","Socorro County, New Mexico","Private","NAICS 238 Specialty trade contractors","County, NAICS 3-digit -- by ownership sector","All establishment sizes",13,49,50,40,307872,248786,4066,511,"",0.72,0.30,0.31,0.24,0.20,0.41,0.17,0.70,"",-1,-7.1,10,25.6,11,28.2,3,8.1,93414,43.6,75314,43.4,719,21.5,81,18.8
"35053","5","238","75","0","2016","4","","Socorro County, New Mexico","Private","NAICS 238 Specialty trade contractors","County, NAICS 3-digit -- by ownership sector","All establishment sizes",13,36,38,39,216424,132416,1722,442,"",0.73,0.22,0.24,0.25,0.14,0.33,0.16,0.59,"",-1,-7.1,-4,-10.0,1,2.7,-2,-4.9,-85154,-28.2,-49528,-27.2,-2161,-55.7,-148,-25.1
"35053","5","2381","76","0","2016","1","","Socorro County, New Mexico","Private","NAICS 2381 Building foundation and exterior contractors","County, NAICS 4-digit -- by ownership sector","All establishment sizes",5,17,22,17,109088,109088,1944,450,"",1.40,0.58,0.75,0.56,0.52,0.65,0.32,0.83,"",0,0.0,8,88.9,13,144.4,6,54.5,58481,115.6,58481,115.6,1468,308.4,47,11.7
"35053","5","2381","76","0","2016","2","","Socorro County, New Mexico","Private","NAICS 2381 Building foundation and exterior contractors","County, NAICS 4-digit -- by ownership sector","All establishment sizes",5,23,21,27,147099,142499,4803,478,"",1.40,0.72,0.65,0.81,0.54,0.81,0.67,0.75,"",0,0.0,2,9.5,1,5.0,10,58.8,27161,22.6,22561,18.8,2749,133.8,1,0.2
"35053","5","2381","76","0","2016","3","","Socorro County, New Mexico","Private","NAICS 2381 Building foundation and exterior contractors","County, NAICS 4-digit -- by ownership sector","All establishment sizes",5,22,23,18,136607,107097,2711,500,"",1.42,0.68,0.70,0.54,0.48,0.78,0.49,0.75,"",0,0.0,6,37.5,8,53.3,3,20.0,64288,88.9,44317,70.6,1240,84.3,137,37.7
"35053","5","2381","76","0","2016","4","","Socorro County, New Mexico","Private","NAICS 2381 Building foundation and exterior contractors","County, NAICS 4-digit -- by ownership sector","All establishment sizes",5,14,15,16,72424,51129,1350,371,"",1.43,0.43,0.46,0.51,0.25,0.56,0.56,0.54,"",0,0.0,-4,-22.2,-1,-6.2,-4,-20.0,-66054,-47.7,-59606,-53.8,-1450,-51.8,-221,-37.3
"35053","5","23811","77","0","2016","1","N","Socorro County, New Mexico","Private","NAICS 23811 Poured concrete structure contractors","County, NAICS 5-digit -- by ownership sector","All establishment sizes",1,0,0,0,0,0,0,0,"N",1.44,0,0,0,0,0,0,0,"N",0,0.0,0,0,0,0,0,0,0,0,0,0,0,0,0,0
"35053","5","23811","77","0","2016","2","N","Socorro County, New Mexico","Private","NAICS 23811 Poured concrete structure contractors","County, NAICS 5-digit -- by ownership sector","All establishment sizes",1,0,0,0,0,0,0,0,"N",1.44,0,0,0,0,0,0,0,"N",0,0.0,0,0,0,0,0,0,0,0,0,0,0,0,0,0
"35053","5","23811","77","0","2016","3","N","Socorro County, New Mexico","Private","NAICS 23811 Poured concrete structure contractors","County, NAICS 5-digit -- by ownership sector","All establishment sizes",1,0,0,0,0,0,0,0,"N",1.44,0,0,0,0,0,0,0,"N",0,0.0,0,0,0,0,0,0,0,0,0,0,0,0,0,0
"35053","5","23811","77","0","2016","4","N","Socorro County, New Mexico","Private","NAICS 23811 Poured concrete structure contractors","County, NAICS 5-digit -- by ownership sector","All establishment sizes",1,0,0,0,0,0,0,0,"N",1.46,0,0,0,0,0,0,0,"N",0,0.0,0,0,0,0,0,0,0,0,0,0,0,0,0,0
"35053","5","238111","78","0","2016","1","N","Socorro County, New Mexico","Private","NAICS 238111 Residential poured foundation contractors","County, NAICS 6-digit -- by ownership sector","All establishment sizes",1,0,0,0,0,0,0,0,"N",2.06,0,0,0,0,0,0,0,"N",0,0.0,0,0,0,0,0,0,0,0,0,0,0,0,0,0
"35053","5","238111","78","0","2016","2","N","Socorro County, New Mexico","Private","NAICS 238111 Residential poured foundation contractors","County, NAICS 6-digit -- by ownership sector","All establishment sizes",1,0,0,0,0,0,0,0,"N",2.04,0,0,0,0,0,0,0,"N",0,0.0,0,0,0,0,0,0,0,0,0,0,0,0,0,0
"35053","5","238111","78","0","2016","3","N","Socorro County, New Mexico","Private","NAICS 238111 Residential poured foundation contractors","County, NAICS 6-digit -- by ownership sector","All establishment sizes",1,0,0,0,0,0,0,0,"N",2.04,0,0,0,0,0,0,0,"N",0,0.0,0,0,0,0,0,0,0,0,0,0,0,0,0,0
"35053","5","238111","78","0","2016","4","N","Socorro County, New Mexico","Private","NAICS 238111 Residential poured foundation contractors","County, NAICS 6-digit -- by ownership sector","All establishment sizes",1,0,0,0,0,0,0,0,"N",2.06,0,0,0,0,0,0,0,"N",0,0.0,0,0,0,0,0,0,0,0,0,0,0,0,0,0
"35053","5","23815","77","0","2016","1","N","Socorro County, New Mexico","Private","NAICS 23815 Glass and glazing contractors","County, NAICS 5-digit -- by ownership sector","All establishment sizes",1,0,0,0,0,0,0,0,"N",4.44,0,0,0,0,0,0,0,"N",0,0.0,0,0,0,0,0,0,0,0,0,0,0,0,0,0
"35053","5","23815","77","0","2016","2","N","Socorro County, New Mexico","Private","NAICS 23815 Glass and glazing contractors","County, NAICS 5-digit -- by ownership sector","All establishment sizes",1,0,0,0,0,0,0,0,"N",4.47,0,0,0,0,0,0,0,"N",0,0.0,0,0,0,0,0,0,0,0,0,0,0,0,0,0
"35053","5","23815","77","0","2016","3","N","Socorro County, New Mexico","Private","NAICS 23815 Glass and glazing contractors","County, NAICS 5-digit -- by ownership sector","All establishment sizes",1,0,0,0,0,0,0,0,"N",4.51,0,0,0,0,0,0,0,"N",0,0.0,0,0,0,0,0,0,0,0,0,0,0,0,0,0
"35053","5","23815","77","0","2016","4","N","Socorro County, New Mexico","Private","NAICS 23815 Glass and glazing contractors","County, NAICS 5-digit -- by ownership sector","All establishment sizes",1,0,0,0,0,0,0,0,"N",4.58,0,0,0,0,0,0,0,"N",0,0.0,0,0,0,0,0,0,0,0,0,0,0,0,0,0
"35053","5","238151","78","0","2016","1","N","Socorro County, New Mexico","Private","NAICS 238151 Residential glass and glazing contractors","County, NAICS 6-digit -- by ownership sector","All establishment sizes",1,0,0,0,0,0,0,0,"N",8.45,0,0,0,0,0,0,0,"N",0,0.0,0,0,0,0,0,0,0,0,0,0,0,0,0,0
"35053","5","238151","78","0","2016","2","N","Socorro County, New Mexico","Private","NAICS 238151 Residential glass and glazing contractors","County, NAICS 6-digit -- by ownership sector","All establishment sizes",1,0,0,0,0,0,0,0,"N",8.47,0,0,0,0,0,0,0,"N",0,0.0,0,0,0,0,0,0,0,0,0,0,0,0,0,0
"35053","5","238151","78","0","2016","3","N","Socorro County, New Mexico","Private","NAICS 238151 Residential glass and glazing contractors","County, NAICS 6-digit -- by ownership sector","All establishment sizes",1,0,0,0,0,0,0,0,"N",8.54,0,0,0,0,0,0,0,"N",0,0.0,0,0,0,0,0,0,0,0,0,0,0,0,0,0
"35053","5","238151","78","0","2016","4","N","Socorro County, New Mexico","Private","NAICS 238151 Residential glass and glazing contractors","County, NAICS 6-digit -- by ownership sector","All establishment sizes",1,0,0,0,0,0,0,0,"N",8.62,0,0,0,0,0,0,0,"N",0,0.0,0,0,0,0,0,0,0,0,0,0,0,0,0,0
"35053","5","23816","77","0","2016","1","N","Socorro County, New Mexico","Private","NAICS 23816 Roofing contractors","County, NAICS 5-digit -- by ownership sector","All establishment sizes",2,0,0,0,0,0,0,0,"N",2.55,0,0,0,0,0,0,0,"N",0,0.0,0,0,0,0,0,0,0,0,0,0,0,0,0,0
"35053","5","23816","77","0","2016","2","N","Socorro County, New Mexico","Private","NAICS 23816 Roofing contractors","County, NAICS 5-digit -- by ownership sector","All establishment sizes",2,0,0,0,0,0,0,0,"N",2.56,0,0,0,0,0,0,0,"N",0,0.0,0,0,0,0,0,0,0,0,0,0,0,0,0,0
"35053","5","23816","77","0","2016","3","N","Socorro County, New Mexico","Private","NAICS 23816 Roofing contractors","County, NAICS 5-digit -- by ownership sector","All establishment sizes",2,0,0,0,0,0,0,0,"N",2.57,0,0,0,0,0,0,0,"N",0,0.0,0,0,0,0,0,0,0,0,0,0,0,0,0,0
"35053","5","23816","77","0","2016","4","N","Socorro County, New Mexico","Private","NAICS 23816 Roofing contractors","County, NAICS 5-digit -- by ownership sector","All establishment sizes",2,0,0,0,0,0,0,0,"N",2.58,0,0,0,0,0,0,0,"N",0,0.0,0,0,0,0,0,0,0,0,0,0,0,0,0,0
"35053","5","238161","78","0","2016","1","N","Socorro County, New Mexico","Private","NAICS 238161 Residential roofing contractors","County, NAICS 6-digit -- by ownership sector","All establishment sizes",2,0,0,0,0,0,0,0,"N",3.46,0,0,0,0,0,0,0,"N",0,0.0,0,0,0,0,0,0,0,0,0,0,0,0,0,0
"35053","5","238161","78","0","2016","2","N","Socorro County, New Mexico","Private","NAICS 238161 Residential roofing contractors","County, NAICS 6-digit -- by ownership sector","All establishment sizes",2,0,0,0,0,0,0,0,"N",3.46,0,0,0,0,0,0,0,"N",0,0.0,0,0,0,0,0,0,0,0,0,0,0,0,0,0
"35053","5","238161","78","0","2016","3","N","Socorro County, New Mexico","Private","NAICS 238161 Residential roofing contractors","County, NAICS 6-digit -- by ownership sector","All establishment sizes",2,0,0,0,0,0,0,0,"N",3.46,0,0,0,0,0,0,0,"N",0,0.0,0,0,0,0,0,0,0,0,0,0,0,0,0,0
"35053","5","238161","78","0","2016","4","N","Socorro County, New Mexico","Private","NAICS 238161 Residential roofing contractors","County, NAICS 6-digit -- by ownership sector","All establishment sizes",2,0,0,0,0,0,0,0,"N",3.46,0,0,0,0,0,0,0,"N",0,0.0,0,0,0,0,0,0,0,0,0,0,0,0,0,0
"35053","5","23819","77","0","2016","1","N","Socorro County, New Mexico","Private","NAICS 23819 Other building exterior contractors","County, NAICS 5-digit -- by ownership sector","All establishment sizes",1,0,0,0,0,0,0,0,"N",4.30,0,0,0,0,0,0,0,"N",0,0.0,0,0,0,0,0,0,0,0,0,0,0,0,0,0
"35053","5","23819","77","0","2016","2","N","Socorro County, New Mexico","Private","NAICS 23819 Other building exterior contractors","County, NAICS 5-digit -- by ownership sector","All establishment sizes",1,0,0,0,0,0,0,0,"N",4.27,0,0,0,0,0,0,0,"N",0,0.0,0,0,0,0,0,0,0,0,0,0,0,0,0,0
"35053","5","23819","77","0","2016","3","N","Socorro County, New Mexico","Private","NAICS 23819 Other building exterior contractors","County, NAICS 5-digit -- by ownership sector","All establishment sizes",1,0,0,0,0,0,0,0,"N",4.32,0,0,0,0,0,0,0,"N",0,0.0,0,0,0,0,0,0,0,0,0,0,0,0,0,0
"35053","5","23819","77","0","2016","4","N","Socorro County, New Mexico","Private","NAICS 23819 Other building exterior contractors","County, NAICS 5-digit -- by ownership sector","All establishment sizes",1,0,0,0,0,0,0,0,"N",4.34,0,0,0,0,0,0,0,"N",0,0.0,0,0,0,0,0,0,0,0,0,0,0,0,0,0
"35053","5","238192","78","0","2016","1","N","Socorro County, New Mexico","Private","NAICS 238192 Other nonresidential exterior contractors","County, NAICS 6-digit -- by ownership sector","All establishment sizes",1,0,0,0,0,0,0,0,"N",8.46,0,0,0,0,0,0,0,"N",0,0.0,0,0,0,0,0,0,0,0,0,0,0,0,0,0
"35053","5","238192","78","0","2016","2","N","Socorro County, New Mexico","Private","NAICS 238192 Other nonresidential exterior contractors","County, NAICS 6-digit -- by ownership sector","All establishment sizes",1,0,0,0,0,0,0,0,"N",8.56,0,0,0,0,0,0,0,"N",0,0.0,0,0,0,0,0,0,0,0,0,0,0,0,0,0
"35053","5","238192","78","0","2016","3","N","Socorro County, New Mexico","Private","NAICS 238192 Other nonresidential exterior contractors","County, NAICS 6-digit -- by ownership sector","All establishment sizes",1,0,0,0,0,0,0,0,"N",8.68,0,0,0,0,0,0,0,"N",0,0.0,0,0,0,0,0,0,0,0,0,0,0,0,0,0
"35053","5","238192","78","0","2016","4","N","Socorro County, New Mexico","Private","NAICS 238192 Other nonresidential exterior contractors","County, NAICS 6-digit -- by ownership sector","All establishment sizes",1,0,0,0,0,0,0,0,"N",8.77,0,0,0,0,0,0,0,"N",0,0.0,0,0,0,0,0,0,0,0,0,0,0,0,0,0
"35053","5","2382","76","0","2016","1","","Socorro County, New Mexico","Private","NAICS 2382 Building equipment contractors","County, NAICS 4-digit -- by ownership sector","All establishment sizes",6,22,21,23,129659,129659,1622,453,"",0.82,0.30,0.28,0.31,0.20,0.27,0.10,0.67,"",0,0.0,-3,-12.0,-3,-12.5,1,4.5,-20050,-13.4,-20050,-13.4,-1241,-43.3,-34,-7.0
"35053","5","2382","76","0","2016","2","","Socorro County, New Mexico","Private","NAICS 2382 Building equipment contractors","County, NAICS 4-digit -- by ownership sector","All establishment sizes",6,23,25,23,168196,168196,1953,547,"",0.83,0.30,0.33,0.30,0.22,0.48,0.16,0.71,"",0,0.0,1,4.5,4,19.0,5,27.8,30398,22.1,30398,22.1,-965,-33.1,26,5.0
"35053","5","2382","76","0","2016","3","","Socorro County, New Mexico","Private","NAICS 2382 Building equipment contractors","County, NAICS 4-digit -- by ownership sector","All establishment sizes",6,23,23,19,158126,128550,1312,561,"",0.84,0.30,0.30,0.25,0.20,0.53,0.15,0.71,"",0,0.0,2,9.5,1,4.5,-1,-5.0,21677,15.9,23548,22.4,-545,-29.3,61,12.2
"35053","5","2382","76","0","2016","4","","Socorro County, New Mexico","Private","NAICS 2382 Building equipment contractors","County, NAICS 4-digit -- by ownership sector","All establishment sizes",6,19,20,20,131805,69092,332,516,"",0.84,0.25,0.26,0.26,0.16,0.40,0.07,0.64,"",0,0.0,-2,-9.5,-1,-4.8,0,0.0,-26950,-17.0,2228,3.3,-737,-68.9,-75,-12.7
"35053","5","23821","77","0","2016","1","","Socorro County, New Mexico","Private","NAICS 23821 Electrical and wiring contractors","County, NAICS 5-digit -- by ownership sector","All establishment sizes",3,11,11,11,77224,77224,1450,540,"",0.97,0.35,0.35,0.34,0.27,0.37,0.19,0.79,"",0,0.0,-3,-21.4,-2,-15.4,0,0.0,-14625,-15.9,-14625,-15.9,-1222,-45.7,-18,-3.2
"35053","5","23821","77","0","2016","2","","Socorro County, New Mexico","Private","NAICS 23821 Electrical and wiring contractors","County, NAICS 5-digit -- by ownership sector","All establishment sizes",3,11,12,11,101171,101171,1732,687,"",0.98,0.34,0.37,0.33,0.31,0.68,0.33,0.88,"",0,0.0,-1,-8.3,0,0.0,2,22.2,16050,18.9,16050,18.9,-1013,-36.9,92,15.5
"35053","5","23821","77","0","2016","3","N","Socorro County, New Mexico","Private","NAICS 23821 Electrical and wiring contractors","County, NAICS 5-digit -- by ownership sector","All establishment sizes",3,0,0,0,0,0,0,0,"N",0.99,0,0,0,0,0,0,0,"N",0,0.0,0,0,0,0,0,0,0,0,0,0,0,0,0,0
"35053","5","23821","77","0","2016","4","N","Socorro County, New Mexico","Private","NAICS 23821 Electrical and wiring contractors","County, NAICS 5-digit -- by ownership sector","All establishment sizes",3,0,0,0,0,0,0,0,"N",1.00,0,0,0,0,0,0,0,"N",0,0.0,0,0,0,0,0,0,0,0,0,0,0,0,0,0
"35053","5","238211","78","0","2016","1","N","Socorro County, New Mexico","Private","NAICS 238211 Residential electrical contractors","County, NAICS 6-digit -- by ownership sector","All establishment sizes",2,0,0,0,0,0,0,0,"N",1.15,0,0,0,0,0,0,0,"N",0,0.0,0,0,0,0,0,0,0,0,0,0,0,0,0,0
"35053","5","238211","78","0","2016","2","N","Socorro County, New Mexico","Private","NAICS 238211 Residential electrical contractors","County, NAICS 6-digit -- by ownership sector","All establishment sizes",2,0,0,0,0,0,0,0,"N",1.15,0,0,0,0,0,0,0,"N",0,0.0,0,0,0,0,0,0,0,0,0,0,0,0,0,0
"35053","5","238211","78","0","2016","3","N","Socorro County, New Mexico","Private","NAICS 238211 Residential electrical contractors","County, NAICS 6-digit -- by ownership sector","All establishment sizes",2,0,0,0,0,0,0,0,"N",1.16,0,0,0,0,0,0,0,"N",0,0.0,0,0,0,0,0,0,0,0,0,0,0,0,0,0
"35053","5","238211","78","0","2016","4","N","Socorro County, New Mexico","Private","NAICS 238211 Residential electrical contractors","County, NAICS 6-digit -- by ownership sector","All establishment sizes",2,0,0,0,0,0,0,0,"N",1.17,0,0,0,0,0,0,0,"N",0,0.0,0,0,0,0,0,0,0,0,0,0,0,0,0,0
"35053","5","238212","78","0","2016","1","N","Socorro County, New Mexico","Private","NAICS 238212 Nonresidential electrical contractors","County, NAICS 6-digit -- by ownership sector","All establishment sizes",1,0,0,0,0,0,0,0,"N",0.74,0,0,0,0,0,0,0,"N",0,0.0,0,0,0,0,0,0,0,0,0,0,0,0,0,0
"35053","5","238212","78","0","2016","2","N","Socorro County, New Mexico","Private","NAICS 238212 Nonresidential electrical contractors","County, NAICS 6-digit -- by ownership sector","All establishment sizes",1,0,0,0,0,0,0,0,"N",0.75,0,0,0,0,0,0,0,"N",0,0.0,0,0,0,0,0,0,0,0,0,0,0,0,0,0
"35053","5","238212","78","0","2016","3","N","Socorro County, New Mexico","Private","NAICS 238212 Nonresidential electrical contractors","County, NAICS 6-digit -- by ownership sector","All establishment sizes",1,0,0,0,0,0,0,0,"N",0.76,0,0,0,0,0,0,0,"N",0,0.0,0,0,0,0,0,0,0,0,0,0,0,0,0,0
"35053","5","238212","78","0","2016","4","N","Socorro County, New Mexico","Private","NAICS 238212 Nonresidential electrical contractors","County, NAICS 6-digit -- by ownership sector","All establishment sizes",1,0,0,0,0,0,0,0,"N",0.77,0,0,0,0,0,0,0,"N",0,0.0,0,0,0,0,0,0,0,0,0,0,0,0,0,0
"35053","5","23822","77","0","2016","1","","Socorro County, New Mexico","Private","NAICS 23822 Plumbing and hvac contractors","County, NAICS 5-digit -- by ownership sector","All establishment sizes",3,11,10,12,52435,52435,172,367,"",0.78,0.30,0.27,0.32,0.17,0.22,0.02,0.56,"",0,0.0,0,0.0,-1,-9.1,1,9.1,-5425,-9.4,-5425,-9.4,-19,-9.9,-38,-9.4
"35053","5","23822","77","0","2016","2","","Socorro County, New Mexico","Private","NAICS 23822 Plumbing and hvac contractors","County, NAICS 5-digit -- by ownership sector","All establishment sizes",3,12,13,12,67025,67025,221,418,"",0.79,0.31,0.34,0.31,0.18,0.38,0.04,0.56,"",0,0.0,2,20.0,4,44.4,3,33.3,14348,27.2,14348,27.2,48,27.7,-16,-3.7
"35053","5","23822","77","0","2016","3","N","Socorro County, New Mexico","Private","NAICS 23822 Plumbing and hvac contractors","County, NAICS 5-digit -- by ownership sector","All establishment sizes",3,0,0,0,0,0,0,0,"N",0.80,0,0,0,0,0,0,0,"N",0,0.0,0,0,0,0,0,0,0,0,0,0,0,0,0,0
"35053","5","23822","77","0","2016","4","N","Socorro County, New Mexico","Private","NAICS 23822 Plumbing and hvac contractors","County, NAICS 5-digit -- by ownership sector","All establishment sizes",3,0,0,0,0,0,0,0,"N",0.80,0,0,0,0,0,0,0,"N",0,0.0,0,0,0,0,0,0,0,0,0,0,0,0,0,0
"35053","5","238221","78","0","2016","1","N","Socorro County, New Mexico","Private","NAICS 238221 Residential plumbing and hvac contractors","County, NAICS 6-digit -- by ownership sector","All establishment sizes",2,0,0,0,0,0,0,0,"N",0.72,0,0,0,0,0,0,0,"N",0,0.0,0,0,0,0,0,0,0,0,0,0,0,0,0,0
"35053","5","238221","78","0","2016","2","N","Socorro County, New Mexico","Private","NAICS 238221 Residential plumbing and hvac contractors","County, NAICS 6-digit -- by ownership sector","All establishment sizes",2,0,0,0,0,0,0,0,"N",0.73,0,0,0,0,0,0,0,"N",0,0.0,0,0,0,0,0,0,0,0,0,0,0,0,0,0
"35053","5","238221","78","0","2016","3","N","Socorro County, New Mexico","Private","NAICS 238221 Residential plumbing and hvac contractors","County, NAICS 6-digit -- by ownership sector","All establishment sizes",2,0,0,0,0,0,0,0,"N",0.73,0,0,0,0,0,0,0,"N",0,0.0,0,0,0,0,0,0,0,0,0,0,0,0,0,0
"35053","5","238221","78","0","2016","4","N","Socorro County, New Mexico","Private","NAICS 238221 Residential plumbing and hvac contractors","County, NAICS 6-digit -- by ownership sector","All establishment sizes",2,0,0,0,0,0,0,0,"N",0.74,0,0,0,0,0,0,0,"N",0,0.0,0,0,0,0,0,0,0,0,0,0,0,0,0,0
"35053","5","238222","78","0","2016","1","N","Socorro County, New Mexico","Private","NAICS 238222 Nonresidential plumbing and hvac contractors","County, NAICS 6-digit -- by ownership sector","All establishment sizes",1,0,0,0,0,0,0,0,"N",0.93,0,0,0,0,0,0,0,"N",0,0.0,0,0,0,0,0,0,0,0,0,0,0,0,0,0
"35053","5","238222","78","0","2016","2","N","Socorro County, New Mexico","Private","NAICS 238222 Nonresidential plumbing and hvac contractors","County, NAICS 6-digit -- by ownership sector","All establishment sizes",1,0,0,0,0,0,0,0,"N",0.95,0,0,0,0,0,0,0,"N",0,0.0,0,0,0,0,0,0,0,0,0,0,0,0,0,0
"35053","5","238222","78","0","2016","3","N","Socorro County, New Mexico","Private","NAICS 238222 Nonresidential plumbing and hvac contractors","County, NAICS 6-digit -- by ownership sector","All establishment sizes",1,0,0,0,0,0,0,0,"N",0.96,0,0,0,0,0,0,0,"N",0,0.0,0,0,0,0,0,0,0,0,0,0,0,0,0,0
"35053","5","238222","78","0","2016","4","N","Socorro County, New Mexico","Private","NAICS 238222 Nonresidential plumbing and hvac contractors","County, NAICS 6-digit -- by ownership sector","All establishment sizes",1,0,0,0,0,0,0,0,"N",0.97,0,0,0,0,0,0,0,"N",0,0.0,0,0,0,0,0,0,0,0,0,0,0,0,0,0
"35053","5","2383","76","0","2016","1","N","Socorro County, New Mexico","Private","NAICS 2383 Building finishing contractors","County, NAICS 4-digit -- by ownership sector","All establishment sizes",1,0,0,0,0,0,0,0,"N",0.23,0,0,0,0,0,0,0,"N",0,0.0,0,0,0,0,0,0,0,0,0,0,0,0,0,0
"35053","5","2383","76","0","2016","2","N","Socorro County, New Mexico","Private","NAICS 2383 Building finishing contractors","County, NAICS 4-digit -- by ownership sector","All establishment sizes",1,0,0,0,0,0,0,0,"N",0.23,0,0,0,0,0,0,0,"N",0,0.0,0,0,0,0,0,0,0,0,0,0,0,0,0,0
"35053","5","2383","76","0","2016","3","N","Socorro County, New Mexico","Private","NAICS 2383 Building finishing contractors","County, NAICS 4-digit -- by ownership sector","All establishment sizes",1,0,0,0,0,0,0,0,"N",0.23,0,0,0,0,0,0,0,"N",0,0.0,0,0,0,0,0,0,0,0,0,0,0,0,0,0
"35053","5","2383","76","0","2016","4","N","Socorro County, New Mexico","Private","NAICS 2383 Building finishing contractors","County, NAICS 4-digit -- by ownership sector","All establishment sizes",1,0,0,0,0,0,0,0,"N",0.23,0,0,0,0,0,0,0,"N",0,0.0,0,0,0,0,0,0,0,0,0,0,0,0,0,0
"35053","5","23834","77","0","2016","1","N","Socorro County, New Mexico","Private","NAICS 23834 Tile and terrazzo contractors","County, NAICS 5-digit -- by ownership sector","All establishment sizes",1,0,0,0,0,0,0,0,"N",2.84,0,0,0,0,0,0,0,"N",0,0.0,0,0,0,0,0,0,0,0,0,0,0,0,0,0
"35053","5","23834","77","0","2016","2","N","Socorro County, New Mexico","Private","NAICS 23834 Tile and terrazzo contractors","County, NAICS 5-digit -- by ownership sector","All establishment sizes",1,0,0,0,0,0,0,0,"N",2.84,0,0,0,0,0,0,0,"N",0,0.0,0,0,0,0,0,0,0,0,0,0,0,0,0,0
"35053","5","23834","77","0","2016","3","N","Socorro County, New Mexico","Private","NAICS 23834 Tile and terrazzo contractors","County, NAICS 5-digit -- by ownership sector","All establishment sizes",1,0,0,0,0,0,0,0,"N",2.87,0,0,0,0,0,0,0,"N",0,0.0,0,0,0,0,0,0,0,0,0,0,0,0,0,0
"35053","5","23834","77","0","2016","4","N","Socorro County, New Mexico","Private","NAICS 23834 Tile and terrazzo contractors","County, NAICS 5-digit -- by ownership sector","All establishment sizes",1,0,0,0,0,0,0,0,"N",2.88,0,0,0,0,0,0,0,"N",0,0.0,0,0,0,0,0,0,0,0,0,0,0,0,0,0
"35053","5","238341","78","0","2016","1","N","Socorro County, New Mexico","Private","NAICS 238341 Residential tile and terrazzo contractors","County, NAICS 6-digit -- by ownership sector","All establishment sizes",1,0,0,0,0,0,0,0,"N",3.34,0,0,0,0,0,0,0,"N",0,0.0,0,0,0,0,0,0,0,0,0,0,0,0,0,0
"35053","5","238341","78","0","2016","2","N","Socorro County, New Mexico","Private","NAICS 238341 Residential tile and terrazzo contractors","County, NAICS 6-digit -- by ownership sector","All establishment sizes",1,0,0,0,0,0,0,0,"N",3.33,0,0,0,0,0,0,0,"N",0,0.0,0,0,0,0,0,0,0,0,0,0,0,0,0,0
"35053","5","238341","78","0","2016","3","N","Socorro County, New Mexico","Private","NAICS 238341 Residential tile and terrazzo contractors","County, NAICS 6-digit -- by ownership sector","All establishment sizes",1,0,0,0,0,0,0,0,"N",3.35,0,0,0,0,0,0,0,"N",0,0.0,0,0,0,0,0,0,0,0,0,0,0,0,0,0
"35053","5","238341","78","0","2016","4","N","Socorro County, New Mexico","Private","NAICS 238341 Residential tile and terrazzo contractors","County, NAICS 6-digit -- by ownership sector","All establishment sizes",1,0,0,0,0,0,0,0,"N",3.36,0,0,0,0,0,0,0,"N",0,0.0,0,0,0,0,0,0,0,0,0,0,0,0,0,0
"35053","5","2389","76","0","2016","1","N","Socorro County, New Mexico","Private","NAICS 2389 Other specialty trade contractors","County, NAICS 4-digit -- by ownership sector","All establishment sizes",2,0,0,0,0,0,0,0,"N",0.70,0,0,0,0,0,0,0,"N",0,0.0,0,0,0,0,0,0,0,0,0,0,0,0,0,0
"35053","5","2389","76","0","2016","2","N","Socorro County, New Mexico","Private","NAICS 2389 Other specialty trade contractors","County, NAICS 4-digit -- by ownership sector","All establishment sizes",2,0,0,0,0,0,0,0,"N",0.70,0,0,0,0,0,0,0,"N",0,0.0,0,0,0,0,0,0,0,0,0,0,0,0,0,0
"35053","5","2389","76","0","2016","3","N","Socorro County, New Mexico","Private","NAICS 2389 Other specialty trade contractors","County, NAICS 4-digit -- by ownership sector","All establishment sizes",1,0,0,0,0,0,0,0,"N",0.35,0,0,0,0,0,0,0,"N",-1,-50.0,0,0,0,0,0,0,0,0,0,0,0,0,0,0
"35053","5","2389","76","0","2016","4","N","Socorro County, New Mexico","Private","NAICS 2389 Other specialty trade contractors","County, NAICS 4-digit -- by ownership sector","All establishment sizes",1,0,0,0,0,0,0,0,"N",0.36,0,0,0,0,0,0,0,"N",-1,-50.0,0,0,0,0,0,0,0,0,0,0,0,0,0,0
"35053","5","23891","77","0","2016","1","N","Socorro County, New Mexico","Private","NAICS 23891 Site preparation contractors","County, NAICS 5-digit -- by ownership sector","All establishment sizes",2,0,0,0,0,0,0,0,"N",1.49,0,0,0,0,0,0,0,"N",0,0.0,0,0,0,0,0,0,0,0,0,0,0,0,0,0
"35053","5","23891","77","0","2016","2","N","Socorro County, New Mexico","Private","NAICS 23891 Site preparation contractors","County, NAICS 5-digit -- by ownership sector","All establishment sizes",2,0,0,0,0,0,0,0,"N",1.50,0,0,0,0,0,0,0,"N",0,0.0,0,0,0,0,0,0,0,0,0,0,0,0,0,0
"35053","5","23891","77","0","2016","3","N","Socorro County, New Mexico","Private","NAICS 23891 Site preparation contractors","County, NAICS 5-digit -- by ownership sector","All establishment sizes",1,0,0,0,0,0,0,0,"N",0.76,0,0,0,0,0,0,0,"N",-1,-50.0,0,0,0,0,0,0,0,0,0,0,0,0,0,0
"35053","5","23891","77","0","2016","4","N","Socorro County, New Mexico","Private","NAICS 23891 Site preparation contractors","County, NAICS 5-digit -- by ownership sector","All establishment sizes",1,0,0,0,0,0,0,0,"N",0.77,0,0,0,0,0,0,0,"N",-1,-50.0,0,0,0,0,0,0,0,0,0,0,0,0,0,0
"35053","5","238912","78","0","2016","1","N","Socorro County, New Mexico","Private","NAICS 238912 Nonresidential site preparation contractors","County, NAICS 6-digit -- by ownership sector","All establishment sizes",2,0,0,0,0,0,0,0,"N",3.34,0,0,0,0,0,0,0,"N",0,0.0,0,0,0,0,0,0,0,0,0,0,0,0,0,0
"35053","5","238912","78","0","2016","2","N","Socorro County, New Mexico","Private","NAICS 238912 Nonresidential site preparation contractors","County, NAICS 6-digit -- by ownership sector","All establishment sizes",2,0,0,0,0,0,0,0,"N",3.37,0,0,0,0,0,0,0,"N",0,0.0,0,0,0,0,0,0,0,0,0,0,0,0,0,0
"35053","5","238912","78","0","2016","3","N","Socorro County, New Mexico","Private","NAICS 238912 Nonresidential site preparation contractors","County, NAICS 6-digit -- by ownership sector","All establishment sizes",1,0,0,0,0,0,0,0,"N",1.71,0,0,0,0,0,0,0,"N",-1,-50.0,0,0,0,0,0,0,0,0,0,0,0,0,0,0
"35053","5","238912","78","0","2016","4","N","Socorro County, New Mexico","Private","NAICS 238912 Nonresidential site preparation contractors","County, NAICS 6-digit -- by ownership sector","All establishment sizes",1,0,0,0,0,0,0,0,"N",1.74,0,0,0,0,0,0,0,"N",-1,-50.0,0,0,0,0,0,0,0,0,0,0,0,0,0,0
"35053","5","31-33","74","0","2016","1","","Socorro County, New Mexico","Private","NAICS 31-33 Manufacturing","County, NAICS Sector -- by ownership sector","All establishment sizes",9,118,119,125,1244954,1182493,37241,794,"",0.70,0.25,0.26,0.27,0.26,0.39,0.52,0.99,"",1,12.5,4,3.5,3,2.6,9,7.8,22838,1.9,65652,5.9,2652,7.7,-21,-2.6
"35053","5","31-33","74","0","2016","2","","Socorro County, New Mexico","Private","NAICS 31-33 Manufacturing","County, NAICS Sector -- by ownership sector","All establishment sizes",9,126,126,114,1320316,777543,23059,832,"",0.71,0.27,0.27,0.24,0.26,0.43,0.58,0.98,"",1,12.5,9,7.7,7,5.9,-7,-5.8,102248,8.4,67110,9.4,1049,4.8,45,5.7
"35053","5","31-33","74","0","2016","3","","Socorro County, New Mexico","Private","NAICS 31-33 Manufacturing","County, NAICS Sector -- by ownership sector","All establishment sizes",9,126,122,117,1294379,464099,9847,818,"",0.72,0.28,0.27,0.25,0.26,0.45,0.41,0.97,"",0,0.0,-1,-0.8,-2,-1.6,-15,-11.4,-21451,-1.6,-70555,-13.2,-5917,-37.5,25,3.2
"35053","5","31-33","74","0","2016","4","","Socorro County, New Mexico","Private","NAICS 31-33 Manufacturing","County, NAICS Sector -- by ownership sector","All establishment sizes",9,116,119,120,1651540,318193,3444,1074,"",0.73,0.25,0.26,0.26,0.33,0.49,0.33,1.28,"",0,0.0,-12,-9.4,-9,-7.0,-2,-1.6,29115,1.8,9273,3.0,-5176,-60.0,84,8.5
"35053","5","311","75","0","2016","1","N","Socorro County, New Mexico","Private","NAICS 311 Food manufacturing","County, NAICS 3-digit -- by ownership sector","All establishment sizes",2,0,0,0,0,0,0,0,"N",1.66,0,0,0,0,0,0,0,"N",1,100.0,0,0,0,0,0,0,0,0,0,0,0,0,0,0
"35053","5","311","75","0","2016","2","N","Socorro County, New Mexico","Private","NAICS 311 Food manufacturing","County, NAICS 3-digit -- by ownership sector","All establishment sizes",2,0,0,0,0,0,0,0,"N",1.66,0,0,0,0,0,0,0,"N",1,100.0,0,0,0,0,0,0,0,0,0,0,0,0,0,0
"35053","5","311","75","0","2016","3","N","Socorro County, New Mexico","Private","NAICS 311 Food manufacturing","County, NAICS 3-digit -- by ownership sector","All establishment sizes",2,0,0,0,0,0,0,0,"N",1.68,0,0,0,0,0,0,0,"N",0,0.0,0,0,0,0,0,0,0,0,0,0,0,0,0,0
"35053","5","311","75","0","2016","4","N","Socorro County, New Mexico","Private","NAICS 311 Food manufacturing","County, NAICS 3-digit -- by ownership sector","All establishment sizes",2,0,0,0,0,0,0,0,"N",1.69,0,0,0,0,0,0,0,"N",0,0.0,0,0,0,0,0,0,0,0,0,0,0,0,0,0
"35053","5","3116","76","0","2016","1","N","Socorro County, New Mexico","Private","NAICS 3116 Animal slaughtering and processing","County, NAICS 4-digit -- by ownership sector","All establishment sizes",2,0,0,0,0,0,0,0,"N",13.33,0,0,0,0,0,0,0,"N",1,100.0,0,0,0,0,0,0,0,0,0,0,0,0,0,0
"35053","5","3116","76","0","2016","2","N","Socorro County, New Mexico","Private","NAICS 3116 Animal slaughtering and processing","County, NAICS 4-digit -- by ownership sector","All establishment sizes",2,0,0,0,0,0,0,0,"N",13.50,0,0,0,0,0,0,0,"N",1,100.0,0,0,0,0,0,0,0,0,0,0,0,0,0,0
"35053","5","3116","76","0","2016","3","N","Socorro County, New Mexico","Private","NAICS 3116 Animal slaughtering and processing","County, NAICS 4-digit -- by ownership sector","All establishment sizes",2,0,0,0,0,0,0,0,"N",13.74,0,0,0,0,0,0,0,"N",0,0.0,0,0,0,0,0,0,0,0,0,0,0,0,0,0
"35053","5","3116","76","0","2016","4","N","Socorro County, New Mexico","Private","NAICS 3116 Animal slaughtering and processing","County, NAICS 4-digit -- by ownership sector","All establishment sizes",2,0,0,0,0,0,0,0,"N",13.85,0,0,0,0,0,0,0,"N",0,0.0,0,0,0,0,0,0,0,0,0,0,0,0,0,0
"35053","5","31161","77","0","2016","1","N","Socorro County, New Mexico","Private","NAICS 31161 Animal slaughtering and processing","County, NAICS 5-digit -- by ownership sector","All establishment sizes",2,0,0,0,0,0,0,0,"N",13.33,0,0,0,0,0,0,0,"N",1,100.0,0,0,0,0,0,0,0,0,0,0,0,0,0,0
"35053","5","31161","77","0","2016","2","N","Socorro County, New Mexico","Private","NAICS 31161 Animal slaughtering and processing","County, NAICS 5-digit -- by ownership sector","All establishment sizes",2,0,0,0,0,0,0,0,"N",13.50,0,0,0,0,0,0,0,"N",1,100.0,0,0,0,0,0,0,0,0,0,0,0,0,0,0
"35053","5","31161","77","0","2016","3","N","Socorro County, New Mexico","Private","NAICS 31161 Animal slaughtering and processing","County, NAICS 5-digit -- by ownership sector","All establishment sizes",2,0,0,0,0,0,0,0,"N",13.74,0,0,0,0,0,0,0,"N",0,0.0,0,0,0,0,0,0,0,0,0,0,0,0,0,0
"35053","5","31161","77","0","2016","4","N","Socorro County, New Mexico","Private","NAICS 31161 Animal slaughtering and processing","County, NAICS 5-digit -- by ownership sector","All establishment sizes",2,0,0,0,0,0,0,0,"N",13.85,0,0,0,0,0,0,0,"N",0,0.0,0,0,0,0,0,0,0,0,0,0,0,0,0,0
"35053","5","311612","78","0","2016","1","N","Socorro County, New Mexico","Private","NAICS 311612 Meat processed from carcasses","County, NAICS 6-digit -- by ownership sector","All establishment sizes",2,0,0,0,0,0,0,0,"N",34.55,0,0,0,0,0,0,0,"N",1,100.0,0,0,0,0,0,0,0,0,0,0,0,0,0,0
"35053","5","311612","78","0","2016","2","N","Socorro County, New Mexico","Private","NAICS 311612 Meat processed from carcasses","County, NAICS 6-digit -- by ownership sector","All establishment sizes",2,0,0,0,0,0,0,0,"N",35.22,0,0,0,0,0,0,0,"N",1,100.0,0,0,0,0,0,0,0,0,0,0,0,0,0,0
"35053","5","311612","78","0","2016","3","N","Socorro County, New Mexico","Private","NAICS 311612 Meat processed from carcasses","County, NAICS 6-digit -- by ownership sector","All establishment sizes",2,0,0,0,0,0,0,0,"N",35.70,0,0,0,0,0,0,0,"N",0,0.0,0,0,0,0,0,0,0,0,0,0,0,0,0,0
"35053","5","311612","78","0","2016","4","N","Socorro County, New Mexico","Private","NAICS 311612 Meat processed from carcasses","County, NAICS 6-digit -- by ownership sector","All establishment sizes",2,0,0,0,0,0,0,0,"N",35.65,0,0,0,0,0,0,0,"N",0,0.0,0,0,0,0,0,0,0,0,0,0,0,0,0,0
"35053","5","327","75","0","2016","1","N","Socorro County, New Mexico","Private","NAICS 327 Nonmetallic mineral product manufacturing","County, NAICS 3-digit -- by ownership sector","All establishment sizes",1,0,0,0,0,0,0,0,"N",1.64,0,0,0,0,0,0,0,"N",0,0.0,0,0,0,0,0,0,0,0,0,0,0,0,0,0
"35053","5","327","75","0","2016","2","N","Socorro County, New Mexico","Private","NAICS 327 Nonmetallic mineral product manufacturing","County, NAICS 3-digit -- by ownership sector","All establishment sizes",1,0,0,0,0,0,0,0,"N",1.66,0,0,0,0,0,0,0,"N",0,0.0,0,0,0,0,0,0,0,0,0,0,0,0,0,0
"35053","5","327","75","0","2016","3","N","Socorro County, New Mexico","Private","NAICS 327 Nonmetallic mineral product manufacturing","County, NAICS 3-digit -- by ownership sector","All establishment sizes",1,0,0,0,0,0,0,0,"N",1.69,0,0,0,0,0,0,0,"N",0,0.0,0,0,0,0,0,0,0,0,0,0,0,0,0,0
"35053","5","327","75","0","2016","4","N","Socorro County, New Mexico","Private","NAICS 327 Nonmetallic mineral product manufacturing","County, NAICS 3-digit -- by ownership sector","All establishment sizes",1,0,0,0,0,0,0,0,"N",1.71,0,0,0,0,0,0,0,"N",0,0.0,0,0,0,0,0,0,0,0,0,0,0,0,0,0
"35053","5","3273","76","0","2016","1","N","Socorro County, New Mexico","Private","NAICS 3273 Cement and concrete product manufacturing","County, NAICS 4-digit -- by ownership sector","All establishment sizes",1,0,0,0,0,0,0,0,"N",2.98,0,0,0,0,0,0,0,"N",0,0.0,0,0,0,0,0,0,0,0,0,0,0,0,0,0
"35053","5","3273","76","0","2016","2","N","Socorro County, New Mexico","Private","NAICS 3273 Cement and concrete product manufacturing","County, NAICS 4-digit -- by ownership sector","All establishment sizes",1,0,0,0,0,0,0,0,"N",3.02,0,0,0,0,0,0,0,"N",0,0.0,0,0,0,0,0,0,0,0,0,0,0,0,0,0
"35053","5","3273","76","0","2016","3","N","Socorro County, New Mexico","Private","NAICS 3273 Cement and concrete product manufacturing","County, NAICS 4-digit -- by ownership sector","All establishment sizes",1,0,0,0,0,0,0,0,"N",3.07,0,0,0,0,0,0,0,"N",0,0.0,0,0,0,0,0,0,0,0,0,0,0,0,0,0
"35053","5","3273","76","0","2016","4","N","Socorro County, New Mexico","Private","NAICS 3273 Cement and concrete product manufacturing","County, NAICS 4-digit -- by ownership sector","All establishment sizes",1,0,0,0,0,0,0,0,"N",3.12,0,0,0,0,0,0,0,"N",0,0.0,0,0,0,0,0,0,0,0,0,0,0,0,0,0
"35053","5","32732","77","0","2016","1","N","Socorro County, New Mexico","Private","NAICS 32732 Ready-mix concrete manufacturing","County, NAICS 5-digit -- by ownership sector","All establishment sizes",1,0,0,0,0,0,0,0,"N",5.05,0,0,0,0,0,0,0,"N",0,0.0,0,0,0,0,0,0,0,0,0,0,0,0,0,0
"35053","5","32732","77","0","2016","2","N","Socorro County, New Mexico","Private","NAICS 32732 Ready-mix concrete manufacturing","County, NAICS 5-digit -- by ownership sector","All establishment sizes",1,0,0,0,0,0,0,0,"N",5.10,0,0,0,0,0,0,0,"N",0,0.0,0,0,0,0,0,0,0,0,0,0,0,0,0,0
"35053","5","32732","77","0","2016","3","N","Socorro County, New Mexico","Private","NAICS 32732 Ready-mix concrete manufacturing","County, NAICS 5-digit -- by ownership sector","All establishment sizes",1,0,0,0,0,0,0,0,"N",5.18,0,0,0,0,0,0,0,"N",0,0.0,0,0,0,0,0,0,0,0,0,0,0,0,0,0
"35053","5","32732","77","0","2016","4","N","Socorro County, New Mexico","Private","NAICS 32732 Ready-mix concrete manufacturing","County, NAICS 5-digit -- by ownership sector","All establishment sizes",1,0,0,0,0,0,0,0,"N",5.27,0,0,0,0,0,0,0,"N",0,0.0,0,0,0,0,0,0,0,0,0,0,0,0,0,0
"35053","5","327320","78","0","2016","1","N","Socorro County, New Mexico","Private","NAICS 327320 Ready-mix concrete manufacturing","County, NAICS 6-digit -- by ownership sector","All establishment sizes",1,0,0,0,0,0,0,0,"N",5.05,0,0,0,0,0,0,0,"N",0,0.0,0,0,0,0,0,0,0,0,0,0,0,0,0,0
"35053","5","327320","78","0","2016","2","N","Socorro County, New Mexico","Private","NAICS 327320 Ready-mix concrete manufacturing","County, NAICS 6-digit -- by ownership sector","All establishment sizes",1,0,0,0,0,0,0,0,"N",5.10,0,0,0,0,0,0,0,"N",0,0.0,0,0,0,0,0,0,0,0,0,0,0,0,0,0
"35053","5","327320","78","0","2016","3","N","Socorro County, New Mexico","Private","NAICS 327320 Ready-mix concrete manufacturing","County, NAICS 6-digit -- by ownership sector","All establishment sizes",1,0,0,0,0,0,0,0,"N",5.18,0,0,0,0,0,0,0,"N",0,0.0,0,0,0,0,0,0,0,0,0,0,0,0,0,0
"35053","5","327320","78","0","2016","4","N","Socorro County, New Mexico","Private","NAICS 327320 Ready-mix concrete manufacturing","County, NAICS 6-digit -- by ownership sector","All establishment sizes",1,0,0,0,0,0,0,0,"N",5.27,0,0,0,0,0,0,0,"N",0,0.0,0,0,0,0,0,0,0,0,0,0,0,0,0,0
"35053","5","332","75","0","2016","1","N","Socorro County, New Mexico","Private","NAICS 332 Fabricated metal product manufacturing","County, NAICS 3-digit -- by ownership sector","All establishment sizes",1,0,0,0,0,0,0,0,"N",0.46,0,0,0,0,0,0,0,"N",0,0.0,0,0,0,0,0,0,0,0,0,0,0,0,0,0
"35053","5","332","75","0","2016","2","N","Socorro County, New Mexico","Private","NAICS 332 Fabricated metal product manufacturing","County, NAICS 3-digit -- by ownership sector","All establishment sizes",1,0,0,0,0,0,0,0,"N",0.46,0,0,0,0,0,0,0,"N",0,0.0,0,0,0,0,0,0,0,0,0,0,0,0,0,0
"35053","5","332","75","0","2016","3","N","Socorro County, New Mexico","Private","NAICS 332 Fabricated metal product manufacturing","County, NAICS 3-digit -- by ownership sector","All establishment sizes",1,0,0,0,0,0,0,0,"N",0.47,0,0,0,0,0,0,0,"N",0,0.0,0,0,0,0,0,0,0,0,0,0,0,0,0,0
"35053","5","332","75","0","2016","4","N","Socorro County, New Mexico","Private","NAICS 332 Fabricated metal product manufacturing","County, NAICS 3-digit -- by ownership sector","All establishment sizes",1,0,0,0,0,0,0,0,"N",0.48,0,0,0,0,0,0,0,"N",0,0.0,0,0,0,0,0,0,0,0,0,0,0,0,0,0
"35053","5","3324","76","0","2016","1","N","Socorro County, New Mexico","Private","NAICS 3324 Boiler, tank, and shipping container mfg.","County, NAICS 4-digit -- by ownership sector","All establishment sizes",1,0,0,0,0,0,0,0,"N",13.30,0,0,0,0,0,0,0,"N",0,0.0,0,0,0,0,0,0,0,0,0,0,0,0,0,0
"35053","5","3324","76","0","2016","2","N","Socorro County, New Mexico","Private","NAICS 3324 Boiler, tank, and shipping container mfg.","County, NAICS 4-digit -- by ownership sector","All establishment sizes",1,0,0,0,0,0,0,0,"N",13.37,0,0,0,0,0,0,0,"N",0,0.0,0,0,0,0,0,0,0,0,0,0,0,0,0,0
"35053","5","3324","76","0","2016","3","N","Socorro County, New Mexico","Private","NAICS 3324 Boiler, tank, and shipping container mfg.","County, NAICS 4-digit -- by ownership sector","All establishment sizes",1,0,0,0,0,0,0,0,"N",13.62,0,0,0,0,0,0,0,"N",0,0.0,0,0,0,0,0,0,0,0,0,0,0,0,0,0
"35053","5","3324","76","0","2016","4","N","Socorro County, New Mexico","Private","NAICS 3324 Boiler, tank, and shipping container mfg.","County, NAICS 4-digit -- by ownership sector","All establishment sizes",1,0,0,0,0,0,0,0,"N",13.86,0,0,0,0,0,0,0,"N",0,0.0,0,0,0,0,0,0,0,0,0,0,0,0,0,0
"35053","5","33242","77","0","2016","1","N","Socorro County, New Mexico","Private","NAICS 33242 Metal tank, heavy gauge, manufacturing","County, NAICS 5-digit -- by ownership sector","All establishment sizes",1,0,0,0,0,0,0,0,"N",29.21,0,0,0,0,0,0,0,"N",0,0.0,0,0,0,0,0,0,0,0,0,0,0,0,0,0
"35053","5","33242","77","0","2016","2","N","Socorro County, New Mexico","Private","NAICS 33242 Metal tank, heavy gauge, manufacturing","County, NAICS 5-digit -- by ownership sector","All establishment sizes",1,0,0,0,0,0,0,0,"N",29.29,0,0,0,0,0,0,0,"N",0,0.0,0,0,0,0,0,0,0,0,0,0,0,0,0,0
"35053","5","33242","77","0","2016","3","N","Socorro County, New Mexico","Private","NAICS 33242 Metal tank, heavy gauge, manufacturing","County, NAICS 5-digit -- by ownership sector","All establishment sizes",1,0,0,0,0,0,0,0,"N",29.75,0,0,0,0,0,0,0,"N",0,0.0,0,0,0,0,0,0,0,0,0,0,0,0,0,0
"35053","5","33242","77","0","2016","4","N","Socorro County, New Mexico","Private","NAICS 33242 Metal tank, heavy gauge, manufacturing","County, NAICS 5-digit -- by ownership sector","All establishment sizes",1,0,0,0,0,0,0,0,"N",30.30,0,0,0,0,0,0,0,"N",0,0.0,0,0,0,0,0,0,0,0,0,0,0,0,0,0
"35053","5","332420","78","0","2016","1","N","Socorro County, New Mexico","Private","NAICS 332420 Metal tank, heavy gauge, manufacturing","County, NAICS 6-digit -- by ownership sector","All establishment sizes",1,0,0,0,0,0,0,0,"N",29.21,0,0,0,0,0,0,0,"N",0,0.0,0,0,0,0,0,0,0,0,0,0,0,0,0,0
"35053","5","332420","78","0","2016","2","N","Socorro County, New Mexico","Private","NAICS 332420 Metal tank, heavy gauge, manufacturing","County, NAICS 6-digit -- by ownership sector","All establishment sizes",1,0,0,0,0,0,0,0,"N",29.29,0,0,0,0,0,0,0,"N",0,0.0,0,0,0,0,0,0,0,0,0,0,0,0,0,0
"35053","5","332420","78","0","2016","3","N","Socorro County, New Mexico","Private","NAICS 332420 Metal tank, heavy gauge, manufacturing","County, NAICS 6-digit -- by ownership sector","All establishment sizes",1,0,0,0,0,0,0,0,"N",29.75,0,0,0,0,0,0,0,"N",0,0.0,0,0,0,0,0,0,0,0,0,0,0,0,0,0
"35053","5","332420","78","0","2016","4","N","Socorro County, New Mexico","Private","NAICS 332420 Metal tank, heavy gauge, manufacturing","County, NAICS 6-digit -- by ownership sector","All establishment sizes",1,0,0,0,0,0,0,0,"N",30.30,0,0,0,0,0,0,0,"N",0,0.0,0,0,0,0,0,0,0,0,0,0,0,0,0,0
"35053","5","333","75","0","2016","1","N","Socorro County, New Mexico","Private","NAICS 333 Machinery manufacturing","County, NAICS 3-digit -- by ownership sector","All establishment sizes",1,0,0,0,0,0,0,0,"N",0.89,0,0,0,0,0,0,0,"N",0,0.0,0,0,0,0,0,0,0,0,0,0,0,0,0,0
"35053","5","333","75","0","2016","2","N","Socorro County, New Mexico","Private","NAICS 333 Machinery manufacturing","County, NAICS 3-digit -- by ownership sector","All establishment sizes",1,0,0,0,0,0,0,0,"N",0.90,0,0,0,0,0,0,0,"N",0,0.0,0,0,0,0,0,0,0,0,0,0,0,0,0,0
"35053","5","333","75","0","2016","3","N","Socorro County, New Mexico","Private","NAICS 333 Machinery manufacturing","County, NAICS 3-digit -- by ownership sector","All establishment sizes",1,0,0,0,0,0,0,0,"N",0.92,0,0,0,0,0,0,0,"N",0,0.0,0,0,0,0,0,0,0,0,0,0,0,0,0,0
"35053","5","333","75","0","2016","4","N","Socorro County, New Mexico","Private","NAICS 333 Machinery manufacturing","County, NAICS 3-digit -- by ownership sector","All establishment sizes",1,0,0,0,0,0,0,0,"N",0.93,0,0,0,0,0,0,0,"N",0,0.0,0,0,0,0,0,0,0,0,0,0,0,0,0,0
"35053","5","3333","76","0","2016","1","N","Socorro County, New Mexico","Private","NAICS 3333 Commercial and service industry machinery","County, NAICS 4-digit -- by ownership sector","All establishment sizes",1,0,0,0,0,0,0,0,"N",9.66,0,0,0,0,0,0,0,"N",0,0.0,0,0,0,0,0,0,0,0,0,0,0,0,0,0
"35053","5","3333","76","0","2016","2","N","Socorro County, New Mexico","Private","NAICS 3333 Commercial and service industry machinery","County, NAICS 4-digit -- by ownership sector","All establishment sizes",1,0,0,0,0,0,0,0,"N",9.66,0,0,0,0,0,0,0,"N",0,0.0,0,0,0,0,0,0,0,0,0,0,0,0,0,0
"35053","5","3333","76","0","2016","3","N","Socorro County, New Mexico","Private","NAICS 3333 Commercial and service industry machinery","County, NAICS 4-digit -- by ownership sector","All establishment sizes",1,0,0,0,0,0,0,0,"N",9.73,0,0,0,0,0,0,0,"N",0,0.0,0,0,0,0,0,0,0,0,0,0,0,0,0,0
"35053","5","3333","76","0","2016","4","N","Socorro County, New Mexico","Private","NAICS 3333 Commercial and service industry machinery","County, NAICS 4-digit -- by ownership sector","All establishment sizes",1,0,0,0,0,0,0,0,"N",9.87,0,0,0,0,0,0,0,"N",0,0.0,0,0,0,0,0,0,0,0,0,0,0,0,0,0
"35053","5","33331","77","0","2016","1","N","Socorro County, New Mexico","Private","NAICS 33331 Commercial and service industry machinery","County, NAICS 5-digit -- by ownership sector","All establishment sizes",1,0,0,0,0,0,0,0,"N",9.66,0,0,0,0,0,0,0,"N",0,0.0,0,0,0,0,0,0,0,0,0,0,0,0,0,0
"35053","5","33331","77","0","2016","2","N","Socorro County, New Mexico","Private","NAICS 33331 Commercial and service industry machinery","County, NAICS 5-digit -- by ownership sector","All establishment sizes",1,0,0,0,0,0,0,0,"N",9.66,0,0,0,0,0,0,0,"N",0,0.0,0,0,0,0,0,0,0,0,0,0,0,0,0,0
"35053","5","33331","77","0","2016","3","N","Socorro County, New Mexico","Private","NAICS 33331 Commercial and service industry machinery","County, NAICS 5-digit -- by ownership sector","All establishment sizes",1,0,0,0,0,0,0,0,"N",9.73,0,0,0,0,0,0,0,"N",0,0.0,0,0,0,0,0,0,0,0,0,0,0,0,0,0
"35053","5","33331","77","0","2016","4","N","Socorro County, New Mexico","Private","NAICS 33331 Commercial and service industry machinery","County, NAICS 5-digit -- by ownership sector","All establishment sizes",1,0,0,0,0,0,0,0,"N",9.87,0,0,0,0,0,0,0,"N",0,0.0,0,0,0,0,0,0,0,0,0,0,0,0,0,0
"35053","5","333314","78","0","2016","1","N","Socorro County, New Mexico","Private","NAICS 333314 Optical instrument and lens manufacturing","County, NAICS 6-digit -- by ownership sector","All establishment sizes",1,0,0,0,0,0,0,0,"N",46.96,0,0,0,0,0,0,0,"N",0,0.0,0,0,0,0,0,0,0,0,0,0,0,0,0,0
"35053","5","333314","78","0","2016","2","N","Socorro County, New Mexico","Private","NAICS 333314 Optical instrument and lens manufacturing","County, NAICS 6-digit -- by ownership sector","All establishment sizes",1,0,0,0,0,0,0,0,"N",47.18,0,0,0,0,0,0,0,"N",0,0.0,0,0,0,0,0,0,0,0,0,0,0,0,0,0
"35053","5","333314","78","0","2016","3","N","Socorro County, New Mexico","Private","NAICS 333314 Optical instrument and lens manufacturing","County, NAICS 6-digit -- by ownership sector","All establishment sizes",1,0,0,0,0,0,0,0,"N",47.56,0,0,0,0,0,0,0,"N",0,0.0,0,0,0,0,0,0,0,0,0,0,0,0,0,0
"35053","5","333314","78","0","2016","4","N","Socorro County, New Mexico","Private","NAICS 333314 Optical instrument and lens manufacturing","County, NAICS 6-digit -- by ownership sector","All establishment sizes",1,0,0,0,0,0,0,0,"N",48.34,0,0,0,0,0,0,0,"N",0,0.0,0,0,0,0,0,0,0,0,0,0,0,0,0,0
"35053","5","336","75","0","2016","1","N","Socorro County, New Mexico","Private","NAICS 336 Transportation equipment manufacturing","County, NAICS 3-digit -- by ownership sector","All establishment sizes",1,0,0,0,0,0,0,0,"N",1.81,0,0,0,0,0,0,0,"N",0,0.0,0,0,0,0,0,0,0,0,0,0,0,0,0,0
"35053","5","336","75","0","2016","2","N","Socorro County, New Mexico","Private","NAICS 336 Transportation equipment manufacturing","County, NAICS 3-digit -- by ownership sector","All establishment sizes",1,0,0,0,0,0,0,0,"N",1.84,0,0,0,0,0,0,0,"N",0,0.0,0,0,0,0,0,0,0,0,0,0,0,0,0,0
"35053","5","336","75","0","2016","3","N","Socorro County, New Mexico","Private","NAICS 336 Transportation equipment manufacturing","County, NAICS 3-digit -- by ownership sector","All establishment sizes",1,0,0,0,0,0,0,0,"N",1.86,0,0,0,0,0,0,0,"N",0,0.0,0,0,0,0,0,0,0,0,0,0,0,0,0,0
"35053","5","336","75","0","2016","4","N","Socorro County, New Mexico","Private","NAICS 336 Transportation equipment manufacturing","County, NAICS 3-digit -- by ownership sector","All establishment sizes",1,0,0,0,0,0,0,0,"N",1.89,0,0,0,0,0,0,0,"N",0,0.0,0,0,0,0,0,0,0,0,0,0,0,0,0,0
"35053","5","3364","76","0","2016","1","N","Socorro County, New Mexico","Private","NAICS 3364 Aerospace product and parts manufacturing","County, NAICS 4-digit -- by ownership sector","All establishment sizes",1,0,0,0,0,0,0,0,"N",8.24,0,0,0,0,0,0,0,"N",0,0.0,0,0,0,0,0,0,0,0,0,0,0,0,0,0
"35053","5","3364","76","0","2016","2","N","Socorro County, New Mexico","Private","NAICS 3364 Aerospace product and parts manufacturing","County, NAICS 4-digit -- by ownership sector","All establishment sizes",1,0,0,0,0,0,0,0,"N",8.32,0,0,0,0,0,0,0,"N",0,0.0,0,0,0,0,0,0,0,0,0,0,0,0,0,0
"35053","5","3364","76","0","2016","3","N","Socorro County, New Mexico","Private","NAICS 3364 Aerospace product and parts manufacturing","County, NAICS 4-digit -- by ownership sector","All establishment sizes",1,0,0,0,0,0,0,0,"N",8.50,0,0,0,0,0,0,0,"N",0,0.0,0,0,0,0,0,0,0,0,0,0,0,0,0,0
"35053","5","3364","76","0","2016","4","N","Socorro County, New Mexico","Private","NAICS 3364 Aerospace product and parts manufacturing","County, NAICS 4-digit -- by ownership sector","All establishment sizes",1,0,0,0,0,0,0,0,"N",8.67,0,0,0,0,0,0,0,"N",0,0.0,0,0,0,0,0,0,0,0,0,0,0,0,0,0
"35053","5","33641","77","0","2016","1","N","Socorro County, New Mexico","Private","NAICS 33641 Aerospace product and parts manufacturing","County, NAICS 5-digit -- by ownership sector","All establishment sizes",1,0,0,0,0,0,0,0,"N",8.24,0,0,0,0,0,0,0,"N",0,0.0,0,0,0,0,0,0,0,0,0,0,0,0,0,0
"35053","5","33641","77","0","2016","2","N","Socorro County, New Mexico","Private","NAICS 33641 Aerospace product and parts manufacturing","County, NAICS 5-digit -- by ownership sector","All establishment sizes",1,0,0,0,0,0,0,0,"N",8.32,0,0,0,0,0,0,0,"N",0,0.0,0,0,0,0,0,0,0,0,0,0,0,0,0,0
"35053","5","33641","77","0","2016","3","N","Socorro County, New Mexico","Private","NAICS 33641 Aerospace product and parts manufacturing","County, NAICS 5-digit -- by ownership sector","All establishment sizes",1,0,0,0,0,0,0,0,"N",8.50,0,0,0,0,0,0,0,"N",0,0.0,0,0,0,0,0,0,0,0,0,0,0,0,0,0
"35053","5","33641","77","0","2016","4","N","Socorro County, New Mexico","Private","NAICS 33641 Aerospace product and parts manufacturing","County, NAICS 5-digit -- by ownership sector","All establishment sizes",1,0,0,0,0,0,0,0,"N",8.67,0,0,0,0,0,0,0,"N",0,0.0,0,0,0,0,0,0,0,0,0,0,0,0,0,0
"35053","5","336414","78","0","2016","1","N","Socorro County, New Mexico","Private","NAICS 336414 Guided missile and space vehicle mfg.","County, NAICS 6-digit -- by ownership sector","All establishment sizes",1,0,0,0,0,0,0,0,"N",167.74,0,0,0,0,0,0,0,"N",0,0.0,0,0,0,0,0,0,0,0,0,0,0,0,0,0
"35053","5","336414","78","0","2016","2","N","Socorro County, New Mexico","Private","NAICS 336414 Guided missile and space vehicle mfg.","County, NAICS 6-digit -- by ownership sector","All establishment sizes",1,0,0,0,0,0,0,0,"N",164.83,0,0,0,0,0,0,0,"N",0,0.0,0,0,0,0,0,0,0,0,0,0,0,0,0,0
"35053","5","336414","78","0","2016","3","N","Socorro County, New Mexico","Private","NAICS 336414 Guided missile and space vehicle mfg.","County, NAICS 6-digit -- by ownership sector","All establishment sizes",1,0,0,0,0,0,0,0,"N",167.62,0,0,0,0,0,0,0,"N",0,0.0,0,0,0,0,0,0,0,0,0,0,0,0,0,0
"35053","5","336414","78","0","2016","4","N","Socorro County, New Mexico","Private","NAICS 336414 Guided missile and space vehicle mfg.","County, NAICS 6-digit -- by ownership sector","All establishment sizes",1,0,0,0,0,0,0,0,"N",178.49,0,0,0,0,0,0,0,"N",0,0.0,0,0,0,0,0,0,0,0,0,0,0,0,0,0
"35053","5","337","75","0","2016","1","N","Socorro County, New Mexico","Private","NAICS 337 Furniture and related product manufacturing","County, NAICS 3-digit -- by ownership sector","All establishment sizes",1,0,0,0,0,0,0,0,"N",1.52,0,0,0,0,0,0,0,"N",0,0.0,0,0,0,0,0,0,0,0,0,0,0,0,0,0
"35053","5","337","75","0","2016","2","N","Socorro County, New Mexico","Private","NAICS 337 Furniture and related product manufacturing","County, NAICS 3-digit -- by ownership sector","All establishment sizes",1,0,0,0,0,0,0,0,"N",1.54,0,0,0,0,0,0,0,"N",0,0.0,0,0,0,0,0,0,0,0,0,0,0,0,0,0
"35053","5","337","75","0","2016","3","N","Socorro County, New Mexico","Private","NAICS 337 Furniture and related product manufacturing","County, NAICS 3-digit -- by ownership sector","All establishment sizes",1,0,0,0,0,0,0,0,"N",1.56,0,0,0,0,0,0,0,"N",0,0.0,0,0,0,0,0,0,0,0,0,0,0,0,0,0
"35053","5","337","75","0","2016","4","N","Socorro County, New Mexico","Private","NAICS 337 Furniture and related product manufacturing","County, NAICS 3-digit -- by ownership sector","All establishment sizes",1,0,0,0,0,0,0,0,"N",1.58,0,0,0,0,0,0,0,"N",0,0.0,0,0,0,0,0,0,0,0,0,0,0,0,0,0
"35053","5","3371","76","0","2016","1","N","Socorro County, New Mexico","Private","NAICS 3371 Household and institutional furniture mfg.","County, NAICS 4-digit -- by ownership sector","All establishment sizes",1,0,0,0,0,0,0,0,"N",2.07,0,0,0,0,0,0,0,"N",0,0.0,0,0,0,0,0,0,0,0,0,0,0,0,0,0
"35053","5","3371","76","0","2016","2","N","Socorro County, New Mexico","Private","NAICS 3371 Household and institutional furniture mfg.","County, NAICS 4-digit -- by ownership sector","All establishment sizes",1,0,0,0,0,0,0,0,"N",2.10,0,0,0,0,0,0,0,"N",0,0.0,0,0,0,0,0,0,0,0,0,0,0,0,0,0
"35053","5","3371","76","0","2016","3","N","Socorro County, New Mexico","Private","NAICS 3371 Household and institutional furniture mfg.","County, NAICS 4-digit -- by ownership sector","All establishment sizes",1,0,0,0,0,0,0,0,"N",2.13,0,0,0,0,0,0,0,"N",0,0.0,0,0,0,0,0,0,0,0,0,0,0,0,0,0
"35053","5","3371","76","0","2016","4","N","Socorro County, New Mexico","Private","NAICS 3371 Household and institutional furniture mfg.","County, NAICS 4-digit -- by ownership sector","All establishment sizes",1,0,0,0,0,0,0,0,"N",2.16,0,0,0,0,0,0,0,"N",0,0.0,0,0,0,0,0,0,0,0,0,0,0,0,0,0
"35053","5","33712","77","0","2016","1","N","Socorro County, New Mexico","Private","NAICS 33712 Other household and institutional furniture","County, NAICS 5-digit -- by ownership sector","All establishment sizes",1,0,0,0,0,0,0,0,"N",5.78,0,0,0,0,0,0,0,"N",0,0.0,0,0,0,0,0,0,0,0,0,0,0,0,0,0
"35053","5","33712","77","0","2016","2","N","Socorro County, New Mexico","Private","NAICS 33712 Other household and institutional furniture","County, NAICS 5-digit -- by ownership sector","All establishment sizes",1,0,0,0,0,0,0,0,"N",5.84,0,0,0,0,0,0,0,"N",0,0.0,0,0,0,0,0,0,0,0,0,0,0,0,0,0
"35053","5","33712","77","0","2016","3","N","Socorro County, New Mexico","Private","NAICS 33712 Other household and institutional furniture","County, NAICS 5-digit -- by ownership sector","All establishment sizes",1,0,0,0,0,0,0,0,"N",5.92,0,0,0,0,0,0,0,"N",0,0.0,0,0,0,0,0,0,0,0,0,0,0,0,0,0
"35053","5","33712","77","0","2016","4","N","Socorro County, New Mexico","Private","NAICS 33712 Other household and institutional furniture","County, NAICS 5-digit -- by ownership sector","All establishment sizes",1,0,0,0,0,0,0,0,"N",5.96,0,0,0,0,0,0,0,"N",0,0.0,0,0,0,0,0,0,0,0,0,0,0,0,0,0
"35053","5","337122","78","0","2016","1","N","Socorro County, New Mexico","Private","NAICS 337122 Nonupholstered wood household furniture mfg.","County, NAICS 6-digit -- by ownership sector","All establishment sizes",1,0,0,0,0,0,0,0,"N",10.48,0,0,0,0,0,0,0,"N",0,0.0,0,0,0,0,0,0,0,0,0,0,0,0,0,0
"35053","5","337122","78","0","2016","2","N","Socorro County, New Mexico","Private","NAICS 337122 Nonupholstered wood household furniture mfg.","County, NAICS 6-digit -- by ownership sector","All establishment sizes",1,0,0,0,0,0,0,0,"N",10.54,0,0,0,0,0,0,0,"N",0,0.0,0,0,0,0,0,0,0,0,0,0,0,0,0,0
"35053","5","337122","78","0","2016","3","N","Socorro County, New Mexico","Private","NAICS 337122 Nonupholstered wood household furniture mfg.","County, NAICS 6-digit -- by ownership sector","All establishment sizes",1,0,0,0,0,0,0,0,"N",10.71,0,0,0,0,0,0,0,"N",0,0.0,0,0,0,0,0,0,0,0,0,0,0,0,0,0
"35053","5","337122","78","0","2016","4","N","Socorro County, New Mexico","Private","NAICS 337122 Nonupholstered wood household furniture mfg.","County, NAICS 6-digit -- by ownership sector","All establishment sizes",1,0,0,0,0,0,0,0,"N",10.78,0,0,0,0,0,0,0,"N",0,0.0,0,0,0,0,0,0,0,0,0,0,0,0,0,0
"35053","5","339","75","0","2016","1","N","Socorro County, New Mexico","Private","NAICS 339 Miscellaneous manufacturing","County, NAICS 3-digit -- by ownership sector","All establishment sizes",2,0,0,0,0,0,0,0,"N",1.69,0,0,0,0,0,0,0,"N",0,0.0,0,0,0,0,0,0,0,0,0,0,0,0,0,0
"35053","5","339","75","0","2016","2","N","Socorro County, New Mexico","Private","NAICS 339 Miscellaneous manufacturing","County, NAICS 3-digit -- by ownership sector","All establishment sizes",2,0,0,0,0,0,0,0,"N",1.70,0,0,0,0,0,0,0,"N",0,0.0,0,0,0,0,0,0,0,0,0,0,0,0,0,0
"35053","5","339","75","0","2016","3","N","Socorro County, New Mexico","Private","NAICS 339 Miscellaneous manufacturing","County, NAICS 3-digit -- by ownership sector","All establishment sizes",2,0,0,0,0,0,0,0,"N",1.72,0,0,0,0,0,0,0,"N",0,0.0,0,0,0,0,0,0,0,0,0,0,0,0,0,0
"35053","5","339","75","0","2016","4","N","Socorro County, New Mexico","Private","NAICS 339 Miscellaneous manufacturing","County, NAICS 3-digit -- by ownership sector","All establishment sizes",2,0,0,0,0,0,0,0,"N",1.73,0,0,0,0,0,0,0,"N",0,0.0,0,0,0,0,0,0,0,0,0,0,0,0,0,0
"35053","5","3399","76","0","2016","1","N","Socorro County, New Mexico","Private","NAICS 3399 Other miscellaneous manufacturing","County, NAICS 4-digit -- by ownership sector","All establishment sizes",2,0,0,0,0,0,0,0,"N",2.80,0,0,0,0,0,0,0,"N",0,0.0,0,0,0,0,0,0,0,0,0,0,0,0,0,0
"35053","5","3399","76","0","2016","2","N","Socorro County, New Mexico","Private","NAICS 3399 Other miscellaneous manufacturing","County, NAICS 4-digit -- by ownership sector","All establishment sizes",2,0,0,0,0,0,0,0,"N",2.81,0,0,0,0,0,0,0,"N",0,0.0,0,0,0,0,0,0,0,0,0,0,0,0,0,0
"35053","5","3399","76","0","2016","3","N","Socorro County, New Mexico","Private","NAICS 3399 Other miscellaneous manufacturing","County, NAICS 4-digit -- by ownership sector","All establishment sizes",2,0,0,0,0,0,0,0,"N",2.84,0,0,0,0,0,0,0,"N",0,0.0,0,0,0,0,0,0,0,0,0,0,0,0,0,0
"35053","5","3399","76","0","2016","4","N","Socorro County, New Mexico","Private","NAICS 3399 Other miscellaneous manufacturing","County, NAICS 4-digit -- by ownership sector","All establishment sizes",2,0,0,0,0,0,0,0,"N",2.86,0,0,0,0,0,0,0,"N",0,0.0,0,0,0,0,0,0,0,0,0,0,0,0,0,0
"35053","5","33991","77","0","2016","1","N","Socorro County, New Mexico","Private","NAICS 33991 Jewelry and silverware manufacturing","County, NAICS 5-digit -- by ownership sector","All establishment sizes",1,0,0,0,0,0,0,0,"N",11.80,0,0,0,0,0,0,0,"N",0,0.0,0,0,0,0,0,0,0,0,0,0,0,0,0,0
"35053","5","33991","77","0","2016","2","N","Socorro County, New Mexico","Private","NAICS 33991 Jewelry and silverware manufacturing","County, NAICS 5-digit -- by ownership sector","All establishment sizes",1,0,0,0,0,0,0,0,"N",11.92,0,0,0,0,0,0,0,"N",0,0.0,0,0,0,0,0,0,0,0,0,0,0,0,0,0
"35053","5","33991","77","0","2016","3","N","Socorro County, New Mexico","Private","NAICS 33991 Jewelry and silverware manufacturing","County, NAICS 5-digit -- by ownership sector","All establishment sizes",1,0,0,0,0,0,0,0,"N",12.12,0,0,0,0,0,0,0,"N",0,0.0,0,0,0,0,0,0,0,0,0,0,0,0,0,0
"35053","5","33991","77","0","2016","4","N","Socorro County, New Mexico","Private","NAICS 33991 Jewelry and silverware manufacturing","County, NAICS 5-digit -- by ownership sector","All establishment sizes",1,0,0,0,0,0,0,0,"N",12.30,0,0,0,0,0,0,0,"N",0,0.0,0,0,0,0,0,0,0,0,0,0,0,0,0,0
"35053","5","339910","78","0","2016","1","N","Socorro County, New Mexico","Private","NAICS 339910 Jewelry and silverware manufacturing","County, NAICS 6-digit -- by ownership sector","All establishment sizes",1,0,0,0,0,0,0,0,"N",11.80,0,0,0,0,0,0,0,"N",0,0.0,0,0,0,0,0,0,0,0,0,0,0,0,0,0
"35053","5","339910","78","0","2016","2","N","Socorro County, New Mexico","Private","NAICS 339910 Jewelry and silverware manufacturing","County, NAICS 6-digit -- by ownership sector","All establishment sizes",1,0,0,0,0,0,0,0,"N",11.92,0,0,0,0,0,0,0,"N",0,0.0,0,0,0,0,0,0,0,0,0,0,0,0,0,0
"35053","5","339910","78","0","2016","3","N","Socorro County, New Mexico","Private","NAICS 339910 Jewelry and silverware manufacturing","County, NAICS 6-digit -- by ownership sector","All establishment sizes",1,0,0,0,0,0,0,0,"N",12.12,0,0,0,0,0,0,0,"N",0,0.0,0,0,0,0,0,0,0,0,0,0,0,0,0,0
"35053","5","339910","78","0","2016","4","N","Socorro County, New Mexico","Private","NAICS 339910 Jewelry and silverware manufacturing","County, NAICS 6-digit -- by ownership sector","All establishment sizes",1,0,0,0,0,0,0,0,"N",12.30,0,0,0,0,0,0,0,"N",0,0.0,0,0,0,0,0,0,0,0,0,0,0,0,0,0
"35053","5","33999","77","0","2016","1","N","Socorro County, New Mexico","Private","NAICS 33999 All other miscellaneous manufacturing","County, NAICS 5-digit -- by ownership sector","All establishment sizes",1,0,0,0,0,0,0,0,"N",3.88,0,0,0,0,0,0,0,"N",0,0.0,0,0,0,0,0,0,0,0,0,0,0,0,0,0
"35053","5","33999","77","0","2016","2","N","Socorro County, New Mexico","Private","NAICS 33999 All other miscellaneous manufacturing","County, NAICS 5-digit -- by ownership sector","All establishment sizes",1,0,0,0,0,0,0,0,"N",3.88,0,0,0,0,0,0,0,"N",0,0.0,0,0,0,0,0,0,0,0,0,0,0,0,0,0
"35053","5","33999","77","0","2016","3","N","Socorro County, New Mexico","Private","NAICS 33999 All other miscellaneous manufacturing","County, NAICS 5-digit -- by ownership sector","All establishment sizes",1,0,0,0,0,0,0,0,"N",3.89,0,0,0,0,0,0,0,"N",0,0.0,0,0,0,0,0,0,0,0,0,0,0,0,0,0
"35053","5","33999","77","0","2016","4","N","Socorro County, New Mexico","Private","NAICS 33999 All other miscellaneous manufacturing","County, NAICS 5-digit -- by ownership sector","All establishment sizes",1,0,0,0,0,0,0,0,"N",3.88,0,0,0,0,0,0,0,"N",0,0.0,0,0,0,0,0,0,0,0,0,0,0,0,0,0
"35053","5","339999","78","0","2016","1","N","Socorro County, New Mexico","Private","NAICS 339999 All other miscellaneous manufacturing","County, NAICS 6-digit -- by ownership sector","All establishment sizes",1,0,0,0,0,0,0,0,"N",5.43,0,0,0,0,0,0,0,"N",0,0.0,0,0,0,0,0,0,0,0,0,0,0,0,0,0
"35053","5","339999","78","0","2016","2","N","Socorro County, New Mexico","Private","NAICS 339999 All other miscellaneous manufacturing","County, NAICS 6-digit -- by ownership sector","All establishment sizes",1,0,0,0,0,0,0,0,"N",5.40,0,0,0,0,0,0,0,"N",0,0.0,0,0,0,0,0,0,0,0,0,0,0,0,0,0
"35053","5","339999","78","0","2016","3","N","Socorro County, New Mexico","Private","NAICS 339999 All other miscellaneous manufacturing","County, NAICS 6-digit -- by ownership sector","All establishment sizes",1,0,0,0,0,0,0,0,"N",5.38,0,0,0,0,0,0,0,"N",0,0.0,0,0,0,0,0,0,0,0,0,0,0,0,0,0
"35053","5","339999","78","0","2016","4","N","Socorro County, New Mexico","Private","NAICS 339999 All other miscellaneous manufacturing","County, NAICS 6-digit -- by ownership sector","All establishment sizes",1,0,0,0,0,0,0,0,"N",5.35,0,0,0,0,0,0,0,"N",0,0.0,0,0,0,0,0,0,0,0,0,0,0,0,0,0
"35053","5","42","74","0","2016","1","N","Socorro County, New Mexico","Private","NAICS 42 Wholesale trade","County, NAICS Sector -- by ownership sector","All establishment sizes",2,0,0,0,0,0,0,0,"N",0.09,0,0,0,0,0,0,0,"N",0,0.0,0,0,0,0,0,0,0,0,0,0,0,0,0,0
"35053","5","42","74","0","2016","2","N","Socorro County, New Mexico","Private","NAICS 42 Wholesale trade","County, NAICS Sector -- by ownership sector","All establishment sizes",2,0,0,0,0,0,0,0,"N",0.09,0,0,0,0,0,0,0,"N",0,0.0,0,0,0,0,0,0,0,0,0,0,0,0,0,0
"35053","5","42","74","0","2016","3","N","Socorro County, New Mexico","Private","NAICS 42 Wholesale trade","County, NAICS Sector -- by ownership sector","All establishment sizes",2,0,0,0,0,0,0,0,"N",0.09,0,0,0,0,0,0,0,"N",1,100.0,0,0,0,0,0,0,0,0,0,0,0,0,0,0
"35053","5","42","74","0","2016","4","N","Socorro County, New Mexico","Private","NAICS 42 Wholesale trade","County, NAICS Sector -- by ownership sector","All establishment sizes",2,0,0,0,0,0,0,0,"N",0.09,0,0,0,0,0,0,0,"N",0,0.0,0,0,0,0,0,0,0,0,0,0,0,0,0,0
"35053","5","423","75","0","2016","1","N","Socorro County, New Mexico","Private","NAICS 423 Merchant wholesalers, durable goods","County, NAICS 3-digit -- by ownership sector","All establishment sizes",1,0,0,0,0,0,0,0,"N",0.11,0,0,0,0,0,0,0,"N",1,100.0,0,0,0,0,0,0,0,0,0,0,0,0,0,0
"35053","5","423","75","0","2016","2","N","Socorro County, New Mexico","Private","NAICS 423 Merchant wholesalers, durable goods","County, NAICS 3-digit -- by ownership sector","All establishment sizes",1,0,0,0,0,0,0,0,"N",0.11,0,0,0,0,0,0,0,"N",1,100.0,0,0,0,0,0,0,0,0,0,0,0,0,0,0
"35053","5","423","75","0","2016","3","N","Socorro County, New Mexico","Private","NAICS 423 Merchant wholesalers, durable goods","County, NAICS 3-digit -- by ownership sector","All establishment sizes",1,0,0,0,0,0,0,0,"N",0.11,0,0,0,0,0,0,0,"N",1,100.0,0,0,0,0,0,0,0,0,0,0,0,0,0,0
"35053","5","423","75","0","2016","4","N","Socorro County, New Mexico","Private","NAICS 423 Merchant wholesalers, durable goods","County, NAICS 3-digit -- by ownership sector","All establishment sizes",1,0,0,0,0,0,0,0,"N",0.11,0,0,0,0,0,0,0,"N",0,0.0,0,0,0,0,0,0,0,0,0,0,0,0,0,0
"35053","5","4239","76","0","2016","1","N","Socorro County, New Mexico","Private","NAICS 4239 Misc. durable goods merchant wholesalers","County, NAICS 4-digit -- by ownership sector","All establishment sizes",1,0,0,0,0,0,0,0,"N",0.77,0,0,0,0,0,0,0,"N",1,100.0,0,0,0,0,0,0,0,0,0,0,0,0,0,0
"35053","5","4239","76","0","2016","2","N","Socorro County, New Mexico","Private","NAICS 4239 Misc. durable goods merchant wholesalers","County, NAICS 4-digit -- by ownership sector","All establishment sizes",1,0,0,0,0,0,0,0,"N",0.78,0,0,0,0,0,0,0,"N",1,100.0,0,0,0,0,0,0,0,0,0,0,0,0,0,0
"35053","5","4239","76","0","2016","3","N","Socorro County, New Mexico","Private","NAICS 4239 Misc. durable goods merchant wholesalers","County, NAICS 4-digit -- by ownership sector","All establishment sizes",1,0,0,0,0,0,0,0,"N",0.79,0,0,0,0,0,0,0,"N",1,100.0,0,0,0,0,0,0,0,0,0,0,0,0,0,0
"35053","5","4239","76","0","2016","4","N","Socorro County, New Mexico","Private","NAICS 4239 Misc. durable goods merchant wholesalers","County, NAICS 4-digit -- by ownership sector","All establishment sizes",1,0,0,0,0,0,0,0,"N",0.80,0,0,0,0,0,0,0,"N",0,0.0,0,0,0,0,0,0,0,0,0,0,0,0,0,0
"35053","5","42393","77","0","2016","1","N","Socorro County, New Mexico","Private","NAICS 42393 Recyclable material merchant wholesalers","County, NAICS 5-digit -- by ownership sector","All establishment sizes",1,0,0,0,0,0,0,0,"N",3.12,0,0,0,0,0,0,0,"N",1,100.0,0,0,0,0,0,0,0,0,0,0,0,0,0,0
"35053","5","42393","77","0","2016","2","N","Socorro County, New Mexico","Private","NAICS 42393 Recyclable material merchant wholesalers","County, NAICS 5-digit -- by ownership sector","All establishment sizes",1,0,0,0,0,0,0,0,"N",3.19,0,0,0,0,0,0,0,"N",1,100.0,0,0,0,0,0,0,0,0,0,0,0,0,0,0
"35053","5","42393","77","0","2016","3","N","Socorro County, New Mexico","Private","NAICS 42393 Recyclable material merchant wholesalers","County, NAICS 5-digit -- by ownership sector","All establishment sizes",1,0,0,0,0,0,0,0,"N",3.26,0,0,0,0,0,0,0,"N",1,100.0,0,0,0,0,0,0,0,0,0,0,0,0,0,0
"35053","5","42393","77","0","2016","4","N","Socorro County, New Mexico","Private","NAICS 42393 Recyclable material merchant wholesalers","County, NAICS 5-digit -- by ownership sector","All establishment sizes",1,0,0,0,0,0,0,0,"N",3.33,0,0,0,0,0,0,0,"N",0,0.0,0,0,0,0,0,0,0,0,0,0,0,0,0,0
"35053","5","423930","78","0","2016","1","N","Socorro County, New Mexico","Private","NAICS 423930 Recyclable material merchant wholesalers","County, NAICS 6-digit -- by ownership sector","All establishment sizes",1,0,0,0,0,0,0,0,"N",3.12,0,0,0,0,0,0,0,"N",1,100.0,0,0,0,0,0,0,0,0,0,0,0,0,0,0
"35053","5","423930","78","0","2016","2","N","Socorro County, New Mexico","Private","NAICS 423930 Recyclable material merchant wholesalers","County, NAICS 6-digit -- by ownership sector","All establishment sizes",1,0,0,0,0,0,0,0,"N",3.19,0,0,0,0,0,0,0,"N",1,100.0,0,0,0,0,0,0,0,0,0,0,0,0,0,0
"35053","5","423930","78","0","2016","3","N","Socorro County, New Mexico","Private","NAICS 423930 Recyclable material merchant wholesalers","County, NAICS 6-digit -- by ownership sector","All establishment sizes",1,0,0,0,0,0,0,0,"N",3.26,0,0,0,0,0,0,0,"N",1,100.0,0,0,0,0,0,0,0,0,0,0,0,0,0,0
"35053","5","423930","78","0","2016","4","N","Socorro County, New Mexico","Private","NAICS 423930 Recyclable material merchant wholesalers","County, NAICS 6-digit -- by ownership sector","All establishment sizes",1,0,0,0,0,0,0,0,"N",3.33,0,0,0,0,0,0,0,"N",0,0.0,0,0,0,0,0,0,0,0,0,0,0,0,0,0
"35053","5","425","75","0","2016","1","N","Socorro County, New Mexico","Private","NAICS 425 Electronic markets and agents and brokers","County, NAICS 3-digit -- by ownership sector","All establishment sizes",1,0,0,0,0,0,0,0,"N",0.12,0,0,0,0,0,0,0,"N",0,0.0,0,0,0,0,0,0,0,0,0,0,0,0,0,0
"35053","5","425","75","0","2016","2","N","Socorro County, New Mexico","Private","NAICS 425 Electronic markets and agents and brokers","County, NAICS 3-digit -- by ownership sector","All establishment sizes",1,0,0,0,0,0,0,0,"N",0.12,0,0,0,0,0,0,0,"N",0,0.0,0,0,0,0,0,0,0,0,0,0,0,0,0,0
"35053","5","425","75","0","2016","3","N","Socorro County, New Mexico","Private","NAICS 425 Electronic markets and agents and brokers","County, NAICS 3-digit -- by ownership sector","All establishment sizes",1,0,0,0,0,0,0,0,"N",0.12,0,0,0,0,0,0,0,"N",0,0.0,0,0,0,0,0,0,0,0,0,0,0,0,0,0
"35053","5","425","75","0","2016","4","N","Socorro County, New Mexico","Private","NAICS 425 Electronic markets and agents and brokers","County, NAICS 3-digit -- by ownership sector","All establishment sizes",1,0,0,0,0,0,0,0,"N",0.12,0,0,0,0,0,0,0,"N",0,0.0,0,0,0,0,0,0,0,0,0,0,0,0,0,0
"35053","5","4251","76","0","2016","1","N","Socorro County, New Mexico","Private","NAICS 4251 Electronic markets and agents and brokers","County, NAICS 4-digit -- by ownership sector","All establishment sizes",1,0,0,0,0,0,0,0,"N",0.12,0,0,0,0,0,0,0,"N",0,0.0,0,0,0,0,0,0,0,0,0,0,0,0,0,0
"35053","5","4251","76","0","2016","2","N","Socorro County, New Mexico","Private","NAICS 4251 Electronic markets and agents and brokers","County, NAICS 4-digit -- by ownership sector","All establishment sizes",1,0,0,0,0,0,0,0,"N",0.12,0,0,0,0,0,0,0,"N",0,0.0,0,0,0,0,0,0,0,0,0,0,0,0,0,0
"35053","5","4251","76","0","2016","3","N","Socorro County, New Mexico","Private","NAICS 4251 Electronic markets and agents and brokers","County, NAICS 4-digit -- by ownership sector","All establishment sizes",1,0,0,0,0,0,0,0,"N",0.12,0,0,0,0,0,0,0,"N",0,0.0,0,0,0,0,0,0,0,0,0,0,0,0,0,0
"35053","5","4251","76","0","2016","4","N","Socorro County, New Mexico","Private","NAICS 4251 Electronic markets and agents and brokers","County, NAICS 4-digit -- by ownership sector","All establishment sizes",1,0,0,0,0,0,0,0,"N",0.12,0,0,0,0,0,0,0,"N",0,0.0,0,0,0,0,0,0,0,0,0,0,0,0,0,0
"35053","5","42512","77","0","2016","1","N","Socorro County, New Mexico","Private","NAICS 42512 Wholesale trade agents and brokers","County, NAICS 5-digit -- by ownership sector","All establishment sizes",1,0,0,0,0,0,0,0,"N",0.12,0,0,0,0,0,0,0,"N",0,0.0,0,0,0,0,0,0,0,0,0,0,0,0,0,0
"35053","5","42512","77","0","2016","2","N","Socorro County, New Mexico","Private","NAICS 42512 Wholesale trade agents and brokers","County, NAICS 5-digit -- by ownership sector","All establishment sizes",1,0,0,0,0,0,0,0,"N",0.12,0,0,0,0,0,0,0,"N",0,0.0,0,0,0,0,0,0,0,0,0,0,0,0,0,0
"35053","5","42512","77","0","2016","3","N","Socorro County, New Mexico","Private","NAICS 42512 Wholesale trade agents and brokers","County, NAICS 5-digit -- by ownership sector","All establishment sizes",1,0,0,0,0,0,0,0,"N",0.13,0,0,0,0,0,0,0,"N",0,0.0,0,0,0,0,0,0,0,0,0,0,0,0,0,0
"35053","5","42512","77","0","2016","4","N","Socorro County, New Mexico","Private","NAICS 42512 Wholesale trade agents and brokers","County, NAICS 5-digit -- by ownership sector","All establishment sizes",1,0,0,0,0,0,0,0,"N",0.13,0,0,0,0,0,0,0,"N",0,0.0,0,0,0,0,0,0,0,0,0,0,0,0,0,0
"35053","5","425120","78","0","2016","1","N","Socorro County, New Mexico","Private","NAICS 425120 Wholesale trade agents and brokers","County, NAICS 6-digit -- by ownership sector","All establishment sizes",1,0,0,0,0,0,0,0,"N",0.12,0,0,0,0,0,0,0,"N",0,0.0,0,0,0,0,0,0,0,0,0,0,0,0,0,0
"35053","5","425120","78","0","2016","2","N","Socorro County, New Mexico","Private","NAICS 425120 Wholesale trade agents and brokers","County, NAICS 6-digit -- by ownership sector","All establishment sizes",1,0,0,0,0,0,0,0,"N",0.12,0,0,0,0,0,0,0,"N",0,0.0,0,0,0,0,0,0,0,0,0,0,0,0,0,0
"35053","5","425120","78","0","2016","3","N","Socorro County, New Mexico","Private","NAICS 425120 Wholesale trade agents and brokers","County, NAICS 6-digit -- by ownership sector","All establishment sizes",1,0,0,0,0,0,0,0,"N",0.13,0,0,0,0,0,0,0,"N",0,0.0,0,0,0,0,0,0,0,0,0,0,0,0,0,0
"35053","5","425120","78","0","2016","4","N","Socorro County, New Mexico","Private","NAICS 425120 Wholesale trade agents and brokers","County, NAICS 6-digit -- by ownership sector","All establishment sizes",1,0,0,0,0,0,0,0,"N",0.13,0,0,0,0,0,0,0,"N",0,0.0,0,0,0,0,0,0,0,0,0,0,0,0,0,0
"35053","5","44-45","74","0","2016","1","","Socorro County, New Mexico","Private","NAICS 44-45 Retail trade","County, NAICS Sector -- by ownership sector","All establishment sizes",32,500,511,517,2975889,2848850,65147,449,"",0.82,0.84,0.87,0.87,1.09,1.28,1.71,1.26,"",-3,-8.6,54,12.1,65,14.6,70,15.7,550923,22.7,541569,23.5,7052,12.1,31,7.4
"35053","5","44-45","74","0","2016","2","","Socorro County, New Mexico","Private","NAICS 44-45 Retail trade","County, NAICS Sector -- by ownership sector","All establishment sizes",33,523,519,540,3163502,2790148,65286,461,"",0.86,0.87,0.87,0.89,1.00,1.20,1.67,1.13,"",-1,-2.9,64,13.9,61,13.3,88,19.5,624626,24.6,553662,24.8,8920,15.8,33,7.7
"35053","5","44-45","74","0","2016","3","","Socorro County, New Mexico","Private","NAICS 44-45 Retail trade","County, NAICS Sector -- by ownership sector","All establishment sizes",31,475,476,492,2507114,1887510,44834,401,"",0.82,0.81,0.81,0.83,0.81,1.12,1.61,0.99,"",-3,-8.8,5,1.1,0,0.0,17,3.6,-384333,-13.3,-224605,-10.6,-14325,-24.2,-69,-14.7
"35053","5","44-45","74","0","2016","4","","Socorro County, New Mexico","Private","NAICS 44-45 Retail trade","County, NAICS Sector -- by ownership sector","All establishment sizes",31,501,476,465,2750651,1546168,22951,440,"",0.83,0.84,0.78,0.76,0.89,1.21,1.53,1.12,"",-1,-3.1,15,3.1,12,2.6,-12,-2.5,-138961,-4.8,1341,0.1,-22238,-49.2,-27,-5.8
"35053","5","441","75","0","2016","1","N","Socorro County, New Mexico","Private","NAICS 441 Motor vehicle and parts dealers","County, NAICS 3-digit -- by ownership sector","All establishment sizes",3,0,0,0,0,0,0,0,"N",0.69,0,0,0,0,0,0,0,"N",-1,-25.0,0,0,0,0,0,0,0,0,0,0,0,0,0,0
"35053","5","441","75","0","2016","2","","Socorro County, New Mexico","Private","NAICS 441 Motor vehicle and parts dealers","County, NAICS 3-digit -- by ownership sector","All establishment sizes",4,15,14,26,146954,101780,1021,617,"",0.93,0.20,0.19,0.34,0.23,0.32,0.16,0.95,"",1,33.3,-2,-11.8,-2,-12.5,9,52.9,-5438,-3.6,-17256,-14.5,-847,-45.3,-86,-12.2
"35053","5","441","75","0","2016","3","","Socorro County, New Mexico","Private","NAICS 441 Motor vehicle and parts dealers","County, NAICS 3-digit -- by ownership sector","All establishment sizes",3,26,23,21,176724,88528,981,583,"",0.71,0.35,0.31,0.28,0.28,0.41,0.23,0.90,"N",0,0.0,0,0,0,0,0,0,0,0,0,0,0,0,0,0
"35053","5","441","75","0","2016","4","N","Socorro County, New Mexico","Private","NAICS 441 Motor vehicle and parts dealers","County, NAICS 3-digit -- by ownership sector","All establishment sizes",3,0,0,0,0,0,0,0,"N",0.71,0,0,0,0,0,0,0,"N",0,0.0,0,0,0,0,0,0,0,0,0,0,0,0,0,0
"35053","5","4413","76","0","2016","1","N","Socorro County, New Mexico","Private","NAICS 4413 Auto parts, accessories, and tire stores","County, NAICS 4-digit -- by ownership sector","All establishment sizes",3,0,0,0,0,0,0,0,"N",1.42,0,0,0,0,0,0,0,"N",-1,-25.0,0,0,0,0,0,0,0,0,0,0,0,0,0,0
"35053","5","4413","76","0","2016","2","","Socorro County, New Mexico","Private","NAICS 4413 Auto parts, accessories, and tire stores","County, NAICS 4-digit -- by ownership sector","All establishment sizes",4,15,14,26,146954,101780,1021,617,"",1.92,0.71,0.67,1.24,1.23,1.15,0.74,1.41,"",1,33.3,-2,-11.8,-2,-12.5,9,52.9,-5438,-3.6,-17256,-14.5,-847,-45.3,-86,-12.2
"35053","5","4413","76","0","2016","3","","Socorro County, New Mexico","Private","NAICS 4413 Auto parts, accessories, and tire stores","County, NAICS 4-digit -- by ownership sector","All establishment sizes",3,26,23,21,176724,88528,981,583,"",1.46,1.27,1.12,1.01,1.48,1.45,1.04,1.30,"N",0,0.0,0,0,0,0,0,0,0,0,0,0,0,0,0,0
"35053","5","4413","76","0","2016","4","N","Socorro County, New Mexico","Private","NAICS 4413 Auto parts, accessories, and tire stores","County, NAICS 4-digit -- by ownership sector","All establishment sizes",3,0,0,0,0,0,0,0,"N",1.47,0,0,0,0,0,0,0,"N",0,0.0,0,0,0,0,0,0,0,0,0,0,0,0,0,0
"35053","5","44131","77","0","2016","1","N","Socorro County, New Mexico","Private","NAICS 44131 Automotive parts and accessories stores","County, NAICS 5-digit -- by ownership sector","All establishment sizes",3,0,0,0,0,0,0,0,"N",2.19,0,0,0,0,0,0,0,"N",-1,-25.0,0,0,0,0,0,0,0,0,0,0,0,0,0,0
"35053","5","44131","77","0","2016","2","","Socorro County, New Mexico","Private","NAICS 44131 Automotive parts and accessories stores","County, NAICS 5-digit -- by ownership sector","All establishment sizes",4,15,14,26,146954,101780,1021,617,"",2.96,1.06,1.00,1.85,2.04,1.76,1.17,1.57,"",1,33.3,-2,-11.8,-2,-12.5,9,52.9,-5438,-3.6,-17256,-14.5,-847,-45.3,-86,-12.2
"35053","5","44131","77","0","2016","3","","Socorro County, New Mexico","Private","NAICS 44131 Automotive parts and accessories stores","County, NAICS 5-digit -- by ownership sector","All establishment sizes",3,26,23,21,176724,88528,981,583,"",2.25,1.90,1.68,1.52,2.47,2.20,1.64,1.46,"N",0,0.0,0,0,0,0,0,0,0,0,0,0,0,0,0,0
"35053","5","44131","77","0","2016","4","N","Socorro County, New Mexico","Private","NAICS 44131 Automotive parts and accessories stores","County, NAICS 5-digit -- by ownership sector","All establishment sizes",3,0,0,0,0,0,0,0,"N",2.27,0,0,0,0,0,0,0,"N",0,0.0,0,0,0,0,0,0,0,0,0,0,0,0,0,0
"35053","5","441310","78","0","2016","1","N","Socorro County, New Mexico","Private","NAICS 441310 Automotive parts and accessories stores","County, NAICS 6-digit -- by ownership sector","All establishment sizes",3,0,0,0,0,0,0,0,"N",2.19,0,0,0,0,0,0,0,"N",-1,-25.0,0,0,0,0,0,0,0,0,0,0,0,0,0,0
"35053","5","441310","78","0","2016","2","","Socorro County, New Mexico","Private","NAICS 441310 Automotive parts and accessories stores","County, NAICS 6-digit -- by ownership sector","All establishment sizes",4,15,14,26,146954,101780,1021,617,"",2.96,1.06,1.00,1.85,2.04,1.76,1.17,1.57,"",1,33.3,-2,-11.8,-2,-12.5,9,52.9,-5438,-3.6,-17256,-14.5,-847,-45.3,-86,-12.2
"35053","5","441310","78","0","2016","3","","Socorro County, New Mexico","Private","NAICS 441310 Automotive parts and accessories stores","County, NAICS 6-digit -- by ownership sector","All establishment sizes",3,26,23,21,176724,88528,981,583,"",2.25,1.90,1.68,1.52,2.47,2.20,1.64,1.46,"N",0,0.0,0,0,0,0,0,0,0,0,0,0,0,0,0,0
"35053","5","441310","78","0","2016","4","N","Socorro County, New Mexico","Private","NAICS 441310 Automotive parts and accessories stores","County, NAICS 6-digit -- by ownership sector","All establishment sizes",3,0,0,0,0,0,0,0,"N",2.27,0,0,0,0,0,0,0,"N",0,0.0,0,0,0,0,0,0,0,0,0,0,0,0,0,0
"35053","5","442","75","0","2016","1","N","Socorro County, New Mexico","Private","NAICS 442 Furniture and home furnishings stores","County, NAICS 3-digit -- by ownership sector","All establishment sizes",1,0,0,0,0,0,0,0,"N",0.56,0,0,0,0,0,0,0,"N",0,0.0,0,0,0,0,0,0,0,0,0,0,0,0,0,0
"35053","5","442","75","0","2016","2","N","Socorro County, New Mexico","Private","NAICS 442 Furniture and home furnishings stores","County, NAICS 3-digit -- by ownership sector","All establishment sizes",1,0,0,0,0,0,0,0,"N",0.57,0,0,0,0,0,0,0,"N",0,0.0,0,0,0,0,0,0,0,0,0,0,0,0,0,0
"35053","5","442","75","0","2016","3","N","Socorro County, New Mexico","Private","NAICS 442 Furniture and home furnishings stores","County, NAICS 3-digit -- by ownership sector","All establishment sizes",1,0,0,0,0,0,0,0,"N",0.58,0,0,0,0,0,0,0,"N",0,0.0,0,0,0,0,0,0,0,0,0,0,0,0,0,0
"35053","5","442","75","0","2016","4","N","Socorro County, New Mexico","Private","NAICS 442 Furniture and home furnishings stores","County, NAICS 3-digit -- by ownership sector","All establishment sizes",1,0,0,0,0,0,0,0,"N",0.59,0,0,0,0,0,0,0,"N",0,0.0,0,0,0,0,0,0,0,0,0,0,0,0,0,0
"35053","5","4421","76","0","2016","1","N","Socorro County, New Mexico","Private","NAICS 4421 Furniture stores","County, NAICS 4-digit -- by ownership sector","All establishment sizes",1,0,0,0,0,0,0,0,"N",1.22,0,0,0,0,0,0,0,"N",0,0.0,0,0,0,0,0,0,0,0,0,0,0,0,0,0
"35053","5","4421","76","0","2016","2","N","Socorro County, New Mexico","Private","NAICS 4421 Furniture stores","County, NAICS 4-digit -- by ownership sector","All establishment sizes",1,0,0,0,0,0,0,0,"N",1.23,0,0,0,0,0,0,0,"N",0,0.0,0,0,0,0,0,0,0,0,0,0,0,0,0,0
"35053","5","4421","76","0","2016","3","N","Socorro County, New Mexico","Private","NAICS 4421 Furniture stores","County, NAICS 4-digit -- by ownership sector","All establishment sizes",1,0,0,0,0,0,0,0,"N",1.25,0,0,0,0,0,0,0,"N",0,0.0,0,0,0,0,0,0,0,0,0,0,0,0,0,0
"35053","5","4421","76","0","2016","4","N","Socorro County, New Mexico","Private","NAICS 4421 Furniture stores","County, NAICS 4-digit -- by ownership sector","All establishment sizes",1,0,0,0,0,0,0,0,"N",1.26,0,0,0,0,0,0,0,"N",0,0.0,0,0,0,0,0,0,0,0,0,0,0,0,0,0
"35053","5","44211","77","0","2016","1","N","Socorro County, New Mexico","Private","NAICS 44211 Furniture stores","County, NAICS 5-digit -- by ownership sector","All establishment sizes",1,0,0,0,0,0,0,0,"N",1.22,0,0,0,0,0,0,0,"N",0,0.0,0,0,0,0,0,0,0,0,0,0,0,0,0,0
"35053","5","44211","77","0","2016","2","N","Socorro County, New Mexico","Private","NAICS 44211 Furniture stores","County, NAICS 5-digit -- by ownership sector","All establishment sizes",1,0,0,0,0,0,0,0,"N",1.23,0,0,0,0,0,0,0,"N",0,0.0,0,0,0,0,0,0,0,0,0,0,0,0,0,0
"35053","5","44211","77","0","2016","3","N","Socorro County, New Mexico","Private","NAICS 44211 Furniture stores","County, NAICS 5-digit -- by ownership sector","All establishment sizes",1,0,0,0,0,0,0,0,"N",1.25,0,0,0,0,0,0,0,"N",0,0.0,0,0,0,0,0,0,0,0,0,0,0,0,0,0
"35053","5","44211","77","0","2016","4","N","Socorro County, New Mexico","Private","NAICS 44211 Furniture stores","County, NAICS 5-digit -- by ownership sector","All establishment sizes",1,0,0,0,0,0,0,0,"N",1.26,0,0,0,0,0,0,0,"N",0,0.0,0,0,0,0,0,0,0,0,0,0,0,0,0,0
"35053","5","442110","78","0","2016","1","N","Socorro County, New Mexico","Private","NAICS 442110 Furniture stores","County, NAICS 6-digit -- by ownership sector","All establishment sizes",1,0,0,0,0,0,0,0,"N",1.22,0,0,0,0,0,0,0,"N",0,0.0,0,0,0,0,0,0,0,0,0,0,0,0,0,0
"35053","5","442110","78","0","2016","2","N","Socorro County, New Mexico","Private","NAICS 442110 Furniture stores","County, NAICS 6-digit -- by ownership sector","All establishment sizes",1,0,0,0,0,0,0,0,"N",1.23,0,0,0,0,0,0,0,"N",0,0.0,0,0,0,0,0,0,0,0,0,0,0,0,0,0
"35053","5","442110","78","0","2016","3","N","Socorro County, New Mexico","Private","NAICS 442110 Furniture stores","County, NAICS 6-digit -- by ownership sector","All establishment sizes",1,0,0,0,0,0,0,0,"N",1.25,0,0,0,0,0,0,0,"N",0,0.0,0,0,0,0,0,0,0,0,0,0,0,0,0,0
"35053","5","442110","78","0","2016","4","N","Socorro County, New Mexico","Private","NAICS 442110 Furniture stores","County, NAICS 6-digit -- by ownership sector","All establishment sizes",1,0,0,0,0,0,0,0,"N",1.26,0,0,0,0,0,0,0,"N",0,0.0,0,0,0,0,0,0,0,0,0,0,0,0,0,0
"35053","5","444","75","0","2016","1","","Socorro County, New Mexico","Private","NAICS 444 Building material and garden supply stores","County, NAICS 3-digit -- by ownership sector","All establishment sizes",4,42,43,43,218918,208106,1418,395,"",1.53,0.93,0.93,0.89,0.92,1.05,0.39,1.00,"",0,0.0,2,5.0,4,10.3,5,13.2,26428,13.7,26164,14.4,-3861,-73.1,15,3.9
"35053","5","444","75","0","2016","2","","Socorro County, New Mexico","Private","NAICS 444 Building material and garden supply stores","County, NAICS 3-digit -- by ownership sector","All establishment sizes",4,46,45,47,249730,214801,1362,418,"",1.55,0.91,0.89,0.92,0.90,0.98,0.32,0.99,"",0,0.0,7,17.9,6,15.4,9,23.7,46997,23.2,46353,27.5,-3343,-71.1,15,3.7
"35053","5","444","75","0","2016","3","","Socorro County, New Mexico","Private","NAICS 444 Building material and garden supply stores","County, NAICS 3-digit -- by ownership sector","All establishment sizes",4,45,44,44,244164,182654,1184,424,"",1.57,0.93,0.92,0.93,0.89,1.27,0.45,0.96,"",0,0.0,5,12.5,2,4.8,5,12.8,27008,12.4,17033,10.3,-2920,-71.2,10,2.4
"35053","5","444","75","0","2016","4","","Socorro County, New Mexico","Private","NAICS 444 Building material and garden supply stores","County, NAICS 3-digit -- by ownership sector","All establishment sizes",4,44,41,41,258321,134085,476,473,"",1.59,0.94,0.88,0.89,1.01,1.54,0.44,1.12,"",0,0.0,4,10.0,0,0.0,2,5.1,18474,7.7,11523,9.4,-2951,-86.1,12,2.6
"35053","5","4441","76","0","2016","1","N","Socorro County, New Mexico","Private","NAICS 4441 Building material and supplies dealers","County, NAICS 4-digit -- by ownership sector","All establishment sizes",3,0,0,0,0,0,0,0,"N",1.50,0,0,0,0,0,0,0,"N",0,0.0,0,0,0,0,0,0,0,0,0,0,0,0,0,0
"35053","5","4441","76","0","2016","2","N","Socorro County, New Mexico","Private","NAICS 4441 Building material and supplies dealers","County, NAICS 4-digit -- by ownership sector","All establishment sizes",3,0,0,0,0,0,0,0,"N",1.52,0,0,0,0,0,0,0,"N",0,0.0,0,0,0,0,0,0,0,0,0,0,0,0,0,0
"35053","5","4441","76","0","2016","3","N","Socorro County, New Mexico","Private","NAICS 4441 Building material and supplies dealers","County, NAICS 4-digit -- by ownership sector","All establishment sizes",3,0,0,0,0,0,0,0,"N",1.55,0,0,0,0,0,0,0,"N",0,0.0,0,0,0,0,0,0,0,0,0,0,0,0,0,0
"35053","5","4441","76","0","2016","4","N","Socorro County, New Mexico","Private","NAICS 4441 Building material and supplies dealers","County, NAICS 4-digit -- by ownership sector","All establishment sizes",3,0,0,0,0,0,0,0,"N",1.56,0,0,0,0,0,0,0,"N",0,0.0,0,0,0,0,0,0,0,0,0,0,0,0,0,0
"35053","5","44411","77","0","2016","1","N","Socorro County, New Mexico","Private","NAICS 44411 Home centers","County, NAICS 5-digit -- by ownership sector","All establishment sizes",1,0,0,0,0,0,0,0,"N",2.76,0,0,0,0,0,0,0,"N",0,0.0,0,0,0,0,0,0,0,0,0,0,0,0,0,0
"35053","5","44411","77","0","2016","2","N","Socorro County, New Mexico","Private","NAICS 44411 Home centers","County, NAICS 5-digit -- by ownership sector","All establishment sizes",1,0,0,0,0,0,0,0,"N",2.80,0,0,0,0,0,0,0,"N",0,0.0,0,0,0,0,0,0,0,0,0,0,0,0,0,0
"35053","5","44411","77","0","2016","3","N","Socorro County, New Mexico","Private","NAICS 44411 Home centers","County, NAICS 5-digit -- by ownership sector","All establishment sizes",1,0,0,0,0,0,0,0,"N",2.85,0,0,0,0,0,0,0,"N",0,0.0,0,0,0,0,0,0,0,0,0,0,0,0,0,0
"35053","5","44411","77","0","2016","4","N","Socorro County, New Mexico","Private","NAICS 44411 Home centers","County, NAICS 5-digit -- by ownership sector","All establishment sizes",1,0,0,0,0,0,0,0,"N",2.88,0,0,0,0,0,0,0,"N",0,0.0,0,0,0,0,0,0,0,0,0,0,0,0,0,0
"35053","5","444110","78","0","2016","1","N","Socorro County, New Mexico","Private","NAICS 444110 Home centers","County, NAICS 6-digit -- by ownership sector","All establishment sizes",1,0,0,0,0,0,0,0,"N",2.76,0,0,0,0,0,0,0,"N",0,0.0,0,0,0,0,0,0,0,0,0,0,0,0,0,0
"35053","5","444110","78","0","2016","2","N","Socorro County, New Mexico","Private","NAICS 444110 Home centers","County, NAICS 6-digit -- by ownership sector","All establishment sizes",1,0,0,0,0,0,0,0,"N",2.80,0,0,0,0,0,0,0,"N",0,0.0,0,0,0,0,0,0,0,0,0,0,0,0,0,0
"35053","5","444110","78","0","2016","3","N","Socorro County, New Mexico","Private","NAICS 444110 Home centers","County, NAICS 6-digit -- by ownership sector","All establishment sizes",1,0,0,0,0,0,0,0,"N",2.85,0,0,0,0,0,0,0,"N",0,0.0,0,0,0,0,0,0,0,0,0,0,0,0,0,0
"35053","5","444110","78","0","2016","4","N","Socorro County, New Mexico","Private","NAICS 444110 Home centers","County, NAICS 6-digit -- by ownership sector","All establishment sizes",1,0,0,0,0,0,0,0,"N",2.88,0,0,0,0,0,0,0,"N",0,0.0,0,0,0,0,0,0,0,0,0,0,0,0,0,0
"35053","5","44413","77","0","2016","1","N","Socorro County, New Mexico","Private","NAICS 44413 Hardware stores","County, NAICS 5-digit -- by ownership sector","All establishment sizes",2,0,0,0,0,0,0,0,"N",3.61,0,0,0,0,0,0,0,"N",0,0.0,0,0,0,0,0,0,0,0,0,0,0,0,0,0
"35053","5","44413","77","0","2016","2","N","Socorro County, New Mexico","Private","NAICS 44413 Hardware stores","County, NAICS 5-digit -- by ownership sector","All establishment sizes",2,0,0,0,0,0,0,0,"N",3.66,0,0,0,0,0,0,0,"N",0,0.0,0,0,0,0,0,0,0,0,0,0,0,0,0,0
"35053","5","44413","77","0","2016","3","N","Socorro County, New Mexico","Private","NAICS 44413 Hardware stores","County, NAICS 5-digit -- by ownership sector","All establishment sizes",2,0,0,0,0,0,0,0,"N",3.72,0,0,0,0,0,0,0,"N",0,0.0,0,0,0,0,0,0,0,0,0,0,0,0,0,0
"35053","5","44413","77","0","2016","4","N","Socorro County, New Mexico","Private","NAICS 44413 Hardware stores","County, NAICS 5-digit -- by ownership sector","All establishment sizes",2,0,0,0,0,0,0,0,"N",3.77,0,0,0,0,0,0,0,"N",0,0.0,0,0,0,0,0,0,0,0,0,0,0,0,0,0
"35053","5","444130","78","0","2016","1","N","Socorro County, New Mexico","Private","NAICS 444130 Hardware stores","County, NAICS 6-digit -- by ownership sector","All establishment sizes",2,0,0,0,0,0,0,0,"N",3.61,0,0,0,0,0,0,0,"N",0,0.0,0,0,0,0,0,0,0,0,0,0,0,0,0,0
"35053","5","444130","78","0","2016","2","N","Socorro County, New Mexico","Private","NAICS 444130 Hardware stores","County, NAICS 6-digit -- by ownership sector","All establishment sizes",2,0,0,0,0,0,0,0,"N",3.66,0,0,0,0,0,0,0,"N",0,0.0,0,0,0,0,0,0,0,0,0,0,0,0,0,0
"35053","5","444130","78","0","2016","3","N","Socorro County, New Mexico","Private","NAICS 444130 Hardware stores","County, NAICS 6-digit -- by ownership sector","All establishment sizes",2,0,0,0,0,0,0,0,"N",3.72,0,0,0,0,0,0,0,"N",0,0.0,0,0,0,0,0,0,0,0,0,0,0,0,0,0
"35053","5","444130","78","0","2016","4","N","Socorro County, New Mexico","Private","NAICS 444130 Hardware stores","County, NAICS 6-digit -- by ownership sector","All establishment sizes",2,0,0,0,0,0,0,0,"N",3.77,0,0,0,0,0,0,0,"N",0,0.0,0,0,0,0,0,0,0,0,0,0,0,0,0,0
"35053","5","4442","76","0","2016","1","N","Socorro County, New Mexico","Private","NAICS 4442 Lawn and garden equipment and supplies stores","County, NAICS 4-digit -- by ownership sector","All establishment sizes",1,0,0,0,0,0,0,0,"N",1.61,0,0,0,0,0,0,0,"N",0,0.0,0,0,0,0,0,0,0,0,0,0,0,0,0,0
"35053","5","4442","76","0","2016","2","N","Socorro County, New Mexico","Private","NAICS 4442 Lawn and garden equipment and supplies stores","County, NAICS 4-digit -- by ownership sector","All establishment sizes",1,0,0,0,0,0,0,0,"N",1.63,0,0,0,0,0,0,0,"N",0,0.0,0,0,0,0,0,0,0,0,0,0,0,0,0,0
"35053","5","4442","76","0","2016","3","N","Socorro County, New Mexico","Private","NAICS 4442 Lawn and garden equipment and supplies stores","County, NAICS 4-digit -- by ownership sector","All establishment sizes",1,0,0,0,0,0,0,0,"N",1.65,0,0,0,0,0,0,0,"N",0,0.0,0,0,0,0,0,0,0,0,0,0,0,0,0,0
"35053","5","4442","76","0","2016","4","N","Socorro County, New Mexico","Private","NAICS 4442 Lawn and garden equipment and supplies stores","County, NAICS 4-digit -- by ownership sector","All establishment sizes",1,0,0,0,0,0,0,0,"N",1.68,0,0,0,0,0,0,0,"N",0,0.0,0,0,0,0,0,0,0,0,0,0,0,0,0,0
"35053","5","44422","77","0","2016","1","N","Socorro County, New Mexico","Private","NAICS 44422 Nursery, garden, and farm supply stores","County, NAICS 5-digit -- by ownership sector","All establishment sizes",1,0,0,0,0,0,0,0,"N",2.16,0,0,0,0,0,0,0,"N",0,0.0,0,0,0,0,0,0,0,0,0,0,0,0,0,0
"35053","5","44422","77","0","2016","2","N","Socorro County, New Mexico","Private","NAICS 44422 Nursery, garden, and farm supply stores","County, NAICS 5-digit -- by ownership sector","All establishment sizes",1,0,0,0,0,0,0,0,"N",2.18,0,0,0,0,0,0,0,"N",0,0.0,0,0,0,0,0,0,0,0,0,0,0,0,0,0
"35053","5","44422","77","0","2016","3","N","Socorro County, New Mexico","Private","NAICS 44422 Nursery, garden, and farm supply stores","County, NAICS 5-digit -- by ownership sector","All establishment sizes",1,0,0,0,0,0,0,0,"N",2.22,0,0,0,0,0,0,0,"N",0,0.0,0,0,0,0,0,0,0,0,0,0,0,0,0,0
"35053","5","44422","77","0","2016","4","N","Socorro County, New Mexico","Private","NAICS 44422 Nursery, garden, and farm supply stores","County, NAICS 5-digit -- by ownership sector","All establishment sizes",1,0,0,0,0,0,0,0,"N",2.25,0,0,0,0,0,0,0,"N",0,0.0,0,0,0,0,0,0,0,0,0,0,0,0,0,0
"35053","5","444220","78","0","2016","1","N","Socorro County, New Mexico","Private","NAICS 444220 Nursery, garden, and farm supply stores","County, NAICS 6-digit -- by ownership sector","All establishment sizes",1,0,0,0,0,0,0,0,"N",2.16,0,0,0,0,0,0,0,"N",0,0.0,0,0,0,0,0,0,0,0,0,0,0,0,0,0
"35053","5","444220","78","0","2016","2","N","Socorro County, New Mexico","Private","NAICS 444220 Nursery, garden, and farm supply stores","County, NAICS 6-digit -- by ownership sector","All establishment sizes",1,0,0,0,0,0,0,0,"N",2.18,0,0,0,0,0,0,0,"N",0,0.0,0,0,0,0,0,0,0,0,0,0,0,0,0,0
"35053","5","444220","78","0","2016","3","N","Socorro County, New Mexico","Private","NAICS 444220 Nursery, garden, and farm supply stores","County, NAICS 6-digit -- by ownership sector","All establishment sizes",1,0,0,0,0,0,0,0,"N",2.22,0,0,0,0,0,0,0,"N",0,0.0,0,0,0,0,0,0,0,0,0,0,0,0,0,0
"35053","5","444220","78","0","2016","4","N","Socorro County, New Mexico","Private","NAICS 444220 Nursery, garden, and farm supply stores","County, NAICS 6-digit -- by ownership sector","All establishment sizes",1,0,0,0,0,0,0,0,"N",2.25,0,0,0,0,0,0,0,"N",0,0.0,0,0,0,0,0,0,0,0,0,0,0,0,0,0
"35053","5","445","75","0","2016","1","","Socorro County, New Mexico","Private","NAICS 445 Food and beverage stores","County, NAICS 3-digit -- by ownership sector","All establishment sizes",5,126,129,130,899286,860652,17658,539,"",0.92,1.09,1.12,1.12,2.12,2.24,3.43,1.91,"",0,0.0,24,23.5,30,30.3,30,30.0,167571,22.9,171358,24.9,3401,23.9,-22,-3.9
"35053","5","445","75","0","2016","2","","Socorro County, New Mexico","Private","NAICS 445 Food and beverage stores","County, NAICS 3-digit -- by ownership sector","All establishment sizes",5,127,125,126,836293,696700,14447,511,"",0.93,1.09,1.07,1.06,1.74,1.62,2.44,1.62,"",0,0.0,29,29.6,27,27.6,31,32.6,111039,15.3,89646,14.8,1587,12.3,-64,-11.1
"35053","5","445","75","0","2016","3","","Socorro County, New Mexico","Private","NAICS 445 Food and beverage stores","County, NAICS 3-digit -- by ownership sector","All establishment sizes",5,60,65,76,293682,212756,4923,337,"",0.94,0.52,0.56,0.66,0.62,0.65,1.11,1.06,"",0,0.0,-42,-41.2,-51,-44.0,-38,-33.3,-513189,-63.6,-317518,-59.9,-7288,-59.7,-224,-39.9
"35053","5","445","75","0","2016","4","N","Socorro County, New Mexico","Private","NAICS 445 Food and beverage stores","County, NAICS 3-digit -- by ownership sector","All establishment sizes",4,0,0,0,0,0,0,0,"N",0.76,0,0,0,0,0,0,0,"N",-1,-20.0,0,0,0,0,0,0,0,0,0,0,0,0,0,0
"35053","5","4451","76","0","2016","1","N","Socorro County, New Mexico","Private","NAICS 4451 Grocery stores","County, NAICS 4-digit -- by ownership sector","All establishment sizes",3,0,0,0,0,0,0,0,"N",0.90,0,0,0,0,0,0,0,"N",0,0.0,0,0,0,0,0,0,0,0,0,0,0,0,0,0
"35053","5","4451","76","0","2016","2","N","Socorro County, New Mexico","Private","NAICS 4451 Grocery stores","County, NAICS 4-digit -- by ownership sector","All establishment sizes",3,0,0,0,0,0,0,0,"N",0.90,0,0,0,0,0,0,0,"N",0,0.0,0,0,0,0,0,0,0,0,0,0,0,0,0,0
"35053","5","4451","76","0","2016","3","N","Socorro County, New Mexico","Private","NAICS 4451 Grocery stores","County, NAICS 4-digit -- by ownership sector","All establishment sizes",3,0,0,0,0,0,0,0,"N",0.92,0,0,0,0,0,0,0,"N",0,0.0,0,0,0,0,0,0,0,0,0,0,0,0,0,0
"35053","5","4451","76","0","2016","4","N","Socorro County, New Mexico","Private","NAICS 4451 Grocery stores","County, NAICS 4-digit -- by ownership sector","All establishment sizes",2,0,0,0,0,0,0,0,"N",0.62,0,0,0,0,0,0,0,"N",-1,-33.3,0,0,0,0,0,0,0,0,0,0,0,0,0,0
"35053","5","44511","77","0","2016","1","N","Socorro County, New Mexico","Private","NAICS 44511 Supermarkets and other grocery stores","County, NAICS 5-digit -- by ownership sector","All establishment sizes",2,0,0,0,0,0,0,0,"N",0.89,0,0,0,0,0,0,0,"N",0,0.0,0,0,0,0,0,0,0,0,0,0,0,0,0,0
"35053","5","44511","77","0","2016","2","N","Socorro County, New Mexico","Private","NAICS 44511 Supermarkets and other grocery stores","County, NAICS 5-digit -- by ownership sector","All establishment sizes",2,0,0,0,0,0,0,0,"N",0.90,0,0,0,0,0,0,0,"N",0,0.0,0,0,0,0,0,0,0,0,0,0,0,0,0,0
"35053","5","44511","77","0","2016","3","N","Socorro County, New Mexico","Private","NAICS 44511 Supermarkets and other grocery stores","County, NAICS 5-digit -- by ownership sector","All establishment sizes",2,0,0,0,0,0,0,0,"N",0.91,0,0,0,0,0,0,0,"N",0,0.0,0,0,0,0,0,0,0,0,0,0,0,0,0,0
"35053","5","44511","77","0","2016","4","N","Socorro County, New Mexico","Private","NAICS 44511 Supermarkets and other grocery stores","County, NAICS 5-digit -- by ownership sector","All establishment sizes",1,0,0,0,0,0,0,0,"N",0.46,0,0,0,0,0,0,0,"N",-1,-50.0,0,0,0,0,0,0,0,0,0,0,0,0,0,0
"35053","5","445110","78","0","2016","1","N","Socorro County, New Mexico","Private","NAICS 445110 Supermarkets and other grocery stores","County, NAICS 6-digit -- by ownership sector","All establishment sizes",2,0,0,0,0,0,0,0,"N",0.89,0,0,0,0,0,0,0,"N",0,0.0,0,0,0,0,0,0,0,0,0,0,0,0,0,0
"35053","5","445110","78","0","2016","2","N","Socorro County, New Mexico","Private","NAICS 445110 Supermarkets and other grocery stores","County, NAICS 6-digit -- by ownership sector","All establishment sizes",2,0,0,0,0,0,0,0,"N",0.90,0,0,0,0,0,0,0,"N",0,0.0,0,0,0,0,0,0,0,0,0,0,0,0,0,0
"35053","5","445110","78","0","2016","3","N","Socorro County, New Mexico","Private","NAICS 445110 Supermarkets and other grocery stores","County, NAICS 6-digit -- by ownership sector","All establishment sizes",2,0,0,0,0,0,0,0,"N",0.91,0,0,0,0,0,0,0,"N",0,0.0,0,0,0,0,0,0,0,0,0,0,0,0,0,0
"35053","5","445110","78","0","2016","4","N","Socorro County, New Mexico","Private","NAICS 445110 Supermarkets and other grocery stores","County, NAICS 6-digit -- by ownership sector","All establishment sizes",1,0,0,0,0,0,0,0,"N",0.46,0,0,0,0,0,0,0,"N",-1,-50.0,0,0,0,0,0,0,0,0,0,0,0,0,0,0
"35053","5","44512","77","0","2016","1","N","Socorro County, New Mexico","Private","NAICS 44512 Convenience stores","County, NAICS 5-digit -- by ownership sector","All establishment sizes",1,0,0,0,0,0,0,0,"N",0.91,0,0,0,0,0,0,0,"N",0,0.0,0,0,0,0,0,0,0,0,0,0,0,0,0,0
"35053","5","44512","77","0","2016","2","N","Socorro County, New Mexico","Private","NAICS 44512 Convenience stores","County, NAICS 5-digit -- by ownership sector","All establishment sizes",1,0,0,0,0,0,0,0,"N",0.91,0,0,0,0,0,0,0,"N",0,0.0,0,0,0,0,0,0,0,0,0,0,0,0,0,0
"35053","5","44512","77","0","2016","3","N","Socorro County, New Mexico","Private","NAICS 44512 Convenience stores","County, NAICS 5-digit -- by ownership sector","All establishment sizes",1,0,0,0,0,0,0,0,"N",0.93,0,0,0,0,0,0,0,"N",0,0.0,0,0,0,0,0,0,0,0,0,0,0,0,0,0
"35053","5","44512","77","0","2016","4","N","Socorro County, New Mexico","Private","NAICS 44512 Convenience stores","County, NAICS 5-digit -- by ownership sector","All establishment sizes",1,0,0,0,0,0,0,0,"N",0.93,0,0,0,0,0,0,0,"N",0,0.0,0,0,0,0,0,0,0,0,0,0,0,0,0,0
"35053","5","445120","78","0","2016","1","N","Socorro County, New Mexico","Private","NAICS 445120 Convenience stores","County, NAICS 6-digit -- by ownership sector","All establishment sizes",1,0,0,0,0,0,0,0,"N",0.91,0,0,0,0,0,0,0,"N",0,0.0,0,0,0,0,0,0,0,0,0,0,0,0,0,0
"35053","5","445120","78","0","2016","2","N","Socorro County, New Mexico","Private","NAICS 445120 Convenience stores","County, NAICS 6-digit -- by ownership sector","All establishment sizes",1,0,0,0,0,0,0,0,"N",0.91,0,0,0,0,0,0,0,"N",0,0.0,0,0,0,0,0,0,0,0,0,0,0,0,0,0
"35053","5","445120","78","0","2016","3","N","Socorro County, New Mexico","Private","NAICS 445120 Convenience stores","County, NAICS 6-digit -- by ownership sector","All establishment sizes",1,0,0,0,0,0,0,0,"N",0.93,0,0,0,0,0,0,0,"N",0,0.0,0,0,0,0,0,0,0,0,0,0,0,0,0,0
"35053","5","445120","78","0","2016","4","N","Socorro County, New Mexico","Private","NAICS 445120 Convenience stores","County, NAICS 6-digit -- by ownership sector","All establishment sizes",1,0,0,0,0,0,0,0,"N",0.93,0,0,0,0,0,0,0,"N",0,0.0,0,0,0,0,0,0,0,0,0,0,0,0,0,0
"35053","5","4452","76","0","2016","1","N","Socorro County, New Mexico","Private","NAICS 4452 Specialty food stores","County, NAICS 4-digit -- by ownership sector","All establishment sizes",2,0,0,0,0,0,0,0,"N",2.07,0,0,0,0,0,0,0,"N",0,0.0,0,0,0,0,0,0,0,0,0,0,0,0,0,0
"35053","5","4452","76","0","2016","2","N","Socorro County, New Mexico","Private","NAICS 4452 Specialty food stores","County, NAICS 4-digit -- by ownership sector","All establishment sizes",2,0,0,0,0,0,0,0,"N",2.07,0,0,0,0,0,0,0,"N",0,0.0,0,0,0,0,0,0,0,0,0,0,0,0,0,0
"35053","5","4452","76","0","2016","3","N","Socorro County, New Mexico","Private","NAICS 4452 Specialty food stores","County, NAICS 4-digit -- by ownership sector","All establishment sizes",2,0,0,0,0,0,0,0,"N",2.11,0,0,0,0,0,0,0,"N",0,0.0,0,0,0,0,0,0,0,0,0,0,0,0,0,0
"35053","5","4452","76","0","2016","4","N","Socorro County, New Mexico","Private","NAICS 4452 Specialty food stores","County, NAICS 4-digit -- by ownership sector","All establishment sizes",2,0,0,0,0,0,0,0,"N",2.13,0,0,0,0,0,0,0,"N",0,0.0,0,0,0,0,0,0,0,0,0,0,0,0,0,0
"35053","5","44523","77","0","2016","1","N","Socorro County, New Mexico","Private","NAICS 44523 Fruit and vegetable markets","County, NAICS 5-digit -- by ownership sector","All establishment sizes",1,0,0,0,0,0,0,0,"N",7.53,0,0,0,0,0,0,0,"N",0,0.0,0,0,0,0,0,0,0,0,0,0,0,0,0,0
"35053","5","44523","77","0","2016","2","N","Socorro County, New Mexico","Private","NAICS 44523 Fruit and vegetable markets","County, NAICS 5-digit -- by ownership sector","All establishment sizes",1,0,0,0,0,0,0,0,"N",7.53,0,0,0,0,0,0,0,"N",0,0.0,0,0,0,0,0,0,0,0,0,0,0,0,0,0
"35053","5","44523","77","0","2016","3","N","Socorro County, New Mexico","Private","NAICS 44523 Fruit and vegetable markets","County, NAICS 5-digit -- by ownership sector","All establishment sizes",1,0,0,0,0,0,0,0,"N",7.70,0,0,0,0,0,0,0,"N",0,0.0,0,0,0,0,0,0,0,0,0,0,0,0,0,0
"35053","5","44523","77","0","2016","4","N","Socorro County, New Mexico","Private","NAICS 44523 Fruit and vegetable markets","County, NAICS 5-digit -- by ownership sector","All establishment sizes",1,0,0,0,0,0,0,0,"N",7.80,0,0,0,0,0,0,0,"N",0,0.0,0,0,0,0,0,0,0,0,0,0,0,0,0,0
"35053","5","445230","78","0","2016","1","N","Socorro County, New Mexico","Private","NAICS 445230 Fruit and vegetable markets","County, NAICS 6-digit -- by ownership sector","All establishment sizes",1,0,0,0,0,0,0,0,"N",7.53,0,0,0,0,0,0,0,"N",0,0.0,0,0,0,0,0,0,0,0,0,0,0,0,0,0
"35053","5","445230","78","0","2016","2","N","Socorro County, New Mexico","Private","NAICS 445230 Fruit and vegetable markets","County, NAICS 6-digit -- by ownership sector","All establishment sizes",1,0,0,0,0,0,0,0,"N",7.53,0,0,0,0,0,0,0,"N",0,0.0,0,0,0,0,0,0,0,0,0,0,0,0,0,0
"35053","5","445230","78","0","2016","3","N","Socorro County, New Mexico","Private","NAICS 445230 Fruit and vegetable markets","County, NAICS 6-digit -- by ownership sector","All establishment sizes",1,0,0,0,0,0,0,0,"N",7.70,0,0,0,0,0,0,0,"N",0,0.0,0,0,0,0,0,0,0,0,0,0,0,0,0,0
"35053","5","445230","78","0","2016","4","N","Socorro County, New Mexico","Private","NAICS 445230 Fruit and vegetable markets","County, NAICS 6-digit -- by ownership sector","All establishment sizes",1,0,0,0,0,0,0,0,"N",7.80,0,0,0,0,0,0,0,"N",0,0.0,0,0,0,0,0,0,0,0,0,0,0,0,0,0
"35053","5","44529","77","0","2016","1","N","Socorro County, New Mexico","Private","NAICS 44529 Other specialty food stores","County, NAICS 5-digit -- by ownership sector","All establishment sizes",1,0,0,0,0,0,0,0,"N",1.90,0,0,0,0,0,0,0,"N",0,0.0,0,0,0,0,0,0,0,0,0,0,0,0,0,0
"35053","5","44529","77","0","2016","2","N","Socorro County, New Mexico","Private","NAICS 44529 Other specialty food stores","County, NAICS 5-digit -- by ownership sector","All establishment sizes",1,0,0,0,0,0,0,0,"N",1.90,0,0,0,0,0,0,0,"N",0,0.0,0,0,0,0,0,0,0,0,0,0,0,0,0,0
"35053","5","44529","77","0","2016","3","N","Socorro County, New Mexico","Private","NAICS 44529 Other specialty food stores","County, NAICS 5-digit -- by ownership sector","All establishment sizes",1,0,0,0,0,0,0,0,"N",1.92,0,0,0,0,0,0,0,"N",0,0.0,0,0,0,0,0,0,0,0,0,0,0,0,0,0
"35053","5","44529","77","0","2016","4","N","Socorro County, New Mexico","Private","NAICS 44529 Other specialty food stores","County, NAICS 5-digit -- by ownership sector","All establishment sizes",1,0,0,0,0,0,0,0,"N",1.93,0,0,0,0,0,0,0,"N",0,0.0,0,0,0,0,0,0,0,0,0,0,0,0,0,0
"35053","5","445299","78","0","2016","1","N","Socorro County, New Mexico","Private","NAICS 445299 All other specialty food stores","County, NAICS 6-digit -- by ownership sector","All establishment sizes",1,0,0,0,0,0,0,0,"N",3.21,0,0,0,0,0,0,0,"N",0,0.0,0,0,0,0,0,0,0,0,0,0,0,0,0,0
"35053","5","445299","78","0","2016","2","N","Socorro County, New Mexico","Private","NAICS 445299 All other specialty food stores","County, NAICS 6-digit -- by ownership sector","All establishment sizes",1,0,0,0,0,0,0,0,"N",3.20,0,0,0,0,0,0,0,"N",0,0.0,0,0,0,0,0,0,0,0,0,0,0,0,0,0
"35053","5","445299","78","0","2016","3","N","Socorro County, New Mexico","Private","NAICS 445299 All other specialty food stores","County, NAICS 6-digit -- by ownership sector","All establishment sizes",1,0,0,0,0,0,0,0,"N",3.24,0,0,0,0,0,0,0,"N",0,0.0,0,0,0,0,0,0,0,0,0,0,0,0,0,0
"35053","5","445299","78","0","2016","4","N","Socorro County, New Mexico","Private","NAICS 445299 All other specialty food stores","County, NAICS 6-digit -- by ownership sector","All establishment sizes",1,0,0,0,0,0,0,0,"N",3.27,0,0,0,0,0,0,0,"N",0,0.0,0,0,0,0,0,0,0,0,0,0,0,0,0,0
"35053","5","446","75","0","2016","1","-","Socorro County, New Mexico","Private","NAICS 446 Health and personal care stores","County, NAICS 3-digit -- by ownership sector","All establishment sizes",0,0,0,0,0,0,0,0,"N",0.00,0,0,0,0,0,0,0,"N",0,0,0,0,0,0,0,0,0,0,0,0,0,0,0,0
"35053","5","446","75","0","2016","2","-","Socorro County, New Mexico","Private","NAICS 446 Health and personal care stores","County, NAICS 3-digit -- by ownership sector","All establishment sizes",0,0,0,0,0,0,0,0,"N",0.00,0,0,0,0,0,0,0,"N",0,0,0,0,0,0,0,0,0,0,0,0,0,0,0,0
"35053","5","446","75","0","2016","3","-","Socorro County, New Mexico","Private","NAICS 446 Health and personal care stores","County, NAICS 3-digit -- by ownership sector","All establishment sizes",0,0,0,0,0,0,0,0,"N",0.00,0,0,0,0,0,0,0,"N",0,0,0,0,0,0,0,0,0,0,0,0,0,0,0,0
"35053","5","446","75","0","2016","4","N","Socorro County, New Mexico","Private","NAICS 446 Health and personal care stores","County, NAICS 3-digit -- by ownership sector","All establishment sizes",1,0,0,0,0,0,0,0,"N",0.25,0,0,0,0,0,0,0,"N",1,100.0,0,0,0,0,0,0,0,0,0,0,0,0,0,0
"35053","5","4461","76","0","2016","1","-","Socorro County, New Mexico","Private","NAICS 4461 Health and personal care stores","County, NAICS 4-digit -- by ownership sector","All establishment sizes",0,0,0,0,0,0,0,0,"N",0.00,0,0,0,0,0,0,0,"N",0,0,0,0,0,0,0,0,0,0,0,0,0,0,0,0
"35053","5","4461","76","0","2016","2","-","Socorro County, New Mexico","Private","NAICS 4461 Health and personal care stores","County, NAICS 4-digit -- by ownership sector","All establishment sizes",0,0,0,0,0,0,0,0,"N",0.00,0,0,0,0,0,0,0,"N",0,0,0,0,0,0,0,0,0,0,0,0,0,0,0,0
"35053","5","4461","76","0","2016","3","-","Socorro County, New Mexico","Private","NAICS 4461 Health and personal care stores","County, NAICS 4-digit -- by ownership sector","All establishment sizes",0,0,0,0,0,0,0,0,"N",0.00,0,0,0,0,0,0,0,"N",0,0,0,0,0,0,0,0,0,0,0,0,0,0,0,0
"35053","5","4461","76","0","2016","4","N","Socorro County, New Mexico","Private","NAICS 4461 Health and personal care stores","County, NAICS 4-digit -- by ownership sector","All establishment sizes",1,0,0,0,0,0,0,0,"N",0.25,0,0,0,0,0,0,0,"N",1,100.0,0,0,0,0,0,0,0,0,0,0,0,0,0,0
"35053","5","44611","77","0","2016","1","-","Socorro County, New Mexico","Private","NAICS 44611 Pharmacies and drug stores","County, NAICS 5-digit -- by ownership sector","All establishment sizes",0,0,0,0,0,0,0,0,"N",0.00,0,0,0,0,0,0,0,"N",0,0,0,0,0,0,0,0,0,0,0,0,0,0,0,0
"35053","5","44611","77","0","2016","2","-","Socorro County, New Mexico","Private","NAICS 44611 Pharmacies and drug stores","County, NAICS 5-digit -- by ownership sector","All establishment sizes",0,0,0,0,0,0,0,0,"N",0.00,0,0,0,0,0,0,0,"N",0,0,0,0,0,0,0,0,0,0,0,0,0,0,0,0
"35053","5","44611","77","0","2016","3","-","Socorro County, New Mexico","Private","NAICS 44611 Pharmacies and drug stores","County, NAICS 5-digit -- by ownership sector","All establishment sizes",0,0,0,0,0,0,0,0,"N",0.00,0,0,0,0,0,0,0,"N",0,0,0,0,0,0,0,0,0,0,0,0,0,0,0,0
"35053","5","44611","77","0","2016","4","N","Socorro County, New Mexico","Private","NAICS 44611 Pharmacies and drug stores","County, NAICS 5-digit -- by ownership sector","All establishment sizes",1,0,0,0,0,0,0,0,"N",0.44,0,0,0,0,0,0,0,"N",1,100.0,0,0,0,0,0,0,0,0,0,0,0,0,0,0
"35053","5","446110","78","0","2016","1","-","Socorro County, New Mexico","Private","NAICS 446110 Pharmacies and drug stores","County, NAICS 6-digit -- by ownership sector","All establishment sizes",0,0,0,0,0,0,0,0,"N",0.00,0,0,0,0,0,0,0,"N",0,0,0,0,0,0,0,0,0,0,0,0,0,0,0,0
"35053","5","446110","78","0","2016","2","-","Socorro County, New Mexico","Private","NAICS 446110 Pharmacies and drug stores","County, NAICS 6-digit -- by ownership sector","All establishment sizes",0,0,0,0,0,0,0,0,"N",0.00,0,0,0,0,0,0,0,"N",0,0,0,0,0,0,0,0,0,0,0,0,0,0,0,0
"35053","5","446110","78","0","2016","3","-","Socorro County, New Mexico","Private","NAICS 446110 Pharmacies and drug stores","County, NAICS 6-digit -- by ownership sector","All establishment sizes",0,0,0,0,0,0,0,0,"N",0.00,0,0,0,0,0,0,0,"N",0,0,0,0,0,0,0,0,0,0,0,0,0,0,0,0
"35053","5","446110","78","0","2016","4","N","Socorro County, New Mexico","Private","NAICS 446110 Pharmacies and drug stores","County, NAICS 6-digit -- by ownership sector","All establishment sizes",1,0,0,0,0,0,0,0,"N",0.44,0,0,0,0,0,0,0,"N",1,100.0,0,0,0,0,0,0,0,0,0,0,0,0,0,0
"35053","5","447","75","0","2016","1","","Socorro County, New Mexico","Private","NAICS 447 Gasoline stations","County, NAICS 3-digit -- by ownership sector","All establishment sizes",7,69,72,72,297160,296860,5781,322,"",1.78,2.01,2.09,2.08,2.75,2.86,3.89,1.34,"",-1,-12.5,-6,-8.0,-3,-4.0,-2,-2.7,15071,5.3,22712,8.3,90,1.6,31,10.7
"35053","5","447","75","0","2016","2","","Socorro County, New Mexico","Private","NAICS 447 Gasoline stations","County, NAICS 3-digit -- by ownership sector","All establishment sizes",7,69,72,71,288453,276780,5871,314,"",1.80,1.97,2.05,2.00,2.29,1.96,2.73,1.14,"",-1,-12.5,-4,-5.5,-4,-5.3,-3,-4.1,-35149,-10.9,-21826,-7.3,180,3.2,-21,-6.3
"35053","5","447","75","0","2016","3","","Socorro County, New Mexico","Private","NAICS 447 Gasoline stations","County, NAICS 3-digit -- by ownership sector","All establishment sizes",7,77,79,79,314019,251765,5313,308,"",1.83,2.23,2.26,2.25,2.49,2.26,3.16,1.11,"",-2,-22.2,5,6.9,9,12.9,12,17.9,-16325,-4.9,5853,2.4,-202,-3.7,-57,-15.6
"35053","5","447","75","0","2016","4","","Socorro County, New Mexico","Private","NAICS 447 Gasoline stations","County, NAICS 3-digit -- by ownership sector","All establishment sizes",7,80,80,79,305634,222073,2586,295,"",1.85,2.33,2.34,2.31,2.49,2.68,2.97,1.07,"",0,0.0,12,17.6,13,19.4,11,16.2,13049,4.5,24673,12.5,-1788,-40.9,-38,-11.4
"35053","5","4471","76","0","2016","1","","Socorro County, New Mexico","Private","NAICS 4471 Gasoline stations","County, NAICS 4-digit -- by ownership sector","All establishment sizes",7,69,72,72,297160,296860,5781,322,"",1.78,2.01,2.09,2.08,2.75,2.86,3.89,1.34,"",-1,-12.5,-6,-8.0,-3,-4.0,-2,-2.7,15071,5.3,22712,8.3,90,1.6,31,10.7
"35053","5","4471","76","0","2016","2","","Socorro County, New Mexico","Private","NAICS 4471 Gasoline stations","County, NAICS 4-digit -- by ownership sector","All establishment sizes",7,69,72,71,288453,276780,5871,314,"",1.80,1.97,2.05,2.00,2.29,1.96,2.73,1.14,"",-1,-12.5,-4,-5.5,-4,-5.3,-3,-4.1,-35149,-10.9,-21826,-7.3,180,3.2,-21,-6.3
"35053","5","4471","76","0","2016","3","","Socorro County, New Mexico","Private","NAICS 4471 Gasoline stations","County, NAICS 4-digit -- by ownership sector","All establishment sizes",7,77,79,79,314019,251765,5313,308,"",1.83,2.23,2.26,2.25,2.49,2.26,3.16,1.11,"",-2,-22.2,5,6.9,9,12.9,12,17.9,-16325,-4.9,5853,2.4,-202,-3.7,-57,-15.6
"35053","5","4471","76","0","2016","4","","Socorro County, New Mexico","Private","NAICS 4471 Gasoline stations","County, NAICS 4-digit -- by ownership sector","All establishment sizes",7,80,80,79,305634,222073,2586,295,"",1.85,2.33,2.34,2.31,2.49,2.68,2.97,1.07,"",0,0.0,12,17.6,13,19.4,11,16.2,13049,4.5,24673,12.5,-1788,-40.9,-38,-11.4
"35053","5","44711","77","0","2016","1","N","Socorro County, New Mexico","Private","NAICS 44711 Gasoline stations with convenience stores","County, NAICS 5-digit -- by ownership sector","All establishment sizes",6,0,0,0,0,0,0,0,"N",1.71,0,0,0,0,0,0,0,"N",-1,-14.3,0,0,0,0,0,0,0,0,0,0,0,0,0,0
"35053","5","44711","77","0","2016","2","N","Socorro County, New Mexico","Private","NAICS 44711 Gasoline stations with convenience stores","County, NAICS 5-digit -- by ownership sector","All establishment sizes",6,0,0,0,0,0,0,0,"N",1.72,0,0,0,0,0,0,0,"N",-1,-14.3,0,0,0,0,0,0,0,0,0,0,0,0,0,0
"35053","5","44711","77","0","2016","3","N","Socorro County, New Mexico","Private","NAICS 44711 Gasoline stations with convenience stores","County, NAICS 5-digit -- by ownership sector","All establishment sizes",6,0,0,0,0,0,0,0,"N",1.75,0,0,0,0,0,0,0,"N",-2,-25.0,0,0,0,0,0,0,0,0,0,0,0,0,0,0
"35053","5","44711","77","0","2016","4","N","Socorro County, New Mexico","Private","NAICS 44711 Gasoline stations with convenience stores","County, NAICS 5-digit -- by ownership sector","All establishment sizes",6,0,0,0,0,0,0,0,"N",1.77,0,0,0,0,0,0,0,"N",0,0.0,0,0,0,0,0,0,0,0,0,0,0,0,0,0
"35053","5","447110","78","0","2016","1","N","Socorro County, New Mexico","Private","NAICS 447110 Gasoline stations with convenience stores","County, NAICS 6-digit -- by ownership sector","All establishment sizes",6,0,0,0,0,0,0,0,"N",1.71,0,0,0,0,0,0,0,"N",-1,-14.3,0,0,0,0,0,0,0,0,0,0,0,0,0,0
"35053","5","447110","78","0","2016","2","N","Socorro County, New Mexico","Private","NAICS 447110 Gasoline stations with convenience stores","County, NAICS 6-digit -- by ownership sector","All establishment sizes",6,0,0,0,0,0,0,0,"N",1.72,0,0,0,0,0,0,0,"N",-1,-14.3,0,0,0,0,0,0,0,0,0,0,0,0,0,0
"35053","5","447110","78","0","2016","3","N","Socorro County, New Mexico","Private","NAICS 447110 Gasoline stations with convenience stores","County, NAICS 6-digit -- by ownership sector","All establishment sizes",6,0,0,0,0,0,0,0,"N",1.75,0,0,0,0,0,0,0,"N",-2,-25.0,0,0,0,0,0,0,0,0,0,0,0,0,0,0
"35053","5","447110","78","0","2016","4","N","Socorro County, New Mexico","Private","NAICS 447110 Gasoline stations with convenience stores","County, NAICS 6-digit -- by ownership sector","All establishment sizes",6,0,0,0,0,0,0,0,"N",1.77,0,0,0,0,0,0,0,"N",0,0.0,0,0,0,0,0,0,0,0,0,0,0,0,0,0
"35053","5","44719","77","0","2016","1","N","Socorro County, New Mexico","Private","NAICS 44719 Other gasoline stations","County, NAICS 5-digit -- by ownership sector","All establishment sizes",1,0,0,0,0,0,0,0,"N",2.47,0,0,0,0,0,0,0,"N",0,0.0,0,0,0,0,0,0,0,0,0,0,0,0,0,0
"35053","5","44719","77","0","2016","2","N","Socorro County, New Mexico","Private","NAICS 44719 Other gasoline stations","County, NAICS 5-digit -- by ownership sector","All establishment sizes",1,0,0,0,0,0,0,0,"N",2.51,0,0,0,0,0,0,0,"N",0,0.0,0,0,0,0,0,0,0,0,0,0,0,0,0,0
"35053","5","44719","77","0","2016","3","N","Socorro County, New Mexico","Private","NAICS 44719 Other gasoline stations","County, NAICS 5-digit -- by ownership sector","All establishment sizes",1,0,0,0,0,0,0,0,"N",2.56,0,0,0,0,0,0,0,"N",0,0.0,0,0,0,0,0,0,0,0,0,0,0,0,0,0
"35053","5","44719","77","0","2016","4","N","Socorro County, New Mexico","Private","NAICS 44719 Other gasoline stations","County, NAICS 5-digit -- by ownership sector","All establishment sizes",1,0,0,0,0,0,0,0,"N",2.59,0,0,0,0,0,0,0,"N",0,0.0,0,0,0,0,0,0,0,0,0,0,0,0,0,0
"35053","5","447190","78","0","2016","1","N","Socorro County, New Mexico","Private","NAICS 447190 Other gasoline stations","County, NAICS 6-digit -- by ownership sector","All establishment sizes",1,0,0,0,0,0,0,0,"N",2.47,0,0,0,0,0,0,0,"N",0,0.0,0,0,0,0,0,0,0,0,0,0,0,0,0,0
"35053","5","447190","78","0","2016","2","N","Socorro County, New Mexico","Private","NAICS 447190 Other gasoline stations","County, NAICS 6-digit -- by ownership sector","All establishment sizes",1,0,0,0,0,0,0,0,"N",2.51,0,0,0,0,0,0,0,"N",0,0.0,0,0,0,0,0,0,0,0,0,0,0,0,0,0
"35053","5","447190","78","0","2016","3","N","Socorro County, New Mexico","Private","NAICS 447190 Other gasoline stations","County, NAICS 6-digit -- by ownership sector","All establishment sizes",1,0,0,0,0,0,0,0,"N",2.56,0,0,0,0,0,0,0,"N",0,0.0,0,0,0,0,0,0,0,0,0,0,0,0,0,0
"35053","5","447190","78","0","2016","4","N","Socorro County, New Mexico","Private","NAICS 447190 Other gasoline stations","County, NAICS 6-digit -- by ownership sector","All establishment sizes",1,0,0,0,0,0,0,0,"N",2.59,0,0,0,0,0,0,0,"N",0,0.0,0,0,0,0,0,0,0,0,0,0,0,0,0,0
"35053","5","448","75","0","2016","1","N","Socorro County, New Mexico","Private","NAICS 448 Clothing and clothing accessories stores","County, NAICS 3-digit -- by ownership sector","All establishment sizes",1,0,0,0,0,0,0,0,"N",0.21,0,0,0,0,0,0,0,"N",0,0.0,0,0,0,0,0,0,0,0,0,0,0,0,0,0
"35053","5","448","75","0","2016","2","N","Socorro County, New Mexico","Private","NAICS 448 Clothing and clothing accessories stores","County, NAICS 3-digit -- by ownership sector","All establishment sizes",1,0,0,0,0,0,0,0,"N",0.21,0,0,0,0,0,0,0,"N",0,0.0,0,0,0,0,0,0,0,0,0,0,0,0,0,0
"35053","5","448","75","0","2016","3","N","Socorro County, New Mexico","Private","NAICS 448 Clothing and clothing accessories stores","County, NAICS 3-digit -- by ownership sector","All establishment sizes",1,0,0,0,0,0,0,0,"N",0.22,0,0,0,0,0,0,0,"N",0,0.0,0,0,0,0,0,0,0,0,0,0,0,0,0,0
"35053","5","448","75","0","2016","4","N","Socorro County, New Mexico","Private","NAICS 448 Clothing and clothing accessories stores","County, NAICS 3-digit -- by ownership sector","All establishment sizes",1,0,0,0,0,0,0,0,"N",0.22,0,0,0,0,0,0,0,"N",0,0.0,0,0,0,0,0,0,0,0,0,0,0,0,0,0
"35053","5","4482","76","0","2016","1","N","Socorro County, New Mexico","Private","NAICS 4482 Shoe stores","County, NAICS 4-digit -- by ownership sector","All establishment sizes",1,0,0,0,0,0,0,0,"N",1.26,0,0,0,0,0,0,0,"N",0,0.0,0,0,0,0,0,0,0,0,0,0,0,0,0,0
"35053","5","4482","76","0","2016","2","N","Socorro County, New Mexico","Private","NAICS 4482 Shoe stores","County, NAICS 4-digit -- by ownership sector","All establishment sizes",1,0,0,0,0,0,0,0,"N",1.28,0,0,0,0,0,0,0,"N",0,0.0,0,0,0,0,0,0,0,0,0,0,0,0,0,0
"35053","5","4482","76","0","2016","3","N","Socorro County, New Mexico","Private","NAICS 4482 Shoe stores","County, NAICS 4-digit -- by ownership sector","All establishment sizes",1,0,0,0,0,0,0,0,"N",1.31,0,0,0,0,0,0,0,"N",0,0.0,0,0,0,0,0,0,0,0,0,0,0,0,0,0
"35053","5","4482","76","0","2016","4","N","Socorro County, New Mexico","Private","NAICS 4482 Shoe stores","County, NAICS 4-digit -- by ownership sector","All establishment sizes",1,0,0,0,0,0,0,0,"N",1.33,0,0,0,0,0,0,0,"N",0,0.0,0,0,0,0,0,0,0,0,0,0,0,0,0,0
"35053","5","44821","77","0","2016","1","N","Socorro County, New Mexico","Private","NAICS 44821 Shoe stores","County, NAICS 5-digit -- by ownership sector","All establishment sizes",1,0,0,0,0,0,0,0,"N",1.26,0,0,0,0,0,0,0,"N",0,0.0,0,0,0,0,0,0,0,0,0,0,0,0,0,0
"35053","5","44821","77","0","2016","2","N","Socorro County, New Mexico","Private","NAICS 44821 Shoe stores","County, NAICS 5-digit -- by ownership sector","All establishment sizes",1,0,0,0,0,0,0,0,"N",1.28,0,0,0,0,0,0,0,"N",0,0.0,0,0,0,0,0,0,0,0,0,0,0,0,0,0
"35053","5","44821","77","0","2016","3","N","Socorro County, New Mexico","Private","NAICS 44821 Shoe stores","County, NAICS 5-digit -- by ownership sector","All establishment sizes",1,0,0,0,0,0,0,0,"N",1.31,0,0,0,0,0,0,0,"N",0,0.0,0,0,0,0,0,0,0,0,0,0,0,0,0,0
"35053","5","44821","77","0","2016","4","N","Socorro County, New Mexico","Private","NAICS 44821 Shoe stores","County, NAICS 5-digit -- by ownership sector","All establishment sizes",1,0,0,0,0,0,0,0,"N",1.33,0,0,0,0,0,0,0,"N",0,0.0,0,0,0,0,0,0,0,0,0,0,0,0,0,0
"35053","5","448210","78","0","2016","1","N","Socorro County, New Mexico","Private","NAICS 448210 Shoe stores","County, NAICS 6-digit -- by ownership sector","All establishment sizes",1,0,0,0,0,0,0,0,"N",1.26,0,0,0,0,0,0,0,"N",0,0.0,0,0,0,0,0,0,0,0,0,0,0,0,0,0
"35053","5","448210","78","0","2016","2","N","Socorro County, New Mexico","Private","NAICS 448210 Shoe stores","County, NAICS 6-digit -- by ownership sector","All establishment sizes",1,0,0,0,0,0,0,0,"N",1.28,0,0,0,0,0,0,0,"N",0,0.0,0,0,0,0,0,0,0,0,0,0,0,0,0,0
"35053","5","448210","78","0","2016","3","N","Socorro County, New Mexico","Private","NAICS 448210 Shoe stores","County, NAICS 6-digit -- by ownership sector","All establishment sizes",1,0,0,0,0,0,0,0,"N",1.31,0,0,0,0,0,0,0,"N",0,0.0,0,0,0,0,0,0,0,0,0,0,0,0,0,0
"35053","5","448210","78","0","2016","4","N","Socorro County, New Mexico","Private","NAICS 448210 Shoe stores","County, NAICS 6-digit -- by ownership sector","All establishment sizes",1,0,0,0,0,0,0,0,"N",1.33,0,0,0,0,0,0,0,"N",0,0.0,0,0,0,0,0,0,0,0,0,0,0,0,0,0
"35053","5","451","75","0","2016","1","N","Socorro County, New Mexico","Private","NAICS 451 Sports, hobby, music instrument, book stores","County, NAICS 3-digit -- by ownership sector","All establishment sizes",1,0,0,0,0,0,0,0,"N",0.51,0,0,0,0,0,0,0,"N",0,0.0,0,0,0,0,0,0,0,0,0,0,0,0,0,0
"35053","5","451","75","0","2016","2","N","Socorro County, New Mexico","Private","NAICS 451 Sports, hobby, music instrument, book stores","County, NAICS 3-digit -- by ownership sector","All establishment sizes",1,0,0,0,0,0,0,0,"N",0.52,0,0,0,0,0,0,0,"N",0,0.0,0,0,0,0,0,0,0,0,0,0,0,0,0,0
"35053","5","451","75","0","2016","3","N","Socorro County, New Mexico","Private","NAICS 451 Sports, hobby, music instrument, book stores","County, NAICS 3-digit -- by ownership sector","All establishment sizes",1,0,0,0,0,0,0,0,"N",0.53,0,0,0,0,0,0,0,"N",0,0.0,0,0,0,0,0,0,0,0,0,0,0,0,0,0
"35053","5","451","75","0","2016","4","N","Socorro County, New Mexico","Private","NAICS 451 Sports, hobby, music instrument, book stores","County, NAICS 3-digit -- by ownership sector","All establishment sizes",1,0,0,0,0,0,0,0,"N",0.54,0,0,0,0,0,0,0,"N",0,0.0,0,0,0,0,0,0,0,0,0,0,0,0,0,0
"35053","5","4512","76","0","2016","1","N","Socorro County, New Mexico","Private","NAICS 4512 Book stores and news dealers","County, NAICS 4-digit -- by ownership sector","All establishment sizes",1,0,0,0,0,0,0,0,"N",3.38,0,0,0,0,0,0,0,"N",0,0.0,0,0,0,0,0,0,0,0,0,0,0,0,0,0
"35053","5","4512","76","0","2016","2","N","Socorro County, New Mexico","Private","NAICS 4512 Book stores and news dealers","County, NAICS 4-digit -- by ownership sector","All establishment sizes",1,0,0,0,0,0,0,0,"N",3.41,0,0,0,0,0,0,0,"N",0,0.0,0,0,0,0,0,0,0,0,0,0,0,0,0,0
"35053","5","4512","76","0","2016","3","N","Socorro County, New Mexico","Private","NAICS 4512 Book stores and news dealers","County, NAICS 4-digit -- by ownership sector","All establishment sizes",1,0,0,0,0,0,0,0,"N",3.48,0,0,0,0,0,0,0,"N",0,0.0,0,0,0,0,0,0,0,0,0,0,0,0,0,0
"35053","5","4512","76","0","2016","4","N","Socorro County, New Mexico","Private","NAICS 4512 Book stores and news dealers","County, NAICS 4-digit -- by ownership sector","All establishment sizes",1,0,0,0,0,0,0,0,"N",3.55,0,0,0,0,0,0,0,"N",0,0.0,0,0,0,0,0,0,0,0,0,0,0,0,0,0
"35053","5","45121","77","0","2016","1","N","Socorro County, New Mexico","Private","NAICS 45121 Book stores and news dealers","County, NAICS 5-digit -- by ownership sector","All establishment sizes",1,0,0,0,0,0,0,0,"N",3.38,0,0,0,0,0,0,0,"N",0,0.0,0,0,0,0,0,0,0,0,0,0,0,0,0,0
"35053","5","45121","77","0","2016","2","N","Socorro County, New Mexico","Private","NAICS 45121 Book stores and news dealers","County, NAICS 5-digit -- by ownership sector","All establishment sizes",1,0,0,0,0,0,0,0,"N",3.41,0,0,0,0,0,0,0,"N",0,0.0,0,0,0,0,0,0,0,0,0,0,0,0,0,0
"35053","5","45121","77","0","2016","3","N","Socorro County, New Mexico","Private","NAICS 45121 Book stores and news dealers","County, NAICS 5-digit -- by ownership sector","All establishment sizes",1,0,0,0,0,0,0,0,"N",3.48,0,0,0,0,0,0,0,"N",0,0.0,0,0,0,0,0,0,0,0,0,0,0,0,0,0
"35053","5","45121","77","0","2016","4","N","Socorro County, New Mexico","Private","NAICS 45121 Book stores and news dealers","County, NAICS 5-digit -- by ownership sector","All establishment sizes",1,0,0,0,0,0,0,0,"N",3.55,0,0,0,0,0,0,0,"N",0,0.0,0,0,0,0,0,0,0,0,0,0,0,0,0,0
"35053","5","451211","78","0","2016","1","N","Socorro County, New Mexico","Private","NAICS 451211 Book stores","County, NAICS 6-digit -- by ownership sector","All establishment sizes",1,0,0,0,0,0,0,0,"N",3.85,0,0,0,0,0,0,0,"N",0,0.0,0,0,0,0,0,0,0,0,0,0,0,0,0,0
"35053","5","451211","78","0","2016","2","N","Socorro County, New Mexico","Private","NAICS 451211 Book stores","County, NAICS 6-digit -- by ownership sector","All establishment sizes",1,0,0,0,0,0,0,0,"N",3.88,0,0,0,0,0,0,0,"N",0,0.0,0,0,0,0,0,0,0,0,0,0,0,0,0,0
"35053","5","451211","78","0","2016","3","N","Socorro County, New Mexico","Private","NAICS 451211 Book stores","County, NAICS 6-digit -- by ownership sector","All establishment sizes",1,0,0,0,0,0,0,0,"N",3.96,0,0,0,0,0,0,0,"N",0,0.0,0,0,0,0,0,0,0,0,0,0,0,0,0,0
"35053","5","451211","78","0","2016","4","N","Socorro County, New Mexico","Private","NAICS 451211 Book stores","County, NAICS 6-digit -- by ownership sector","All establishment sizes",1,0,0,0,0,0,0,0,"N",4.04,0,0,0,0,0,0,0,"N",0,0.0,0,0,0,0,0,0,0,0,0,0,0,0,0,0
"35053","5","452","75","0","2016","1","N","Socorro County, New Mexico","Private","NAICS 452 General merchandise stores","County, NAICS 3-digit -- by ownership sector","All establishment sizes",5,0,0,0,0,0,0,0,"N",2.16,0,0,0,0,0,0,0,"N",0,0.0,0,0,0,0,0,0,0,0,0,0,0,0,0,0
"35053","5","452","75","0","2016","2","N","Socorro County, New Mexico","Private","NAICS 452 General merchandise stores","County, NAICS 3-digit -- by ownership sector","All establishment sizes",5,0,0,0,0,0,0,0,"N",2.18,0,0,0,0,0,0,0,"N",0,0.0,0,0,0,0,0,0,0,0,0,0,0,0,0,0
"35053","5","452","75","0","2016","3","N","Socorro County, New Mexico","Private","NAICS 452 General merchandise stores","County, NAICS 3-digit -- by ownership sector","All establishment sizes",4,0,0,0,0,0,0,0,"N",1.77,0,0,0,0,0,0,0,"N",-1,-20.0,0,0,0,0,0,0,0,0,0,0,0,0,0,0
"35053","5","452","75","0","2016","4","N","Socorro County, New Mexico","Private","NAICS 452 General merchandise stores","County, NAICS 3-digit -- by ownership sector","All establishment sizes",4,0,0,0,0,0,0,0,"N",1.78,0,0,0,0,0,0,0,"N",-1,-20.0,0,0,0,0,0,0,0,0,0,0,0,0,0,0
"35053","5","4529","76","0","2016","1","N","Socorro County, New Mexico","Private","NAICS12 4529 Other general merchandise stores","County, NAICS 4-digit -- by ownership sector","All establishment sizes",5,0,0,0,0,0,0,0,"N",2.86,0,0,0,0,0,0,0,"N",0,0.0,0,0,0,0,0,0,0,0,0,0,0,0,0,0
"35053","5","4529","76","0","2016","2","N","Socorro County, New Mexico","Private","NAICS12 4529 Other general merchandise stores","County, NAICS 4-digit -- by ownership sector","All establishment sizes",5,0,0,0,0,0,0,0,"N",2.89,0,0,0,0,0,0,0,"N",0,0.0,0,0,0,0,0,0,0,0,0,0,0,0,0,0
"35053","5","4529","76","0","2016","3","N","Socorro County, New Mexico","Private","NAICS12 4529 Other general merchandise stores","County, NAICS 4-digit -- by ownership sector","All establishment sizes",4,0,0,0,0,0,0,0,"N",2.34,0,0,0,0,0,0,0,"N",-1,-20.0,0,0,0,0,0,0,0,0,0,0,0,0,0,0
"35053","5","4529","76","0","2016","4","N","Socorro County, New Mexico","Private","NAICS12 4529 Other general merchandise stores","County, NAICS 4-digit -- by ownership sector","All establishment sizes",4,0,0,0,0,0,0,0,"N",2.35,0,0,0,0,0,0,0,"N",-1,-20.0,0,0,0,0,0,0,0,0,0,0,0,0,0,0
"35053","5","45291","77","0","2016","1","N","Socorro County, New Mexico","Private","NAICS12 45291 Warehouse clubs and supercenters","County, NAICS 5-digit -- by ownership sector","All establishment sizes",1,0,0,0,0,0,0,0,"N",4.40,0,0,0,0,0,0,0,"N",0,0.0,0,0,0,0,0,0,0,0,0,0,0,0,0,0
"35053","5","45291","77","0","2016","2","N","Socorro County, New Mexico","Private","NAICS12 45291 Warehouse clubs and supercenters","County, NAICS 5-digit -- by ownership sector","All establishment sizes",1,0,0,0,0,0,0,0,"N",4.43,0,0,0,0,0,0,0,"N",0,0.0,0,0,0,0,0,0,0,0,0,0,0,0,0,0
"35053","5","45291","77","0","2016","3","N","Socorro County, New Mexico","Private","NAICS12 45291 Warehouse clubs and supercenters","County, NAICS 5-digit -- by ownership sector","All establishment sizes",1,0,0,0,0,0,0,0,"N",4.53,0,0,0,0,0,0,0,"N",0,0.0,0,0,0,0,0,0,0,0,0,0,0,0,0,0
"35053","5","45291","77","0","2016","4","N","Socorro County, New Mexico","Private","NAICS12 45291 Warehouse clubs and supercenters","County, NAICS 5-digit -- by ownership sector","All establishment sizes",1,0,0,0,0,0,0,0,"N",4.59,0,0,0,0,0,0,0,"N",0,0.0,0,0,0,0,0,0,0,0,0,0,0,0,0,0
"35053","5","452910","78","0","2016","1","N","Socorro County, New Mexico","Private","NAICS12 452910 Warehouse clubs and supercenters","County, NAICS 6-digit -- by ownership sector","All establishment sizes",1,0,0,0,0,0,0,0,"N",4.40,0,0,0,0,0,0,0,"N",0,0.0,0,0,0,0,0,0,0,0,0,0,0,0,0,0
"35053","5","452910","78","0","2016","2","N","Socorro County, New Mexico","Private","NAICS12 452910 Warehouse clubs and supercenters","County, NAICS 6-digit -- by ownership sector","All establishment sizes",1,0,0,0,0,0,0,0,"N",4.43,0,0,0,0,0,0,0,"N",0,0.0,0,0,0,0,0,0,0,0,0,0,0,0,0,0
"35053","5","452910","78","0","2016","3","N","Socorro County, New Mexico","Private","NAICS12 452910 Warehouse clubs and supercenters","County, NAICS 6-digit -- by ownership sector","All establishment sizes",1,0,0,0,0,0,0,0,"N",4.53,0,0,0,0,0,0,0,"N",0,0.0,0,0,0,0,0,0,0,0,0,0,0,0,0,0
"35053","5","452910","78","0","2016","4","N","Socorro County, New Mexico","Private","NAICS12 452910 Warehouse clubs and supercenters","County, NAICS 6-digit -- by ownership sector","All establishment sizes",1,0,0,0,0,0,0,0,"N",4.59,0,0,0,0,0,0,0,"N",0,0.0,0,0,0,0,0,0,0,0,0,0,0,0,0,0
"35053","5","45299","77","0","2016","1","N","Socorro County, New Mexico","Private","NAICS12 45299 All other general merchandise stores","County, NAICS 5-digit -- by ownership sector","All establishment sizes",4,0,0,0,0,0,0,0,"N",2.63,0,0,0,0,0,0,0,"N",0,0.0,0,0,0,0,0,0,0,0,0,0,0,0,0,0
"35053","5","45299","77","0","2016","2","N","Socorro County, New Mexico","Private","NAICS12 45299 All other general merchandise stores","County, NAICS 5-digit -- by ownership sector","All establishment sizes",4,0,0,0,0,0,0,0,"N",2.66,0,0,0,0,0,0,0,"N",0,0.0,0,0,0,0,0,0,0,0,0,0,0,0,0,0
"35053","5","45299","77","0","2016","3","N","Socorro County, New Mexico","Private","NAICS12 45299 All other general merchandise stores","County, NAICS 5-digit -- by ownership sector","All establishment sizes",3,0,0,0,0,0,0,0,"N",2.01,0,0,0,0,0,0,0,"N",-1,-25.0,0,0,0,0,0,0,0,0,0,0,0,0,0,0
"35053","5","45299","77","0","2016","4","N","Socorro County, New Mexico","Private","NAICS12 45299 All other general merchandise stores","County, NAICS 5-digit -- by ownership sector","All establishment sizes",3,0,0,0,0,0,0,0,"N",2.02,0,0,0,0,0,0,0,"N",-1,-25.0,0,0,0,0,0,0,0,0,0,0,0,0,0,0
"35053","5","452990","78","0","2016","1","N","Socorro County, New Mexico","Private","NAICS12 452990 All other general merchandise stores","County, NAICS 6-digit -- by ownership sector","All establishment sizes",4,0,0,0,0,0,0,0,"N",2.63,0,0,0,0,0,0,0,"N",0,0.0,0,0,0,0,0,0,0,0,0,0,0,0,0,0
"35053","5","452990","78","0","2016","2","N","Socorro County, New Mexico","Private","NAICS12 452990 All other general merchandise stores","County, NAICS 6-digit -- by ownership sector","All establishment sizes",4,0,0,0,0,0,0,0,"N",2.66,0,0,0,0,0,0,0,"N",0,0.0,0,0,0,0,0,0,0,0,0,0,0,0,0,0
"35053","5","452990","78","0","2016","3","N","Socorro County, New Mexico","Private","NAICS12 452990 All other general merchandise stores","County, NAICS 6-digit -- by ownership sector","All establishment sizes",3,0,0,0,0,0,0,0,"N",2.01,0,0,0,0,0,0,0,"N",-1,-25.0,0,0,0,0,0,0,0,0,0,0,0,0,0,0
"35053","5","452990","78","0","2016","4","N","Socorro County, New Mexico","Private","NAICS12 452990 All other general merchandise stores","County, NAICS 6-digit -- by ownership sector","All establishment sizes",3,0,0,0,0,0,0,0,"N",2.02,0,0,0,0,0,0,0,"N",-1,-25.0,0,0,0,0,0,0,0,0,0,0,0,0,0,0
"35053","5","453","75","0","2016","1","N","Socorro County, New Mexico","Private","NAICS 453 Miscellaneous store retailers","County, NAICS 3-digit -- by ownership sector","All establishment sizes",3,0,0,0,0,0,0,0,"N",0.71,0,0,0,0,0,0,0,"N",0,0.0,0,0,0,0,0,0,0,0,0,0,0,0,0,0
"35053","5","453","75","0","2016","2","N","Socorro County, New Mexico","Private","NAICS 453 Miscellaneous store retailers","County, NAICS 3-digit -- by ownership sector","All establishment sizes",3,0,0,0,0,0,0,0,"N",0.72,0,0,0,0,0,0,0,"N",0,0.0,0,0,0,0,0,0,0,0,0,0,0,0,0,0
"35053","5","453","75","0","2016","3","N","Socorro County, New Mexico","Private","NAICS 453 Miscellaneous store retailers","County, NAICS 3-digit -- by ownership sector","All establishment sizes",3,0,0,0,0,0,0,0,"N",0.73,0,0,0,0,0,0,0,"N",0,0.0,0,0,0,0,0,0,0,0,0,0,0,0,0,0
"35053","5","453","75","0","2016","4","N","Socorro County, New Mexico","Private","NAICS 453 Miscellaneous store retailers","County, NAICS 3-digit -- by ownership sector","All establishment sizes",3,0,0,0,0,0,0,0,"N",0.74,0,0,0,0,0,0,0,"N",0,0.0,0,0,0,0,0,0,0,0,0,0,0,0,0,0
"35053","5","4531","76","0","2016","1","N","Socorro County, New Mexico","Private","NAICS 4531 Florists","County, NAICS 4-digit -- by ownership sector","All establishment sizes",1,0,0,0,0,0,0,0,"N",2.00,0,0,0,0,0,0,0,"N",0,0.0,0,0,0,0,0,0,0,0,0,0,0,0,0,0
"35053","5","4531","76","0","2016","2","N","Socorro County, New Mexico","Private","NAICS 4531 Florists","County, NAICS 4-digit -- by ownership sector","All establishment sizes",1,0,0,0,0,0,0,0,"N",2.04,0,0,0,0,0,0,0,"N",0,0.0,0,0,0,0,0,0,0,0,0,0,0,0,0,0
"35053","5","4531","76","0","2016","3","N","Socorro County, New Mexico","Private","NAICS 4531 Florists","County, NAICS 4-digit -- by ownership sector","All establishment sizes",1,0,0,0,0,0,0,0,"N",2.08,0,0,0,0,0,0,0,"N",0,0.0,0,0,0,0,0,0,0,0,0,0,0,0,0,0
"35053","5","4531","76","0","2016","4","N","Socorro County, New Mexico","Private","NAICS 4531 Florists","County, NAICS 4-digit -- by ownership sector","All establishment sizes",1,0,0,0,0,0,0,0,"N",2.12,0,0,0,0,0,0,0,"N",0,0.0,0,0,0,0,0,0,0,0,0,0,0,0,0,0
"35053","5","45311","77","0","2016","1","N","Socorro County, New Mexico","Private","NAICS 45311 Florists","County, NAICS 5-digit -- by ownership sector","All establishment sizes",1,0,0,0,0,0,0,0,"N",2.00,0,0,0,0,0,0,0,"N",0,0.0,0,0,0,0,0,0,0,0,0,0,0,0,0,0
"35053","5","45311","77","0","2016","2","N","Socorro County, New Mexico","Private","NAICS 45311 Florists","County, NAICS 5-digit -- by ownership sector","All establishment sizes",1,0,0,0,0,0,0,0,"N",2.04,0,0,0,0,0,0,0,"N",0,0.0,0,0,0,0,0,0,0,0,0,0,0,0,0,0
"35053","5","45311","77","0","2016","3","N","Socorro County, New Mexico","Private","NAICS 45311 Florists","County, NAICS 5-digit -- by ownership sector","All establishment sizes",1,0,0,0,0,0,0,0,"N",2.08,0,0,0,0,0,0,0,"N",0,0.0,0,0,0,0,0,0,0,0,0,0,0,0,0,0
"35053","5","45311","77","0","2016","4","N","Socorro County, New Mexico","Private","NAICS 45311 Florists","County, NAICS 5-digit -- by ownership sector","All establishment sizes",1,0,0,0,0,0,0,0,"N",2.12,0,0,0,0,0,0,0,"N",0,0.0,0,0,0,0,0,0,0,0,0,0,0,0,0,0
"35053","5","453110","78","0","2016","1","N","Socorro County, New Mexico","Private","NAICS 453110 Florists","County, NAICS 6-digit -- by ownership sector","All establishment sizes",1,0,0,0,0,0,0,0,"N",2.00,0,0,0,0,0,0,0,"N",0,0.0,0,0,0,0,0,0,0,0,0,0,0,0,0,0
"35053","5","453110","78","0","2016","2","N","Socorro County, New Mexico","Private","NAICS 453110 Florists","County, NAICS 6-digit -- by ownership sector","All establishment sizes",1,0,0,0,0,0,0,0,"N",2.04,0,0,0,0,0,0,0,"N",0,0.0,0,0,0,0,0,0,0,0,0,0,0,0,0,0
"35053","5","453110","78","0","2016","3","N","Socorro County, New Mexico","Private","NAICS 453110 Florists","County, NAICS 6-digit -- by ownership sector","All establishment sizes",1,0,0,0,0,0,0,0,"N",2.08,0,0,0,0,0,0,0,"N",0,0.0,0,0,0,0,0,0,0,0,0,0,0,0,0,0
"35053","5","453110","78","0","2016","4","N","Socorro County, New Mexico","Private","NAICS 453110 Florists","County, NAICS 6-digit -- by ownership sector","All establishment sizes",1,0,0,0,0,0,0,0,"N",2.12,0,0,0,0,0,0,0,"N",0,0.0,0,0,0,0,0,0,0,0,0,0,0,0,0,0
"35053","5","4532","76","0","2016","1","N","Socorro County, New Mexico","Private","NAICS 4532 Office supplies, stationery, and gift stores","County, NAICS 4-digit -- by ownership sector","All establishment sizes",1,0,0,0,0,0,0,0,"N",0.89,0,0,0,0,0,0,0,"N",0,0.0,0,0,0,0,0,0,0,0,0,0,0,0,0,0
"35053","5","4532","76","0","2016","2","N","Socorro County, New Mexico","Private","NAICS 4532 Office supplies, stationery, and gift stores","County, NAICS 4-digit -- by ownership sector","All establishment sizes",1,0,0,0,0,0,0,0,"N",0.91,0,0,0,0,0,0,0,"N",0,0.0,0,0,0,0,0,0,0,0,0,0,0,0,0,0
"35053","5","4532","76","0","2016","3","N","Socorro County, New Mexico","Private","NAICS 4532 Office supplies, stationery, and gift stores","County, NAICS 4-digit -- by ownership sector","All establishment sizes",1,0,0,0,0,0,0,0,"N",0.93,0,0,0,0,0,0,0,"N",0,0.0,0,0,0,0,0,0,0,0,0,0,0,0,0,0
"35053","5","4532","76","0","2016","4","N","Socorro County, New Mexico","Private","NAICS 4532 Office supplies, stationery, and gift stores","County, NAICS 4-digit -- by ownership sector","All establishment sizes",1,0,0,0,0,0,0,0,"N",0.95,0,0,0,0,0,0,0,"N",0,0.0,0,0,0,0,0,0,0,0,0,0,0,0,0,0
"35053","5","45322","77","0","2016","1","N","Socorro County, New Mexico","Private","NAICS 45322 Gift, novelty, and souvenir stores","County, NAICS 5-digit -- by ownership sector","All establishment sizes",1,0,0,0,0,0,0,0,"N",1.25,0,0,0,0,0,0,0,"N",0,0.0,0,0,0,0,0,0,0,0,0,0,0,0,0,0
"35053","5","45322","77","0","2016","2","N","Socorro County, New Mexico","Private","NAICS 45322 Gift, novelty, and souvenir stores","County, NAICS 5-digit -- by ownership sector","All establishment sizes",1,0,0,0,0,0,0,0,"N",1.28,0,0,0,0,0,0,0,"N",0,0.0,0,0,0,0,0,0,0,0,0,0,0,0,0,0
"35053","5","45322","77","0","2016","3","N","Socorro County, New Mexico","Private","NAICS 45322 Gift, novelty, and souvenir stores","County, NAICS 5-digit -- by ownership sector","All establishment sizes",1,0,0,0,0,0,0,0,"N",1.30,0,0,0,0,0,0,0,"N",0,0.0,0,0,0,0,0,0,0,0,0,0,0,0,0,0
"35053","5","45322","77","0","2016","4","N","Socorro County, New Mexico","Private","NAICS 45322 Gift, novelty, and souvenir stores","County, NAICS 5-digit -- by ownership sector","All establishment sizes",1,0,0,0,0,0,0,0,"N",1.32,0,0,0,0,0,0,0,"N",0,0.0,0,0,0,0,0,0,0,0,0,0,0,0,0,0
"35053","5","453220","78","0","2016","1","N","Socorro County, New Mexico","Private","NAICS 453220 Gift, novelty, and souvenir stores","County, NAICS 6-digit -- by ownership sector","All establishment sizes",1,0,0,0,0,0,0,0,"N",1.25,0,0,0,0,0,0,0,"N",0,0.0,0,0,0,0,0,0,0,0,0,0,0,0,0,0
"35053","5","453220","78","0","2016","2","N","Socorro County, New Mexico","Private","NAICS 453220 Gift, novelty, and souvenir stores","County, NAICS 6-digit -- by ownership sector","All establishment sizes",1,0,0,0,0,0,0,0,"N",1.28,0,0,0,0,0,0,0,"N",0,0.0,0,0,0,0,0,0,0,0,0,0,0,0,0,0
"35053","5","453220","78","0","2016","3","N","Socorro County, New Mexico","Private","NAICS 453220 Gift, novelty, and souvenir stores","County, NAICS 6-digit -- by ownership sector","All establishment sizes",1,0,0,0,0,0,0,0,"N",1.30,0,0,0,0,0,0,0,"N",0,0.0,0,0,0,0,0,0,0,0,0,0,0,0,0,0
"35053","5","453220","78","0","2016","4","N","Socorro County, New Mexico","Private","NAICS 453220 Gift, novelty, and souvenir stores","County, NAICS 6-digit -- by ownership sector","All establishment sizes",1,0,0,0,0,0,0,0,"N",1.32,0,0,0,0,0,0,0,"N",0,0.0,0,0,0,0,0,0,0,0,0,0,0,0,0,0
"35053","5","4539","76","0","2016","1","N","Socorro County, New Mexico","Private","NAICS 4539 Other miscellaneous store retailers","County, NAICS 4-digit -- by ownership sector","All establishment sizes",1,0,0,0,0,0,0,0,"N",0.52,0,0,0,0,0,0,0,"N",0,0.0,0,0,0,0,0,0,0,0,0,0,0,0,0,0
"35053","5","4539","76","0","2016","2","N","Socorro County, New Mexico","Private","NAICS 4539 Other miscellaneous store retailers","County, NAICS 4-digit -- by ownership sector","All establishment sizes",1,0,0,0,0,0,0,0,"N",0.52,0,0,0,0,0,0,0,"N",0,0.0,0,0,0,0,0,0,0,0,0,0,0,0,0,0
"35053","5","4539","76","0","2016","3","N","Socorro County, New Mexico","Private","NAICS 4539 Other miscellaneous store retailers","County, NAICS 4-digit -- by ownership sector","All establishment sizes",1,0,0,0,0,0,0,0,"N",0.53,0,0,0,0,0,0,0,"N",0,0.0,0,0,0,0,0,0,0,0,0,0,0,0,0,0
"35053","5","4539","76","0","2016","4","N","Socorro County, New Mexico","Private","NAICS 4539 Other miscellaneous store retailers","County, NAICS 4-digit -- by ownership sector","All establishment sizes",1,0,0,0,0,0,0,0,"N",0.53,0,0,0,0,0,0,0,"N",0,0.0,0,0,0,0,0,0,0,0,0,0,0,0,0,0
"35053","5","45399","77","0","2016","1","N","Socorro County, New Mexico","Private","NAICS 45399 All other miscellaneous store retailers","County, NAICS 5-digit -- by ownership sector","All establishment sizes",1,0,0,0,0,0,0,0,"N",0.76,0,0,0,0,0,0,0,"N",0,0.0,0,0,0,0,0,0,0,0,0,0,0,0,0,0
"35053","5","45399","77","0","2016","2","N","Socorro County, New Mexico","Private","NAICS 45399 All other miscellaneous store retailers","County, NAICS 5-digit -- by ownership sector","All establishment sizes",1,0,0,0,0,0,0,0,"N",0.77,0,0,0,0,0,0,0,"N",0,0.0,0,0,0,0,0,0,0,0,0,0,0,0,0,0
"35053","5","45399","77","0","2016","3","N","Socorro County, New Mexico","Private","NAICS 45399 All other miscellaneous store retailers","County, NAICS 5-digit -- by ownership sector","All establishment sizes",1,0,0,0,0,0,0,0,"N",0.77,0,0,0,0,0,0,0,"N",0,0.0,0,0,0,0,0,0,0,0,0,0,0,0,0,0
"35053","5","45399","77","0","2016","4","N","Socorro County, New Mexico","Private","NAICS 45399 All other miscellaneous store retailers","County, NAICS 5-digit -- by ownership sector","All establishment sizes",1,0,0,0,0,0,0,0,"N",0.78,0,0,0,0,0,0,0,"N",0,0.0,0,0,0,0,0,0,0,0,0,0,0,0,0,0
"35053","5","453998","78","0","2016","1","N","Socorro County, New Mexico","Private","NAICS 453998 Store retailers not specified elsewhere","County, NAICS 6-digit -- by ownership sector","All establishment sizes",1,0,0,0,0,0,0,0,"N",1.06,0,0,0,0,0,0,0,"N",0,0.0,0,0,0,0,0,0,0,0,0,0,0,0,0,0
"35053","5","453998","78","0","2016","2","N","Socorro County, New Mexico","Private","NAICS 453998 Store retailers not specified elsewhere","County, NAICS 6-digit -- by ownership sector","All establishment sizes",1,0,0,0,0,0,0,0,"N",1.07,0,0,0,0,0,0,0,"N",0,0.0,0,0,0,0,0,0,0,0,0,0,0,0,0,0
"35053","5","453998","78","0","2016","3","N","Socorro County, New Mexico","Private","NAICS 453998 Store retailers not specified elsewhere","County, NAICS 6-digit -- by ownership sector","All establishment sizes",1,0,0,0,0,0,0,0,"N",1.08,0,0,0,0,0,0,0,"N",0,0.0,0,0,0,0,0,0,0,0,0,0,0,0,0,0
"35053","5","453998","78","0","2016","4","N","Socorro County, New Mexico","Private","NAICS 453998 Store retailers not specified elsewhere","County, NAICS 6-digit -- by ownership sector","All establishment sizes",1,0,0,0,0,0,0,0,"N",1.08,0,0,0,0,0,0,0,"N",0,0.0,0,0,0,0,0,0,0,0,0,0,0,0,0,0
"35053","5","454","75","0","2016","1","N","Socorro County, New Mexico","Private","NAICS 454 Nonstore retailers","County, NAICS 3-digit -- by ownership sector","All establishment sizes",2,0,0,0,0,0,0,0,"N",1.15,0,0,0,0,0,0,0,"N",0,0.0,0,0,0,0,0,0,0,0,0,0,0,0,0,0
"35053","5","454","75","0","2016","2","N","Socorro County, New Mexico","Private","NAICS 454 Nonstore retailers","County, NAICS 3-digit -- by ownership sector","All establishment sizes",2,0,0,0,0,0,0,0,"N",1.15,0,0,0,0,0,0,0,"N",0,0.0,0,0,0,0,0,0,0,0,0,0,0,0,0,0
"35053","5","454","75","0","2016","3","N","Socorro County, New Mexico","Private","NAICS 454 Nonstore retailers","County, NAICS 3-digit -- by ownership sector","All establishment sizes",2,0,0,0,0,0,0,0,"N",1.16,0,0,0,0,0,0,0,"N",0,0.0,0,0,0,0,0,0,0,0,0,0,0,0,0,0
"35053","5","454","75","0","2016","4","N","Socorro County, New Mexico","Private","NAICS 454 Nonstore retailers","County, NAICS 3-digit -- by ownership sector","All establishment sizes",2,0,0,0,0,0,0,0,"N",1.16,0,0,0,0,0,0,0,"N",0,0.0,0,0,0,0,0,0,0,0,0,0,0,0,0,0
"35053","5","4543","76","0","2016","1","N","Socorro County, New Mexico","Private","NAICS 4543 Direct selling establishments","County, NAICS 4-digit -- by ownership sector","All establishment sizes",2,0,0,0,0,0,0,0,"N",2.93,0,0,0,0,0,0,0,"N",0,0.0,0,0,0,0,0,0,0,0,0,0,0,0,0,0
"35053","5","4543","76","0","2016","2","N","Socorro County, New Mexico","Private","NAICS 4543 Direct selling establishments","County, NAICS 4-digit -- by ownership sector","All establishment sizes",2,0,0,0,0,0,0,0,"N",2.94,0,0,0,0,0,0,0,"N",0,0.0,0,0,0,0,0,0,0,0,0,0,0,0,0,0
"35053","5","4543","76","0","2016","3","N","Socorro County, New Mexico","Private","NAICS 4543 Direct selling establishments","County, NAICS 4-digit -- by ownership sector","All establishment sizes",2,0,0,0,0,0,0,0,"N",2.95,0,0,0,0,0,0,0,"N",0,0.0,0,0,0,0,0,0,0,0,0,0,0,0,0,0
"35053","5","4543","76","0","2016","4","N","Socorro County, New Mexico","Private","NAICS 4543 Direct selling establishments","County, NAICS 4-digit -- by ownership sector","All establishment sizes",2,0,0,0,0,0,0,0,"N",2.95,0,0,0,0,0,0,0,"N",0,0.0,0,0,0,0,0,0,0,0,0,0,0,0,0,0
"35053","5","45431","77","0","2016","1","N","Socorro County, New Mexico","Private","NAICS 45431 Fuel dealers","County, NAICS 5-digit -- by ownership sector","All establishment sizes",2,0,0,0,0,0,0,0,"N",6.52,0,0,0,0,0,0,0,"N",0,0.0,0,0,0,0,0,0,0,0,0,0,0,0,0,0
"35053","5","45431","77","0","2016","2","N","Socorro County, New Mexico","Private","NAICS 45431 Fuel dealers","County, NAICS 5-digit -- by ownership sector","All establishment sizes",2,0,0,0,0,0,0,0,"N",6.64,0,0,0,0,0,0,0,"N",0,0.0,0,0,0,0,0,0,0,0,0,0,0,0,0,0
"35053","5","45431","77","0","2016","3","N","Socorro County, New Mexico","Private","NAICS 45431 Fuel dealers","County, NAICS 5-digit -- by ownership sector","All establishment sizes",2,0,0,0,0,0,0,0,"N",6.76,0,0,0,0,0,0,0,"N",0,0.0,0,0,0,0,0,0,0,0,0,0,0,0,0,0
"35053","5","45431","77","0","2016","4","N","Socorro County, New Mexico","Private","NAICS 45431 Fuel dealers","County, NAICS 5-digit -- by ownership sector","All establishment sizes",2,0,0,0,0,0,0,0,"N",6.86,0,0,0,0,0,0,0,"N",0,0.0,0,0,0,0,0,0,0,0,0,0,0,0,0,0
"35053","5","454310","78","0","2016","1","N","Socorro County, New Mexico","Private","NAICS 454310 Fuel dealers","County, NAICS 6-digit -- by ownership sector","All establishment sizes",2,0,0,0,0,0,0,0,"N",6.52,0,0,0,0,0,0,0,"N",0,0.0,0,0,0,0,0,0,0,0,0,0,0,0,0,0
"35053","5","454310","78","0","2016","2","N","Socorro County, New Mexico","Private","NAICS 454310 Fuel dealers","County, NAICS 6-digit -- by ownership sector","All establishment sizes",2,0,0,0,0,0,0,0,"N",6.64,0,0,0,0,0,0,0,"N",0,0.0,0,0,0,0,0,0,0,0,0,0,0,0,0,0
"35053","5","454310","78","0","2016","3","N","Socorro County, New Mexico","Private","NAICS 454310 Fuel dealers","County, NAICS 6-digit -- by ownership sector","All establishment sizes",2,0,0,0,0,0,0,0,"N",6.76,0,0,0,0,0,0,0,"N",0,0.0,0,0,0,0,0,0,0,0,0,0,0,0,0,0
"35053","5","454310","78","0","2016","4","N","Socorro County, New Mexico","Private","NAICS 454310 Fuel dealers","County, NAICS 6-digit -- by ownership sector","All establishment sizes",2,0,0,0,0,0,0,0,"N",6.86,0,0,0,0,0,0,0,"N",0,0.0,0,0,0,0,0,0,0,0,0,0,0,0,0,0
"35053","5","48-49","74","0","2016","1","","Socorro County, New Mexico","Private","NAICS 48-49 Transportation and warehousing","County, NAICS Sector -- by ownership sector","All establishment sizes",7,65,63,64,784844,701284,14650,943,"",0.78,0.37,0.36,0.36,0.55,0.71,0.72,1.53,"",0,0.0,3,4.8,0,0.0,-4,-5.9,54990,7.5,46799,7.2,2445,20.0,70,8.0
"35053","5","48-49","74","0","2016","2","","Socorro County, New Mexico","Private","NAICS 48-49 Transportation and warehousing","County, NAICS Sector -- by ownership sector","All establishment sizes",7,64,67,59,723670,326561,9351,879,"",0.79,0.36,0.37,0.33,0.47,0.43,0.55,1.33,"",0,0.0,2,3.2,8,13.6,-1,-1.7,32537,4.7,15075,4.8,-913,-8.9,-2,-0.2
"35053","5","48-49","74","0","2016","3","","Socorro County, New Mexico","Private","NAICS 48-49 Transportation and warehousing","County, NAICS Sector -- by ownership sector","All establishment sizes",7,66,63,65,792782,225715,6078,943,"",0.80,0.38,0.36,0.36,0.52,0.44,0.55,1.41,"",0,0.0,8,13.8,4,6.8,2,3.2,88965,12.6,58105,34.7,1202,24.7,41,4.5
"35053","5","48-49","74","0","2016","4","","Socorro County, New Mexico","Private","NAICS 48-49 Transportation and warehousing","County, NAICS Sector -- by ownership sector","All establishment sizes",7,60,67,70,877514,168025,2750,1028,"",0.81,0.33,0.36,0.37,0.57,0.42,0.44,1.61,"",0,0.0,-4,-6.2,3,4.7,-1,-1.4,100342,12.9,-7092,-4.0,-2716,-49.7,127,14.1
"35053","5","481","75","0","2016","1","N","Socorro County, New Mexico","Private","NAICS 481 Air transportation","County, NAICS 3-digit -- by ownership sector","All establishment sizes",1,0,0,0,0,0,0,0,"N",4.63,0,0,0,0,0,0,0,"N",0,0.0,0,0,0,0,0,0,0,0,0,0,0,0,0,0
"35053","5","481","75","0","2016","2","N","Socorro County, New Mexico","Private","NAICS 481 Air transportation","County, NAICS 3-digit -- by ownership sector","All establishment sizes",1,0,0,0,0,0,0,0,"N",4.66,0,0,0,0,0,0,0,"N",0,0.0,0,0,0,0,0,0,0,0,0,0,0,0,0,0
"35053","5","481","75","0","2016","3","N","Socorro County, New Mexico","Private","NAICS 481 Air transportation","County, NAICS 3-digit -- by ownership sector","All establishment sizes",1,0,0,0,0,0,0,0,"N",4.74,0,0,0,0,0,0,0,"N",0,0.0,0,0,0,0,0,0,0,0,0,0,0,0,0,0
"35053","5","481","75","0","2016","4","N","Socorro County, New Mexico","Private","NAICS 481 Air transportation","County, NAICS 3-digit -- by ownership sector","All establishment sizes",1,0,0,0,0,0,0,0,"N",4.77,0,0,0,0,0,0,0,"N",0,0.0,0,0,0,0,0,0,0,0,0,0,0,0,0,0
"35053","5","4811","76","0","2016","1","N","Socorro County, New Mexico","Private","NAICS 4811 Scheduled air transportation","County, NAICS 4-digit -- by ownership sector","All establishment sizes",1,0,0,0,0,0,0,0,"N",10.72,0,0,0,0,0,0,0,"N",0,0.0,0,0,0,0,0,0,0,0,0,0,0,0,0,0
"35053","5","4811","76","0","2016","2","N","Socorro County, New Mexico","Private","NAICS 4811 Scheduled air transportation","County, NAICS 4-digit -- by ownership sector","All establishment sizes",1,0,0,0,0,0,0,0,"N",10.73,0,0,0,0,0,0,0,"N",0,0.0,0,0,0,0,0,0,0,0,0,0,0,0,0,0
"35053","5","4811","76","0","2016","3","N","Socorro County, New Mexico","Private","NAICS 4811 Scheduled air transportation","County, NAICS 4-digit -- by ownership sector","All establishment sizes",1,0,0,0,0,0,0,0,"N",10.96,0,0,0,0,0,0,0,"N",0,0.0,0,0,0,0,0,0,0,0,0,0,0,0,0,0
"35053","5","4811","76","0","2016","4","N","Socorro County, New Mexico","Private","NAICS 4811 Scheduled air transportation","County, NAICS 4-digit -- by ownership sector","All establishment sizes",1,0,0,0,0,0,0,0,"N",11.08,0,0,0,0,0,0,0,"N",0,0.0,0,0,0,0,0,0,0,0,0,0,0,0,0,0
"35053","5","48111","77","0","2016","1","N","Socorro County, New Mexico","Private","NAICS 48111 Scheduled air transportation","County, NAICS 5-digit -- by ownership sector","All establishment sizes",1,0,0,0,0,0,0,0,"N",10.72,0,0,0,0,0,0,0,"N",0,0.0,0,0,0,0,0,0,0,0,0,0,0,0,0,0
"35053","5","48111","77","0","2016","2","N","Socorro County, New Mexico","Private","NAICS 48111 Scheduled air transportation","County, NAICS 5-digit -- by ownership sector","All establishment sizes",1,0,0,0,0,0,0,0,"N",10.73,0,0,0,0,0,0,0,"N",0,0.0,0,0,0,0,0,0,0,0,0,0,0,0,0,0
"35053","5","48111","77","0","2016","3","N","Socorro County, New Mexico","Private","NAICS 48111 Scheduled air transportation","County, NAICS 5-digit -- by ownership sector","All establishment sizes",1,0,0,0,0,0,0,0,"N",10.96,0,0,0,0,0,0,0,"N",0,0.0,0,0,0,0,0,0,0,0,0,0,0,0,0,0
"35053","5","48111","77","0","2016","4","N","Socorro County, New Mexico","Private","NAICS 48111 Scheduled air transportation","County, NAICS 5-digit -- by ownership sector","All establishment sizes",1,0,0,0,0,0,0,0,"N",11.08,0,0,0,0,0,0,0,"N",0,0.0,0,0,0,0,0,0,0,0,0,0,0,0,0,0
"35053","5","481111","78","0","2016","1","N","Socorro County, New Mexico","Private","NAICS 481111 Scheduled passenger air transportation","County, NAICS 6-digit -- by ownership sector","All establishment sizes",1,0,0,0,0,0,0,0,"N",14.46,0,0,0,0,0,0,0,"N",0,0.0,0,0,0,0,0,0,0,0,0,0,0,0,0,0
"35053","5","481111","78","0","2016","2","N","Socorro County, New Mexico","Private","NAICS 481111 Scheduled passenger air transportation","County, NAICS 6-digit -- by ownership sector","All establishment sizes",1,0,0,0,0,0,0,0,"N",14.43,0,0,0,0,0,0,0,"N",0,0.0,0,0,0,0,0,0,0,0,0,0,0,0,0,0
"35053","5","481111","78","0","2016","3","N","Socorro County, New Mexico","Private","NAICS 481111 Scheduled passenger air transportation","County, NAICS 6-digit -- by ownership sector","All establishment sizes",1,0,0,0,0,0,0,0,"N",14.84,0,0,0,0,0,0,0,"N",0,0.0,0,0,0,0,0,0,0,0,0,0,0,0,0,0
"35053","5","481111","78","0","2016","4","N","Socorro County, New Mexico","Private","NAICS 481111 Scheduled passenger air transportation","County, NAICS 6-digit -- by ownership sector","All establishment sizes",1,0,0,0,0,0,0,0,"N",14.99,0,0,0,0,0,0,0,"N",0,0.0,0,0,0,0,0,0,0,0,0,0,0,0,0,0
"35053","5","484","75","0","2016","1","","Socorro County, New Mexico","Private","NAICS 484 Truck transportation","County, NAICS 3-digit -- by ownership sector","All establishment sizes",3,9,11,10,57887,57887,283,445,"",0.64,0.17,0.20,0.18,0.15,0.18,0.04,0.80,"N",0,0.0,0,0,0,0,0,0,0,0,0,0,0,0,0,0
"35053","5","484","75","0","2016","2","","Socorro County, New Mexico","Private","NAICS 484 Truck transportation","County, NAICS 3-digit -- by ownership sector","All establishment sizes",3,10,13,6,61345,59439,296,488,"",0.65,0.18,0.24,0.11,0.13,0.23,0.06,0.75,"N",0,0.0,0,0,0,0,0,0,0,0,0,0,0,0,0,0
"35053","5","484","75","0","2016","3","","Socorro County, New Mexico","Private","NAICS 484 Truck transportation","County, NAICS 3-digit -- by ownership sector","All establishment sizes",3,13,11,12,67573,41237,292,433,"",0.65,0.24,0.20,0.22,0.14,0.24,0.08,0.65,"N",0,0.0,0,0,0,0,0,0,0,0,0,0,0,0,0,0
"35053","5","484","75","0","2016","4","","Socorro County, New Mexico","Private","NAICS 484 Truck transportation","County, NAICS 3-digit -- by ownership sector","All establishment sizes",3,9,13,13,63305,36630,121,417,"",0.66,0.17,0.24,0.24,0.14,0.31,0.07,0.66,"",0,0.0,-4,-30.8,1,8.3,0,0.0,-11458,-15.3,2466,7.2,-595,-83.1,-37,-8.1
"35053","5","4841","76","0","2016","1","N","Socorro County, New Mexico","Private","NAICS 4841 General freight trucking","County, NAICS 4-digit -- by ownership sector","All establishment sizes",1,0,0,0,0,0,0,0,"N",0.35,0,0,0,0,0,0,0,"N",0,0.0,0,0,0,0,0,0,0,0,0,0,0,0,0,0
"35053","5","4841","76","0","2016","2","N","Socorro County, New Mexico","Private","NAICS 4841 General freight trucking","County, NAICS 4-digit -- by ownership sector","All establishment sizes",1,0,0,0,0,0,0,0,"N",0.35,0,0,0,0,0,0,0,"N",0,0.0,0,0,0,0,0,0,0,0,0,0,0,0,0,0
"35053","5","4841","76","0","2016","3","N","Socorro County, New Mexico","Private","NAICS 4841 General freight trucking","County, NAICS 4-digit -- by ownership sector","All establishment sizes",1,0,0,0,0,0,0,0,"N",0.35,0,0,0,0,0,0,0,"N",0,0.0,0,0,0,0,0,0,0,0,0,0,0,0,0,0
"35053","5","4841","76","0","2016","4","N","Socorro County, New Mexico","Private","NAICS 4841 General freight trucking","County, NAICS 4-digit -- by ownership sector","All establishment sizes",1,0,0,0,0,0,0,0,"N",0.35,0,0,0,0,0,0,0,"N",0,0.0,0,0,0,0,0,0,0,0,0,0,0,0,0,0
"35053","5","48411","77","0","2016","1","N","Socorro County, New Mexico","Private","NAICS 48411 General freight trucking, local","County, NAICS 5-digit -- by ownership sector","All establishment sizes",1,0,0,0,0,0,0,0,"N",0.82,0,0,0,0,0,0,0,"N",0,0.0,0,0,0,0,0,0,0,0,0,0,0,0,0,0
"35053","5","48411","77","0","2016","2","N","Socorro County, New Mexico","Private","NAICS 48411 General freight trucking, local","County, NAICS 5-digit -- by ownership sector","All establishment sizes",1,0,0,0,0,0,0,0,"N",0.81,0,0,0,0,0,0,0,"N",0,0.0,0,0,0,0,0,0,0,0,0,0,0,0,0,0
"35053","5","48411","77","0","2016","3","N","Socorro County, New Mexico","Private","NAICS 48411 General freight trucking, local","County, NAICS 5-digit -- by ownership sector","All establishment sizes",1,0,0,0,0,0,0,0,"N",0.82,0,0,0,0,0,0,0,"N",0,0.0,0,0,0,0,0,0,0,0,0,0,0,0,0,0
"35053","5","48411","77","0","2016","4","N","Socorro County, New Mexico","Private","NAICS 48411 General freight trucking, local","County, NAICS 5-digit -- by ownership sector","All establishment sizes",1,0,0,0,0,0,0,0,"N",0.83,0,0,0,0,0,0,0,"N",0,0.0,0,0,0,0,0,0,0,0,0,0,0,0,0,0
"35053","5","484110","78","0","2016","1","N","Socorro County, New Mexico","Private","NAICS 484110 General freight trucking, local","County, NAICS 6-digit -- by ownership sector","All establishment sizes",1,0,0,0,0,0,0,0,"N",0.82,0,0,0,0,0,0,0,"N",0,0.0,0,0,0,0,0,0,0,0,0,0,0,0,0,0
"35053","5","484110","78","0","2016","2","N","Socorro County, New Mexico","Private","NAICS 484110 General freight trucking, local","County, NAICS 6-digit -- by ownership sector","All establishment sizes",1,0,0,0,0,0,0,0,"N",0.81,0,0,0,0,0,0,0,"N",0,0.0,0,0,0,0,0,0,0,0,0,0,0,0,0,0
"35053","5","484110","78","0","2016","3","N","Socorro County, New Mexico","Private","NAICS 484110 General freight trucking, local","County, NAICS 6-digit -- by ownership sector","All establishment sizes",1,0,0,0,0,0,0,0,"N",0.82,0,0,0,0,0,0,0,"N",0,0.0,0,0,0,0,0,0,0,0,0,0,0,0,0,0
"35053","5","484110","78","0","2016","4","N","Socorro County, New Mexico","Private","NAICS 484110 General freight trucking, local","County, NAICS 6-digit -- by ownership sector","All establishment sizes",1,0,0,0,0,0,0,0,"N",0.83,0,0,0,0,0,0,0,"N",0,0.0,0,0,0,0,0,0,0,0,0,0,0,0,0,0
"35053","5","4842","76","0","2016","1","N","Socorro County, New Mexico","Private","NAICS 4842 Specialized freight trucking","County, NAICS 4-digit -- by ownership sector","All establishment sizes",2,0,0,0,0,0,0,0,"N",1.13,0,0,0,0,0,0,0,"N",0,0.0,0,0,0,0,0,0,0,0,0,0,0,0,0,0
"35053","5","4842","76","0","2016","2","N","Socorro County, New Mexico","Private","NAICS 4842 Specialized freight trucking","County, NAICS 4-digit -- by ownership sector","All establishment sizes",2,0,0,0,0,0,0,0,"N",1.14,0,0,0,0,0,0,0,"N",0,0.0,0,0,0,0,0,0,0,0,0,0,0,0,0,0
"35053","5","4842","76","0","2016","3","N","Socorro County, New Mexico","Private","NAICS 4842 Specialized freight trucking","County, NAICS 4-digit -- by ownership sector","All establishment sizes",2,0,0,0,0,0,0,0,"N",1.16,0,0,0,0,0,0,0,"N",0,0.0,0,0,0,0,0,0,0,0,0,0,0,0,0,0
"35053","5","4842","76","0","2016","4","N","Socorro County, New Mexico","Private","NAICS 4842 Specialized freight trucking","County, NAICS 4-digit -- by ownership sector","All establishment sizes",2,0,0,0,0,0,0,0,"N",1.17,0,0,0,0,0,0,0,"N",0,0.0,0,0,0,0,0,0,0,0,0,0,0,0,0,0
"35053","5","48422","77","0","2016","1","N","Socorro County, New Mexico","Private","NAICS 48422 Other specialized trucking, local","County, NAICS 5-digit -- by ownership sector","All establishment sizes",2,0,0,0,0,0,0,0,"N",1.86,0,0,0,0,0,0,0,"N",0,0.0,0,0,0,0,0,0,0,0,0,0,0,0,0,0
"35053","5","48422","77","0","2016","2","N","Socorro County, New Mexico","Private","NAICS 48422 Other specialized trucking, local","County, NAICS 5-digit -- by ownership sector","All establishment sizes",2,0,0,0,0,0,0,0,"N",1.88,0,0,0,0,0,0,0,"N",0,0.0,0,0,0,0,0,0,0,0,0,0,0,0,0,0
"35053","5","48422","77","0","2016","3","N","Socorro County, New Mexico","Private","NAICS 48422 Other specialized trucking, local","County, NAICS 5-digit -- by ownership sector","All establishment sizes",2,0,0,0,0,0,0,0,"N",1.91,0,0,0,0,0,0,0,"N",0,0.0,0,0,0,0,0,0,0,0,0,0,0,0,0,0
"35053","5","48422","77","0","2016","4","N","Socorro County, New Mexico","Private","NAICS 48422 Other specialized trucking, local","County, NAICS 5-digit -- by ownership sector","All establishment sizes",2,0,0,0,0,0,0,0,"N",1.94,0,0,0,0,0,0,0,"N",0,0.0,0,0,0,0,0,0,0,0,0,0,0,0,0,0
"35053","5","484220","78","0","2016","1","N","Socorro County, New Mexico","Private","NAICS 484220 Other specialized trucking, local","County, NAICS 6-digit -- by ownership sector","All establishment sizes",2,0,0,0,0,0,0,0,"N",1.86,0,0,0,0,0,0,0,"N",0,0.0,0,0,0,0,0,0,0,0,0,0,0,0,0,0
"35053","5","484220","78","0","2016","2","N","Socorro County, New Mexico","Private","NAICS 484220 Other specialized trucking, local","County, NAICS 6-digit -- by ownership sector","All establishment sizes",2,0,0,0,0,0,0,0,"N",1.88,0,0,0,0,0,0,0,"N",0,0.0,0,0,0,0,0,0,0,0,0,0,0,0,0,0
"35053","5","484220","78","0","2016","3","N","Socorro County, New Mexico","Private","NAICS 484220 Other specialized trucking, local","County, NAICS 6-digit -- by ownership sector","All establishment sizes",2,0,0,0,0,0,0,0,"N",1.91,0,0,0,0,0,0,0,"N",0,0.0,0,0,0,0,0,0,0,0,0,0,0,0,0,0
"35053","5","484220","78","0","2016","4","N","Socorro County, New Mexico","Private","NAICS 484220 Other specialized trucking, local","County, NAICS 6-digit -- by ownership sector","All establishment sizes",2,0,0,0,0,0,0,0,"N",1.94,0,0,0,0,0,0,0,"N",0,0.0,0,0,0,0,0,0,0,0,0,0,0,0,0,0
"35053","5","485","75","0","2016","1","N","Socorro County, New Mexico","Private","NAICS 485 Transit and ground passenger transportation","County, NAICS 3-digit -- by ownership sector","All establishment sizes",1,0,0,0,0,0,0,0,"N",1.32,0,0,0,0,0,0,0,"N",0,0.0,0,0,0,0,0,0,0,0,0,0,0,0,0,0
"35053","5","485","75","0","2016","2","N","Socorro County, New Mexico","Private","NAICS 485 Transit and ground passenger transportation","County, NAICS 3-digit -- by ownership sector","All establishment sizes",1,0,0,0,0,0,0,0,"N",1.32,0,0,0,0,0,0,0,"N",0,0.0,0,0,0,0,0,0,0,0,0,0,0,0,0,0
"35053","5","485","75","0","2016","3","N","Socorro County, New Mexico","Private","NAICS 485 Transit and ground passenger transportation","County, NAICS 3-digit -- by ownership sector","All establishment sizes",1,0,0,0,0,0,0,0,"N",1.34,0,0,0,0,0,0,0,"N",0,0.0,0,0,0,0,0,0,0,0,0,0,0,0,0,0
"35053","5","485","75","0","2016","4","N","Socorro County, New Mexico","Private","NAICS 485 Transit and ground passenger transportation","County, NAICS 3-digit -- by ownership sector","All establishment sizes",1,0,0,0,0,0,0,0,"N",1.36,0,0,0,0,0,0,0,"N",0,0.0,0,0,0,0,0,0,0,0,0,0,0,0,0,0
"35053","5","4853","76","0","2016","1","N","Socorro County, New Mexico","Private","NAICS 4853 Taxi and limousine service","County, NAICS 4-digit -- by ownership sector","All establishment sizes",1,0,0,0,0,0,0,0,"N",3.21,0,0,0,0,0,0,0,"N",0,0.0,0,0,0,0,0,0,0,0,0,0,0,0,0,0
"35053","5","4853","76","0","2016","2","N","Socorro County, New Mexico","Private","NAICS 4853 Taxi and limousine service","County, NAICS 4-digit -- by ownership sector","All establishment sizes",1,0,0,0,0,0,0,0,"N",3.22,0,0,0,0,0,0,0,"N",0,0.0,0,0,0,0,0,0,0,0,0,0,0,0,0,0
"35053","5","4853","76","0","2016","3","N","Socorro County, New Mexico","Private","NAICS 4853 Taxi and limousine service","County, NAICS 4-digit -- by ownership sector","All establishment sizes",1,0,0,0,0,0,0,0,"N",3.29,0,0,0,0,0,0,0,"N",0,0.0,0,0,0,0,0,0,0,0,0,0,0,0,0,0
"35053","5","4853","76","0","2016","4","N","Socorro County, New Mexico","Private","NAICS 4853 Taxi and limousine service","County, NAICS 4-digit -- by ownership sector","All establishment sizes",1,0,0,0,0,0,0,0,"N",3.34,0,0,0,0,0,0,0,"N",0,0.0,0,0,0,0,0,0,0,0,0,0,0,0,0,0
"35053","5","48531","77","0","2016","1","N","Socorro County, New Mexico","Private","NAICS 48531 Taxi service","County, NAICS 5-digit -- by ownership sector","All establishment sizes",1,0,0,0,0,0,0,0,"N",8.13,0,0,0,0,0,0,0,"N",0,0.0,0,0,0,0,0,0,0,0,0,0,0,0,0,0
"35053","5","48531","77","0","2016","2","N","Socorro County, New Mexico","Private","NAICS 48531 Taxi service","County, NAICS 5-digit -- by ownership sector","All establishment sizes",1,0,0,0,0,0,0,0,"N",8.16,0,0,0,0,0,0,0,"N",0,0.0,0,0,0,0,0,0,0,0,0,0,0,0,0,0
"35053","5","48531","77","0","2016","3","N","Socorro County, New Mexico","Private","NAICS 48531 Taxi service","County, NAICS 5-digit -- by ownership sector","All establishment sizes",1,0,0,0,0,0,0,0,"N",8.39,0,0,0,0,0,0,0,"N",0,0.0,0,0,0,0,0,0,0,0,0,0,0,0,0,0
"35053","5","48531","77","0","2016","4","N","Socorro County, New Mexico","Private","NAICS 48531 Taxi service","County, NAICS 5-digit -- by ownership sector","All establishment sizes",1,0,0,0,0,0,0,0,"N",8.56,0,0,0,0,0,0,0,"N",0,0.0,0,0,0,0,0,0,0,0,0,0,0,0,0,0
"35053","5","485310","78","0","2016","1","N","Socorro County, New Mexico","Private","NAICS 485310 Taxi service","County, NAICS 6-digit -- by ownership sector","All establishment sizes",1,0,0,0,0,0,0,0,"N",8.13,0,0,0,0,0,0,0,"N",0,0.0,0,0,0,0,0,0,0,0,0,0,0,0,0,0
"35053","5","485310","78","0","2016","2","N","Socorro County, New Mexico","Private","NAICS 485310 Taxi service","County, NAICS 6-digit -- by ownership sector","All establishment sizes",1,0,0,0,0,0,0,0,"N",8.16,0,0,0,0,0,0,0,"N",0,0.0,0,0,0,0,0,0,0,0,0,0,0,0,0,0
"35053","5","485310","78","0","2016","3","N","Socorro County, New Mexico","Private","NAICS 485310 Taxi service","County, NAICS 6-digit -- by ownership sector","All establishment sizes",1,0,0,0,0,0,0,0,"N",8.39,0,0,0,0,0,0,0,"N",0,0.0,0,0,0,0,0,0,0,0,0,0,0,0,0,0
"35053","5","485310","78","0","2016","4","N","Socorro County, New Mexico","Private","NAICS 485310 Taxi service","County, NAICS 6-digit -- by ownership sector","All establishment sizes",1,0,0,0,0,0,0,0,"N",8.56,0,0,0,0,0,0,0,"N",0,0.0,0,0,0,0,0,0,0,0,0,0,0,0,0,0
"35053","5","488","75","0","2016","1","N","Socorro County, New Mexico","Private","NAICS 488 Support activities for transportation","County, NAICS 3-digit -- by ownership sector","All establishment sizes",1,0,0,0,0,0,0,0,"N",0.60,0,0,0,0,0,0,0,"N",0,0.0,0,0,0,0,0,0,0,0,0,0,0,0,0,0
"35053","5","488","75","0","2016","2","N","Socorro County, New Mexico","Private","NAICS 488 Support activities for transportation","County, NAICS 3-digit -- by ownership sector","All establishment sizes",1,0,0,0,0,0,0,0,"N",0.61,0,0,0,0,0,0,0,"N",0,0.0,0,0,0,0,0,0,0,0,0,0,0,0,0,0
"35053","5","488","75","0","2016","3","N","Socorro County, New Mexico","Private","NAICS 488 Support activities for transportation","County, NAICS 3-digit -- by ownership sector","All establishment sizes",1,0,0,0,0,0,0,0,"N",0.61,0,0,0,0,0,0,0,"N",0,0.0,0,0,0,0,0,0,0,0,0,0,0,0,0,0
"35053","5","488","75","0","2016","4","N","Socorro County, New Mexico","Private","NAICS 488 Support activities for transportation","County, NAICS 3-digit -- by ownership sector","All establishment sizes",1,0,0,0,0,0,0,0,"N",0.62,0,0,0,0,0,0,0,"N",0,0.0,0,0,0,0,0,0,0,0,0,0,0,0,0,0
"35053","5","4884","76","0","2016","1","N","Socorro County, New Mexico","Private","NAICS 4884 Support activities for road transportation","County, NAICS 4-digit -- by ownership sector","All establishment sizes",1,0,0,0,0,0,0,0,"N",2.23,0,0,0,0,0,0,0,"N",0,0.0,0,0,0,0,0,0,0,0,0,0,0,0,0,0
"35053","5","4884","76","0","2016","2","N","Socorro County, New Mexico","Private","NAICS 4884 Support activities for road transportation","County, NAICS 4-digit -- by ownership sector","All establishment sizes",1,0,0,0,0,0,0,0,"N",2.23,0,0,0,0,0,0,0,"N",0,0.0,0,0,0,0,0,0,0,0,0,0,0,0,0,0
"35053","5","4884","76","0","2016","3","N","Socorro County, New Mexico","Private","NAICS 4884 Support activities for road transportation","County, NAICS 4-digit -- by ownership sector","All establishment sizes",1,0,0,0,0,0,0,0,"N",2.26,0,0,0,0,0,0,0,"N",0,0.0,0,0,0,0,0,0,0,0,0,0,0,0,0,0
"35053","5","4884","76","0","2016","4","N","Socorro County, New Mexico","Private","NAICS 4884 Support activities for road transportation","County, NAICS 4-digit -- by ownership sector","All establishment sizes",1,0,0,0,0,0,0,0,"N",2.27,0,0,0,0,0,0,0,"N",0,0.0,0,0,0,0,0,0,0,0,0,0,0,0,0,0
"35053","5","48841","77","0","2016","1","N","Socorro County, New Mexico","Private","NAICS 48841 Motor vehicle towing","County, NAICS 5-digit -- by ownership sector","All establishment sizes",1,0,0,0,0,0,0,0,"N",2.98,0,0,0,0,0,0,0,"N",0,0.0,0,0,0,0,0,0,0,0,0,0,0,0,0,0
"35053","5","48841","77","0","2016","2","N","Socorro County, New Mexico","Private","NAICS 48841 Motor vehicle towing","County, NAICS 5-digit -- by ownership sector","All establishment sizes",1,0,0,0,0,0,0,0,"N",2.99,0,0,0,0,0,0,0,"N",0,0.0,0,0,0,0,0,0,0,0,0,0,0,0,0,0
"35053","5","48841","77","0","2016","3","N","Socorro County, New Mexico","Private","NAICS 48841 Motor vehicle towing","County, NAICS 5-digit -- by ownership sector","All establishment sizes",1,0,0,0,0,0,0,0,"N",3.03,0,0,0,0,0,0,0,"N",0,0.0,0,0,0,0,0,0,0,0,0,0,0,0,0,0
"35053","5","48841","77","0","2016","4","N","Socorro County, New Mexico","Private","NAICS 48841 Motor vehicle towing","County, NAICS 5-digit -- by ownership sector","All establishment sizes",1,0,0,0,0,0,0,0,"N",3.04,0,0,0,0,0,0,0,"N",0,0.0,0,0,0,0,0,0,0,0,0,0,0,0,0,0
"35053","5","488410","78","0","2016","1","N","Socorro County, New Mexico","Private","NAICS 488410 Motor vehicle towing","County, NAICS 6-digit -- by ownership sector","All establishment sizes",1,0,0,0,0,0,0,0,"N",2.98,0,0,0,0,0,0,0,"N",0,0.0,0,0,0,0,0,0,0,0,0,0,0,0,0,0
"35053","5","488410","78","0","2016","2","N","Socorro County, New Mexico","Private","NAICS 488410 Motor vehicle towing","County, NAICS 6-digit -- by ownership sector","All establishment sizes",1,0,0,0,0,0,0,0,"N",2.99,0,0,0,0,0,0,0,"N",0,0.0,0,0,0,0,0,0,0,0,0,0,0,0,0,0
"35053","5","488410","78","0","2016","3","N","Socorro County, New Mexico","Private","NAICS 488410 Motor vehicle towing","County, NAICS 6-digit -- by ownership sector","All establishment sizes",1,0,0,0,0,0,0,0,"N",3.03,0,0,0,0,0,0,0,"N",0,0.0,0,0,0,0,0,0,0,0,0,0,0,0,0,0
"35053","5","488410","78","0","2016","4","N","Socorro County, New Mexico","Private","NAICS 488410 Motor vehicle towing","County, NAICS 6-digit -- by ownership sector","All establishment sizes",1,0,0,0,0,0,0,0,"N",3.04,0,0,0,0,0,0,0,"N",0,0.0,0,0,0,0,0,0,0,0,0,0,0,0,0,0
"35053","5","492","75","0","2016","1","N","Socorro County, New Mexico","Private","NAICS 492 Couriers and messengers","County, NAICS 3-digit -- by ownership sector","All establishment sizes",1,0,0,0,0,0,0,0,"N",1.51,0,0,0,0,0,0,0,"N",0,0.0,0,0,0,0,0,0,0,0,0,0,0,0,0,0
"35053","5","492","75","0","2016","2","N","Socorro County, New Mexico","Private","NAICS 492 Couriers and messengers","County, NAICS 3-digit -- by ownership sector","All establishment sizes",1,0,0,0,0,0,0,0,"N",1.53,0,0,0,0,0,0,0,"N",0,0.0,0,0,0,0,0,0,0,0,0,0,0,0,0,0
"35053","5","492","75","0","2016","3","N","Socorro County, New Mexico","Private","NAICS 492 Couriers and messengers","County, NAICS 3-digit -- by ownership sector","All establishment sizes",1,0,0,0,0,0,0,0,"N",1.56,0,0,0,0,0,0,0,"N",0,0.0,0,0,0,0,0,0,0,0,0,0,0,0,0,0
"35053","5","492","75","0","2016","4","N","Socorro County, New Mexico","Private","NAICS 492 Couriers and messengers","County, NAICS 3-digit -- by ownership sector","All establishment sizes",1,0,0,0,0,0,0,0,"N",1.58,0,0,0,0,0,0,0,"N",0,0.0,0,0,0,0,0,0,0,0,0,0,0,0,0,0
"35053","5","4921","76","0","2016","1","N","Socorro County, New Mexico","Private","NAICS 4921 Couriers and express delivery services","County, NAICS 4-digit -- by ownership sector","All establishment sizes",1,0,0,0,0,0,0,0,"N",2.57,0,0,0,0,0,0,0,"N",0,0.0,0,0,0,0,0,0,0,0,0,0,0,0,0,0
"35053","5","4921","76","0","2016","2","N","Socorro County, New Mexico","Private","NAICS 4921 Couriers and express delivery services","County, NAICS 4-digit -- by ownership sector","All establishment sizes",1,0,0,0,0,0,0,0,"N",2.61,0,0,0,0,0,0,0,"N",0,0.0,0,0,0,0,0,0,0,0,0,0,0,0,0,0
"35053","5","4921","76","0","2016","3","N","Socorro County, New Mexico","Private","NAICS 4921 Couriers and express delivery services","County, NAICS 4-digit -- by ownership sector","All establishment sizes",1,0,0,0,0,0,0,0,"N",2.65,0,0,0,0,0,0,0,"N",0,0.0,0,0,0,0,0,0,0,0,0,0,0,0,0,0
"35053","5","4921","76","0","2016","4","N","Socorro County, New Mexico","Private","NAICS 4921 Couriers and express delivery services","County, NAICS 4-digit -- by ownership sector","All establishment sizes",1,0,0,0,0,0,0,0,"N",2.68,0,0,0,0,0,0,0,"N",0,0.0,0,0,0,0,0,0,0,0,0,0,0,0,0,0
"35053","5","49211","77","0","2016","1","N","Socorro County, New Mexico","Private","NAICS 49211 Couriers and express delivery services","County, NAICS 5-digit -- by ownership sector","All establishment sizes",1,0,0,0,0,0,0,0,"N",2.57,0,0,0,0,0,0,0,"N",0,0.0,0,0,0,0,0,0,0,0,0,0,0,0,0,0
"35053","5","49211","77","0","2016","2","N","Socorro County, New Mexico","Private","NAICS 49211 Couriers and express delivery services","County, NAICS 5-digit -- by ownership sector","All establishment sizes",1,0,0,0,0,0,0,0,"N",2.61,0,0,0,0,0,0,0,"N",0,0.0,0,0,0,0,0,0,0,0,0,0,0,0,0,0
"35053","5","49211","77","0","2016","3","N","Socorro County, New Mexico","Private","NAICS 49211 Couriers and express delivery services","County, NAICS 5-digit -- by ownership sector","All establishment sizes",1,0,0,0,0,0,0,0,"N",2.65,0,0,0,0,0,0,0,"N",0,0.0,0,0,0,0,0,0,0,0,0,0,0,0,0,0
"35053","5","49211","77","0","2016","4","N","Socorro County, New Mexico","Private","NAICS 49211 Couriers and express delivery services","County, NAICS 5-digit -- by ownership sector","All establishment sizes",1,0,0,0,0,0,0,0,"N",2.68,0,0,0,0,0,0,0,"N",0,0.0,0,0,0,0,0,0,0,0,0,0,0,0,0,0
"35053","5","492110","78","0","2016","1","N","Socorro County, New Mexico","Private","NAICS 492110 Couriers and express delivery services","County, NAICS 6-digit -- by ownership sector","All establishment sizes",1,0,0,0,0,0,0,0,"N",2.57,0,0,0,0,0,0,0,"N",0,0.0,0,0,0,0,0,0,0,0,0,0,0,0,0,0
"35053","5","492110","78","0","2016","2","N","Socorro County, New Mexico","Private","NAICS 492110 Couriers and express delivery services","County, NAICS 6-digit -- by ownership sector","All establishment sizes",1,0,0,0,0,0,0,0,"N",2.61,0,0,0,0,0,0,0,"N",0,0.0,0,0,0,0,0,0,0,0,0,0,0,0,0,0
"35053","5","492110","78","0","2016","3","N","Socorro County, New Mexico","Private","NAICS 492110 Couriers and express delivery services","County, NAICS 6-digit -- by ownership sector","All establishment sizes",1,0,0,0,0,0,0,0,"N",2.65,0,0,0,0,0,0,0,"N",0,0.0,0,0,0,0,0,0,0,0,0,0,0,0,0,0
"35053","5","492110","78","0","2016","4","N","Socorro County, New Mexico","Private","NAICS 492110 Couriers and express delivery services","County, NAICS 6-digit -- by ownership sector","All establishment sizes",1,0,0,0,0,0,0,0,"N",2.68,0,0,0,0,0,0,0,"N",0,0.0,0,0,0,0,0,0,0,0,0,0,0,0,0,0
"35053","5","51","74","0","2016","1","","Socorro County, New Mexico","Private","NAICS 51 Information","County, NAICS Sector -- by ownership sector","All establishment sizes",6,10,10,10,130626,103532,2375,1005,"",1.04,0.10,0.09,0.09,0.07,0.14,0.13,0.79,"N",0,0.0,0,0,0,0,0,0,0,0,0,0,0,0,0,0
"35053","5","51","74","0","2016","2","","Socorro County, New Mexico","Private","NAICS 51 Information","County, NAICS Sector -- by ownership sector","All establishment sizes",6,11,11,6,134558,63852,1385,1109,"",1.04,0.10,0.10,0.06,0.08,0.17,0.16,0.90,"",-1,-14.3,0,0.0,1,10.0,-4,-40.0,5773,4.5,12172,23.6,402,40.9,150,15.6
"35053","5","51","74","0","2016","3","","Socorro County, New Mexico","Private","NAICS 51 Information","County, NAICS Sector -- by ownership sector","All establishment sizes",6,11,12,6,147524,37932,730,1174,"",1.05,0.11,0.11,0.06,0.08,0.16,0.12,0.90,"",0,0.0,1,10.0,1,9.1,-4,-40.0,10750,7.9,157,0.4,49,7.2,156,15.3
"35053","5","51","74","0","2016","4","","Socorro County, New Mexico","Private","NAICS 51 Information","County, NAICS Sector -- by ownership sector","All establishment sizes",6,12,11,11,184416,13106,160,1252,"",1.05,0.11,0.11,0.11,0.11,0.08,0.05,1.02,"N",0,0.0,0,0,0,0,0,0,0,0,0,0,0,0,0,0
"35053","5","515","75","0","2016","1","N","Socorro County, New Mexico","Private","NAICS 515 Broadcasting, except internet","County, NAICS 3-digit -- by ownership sector","All establishment sizes",1,0,0,0,0,0,0,0,"N",2.76,0,0,0,0,0,0,0,"N",0,0.0,0,0,0,0,0,0,0,0,0,0,0,0,0,0
"35053","5","515","75","0","2016","2","N","Socorro County, New Mexico","Private","NAICS 515 Broadcasting, except internet","County, NAICS 3-digit -- by ownership sector","All establishment sizes",1,0,0,0,0,0,0,0,"N",2.79,0,0,0,0,0,0,0,"N",0,0.0,0,0,0,0,0,0,0,0,0,0,0,0,0,0
"35053","5","515","75","0","2016","3","N","Socorro County, New Mexico","Private","NAICS 515 Broadcasting, except internet","County, NAICS 3-digit -- by ownership sector","All establishment sizes",1,0,0,0,0,0,0,0,"N",2.84,0,0,0,0,0,0,0,"N",0,0.0,0,0,0,0,0,0,0,0,0,0,0,0,0,0
"35053","5","515","75","0","2016","4","N","Socorro County, New Mexico","Private","NAICS 515 Broadcasting, except internet","County, NAICS 3-digit -- by ownership sector","All establishment sizes",1,0,0,0,0,0,0,0,"N",2.87,0,0,0,0,0,0,0,"N",0,0.0,0,0,0,0,0,0,0,0,0,0,0,0,0,0
"35053","5","5151","76","0","2016","1","N","Socorro County, New Mexico","Private","NAICS 5151 Radio and television broadcasting","County, NAICS 4-digit -- by ownership sector","All establishment sizes",1,0,0,0,0,0,0,0,"N",3.20,0,0,0,0,0,0,0,"N",0,0.0,0,0,0,0,0,0,0,0,0,0,0,0,0,0
"35053","5","5151","76","0","2016","2","N","Socorro County, New Mexico","Private","NAICS 5151 Radio and television broadcasting","County, NAICS 4-digit -- by ownership sector","All establishment sizes",1,0,0,0,0,0,0,0,"N",3.25,0,0,0,0,0,0,0,"N",0,0.0,0,0,0,0,0,0,0,0,0,0,0,0,0,0
"35053","5","5151","76","0","2016","3","N","Socorro County, New Mexico","Private","NAICS 5151 Radio and television broadcasting","County, NAICS 4-digit -- by ownership sector","All establishment sizes",1,0,0,0,0,0,0,0,"N",3.30,0,0,0,0,0,0,0,"N",0,0.0,0,0,0,0,0,0,0,0,0,0,0,0,0,0
"35053","5","5151","76","0","2016","4","N","Socorro County, New Mexico","Private","NAICS 5151 Radio and television broadcasting","County, NAICS 4-digit -- by ownership sector","All establishment sizes",1,0,0,0,0,0,0,0,"N",3.34,0,0,0,0,0,0,0,"N",0,0.0,0,0,0,0,0,0,0,0,0,0,0,0,0,0
"35053","5","51511","77","0","2016","1","N","Socorro County, New Mexico","Private","NAICS 51511 Radio broadcasting","County, NAICS 5-digit -- by ownership sector","All establishment sizes",1,0,0,0,0,0,0,0,"N",4.81,0,0,0,0,0,0,0,"N",0,0.0,0,0,0,0,0,0,0,0,0,0,0,0,0,0
"35053","5","51511","77","0","2016","2","N","Socorro County, New Mexico","Private","NAICS 51511 Radio broadcasting","County, NAICS 5-digit -- by ownership sector","All establishment sizes",1,0,0,0,0,0,0,0,"N",4.89,0,0,0,0,0,0,0,"N",0,0.0,0,0,0,0,0,0,0,0,0,0,0,0,0,0
"35053","5","51511","77","0","2016","3","N","Socorro County, New Mexico","Private","NAICS 51511 Radio broadcasting","County, NAICS 5-digit -- by ownership sector","All establishment sizes",1,0,0,0,0,0,0,0,"N",4.97,0,0,0,0,0,0,0,"N",0,0.0,0,0,0,0,0,0,0,0,0,0,0,0,0,0
"35053","5","51511","77","0","2016","4","N","Socorro County, New Mexico","Private","NAICS 51511 Radio broadcasting","County, NAICS 5-digit -- by ownership sector","All establishment sizes",1,0,0,0,0,0,0,0,"N",5.04,0,0,0,0,0,0,0,"N",0,0.0,0,0,0,0,0,0,0,0,0,0,0,0,0,0
"35053","5","515112","78","0","2016","1","N","Socorro County, New Mexico","Private","NAICS 515112 Radio stations","County, NAICS 6-digit -- by ownership sector","All establishment sizes",1,0,0,0,0,0,0,0,"N",6.36,0,0,0,0,0,0,0,"N",0,0.0,0,0,0,0,0,0,0,0,0,0,0,0,0,0
"35053","5","515112","78","0","2016","2","N","Socorro County, New Mexico","Private","NAICS 515112 Radio stations","County, NAICS 6-digit -- by ownership sector","All establishment sizes",1,0,0,0,0,0,0,0,"N",6.45,0,0,0,0,0,0,0,"N",0,0.0,0,0,0,0,0,0,0,0,0,0,0,0,0,0
"35053","5","515112","78","0","2016","3","N","Socorro County, New Mexico","Private","NAICS 515112 Radio stations","County, NAICS 6-digit -- by ownership sector","All establishment sizes",1,0,0,0,0,0,0,0,"N",6.57,0,0,0,0,0,0,0,"N",0,0.0,0,0,0,0,0,0,0,0,0,0,0,0,0,0
"35053","5","515112","78","0","2016","4","N","Socorro County, New Mexico","Private","NAICS 515112 Radio stations","County, NAICS 6-digit -- by ownership sector","All establishment sizes",1,0,0,0,0,0,0,0,"N",6.66,0,0,0,0,0,0,0,"N",0,0.0,0,0,0,0,0,0,0,0,0,0,0,0,0,0
"35053","5","517","75","0","2016","1","","Socorro County, New Mexico","Private","NAICS 517 Telecommunications","County, NAICS 3-digit -- by ownership sector","All establishment sizes",4,5,5,6,57711,51517,1206,832,"",3.02,0.16,0.16,0.20,0.12,0.22,0.21,0.70,"",0,0.0,-2,-28.6,-2,-28.6,-1,-14.3,-18308,-24.1,-15872,-23.6,27,2.3,-3,-0.4
"35053","5","517","75","0","2016","2","","Socorro County, New Mexico","Private","NAICS 517 Telecommunications","County, NAICS 3-digit -- by ownership sector","All establishment sizes",4,6,6,5,61643,35937,760,837,"",3.05,0.19,0.20,0.16,0.14,0.36,0.35,0.76,"",0,0.0,-1,-14.3,0,0.0,-1,-16.7,1758,2.9,1157,3.3,159,26.5,110,15.1
"35053","5","517","75","0","2016","3","","Socorro County, New Mexico","Private","NAICS 517 Telecommunications","County, NAICS 3-digit -- by ownership sector","All establishment sizes",4,7,8,6,74924,20832,344,823,"",3.10,0.23,0.27,0.20,0.18,0.39,0.29,0.76,"",0,0.0,1,16.7,1,14.3,0,0.0,7050,10.4,-3943,-15.9,-43,-11.1,-1,-0.1
"35053","5","517","75","0","2016","4","","Socorro County, New Mexico","Private","NAICS 517 Telecommunications","County, NAICS 3-digit -- by ownership sector","All establishment sizes",4,7,6,6,74216,12506,158,901,"",3.12,0.24,0.20,0.20,0.18,0.38,0.27,0.87,"",0,0.0,0,0.0,-1,-14.3,-1,-14.3,473,0.6,-2582,-17.1,-65,-29.1,91,11.2
"35053","5","5171","76","0","2016","1","N","Socorro County, New Mexico","Private","NAICS12 5171 Wired telecommunications carriers","County, NAICS 4-digit -- by ownership sector","All establishment sizes",3,0,0,0,0,0,0,0,"N",4.08,0,0,0,0,0,0,0,"N",0,0.0,0,0,0,0,0,0,0,0,0,0,0,0,0,0
"35053","5","5171","76","0","2016","2","N","Socorro County, New Mexico","Private","NAICS12 5171 Wired telecommunications carriers","County, NAICS 4-digit -- by ownership sector","All establishment sizes",3,0,0,0,0,0,0,0,"N",4.10,0,0,0,0,0,0,0,"N",0,0.0,0,0,0,0,0,0,0,0,0,0,0,0,0,0
"35053","5","5171","76","0","2016","3","N","Socorro County, New Mexico","Private","NAICS12 5171 Wired telecommunications carriers","County, NAICS 4-digit -- by ownership sector","All establishment sizes",3,0,0,0,0,0,0,0,"N",4.20,0,0,0,0,0,0,0,"N",0,0.0,0,0,0,0,0,0,0,0,0,0,0,0,0,0
"35053","5","5171","76","0","2016","4","N","Socorro County, New Mexico","Private","NAICS12 5171 Wired telecommunications carriers","County, NAICS 4-digit -- by ownership sector","All establishment sizes",3,0,0,0,0,0,0,0,"N",4.24,0,0,0,0,0,0,0,"N",0,0.0,0,0,0,0,0,0,0,0,0,0,0,0,0,0
"35053","5","51711","77","0","2016","1","N","Socorro County, New Mexico","Private","NAICS12 51711 Wired telecommunications carriers","County, NAICS 5-digit -- by ownership sector","All establishment sizes",3,0,0,0,0,0,0,0,"N",4.08,0,0,0,0,0,0,0,"N",0,0.0,0,0,0,0,0,0,0,0,0,0,0,0,0,0
"35053","5","51711","77","0","2016","2","N","Socorro County, New Mexico","Private","NAICS12 51711 Wired telecommunications carriers","County, NAICS 5-digit -- by ownership sector","All establishment sizes",3,0,0,0,0,0,0,0,"N",4.10,0,0,0,0,0,0,0,"N",0,0.0,0,0,0,0,0,0,0,0,0,0,0,0,0,0
"35053","5","51711","77","0","2016","3","N","Socorro County, New Mexico","Private","NAICS12 51711 Wired telecommunications carriers","County, NAICS 5-digit -- by ownership sector","All establishment sizes",3,0,0,0,0,0,0,0,"N",4.20,0,0,0,0,0,0,0,"N",0,0.0,0,0,0,0,0,0,0,0,0,0,0,0,0,0
"35053","5","51711","77","0","2016","4","N","Socorro County, New Mexico","Private","NAICS12 51711 Wired telecommunications carriers","County, NAICS 5-digit -- by ownership sector","All establishment sizes",3,0,0,0,0,0,0,0,"N",4.24,0,0,0,0,0,0,0,"N",0,0.0,0,0,0,0,0,0,0,0,0,0,0,0,0,0
"35053","5","517110","78","0","2016","1","N","Socorro County, New Mexico","Private","NAICS12 517110 Wired telecommunications carriers","County, NAICS 6-digit -- by ownership sector","All establishment sizes",3,0,0,0,0,0,0,0,"N",4.08,0,0,0,0,0,0,0,"N",0,0.0,0,0,0,0,0,0,0,0,0,0,0,0,0,0
"35053","5","517110","78","0","2016","2","N","Socorro County, New Mexico","Private","NAICS12 517110 Wired telecommunications carriers","County, NAICS 6-digit -- by ownership sector","All establishment sizes",3,0,0,0,0,0,0,0,"N",4.10,0,0,0,0,0,0,0,"N",0,0.0,0,0,0,0,0,0,0,0,0,0,0,0,0,0
"35053","5","517110","78","0","2016","3","N","Socorro County, New Mexico","Private","NAICS12 517110 Wired telecommunications carriers","County, NAICS 6-digit -- by ownership sector","All establishment sizes",3,0,0,0,0,0,0,0,"N",4.20,0,0,0,0,0,0,0,"N",0,0.0,0,0,0,0,0,0,0,0,0,0,0,0,0,0
"35053","5","517110","78","0","2016","4","N","Socorro County, New Mexico","Private","NAICS12 517110 Wired telecommunications carriers","County, NAICS 6-digit -- by ownership sector","All establishment sizes",3,0,0,0,0,0,0,0,"N",4.24,0,0,0,0,0,0,0,"N",0,0.0,0,0,0,0,0,0,0,0,0,0,0,0,0,0
"35053","5","5179","76","0","2016","1","N","Socorro County, New Mexico","Private","NAICS 5179 Other telecommunications","County, NAICS 4-digit -- by ownership sector","All establishment sizes",1,0,0,0,0,0,0,0,"N",3.75,0,0,0,0,0,0,0,"N",0,0.0,0,0,0,0,0,0,0,0,0,0,0,0,0,0
"35053","5","5179","76","0","2016","2","N","Socorro County, New Mexico","Private","NAICS 5179 Other telecommunications","County, NAICS 4-digit -- by ownership sector","All establishment sizes",1,0,0,0,0,0,0,0,"N",3.80,0,0,0,0,0,0,0,"N",0,0.0,0,0,0,0,0,0,0,0,0,0,0,0,0,0
"35053","5","5179","76","0","2016","3","N","Socorro County, New Mexico","Private","NAICS 5179 Other telecommunications","County, NAICS 4-digit -- by ownership sector","All establishment sizes",1,0,0,0,0,0,0,0,"N",3.82,0,0,0,0,0,0,0,"N",0,0.0,0,0,0,0,0,0,0,0,0,0,0,0,0,0
"35053","5","5179","76","0","2016","4","N","Socorro County, New Mexico","Private","NAICS 5179 Other telecommunications","County, NAICS 4-digit -- by ownership sector","All establishment sizes",1,0,0,0,0,0,0,0,"N",3.80,0,0,0,0,0,0,0,"N",0,0.0,0,0,0,0,0,0,0,0,0,0,0,0,0,0
"35053","5","51791","77","0","2016","1","N","Socorro County, New Mexico","Private","NAICS 51791 Other telecommunications","County, NAICS 5-digit -- by ownership sector","All establishment sizes",1,0,0,0,0,0,0,0,"N",3.75,0,0,0,0,0,0,0,"N",0,0.0,0,0,0,0,0,0,0,0,0,0,0,0,0,0
"35053","5","51791","77","0","2016","2","N","Socorro County, New Mexico","Private","NAICS 51791 Other telecommunications","County, NAICS 5-digit -- by ownership sector","All establishment sizes",1,0,0,0,0,0,0,0,"N",3.80,0,0,0,0,0,0,0,"N",0,0.0,0,0,0,0,0,0,0,0,0,0,0,0,0,0
"35053","5","51791","77","0","2016","3","N","Socorro County, New Mexico","Private","NAICS 51791 Other telecommunications","County, NAICS 5-digit -- by ownership sector","All establishment sizes",1,0,0,0,0,0,0,0,"N",3.82,0,0,0,0,0,0,0,"N",0,0.0,0,0,0,0,0,0,0,0,0,0,0,0,0,0
"35053","5","51791","77","0","2016","4","N","Socorro County, New Mexico","Private","NAICS 51791 Other telecommunications","County, NAICS 5-digit -- by ownership sector","All establishment sizes",1,0,0,0,0,0,0,0,"N",3.80,0,0,0,0,0,0,0,"N",0,0.0,0,0,0,0,0,0,0,0,0,0,0,0,0,0
"35053","5","517919","78","0","2016","1","N","Socorro County, New Mexico","Private","NAICS 517919 All other telecommunications","County, NAICS 6-digit -- by ownership sector","All establishment sizes",1,0,0,0,0,0,0,0,"N",10.47,0,0,0,0,0,0,0,"N",0,0.0,0,0,0,0,0,0,0,0,0,0,0,0,0,0
"35053","5","517919","78","0","2016","2","N","Socorro County, New Mexico","Private","NAICS 517919 All other telecommunications","County, NAICS 6-digit -- by ownership sector","All establishment sizes",1,0,0,0,0,0,0,0,"N",10.57,0,0,0,0,0,0,0,"N",0,0.0,0,0,0,0,0,0,0,0,0,0,0,0,0,0
"35053","5","517919","78","0","2016","3","N","Socorro County, New Mexico","Private","NAICS 517919 All other telecommunications","County, NAICS 6-digit -- by ownership sector","All establishment sizes",1,0,0,0,0,0,0,0,"N",10.56,0,0,0,0,0,0,0,"N",0,0.0,0,0,0,0,0,0,0,0,0,0,0,0,0,0
"35053","5","517919","78","0","2016","4","N","Socorro County, New Mexico","Private","NAICS 517919 All other telecommunications","County, NAICS 6-digit -- by ownership sector","All establishment sizes",1,0,0,0,0,0,0,0,"N",10.57,0,0,0,0,0,0,0,"N",0,0.0,0,0,0,0,0,0,0,0,0,0,0,0,0,0
"35053","5","519","75","0","2016","1","N","Socorro County, New Mexico","Private","NAICS 519 Other information services","County, NAICS 3-digit -- by ownership sector","All establishment sizes",1,0,0,0,0,0,0,0,"N",1.28,0,0,0,0,0,0,0,"N",1,100.0,0,0,0,0,0,0,0,0,0,0,0,0,0,0
"35053","5","519","75","0","2016","2","N","Socorro County, New Mexico","Private","NAICS 519 Other information services","County, NAICS 3-digit -- by ownership sector","All establishment sizes",1,0,0,0,0,0,0,0,"N",1.27,0,0,0,0,0,0,0,"N",0,0.0,0,0,0,0,0,0,0,0,0,0,0,0,0,0
"35053","5","519","75","0","2016","3","N","Socorro County, New Mexico","Private","NAICS 519 Other information services","County, NAICS 3-digit -- by ownership sector","All establishment sizes",1,0,0,0,0,0,0,0,"N",1.27,0,0,0,0,0,0,0,"N",0,0.0,0,0,0,0,0,0,0,0,0,0,0,0,0,0
"35053","5","519","75","0","2016","4","N","Socorro County, New Mexico","Private","NAICS 519 Other information services","County, NAICS 3-digit -- by ownership sector","All establishment sizes",1,0,0,0,0,0,0,0,"N",1.27,0,0,0,0,0,0,0,"N",0,0.0,0,0,0,0,0,0,0,0,0,0,0,0,0,0
"35053","5","5191","76","0","2016","1","N","Socorro County, New Mexico","Private","NAICS 5191 Other information services","County, NAICS 4-digit -- by ownership sector","All establishment sizes",1,0,0,0,0,0,0,0,"N",1.28,0,0,0,0,0,0,0,"N",1,100.0,0,0,0,0,0,0,0,0,0,0,0,0,0,0
"35053","5","5191","76","0","2016","2","N","Socorro County, New Mexico","Private","NAICS 5191 Other information services","County, NAICS 4-digit -- by ownership sector","All establishment sizes",1,0,0,0,0,0,0,0,"N",1.27,0,0,0,0,0,0,0,"N",0,0.0,0,0,0,0,0,0,0,0,0,0,0,0,0,0
"35053","5","5191","76","0","2016","3","N","Socorro County, New Mexico","Private","NAICS 5191 Other information services","County, NAICS 4-digit -- by ownership sector","All establishment sizes",1,0,0,0,0,0,0,0,"N",1.27,0,0,0,0,0,0,0,"N",0,0.0,0,0,0,0,0,0,0,0,0,0,0,0,0,0
"35053","5","5191","76","0","2016","4","N","Socorro County, New Mexico","Private","NAICS 5191 Other information services","County, NAICS 4-digit -- by ownership sector","All establishment sizes",1,0,0,0,0,0,0,0,"N",1.27,0,0,0,0,0,0,0,"N",0,0.0,0,0,0,0,0,0,0,0,0,0,0,0,0,0
"35053","5","51913","77","0","2016","1","N","Socorro County, New Mexico","Private","NAICS 51913 Internet publishing and web search portals","County, NAICS 5-digit -- by ownership sector","All establishment sizes",1,0,0,0,0,0,0,0,"N",2.00,0,0,0,0,0,0,0,"N",1,100.0,0,0,0,0,0,0,0,0,0,0,0,0,0,0
"35053","5","51913","77","0","2016","2","N","Socorro County, New Mexico","Private","NAICS 51913 Internet publishing and web search portals","County, NAICS 5-digit -- by ownership sector","All establishment sizes",1,0,0,0,0,0,0,0,"N",1.98,0,0,0,0,0,0,0,"N",0,0.0,0,0,0,0,0,0,0,0,0,0,0,0,0,0
"35053","5","51913","77","0","2016","3","N","Socorro County, New Mexico","Private","NAICS 51913 Internet publishing and web search portals","County, NAICS 5-digit -- by ownership sector","All establishment sizes",1,0,0,0,0,0,0,0,"N",1.98,0,0,0,0,0,0,0,"N",0,0.0,0,0,0,0,0,0,0,0,0,0,0,0,0,0
"35053","5","51913","77","0","2016","4","N","Socorro County, New Mexico","Private","NAICS 51913 Internet publishing and web search portals","County, NAICS 5-digit -- by ownership sector","All establishment sizes",1,0,0,0,0,0,0,0,"N",1.99,0,0,0,0,0,0,0,"N",0,0.0,0,0,0,0,0,0,0,0,0,0,0,0,0,0
"35053","5","519130","78","0","2016","1","N","Socorro County, New Mexico","Private","NAICS 519130 Internet publishing and web search portals","County, NAICS 6-digit -- by ownership sector","All establishment sizes",1,0,0,0,0,0,0,0,"N",2.00,0,0,0,0,0,0,0,"N",1,100.0,0,0,0,0,0,0,0,0,0,0,0,0,0,0
"35053","5","519130","78","0","2016","2","N","Socorro County, New Mexico","Private","NAICS 519130 Internet publishing and web search portals","County, NAICS 6-digit -- by ownership sector","All establishment sizes",1,0,0,0,0,0,0,0,"N",1.98,0,0,0,0,0,0,0,"N",0,0.0,0,0,0,0,0,0,0,0,0,0,0,0,0,0
"35053","5","519130","78","0","2016","3","N","Socorro County, New Mexico","Private","NAICS 519130 Internet publishing and web search portals","County, NAICS 6-digit -- by ownership sector","All establishment sizes",1,0,0,0,0,0,0,0,"N",1.98,0,0,0,0,0,0,0,"N",0,0.0,0,0,0,0,0,0,0,0,0,0,0,0,0,0
"35053","5","519130","78","0","2016","4","N","Socorro County, New Mexico","Private","NAICS 519130 Internet publishing and web search portals","County, NAICS 6-digit -- by ownership sector","All establishment sizes",1,0,0,0,0,0,0,0,"N",1.99,0,0,0,0,0,0,0,"N",0,0.0,0,0,0,0,0,0,0,0,0,0,0,0,0,0
"35053","5","52","74","0","2016","1","","Socorro County, New Mexico","Private","NAICS 52 Finance and insurance","County, NAICS Sector -- by ownership sector","All establishment sizes",13,67,70,70,523421,468157,6826,584,"",0.73,0.31,0.32,0.32,0.12,0.30,0.22,0.37,"",-1,-7.1,1,1.5,1,1.4,-2,-2.8,2241,0.4,16686,3.7,195,2.9,3,0.5
"35053","5","52","74","0","2016","2","","Socorro County, New Mexico","Private","NAICS 52 Finance and insurance","County, NAICS Sector -- by ownership sector","All establishment sizes",13,70,66,72,542955,396746,5659,602,"",0.73,0.32,0.30,0.32,0.16,0.56,0.45,0.51,"",-1,-7.1,-2,-2.8,-6,-8.3,2,2.9,-14511,-2.6,-29010,-6.8,-724,-11.3,1,0.2
"35053","5","52","74","0","2016","3","","Socorro County, New Mexico","Private","NAICS 52 Finance and insurance","County, NAICS Sector -- by ownership sector","All establishment sizes",13,70,71,74,591252,289965,4242,635,"",0.74,0.32,0.33,0.34,0.18,0.66,0.52,0.54,"",-1,-7.1,-3,-4.1,-2,-2.7,3,4.2,44099,8.1,20585,7.6,-60,-1.4,53,9.1
"35053","5","52","74","0","2016","4","","Socorro County, New Mexico","Private","NAICS 52 Finance and insurance","County, NAICS Sector -- by ownership sector","All establishment sizes",12,74,73,75,586651,164823,1693,610,"",0.69,0.34,0.33,0.34,0.16,0.55,0.40,0.49,"",-1,-7.7,1,1.4,1,1.4,3,4.2,11201,1.9,16910,11.4,-701,-29.3,-2,-0.3
"35053","5","522","75","0","2016","1","","Socorro County, New Mexico","Private","NAICS 522 Credit intermediation and related activities","County, NAICS 3-digit -- by ownership sector","All establishment sizes",7,48,50,50,381980,326716,4902,596,"",1.04,0.49,0.51,0.51,0.26,0.51,0.37,0.53,"",-1,-12.5,0,0.0,1,2.0,-1,-2.0,-30174,-7.3,-15729,-4.6,-455,-8.5,-47,-7.3
"35053","5","522","75","0","2016","2","","Socorro County, New Mexico","Private","NAICS 522 Credit intermediation and related activities","County, NAICS 3-digit -- by ownership sector","All establishment sizes",7,50,48,52,409202,293162,4416,630,"",1.05,0.50,0.49,0.52,0.33,0.84,0.70,0.65,"",-1,-12.5,-2,-3.8,-3,-5.9,2,4.0,728,0.2,7298,2.6,-17,-0.4,14,2.3
"35053","5","522","75","0","2016","3","","Socorro County, New Mexico","Private","NAICS 522 Credit intermediation and related activities","County, NAICS 3-digit -- by ownership sector","All establishment sizes",7,51,51,53,444818,208280,3397,662,"",1.07,0.53,0.53,0.54,0.36,0.97,0.85,0.68,"",-1,-12.5,1,2.0,1,2.0,5,10.4,36730,9.0,27182,15.0,186,5.8,26,4.1
"35053","5","522","75","0","2016","4","","Socorro County, New Mexico","Private","NAICS 522 Credit intermediation and related activities","County, NAICS 3-digit -- by ownership sector","All establishment sizes",7,53,54,54,434967,118206,1284,623,"",1.08,0.54,0.55,0.55,0.35,0.82,0.64,0.64,"",0,0.0,1,1.9,3,5.9,3,5.9,-726,-0.2,11779,11.1,-610,-32.2,-30,-4.6
"35053","5","5221","76","0","2016","1","","Socorro County, New Mexico","Private","NAICS 5221 Depository credit intermediation","County, NAICS 4-digit -- by ownership sector","All establishment sizes",4,42,44,44,344868,289604,2973,612,"",0.98,0.66,0.69,0.68,0.39,0.69,0.38,0.58,"",0,0.0,0,0.0,1,2.3,-1,-2.2,-28519,-7.6,-14074,-4.6,-393,-11.7,-51,-7.7
"35053","5","5221","76","0","2016","2","","Socorro County, New Mexico","Private","NAICS 5221 Depository credit intermediation","County, NAICS 4-digit -- by ownership sector","All establishment sizes",4,44,42,46,372819,258552,2614,652,"",1.00,0.68,0.66,0.71,0.51,1.10,0.70,0.74,"",0,0.0,-2,-4.3,-3,-6.7,2,4.5,2203,0.6,8217,3.3,25,1.0,18,2.8
"35053","5","5221","76","0","2016","3","","Socorro County, New Mexico","Private","NAICS 5221 Depository credit intermediation","County, NAICS 4-digit -- by ownership sector","All establishment sizes",4,45,45,47,407887,178274,1804,687,"",1.02,0.72,0.71,0.74,0.56,1.28,0.81,0.78,"",0,0.0,1,2.3,1,2.3,5,11.9,37247,10.0,26687,17.6,134,8.0,29,4.4
"35053","5","5221","76","0","2016","4","","Socorro County, New Mexico","Private","NAICS 5221 Depository credit intermediation","County, NAICS 4-digit -- by ownership sector","All establishment sizes",4,47,48,47,396403,96195,479,644,"",1.03,0.74,0.76,0.74,0.54,1.09,0.46,0.72,"N",0,0.0,0,0,0,0,0,0,0,0,0,0,0,0,0,0
"35053","5","52211","77","0","2016","1","","Socorro County, New Mexico","Private","NAICS 52211 Commercial banking","County, NAICS 5-digit -- by ownership sector","All establishment sizes",4,42,44,44,344868,289604,2973,612,"",1.30,0.85,0.89,0.89,0.46,0.88,0.47,0.53,"",0,0.0,0,0.0,1,2.3,-1,-2.2,-28519,-7.6,-14074,-4.6,-393,-11.7,-51,-7.7
"35053","5","52211","77","0","2016","2","","Socorro County, New Mexico","Private","NAICS 52211 Commercial banking","County, NAICS 5-digit -- by ownership sector","All establishment sizes",4,44,42,46,372819,258552,2614,652,"",1.32,0.88,0.85,0.92,0.62,1.47,0.91,0.71,"",0,0.0,-2,-4.3,-3,-6.7,2,4.5,2203,0.6,8217,3.3,25,1.0,18,2.8
"35053","5","52211","77","0","2016","3","","Socorro County, New Mexico","Private","NAICS 52211 Commercial banking","County, NAICS 5-digit -- by ownership sector","All establishment sizes",4,45,45,47,407887,178274,1804,687,"",1.35,0.93,0.93,0.96,0.70,1.72,1.05,0.74,"",0,0.0,1,2.3,1,2.3,5,11.9,37247,10.0,26687,17.6,134,8.0,29,4.4
"35053","5","52211","77","0","2016","4","","Socorro County, New Mexico","Private","NAICS 52211 Commercial banking","County, NAICS 5-digit -- by ownership sector","All establishment sizes",4,47,48,47,396403,96195,479,644,"",1.37,0.97,0.99,0.97,0.67,1.47,0.59,0.68,"N",0,0.0,0,0,0,0,0,0,0,0,0,0,0,0,0,0
"35053","5","522110","78","0","2016","1","","Socorro County, New Mexico","Private","NAICS 522110 Commercial banking","County, NAICS 6-digit -- by ownership sector","All establishment sizes",4,42,44,44,344868,289604,2973,612,"",1.30,0.85,0.89,0.89,0.46,0.88,0.47,0.53,"",0,0.0,0,0.0,1,2.3,-1,-2.2,-28519,-7.6,-14074,-4.6,-393,-11.7,-51,-7.7
"35053","5","522110","78","0","2016","2","","Socorro County, New Mexico","Private","NAICS 522110 Commercial banking","County, NAICS 6-digit -- by ownership sector","All establishment sizes",4,44,42,46,372819,258552,2614,652,"",1.32,0.88,0.85,0.92,0.62,1.47,0.91,0.71,"",0,0.0,-2,-4.3,-3,-6.7,2,4.5,2203,0.6,8217,3.3,25,1.0,18,2.8
"35053","5","522110","78","0","2016","3","","Socorro County, New Mexico","Private","NAICS 522110 Commercial banking","County, NAICS 6-digit -- by ownership sector","All establishment sizes",4,45,45,47,407887,178274,1804,687,"",1.35,0.93,0.93,0.96,0.70,1.72,1.05,0.74,"",0,0.0,1,2.3,1,2.3,5,11.9,37247,10.0,26687,17.6,134,8.0,29,4.4
"35053","5","522110","78","0","2016","4","","Socorro County, New Mexico","Private","NAICS 522110 Commercial banking","County, NAICS 6-digit -- by ownership sector","All establishment sizes",4,47,48,47,396403,96195,479,644,"",1.37,0.97,0.99,0.97,0.67,1.47,0.59,0.68,"N",0,0.0,0,0,0,0,0,0,0,0,0,0,0,0,0,0
"35053","5","5222","76","0","2016","1","","Socorro County, New Mexico","Private","NAICS 5222 Nondepository credit intermediation","County, NAICS 4-digit -- by ownership sector","All establishment sizes",3,6,6,6,37112,37112,1929,476,"",1.68,0.26,0.26,0.26,0.09,0.24,0.54,0.35,"",-1,-25.0,0,0.0,0,0.0,0,0.0,-1655,-4.3,-1655,-4.3,-62,-3.1,-21,-4.2
"35053","5","5222","76","0","2016","2","","Socorro County, New Mexico","Private","NAICS 5222 Nondepository credit intermediation","County, NAICS 4-digit -- by ownership sector","All establishment sizes",3,6,6,6,36383,34610,1802,466,"",1.70,0.26,0.26,0.26,0.11,0.44,1.07,0.41,"",-1,-25.0,0,0.0,0,0.0,0,0.0,-1475,-3.9,-919,-2.6,-42,-2.3,-19,-3.9
"35053","5","5222","76","0","2016","3","","Socorro County, New Mexico","Private","NAICS 5222 Nondepository credit intermediation","County, NAICS 4-digit -- by ownership sector","All establishment sizes",3,6,6,6,36931,30006,1593,473,"",1.72,0.26,0.26,0.26,0.11,0.57,1.36,0.41,"",-1,-25.0,0,0.0,0,0.0,0,0.0,-517,-1.4,495,1.7,52,3.4,-7,-1.5
"35053","5","5222","76","0","2016","4","","Socorro County, New Mexico","Private","NAICS 5222 Nondepository credit intermediation","County, NAICS 4-digit -- by ownership sector","All establishment sizes",3,6,6,7,38564,22011,805,468,"",1.74,0.26,0.26,0.30,0.11,0.59,1.30,0.41,"N",0,0.0,0,0,0,0,0,0,0,0,0,0,0,0,0,0
"35053","5","52229","77","0","2016","1","","Socorro County, New Mexico","Private","NAICS 52229 Other nondepository credit intermediation","County, NAICS 5-digit -- by ownership sector","All establishment sizes",3,6,6,6,37112,37112,1929,476,"",1.96,0.38,0.38,0.37,0.16,0.35,0.78,0.42,"",-1,-25.0,0,0.0,0,0.0,0,0.0,-1655,-4.3,-1655,-4.3,-62,-3.1,-21,-4.2
"35053","5","52229","77","0","2016","2","","Socorro County, New Mexico","Private","NAICS 52229 Other nondepository credit intermediation","County, NAICS 5-digit -- by ownership sector","All establishment sizes",3,6,6,6,36383,34610,1802,466,"",1.98,0.37,0.37,0.37,0.16,0.57,1.35,0.43,"",-1,-25.0,0,0.0,0,0.0,0,0.0,-1475,-3.9,-919,-2.6,-42,-2.3,-19,-3.9
"35053","5","52229","77","0","2016","3","","Socorro County, New Mexico","Private","NAICS 52229 Other nondepository credit intermediation","County, NAICS 5-digit -- by ownership sector","All establishment sizes",3,6,6,6,36931,30006,1593,473,"",2.01,0.38,0.38,0.37,0.16,0.74,1.72,0.42,"",-1,-25.0,0,0.0,0,0.0,0,0.0,-517,-1.4,495,1.7,52,3.4,-7,-1.5
"35053","5","52229","77","0","2016","4","","Socorro County, New Mexico","Private","NAICS 52229 Other nondepository credit intermediation","County, NAICS 5-digit -- by ownership sector","All establishment sizes",3,6,6,7,38564,22011,805,468,"",2.03,0.37,0.37,0.43,0.17,0.74,1.62,0.43,"N",0,0.0,0,0,0,0,0,0,0,0,0,0,0,0,0,0
"35053","5","522291","78","0","2016","1","","Socorro County, New Mexico","Private","NAICS 522291 Consumer lending","County, NAICS 6-digit -- by ownership sector","All establishment sizes",3,6,6,6,37112,37112,1929,476,"",5.07,1.51,1.50,1.50,0.87,1.62,3.81,0.58,"N",0,0.0,0,0,0,0,0,0,0,0,0,0,0,0,0,0
"35053","5","522291","78","0","2016","2","","Socorro County, New Mexico","Private","NAICS 522291 Consumer lending","County, NAICS 6-digit -- by ownership sector","All establishment sizes",3,6,6,6,36383,34610,1802,466,"",5.15,1.50,1.52,1.51,0.93,2.15,5.46,0.61,"N",0,0.0,0,0,0,0,0,0,0,0,0,0,0,0,0,0
"35053","5","522291","78","0","2016","3","","Socorro County, New Mexico","Private","NAICS 522291 Consumer lending","County, NAICS 6-digit -- by ownership sector","All establishment sizes",3,6,6,6,36931,30006,1593,473,"",5.23,1.57,1.57,1.55,0.96,2.98,7.68,0.61,"N",0,0.0,0,0,0,0,0,0,0,0,0,0,0,0,0,0
"35053","5","522291","78","0","2016","4","","Socorro County, New Mexico","Private","NAICS 522291 Consumer lending","County, NAICS 6-digit -- by ownership sector","All establishment sizes",3,6,6,7,38564,22011,805,468,"",5.34,1.56,1.56,1.80,1.01,2.87,7.04,0.62,"N",0,0.0,0,0,0,0,0,0,0,0,0,0,0,0,0,0
"35053","5","524","75","0","2016","1","","Socorro County, New Mexico","Private","NAICS 524 Insurance carriers and related activities","County, NAICS 3-digit -- by ownership sector","All establishment sizes",6,19,20,20,141441,141441,1924,553,"",0.84,0.22,0.23,0.23,0.11,0.23,0.17,0.47,"",0,0.0,1,5.6,0,0.0,-1,-4.8,32415,29.7,32415,29.7,650,51.0,127,29.8
"35053","5","524","75","0","2016","2","","Socorro County, New Mexico","Private","NAICS 524 Insurance carriers and related activities","County, NAICS 3-digit -- by ownership sector","All establishment sizes",6,20,18,20,133753,103584,1243,532,"",0.85,0.23,0.21,0.23,0.11,0.38,0.27,0.51,"",0,0.0,0,0.0,-3,-14.3,0,0.0,-15239,-10.2,-36308,-26.0,-707,-36.3,-32,-5.7
"35053","5","524","75","0","2016","3","","Socorro County, New Mexico","Private","NAICS 524 Insurance carriers and related activities","County, NAICS 3-digit -- by ownership sector","All establishment sizes",6,19,20,21,146434,81685,845,563,"",0.86,0.22,0.24,0.24,0.13,0.51,0.29,0.57,"",0,0.0,-4,-17.4,-3,-13.0,-2,-8.7,7369,5.3,-6597,-7.5,-246,-22.5,98,21.1
"35053","5","524","75","0","2016","4","","Socorro County, New Mexico","Private","NAICS 524 Insurance carriers and related activities","County, NAICS 3-digit -- by ownership sector","All establishment sizes",5,21,19,21,151684,46617,409,574,"",0.72,0.25,0.22,0.25,0.14,0.42,0.27,0.58,"",-1,-16.7,0,0.0,-2,-9.5,0,0.0,11927,8.5,5131,12.4,-91,-18.2,62,12.1
"35053","5","5241","76","0","2016","1","N","Socorro County, New Mexico","Private","NAICS 5241 Insurance carriers","County, NAICS 4-digit -- by ownership sector","All establishment sizes",1,0,0,0,0,0,0,0,"N",0.92,0,0,0,0,0,0,0,"N",0,0.0,0,0,0,0,0,0,0,0,0,0,0,0,0,0
"35053","5","5241","76","0","2016","2","N","Socorro County, New Mexico","Private","NAICS 5241 Insurance carriers","County, NAICS 4-digit -- by ownership sector","All establishment sizes",1,0,0,0,0,0,0,0,"N",0.92,0,0,0,0,0,0,0,"N",0,0.0,0,0,0,0,0,0,0,0,0,0,0,0,0,0
"35053","5","5241","76","0","2016","3","N","Socorro County, New Mexico","Private","NAICS 5241 Insurance carriers","County, NAICS 4-digit -- by ownership sector","All establishment sizes",1,0,0,0,0,0,0,0,"N",0.93,0,0,0,0,0,0,0,"N",0,0.0,0,0,0,0,0,0,0,0,0,0,0,0,0,0
"35053","5","5241","76","0","2016","4","N","Socorro County, New Mexico","Private","NAICS 5241 Insurance carriers","County, NAICS 4-digit -- by ownership sector","All establishment sizes",1,0,0,0,0,0,0,0,"N",0.94,0,0,0,0,0,0,0,"N",0,0.0,0,0,0,0,0,0,0,0,0,0,0,0,0,0
"35053","5","52412","77","0","2016","1","N","Socorro County, New Mexico","Private","NAICS 52412 Direct insurers, except life and health","County, NAICS 5-digit -- by ownership sector","All establishment sizes",1,0,0,0,0,0,0,0,"N",1.43,0,0,0,0,0,0,0,"N",0,0.0,0,0,0,0,0,0,0,0,0,0,0,0,0,0
"35053","5","52412","77","0","2016","2","N","Socorro County, New Mexico","Private","NAICS 52412 Direct insurers, except life and health","County, NAICS 5-digit -- by ownership sector","All establishment sizes",1,0,0,0,0,0,0,0,"N",1.44,0,0,0,0,0,0,0,"N",0,0.0,0,0,0,0,0,0,0,0,0,0,0,0,0,0
"35053","5","52412","77","0","2016","3","N","Socorro County, New Mexico","Private","NAICS 52412 Direct insurers, except life and health","County, NAICS 5-digit -- by ownership sector","All establishment sizes",1,0,0,0,0,0,0,0,"N",1.47,0,0,0,0,0,0,0,"N",0,0.0,0,0,0,0,0,0,0,0,0,0,0,0,0,0
"35053","5","52412","77","0","2016","4","N","Socorro County, New Mexico","Private","NAICS 52412 Direct insurers, except life and health","County, NAICS 5-digit -- by ownership sector","All establishment sizes",1,0,0,0,0,0,0,0,"N",1.49,0,0,0,0,0,0,0,"N",0,0.0,0,0,0,0,0,0,0,0,0,0,0,0,0,0
"35053","5","524127","78","0","2016","1","N","Socorro County, New Mexico","Private","NAICS 524127 Direct title insurance carriers","County, NAICS 6-digit -- by ownership sector","All establishment sizes",1,0,0,0,0,0,0,0,"N",4.86,0,0,0,0,0,0,0,"N",0,0.0,0,0,0,0,0,0,0,0,0,0,0,0,0,0
"35053","5","524127","78","0","2016","2","N","Socorro County, New Mexico","Private","NAICS 524127 Direct title insurance carriers","County, NAICS 6-digit -- by ownership sector","All establishment sizes",1,0,0,0,0,0,0,0,"N",4.91,0,0,0,0,0,0,0,"N",0,0.0,0,0,0,0,0,0,0,0,0,0,0,0,0,0
"35053","5","524127","78","0","2016","3","N","Socorro County, New Mexico","Private","NAICS 524127 Direct title insurance carriers","County, NAICS 6-digit -- by ownership sector","All establishment sizes",1,0,0,0,0,0,0,0,"N",4.97,0,0,0,0,0,0,0,"N",0,0.0,0,0,0,0,0,0,0,0,0,0,0,0,0,0
"35053","5","524127","78","0","2016","4","N","Socorro County, New Mexico","Private","NAICS 524127 Direct title insurance carriers","County, NAICS 6-digit -- by ownership sector","All establishment sizes",1,0,0,0,0,0,0,0,"N",5.06,0,0,0,0,0,0,0,"N",0,0.0,0,0,0,0,0,0,0,0,0,0,0,0,0,0
"35053","5","5242","76","0","2016","1","N","Socorro County, New Mexico","Private","NAICS 5242 Insurance agencies and brokerages","County, NAICS 4-digit -- by ownership sector","All establishment sizes",5,0,0,0,0,0,0,0,"N",0.82,0,0,0,0,0,0,0,"N",0,0.0,0,0,0,0,0,0,0,0,0,0,0,0,0,0
"35053","5","5242","76","0","2016","2","N","Socorro County, New Mexico","Private","NAICS 5242 Insurance agencies and brokerages","County, NAICS 4-digit -- by ownership sector","All establishment sizes",5,0,0,0,0,0,0,0,"N",0.83,0,0,0,0,0,0,0,"N",0,0.0,0,0,0,0,0,0,0,0,0,0,0,0,0,0
"35053","5","5242","76","0","2016","3","N","Socorro County, New Mexico","Private","NAICS 5242 Insurance agencies and brokerages","County, NAICS 4-digit -- by ownership sector","All establishment sizes",5,0,0,0,0,0,0,0,"N",0.84,0,0,0,0,0,0,0,"N",0,0.0,0,0,0,0,0,0,0,0,0,0,0,0,0,0
"35053","5","5242","76","0","2016","4","N","Socorro County, New Mexico","Private","NAICS 5242 Insurance agencies and brokerages","County, NAICS 4-digit -- by ownership sector","All establishment sizes",4,0,0,0,0,0,0,0,"N",0.68,0,0,0,0,0,0,0,"N",-1,-20.0,0,0,0,0,0,0,0,0,0,0,0,0,0,0
"35053","5","52421","77","0","2016","1","N","Socorro County, New Mexico","Private","NAICS 52421 Insurance agencies and brokerages","County, NAICS 5-digit -- by ownership sector","All establishment sizes",5,0,0,0,0,0,0,0,"N",0.95,0,0,0,0,0,0,0,"N",0,0.0,0,0,0,0,0,0,0,0,0,0,0,0,0,0
"35053","5","52421","77","0","2016","2","N","Socorro County, New Mexico","Private","NAICS 52421 Insurance agencies and brokerages","County, NAICS 5-digit -- by ownership sector","All establishment sizes",5,0,0,0,0,0,0,0,"N",0.96,0,0,0,0,0,0,0,"N",0,0.0,0,0,0,0,0,0,0,0,0,0,0,0,0,0
"35053","5","52421","77","0","2016","3","N","Socorro County, New Mexico","Private","NAICS 52421 Insurance agencies and brokerages","County, NAICS 5-digit -- by ownership sector","All establishment sizes",5,0,0,0,0,0,0,0,"N",0.97,0,0,0,0,0,0,0,"N",0,0.0,0,0,0,0,0,0,0,0,0,0,0,0,0,0
"35053","5","52421","77","0","2016","4","N","Socorro County, New Mexico","Private","NAICS 52421 Insurance agencies and brokerages","County, NAICS 5-digit -- by ownership sector","All establishment sizes",4,0,0,0,0,0,0,0,"N",0.78,0,0,0,0,0,0,0,"N",-1,-20.0,0,0,0,0,0,0,0,0,0,0,0,0,0,0
"35053","5","524210","78","0","2016","1","N","Socorro County, New Mexico","Private","NAICS 524210 Insurance agencies and brokerages","County, NAICS 6-digit -- by ownership sector","All establishment sizes",5,0,0,0,0,0,0,0,"N",0.95,0,0,0,0,0,0,0,"N",0,0.0,0,0,0,0,0,0,0,0,0,0,0,0,0,0
"35053","5","524210","78","0","2016","2","N","Socorro County, New Mexico","Private","NAICS 524210 Insurance agencies and brokerages","County, NAICS 6-digit -- by ownership sector","All establishment sizes",5,0,0,0,0,0,0,0,"N",0.96,0,0,0,0,0,0,0,"N",0,0.0,0,0,0,0,0,0,0,0,0,0,0,0,0,0
"35053","5","524210","78","0","2016","3","N","Socorro County, New Mexico","Private","NAICS 524210 Insurance agencies and brokerages","County, NAICS 6-digit -- by ownership sector","All establishment sizes",5,0,0,0,0,0,0,0,"N",0.97,0,0,0,0,0,0,0,"N",0,0.0,0,0,0,0,0,0,0,0,0,0,0,0,0,0
"35053","5","524210","78","0","2016","4","N","Socorro County, New Mexico","Private","NAICS 524210 Insurance agencies and brokerages","County, NAICS 6-digit -- by ownership sector","All establishment sizes",4,0,0,0,0,0,0,0,"N",0.78,0,0,0,0,0,0,0,"N",-1,-20.0,0,0,0,0,0,0,0,0,0,0,0,0,0,0
"35053","5","53","74","0","2016","1","","Socorro County, New Mexico","Private","NAICS 53 Real estate and rental and leasing","County, NAICS Sector -- by ownership sector","All establishment sizes",9,22,25,24,121381,118769,6359,395,"",0.64,0.28,0.32,0.30,0.17,0.28,0.65,0.57,"",-1,-10.0,1,4.8,4,19.0,3,14.3,11049,10.0,10969,10.2,472,8.0,-9,-2.2
"35053","5","53","74","0","2016","2","","Socorro County, New Mexico","Private","NAICS 53 Real estate and rental and leasing","County, NAICS Sector -- by ownership sector","All establishment sizes",9,25,24,24,119144,107858,5807,377,"",0.65,0.31,0.30,0.29,0.16,0.36,0.85,0.55,"",1,12.5,5,25.0,4,20.0,3,14.3,396,0.3,3850,3.7,-5,-0.1,-72,-16.0
"35053","5","53","74","0","2016","3","","Socorro County, New Mexico","Private","NAICS 53 Real estate and rental and leasing","County, NAICS Sector -- by ownership sector","All establishment sizes",9,23,21,21,114851,84849,4543,408,"",0.66,0.29,0.26,0.26,0.16,0.39,0.91,0.58,"",1,12.5,0,0.0,-1,-4.5,1,5.0,-5604,-4.7,-1389,-1.6,-137,-2.9,-20,-4.7
"35053","5","53","74","0","2016","4","","Socorro County, New Mexico","Private","NAICS 53 Real estate and rental and leasing","County, NAICS Sector -- by ownership sector","All establishment sizes",11,25,24,23,134705,84991,3014,432,"",0.80,0.31,0.30,0.29,0.17,0.53,1.18,0.58,"",2,22.2,1,4.2,2,9.1,-1,-4.2,13787,11.4,26025,44.1,-28,-0.9,33,8.3
"35053","5","531","75","0","2016","1","N","Socorro County, New Mexico","Private","NAICS 531 Real estate","County, NAICS 3-digit -- by ownership sector","All establishment sizes",7,0,0,0,0,0,0,0,"N",0.59,0,0,0,0,0,0,0,"N",-1,-12.5,0,0,0,0,0,0,0,0,0,0,0,0,0,0
"35053","5","531","75","0","2016","2","N","Socorro County, New Mexico","Private","NAICS 531 Real estate","County, NAICS 3-digit -- by ownership sector","All establishment sizes",7,0,0,0,0,0,0,0,"N",0.60,0,0,0,0,0,0,0,"N",1,16.7,0,0,0,0,0,0,0,0,0,0,0,0,0,0
"35053","5","531","75","0","2016","3","N","Socorro County, New Mexico","Private","NAICS 531 Real estate","County, NAICS 3-digit -- by ownership sector","All establishment sizes",7,0,0,0,0,0,0,0,"N",0.60,0,0,0,0,0,0,0,"N",1,16.7,0,0,0,0,0,0,0,0,0,0,0,0,0,0
"35053","5","531","75","0","2016","4","N","Socorro County, New Mexico","Private","NAICS 531 Real estate","County, NAICS 3-digit -- by ownership sector","All establishment sizes",9,0,0,0,0,0,0,0,"N",0.77,0,0,0,0,0,0,0,"N",2,28.6,0,0,0,0,0,0,0,0,0,0,0,0,0,0
"35053","5","5311","76","0","2016","1","N","Socorro County, New Mexico","Private","NAICS 5311 Lessors of real estate","County, NAICS 4-digit -- by ownership sector","All establishment sizes",1,0,0,0,0,0,0,0,"N",0.24,0,0,0,0,0,0,0,"N",0,0.0,0,0,0,0,0,0,0,0,0,0,0,0,0,0
"35053","5","5311","76","0","2016","2","N","Socorro County, New Mexico","Private","NAICS 5311 Lessors of real estate","County, NAICS 4-digit -- by ownership sector","All establishment sizes",1,0,0,0,0,0,0,0,"N",0.25,0,0,0,0,0,0,0,"N",0,0.0,0,0,0,0,0,0,0,0,0,0,0,0,0,0
"35053","5","5311","76","0","2016","3","N","Socorro County, New Mexico","Private","NAICS 5311 Lessors of real estate","County, NAICS 4-digit -- by ownership sector","All establishment sizes",1,0,0,0,0,0,0,0,"N",0.25,0,0,0,0,0,0,0,"N",0,0.0,0,0,0,0,0,0,0,0,0,0,0,0,0,0
"35053","5","5311","76","0","2016","4","N","Socorro County, New Mexico","Private","NAICS 5311 Lessors of real estate","County, NAICS 4-digit -- by ownership sector","All establishment sizes",1,0,0,0,0,0,0,0,"N",0.25,0,0,0,0,0,0,0,"N",0,0.0,0,0,0,0,0,0,0,0,0,0,0,0,0,0
"35053","5","53111","77","0","2016","1","N","Socorro County, New Mexico","Private","NAICS 53111 Lessors of residential buildings","County, NAICS 5-digit -- by ownership sector","All establishment sizes",1,0,0,0,0,0,0,0,"N",0.44,0,0,0,0,0,0,0,"N",0,0.0,0,0,0,0,0,0,0,0,0,0,0,0,0,0
"35053","5","53111","77","0","2016","2","N","Socorro County, New Mexico","Private","NAICS 53111 Lessors of residential buildings","County, NAICS 5-digit -- by ownership sector","All establishment sizes",1,0,0,0,0,0,0,0,"N",0.45,0,0,0,0,0,0,0,"N",0,0.0,0,0,0,0,0,0,0,0,0,0,0,0,0,0
"35053","5","53111","77","0","2016","3","N","Socorro County, New Mexico","Private","NAICS 53111 Lessors of residential buildings","County, NAICS 5-digit -- by ownership sector","All establishment sizes",1,0,0,0,0,0,0,0,"N",0.45,0,0,0,0,0,0,0,"N",0,0.0,0,0,0,0,0,0,0,0,0,0,0,0,0,0
"35053","5","53111","77","0","2016","4","N","Socorro County, New Mexico","Private","NAICS 53111 Lessors of residential buildings","County, NAICS 5-digit -- by ownership sector","All establishment sizes",1,0,0,0,0,0,0,0,"N",0.46,0,0,0,0,0,0,0,"N",0,0.0,0,0,0,0,0,0,0,0,0,0,0,0,0,0
"35053","5","531110","78","0","2016","1","N","Socorro County, New Mexico","Private","NAICS 531110 Lessors of residential buildings","County, NAICS 6-digit -- by ownership sector","All establishment sizes",1,0,0,0,0,0,0,0,"N",0.44,0,0,0,0,0,0,0,"N",0,0.0,0,0,0,0,0,0,0,0,0,0,0,0,0,0
"35053","5","531110","78","0","2016","2","N","Socorro County, New Mexico","Private","NAICS 531110 Lessors of residential buildings","County, NAICS 6-digit -- by ownership sector","All establishment sizes",1,0,0,0,0,0,0,0,"N",0.45,0,0,0,0,0,0,0,"N",0,0.0,0,0,0,0,0,0,0,0,0,0,0,0,0,0
"35053","5","531110","78","0","2016","3","N","Socorro County, New Mexico","Private","NAICS 531110 Lessors of residential buildings","County, NAICS 6-digit -- by ownership sector","All establishment sizes",1,0,0,0,0,0,0,0,"N",0.45,0,0,0,0,0,0,0,"N",0,0.0,0,0,0,0,0,0,0,0,0,0,0,0,0,0
"35053","5","531110","78","0","2016","4","N","Socorro County, New Mexico","Private","NAICS 531110 Lessors of residential buildings","County, NAICS 6-digit -- by ownership sector","All establishment sizes",1,0,0,0,0,0,0,0,"N",0.46,0,0,0,0,0,0,0,"N",0,0.0,0,0,0,0,0,0,0,0,0,0,0,0,0,0
"35053","5","5312","76","0","2016","1","N","Socorro County, New Mexico","Private","NAICS 5312 Offices of real estate agents and brokers","County, NAICS 4-digit -- by ownership sector","All establishment sizes",2,0,0,0,0,0,0,0,"N",0.52,0,0,0,0,0,0,0,"N",0,0.0,0,0,0,0,0,0,0,0,0,0,0,0,0,0
"35053","5","5312","76","0","2016","2","N","Socorro County, New Mexico","Private","NAICS 5312 Offices of real estate agents and brokers","County, NAICS 4-digit -- by ownership sector","All establishment sizes",2,0,0,0,0,0,0,0,"N",0.52,0,0,0,0,0,0,0,"N",1,100.0,0,0,0,0,0,0,0,0,0,0,0,0,0,0
"35053","5","5312","76","0","2016","3","N","Socorro County, New Mexico","Private","NAICS 5312 Offices of real estate agents and brokers","County, NAICS 4-digit -- by ownership sector","All establishment sizes",2,0,0,0,0,0,0,0,"N",0.52,0,0,0,0,0,0,0,"N",1,100.0,0,0,0,0,0,0,0,0,0,0,0,0,0,0
"35053","5","5312","76","0","2016","4","","Socorro County, New Mexico","Private","NAICS 5312 Offices of real estate agents and brokers","County, NAICS 4-digit -- by ownership sector","All establishment sizes",4,3,3,4,14044,14044,152,324,"",1.03,0.26,0.26,0.34,0.09,0.49,0.38,0.33,"N",2,100.0,0,0,0,0,0,0,0,0,0,0,0,0,0,0
"35053","5","53121","77","0","2016","1","N","Socorro County, New Mexico","Private","NAICS 53121 Offices of real estate agents and brokers","County, NAICS 5-digit -- by ownership sector","All establishment sizes",2,0,0,0,0,0,0,0,"N",0.52,0,0,0,0,0,0,0,"N",0,0.0,0,0,0,0,0,0,0,0,0,0,0,0,0,0
"35053","5","53121","77","0","2016","2","N","Socorro County, New Mexico","Private","NAICS 53121 Offices of real estate agents and brokers","County, NAICS 5-digit -- by ownership sector","All establishment sizes",2,0,0,0,0,0,0,0,"N",0.52,0,0,0,0,0,0,0,"N",1,100.0,0,0,0,0,0,0,0,0,0,0,0,0,0,0
"35053","5","53121","77","0","2016","3","N","Socorro County, New Mexico","Private","NAICS 53121 Offices of real estate agents and brokers","County, NAICS 5-digit -- by ownership sector","All establishment sizes",2,0,0,0,0,0,0,0,"N",0.52,0,0,0,0,0,0,0,"N",1,100.0,0,0,0,0,0,0,0,0,0,0,0,0,0,0
"35053","5","53121","77","0","2016","4","","Socorro County, New Mexico","Private","NAICS 53121 Offices of real estate agents and brokers","County, NAICS 5-digit -- by ownership sector","All establishment sizes",4,3,3,4,14044,14044,152,324,"",1.03,0.26,0.26,0.34,0.09,0.49,0.38,0.33,"N",2,100.0,0,0,0,0,0,0,0,0,0,0,0,0,0,0
"35053","5","531210","78","0","2016","1","N","Socorro County, New Mexico","Private","NAICS 531210 Offices of real estate agents and brokers","County, NAICS 6-digit -- by ownership sector","All establishment sizes",2,0,0,0,0,0,0,0,"N",0.52,0,0,0,0,0,0,0,"N",0,0.0,0,0,0,0,0,0,0,0,0,0,0,0,0,0
"35053","5","531210","78","0","2016","2","N","Socorro County, New Mexico","Private","NAICS 531210 Offices of real estate agents and brokers","County, NAICS 6-digit -- by ownership sector","All establishment sizes",2,0,0,0,0,0,0,0,"N",0.52,0,0,0,0,0,0,0,"N",1,100.0,0,0,0,0,0,0,0,0,0,0,0,0,0,0
"35053","5","531210","78","0","2016","3","N","Socorro County, New Mexico","Private","NAICS 531210 Offices of real estate agents and brokers","County, NAICS 6-digit -- by ownership sector","All establishment sizes",2,0,0,0,0,0,0,0,"N",0.52,0,0,0,0,0,0,0,"N",1,100.0,0,0,0,0,0,0,0,0,0,0,0,0,0,0
"35053","5","531210","78","0","2016","4","","Socorro County, New Mexico","Private","NAICS 531210 Offices of real estate agents and brokers","County, NAICS 6-digit -- by ownership sector","All establishment sizes",4,3,3,4,14044,14044,152,324,"",1.03,0.26,0.26,0.34,0.09,0.49,0.38,0.33,"N",2,100.0,0,0,0,0,0,0,0,0,0,0,0,0,0,0
"35053","5","5313","76","0","2016","1","","Socorro County, New Mexico","Private","NAICS 5313 Activities related to real estate","County, NAICS 4-digit -- by ownership sector","All establishment sizes",4,12,12,11,59455,58589,3180,392,"",1.05,0.49,0.49,0.45,0.27,0.43,0.97,0.57,"",-1,-20.0,2,20.0,2,20.0,1,10.0,13325,28.9,12779,27.9,711,28.8,37,10.4
"35053","5","5313","76","0","2016","2","","Socorro County, New Mexico","Private","NAICS 5313 Activities related to real estate","County, NAICS 4-digit -- by ownership sector","All establishment sizes",4,12,12,12,61840,58258,3147,396,"",1.05,0.48,0.48,0.47,0.27,0.61,1.46,0.56,"",0,0.0,3,33.3,3,33.3,2,20.0,5885,10.5,5522,10.5,181,6.1,-65,-14.1
"35053","5","5313","76","0","2016","3","","Socorro County, New Mexico","Private","NAICS 5313 Activities related to real estate","County, NAICS 4-digit -- by ownership sector","All establishment sizes",4,11,10,10,57910,41027,2162,431,"",1.06,0.44,0.40,0.40,0.25,0.59,1.36,0.61,"",0,0.0,-1,-8.3,-1,-9.1,-1,-9.1,-7168,-11.0,-7220,-15.0,-419,-16.2,-11,-2.5
"35053","5","5313","76","0","2016","4","","Socorro County, New Mexico","Private","NAICS 5313 Activities related to real estate","County, NAICS 4-digit -- by ownership sector","All establishment sizes",4,12,12,10,71378,42498,1426,484,"",1.06,0.48,0.48,0.40,0.29,0.84,1.71,0.63,"",0,0.0,0,0.0,2,20.0,-2,-16.7,5317,8.0,8603,25.4,-405,-22.1,36,8.0
"35053","5","53131","77","0","2016","1","N","Socorro County, New Mexico","Private","NAICS 53131 Real estate property managers","County, NAICS 5-digit -- by ownership sector","All establishment sizes",3,0,0,0,0,0,0,0,"N",1.07,0,0,0,0,0,0,0,"N",-1,-25.0,0,0,0,0,0,0,0,0,0,0,0,0,0,0
"35053","5","53131","77","0","2016","2","N","Socorro County, New Mexico","Private","NAICS 53131 Real estate property managers","County, NAICS 5-digit -- by ownership sector","All establishment sizes",3,0,0,0,0,0,0,0,"N",1.08,0,0,0,0,0,0,0,"N",0,0.0,0,0,0,0,0,0,0,0,0,0,0,0,0,0
"35053","5","53131","77","0","2016","3","N","Socorro County, New Mexico","Private","NAICS 53131 Real estate property managers","County, NAICS 5-digit -- by ownership sector","All establishment sizes",3,0,0,0,0,0,0,0,"N",1.08,0,0,0,0,0,0,0,"N",0,0.0,0,0,0,0,0,0,0,0,0,0,0,0,0,0
"35053","5","53131","77","0","2016","4","N","Socorro County, New Mexico","Private","NAICS 53131 Real estate property managers","County, NAICS 5-digit -- by ownership sector","All establishment sizes",3,0,0,0,0,0,0,0,"N",1.09,0,0,0,0,0,0,0,"N",0,0.0,0,0,0,0,0,0,0,0,0,0,0,0,0,0
"35053","5","531311","78","0","2016","1","N","Socorro County, New Mexico","Private","NAICS 531311 Residential property managers","County, NAICS 6-digit -- by ownership sector","All establishment sizes",1,0,0,0,0,0,0,0,"N",0.49,0,0,0,0,0,0,0,"N",-1,-50.0,0,0,0,0,0,0,0,0,0,0,0,0,0,0
"35053","5","531311","78","0","2016","2","N","Socorro County, New Mexico","Private","NAICS 531311 Residential property managers","County, NAICS 6-digit -- by ownership sector","All establishment sizes",1,0,0,0,0,0,0,0,"N",0.49,0,0,0,0,0,0,0,"N",0,0.0,0,0,0,0,0,0,0,0,0,0,0,0,0,0
"35053","5","531311","78","0","2016","3","N","Socorro County, New Mexico","Private","NAICS 531311 Residential property managers","County, NAICS 6-digit -- by ownership sector","All establishment sizes",1,0,0,0,0,0,0,0,"N",0.49,0,0,0,0,0,0,0,"N",0,0.0,0,0,0,0,0,0,0,0,0,0,0,0,0,0
"35053","5","531311","78","0","2016","4","N","Socorro County, New Mexico","Private","NAICS 531311 Residential property managers","County, NAICS 6-digit -- by ownership sector","All establishment sizes",1,0,0,0,0,0,0,0,"N",0.50,0,0,0,0,0,0,0,"N",0,0.0,0,0,0,0,0,0,0,0,0,0,0,0,0,0
"35053","5","531312","78","0","2016","1","N","Socorro County, New Mexico","Private","NAICS 531312 Nonresidential property managers","County, NAICS 6-digit -- by ownership sector","All establishment sizes",2,0,0,0,0,0,0,0,"N",2.66,0,0,0,0,0,0,0,"N",0,0.0,0,0,0,0,0,0,0,0,0,0,0,0,0,0
"35053","5","531312","78","0","2016","2","N","Socorro County, New Mexico","Private","NAICS 531312 Nonresidential property managers","County, NAICS 6-digit -- by ownership sector","All establishment sizes",2,0,0,0,0,0,0,0,"N",2.68,0,0,0,0,0,0,0,"N",0,0.0,0,0,0,0,0,0,0,0,0,0,0,0,0,0
"35053","5","531312","78","0","2016","3","N","Socorro County, New Mexico","Private","NAICS 531312 Nonresidential property managers","County, NAICS 6-digit -- by ownership sector","All establishment sizes",2,0,0,0,0,0,0,0,"N",2.70,0,0,0,0,0,0,0,"N",0,0.0,0,0,0,0,0,0,0,0,0,0,0,0,0,0
"35053","5","531312","78","0","2016","4","N","Socorro County, New Mexico","Private","NAICS 531312 Nonresidential property managers","County, NAICS 6-digit -- by ownership sector","All establishment sizes",2,0,0,0,0,0,0,0,"N",2.72,0,0,0,0,0,0,0,"N",0,0.0,0,0,0,0,0,0,0,0,0,0,0,0,0,0
"35053","5","53139","77","0","2016","1","N","Socorro County, New Mexico","Private","NAICS 53139 Other activities related to real estate","County, NAICS 5-digit -- by ownership sector","All establishment sizes",1,0,0,0,0,0,0,0,"N",1.89,0,0,0,0,0,0,0,"N",0,0.0,0,0,0,0,0,0,0,0,0,0,0,0,0,0
"35053","5","53139","77","0","2016","2","N","Socorro County, New Mexico","Private","NAICS 53139 Other activities related to real estate","County, NAICS 5-digit -- by ownership sector","All establishment sizes",1,0,0,0,0,0,0,0,"N",1.89,0,0,0,0,0,0,0,"N",0,0.0,0,0,0,0,0,0,0,0,0,0,0,0,0,0
"35053","5","53139","77","0","2016","3","N","Socorro County, New Mexico","Private","NAICS 53139 Other activities related to real estate","County, NAICS 5-digit -- by ownership sector","All establishment sizes",1,0,0,0,0,0,0,0,"N",1.89,0,0,0,0,0,0,0,"N",0,0.0,0,0,0,0,0,0,0,0,0,0,0,0,0,0
"35053","5","53139","77","0","2016","4","N","Socorro County, New Mexico","Private","NAICS 53139 Other activities related to real estate","County, NAICS 5-digit -- by ownership sector","All establishment sizes",1,0,0,0,0,0,0,0,"N",1.86,0,0,0,0,0,0,0,"N",0,0.0,0,0,0,0,0,0,0,0,0,0,0,0,0,0
"35053","5","531390","78","0","2016","1","N","Socorro County, New Mexico","Private","NAICS 531390 Other activities related to real estate","County, NAICS 6-digit -- by ownership sector","All establishment sizes",1,0,0,0,0,0,0,0,"N",1.89,0,0,0,0,0,0,0,"N",0,0.0,0,0,0,0,0,0,0,0,0,0,0,0,0,0
"35053","5","531390","78","0","2016","2","N","Socorro County, New Mexico","Private","NAICS 531390 Other activities related to real estate","County, NAICS 6-digit -- by ownership sector","All establishment sizes",1,0,0,0,0,0,0,0,"N",1.89,0,0,0,0,0,0,0,"N",0,0.0,0,0,0,0,0,0,0,0,0,0,0,0,0,0
"35053","5","531390","78","0","2016","3","N","Socorro County, New Mexico","Private","NAICS 531390 Other activities related to real estate","County, NAICS 6-digit -- by ownership sector","All establishment sizes",1,0,0,0,0,0,0,0,"N",1.89,0,0,0,0,0,0,0,"N",0,0.0,0,0,0,0,0,0,0,0,0,0,0,0,0,0
"35053","5","531390","78","0","2016","4","N","Socorro County, New Mexico","Private","NAICS 531390 Other activities related to real estate","County, NAICS 6-digit -- by ownership sector","All establishment sizes",1,0,0,0,0,0,0,0,"N",1.86,0,0,0,0,0,0,0,"N",0,0.0,0,0,0,0,0,0,0,0,0,0,0,0,0,0
"35053","5","532","75","0","2016","1","N","Socorro County, New Mexico","Private","NAICS 532 Rental and leasing services","County, NAICS 3-digit -- by ownership sector","All establishment sizes",2,0,0,0,0,0,0,0,"N",0.98,0,0,0,0,0,0,0,"N",0,0.0,0,0,0,0,0,0,0,0,0,0,0,0,0,0
"35053","5","532","75","0","2016","2","N","Socorro County, New Mexico","Private","NAICS 532 Rental and leasing services","County, NAICS 3-digit -- by ownership sector","All establishment sizes",2,0,0,0,0,0,0,0,"N",0.99,0,0,0,0,0,0,0,"N",0,0.0,0,0,0,0,0,0,0,0,0,0,0,0,0,0
"35053","5","532","75","0","2016","3","N","Socorro County, New Mexico","Private","NAICS 532 Rental and leasing services","County, NAICS 3-digit -- by ownership sector","All establishment sizes",2,0,0,0,0,0,0,0,"N",1.00,0,0,0,0,0,0,0,"N",0,0.0,0,0,0,0,0,0,0,0,0,0,0,0,0,0
"35053","5","532","75","0","2016","4","N","Socorro County, New Mexico","Private","NAICS 532 Rental and leasing services","County, NAICS 3-digit -- by ownership sector","All establishment sizes",2,0,0,0,0,0,0,0,"N",1.02,0,0,0,0,0,0,0,"N",0,0.0,0,0,0,0,0,0,0,0,0,0,0,0,0,0
"35053","5","5322","76","0","2016","1","N","Socorro County, New Mexico","Private","NAICS 5322 Consumer goods rental","County, NAICS 4-digit -- by ownership sector","All establishment sizes",2,0,0,0,0,0,0,0,"N",2.67,0,0,0,0,0,0,0,"N",0,0.0,0,0,0,0,0,0,0,0,0,0,0,0,0,0
"35053","5","5322","76","0","2016","2","N","Socorro County, New Mexico","Private","NAICS 5322 Consumer goods rental","County, NAICS 4-digit -- by ownership sector","All establishment sizes",2,0,0,0,0,0,0,0,"N",2.70,0,0,0,0,0,0,0,"N",0,0.0,0,0,0,0,0,0,0,0,0,0,0,0,0,0
"35053","5","5322","76","0","2016","3","N","Socorro County, New Mexico","Private","NAICS 5322 Consumer goods rental","County, NAICS 4-digit -- by ownership sector","All establishment sizes",2,0,0,0,0,0,0,0,"N",2.75,0,0,0,0,0,0,0,"N",0,0.0,0,0,0,0,0,0,0,0,0,0,0,0,0,0
"35053","5","5322","76","0","2016","4","N","Socorro County, New Mexico","Private","NAICS 5322 Consumer goods rental","County, NAICS 4-digit -- by ownership sector","All establishment sizes",2,0,0,0,0,0,0,0,"N",2.82,0,0,0,0,0,0,0,"N",0,0.0,0,0,0,0,0,0,0,0,0,0,0,0,0,0
"35053","5","53221","77","0","2016","1","N","Socorro County, New Mexico","Private","NAICS 53221 Consumer electronics and appliances rental","County, NAICS 5-digit -- by ownership sector","All establishment sizes",2,0,0,0,0,0,0,0,"N",15.13,0,0,0,0,0,0,0,"N",0,0.0,0,0,0,0,0,0,0,0,0,0,0,0,0,0
"35053","5","53221","77","0","2016","2","N","Socorro County, New Mexico","Private","NAICS 53221 Consumer electronics and appliances rental","County, NAICS 5-digit -- by ownership sector","All establishment sizes",2,0,0,0,0,0,0,0,"N",15.28,0,0,0,0,0,0,0,"N",0,0.0,0,0,0,0,0,0,0,0,0,0,0,0,0,0
"35053","5","53221","77","0","2016","3","N","Socorro County, New Mexico","Private","NAICS 53221 Consumer electronics and appliances rental","County, NAICS 5-digit -- by ownership sector","All establishment sizes",2,0,0,0,0,0,0,0,"N",15.56,0,0,0,0,0,0,0,"N",0,0.0,0,0,0,0,0,0,0,0,0,0,0,0,0,0
"35053","5","53221","77","0","2016","4","N","Socorro County, New Mexico","Private","NAICS 53221 Consumer electronics and appliances rental","County, NAICS 5-digit -- by ownership sector","All establishment sizes",2,0,0,0,0,0,0,0,"N",15.86,0,0,0,0,0,0,0,"N",0,0.0,0,0,0,0,0,0,0,0,0,0,0,0,0,0
"35053","5","532210","78","0","2016","1","N","Socorro County, New Mexico","Private","NAICS 532210 Consumer electronics and appliances rental","County, NAICS 6-digit -- by ownership sector","All establishment sizes",2,0,0,0,0,0,0,0,"N",15.13,0,0,0,0,0,0,0,"N",0,0.0,0,0,0,0,0,0,0,0,0,0,0,0,0,0
"35053","5","532210","78","0","2016","2","N","Socorro County, New Mexico","Private","NAICS 532210 Consumer electronics and appliances rental","County, NAICS 6-digit -- by ownership sector","All establishment sizes",2,0,0,0,0,0,0,0,"N",15.28,0,0,0,0,0,0,0,"N",0,0.0,0,0,0,0,0,0,0,0,0,0,0,0,0,0
"35053","5","532210","78","0","2016","3","N","Socorro County, New Mexico","Private","NAICS 532210 Consumer electronics and appliances rental","County, NAICS 6-digit -- by ownership sector","All establishment sizes",2,0,0,0,0,0,0,0,"N",15.56,0,0,0,0,0,0,0,"N",0,0.0,0,0,0,0,0,0,0,0,0,0,0,0,0,0
"35053","5","532210","78","0","2016","4","N","Socorro County, New Mexico","Private","NAICS 532210 Consumer electronics and appliances rental","County, NAICS 6-digit -- by ownership sector","All establishment sizes",2,0,0,0,0,0,0,0,"N",15.86,0,0,0,0,0,0,0,"N",0,0.0,0,0,0,0,0,0,0,0,0,0,0,0,0,0
"35053","5","54","74","0","2016","1","","Socorro County, New Mexico","Private","NAICS 54 Professional and technical services","County, NAICS Sector -- by ownership sector","All establishment sizes",26,306,301,297,4566212,4290212,98246,1166,"",0.60,0.92,0.90,0.89,0.97,1.92,1.93,1.08,"",-2,-7.1,-3,-1.0,-11,-3.5,-13,-4.2,-224208,-4.7,-252567,-5.6,-8587,-8.0,-21,-1.8
"35053","5","54","74","0","2016","2","","Socorro County, New Mexico","Private","NAICS 54 Professional and technical services","County, NAICS Sector -- by ownership sector","All establishment sizes",25,298,297,298,4621924,1910682,41920,1194,"",0.58,0.88,0.90,0.89,0.91,1.71,1.73,1.02,"",-2,-7.4,-6,-2.0,-1,-0.3,0,0.0,39264,0.9,164740,9.4,1375,3.4,19,1.6
"35053","5","54","74","0","2016","3","","Socorro County, New Mexico","Private","NAICS 54 Professional and technical services","County, NAICS Sector -- by ownership sector","All establishment sizes",26,301,297,294,4799618,816278,17230,1242,"",0.61,0.92,0.90,0.89,0.96,1.08,0.97,1.07,"",-1,-3.7,7,2.4,0,0.0,-3,-1.0,35565,0.7,188823,30.1,3464,25.2,4,0.3
"35053","5","54","74","0","2016","4","","Socorro County, New Mexico","Private","NAICS 54 Professional and technical services","County, NAICS Sector -- by ownership sector","All establishment sizes",26,298,296,297,4825575,370785,3938,1250,"",0.61,0.90,0.89,0.89,0.89,0.65,0.41,0.99,"",0,0.0,-1,-0.3,-4,-1.3,-2,-0.7,-19675,-0.4,32616,9.6,-3780,-49.0,5,0.4
"35053","5","541","75","0","2016","1","","Socorro County, New Mexico","Private","NAICS 541 Professional and technical services","County, NAICS 3-digit -- by ownership sector","All establishment sizes",26,306,301,297,4566212,4290212,98246,1166,"",0.60,0.92,0.90,0.89,0.97,1.92,1.93,1.08,"",-2,-7.1,-3,-1.0,-11,-3.5,-13,-4.2,-224208,-4.7,-252567,-5.6,-8587,-8.0,-21,-1.8
"35053","5","541","75","0","2016","2","","Socorro County, New Mexico","Private","NAICS 541 Professional and technical services","County, NAICS 3-digit -- by ownership sector","All establishment sizes",25,298,297,298,4621924,1910682,41920,1194,"",0.58,0.88,0.90,0.89,0.91,1.71,1.73,1.02,"",-2,-7.4,-6,-2.0,-1,-0.3,0,0.0,39264,0.9,164740,9.4,1375,3.4,19,1.6
"35053","5","541","75","0","2016","3","","Socorro County, New Mexico","Private","NAICS 541 Professional and technical services","County, NAICS 3-digit -- by ownership sector","All establishment sizes",26,301,297,294,4799618,816278,17230,1242,"",0.61,0.92,0.90,0.89,0.96,1.08,0.97,1.07,"",-1,-3.7,7,2.4,0,0.0,-3,-1.0,35565,0.7,188823,30.1,3464,25.2,4,0.3
"35053","5","541","75","0","2016","4","","Socorro County, New Mexico","Private","NAICS 541 Professional and technical services","County, NAICS 3-digit -- by ownership sector","All establishment sizes",26,298,296,297,4825575,370785,3938,1250,"",0.61,0.90,0.89,0.89,0.89,0.65,0.41,0.99,"",0,0.0,-1,-0.3,-4,-1.3,-2,-0.7,-19675,-0.4,32616,9.6,-3780,-49.0,5,0.4
"35053","5","5411","76","0","2016","1","","Socorro County, New Mexico","Private","NAICS 5411 Legal services","County, NAICS 4-digit -- by ownership sector","All establishment sizes",6,14,13,14,115916,110016,2613,652,"",0.84,0.33,0.31,0.33,0.21,0.40,0.48,0.64,"",0,0.0,0,0.0,-3,-18.8,-2,-12.5,-9595,-7.6,-12463,-10.2,1434,121.6,22,3.5
"35053","5","5411","76","0","2016","2","","Socorro County, New Mexico","Private","NAICS 5411 Legal services","County, NAICS 4-digit -- by ownership sector","All establishment sizes",6,12,14,13,112205,57613,1030,664,"",0.85,0.28,0.33,0.30,0.18,0.41,0.39,0.59,"",0,0.0,-2,-14.3,2,16.7,0,0.0,28850,34.6,-1342,-2.3,-1000,-49.3,171,34.7
"35053","5","5411","76","0","2016","3","","Socorro County, New Mexico","Private","NAICS 5411 Legal services","County, NAICS 4-digit -- by ownership sector","All establishment sizes",6,13,12,12,129243,62015,967,806,"",0.87,0.31,0.29,0.28,0.21,0.70,0.56,0.72,"",0,0.0,3,30.0,2,20.0,0,0.0,45967,55.2,28162,83.2,-65,-6.3,205,34.1
"35053","5","5411","76","0","2016","4","","Socorro County, New Mexico","Private","NAICS 5411 Legal services","County, NAICS 4-digit -- by ownership sector","All establishment sizes",6,13,12,11,143302,20461,92,919,"",0.87,0.31,0.29,0.26,0.17,0.32,0.10,0.60,"",0,0.0,1,8.3,-1,-7.7,-1,-8.3,-23514,-14.1,-26547,-56.5,-995,-91.5,-121,-11.6
"35053","5","54111","77","0","2016","1","","Socorro County, New Mexico","Private","NAICS 54111 Offices of lawyers","County, NAICS 5-digit -- by ownership sector","All establishment sizes",6,14,13,14,115916,110016,2613,652,"",0.91,0.36,0.33,0.36,0.22,0.43,0.53,0.63,"",0,0.0,0,0.0,-3,-18.8,-2,-12.5,-9595,-7.6,-12463,-10.2,1434,121.6,22,3.5
"35053","5","54111","77","0","2016","2","","Socorro County, New Mexico","Private","NAICS 54111 Offices of lawyers","County, NAICS 5-digit -- by ownership sector","All establishment sizes",6,12,14,13,112205,57613,1030,664,"",0.92,0.30,0.36,0.32,0.19,0.45,0.44,0.58,"",0,0.0,-2,-14.3,2,16.7,0,0.0,28850,34.6,-1342,-2.3,-1000,-49.3,171,34.7
"35053","5","54111","77","0","2016","3","","Socorro County, New Mexico","Private","NAICS 54111 Offices of lawyers","County, NAICS 5-digit -- by ownership sector","All establishment sizes",6,13,12,12,129243,62015,967,806,"",0.93,0.33,0.31,0.31,0.22,0.79,0.65,0.70,"",0,0.0,3,30.0,2,20.0,0,0.0,45967,55.2,28162,83.2,-65,-6.3,205,34.1
"35053","5","54111","77","0","2016","4","","Socorro County, New Mexico","Private","NAICS 54111 Offices of lawyers","County, NAICS 5-digit -- by ownership sector","All establishment sizes",6,13,12,11,143302,20461,92,919,"",0.94,0.33,0.31,0.28,0.18,0.35,0.11,0.58,"",0,0.0,1,8.3,-1,-7.7,-1,-8.3,-23514,-14.1,-26547,-56.5,-995,-91.5,-121,-11.6
"35053","5","541110","78","0","2016","1","","Socorro County, New Mexico","Private","NAICS 541110 Offices of lawyers","County, NAICS 6-digit -- by ownership sector","All establishment sizes",6,14,13,14,115916,110016,2613,652,"",0.91,0.36,0.33,0.36,0.22,0.43,0.53,0.63,"",0,0.0,0,0.0,-3,-18.8,-2,-12.5,-9595,-7.6,-12463,-10.2,1434,121.6,22,3.5
"35053","5","541110","78","0","2016","2","","Socorro County, New Mexico","Private","NAICS 541110 Offices of lawyers","County, NAICS 6-digit -- by ownership sector","All establishment sizes",6,12,14,13,112205,57613,1030,664,"",0.92,0.30,0.36,0.32,0.19,0.45,0.44,0.58,"",0,0.0,-2,-14.3,2,16.7,0,0.0,28850,34.6,-1342,-2.3,-1000,-49.3,171,34.7
"35053","5","541110","78","0","2016","3","","Socorro County, New Mexico","Private","NAICS 541110 Offices of lawyers","County, NAICS 6-digit -- by ownership sector","All establishment sizes",6,13,12,12,129243,62015,967,806,"",0.93,0.33,0.31,0.31,0.22,0.79,0.65,0.70,"",0,0.0,3,30.0,2,20.0,0,0.0,45967,55.2,28162,83.2,-65,-6.3,205,34.1
"35053","5","541110","78","0","2016","4","","Socorro County, New Mexico","Private","NAICS 541110 Offices of lawyers","County, NAICS 6-digit -- by ownership sector","All establishment sizes",6,13,12,11,143302,20461,92,919,"",0.94,0.33,0.31,0.28,0.18,0.35,0.11,0.58,"",0,0.0,1,8.3,-1,-7.7,-1,-8.3,-23514,-14.1,-26547,-56.5,-995,-91.5,-121,-11.6
"35053","5","5412","76","0","2016","1","","Socorro County, New Mexico","Private","NAICS 5412 Accounting and bookkeeping services","County, NAICS 4-digit -- by ownership sector","All establishment sizes",3,13,14,14,102513,100613,2012,577,"",0.57,0.33,0.34,0.34,0.25,0.43,0.42,0.76,"",-1,-25.0,-5,-27.8,-6,-30.0,-3,-17.6,-18508,-15.3,-19808,-16.4,-239,-10.6,69,13.6
"35053","5","5412","76","0","2016","2","","Socorro County, New Mexico","Private","NAICS 5412 Accounting and bookkeeping services","County, NAICS 4-digit -- by ownership sector","All establishment sizes",3,14,10,9,111520,60220,1942,780,"",0.58,0.34,0.28,0.25,0.24,0.45,0.65,0.83,"",0,0.0,1,7.7,-1,-9.1,-2,-18.2,9396,9.2,8736,17.0,264,15.7,107,15.9
"35053","5","5412","76","0","2016","3","","Socorro County, New Mexico","Private","NAICS 5412 Accounting and bookkeeping services","County, NAICS 4-digit -- by ownership sector","All establishment sizes",3,11,9,9,83427,23941,1025,664,"",0.59,0.32,0.26,0.26,0.19,0.28,0.57,0.67,"",0,0.0,0,0.0,-3,-25.0,-2,-18.2,-2319,-2.7,-2617,-9.9,152,17.4,82,14.1
"35053","5","5412","76","0","2016","4","","Socorro County, New Mexico","Private","NAICS 5412 Accounting and bookkeeping services","County, NAICS 4-digit -- by ownership sector","All establishment sizes",3,9,9,10,97216,15509,448,801,"",0.59,0.26,0.25,0.27,0.21,0.24,0.43,0.80,"",0,0.0,-2,-18.2,-2,-18.2,-1,-9.1,18116,22.9,-4314,-21.8,-275,-38.0,248,44.8
"35053","5","54121","77","0","2016","1","","Socorro County, New Mexico","Private","NAICS 54121 Accounting and bookkeeping services","County, NAICS 5-digit -- by ownership sector","All establishment sizes",3,13,14,14,102513,100613,2012,577,"",0.57,0.33,0.34,0.34,0.25,0.43,0.42,0.76,"",-1,-25.0,-5,-27.8,-6,-30.0,-3,-17.6,-18508,-15.3,-19808,-16.4,-239,-10.6,69,13.6
"35053","5","54121","77","0","2016","2","","Socorro County, New Mexico","Private","NAICS 54121 Accounting and bookkeeping services","County, NAICS 5-digit -- by ownership sector","All establishment sizes",3,14,10,9,111520,60220,1942,780,"",0.58,0.34,0.28,0.25,0.24,0.45,0.65,0.83,"",0,0.0,1,7.7,-1,-9.1,-2,-18.2,9396,9.2,8736,17.0,264,15.7,107,15.9
"35053","5","54121","77","0","2016","3","","Socorro County, New Mexico","Private","NAICS 54121 Accounting and bookkeeping services","County, NAICS 5-digit -- by ownership sector","All establishment sizes",3,11,9,9,83427,23941,1025,664,"",0.59,0.32,0.26,0.26,0.19,0.28,0.57,0.67,"",0,0.0,0,0.0,-3,-25.0,-2,-18.2,-2319,-2.7,-2617,-9.9,152,17.4,82,14.1
"35053","5","54121","77","0","2016","4","","Socorro County, New Mexico","Private","NAICS 54121 Accounting and bookkeeping services","County, NAICS 5-digit -- by ownership sector","All establishment sizes",3,9,9,10,97216,15509,448,801,"",0.59,0.26,0.25,0.27,0.21,0.24,0.43,0.80,"",0,0.0,-2,-18.2,-2,-18.2,-1,-9.1,18116,22.9,-4314,-21.8,-275,-38.0,248,44.8
"35053","5","541211","78","0","2016","1","N","Socorro County, New Mexico","Private","NAICS 541211 Offices of certified public accountants","County, NAICS 6-digit -- by ownership sector","All establishment sizes",2,0,0,0,0,0,0,0,"N",0.98,0,0,0,0,0,0,0,"N",-1,-33.3,0,0,0,0,0,0,0,0,0,0,0,0,0,0
"35053","5","541211","78","0","2016","2","N","Socorro County, New Mexico","Private","NAICS 541211 Offices of certified public accountants","County, NAICS 6-digit -- by ownership sector","All establishment sizes",2,0,0,0,0,0,0,0,"N",0.99,0,0,0,0,0,0,0,"N",0,0.0,0,0,0,0,0,0,0,0,0,0,0,0,0,0
"35053","5","541211","78","0","2016","3","N","Socorro County, New Mexico","Private","NAICS 541211 Offices of certified public accountants","County, NAICS 6-digit -- by ownership sector","All establishment sizes",2,0,0,0,0,0,0,0,"N",1.01,0,0,0,0,0,0,0,"N",0,0.0,0,0,0,0,0,0,0,0,0,0,0,0,0,0
"35053","5","541211","78","0","2016","4","N","Socorro County, New Mexico","Private","NAICS 541211 Offices of certified public accountants","County, NAICS 6-digit -- by ownership sector","All establishment sizes",2,0,0,0,0,0,0,0,"N",1.02,0,0,0,0,0,0,0,"N",0,0.0,0,0,0,0,0,0,0,0,0,0,0,0,0,0
"35053","5","541219","78","0","2016","1","N","Socorro County, New Mexico","Private","NAICS 541219 Other accounting services","County, NAICS 6-digit -- by ownership sector","All establishment sizes",1,0,0,0,0,0,0,0,"N",0.58,0,0,0,0,0,0,0,"N",1,100.0,0,0,0,0,0,0,0,0,0,0,0,0,0,0
"35053","5","541219","78","0","2016","2","N","Socorro County, New Mexico","Private","NAICS 541219 Other accounting services","County, NAICS 6-digit -- by ownership sector","All establishment sizes",1,0,0,0,0,0,0,0,"N",0.59,0,0,0,0,0,0,0,"N",1,100.0,0,0,0,0,0,0,0,0,0,0,0,0,0,0
"35053","5","541219","78","0","2016","3","N","Socorro County, New Mexico","Private","NAICS 541219 Other accounting services","County, NAICS 6-digit -- by ownership sector","All establishment sizes",1,0,0,0,0,0,0,0,"N",0.59,0,0,0,0,0,0,0,"N",1,100.0,0,0,0,0,0,0,0,0,0,0,0,0,0,0
"35053","5","541219","78","0","2016","4","N","Socorro County, New Mexico","Private","NAICS 541219 Other accounting services","County, NAICS 6-digit -- by ownership sector","All establishment sizes",1,0,0,0,0,0,0,0,"N",0.60,0,0,0,0,0,0,0,"N",1,100.0,0,0,0,0,0,0,0,0,0,0,0,0,0,0
"35053","5","5413","76","0","2016","1","N","Socorro County, New Mexico","Private","NAICS 5413 Architectural and engineering services","County, NAICS 4-digit -- by ownership sector","All establishment sizes",4,0,0,0,0,0,0,0,"N",0.82,0,0,0,0,0,0,0,"N",0,0.0,0,0,0,0,0,0,0,0,0,0,0,0,0,0
"35053","5","5413","76","0","2016","2","N","Socorro County, New Mexico","Private","NAICS 5413 Architectural and engineering services","County, NAICS 4-digit -- by ownership sector","All establishment sizes",4,0,0,0,0,0,0,0,"N",0.83,0,0,0,0,0,0,0,"N",0,0.0,0,0,0,0,0,0,0,0,0,0,0,0,0,0
"35053","5","5413","76","0","2016","3","N","Socorro County, New Mexico","Private","NAICS 5413 Architectural and engineering services","County, NAICS 4-digit -- by ownership sector","All establishment sizes",4,0,0,0,0,0,0,0,"N",0.84,0,0,0,0,0,0,0,"N",0,0.0,0,0,0,0,0,0,0,0,0,0,0,0,0,0
"35053","5","5413","76","0","2016","4","N","Socorro County, New Mexico","Private","NAICS 5413 Architectural and engineering services","County, NAICS 4-digit -- by ownership sector","All establishment sizes",4,0,0,0,0,0,0,0,"N",0.84,0,0,0,0,0,0,0,"N",0,0.0,0,0,0,0,0,0,0,0,0,0,0,0,0,0
"35053","5","54133","77","0","2016","1","N","Socorro County, New Mexico","Private","NAICS 54133 Engineering services","County, NAICS 5-digit -- by ownership sector","All establishment sizes",4,0,0,0,0,0,0,0,"N",1.49,0,0,0,0,0,0,0,"N",0,0.0,0,0,0,0,0,0,0,0,0,0,0,0,0,0
"35053","5","54133","77","0","2016","2","N","Socorro County, New Mexico","Private","NAICS 54133 Engineering services","County, NAICS 5-digit -- by ownership sector","All establishment sizes",4,0,0,0,0,0,0,0,"N",1.50,0,0,0,0,0,0,0,"N",0,0.0,0,0,0,0,0,0,0,0,0,0,0,0,0,0
"35053","5","54133","77","0","2016","3","N","Socorro County, New Mexico","Private","NAICS 54133 Engineering services","County, NAICS 5-digit -- by ownership sector","All establishment sizes",4,0,0,0,0,0,0,0,"N",1.51,0,0,0,0,0,0,0,"N",0,0.0,0,0,0,0,0,0,0,0,0,0,0,0,0,0
"35053","5","54133","77","0","2016","4","N","Socorro County, New Mexico","Private","NAICS 54133 Engineering services","County, NAICS 5-digit -- by ownership sector","All establishment sizes",4,0,0,0,0,0,0,0,"N",1.52,0,0,0,0,0,0,0,"N",0,0.0,0,0,0,0,0,0,0,0,0,0,0,0,0,0
"35053","5","541330","78","0","2016","1","N","Socorro County, New Mexico","Private","NAICS 541330 Engineering services","County, NAICS 6-digit -- by ownership sector","All establishment sizes",4,0,0,0,0,0,0,0,"N",1.49,0,0,0,0,0,0,0,"N",0,0.0,0,0,0,0,0,0,0,0,0,0,0,0,0,0
"35053","5","541330","78","0","2016","2","N","Socorro County, New Mexico","Private","NAICS 541330 Engineering services","County, NAICS 6-digit -- by ownership sector","All establishment sizes",4,0,0,0,0,0,0,0,"N",1.50,0,0,0,0,0,0,0,"N",0,0.0,0,0,0,0,0,0,0,0,0,0,0,0,0,0
"35053","5","541330","78","0","2016","3","N","Socorro County, New Mexico","Private","NAICS 541330 Engineering services","County, NAICS 6-digit -- by ownership sector","All establishment sizes",4,0,0,0,0,0,0,0,"N",1.51,0,0,0,0,0,0,0,"N",0,0.0,0,0,0,0,0,0,0,0,0,0,0,0,0,0
"35053","5","541330","78","0","2016","4","N","Socorro County, New Mexico","Private","NAICS 541330 Engineering services","County, NAICS 6-digit -- by ownership sector","All establishment sizes",4,0,0,0,0,0,0,0,"N",1.52,0,0,0,0,0,0,0,"N",0,0.0,0,0,0,0,0,0,0,0,0,0,0,0,0,0
"35053","5","5415","76","0","2016","1","N","Socorro County, New Mexico","Private","NAICS 5415 Computer systems design and related services","County, NAICS 4-digit -- by ownership sector","All establishment sizes",2,0,0,0,0,0,0,0,"N",0.21,0,0,0,0,0,0,0,"N",-1,-33.3,0,0,0,0,0,0,0,0,0,0,0,0,0,0
"35053","5","5415","76","0","2016","2","N","Socorro County, New Mexico","Private","NAICS 5415 Computer systems design and related services","County, NAICS 4-digit -- by ownership sector","All establishment sizes",2,0,0,0,0,0,0,0,"N",0.22,0,0,0,0,0,0,0,"N",-1,-33.3,0,0,0,0,0,0,0,0,0,0,0,0,0,0
"35053","5","5415","76","0","2016","3","","Socorro County, New Mexico","Private","NAICS 5415 Computer systems design and related services","County, NAICS 4-digit -- by ownership sector","All establishment sizes",3,6,6,6,43351,37851,268,556,"",0.32,0.08,0.08,0.08,0.03,0.22,0.06,0.39,"N",0,0.0,0,0,0,0,0,0,0,0,0,0,0,0,0,0
"35053","5","5415","76","0","2016","4","N","Socorro County, New Mexico","Private","NAICS 5415 Computer systems design and related services","County, NAICS 4-digit -- by ownership sector","All establishment sizes",3,0,0,0,0,0,0,0,"N",0.33,0,0,0,0,0,0,0,"N",0,0.0,0,0,0,0,0,0,0,0,0,0,0,0,0,0
"35053","5","54151","77","0","2016","1","N","Socorro County, New Mexico","Private","NAICS 54151 Computer systems design and related services","County, NAICS 5-digit -- by ownership sector","All establishment sizes",2,0,0,0,0,0,0,0,"N",0.21,0,0,0,0,0,0,0,"N",-1,-33.3,0,0,0,0,0,0,0,0,0,0,0,0,0,0
"35053","5","54151","77","0","2016","2","N","Socorro County, New Mexico","Private","NAICS 54151 Computer systems design and related services","County, NAICS 5-digit -- by ownership sector","All establishment sizes",2,0,0,0,0,0,0,0,"N",0.22,0,0,0,0,0,0,0,"N",-1,-33.3,0,0,0,0,0,0,0,0,0,0,0,0,0,0
"35053","5","54151","77","0","2016","3","","Socorro County, New Mexico","Private","NAICS 54151 Computer systems design and related services","County, NAICS 5-digit -- by ownership sector","All establishment sizes",3,6,6,6,43351,37851,268,556,"",0.32,0.08,0.08,0.08,0.03,0.22,0.06,0.39,"N",0,0.0,0,0,0,0,0,0,0,0,0,0,0,0,0,0
"35053","5","54151","77","0","2016","4","N","Socorro County, New Mexico","Private","NAICS 54151 Computer systems design and related services","County, NAICS 5-digit -- by ownership sector","All establishment sizes",3,0,0,0,0,0,0,0,"N",0.33,0,0,0,0,0,0,0,"N",0,0.0,0,0,0,0,0,0,0,0,0,0,0,0,0,0
"35053","5","541511","78","0","2016","1","N","Socorro County, New Mexico","Private","NAICS 541511 Custom computer programming services","County, NAICS 6-digit -- by ownership sector","All establishment sizes",1,0,0,0,0,0,0,0,"N",0.24,0,0,0,0,0,0,0,"N",0,0.0,0,0,0,0,0,0,0,0,0,0,0,0,0,0
"35053","5","541511","78","0","2016","2","N","Socorro County, New Mexico","Private","NAICS 541511 Custom computer programming services","County, NAICS 6-digit -- by ownership sector","All establishment sizes",1,0,0,0,0,0,0,0,"N",0.24,0,0,0,0,0,0,0,"N",0,0.0,0,0,0,0,0,0,0,0,0,0,0,0,0,0
"35053","5","541511","78","0","2016","3","N","Socorro County, New Mexico","Private","NAICS 541511 Custom computer programming services","County, NAICS 6-digit -- by ownership sector","All establishment sizes",2,0,0,0,0,0,0,0,"N",0.49,0,0,0,0,0,0,0,"N",1,100.0,0,0,0,0,0,0,0,0,0,0,0,0,0,0
"35053","5","541511","78","0","2016","4","N","Socorro County, New Mexico","Private","NAICS 541511 Custom computer programming services","County, NAICS 6-digit -- by ownership sector","All establishment sizes",2,0,0,0,0,0,0,0,"N",0.49,0,0,0,0,0,0,0,"N",1,100.0,0,0,0,0,0,0,0,0,0,0,0,0,0,0
"35053","5","541512","78","0","2016","1","N","Socorro County, New Mexico","Private","NAICS 541512 Computer systems design services","County, NAICS 6-digit -- by ownership sector","All establishment sizes",1,0,0,0,0,0,0,0,"N",0.23,0,0,0,0,0,0,0,"N",0,0.0,0,0,0,0,0,0,0,0,0,0,0,0,0,0
"35053","5","541512","78","0","2016","2","N","Socorro County, New Mexico","Private","NAICS 541512 Computer systems design services","County, NAICS 6-digit -- by ownership sector","All establishment sizes",1,0,0,0,0,0,0,0,"N",0.23,0,0,0,0,0,0,0,"N",0,0.0,0,0,0,0,0,0,0,0,0,0,0,0,0,0
"35053","5","541512","78","0","2016","3","N","Socorro County, New Mexico","Private","NAICS 541512 Computer systems design services","County, NAICS 6-digit -- by ownership sector","All establishment sizes",1,0,0,0,0,0,0,0,"N",0.23,0,0,0,0,0,0,0,"N",0,0.0,0,0,0,0,0,0,0,0,0,0,0,0,0,0
"35053","5","541512","78","0","2016","4","N","Socorro County, New Mexico","Private","NAICS 541512 Computer systems design services","County, NAICS 6-digit -- by ownership sector","All establishment sizes",1,0,0,0,0,0,0,0,"N",0.23,0,0,0,0,0,0,0,"N",0,0.0,0,0,0,0,0,0,0,0,0,0,0,0,0,0
"35053","5","5416","76","0","2016","1","N","Socorro County, New Mexico","Private","NAICS 5416 Management and technical consulting services","County, NAICS 4-digit -- by ownership sector","All establishment sizes",2,0,0,0,0,0,0,0,"N",0.22,0,0,0,0,0,0,0,"N",0,0.0,0,0,0,0,0,0,0,0,0,0,0,0,0,0
"35053","5","5416","76","0","2016","2","N","Socorro County, New Mexico","Private","NAICS 5416 Management and technical consulting services","County, NAICS 4-digit -- by ownership sector","All establishment sizes",2,0,0,0,0,0,0,0,"N",0.22,0,0,0,0,0,0,0,"N",0,0.0,0,0,0,0,0,0,0,0,0,0,0,0,0,0
"35053","5","5416","76","0","2016","3","N","Socorro County, New Mexico","Private","NAICS 5416 Management and technical consulting services","County, NAICS 4-digit -- by ownership sector","All establishment sizes",2,0,0,0,0,0,0,0,"N",0.22,0,0,0,0,0,0,0,"N",0,0.0,0,0,0,0,0,0,0,0,0,0,0,0,0,0
"35053","5","5416","76","0","2016","4","N","Socorro County, New Mexico","Private","NAICS 5416 Management and technical consulting services","County, NAICS 4-digit -- by ownership sector","All establishment sizes",2,0,0,0,0,0,0,0,"N",0.22,0,0,0,0,0,0,0,"N",0,0.0,0,0,0,0,0,0,0,0,0,0,0,0,0,0
"35053","5","54161","77","0","2016","1","N","Socorro County, New Mexico","Private","NAICS 54161 Management consulting services","County, NAICS 5-digit -- by ownership sector","All establishment sizes",1,0,0,0,0,0,0,0,"N",0.14,0,0,0,0,0,0,0,"N",0,0.0,0,0,0,0,0,0,0,0,0,0,0,0,0,0
"35053","5","54161","77","0","2016","2","N","Socorro County, New Mexico","Private","NAICS 54161 Management consulting services","County, NAICS 5-digit -- by ownership sector","All establishment sizes",1,0,0,0,0,0,0,0,"N",0.14,0,0,0,0,0,0,0,"N",0,0.0,0,0,0,0,0,0,0,0,0,0,0,0,0,0
"35053","5","54161","77","0","2016","3","N","Socorro County, New Mexico","Private","NAICS 54161 Management consulting services","County, NAICS 5-digit -- by ownership sector","All establishment sizes",1,0,0,0,0,0,0,0,"N",0.14,0,0,0,0,0,0,0,"N",0,0.0,0,0,0,0,0,0,0,0,0,0,0,0,0,0
"35053","5","54161","77","0","2016","4","N","Socorro County, New Mexico","Private","NAICS 54161 Management consulting services","County, NAICS 5-digit -- by ownership sector","All establishment sizes",1,0,0,0,0,0,0,0,"N",0.14,0,0,0,0,0,0,0,"N",0,0.0,0,0,0,0,0,0,0,0,0,0,0,0,0,0
"35053","5","541618","78","0","2016","1","N","Socorro County, New Mexico","Private","NAICS 541618 Other management consulting services","County, NAICS 6-digit -- by ownership sector","All establishment sizes",1,0,0,0,0,0,0,0,"N",1.19,0,0,0,0,0,0,0,"N",0,0.0,0,0,0,0,0,0,0,0,0,0,0,0,0,0
"35053","5","541618","78","0","2016","2","N","Socorro County, New Mexico","Private","NAICS 541618 Other management consulting services","County, NAICS 6-digit -- by ownership sector","All establishment sizes",1,0,0,0,0,0,0,0,"N",1.20,0,0,0,0,0,0,0,"N",0,0.0,0,0,0,0,0,0,0,0,0,0,0,0,0,0
"35053","5","541618","78","0","2016","3","N","Socorro County, New Mexico","Private","NAICS 541618 Other management consulting services","County, NAICS 6-digit -- by ownership sector","All establishment sizes",1,0,0,0,0,0,0,0,"N",1.20,0,0,0,0,0,0,0,"N",0,0.0,0,0,0,0,0,0,0,0,0,0,0,0,0,0
"35053","5","541618","78","0","2016","4","N","Socorro County, New Mexico","Private","NAICS 541618 Other management consulting services","County, NAICS 6-digit -- by ownership sector","All establishment sizes",1,0,0,0,0,0,0,0,"N",1.19,0,0,0,0,0,0,0,"N",0,0.0,0,0,0,0,0,0,0,0,0,0,0,0,0,0
"35053","5","54169","77","0","2016","1","N","Socorro County, New Mexico","Private","NAICS 54169 Other technical consulting services","County, NAICS 5-digit -- by ownership sector","All establishment sizes",1,0,0,0,0,0,0,0,"N",0.57,0,0,0,0,0,0,0,"N",0,0.0,0,0,0,0,0,0,0,0,0,0,0,0,0,0
"35053","5","54169","77","0","2016","2","N","Socorro County, New Mexico","Private","NAICS 54169 Other technical consulting services","County, NAICS 5-digit -- by ownership sector","All establishment sizes",1,0,0,0,0,0,0,0,"N",0.58,0,0,0,0,0,0,0,"N",0,0.0,0,0,0,0,0,0,0,0,0,0,0,0,0,0
"35053","5","54169","77","0","2016","3","N","Socorro County, New Mexico","Private","NAICS 54169 Other technical consulting services","County, NAICS 5-digit -- by ownership sector","All establishment sizes",1,0,0,0,0,0,0,0,"N",0.59,0,0,0,0,0,0,0,"N",0,0.0,0,0,0,0,0,0,0,0,0,0,0,0,0,0
"35053","5","54169","77","0","2016","4","N","Socorro County, New Mexico","Private","NAICS 54169 Other technical consulting services","County, NAICS 5-digit -- by ownership sector","All establishment sizes",1,0,0,0,0,0,0,0,"N",0.59,0,0,0,0,0,0,0,"N",0,0.0,0,0,0,0,0,0,0,0,0,0,0,0,0,0
"35053","5","541690","78","0","2016","1","N","Socorro County, New Mexico","Private","NAICS 541690 Other technical consulting services","County, NAICS 6-digit -- by ownership sector","All establishment sizes",1,0,0,0,0,0,0,0,"N",0.57,0,0,0,0,0,0,0,"N",0,0.0,0,0,0,0,0,0,0,0,0,0,0,0,0,0
"35053","5","541690","78","0","2016","2","N","Socorro County, New Mexico","Private","NAICS 541690 Other technical consulting services","County, NAICS 6-digit -- by ownership sector","All establishment sizes",1,0,0,0,0,0,0,0,"N",0.58,0,0,0,0,0,0,0,"N",0,0.0,0,0,0,0,0,0,0,0,0,0,0,0,0,0
"35053","5","541690","78","0","2016","3","N","Socorro County, New Mexico","Private","NAICS 541690 Other technical consulting services","County, NAICS 6-digit -- by ownership sector","All establishment sizes",1,0,0,0,0,0,0,0,"N",0.59,0,0,0,0,0,0,0,"N",0,0.0,0,0,0,0,0,0,0,0,0,0,0,0,0,0
"35053","5","541690","78","0","2016","4","N","Socorro County, New Mexico","Private","NAICS 541690 Other technical consulting services","County, NAICS 6-digit -- by ownership sector","All establishment sizes",1,0,0,0,0,0,0,0,"N",0.59,0,0,0,0,0,0,0,"N",0,0.0,0,0,0,0,0,0,0,0,0,0,0,0,0,0
"35053","5","5417","76","0","2016","1","","Socorro County, New Mexico","Private","NAICS 5417 Scientific research and development services","County, NAICS 4-digit -- by ownership sector","All establishment sizes",7,250,243,237,4039935,3810637,92312,1277,"",6.67,9.91,9.57,9.28,7.37,21.68,22.35,0.77,"",1,16.7,1,0.4,-4,-1.6,-11,-4.4,-236109,-5.5,-235724,-5.8,-4772,-4.9,-49,-3.7
"35053","5","5417","76","0","2016","2","","Socorro County, New Mexico","Private","NAICS 5417 Scientific research and development services","County, NAICS 4-digit -- by ownership sector","All establishment sizes",6,239,240,243,4071934,1615670,38249,1301,"",5.72,9.26,9.37,9.24,7.44,28.56,32.25,0.80,"",0,0.0,-8,-3.2,-5,-2.0,-3,-1.2,-24958,-0.6,154560,10.6,3789,11.0,20,1.6
"35053","5","5417","76","0","2016","3","","Socorro County, New Mexico","Private","NAICS 5417 Scientific research and development services","County, NAICS 4-digit -- by ownership sector","All establishment sizes",6,245,245,245,4285717,624651,14668,1346,"",5.74,9.52,9.49,9.49,8.46,16.55,16.70,0.89,"",0,0.0,0,0.0,0,0.0,-3,-1.2,-17137,-0.4,149987,31.6,3773,34.6,1,0.1
"35053","5","5417","76","0","2016","4","","Socorro County, New Mexico","Private","NAICS 5417 Scientific research and development services","County, NAICS 4-digit -- by ownership sector","All establishment sizes",6,247,244,247,4279737,276164,3041,1338,"",5.80,9.63,9.52,9.59,8.29,10.42,6.75,0.87,"",0,0.0,6,2.5,2,0.8,1,0.4,61038,1.4,54502,24.6,-2568,-45.8,3,0.2
"35053","5","54171","77","0","2016","1","","Socorro County, New Mexico","Private","NAICS 54171 Research and development in the physical, engineering, and life sciences","County, NAICS 5-digit -- by ownership sector","All establishment sizes",7,250,243,237,4039935,3810637,92312,1277,"",7.83,10.86,10.50,10.19,7.75,22.95,23.56,0.74,"",1,16.7,1,0.4,-4,-1.6,-11,-4.4,-236109,-5.5,-235724,-5.8,-4772,-4.9,-49,-3.7
"35053","5","54171","77","0","2016","2","","Socorro County, New Mexico","Private","NAICS 54171 Research and development in the physical, engineering, and life sciences","County, NAICS 5-digit -- by ownership sector","All establishment sizes",6,239,240,243,4071934,1615670,38249,1301,"",6.70,10.17,10.28,10.14,7.86,30.88,35.30,0.77,"",0,0.0,-8,-3.2,-5,-2.0,-3,-1.2,-24958,-0.6,154560,10.6,3789,11.0,20,1.6
"35053","5","54171","77","0","2016","3","","Socorro County, New Mexico","Private","NAICS 54171 Research and development in the physical, engineering, and life sciences","County, NAICS 5-digit -- by ownership sector","All establishment sizes",6,245,245,245,4285717,624651,14668,1346,"",6.71,10.44,10.42,10.41,8.96,18.09,18.37,0.86,"",0,0.0,0,0.0,0,0.0,-3,-1.2,-17137,-0.4,149987,31.6,3773,34.6,1,0.1
"35053","5","54171","77","0","2016","4","","Socorro County, New Mexico","Private","NAICS 54171 Research and development in the physical, engineering, and life sciences","County, NAICS 5-digit -- by ownership sector","All establishment sizes",6,247,244,247,4279737,276164,3041,1338,"",6.79,10.56,10.45,10.54,8.77,11.44,7.45,0.83,"",0,0.0,6,2.5,2,0.8,1,0.4,61038,1.4,54502,24.6,-2568,-45.8,3,0.2
"35053","5","541711","78","0","2016","1","N","Socorro County, New Mexico","Private","NAICS12 541711 Research and development in biotechnology","County, NAICS 6-digit -- by ownership sector","All establishment sizes",1,0,0,0,0,0,0,0,"N",3.34,0,0,0,0,0,0,0,"N",1,100.0,0,0,0,0,0,0,0,0,0,0,0,0,0,0
"35053","5","541711","78","0","2016","2","N","Socorro County, New Mexico","Private","NAICS12 541711 Research and development in biotechnology","County, NAICS 6-digit -- by ownership sector","All establishment sizes",1,0,0,0,0,0,0,0,"N",3.30,0,0,0,0,0,0,0,"N",1,100.0,0,0,0,0,0,0,0,0,0,0,0,0,0,0
"35053","5","541711","78","0","2016","3","N","Socorro County, New Mexico","Private","NAICS12 541711 Research and development in biotechnology","County, NAICS 6-digit -- by ownership sector","All establishment sizes",1,0,0,0,0,0,0,0,"N",3.29,0,0,0,0,0,0,0,"N",1,100.0,0,0,0,0,0,0,0,0,0,0,0,0,0,0
"35053","5","541711","78","0","2016","4","N","Socorro County, New Mexico","Private","NAICS12 541711 Research and development in biotechnology","County, NAICS 6-digit -- by ownership sector","All establishment sizes",1,0,0,0,0,0,0,0,"N",3.29,0,0,0,0,0,0,0,"N",1,100.0,0,0,0,0,0,0,0,0,0,0,0,0,0,0
"35053","5","541712","78","0","2016","1","N","Socorro County, New Mexico","Private","NAICS12 541712 Other physical and biological research","County, NAICS 6-digit -- by ownership sector","All establishment sizes",6,0,0,0,0,0,0,0,"N",10.08,0,0,0,0,0,0,0,"N",0,0.0,0,0,0,0,0,0,0,0,0,0,0,0,0,0
"35053","5","541712","78","0","2016","2","N","Socorro County, New Mexico","Private","NAICS12 541712 Other physical and biological research","County, NAICS 6-digit -- by ownership sector","All establishment sizes",5,0,0,0,0,0,0,0,"N",8.44,0,0,0,0,0,0,0,"N",-1,-16.7,0,0,0,0,0,0,0,0,0,0,0,0,0,0
"35053","5","541712","78","0","2016","3","N","Socorro County, New Mexico","Private","NAICS12 541712 Other physical and biological research","County, NAICS 6-digit -- by ownership sector","All establishment sizes",5,0,0,0,0,0,0,0,"N",8.48,0,0,0,0,0,0,0,"N",-1,-16.7,0,0,0,0,0,0,0,0,0,0,0,0,0,0
"35053","5","541712","78","0","2016","4","N","Socorro County, New Mexico","Private","NAICS12 541712 Other physical and biological research","County, NAICS 6-digit -- by ownership sector","All establishment sizes",5,0,0,0,0,0,0,0,"N",8.63,0,0,0,0,0,0,0,"N",-1,-16.7,0,0,0,0,0,0,0,0,0,0,0,0,0,0
"35053","5","5419","76","0","2016","1","N","Socorro County, New Mexico","Private","NAICS 5419 Other professional and technical services","County, NAICS 4-digit -- by ownership sector","All establishment sizes",2,0,0,0,0,0,0,0,"N",0.61,0,0,0,0,0,0,0,"N",-1,-33.3,0,0,0,0,0,0,0,0,0,0,0,0,0,0
"35053","5","5419","76","0","2016","2","N","Socorro County, New Mexico","Private","NAICS 5419 Other professional and technical services","County, NAICS 4-digit -- by ownership sector","All establishment sizes",2,0,0,0,0,0,0,0,"N",0.61,0,0,0,0,0,0,0,"N",-1,-33.3,0,0,0,0,0,0,0,0,0,0,0,0,0,0
"35053","5","5419","76","0","2016","3","N","Socorro County, New Mexico","Private","NAICS 5419 Other professional and technical services","County, NAICS 4-digit -- by ownership sector","All establishment sizes",2,0,0,0,0,0,0,0,"N",0.61,0,0,0,0,0,0,0,"N",-1,-33.3,0,0,0,0,0,0,0,0,0,0,0,0,0,0
"35053","5","5419","76","0","2016","4","N","Socorro County, New Mexico","Private","NAICS 5419 Other professional and technical services","County, NAICS 4-digit -- by ownership sector","All establishment sizes",2,0,0,0,0,0,0,0,"N",0.61,0,0,0,0,0,0,0,"N",0,0.0,0,0,0,0,0,0,0,0,0,0,0,0,0,0
"35053","5","54194","77","0","2016","1","N","Socorro County, New Mexico","Private","NAICS 54194 Veterinary services","County, NAICS 5-digit -- by ownership sector","All establishment sizes",2,0,0,0,0,0,0,0,"N",1.75,0,0,0,0,0,0,0,"N",0,0.0,0,0,0,0,0,0,0,0,0,0,0,0,0,0
"35053","5","54194","77","0","2016","2","N","Socorro County, New Mexico","Private","NAICS 54194 Veterinary services","County, NAICS 5-digit -- by ownership sector","All establishment sizes",2,0,0,0,0,0,0,0,"N",1.77,0,0,0,0,0,0,0,"N",0,0.0,0,0,0,0,0,0,0,0,0,0,0,0,0,0
"35053","5","54194","77","0","2016","3","N","Socorro County, New Mexico","Private","NAICS 54194 Veterinary services","County, NAICS 5-digit -- by ownership sector","All establishment sizes",2,0,0,0,0,0,0,0,"N",1.79,0,0,0,0,0,0,0,"N",0,0.0,0,0,0,0,0,0,0,0,0,0,0,0,0,0
"35053","5","54194","77","0","2016","4","N","Socorro County, New Mexico","Private","NAICS 54194 Veterinary services","County, NAICS 5-digit -- by ownership sector","All establishment sizes",2,0,0,0,0,0,0,0,"N",1.81,0,0,0,0,0,0,0,"N",0,0.0,0,0,0,0,0,0,0,0,0,0,0,0,0,0
"35053","5","541940","78","0","2016","1","N","Socorro County, New Mexico","Private","NAICS 541940 Veterinary services","County, NAICS 6-digit -- by ownership sector","All establishment sizes",2,0,0,0,0,0,0,0,"N",1.75,0,0,0,0,0,0,0,"N",0,0.0,0,0,0,0,0,0,0,0,0,0,0,0,0,0
"35053","5","541940","78","0","2016","2","N","Socorro County, New Mexico","Private","NAICS 541940 Veterinary services","County, NAICS 6-digit -- by ownership sector","All establishment sizes",2,0,0,0,0,0,0,0,"N",1.77,0,0,0,0,0,0,0,"N",0,0.0,0,0,0,0,0,0,0,0,0,0,0,0,0,0
"35053","5","541940","78","0","2016","3","N","Socorro County, New Mexico","Private","NAICS 541940 Veterinary services","County, NAICS 6-digit -- by ownership sector","All establishment sizes",2,0,0,0,0,0,0,0,"N",1.79,0,0,0,0,0,0,0,"N",0,0.0,0,0,0,0,0,0,0,0,0,0,0,0,0,0
"35053","5","541940","78","0","2016","4","N","Socorro County, New Mexico","Private","NAICS 541940 Veterinary services","County, NAICS 6-digit -- by ownership sector","All establishment sizes",2,0,0,0,0,0,0,0,"N",1.81,0,0,0,0,0,0,0,"N",0,0.0,0,0,0,0,0,0,0,0,0,0,0,0,0,0
"35053","5","55","74","0","2016","1","N","Socorro County, New Mexico","Private","NAICS 55 Management of companies and enterprises","County, NAICS Sector -- by ownership sector","All establishment sizes",2,0,0,0,0,0,0,0,"N",0.85,0,0,0,0,0,0,0,"N",0,0.0,0,0,0,0,0,0,0,0,0,0,0,0,0,0
"35053","5","55","74","0","2016","2","N","Socorro County, New Mexico","Private","NAICS 55 Management of companies and enterprises","County, NAICS Sector -- by ownership sector","All establishment sizes",2,0,0,0,0,0,0,0,"N",0.86,0,0,0,0,0,0,0,"N",0,0.0,0,0,0,0,0,0,0,0,0,0,0,0,0,0
"35053","5","55","74","0","2016","3","N","Socorro County, New Mexico","Private","NAICS 55 Management of companies and enterprises","County, NAICS Sector -- by ownership sector","All establishment sizes",2,0,0,0,0,0,0,0,"N",0.87,0,0,0,0,0,0,0,"N",0,0.0,0,0,0,0,0,0,0,0,0,0,0,0,0,0
"35053","5","55","74","0","2016","4","N","Socorro County, New Mexico","Private","NAICS 55 Management of companies and enterprises","County, NAICS Sector -- by ownership sector","All establishment sizes",2,0,0,0,0,0,0,0,"N",0.88,0,0,0,0,0,0,0,"N",0,0.0,0,0,0,0,0,0,0,0,0,0,0,0,0,0
"35053","5","551","75","0","2016","1","N","Socorro County, New Mexico","Private","NAICS 551 Management of companies and enterprises","County, NAICS 3-digit -- by ownership sector","All establishment sizes",2,0,0,0,0,0,0,0,"N",0.85,0,0,0,0,0,0,0,"N",0,0.0,0,0,0,0,0,0,0,0,0,0,0,0,0,0
"35053","5","551","75","0","2016","2","N","Socorro County, New Mexico","Private","NAICS 551 Management of companies and enterprises","County, NAICS 3-digit -- by ownership sector","All establishment sizes",2,0,0,0,0,0,0,0,"N",0.86,0,0,0,0,0,0,0,"N",0,0.0,0,0,0,0,0,0,0,0,0,0,0,0,0,0
"35053","5","551","75","0","2016","3","N","Socorro County, New Mexico","Private","NAICS 551 Management of companies and enterprises","County, NAICS 3-digit -- by ownership sector","All establishment sizes",2,0,0,0,0,0,0,0,"N",0.87,0,0,0,0,0,0,0,"N",0,0.0,0,0,0,0,0,0,0,0,0,0,0,0,0,0
"35053","5","551","75","0","2016","4","N","Socorro County, New Mexico","Private","NAICS 551 Management of companies and enterprises","County, NAICS 3-digit -- by ownership sector","All establishment sizes",2,0,0,0,0,0,0,0,"N",0.88,0,0,0,0,0,0,0,"N",0,0.0,0,0,0,0,0,0,0,0,0,0,0,0,0,0
"35053","5","5511","76","0","2016","1","N","Socorro County, New Mexico","Private","NAICS 5511 Management of companies and enterprises","County, NAICS 4-digit -- by ownership sector","All establishment sizes",2,0,0,0,0,0,0,0,"N",0.85,0,0,0,0,0,0,0,"N",0,0.0,0,0,0,0,0,0,0,0,0,0,0,0,0,0
"35053","5","5511","76","0","2016","2","N","Socorro County, New Mexico","Private","NAICS 5511 Management of companies and enterprises","County, NAICS 4-digit -- by ownership sector","All establishment sizes",2,0,0,0,0,0,0,0,"N",0.86,0,0,0,0,0,0,0,"N",0,0.0,0,0,0,0,0,0,0,0,0,0,0,0,0,0
"35053","5","5511","76","0","2016","3","N","Socorro County, New Mexico","Private","NAICS 5511 Management of companies and enterprises","County, NAICS 4-digit -- by ownership sector","All establishment sizes",2,0,0,0,0,0,0,0,"N",0.87,0,0,0,0,0,0,0,"N",0,0.0,0,0,0,0,0,0,0,0,0,0,0,0,0,0
"35053","5","5511","76","0","2016","4","N","Socorro County, New Mexico","Private","NAICS 5511 Management of companies and enterprises","County, NAICS 4-digit -- by ownership sector","All establishment sizes",2,0,0,0,0,0,0,0,"N",0.88,0,0,0,0,0,0,0,"N",0,0.0,0,0,0,0,0,0,0,0,0,0,0,0,0,0
"35053","5","55111","77","0","2016","1","N","Socorro County, New Mexico","Private","NAICS 55111 Management of companies and enterprises","County, NAICS 5-digit -- by ownership sector","All establishment sizes",2,0,0,0,0,0,0,0,"N",0.85,0,0,0,0,0,0,0,"N",0,0.0,0,0,0,0,0,0,0,0,0,0,0,0,0,0
"35053","5","55111","77","0","2016","2","N","Socorro County, New Mexico","Private","NAICS 55111 Management of companies and enterprises","County, NAICS 5-digit -- by ownership sector","All establishment sizes",2,0,0,0,0,0,0,0,"N",0.86,0,0,0,0,0,0,0,"N",0,0.0,0,0,0,0,0,0,0,0,0,0,0,0,0,0
"35053","5","55111","77","0","2016","3","N","Socorro County, New Mexico","Private","NAICS 55111 Management of companies and enterprises","County, NAICS 5-digit -- by ownership sector","All establishment sizes",2,0,0,0,0,0,0,0,"N",0.87,0,0,0,0,0,0,0,"N",0,0.0,0,0,0,0,0,0,0,0,0,0,0,0,0,0
"35053","5","55111","77","0","2016","4","N","Socorro County, New Mexico","Private","NAICS 55111 Management of companies and enterprises","County, NAICS 5-digit -- by ownership sector","All establishment sizes",2,0,0,0,0,0,0,0,"N",0.88,0,0,0,0,0,0,0,"N",0,0.0,0,0,0,0,0,0,0,0,0,0,0,0,0,0
"35053","5","551111","78","0","2016","1","N","Socorro County, New Mexico","Private","NAICS 551111 Offices of bank holding companies","County, NAICS 6-digit -- by ownership sector","All establishment sizes",1,0,0,0,0,0,0,0,"N",25.55,0,0,0,0,0,0,0,"N",0,0.0,0,0,0,0,0,0,0,0,0,0,0,0,0,0
"35053","5","551111","78","0","2016","2","N","Socorro County, New Mexico","Private","NAICS 551111 Offices of bank holding companies","County, NAICS 6-digit -- by ownership sector","All establishment sizes",1,0,0,0,0,0,0,0,"N",25.94,0,0,0,0,0,0,0,"N",0,0.0,0,0,0,0,0,0,0,0,0,0,0,0,0,0
"35053","5","551111","78","0","2016","3","N","Socorro County, New Mexico","Private","NAICS 551111 Offices of bank holding companies","County, NAICS 6-digit -- by ownership sector","All establishment sizes",1,0,0,0,0,0,0,0,"N",27.00,0,0,0,0,0,0,0,"N",0,0.0,0,0,0,0,0,0,0,0,0,0,0,0,0,0
"35053","5","551111","78","0","2016","4","N","Socorro County, New Mexico","Private","NAICS 551111 Offices of bank holding companies","County, NAICS 6-digit -- by ownership sector","All establishment sizes",1,0,0,0,0,0,0,0,"N",26.77,0,0,0,0,0,0,0,"N",0,0.0,0,0,0,0,0,0,0,0,0,0,0,0,0,0
"35053","5","551114","78","0","2016","1","N","Socorro County, New Mexico","Private","NAICS 551114 Managing offices","County, NAICS 6-digit -- by ownership sector","All establishment sizes",1,0,0,0,0,0,0,0,"N",0.50,0,0,0,0,0,0,0,"N",0,0.0,0,0,0,0,0,0,0,0,0,0,0,0,0,0
"35053","5","551114","78","0","2016","2","N","Socorro County, New Mexico","Private","NAICS 551114 Managing offices","County, NAICS 6-digit -- by ownership sector","All establishment sizes",1,0,0,0,0,0,0,0,"N",0.51,0,0,0,0,0,0,0,"N",0,0.0,0,0,0,0,0,0,0,0,0,0,0,0,0,0
"35053","5","551114","78","0","2016","3","N","Socorro County, New Mexico","Private","NAICS 551114 Managing offices","County, NAICS 6-digit -- by ownership sector","All establishment sizes",1,0,0,0,0,0,0,0,"N",0.51,0,0,0,0,0,0,0,"N",0,0.0,0,0,0,0,0,0,0,0,0,0,0,0,0,0
"35053","5","551114","78","0","2016","4","N","Socorro County, New Mexico","Private","NAICS 551114 Managing offices","County, NAICS 6-digit -- by ownership sector","All establishment sizes",1,0,0,0,0,0,0,0,"N",0.52,0,0,0,0,0,0,0,"N",0,0.0,0,0,0,0,0,0,0,0,0,0,0,0,0,0
"35053","5","56","74","0","2016","1","N","Socorro County, New Mexico","Private","NAICS 56 Administrative and waste services","County, NAICS Sector -- by ownership sector","All establishment sizes",6,0,0,0,0,0,0,0,"N",0.31,0,0,0,0,0,0,0,"N",-1,-14.3,0,0,0,0,0,0,0,0,0,0,0,0,0,0
"35053","5","56","74","0","2016","2","N","Socorro County, New Mexico","Private","NAICS 56 Administrative and waste services","County, NAICS Sector -- by ownership sector","All establishment sizes",5,0,0,0,0,0,0,0,"N",0.26,0,0,0,0,0,0,0,"N",-2,-28.6,0,0,0,0,0,0,0,0,0,0,0,0,0,0
"35053","5","56","74","0","2016","3","N","Socorro County, New Mexico","Private","NAICS 56 Administrative and waste services","County, NAICS Sector -- by ownership sector","All establishment sizes",4,0,0,0,0,0,0,0,"N",0.21,0,0,0,0,0,0,0,"N",-2,-33.3,0,0,0,0,0,0,0,0,0,0,0,0,0,0
"35053","5","56","74","0","2016","4","N","Socorro County, New Mexico","Private","NAICS 56 Administrative and waste services","County, NAICS Sector -- by ownership sector","All establishment sizes",4,0,0,0,0,0,0,0,"N",0.21,0,0,0,0,0,0,0,"N",-2,-33.3,0,0,0,0,0,0,0,0,0,0,0,0,0,0
"35053","5","561","75","0","2016","1","N","Socorro County, New Mexico","Private","NAICS 561 Administrative and support services","County, NAICS 3-digit -- by ownership sector","All establishment sizes",6,0,0,0,0,0,0,0,"N",0.33,0,0,0,0,0,0,0,"N",-1,-14.3,0,0,0,0,0,0,0,0,0,0,0,0,0,0
"35053","5","561","75","0","2016","2","N","Socorro County, New Mexico","Private","NAICS 561 Administrative and support services","County, NAICS 3-digit -- by ownership sector","All establishment sizes",5,0,0,0,0,0,0,0,"N",0.27,0,0,0,0,0,0,0,"N",-2,-28.6,0,0,0,0,0,0,0,0,0,0,0,0,0,0
"35053","5","561","75","0","2016","3","N","Socorro County, New Mexico","Private","NAICS 561 Administrative and support services","County, NAICS 3-digit -- by ownership sector","All establishment sizes",4,0,0,0,0,0,0,0,"N",0.22,0,0,0,0,0,0,0,"N",-2,-33.3,0,0,0,0,0,0,0,0,0,0,0,0,0,0
"35053","5","561","75","0","2016","4","N","Socorro County, New Mexico","Private","NAICS 561 Administrative and support services","County, NAICS 3-digit -- by ownership sector","All establishment sizes",4,0,0,0,0,0,0,0,"N",0.22,0,0,0,0,0,0,0,"N",-2,-33.3,0,0,0,0,0,0,0,0,0,0,0,0,0,0
"35053","5","5612","76","0","2016","1","N","Socorro County, New Mexico","Private","NAICS 5612 Facilities support services","County, NAICS 4-digit -- by ownership sector","All establishment sizes",2,0,0,0,0,0,0,0,"N",10.09,0,0,0,0,0,0,0,"N",0,0.0,0,0,0,0,0,0,0,0,0,0,0,0,0,0
"35053","5","5612","76","0","2016","2","N","Socorro County, New Mexico","Private","NAICS 5612 Facilities support services","County, NAICS 4-digit -- by ownership sector","All establishment sizes",2,0,0,0,0,0,0,0,"N",10.06,0,0,0,0,0,0,0,"N",0,0.0,0,0,0,0,0,0,0,0,0,0,0,0,0,0
"35053","5","5612","76","0","2016","3","N","Socorro County, New Mexico","Private","NAICS 5612 Facilities support services","County, NAICS 4-digit -- by ownership sector","All establishment sizes",1,0,0,0,0,0,0,0,"N",5.01,0,0,0,0,0,0,0,"N",-1,-50.0,0,0,0,0,0,0,0,0,0,0,0,0,0,0
"35053","5","5612","76","0","2016","4","N","Socorro County, New Mexico","Private","NAICS 5612 Facilities support services","County, NAICS 4-digit -- by ownership sector","All establishment sizes",1,0,0,0,0,0,0,0,"N",5.07,0,0,0,0,0,0,0,"N",-1,-50.0,0,0,0,0,0,0,0,0,0,0,0,0,0,0
"35053","5","56121","77","0","2016","1","N","Socorro County, New Mexico","Private","NAICS 56121 Facilities support services","County, NAICS 5-digit -- by ownership sector","All establishment sizes",2,0,0,0,0,0,0,0,"N",10.09,0,0,0,0,0,0,0,"N",0,0.0,0,0,0,0,0,0,0,0,0,0,0,0,0,0
"35053","5","56121","77","0","2016","2","N","Socorro County, New Mexico","Private","NAICS 56121 Facilities support services","County, NAICS 5-digit -- by ownership sector","All establishment sizes",2,0,0,0,0,0,0,0,"N",10.06,0,0,0,0,0,0,0,"N",0,0.0,0,0,0,0,0,0,0,0,0,0,0,0,0,0
"35053","5","56121","77","0","2016","3","N","Socorro County, New Mexico","Private","NAICS 56121 Facilities support services","County, NAICS 5-digit -- by ownership sector","All establishment sizes",1,0,0,0,0,0,0,0,"N",5.01,0,0,0,0,0,0,0,"N",-1,-50.0,0,0,0,0,0,0,0,0,0,0,0,0,0,0
"35053","5","56121","77","0","2016","4","N","Socorro County, New Mexico","Private","NAICS 56121 Facilities support services","County, NAICS 5-digit -- by ownership sector","All establishment sizes",1,0,0,0,0,0,0,0,"N",5.07,0,0,0,0,0,0,0,"N",-1,-50.0,0,0,0,0,0,0,0,0,0,0,0,0,0,0
"35053","5","561210","78","0","2016","1","N","Socorro County, New Mexico","Private","NAICS 561210 Facilities support services","County, NAICS 6-digit -- by ownership sector","All establishment sizes",2,0,0,0,0,0,0,0,"N",10.09,0,0,0,0,0,0,0,"N",0,0.0,0,0,0,0,0,0,0,0,0,0,0,0,0,0
"35053","5","561210","78","0","2016","2","N","Socorro County, New Mexico","Private","NAICS 561210 Facilities support services","County, NAICS 6-digit -- by ownership sector","All establishment sizes",2,0,0,0,0,0,0,0,"N",10.06,0,0,0,0,0,0,0,"N",0,0.0,0,0,0,0,0,0,0,0,0,0,0,0,0,0
"35053","5","561210","78","0","2016","3","N","Socorro County, New Mexico","Private","NAICS 561210 Facilities support services","County, NAICS 6-digit -- by ownership sector","All establishment sizes",1,0,0,0,0,0,0,0,"N",5.01,0,0,0,0,0,0,0,"N",-1,-50.0,0,0,0,0,0,0,0,0,0,0,0,0,0,0
"35053","5","561210","78","0","2016","4","N","Socorro County, New Mexico","Private","NAICS 561210 Facilities support services","County, NAICS 6-digit -- by ownership sector","All establishment sizes",1,0,0,0,0,0,0,0,"N",5.07,0,0,0,0,0,0,0,"N",-1,-50.0,0,0,0,0,0,0,0,0,0,0,0,0,0,0
"35053","5","5616","76","0","2016","1","N","Socorro County, New Mexico","Private","NAICS 5616 Investigation and security services","County, NAICS 4-digit -- by ownership sector","All establishment sizes",2,0,0,0,0,0,0,0,"N",1.59,0,0,0,0,0,0,0,"N",-1,-33.3,0,0,0,0,0,0,0,0,0,0,0,0,0,0
"35053","5","5616","76","0","2016","2","N","Socorro County, New Mexico","Private","NAICS 5616 Investigation and security services","County, NAICS 4-digit -- by ownership sector","All establishment sizes",1,0,0,0,0,0,0,0,"N",0.81,0,0,0,0,0,0,0,"N",-2,-66.7,0,0,0,0,0,0,0,0,0,0,0,0,0,0
"35053","5","5616","76","0","2016","3","N","Socorro County, New Mexico","Private","NAICS 5616 Investigation and security services","County, NAICS 4-digit -- by ownership sector","All establishment sizes",1,0,0,0,0,0,0,0,"N",0.81,0,0,0,0,0,0,0,"N",-1,-50.0,0,0,0,0,0,0,0,0,0,0,0,0,0,0
"35053","5","5616","76","0","2016","4","N","Socorro County, New Mexico","Private","NAICS 5616 Investigation and security services","County, NAICS 4-digit -- by ownership sector","All establishment sizes",1,0,0,0,0,0,0,0,"N",0.82,0,0,0,0,0,0,0,"N",-1,-50.0,0,0,0,0,0,0,0,0,0,0,0,0,0,0
"35053","5","56161","77","0","2016","1","N","Socorro County, New Mexico","Private","NAICS 56161 Security and armored car services","County, NAICS 5-digit -- by ownership sector","All establishment sizes",2,0,0,0,0,0,0,0,"N",2.57,0,0,0,0,0,0,0,"N",-1,-33.3,0,0,0,0,0,0,0,0,0,0,0,0,0,0
"35053","5","56161","77","0","2016","2","N","Socorro County, New Mexico","Private","NAICS 56161 Security and armored car services","County, NAICS 5-digit -- by ownership sector","All establishment sizes",1,0,0,0,0,0,0,0,"N",1.30,0,0,0,0,0,0,0,"N",-2,-66.7,0,0,0,0,0,0,0,0,0,0,0,0,0,0
"35053","5","56161","77","0","2016","3","N","Socorro County, New Mexico","Private","NAICS 56161 Security and armored car services","County, NAICS 5-digit -- by ownership sector","All establishment sizes",1,0,0,0,0,0,0,0,"N",1.31,0,0,0,0,0,0,0,"N",-1,-50.0,0,0,0,0,0,0,0,0,0,0,0,0,0,0
"35053","5","56161","77","0","2016","4","N","Socorro County, New Mexico","Private","NAICS 56161 Security and armored car services","County, NAICS 5-digit -- by ownership sector","All establishment sizes",1,0,0,0,0,0,0,0,"N",1.32,0,0,0,0,0,0,0,"N",-1,-50.0,0,0,0,0,0,0,0,0,0,0,0,0,0,0
"35053","5","561612","78","0","2016","1","N","Socorro County, New Mexico","Private","NAICS 561612 Security guards and patrol services","County, NAICS 6-digit -- by ownership sector","All establishment sizes",2,0,0,0,0,0,0,0,"N",3.52,0,0,0,0,0,0,0,"N",-1,-33.3,0,0,0,0,0,0,0,0,0,0,0,0,0,0
"35053","5","561612","78","0","2016","2","N","Socorro County, New Mexico","Private","NAICS 561612 Security guards and patrol services","County, NAICS 6-digit -- by ownership sector","All establishment sizes",1,0,0,0,0,0,0,0,"N",1.78,0,0,0,0,0,0,0,"N",-2,-66.7,0,0,0,0,0,0,0,0,0,0,0,0,0,0
"35053","5","561612","78","0","2016","3","N","Socorro County, New Mexico","Private","NAICS 561612 Security guards and patrol services","County, NAICS 6-digit -- by ownership sector","All establishment sizes",1,0,0,0,0,0,0,0,"N",1.80,0,0,0,0,0,0,0,"N",-1,-50.0,0,0,0,0,0,0,0,0,0,0,0,0,0,0
"35053","5","561612","78","0","2016","4","N","Socorro County, New Mexico","Private","NAICS 561612 Security guards and patrol services","County, NAICS 6-digit -- by ownership sector","All establishment sizes",1,0,0,0,0,0,0,0,"N",1.81,0,0,0,0,0,0,0,"N",-1,-50.0,0,0,0,0,0,0,0,0,0,0,0,0,0,0
"35053","5","5617","76","0","2016","1","N","Socorro County, New Mexico","Private","NAICS 5617 Services to buildings and dwellings","County, NAICS 4-digit -- by ownership sector","All establishment sizes",2,0,0,0,0,0,0,0,"N",0.26,0,0,0,0,0,0,0,"N",0,0.0,0,0,0,0,0,0,0,0,0,0,0,0,0,0
"35053","5","5617","76","0","2016","2","N","Socorro County, New Mexico","Private","NAICS 5617 Services to buildings and dwellings","County, NAICS 4-digit -- by ownership sector","All establishment sizes",2,0,0,0,0,0,0,0,"N",0.26,0,0,0,0,0,0,0,"N",0,0.0,0,0,0,0,0,0,0,0,0,0,0,0,0,0
"35053","5","5617","76","0","2016","3","N","Socorro County, New Mexico","Private","NAICS 5617 Services to buildings and dwellings","County, NAICS 4-digit -- by ownership sector","All establishment sizes",2,0,0,0,0,0,0,0,"N",0.26,0,0,0,0,0,0,0,"N",0,0.0,0,0,0,0,0,0,0,0,0,0,0,0,0,0
"35053","5","5617","76","0","2016","4","N","Socorro County, New Mexico","Private","NAICS 5617 Services to buildings and dwellings","County, NAICS 4-digit -- by ownership sector","All establishment sizes",2,0,0,0,0,0,0,0,"N",0.26,0,0,0,0,0,0,0,"N",0,0.0,0,0,0,0,0,0,0,0,0,0,0,0,0,0
"35053","5","56172","77","0","2016","1","N","Socorro County, New Mexico","Private","NAICS 56172 Janitorial services","County, NAICS 5-digit -- by ownership sector","All establishment sizes",1,0,0,0,0,0,0,0,"N",0.39,0,0,0,0,0,0,0,"N",0,0.0,0,0,0,0,0,0,0,0,0,0,0,0,0,0
"35053","5","56172","77","0","2016","2","N","Socorro County, New Mexico","Private","NAICS 56172 Janitorial services","County, NAICS 5-digit -- by ownership sector","All establishment sizes",1,0,0,0,0,0,0,0,"N",0.39,0,0,0,0,0,0,0,"N",0,0.0,0,0,0,0,0,0,0,0,0,0,0,0,0,0
"35053","5","56172","77","0","2016","3","N","Socorro County, New Mexico","Private","NAICS 56172 Janitorial services","County, NAICS 5-digit -- by ownership sector","All establishment sizes",1,0,0,0,0,0,0,0,"N",0.39,0,0,0,0,0,0,0,"N",0,0.0,0,0,0,0,0,0,0,0,0,0,0,0,0,0
"35053","5","56172","77","0","2016","4","N","Socorro County, New Mexico","Private","NAICS 56172 Janitorial services","County, NAICS 5-digit -- by ownership sector","All establishment sizes",1,0,0,0,0,0,0,0,"N",0.40,0,0,0,0,0,0,0,"N",0,0.0,0,0,0,0,0,0,0,0,0,0,0,0,0,0
"35053","5","561720","78","0","2016","1","N","Socorro County, New Mexico","Private","NAICS 561720 Janitorial services","County, NAICS 6-digit -- by ownership sector","All establishment sizes",1,0,0,0,0,0,0,0,"N",0.39,0,0,0,0,0,0,0,"N",0,0.0,0,0,0,0,0,0,0,0,0,0,0,0,0,0
"35053","5","561720","78","0","2016","2","N","Socorro County, New Mexico","Private","NAICS 561720 Janitorial services","County, NAICS 6-digit -- by ownership sector","All establishment sizes",1,0,0,0,0,0,0,0,"N",0.39,0,0,0,0,0,0,0,"N",0,0.0,0,0,0,0,0,0,0,0,0,0,0,0,0,0
"35053","5","561720","78","0","2016","3","N","Socorro County, New Mexico","Private","NAICS 561720 Janitorial services","County, NAICS 6-digit -- by ownership sector","All establishment sizes",1,0,0,0,0,0,0,0,"N",0.39,0,0,0,0,0,0,0,"N",0,0.0,0,0,0,0,0,0,0,0,0,0,0,0,0,0
"35053","5","561720","78","0","2016","4","N","Socorro County, New Mexico","Private","NAICS 561720 Janitorial services","County, NAICS 6-digit -- by ownership sector","All establishment sizes",1,0,0,0,0,0,0,0,"N",0.40,0,0,0,0,0,0,0,"N",0,0.0,0,0,0,0,0,0,0,0,0,0,0,0,0,0
"35053","5","56174","77","0","2016","1","N","Socorro County, New Mexico","Private","NAICS 56174 Carpet and upholstery cleaning services","County, NAICS 5-digit -- by ownership sector","All establishment sizes",1,0,0,0,0,0,0,0,"N",3.32,0,0,0,0,0,0,0,"N",0,0.0,0,0,0,0,0,0,0,0,0,0,0,0,0,0
"35053","5","56174","77","0","2016","2","N","Socorro County, New Mexico","Private","NAICS 56174 Carpet and upholstery cleaning services","County, NAICS 5-digit -- by ownership sector","All establishment sizes",1,0,0,0,0,0,0,0,"N",3.35,0,0,0,0,0,0,0,"N",0,0.0,0,0,0,0,0,0,0,0,0,0,0,0,0,0
"35053","5","56174","77","0","2016","3","N","Socorro County, New Mexico","Private","NAICS 56174 Carpet and upholstery cleaning services","County, NAICS 5-digit -- by ownership sector","All establishment sizes",1,0,0,0,0,0,0,0,"N",3.41,0,0,0,0,0,0,0,"N",0,0.0,0,0,0,0,0,0,0,0,0,0,0,0,0,0
"35053","5","56174","77","0","2016","4","N","Socorro County, New Mexico","Private","NAICS 56174 Carpet and upholstery cleaning services","County, NAICS 5-digit -- by ownership sector","All establishment sizes",1,0,0,0,0,0,0,0,"N",3.46,0,0,0,0,0,0,0,"N",0,0.0,0,0,0,0,0,0,0,0,0,0,0,0,0,0
"35053","5","561740","78","0","2016","1","N","Socorro County, New Mexico","Private","NAICS 561740 Carpet and upholstery cleaning services","County, NAICS 6-digit -- by ownership sector","All establishment sizes",1,0,0,0,0,0,0,0,"N",3.32,0,0,0,0,0,0,0,"N",0,0.0,0,0,0,0,0,0,0,0,0,0,0,0,0,0
"35053","5","561740","78","0","2016","2","N","Socorro County, New Mexico","Private","NAICS 561740 Carpet and upholstery cleaning services","County, NAICS 6-digit -- by ownership sector","All establishment sizes",1,0,0,0,0,0,0,0,"N",3.35,0,0,0,0,0,0,0,"N",0,0.0,0,0,0,0,0,0,0,0,0,0,0,0,0,0
"35053","5","561740","78","0","2016","3","N","Socorro County, New Mexico","Private","NAICS 561740 Carpet and upholstery cleaning services","County, NAICS 6-digit -- by ownership sector","All establishment sizes",1,0,0,0,0,0,0,0,"N",3.41,0,0,0,0,0,0,0,"N",0,0.0,0,0,0,0,0,0,0,0,0,0,0,0,0,0
"35053","5","561740","78","0","2016","4","N","Socorro County, New Mexico","Private","NAICS 561740 Carpet and upholstery cleaning services","County, NAICS 6-digit -- by ownership sector","All establishment sizes",1,0,0,0,0,0,0,0,"N",3.46,0,0,0,0,0,0,0,"N",0,0.0,0,0,0,0,0,0,0,0,0,0,0,0,0,0
"35053","5","61","74","0","2016","1","N","Socorro County, New Mexico","Private","NAICS 61 Educational services","County, NAICS Sector -- by ownership sector","All establishment sizes",3,0,0,0,0,0,0,0,"N",0.71,0,0,0,0,0,0,0,"N",0,0.0,0,0,0,0,0,0,0,0,0,0,0,0,0,0
"35053","5","61","74","0","2016","2","N","Socorro County, New Mexico","Private","NAICS 61 Educational services","County, NAICS Sector -- by ownership sector","All establishment sizes",3,0,0,0,0,0,0,0,"N",0.71,0,0,0,0,0,0,0,"N",0,0.0,0,0,0,0,0,0,0,0,0,0,0,0,0,0
"35053","5","61","74","0","2016","3","N","Socorro County, New Mexico","Private","NAICS 61 Educational services","County, NAICS Sector -- by ownership sector","All establishment sizes",2,0,0,0,0,0,0,0,"N",0.48,0,0,0,0,0,0,0,"N",-1,-33.3,0,0,0,0,0,0,0,0,0,0,0,0,0,0
"35053","5","61","74","0","2016","4","N","Socorro County, New Mexico","Private","NAICS 61 Educational services","County, NAICS Sector -- by ownership sector","All establishment sizes",2,0,0,0,0,0,0,0,"N",0.48,0,0,0,0,0,0,0,"N",-1,-33.3,0,0,0,0,0,0,0,0,0,0,0,0,0,0
"35053","5","611","75","0","2016","1","N","Socorro County, New Mexico","Private","NAICS 611 Educational services","County, NAICS 3-digit -- by ownership sector","All establishment sizes",3,0,0,0,0,0,0,0,"N",0.71,0,0,0,0,0,0,0,"N",0,0.0,0,0,0,0,0,0,0,0,0,0,0,0,0,0
"35053","5","611","75","0","2016","2","N","Socorro County, New Mexico","Private","NAICS 611 Educational services","County, NAICS 3-digit -- by ownership sector","All establishment sizes",3,0,0,0,0,0,0,0,"N",0.71,0,0,0,0,0,0,0,"N",0,0.0,0,0,0,0,0,0,0,0,0,0,0,0,0,0
"35053","5","611","75","0","2016","3","N","Socorro County, New Mexico","Private","NAICS 611 Educational services","County, NAICS 3-digit -- by ownership sector","All establishment sizes",2,0,0,0,0,0,0,0,"N",0.48,0,0,0,0,0,0,0,"N",-1,-33.3,0,0,0,0,0,0,0,0,0,0,0,0,0,0
"35053","5","611","75","0","2016","4","N","Socorro County, New Mexico","Private","NAICS 611 Educational services","County, NAICS 3-digit -- by ownership sector","All establishment sizes",2,0,0,0,0,0,0,0,"N",0.48,0,0,0,0,0,0,0,"N",-1,-33.3,0,0,0,0,0,0,0,0,0,0,0,0,0,0
"35053","5","6111","76","0","2016","1","N","Socorro County, New Mexico","Private","NAICS 6111 Elementary and secondary schools","County, NAICS 4-digit -- by ownership sector","All establishment sizes",1,0,0,0,0,0,0,0,"N",1.52,0,0,0,0,0,0,0,"N",0,0.0,0,0,0,0,0,0,0,0,0,0,0,0,0,0
"35053","5","6111","76","0","2016","2","N","Socorro County, New Mexico","Private","NAICS 6111 Elementary and secondary schools","County, NAICS 4-digit -- by ownership sector","All establishment sizes",1,0,0,0,0,0,0,0,"N",1.54,0,0,0,0,0,0,0,"N",0,0.0,0,0,0,0,0,0,0,0,0,0,0,0,0,0
"35053","5","6111","76","0","2016","3","N","Socorro County, New Mexico","Private","NAICS 6111 Elementary and secondary schools","County, NAICS 4-digit -- by ownership sector","All establishment sizes",1,0,0,0,0,0,0,0,"N",1.54,0,0,0,0,0,0,0,"N",0,0.0,0,0,0,0,0,0,0,0,0,0,0,0,0,0
"35053","5","6111","76","0","2016","4","N","Socorro County, New Mexico","Private","NAICS 6111 Elementary and secondary schools","County, NAICS 4-digit -- by ownership sector","All establishment sizes",1,0,0,0,0,0,0,0,"N",1.56,0,0,0,0,0,0,0,"N",0,0.0,0,0,0,0,0,0,0,0,0,0,0,0,0,0
"35053","5","61111","77","0","2016","1","N","Socorro County, New Mexico","Private","NAICS 61111 Elementary and secondary schools","County, NAICS 5-digit -- by ownership sector","All establishment sizes",1,0,0,0,0,0,0,0,"N",1.52,0,0,0,0,0,0,0,"N",0,0.0,0,0,0,0,0,0,0,0,0,0,0,0,0,0
"35053","5","61111","77","0","2016","2","N","Socorro County, New Mexico","Private","NAICS 61111 Elementary and secondary schools","County, NAICS 5-digit -- by ownership sector","All establishment sizes",1,0,0,0,0,0,0,0,"N",1.54,0,0,0,0,0,0,0,"N",0,0.0,0,0,0,0,0,0,0,0,0,0,0,0,0,0
"35053","5","61111","77","0","2016","3","N","Socorro County, New Mexico","Private","NAICS 61111 Elementary and secondary schools","County, NAICS 5-digit -- by ownership sector","All establishment sizes",1,0,0,0,0,0,0,0,"N",1.54,0,0,0,0,0,0,0,"N",0,0.0,0,0,0,0,0,0,0,0,0,0,0,0,0,0
"35053","5","61111","77","0","2016","4","N","Socorro County, New Mexico","Private","NAICS 61111 Elementary and secondary schools","County, NAICS 5-digit -- by ownership sector","All establishment sizes",1,0,0,0,0,0,0,0,"N",1.56,0,0,0,0,0,0,0,"N",0,0.0,0,0,0,0,0,0,0,0,0,0,0,0,0,0
"35053","5","611110","78","0","2016","1","N","Socorro County, New Mexico","Private","NAICS 611110 Elementary and secondary schools","County, NAICS 6-digit -- by ownership sector","All establishment sizes",1,0,0,0,0,0,0,0,"N",1.52,0,0,0,0,0,0,0,"N",0,0.0,0,0,0,0,0,0,0,0,0,0,0,0,0,0
"35053","5","611110","78","0","2016","2","N","Socorro County, New Mexico","Private","NAICS 611110 Elementary and secondary schools","County, NAICS 6-digit -- by ownership sector","All establishment sizes",1,0,0,0,0,0,0,0,"N",1.54,0,0,0,0,0,0,0,"N",0,0.0,0,0,0,0,0,0,0,0,0,0,0,0,0,0
"35053","5","611110","78","0","2016","3","N","Socorro County, New Mexico","Private","NAICS 611110 Elementary and secondary schools","County, NAICS 6-digit -- by ownership sector","All establishment sizes",1,0,0,0,0,0,0,0,"N",1.54,0,0,0,0,0,0,0,"N",0,0.0,0,0,0,0,0,0,0,0,0,0,0,0,0,0
"35053","5","611110","78","0","2016","4","N","Socorro County, New Mexico","Private","NAICS 611110 Elementary and secondary schools","County, NAICS 6-digit -- by ownership sector","All establishment sizes",1,0,0,0,0,0,0,0,"N",1.56,0,0,0,0,0,0,0,"N",0,0.0,0,0,0,0,0,0,0,0,0,0,0,0,0,0
"35053","5","6115","76","0","2016","1","N","Socorro County, New Mexico","Private","NAICS 6115 Technical and trade schools","County, NAICS 4-digit -- by ownership sector","All establishment sizes",1,0,0,0,0,0,0,0,"N",2.83,0,0,0,0,0,0,0,"N",0,0.0,0,0,0,0,0,0,0,0,0,0,0,0,0,0
"35053","5","6115","76","0","2016","2","N","Socorro County, New Mexico","Private","NAICS 6115 Technical and trade schools","County, NAICS 4-digit -- by ownership sector","All establishment sizes",1,0,0,0,0,0,0,0,"N",2.87,0,0,0,0,0,0,0,"N",0,0.0,0,0,0,0,0,0,0,0,0,0,0,0,0,0
"35053","5","6115","76","0","2016","3","-","Socorro County, New Mexico","Private","NAICS 6115 Technical and trade schools","County, NAICS 4-digit -- by ownership sector","All establishment sizes",0,0,0,0,0,0,0,0,"N",0.00,0,0,0,0,0,0,0,"N",-1,-100.0,0,0,0,0,0,0,0,0,0,0,0,0,0,0
"35053","5","6115","76","0","2016","4","-","Socorro County, New Mexico","Private","NAICS 6115 Technical and trade schools","County, NAICS 4-digit -- by ownership sector","All establishment sizes",0,0,0,0,0,0,0,0,"N",0.00,0,0,0,0,0,0,0,"N",-1,-100.0,0,0,0,0,0,0,0,0,0,0,0,0,0,0
"35053","5","61151","77","0","2016","1","N","Socorro County, New Mexico","Private","NAICS 61151 Technical and trade schools","County, NAICS 5-digit -- by ownership sector","All establishment sizes",1,0,0,0,0,0,0,0,"N",2.83,0,0,0,0,0,0,0,"N",0,0.0,0,0,0,0,0,0,0,0,0,0,0,0,0,0
"35053","5","61151","77","0","2016","2","N","Socorro County, New Mexico","Private","NAICS 61151 Technical and trade schools","County, NAICS 5-digit -- by ownership sector","All establishment sizes",1,0,0,0,0,0,0,0,"N",2.87,0,0,0,0,0,0,0,"N",0,0.0,0,0,0,0,0,0,0,0,0,0,0,0,0,0
"35053","5","61151","77","0","2016","3","-","Socorro County, New Mexico","Private","NAICS 61151 Technical and trade schools","County, NAICS 5-digit -- by ownership sector","All establishment sizes",0,0,0,0,0,0,0,0,"N",0.00,0,0,0,0,0,0,0,"N",-1,-100.0,0,0,0,0,0,0,0,0,0,0,0,0,0,0
"35053","5","61151","77","0","2016","4","-","Socorro County, New Mexico","Private","NAICS 61151 Technical and trade schools","County, NAICS 5-digit -- by ownership sector","All establishment sizes",0,0,0,0,0,0,0,0,"N",0.00,0,0,0,0,0,0,0,"N",-1,-100.0,0,0,0,0,0,0,0,0,0,0,0,0,0,0
"35053","5","611513","78","0","2016","1","N","Socorro County, New Mexico","Private","NAICS 611513 Apprenticeship training","County, NAICS 6-digit -- by ownership sector","All establishment sizes",1,0,0,0,0,0,0,0,"N",19.28,0,0,0,0,0,0,0,"N",0,0.0,0,0,0,0,0,0,0,0,0,0,0,0,0,0
"35053","5","611513","78","0","2016","2","N","Socorro County, New Mexico","Private","NAICS 611513 Apprenticeship training","County, NAICS 6-digit -- by ownership sector","All establishment sizes",1,0,0,0,0,0,0,0,"N",19.50,0,0,0,0,0,0,0,"N",0,0.0,0,0,0,0,0,0,0,0,0,0,0,0,0,0
"35053","5","611513","78","0","2016","3","-","Socorro County, New Mexico","Private","NAICS 611513 Apprenticeship training","County, NAICS 6-digit -- by ownership sector","All establishment sizes",0,0,0,0,0,0,0,0,"N",0.00,0,0,0,0,0,0,0,"N",-1,-100.0,0,0,0,0,0,0,0,0,0,0,0,0,0,0
"35053","5","611513","78","0","2016","4","-","Socorro County, New Mexico","Private","NAICS 611513 Apprenticeship training","County, NAICS 6-digit -- by ownership sector","All establishment sizes",0,0,0,0,0,0,0,0,"N",0.00,0,0,0,0,0,0,0,"N",-1,-100.0,0,0,0,0,0,0,0,0,0,0,0,0,0,0
"35053","5","6116","76","0","2016","1","N","Socorro County, New Mexico","Private","NAICS 6116 Other schools and instruction","County, NAICS 4-digit -- by ownership sector","All establishment sizes",1,0,0,0,0,0,0,0,"N",0.54,0,0,0,0,0,0,0,"N",0,0.0,0,0,0,0,0,0,0,0,0,0,0,0,0,0
"35053","5","6116","76","0","2016","2","N","Socorro County, New Mexico","Private","NAICS 6116 Other schools and instruction","County, NAICS 4-digit -- by ownership sector","All establishment sizes",1,0,0,0,0,0,0,0,"N",0.54,0,0,0,0,0,0,0,"N",0,0.0,0,0,0,0,0,0,0,0,0,0,0,0,0,0
"35053","5","6116","76","0","2016","3","N","Socorro County, New Mexico","Private","NAICS 6116 Other schools and instruction","County, NAICS 4-digit -- by ownership sector","All establishment sizes",1,0,0,0,0,0,0,0,"N",0.54,0,0,0,0,0,0,0,"N",0,0.0,0,0,0,0,0,0,0,0,0,0,0,0,0,0
"35053","5","6116","76","0","2016","4","N","Socorro County, New Mexico","Private","NAICS 6116 Other schools and instruction","County, NAICS 4-digit -- by ownership sector","All establishment sizes",1,0,0,0,0,0,0,0,"N",0.54,0,0,0,0,0,0,0,"N",0,0.0,0,0,0,0,0,0,0,0,0,0,0,0,0,0
"35053","5","61169","77","0","2016","1","N","Socorro County, New Mexico","Private","NAICS 61169 All other schools and instruction","County, NAICS 5-digit -- by ownership sector","All establishment sizes",1,0,0,0,0,0,0,0,"N",1.34,0,0,0,0,0,0,0,"N",0,0.0,0,0,0,0,0,0,0,0,0,0,0,0,0,0
"35053","5","61169","77","0","2016","2","N","Socorro County, New Mexico","Private","NAICS 61169 All other schools and instruction","County, NAICS 5-digit -- by ownership sector","All establishment sizes",1,0,0,0,0,0,0,0,"N",1.34,0,0,0,0,0,0,0,"N",0,0.0,0,0,0,0,0,0,0,0,0,0,0,0,0,0
"35053","5","61169","77","0","2016","3","N","Socorro County, New Mexico","Private","NAICS 61169 All other schools and instruction","County, NAICS 5-digit -- by ownership sector","All establishment sizes",1,0,0,0,0,0,0,0,"N",1.35,0,0,0,0,0,0,0,"N",0,0.0,0,0,0,0,0,0,0,0,0,0,0,0,0,0
"35053","5","61169","77","0","2016","4","N","Socorro County, New Mexico","Private","NAICS 61169 All other schools and instruction","County, NAICS 5-digit -- by ownership sector","All establishment sizes",1,0,0,0,0,0,0,0,"N",1.36,0,0,0,0,0,0,0,"N",0,0.0,0,0,0,0,0,0,0,0,0,0,0,0,0,0
"35053","5","611699","78","0","2016","1","N","Socorro County, New Mexico","Private","NAICS 611699 Miscellaneous schools and instruction","County, NAICS 6-digit -- by ownership sector","All establishment sizes",1,0,0,0,0,0,0,0,"N",3.08,0,0,0,0,0,0,0,"N",0,0.0,0,0,0,0,0,0,0,0,0,0,0,0,0,0
"35053","5","611699","78","0","2016","2","N","Socorro County, New Mexico","Private","NAICS 611699 Miscellaneous schools and instruction","County, NAICS 6-digit -- by ownership sector","All establishment sizes",1,0,0,0,0,0,0,0,"N",3.06,0,0,0,0,0,0,0,"N",0,0.0,0,0,0,0,0,0,0,0,0,0,0,0,0,0
"35053","5","611699","78","0","2016","3","N","Socorro County, New Mexico","Private","NAICS 611699 Miscellaneous schools and instruction","County, NAICS 6-digit -- by ownership sector","All establishment sizes",1,0,0,0,0,0,0,0,"N",3.08,0,0,0,0,0,0,0,"N",0,0.0,0,0,0,0,0,0,0,0,0,0,0,0,0,0
"35053","5","611699","78","0","2016","4","N","Socorro County, New Mexico","Private","NAICS 611699 Miscellaneous schools and instruction","County, NAICS 6-digit -- by ownership sector","All establishment sizes",1,0,0,0,0,0,0,0,"N",3.08,0,0,0,0,0,0,0,"N",0,0.0,0,0,0,0,0,0,0,0,0,0,0,0,0,0
"35053","5","62","74","0","2016","1","N","Socorro County, New Mexico","Private","NAICS 62 Health care and social assistance","County, NAICS Sector -- by ownership sector","All establishment sizes",61,0,0,0,0,0,0,0,"N",1.11,0,0,0,0,0,0,0,"N",2,3.4,0,0,0,0,0,0,0,0,0,0,0,0,0,0
"35053","5","62","74","0","2016","2","N","Socorro County, New Mexico","Private","NAICS 62 Health care and social assistance","County, NAICS Sector -- by ownership sector","All establishment sizes",60,0,0,0,0,0,0,0,"N",1.10,0,0,0,0,0,0,0,"N",2,3.4,0,0,0,0,0,0,0,0,0,0,0,0,0,0
"35053","5","62","74","0","2016","3","N","Socorro County, New Mexico","Private","NAICS 62 Health care and social assistance","County, NAICS Sector -- by ownership sector","All establishment sizes",61,0,0,0,0,0,0,0,"N",1.14,0,0,0,0,0,0,0,"N",2,3.4,0,0,0,0,0,0,0,0,0,0,0,0,0,0
"35053","5","62","74","0","2016","4","N","Socorro County, New Mexico","Private","NAICS 62 Health care and social assistance","County, NAICS Sector -- by ownership sector","All establishment sizes",60,0,0,0,0,0,0,0,"N",1.11,0,0,0,0,0,0,0,"N",-1,-1.6,0,0,0,0,0,0,0,0,0,0,0,0,0,0
"35053","5","621","75","0","2016","1","","Socorro County, New Mexico","Private","NAICS 621 Ambulatory health care services","County, NAICS 3-digit -- by ownership sector","All establishment sizes",17,209,205,200,1112782,862312,15228,418,"",0.78,0.80,0.78,0.75,0.48,0.74,0.76,0.62,"",0,0.0,23,12.4,22,12.0,17,9.3,-6646,-0.6,15722,1.9,-2572,-14.4,-50,-10.7
"35053","5","621","75","0","2016","2","","Socorro County, New Mexico","Private","NAICS 621 Ambulatory health care services","County, NAICS 3-digit -- by ownership sector","All establishment sizes",17,196,199,201,1191369,740573,13876,461,"",0.79,0.73,0.75,0.75,0.44,0.83,0.88,0.59,"",0,0.0,12,6.5,12,6.4,19,10.4,46113,4.0,52082,7.6,-1823,-11.6,-17,-3.6
"35053","5","621","75","0","2016","3","","Socorro County, New Mexico","Private","NAICS 621 Ambulatory health care services","County, NAICS 3-digit -- by ownership sector","All establishment sizes",17,201,199,198,1271647,506472,10222,491,"",0.80,0.77,0.75,0.74,0.46,0.83,0.94,0.62,"",0,0.0,2,1.0,3,1.5,6,3.1,81842,6.9,-21236,-4.0,-1524,-13.0,23,4.9
"35053","5","621","75","0","2016","4","","Socorro County, New Mexico","Private","NAICS 621 Ambulatory health care services","County, NAICS 3-digit -- by ownership sector","All establishment sizes",17,193,196,201,1289358,359392,3949,504,"",0.80,0.72,0.74,0.75,0.45,0.79,0.68,0.61,"",0,0.0,-17,-8.1,-17,-8.0,-15,-6.9,-83242,-6.1,-141437,-28.2,-6596,-62.6,8,1.6
"35053","5","6211","76","0","2016","1","","Socorro County, New Mexico","Private","NAICS 6211 Offices of physicians","County, NAICS 4-digit -- by ownership sector","All establishment sizes",5,49,50,49,415963,208724,4313,649,"",0.62,0.52,0.53,0.52,0.36,0.46,0.60,0.69,"",0,0.0,1,2.1,2,4.2,0,0.0,-2878,-0.7,14749,7.6,641,17.5,-18,-2.7
"35053","5","6211","76","0","2016","2","","Socorro County, New Mexico","Private","NAICS 6211 Offices of physicians","County, NAICS 4-digit -- by ownership sector","All establishment sizes",5,52,54,53,453618,165550,3326,658,"",0.63,0.54,0.57,0.55,0.33,0.58,0.70,0.59,"",0,0.0,3,6.1,5,10.2,4,8.2,54778,13.7,34805,26.6,824,32.9,32,5.1
"35053","5","6211","76","0","2016","3","","Socorro County, New Mexico","Private","NAICS 6211 Offices of physicians","County, NAICS 4-digit -- by ownership sector","All establishment sizes",5,55,56,58,502898,111342,2207,687,"",0.64,0.59,0.59,0.61,0.36,0.59,0.72,0.60,"",0,0.0,3,5.8,3,5.7,7,13.7,61151,13.8,6805,6.5,209,10.5,34,5.2
"35053","5","6211","76","0","2016","4","","Socorro County, New Mexico","Private","NAICS 6211 Offices of physicians","County, NAICS 4-digit -- by ownership sector","All establishment sizes",5,55,57,57,542156,46713,311,740,"",0.64,0.58,0.60,0.60,0.35,0.33,0.18,0.60,"",0,0.0,1,1.9,3,5.6,5,9.6,20416,3.9,-27147,-36.8,-1099,-77.9,-13,-1.7
"35053","5","62111","77","0","2016","1","","Socorro County, New Mexico","Private","NAICS 62111 Offices of physicians","County, NAICS 5-digit -- by ownership sector","All establishment sizes",5,49,50,49,415963,208724,4313,649,"",0.62,0.52,0.53,0.52,0.36,0.46,0.60,0.69,"",0,0.0,1,2.1,2,4.2,0,0.0,-2878,-0.7,14749,7.6,641,17.5,-18,-2.7
"35053","5","62111","77","0","2016","2","","Socorro County, New Mexico","Private","NAICS 62111 Offices of physicians","County, NAICS 5-digit -- by ownership sector","All establishment sizes",5,52,54,53,453618,165550,3326,658,"",0.63,0.54,0.57,0.55,0.33,0.58,0.70,0.59,"",0,0.0,3,6.1,5,10.2,4,8.2,54778,13.7,34805,26.6,824,32.9,32,5.1
"35053","5","62111","77","0","2016","3","","Socorro County, New Mexico","Private","NAICS 62111 Offices of physicians","County, NAICS 5-digit -- by ownership sector","All establishment sizes",5,55,56,58,502898,111342,2207,687,"",0.64,0.59,0.59,0.61,0.36,0.59,0.72,0.60,"",0,0.0,3,5.8,3,5.7,7,13.7,61151,13.8,6805,6.5,209,10.5,34,5.2
"35053","5","62111","77","0","2016","4","","Socorro County, New Mexico","Private","NAICS 62111 Offices of physicians","County, NAICS 5-digit -- by ownership sector","All establishment sizes",5,55,57,57,542156,46713,311,740,"",0.64,0.58,0.60,0.60,0.35,0.33,0.18,0.60,"",0,0.0,1,1.9,3,5.6,5,9.6,20416,3.9,-27147,-36.8,-1099,-77.9,-13,-1.7
"35053","5","621111","78","0","2016","1","","Socorro County, New Mexico","Private","NAICS 621111 Offices of physicians, except mental health","County, NAICS 6-digit -- by ownership sector","All establishment sizes",5,49,50,49,415963,208724,4313,649,"",0.65,0.53,0.54,0.53,0.36,0.47,0.61,0.68,"",0,0.0,1,2.1,2,4.2,0,0.0,-2878,-0.7,14749,7.6,641,17.5,-18,-2.7
"35053","5","621111","78","0","2016","2","","Socorro County, New Mexico","Private","NAICS 621111 Offices of physicians, except mental health","County, NAICS 6-digit -- by ownership sector","All establishment sizes",5,52,54,53,453618,165550,3326,658,"",0.66,0.55,0.58,0.56,0.33,0.59,0.72,0.59,"",0,0.0,3,6.1,5,10.2,4,8.2,54778,13.7,34805,26.6,824,32.9,32,5.1
"35053","5","621111","78","0","2016","3","","Socorro County, New Mexico","Private","NAICS 621111 Offices of physicians, except mental health","County, NAICS 6-digit -- by ownership sector","All establishment sizes",5,55,56,58,502898,111342,2207,687,"",0.67,0.60,0.61,0.62,0.36,0.60,0.74,0.59,"",0,0.0,3,5.8,3,5.7,7,13.7,61151,13.8,6805,6.5,209,10.5,34,5.2
"35053","5","621111","78","0","2016","4","","Socorro County, New Mexico","Private","NAICS 621111 Offices of physicians, except mental health","County, NAICS 6-digit -- by ownership sector","All establishment sizes",5,55,57,57,542156,46713,311,740,"",0.68,0.59,0.61,0.61,0.36,0.34,0.19,0.59,"",0,0.0,1,1.9,3,5.6,5,9.6,20416,3.9,-27147,-36.8,-1099,-77.9,-13,-1.7
"35053","5","6212","76","0","2016","1","N","Socorro County, New Mexico","Private","NAICS 6212 Offices of dentists","County, NAICS 4-digit -- by ownership sector","All establishment sizes",4,0,0,0,0,0,0,0,"N",0.82,0,0,0,0,0,0,0,"N",0,0.0,0,0,0,0,0,0,0,0,0,0,0,0,0,0
"35053","5","6212","76","0","2016","2","N","Socorro County, New Mexico","Private","NAICS 6212 Offices of dentists","County, NAICS 4-digit -- by ownership sector","All establishment sizes",4,0,0,0,0,0,0,0,"N",0.83,0,0,0,0,0,0,0,"N",0,0.0,0,0,0,0,0,0,0,0,0,0,0,0,0,0
"35053","5","6212","76","0","2016","3","N","Socorro County, New Mexico","Private","NAICS 6212 Offices of dentists","County, NAICS 4-digit -- by ownership sector","All establishment sizes",4,0,0,0,0,0,0,0,"N",0.84,0,0,0,0,0,0,0,"N",0,0.0,0,0,0,0,0,0,0,0,0,0,0,0,0,0
"35053","5","6212","76","0","2016","4","","Socorro County, New Mexico","Private","NAICS 6212 Offices of dentists","County, NAICS 4-digit -- by ownership sector","All establishment sizes",4,21,22,22,207904,62778,1682,738,"",0.85,0.61,0.64,0.63,0.66,0.90,2.05,1.05,"",0,0.0,-1,-4.5,-1,-4.3,-1,-4.3,5354,2.6,-13269,-17.4,-102,-5.7,51,7.4
"35053","5","62121","77","0","2016","1","N","Socorro County, New Mexico","Private","NAICS 62121 Offices of dentists","County, NAICS 5-digit -- by ownership sector","All establishment sizes",4,0,0,0,0,0,0,0,"N",0.82,0,0,0,0,0,0,0,"N",0,0.0,0,0,0,0,0,0,0,0,0,0,0,0,0,0
"35053","5","62121","77","0","2016","2","N","Socorro County, New Mexico","Private","NAICS 62121 Offices of dentists","County, NAICS 5-digit -- by ownership sector","All establishment sizes",4,0,0,0,0,0,0,0,"N",0.83,0,0,0,0,0,0,0,"N",0,0.0,0,0,0,0,0,0,0,0,0,0,0,0,0,0
"35053","5","62121","77","0","2016","3","N","Socorro County, New Mexico","Private","NAICS 62121 Offices of dentists","County, NAICS 5-digit -- by ownership sector","All establishment sizes",4,0,0,0,0,0,0,0,"N",0.84,0,0,0,0,0,0,0,"N",0,0.0,0,0,0,0,0,0,0,0,0,0,0,0,0,0
"35053","5","62121","77","0","2016","4","","Socorro County, New Mexico","Private","NAICS 62121 Offices of dentists","County, NAICS 5-digit -- by ownership sector","All establishment sizes",4,21,22,22,207904,62778,1682,738,"",0.85,0.61,0.64,0.63,0.66,0.90,2.05,1.05,"",0,0.0,-1,-4.5,-1,-4.3,-1,-4.3,5354,2.6,-13269,-17.4,-102,-5.7,51,7.4
"35053","5","621210","78","0","2016","1","N","Socorro County, New Mexico","Private","NAICS 621210 Offices of dentists","County, NAICS 6-digit -- by ownership sector","All establishment sizes",4,0,0,0,0,0,0,0,"N",0.82,0,0,0,0,0,0,0,"N",0,0.0,0,0,0,0,0,0,0,0,0,0,0,0,0,0
"35053","5","621210","78","0","2016","2","N","Socorro County, New Mexico","Private","NAICS 621210 Offices of dentists","County, NAICS 6-digit -- by ownership sector","All establishment sizes",4,0,0,0,0,0,0,0,"N",0.83,0,0,0,0,0,0,0,"N",0,0.0,0,0,0,0,0,0,0,0,0,0,0,0,0,0
"35053","5","621210","78","0","2016","3","N","Socorro County, New Mexico","Private","NAICS 621210 Offices of dentists","County, NAICS 6-digit -- by ownership sector","All establishment sizes",4,0,0,0,0,0,0,0,"N",0.84,0,0,0,0,0,0,0,"N",0,0.0,0,0,0,0,0,0,0,0,0,0,0,0,0,0
"35053","5","621210","78","0","2016","4","","Socorro County, New Mexico","Private","NAICS 621210 Offices of dentists","County, NAICS 6-digit -- by ownership sector","All establishment sizes",4,21,22,22,207904,62778,1682,738,"",0.85,0.61,0.64,0.63,0.66,0.90,2.05,1.05,"",0,0.0,-1,-4.5,-1,-4.3,-1,-4.3,5354,2.6,-13269,-17.4,-102,-5.7,51,7.4
"35053","5","6213","76","0","2016","1","","Socorro County, New Mexico","Private","NAICS 6213 Offices of other health practitioners","County, NAICS 4-digit -- by ownership sector","All establishment sizes",3,19,17,17,136524,115624,381,594,"",0.58,0.61,0.54,0.53,0.71,0.78,0.16,1.26,"",0,0.0,0,0.0,-2,-10.5,-1,-5.6,-4195,-3.0,-3495,-2.9,-145,-27.6,14,2.4
"35053","5","6213","76","0","2016","2","","Socorro County, New Mexico","Private","NAICS 6213 Offices of other health practitioners","County, NAICS 4-digit -- by ownership sector","All establishment sizes",3,17,17,17,144675,99352,328,655,"",0.59,0.53,0.53,0.53,0.63,0.77,0.16,1.20,"",0,0.0,0,0.0,0,0.0,-2,-10.5,-18178,-11.2,-11001,-10.0,-198,-37.6,-54,-7.6
"35053","5","6213","76","0","2016","3","","Socorro County, New Mexico","Private","NAICS 6213 Offices of other health practitioners","County, NAICS 4-digit -- by ownership sector","All establishment sizes",3,17,17,18,141582,58630,193,628,"",0.59,0.54,0.54,0.56,0.63,0.65,0.13,1.15,"",0,0.0,-1,-5.6,0,0.0,2,12.5,921,0.7,-7517,-11.4,-119,-38.1,-8,-1.3
"35053","5","6213","76","0","2016","4","","Socorro County, New Mexico","Private","NAICS 6213 Offices of other health practitioners","County, NAICS 4-digit -- by ownership sector","All establishment sizes",3,17,17,20,138355,32265,106,591,"",0.60,0.53,0.53,0.62,0.60,0.46,0.13,1.08,"",0,0.0,-1,-5.6,-8,-32.0,-3,-13.0,-36337,-20.8,-40216,-55.5,-140,-56.9,-20,-3.3
"35053","5","62131","77","0","2016","1","N","Socorro County, New Mexico","Private","NAICS 62131 Offices of chiropractors","County, NAICS 5-digit -- by ownership sector","All establishment sizes",1,0,0,0,0,0,0,0,"N",0.70,0,0,0,0,0,0,0,"N",0,0.0,0,0,0,0,0,0,0,0,0,0,0,0,0,0
"35053","5","62131","77","0","2016","2","N","Socorro County, New Mexico","Private","NAICS 62131 Offices of chiropractors","County, NAICS 5-digit -- by ownership sector","All establishment sizes",1,0,0,0,0,0,0,0,"N",0.71,0,0,0,0,0,0,0,"N",0,0.0,0,0,0,0,0,0,0,0,0,0,0,0,0,0
"35053","5","62131","77","0","2016","3","N","Socorro County, New Mexico","Private","NAICS 62131 Offices of chiropractors","County, NAICS 5-digit -- by ownership sector","All establishment sizes",1,0,0,0,0,0,0,0,"N",0.72,0,0,0,0,0,0,0,"N",0,0.0,0,0,0,0,0,0,0,0,0,0,0,0,0,0
"35053","5","62131","77","0","2016","4","N","Socorro County, New Mexico","Private","NAICS 62131 Offices of chiropractors","County, NAICS 5-digit -- by ownership sector","All establishment sizes",1,0,0,0,0,0,0,0,"N",0.72,0,0,0,0,0,0,0,"N",0,0.0,0,0,0,0,0,0,0,0,0,0,0,0,0,0
"35053","5","621310","78","0","2016","1","N","Socorro County, New Mexico","Private","NAICS 621310 Offices of chiropractors","County, NAICS 6-digit -- by ownership sector","All establishment sizes",1,0,0,0,0,0,0,0,"N",0.70,0,0,0,0,0,0,0,"N",0,0.0,0,0,0,0,0,0,0,0,0,0,0,0,0,0
"35053","5","621310","78","0","2016","2","N","Socorro County, New Mexico","Private","NAICS 621310 Offices of chiropractors","County, NAICS 6-digit -- by ownership sector","All establishment sizes",1,0,0,0,0,0,0,0,"N",0.71,0,0,0,0,0,0,0,"N",0,0.0,0,0,0,0,0,0,0,0,0,0,0,0,0,0
"35053","5","621310","78","0","2016","3","N","Socorro County, New Mexico","Private","NAICS 621310 Offices of chiropractors","County, NAICS 6-digit -- by ownership sector","All establishment sizes",1,0,0,0,0,0,0,0,"N",0.72,0,0,0,0,0,0,0,"N",0,0.0,0,0,0,0,0,0,0,0,0,0,0,0,0,0
"35053","5","621310","78","0","2016","4","N","Socorro County, New Mexico","Private","NAICS 621310 Offices of chiropractors","County, NAICS 6-digit -- by ownership sector","All establishment sizes",1,0,0,0,0,0,0,0,"N",0.72,0,0,0,0,0,0,0,"N",0,0.0,0,0,0,0,0,0,0,0,0,0,0,0,0,0
"35053","5","62132","77","0","2016","1","N","Socorro County, New Mexico","Private","NAICS 62132 Offices of optometrists","County, NAICS 5-digit -- by ownership sector","All establishment sizes",1,0,0,0,0,0,0,0,"N",1.29,0,0,0,0,0,0,0,"N",0,0.0,0,0,0,0,0,0,0,0,0,0,0,0,0,0
"35053","5","62132","77","0","2016","2","N","Socorro County, New Mexico","Private","NAICS 62132 Offices of optometrists","County, NAICS 5-digit -- by ownership sector","All establishment sizes",1,0,0,0,0,0,0,0,"N",1.31,0,0,0,0,0,0,0,"N",0,0.0,0,0,0,0,0,0,0,0,0,0,0,0,0,0
"35053","5","62132","77","0","2016","3","N","Socorro County, New Mexico","Private","NAICS 62132 Offices of optometrists","County, NAICS 5-digit -- by ownership sector","All establishment sizes",1,0,0,0,0,0,0,0,"N",1.33,0,0,0,0,0,0,0,"N",0,0.0,0,0,0,0,0,0,0,0,0,0,0,0,0,0
"35053","5","62132","77","0","2016","4","N","Socorro County, New Mexico","Private","NAICS 62132 Offices of optometrists","County, NAICS 5-digit -- by ownership sector","All establishment sizes",1,0,0,0,0,0,0,0,"N",1.34,0,0,0,0,0,0,0,"N",0,0.0,0,0,0,0,0,0,0,0,0,0,0,0,0,0
"35053","5","621320","78","0","2016","1","N","Socorro County, New Mexico","Private","NAICS 621320 Offices of optometrists","County, NAICS 6-digit -- by ownership sector","All establishment sizes",1,0,0,0,0,0,0,0,"N",1.29,0,0,0,0,0,0,0,"N",0,0.0,0,0,0,0,0,0,0,0,0,0,0,0,0,0
"35053","5","621320","78","0","2016","2","N","Socorro County, New Mexico","Private","NAICS 621320 Offices of optometrists","County, NAICS 6-digit -- by ownership sector","All establishment sizes",1,0,0,0,0,0,0,0,"N",1.31,0,0,0,0,0,0,0,"N",0,0.0,0,0,0,0,0,0,0,0,0,0,0,0,0,0
"35053","5","621320","78","0","2016","3","N","Socorro County, New Mexico","Private","NAICS 621320 Offices of optometrists","County, NAICS 6-digit -- by ownership sector","All establishment sizes",1,0,0,0,0,0,0,0,"N",1.33,0,0,0,0,0,0,0,"N",0,0.0,0,0,0,0,0,0,0,0,0,0,0,0,0,0
"35053","5","621320","78","0","2016","4","N","Socorro County, New Mexico","Private","NAICS 621320 Offices of optometrists","County, NAICS 6-digit -- by ownership sector","All establishment sizes",1,0,0,0,0,0,0,0,"N",1.34,0,0,0,0,0,0,0,"N",0,0.0,0,0,0,0,0,0,0,0,0,0,0,0,0,0
"35053","5","62134","77","0","2016","1","N","Socorro County, New Mexico","Private","NAICS 62134 Offices of specialty therapists","County, NAICS 5-digit -- by ownership sector","All establishment sizes",1,0,0,0,0,0,0,0,"N",0.78,0,0,0,0,0,0,0,"N",0,0.0,0,0,0,0,0,0,0,0,0,0,0,0,0,0
"35053","5","62134","77","0","2016","2","N","Socorro County, New Mexico","Private","NAICS 62134 Offices of specialty therapists","County, NAICS 5-digit -- by ownership sector","All establishment sizes",1,0,0,0,0,0,0,0,"N",0.77,0,0,0,0,0,0,0,"N",0,0.0,0,0,0,0,0,0,0,0,0,0,0,0,0,0
"35053","5","62134","77","0","2016","3","N","Socorro County, New Mexico","Private","NAICS 62134 Offices of specialty therapists","County, NAICS 5-digit -- by ownership sector","All establishment sizes",1,0,0,0,0,0,0,0,"N",0.78,0,0,0,0,0,0,0,"N",0,0.0,0,0,0,0,0,0,0,0,0,0,0,0,0,0
"35053","5","62134","77","0","2016","4","N","Socorro County, New Mexico","Private","NAICS 62134 Offices of specialty therapists","County, NAICS 5-digit -- by ownership sector","All establishment sizes",1,0,0,0,0,0,0,0,"N",0.79,0,0,0,0,0,0,0,"N",0,0.0,0,0,0,0,0,0,0,0,0,0,0,0,0,0
"35053","5","621340","78","0","2016","1","N","Socorro County, New Mexico","Private","NAICS 621340 Offices of specialty therapists","County, NAICS 6-digit -- by ownership sector","All establishment sizes",1,0,0,0,0,0,0,0,"N",0.78,0,0,0,0,0,0,0,"N",0,0.0,0,0,0,0,0,0,0,0,0,0,0,0,0,0
"35053","5","621340","78","0","2016","2","N","Socorro County, New Mexico","Private","NAICS 621340 Offices of specialty therapists","County, NAICS 6-digit -- by ownership sector","All establishment sizes",1,0,0,0,0,0,0,0,"N",0.77,0,0,0,0,0,0,0,"N",0,0.0,0,0,0,0,0,0,0,0,0,0,0,0,0,0
"35053","5","621340","78","0","2016","3","N","Socorro County, New Mexico","Private","NAICS 621340 Offices of specialty therapists","County, NAICS 6-digit -- by ownership sector","All establishment sizes",1,0,0,0,0,0,0,0,"N",0.78,0,0,0,0,0,0,0,"N",0,0.0,0,0,0,0,0,0,0,0,0,0,0,0,0,0
"35053","5","621340","78","0","2016","4","N","Socorro County, New Mexico","Private","NAICS 621340 Offices of specialty therapists","County, NAICS 6-digit -- by ownership sector","All establishment sizes",1,0,0,0,0,0,0,0,"N",0.79,0,0,0,0,0,0,0,"N",0,0.0,0,0,0,0,0,0,0,0,0,0,0,0,0,0
"35053","5","6215","76","0","2016","1","N","Socorro County, New Mexico","Private","NAICS 6215 Medical and diagnostic laboratories","County, NAICS 4-digit -- by ownership sector","All establishment sizes",3,0,0,0,0,0,0,0,"N",3.92,0,0,0,0,0,0,0,"N",0,0.0,0,0,0,0,0,0,0,0,0,0,0,0,0,0
"35053","5","6215","76","0","2016","2","N","Socorro County, New Mexico","Private","NAICS 6215 Medical and diagnostic laboratories","County, NAICS 4-digit -- by ownership sector","All establishment sizes",3,0,0,0,0,0,0,0,"N",3.92,0,0,0,0,0,0,0,"N",0,0.0,0,0,0,0,0,0,0,0,0,0,0,0,0,0
"35053","5","6215","76","0","2016","3","N","Socorro County, New Mexico","Private","NAICS 6215 Medical and diagnostic laboratories","County, NAICS 4-digit -- by ownership sector","All establishment sizes",3,0,0,0,0,0,0,0,"N",4.00,0,0,0,0,0,0,0,"N",0,0.0,0,0,0,0,0,0,0,0,0,0,0,0,0,0
"35053","5","6215","76","0","2016","4","N","Socorro County, New Mexico","Private","NAICS 6215 Medical and diagnostic laboratories","County, NAICS 4-digit -- by ownership sector","All establishment sizes",3,0,0,0,0,0,0,0,"N",4.01,0,0,0,0,0,0,0,"N",0,0.0,0,0,0,0,0,0,0,0,0,0,0,0,0,0
"35053","5","62151","77","0","2016","1","N","Socorro County, New Mexico","Private","NAICS 62151 Medical and diagnostic laboratories","County, NAICS 5-digit -- by ownership sector","All establishment sizes",3,0,0,0,0,0,0,0,"N",3.92,0,0,0,0,0,0,0,"N",0,0.0,0,0,0,0,0,0,0,0,0,0,0,0,0,0
"35053","5","62151","77","0","2016","2","N","Socorro County, New Mexico","Private","NAICS 62151 Medical and diagnostic laboratories","County, NAICS 5-digit -- by ownership sector","All establishment sizes",3,0,0,0,0,0,0,0,"N",3.92,0,0,0,0,0,0,0,"N",0,0.0,0,0,0,0,0,0,0,0,0,0,0,0,0,0
"35053","5","62151","77","0","2016","3","N","Socorro County, New Mexico","Private","NAICS 62151 Medical and diagnostic laboratories","County, NAICS 5-digit -- by ownership sector","All establishment sizes",3,0,0,0,0,0,0,0,"N",4.00,0,0,0,0,0,0,0,"N",0,0.0,0,0,0,0,0,0,0,0,0,0,0,0,0,0
"35053","5","62151","77","0","2016","4","N","Socorro County, New Mexico","Private","NAICS 62151 Medical and diagnostic laboratories","County, NAICS 5-digit -- by ownership sector","All establishment sizes",3,0,0,0,0,0,0,0,"N",4.01,0,0,0,0,0,0,0,"N",0,0.0,0,0,0,0,0,0,0,0,0,0,0,0,0,0
"35053","5","621511","78","0","2016","1","N","Socorro County, New Mexico","Private","NAICS 621511 Medical laboratories","County, NAICS 6-digit -- by ownership sector","All establishment sizes",3,0,0,0,0,0,0,0,"N",5.60,0,0,0,0,0,0,0,"N",0,0.0,0,0,0,0,0,0,0,0,0,0,0,0,0,0
"35053","5","621511","78","0","2016","2","N","Socorro County, New Mexico","Private","NAICS 621511 Medical laboratories","County, NAICS 6-digit -- by ownership sector","All establishment sizes",3,0,0,0,0,0,0,0,"N",5.57,0,0,0,0,0,0,0,"N",0,0.0,0,0,0,0,0,0,0,0,0,0,0,0,0,0
"35053","5","621511","78","0","2016","3","N","Socorro County, New Mexico","Private","NAICS 621511 Medical laboratories","County, NAICS 6-digit -- by ownership sector","All establishment sizes",3,0,0,0,0,0,0,0,"N",5.69,0,0,0,0,0,0,0,"N",0,0.0,0,0,0,0,0,0,0,0,0,0,0,0,0,0
"35053","5","621511","78","0","2016","4","N","Socorro County, New Mexico","Private","NAICS 621511 Medical laboratories","County, NAICS 6-digit -- by ownership sector","All establishment sizes",3,0,0,0,0,0,0,0,"N",5.66,0,0,0,0,0,0,0,"N",0,0.0,0,0,0,0,0,0,0,0,0,0,0,0,0,0
"35053","5","6216","76","0","2016","1","N","Socorro County, New Mexico","Private","NAICS 6216 Home health care services","County, NAICS 4-digit -- by ownership sector","All establishment sizes",2,0,0,0,0,0,0,0,"N",1.58,0,0,0,0,0,0,0,"N",0,0.0,0,0,0,0,0,0,0,0,0,0,0,0,0,0
"35053","5","6216","76","0","2016","2","N","Socorro County, New Mexico","Private","NAICS 6216 Home health care services","County, NAICS 4-digit -- by ownership sector","All establishment sizes",2,0,0,0,0,0,0,0,"N",1.59,0,0,0,0,0,0,0,"N",0,0.0,0,0,0,0,0,0,0,0,0,0,0,0,0,0
"35053","5","6216","76","0","2016","3","N","Socorro County, New Mexico","Private","NAICS 6216 Home health care services","County, NAICS 4-digit -- by ownership sector","All establishment sizes",2,0,0,0,0,0,0,0,"N",1.62,0,0,0,0,0,0,0,"N",0,0.0,0,0,0,0,0,0,0,0,0,0,0,0,0,0
"35053","5","6216","76","0","2016","4","N","Socorro County, New Mexico","Private","NAICS 6216 Home health care services","County, NAICS 4-digit -- by ownership sector","All establishment sizes",2,0,0,0,0,0,0,0,"N",1.63,0,0,0,0,0,0,0,"N",0,0.0,0,0,0,0,0,0,0,0,0,0,0,0,0,0
"35053","5","62161","77","0","2016","1","N","Socorro County, New Mexico","Private","NAICS 62161 Home health care services","County, NAICS 5-digit -- by ownership sector","All establishment sizes",2,0,0,0,0,0,0,0,"N",1.58,0,0,0,0,0,0,0,"N",0,0.0,0,0,0,0,0,0,0,0,0,0,0,0,0,0
"35053","5","62161","77","0","2016","2","N","Socorro County, New Mexico","Private","NAICS 62161 Home health care services","County, NAICS 5-digit -- by ownership sector","All establishment sizes",2,0,0,0,0,0,0,0,"N",1.59,0,0,0,0,0,0,0,"N",0,0.0,0,0,0,0,0,0,0,0,0,0,0,0,0,0
"35053","5","62161","77","0","2016","3","N","Socorro County, New Mexico","Private","NAICS 62161 Home health care services","County, NAICS 5-digit -- by ownership sector","All establishment sizes",2,0,0,0,0,0,0,0,"N",1.62,0,0,0,0,0,0,0,"N",0,0.0,0,0,0,0,0,0,0,0,0,0,0,0,0,0
"35053","5","62161","77","0","2016","4","N","Socorro County, New Mexico","Private","NAICS 62161 Home health care services","County, NAICS 5-digit -- by ownership sector","All establishment sizes",2,0,0,0,0,0,0,0,"N",1.63,0,0,0,0,0,0,0,"N",0,0.0,0,0,0,0,0,0,0,0,0,0,0,0,0,0
"35053","5","621610","78","0","2016","1","N","Socorro County, New Mexico","Private","NAICS 621610 Home health care services","County, NAICS 6-digit -- by ownership sector","All establishment sizes",2,0,0,0,0,0,0,0,"N",1.58,0,0,0,0,0,0,0,"N",0,0.0,0,0,0,0,0,0,0,0,0,0,0,0,0,0
"35053","5","621610","78","0","2016","2","N","Socorro County, New Mexico","Private","NAICS 621610 Home health care services","County, NAICS 6-digit -- by ownership sector","All establishment sizes",2,0,0,0,0,0,0,0,"N",1.59,0,0,0,0,0,0,0,"N",0,0.0,0,0,0,0,0,0,0,0,0,0,0,0,0,0
"35053","5","621610","78","0","2016","3","N","Socorro County, New Mexico","Private","NAICS 621610 Home health care services","County, NAICS 6-digit -- by ownership sector","All establishment sizes",2,0,0,0,0,0,0,0,"N",1.62,0,0,0,0,0,0,0,"N",0,0.0,0,0,0,0,0,0,0,0,0,0,0,0,0,0
"35053","5","621610","78","0","2016","4","N","Socorro County, New Mexico","Private","NAICS 621610 Home health care services","County, NAICS 6-digit -- by ownership sector","All establishment sizes",2,0,0,0,0,0,0,0,"N",1.63,0,0,0,0,0,0,0,"N",0,0.0,0,0,0,0,0,0,0,0,0,0,0,0,0,0
"35053","5","622","75","0","2016","1","N","Socorro County, New Mexico","Private","NAICS 622 Hospitals","County, NAICS 3-digit -- by ownership sector","All establishment sizes",1,0,0,0,0,0,0,0,"N",2.86,0,0,0,0,0,0,0,"N",0,0.0,0,0,0,0,0,0,0,0,0,0,0,0,0,0
"35053","5","622","75","0","2016","2","N","Socorro County, New Mexico","Private","NAICS 622 Hospitals","County, NAICS 3-digit -- by ownership sector","All establishment sizes",1,0,0,0,0,0,0,0,"N",2.84,0,0,0,0,0,0,0,"N",0,0.0,0,0,0,0,0,0,0,0,0,0,0,0,0,0
"35053","5","622","75","0","2016","3","N","Socorro County, New Mexico","Private","NAICS 622 Hospitals","County, NAICS 3-digit -- by ownership sector","All establishment sizes",1,0,0,0,0,0,0,0,"N",2.85,0,0,0,0,0,0,0,"N",0,0.0,0,0,0,0,0,0,0,0,0,0,0,0,0,0
"35053","5","622","75","0","2016","4","N","Socorro County, New Mexico","Private","NAICS 622 Hospitals","County, NAICS 3-digit -- by ownership sector","All establishment sizes",1,0,0,0,0,0,0,0,"N",2.82,0,0,0,0,0,0,0,"N",0,0.0,0,0,0,0,0,0,0,0,0,0,0,0,0,0
"35053","5","6221","76","0","2016","1","N","Socorro County, New Mexico","Private","NAICS 6221 General medical and surgical hospitals","County, NAICS 4-digit -- by ownership sector","All establishment sizes",1,0,0,0,0,0,0,0,"N",3.97,0,0,0,0,0,0,0,"N",0,0.0,0,0,0,0,0,0,0,0,0,0,0,0,0,0
"35053","5","6221","76","0","2016","2","N","Socorro County, New Mexico","Private","NAICS 6221 General medical and surgical hospitals","County, NAICS 4-digit -- by ownership sector","All establishment sizes",1,0,0,0,0,0,0,0,"N",3.95,0,0,0,0,0,0,0,"N",0,0.0,0,0,0,0,0,0,0,0,0,0,0,0,0,0
"35053","5","6221","76","0","2016","3","N","Socorro County, New Mexico","Private","NAICS 6221 General medical and surgical hospitals","County, NAICS 4-digit -- by ownership sector","All establishment sizes",1,0,0,0,0,0,0,0,"N",3.96,0,0,0,0,0,0,0,"N",0,0.0,0,0,0,0,0,0,0,0,0,0,0,0,0,0
"35053","5","6221","76","0","2016","4","N","Socorro County, New Mexico","Private","NAICS 6221 General medical and surgical hospitals","County, NAICS 4-digit -- by ownership sector","All establishment sizes",1,0,0,0,0,0,0,0,"N",3.91,0,0,0,0,0,0,0,"N",0,0.0,0,0,0,0,0,0,0,0,0,0,0,0,0,0
"35053","5","62211","77","0","2016","1","N","Socorro County, New Mexico","Private","NAICS 62211 General medical and surgical hospitals","County, NAICS 5-digit -- by ownership sector","All establishment sizes",1,0,0,0,0,0,0,0,"N",3.97,0,0,0,0,0,0,0,"N",0,0.0,0,0,0,0,0,0,0,0,0,0,0,0,0,0
"35053","5","62211","77","0","2016","2","N","Socorro County, New Mexico","Private","NAICS 62211 General medical and surgical hospitals","County, NAICS 5-digit -- by ownership sector","All establishment sizes",1,0,0,0,0,0,0,0,"N",3.95,0,0,0,0,0,0,0,"N",0,0.0,0,0,0,0,0,0,0,0,0,0,0,0,0,0
"35053","5","62211","77","0","2016","3","N","Socorro County, New Mexico","Private","NAICS 62211 General medical and surgical hospitals","County, NAICS 5-digit -- by ownership sector","All establishment sizes",1,0,0,0,0,0,0,0,"N",3.96,0,0,0,0,0,0,0,"N",0,0.0,0,0,0,0,0,0,0,0,0,0,0,0,0,0
"35053","5","62211","77","0","2016","4","N","Socorro County, New Mexico","Private","NAICS 62211 General medical and surgical hospitals","County, NAICS 5-digit -- by ownership sector","All establishment sizes",1,0,0,0,0,0,0,0,"N",3.91,0,0,0,0,0,0,0,"N",0,0.0,0,0,0,0,0,0,0,0,0,0,0,0,0,0
"35053","5","622110","78","0","2016","1","N","Socorro County, New Mexico","Private","NAICS 622110 General medical and surgical hospitals","County, NAICS 6-digit -- by ownership sector","All establishment sizes",1,0,0,0,0,0,0,0,"N",3.97,0,0,0,0,0,0,0,"N",0,0.0,0,0,0,0,0,0,0,0,0,0,0,0,0,0
"35053","5","622110","78","0","2016","2","N","Socorro County, New Mexico","Private","NAICS 622110 General medical and surgical hospitals","County, NAICS 6-digit -- by ownership sector","All establishment sizes",1,0,0,0,0,0,0,0,"N",3.95,0,0,0,0,0,0,0,"N",0,0.0,0,0,0,0,0,0,0,0,0,0,0,0,0,0
"35053","5","622110","78","0","2016","3","N","Socorro County, New Mexico","Private","NAICS 622110 General medical and surgical hospitals","County, NAICS 6-digit -- by ownership sector","All establishment sizes",1,0,0,0,0,0,0,0,"N",3.96,0,0,0,0,0,0,0,"N",0,0.0,0,0,0,0,0,0,0,0,0,0,0,0,0,0
"35053","5","622110","78","0","2016","4","N","Socorro County, New Mexico","Private","NAICS 622110 General medical and surgical hospitals","County, NAICS 6-digit -- by ownership sector","All establishment sizes",1,0,0,0,0,0,0,0,"N",3.91,0,0,0,0,0,0,0,"N",0,0.0,0,0,0,0,0,0,0,0,0,0,0,0,0,0
"35053","5","623","75","0","2016","1","N","Socorro County, New Mexico","Private","NAICS 623 Nursing and residential care facilities","County, NAICS 3-digit -- by ownership sector","All establishment sizes",2,0,0,0,0,0,0,0,"N",0.69,0,0,0,0,0,0,0,"N",0,0.0,0,0,0,0,0,0,0,0,0,0,0,0,0,0
"35053","5","623","75","0","2016","2","N","Socorro County, New Mexico","Private","NAICS 623 Nursing and residential care facilities","County, NAICS 3-digit -- by ownership sector","All establishment sizes",2,0,0,0,0,0,0,0,"N",0.70,0,0,0,0,0,0,0,"N",0,0.0,0,0,0,0,0,0,0,0,0,0,0,0,0,0
"35053","5","623","75","0","2016","3","N","Socorro County, New Mexico","Private","NAICS 623 Nursing and residential care facilities","County, NAICS 3-digit -- by ownership sector","All establishment sizes",2,0,0,0,0,0,0,0,"N",0.70,0,0,0,0,0,0,0,"N",0,0.0,0,0,0,0,0,0,0,0,0,0,0,0,0,0
"35053","5","623","75","0","2016","4","N","Socorro County, New Mexico","Private","NAICS 623 Nursing and residential care facilities","County, NAICS 3-digit -- by ownership sector","All establishment sizes",2,0,0,0,0,0,0,0,"N",0.71,0,0,0,0,0,0,0,"N",0,0.0,0,0,0,0,0,0,0,0,0,0,0,0,0,0
"35053","5","6231","76","0","2016","1","N","Socorro County, New Mexico","Private","NAICS 6231 Nursing care facilities, skilled nursing","County, NAICS 4-digit -- by ownership sector","All establishment sizes",1,0,0,0,0,0,0,0,"N",1.53,0,0,0,0,0,0,0,"N",0,0.0,0,0,0,0,0,0,0,0,0,0,0,0,0,0
"35053","5","6231","76","0","2016","2","N","Socorro County, New Mexico","Private","NAICS 6231 Nursing care facilities, skilled nursing","County, NAICS 4-digit -- by ownership sector","All establishment sizes",1,0,0,0,0,0,0,0,"N",1.55,0,0,0,0,0,0,0,"N",0,0.0,0,0,0,0,0,0,0,0,0,0,0,0,0,0
"35053","5","6231","76","0","2016","3","N","Socorro County, New Mexico","Private","NAICS 6231 Nursing care facilities, skilled nursing","County, NAICS 4-digit -- by ownership sector","All establishment sizes",1,0,0,0,0,0,0,0,"N",1.57,0,0,0,0,0,0,0,"N",0,0.0,0,0,0,0,0,0,0,0,0,0,0,0,0,0
"35053","5","6231","76","0","2016","4","N","Socorro County, New Mexico","Private","NAICS 6231 Nursing care facilities, skilled nursing","County, NAICS 4-digit -- by ownership sector","All establishment sizes",1,0,0,0,0,0,0,0,"N",1.58,0,0,0,0,0,0,0,"N",0,0.0,0,0,0,0,0,0,0,0,0,0,0,0,0,0
"35053","5","62311","77","0","2016","1","N","Socorro County, New Mexico","Private","NAICS 62311 Nursing care facilities, skilled nursing","County, NAICS 5-digit -- by ownership sector","All establishment sizes",1,0,0,0,0,0,0,0,"N",1.53,0,0,0,0,0,0,0,"N",0,0.0,0,0,0,0,0,0,0,0,0,0,0,0,0,0
"35053","5","62311","77","0","2016","2","N","Socorro County, New Mexico","Private","NAICS 62311 Nursing care facilities, skilled nursing","County, NAICS 5-digit -- by ownership sector","All establishment sizes",1,0,0,0,0,0,0,0,"N",1.55,0,0,0,0,0,0,0,"N",0,0.0,0,0,0,0,0,0,0,0,0,0,0,0,0,0
"35053","5","62311","77","0","2016","3","N","Socorro County, New Mexico","Private","NAICS 62311 Nursing care facilities, skilled nursing","County, NAICS 5-digit -- by ownership sector","All establishment sizes",1,0,0,0,0,0,0,0,"N",1.57,0,0,0,0,0,0,0,"N",0,0.0,0,0,0,0,0,0,0,0,0,0,0,0,0,0
"35053","5","62311","77","0","2016","4","N","Socorro County, New Mexico","Private","NAICS 62311 Nursing care facilities, skilled nursing","County, NAICS 5-digit -- by ownership sector","All establishment sizes",1,0,0,0,0,0,0,0,"N",1.58,0,0,0,0,0,0,0,"N",0,0.0,0,0,0,0,0,0,0,0,0,0,0,0,0,0
"35053","5","623110","78","0","2016","1","N","Socorro County, New Mexico","Private","NAICS 623110 Nursing care facilities, skilled nursing","County, NAICS 6-digit -- by ownership sector","All establishment sizes",1,0,0,0,0,0,0,0,"N",1.53,0,0,0,0,0,0,0,"N",0,0.0,0,0,0,0,0,0,0,0,0,0,0,0,0,0
"35053","5","623110","78","0","2016","2","N","Socorro County, New Mexico","Private","NAICS 623110 Nursing care facilities, skilled nursing","County, NAICS 6-digit -- by ownership sector","All establishment sizes",1,0,0,0,0,0,0,0,"N",1.55,0,0,0,0,0,0,0,"N",0,0.0,0,0,0,0,0,0,0,0,0,0,0,0,0,0
"35053","5","623110","78","0","2016","3","N","Socorro County, New Mexico","Private","NAICS 623110 Nursing care facilities, skilled nursing","County, NAICS 6-digit -- by ownership sector","All establishment sizes",1,0,0,0,0,0,0,0,"N",1.57,0,0,0,0,0,0,0,"N",0,0.0,0,0,0,0,0,0,0,0,0,0,0,0,0,0
"35053","5","623110","78","0","2016","4","N","Socorro County, New Mexico","Private","NAICS 623110 Nursing care facilities, skilled nursing","County, NAICS 6-digit -- by ownership sector","All establishment sizes",1,0,0,0,0,0,0,0,"N",1.58,0,0,0,0,0,0,0,"N",0,0.0,0,0,0,0,0,0,0,0,0,0,0,0,0,0
"35053","5","6239","76","0","2016","1","N","Socorro County, New Mexico","Private","NAICS 6239 Other residential care facilities","County, NAICS 4-digit -- by ownership sector","All establishment sizes",1,0,0,0,0,0,0,0,"N",4.08,0,0,0,0,0,0,0,"N",0,0.0,0,0,0,0,0,0,0,0,0,0,0,0,0,0
"35053","5","6239","76","0","2016","2","N","Socorro County, New Mexico","Private","NAICS 6239 Other residential care facilities","County, NAICS 4-digit -- by ownership sector","All establishment sizes",1,0,0,0,0,0,0,0,"N",4.10,0,0,0,0,0,0,0,"N",0,0.0,0,0,0,0,0,0,0,0,0,0,0,0,0,0
"35053","5","6239","76","0","2016","3","N","Socorro County, New Mexico","Private","NAICS 6239 Other residential care facilities","County, NAICS 4-digit -- by ownership sector","All establishment sizes",1,0,0,0,0,0,0,0,"N",4.13,0,0,0,0,0,0,0,"N",0,0.0,0,0,0,0,0,0,0,0,0,0,0,0,0,0
"35053","5","6239","76","0","2016","4","N","Socorro County, New Mexico","Private","NAICS 6239 Other residential care facilities","County, NAICS 4-digit -- by ownership sector","All establishment sizes",1,0,0,0,0,0,0,0,"N",4.16,0,0,0,0,0,0,0,"N",0,0.0,0,0,0,0,0,0,0,0,0,0,0,0,0,0
"35053","5","62399","77","0","2016","1","N","Socorro County, New Mexico","Private","NAICS 62399 Other residential care facilities","County, NAICS 5-digit -- by ownership sector","All establishment sizes",1,0,0,0,0,0,0,0,"N",4.08,0,0,0,0,0,0,0,"N",0,0.0,0,0,0,0,0,0,0,0,0,0,0,0,0,0
"35053","5","62399","77","0","2016","2","N","Socorro County, New Mexico","Private","NAICS 62399 Other residential care facilities","County, NAICS 5-digit -- by ownership sector","All establishment sizes",1,0,0,0,0,0,0,0,"N",4.10,0,0,0,0,0,0,0,"N",0,0.0,0,0,0,0,0,0,0,0,0,0,0,0,0,0
"35053","5","62399","77","0","2016","3","N","Socorro County, New Mexico","Private","NAICS 62399 Other residential care facilities","County, NAICS 5-digit -- by ownership sector","All establishment sizes",1,0,0,0,0,0,0,0,"N",4.13,0,0,0,0,0,0,0,"N",0,0.0,0,0,0,0,0,0,0,0,0,0,0,0,0,0
"35053","5","62399","77","0","2016","4","N","Socorro County, New Mexico","Private","NAICS 62399 Other residential care facilities","County, NAICS 5-digit -- by ownership sector","All establishment sizes",1,0,0,0,0,0,0,0,"N",4.16,0,0,0,0,0,0,0,"N",0,0.0,0,0,0,0,0,0,0,0,0,0,0,0,0,0
"35053","5","623990","78","0","2016","1","N","Socorro County, New Mexico","Private","NAICS 623990 Other residential care facilities","County, NAICS 6-digit -- by ownership sector","All establishment sizes",1,0,0,0,0,0,0,0,"N",4.08,0,0,0,0,0,0,0,"N",0,0.0,0,0,0,0,0,0,0,0,0,0,0,0,0,0
"35053","5","623990","78","0","2016","2","N","Socorro County, New Mexico","Private","NAICS 623990 Other residential care facilities","County, NAICS 6-digit -- by ownership sector","All establishment sizes",1,0,0,0,0,0,0,0,"N",4.10,0,0,0,0,0,0,0,"N",0,0.0,0,0,0,0,0,0,0,0,0,0,0,0,0,0
"35053","5","623990","78","0","2016","3","N","Socorro County, New Mexico","Private","NAICS 623990 Other residential care facilities","County, NAICS 6-digit -- by ownership sector","All establishment sizes",1,0,0,0,0,0,0,0,"N",4.13,0,0,0,0,0,0,0,"N",0,0.0,0,0,0,0,0,0,0,0,0,0,0,0,0,0
"35053","5","623990","78","0","2016","4","N","Socorro County, New Mexico","Private","NAICS 623990 Other residential care facilities","County, NAICS 6-digit -- by ownership sector","All establishment sizes",1,0,0,0,0,0,0,0,"N",4.16,0,0,0,0,0,0,0,"N",0,0.0,0,0,0,0,0,0,0,0,0,0,0,0,0,0
"35053","5","624","75","0","2016","1","","Socorro County, New Mexico","Private","NAICS 624 Social assistance","County, NAICS 3-digit -- by ownership sector","All establishment sizes",41,463,450,459,1666091,1647169,64159,280,"",1.38,3.47,3.36,3.40,3.64,5.08,8.51,1.07,"",2,5.1,74,19.0,43,10.6,49,12.0,605667,57.1,589370,55.7,26647,71.0,77,37.9
"35053","5","624","75","0","2016","2","","Socorro County, New Mexico","Private","NAICS 624 Social assistance","County, NAICS 3-digit -- by ownership sector","All establishment sizes",40,455,449,448,1643500,1528707,59311,281,"",1.35,3.31,3.29,3.28,3.02,3.63,6.04,0.92,"",2,5.3,44,10.7,22,5.2,22,5.2,104639,6.8,61129,4.2,8519,16.8,0,0.0
"35053","5","624","75","0","2016","3","","Socorro County, New Mexico","Private","NAICS 624 Social assistance","County, NAICS 3-digit -- by ownership sector","All establishment sizes",41,441,433,470,1771415,1536813,58142,304,"",1.40,3.36,3.27,3.49,3.32,4.90,8.35,0.98,"",2,5.1,18,4.3,-12,-2.7,6,1.3,48666,2.8,43256,2.9,7679,15.2,6,2.0
"35053","5","624","75","0","2016","4","","Socorro County, New Mexico","Private","NAICS 624 Social assistance","County, NAICS 3-digit -- by ownership sector","All establishment sizes",40,458,453,469,1959660,1528185,34767,328,"",1.34,3.38,3.35,3.46,3.78,6.55,9.38,1.11,"",-1,-2.4,2,0.4,7,1.6,26,5.9,-111920,-5.4,-25548,-1.6,-19585,-36.0,-27,-7.6
"35053","5","6241","76","0","2016","1","","Socorro County, New Mexico","Private","NAICS 6241 Individual and family services","County, NAICS 4-digit -- by ownership sector","All establishment sizes",35,431,419,426,1537072,1518700,57122,278,"",1.33,5.20,5.03,5.09,5.66,7.92,12.33,1.11,"",2,6.1,74,20.7,46,12.3,48,12.7,609417,65.7,593067,64.1,26949,89.3,85,44.0
"35053","5","6241","76","0","2016","2","","Socorro County, New Mexico","Private","NAICS 6241 Individual and family services","County, NAICS 4-digit -- by ownership sector","All establishment sizes",34,421,418,438,1513677,1411004,52880,274,"",1.29,4.93,4.94,5.13,4.70,5.60,8.45,0.94,"",2,6.2,40,10.5,22,5.6,23,5.5,95131,6.7,53965,4.0,8122,18.1,-1,-0.4
"35053","5","6241","76","0","2016","3","","Socorro County, New Mexico","Private","NAICS 6241 Individual and family services","County, NAICS 4-digit -- by ownership sector","All establishment sizes",35,431,421,437,1695490,1476070,55217,304,"",1.35,5.20,5.06,5.21,5.31,7.65,12.01,1.03,"N",2,6.1,0,0,0,0,0,0,0,0,0,0,0,0,0,0
"35053","5","6241","76","0","2016","4","","Socorro County, New Mexico","Private","NAICS 6241 Individual and family services","County, NAICS 4-digit -- by ownership sector","All establishment sizes",34,423,418,435,1759765,1378972,26473,318,"",1.29,4.99,4.93,5.13,5.69,9.78,11.07,1.13,"N",-1,-2.9,0,0,0,0,0,0,0,0,0,0,0,0,0,0
"35053","5","62412","77","0","2016","1","N","Socorro County, New Mexico","Private","NAICS 62412 Services for the elderly and disabled","County, NAICS 5-digit -- by ownership sector","All establishment sizes",34,0,0,0,0,0,0,0,"N",1.37,0,0,0,0,0,0,0,"N",2,6.2,0,0,0,0,0,0,0,0,0,0,0,0,0,0
"35053","5","62412","77","0","2016","2","N","Socorro County, New Mexico","Private","NAICS 62412 Services for the elderly and disabled","County, NAICS 5-digit -- by ownership sector","All establishment sizes",33,0,0,0,0,0,0,0,"N",1.33,0,0,0,0,0,0,0,"N",2,6.5,0,0,0,0,0,0,0,0,0,0,0,0,0,0
"35053","5","62412","77","0","2016","3","N","Socorro County, New Mexico","Private","NAICS 62412 Services for the elderly and disabled","County, NAICS 5-digit -- by ownership sector","All establishment sizes",34,0,0,0,0,0,0,0,"N",1.39,0,0,0,0,0,0,0,"N",2,6.2,0,0,0,0,0,0,0,0,0,0,0,0,0,0
"35053","5","62412","77","0","2016","4","N","Socorro County, New Mexico","Private","NAICS 62412 Services for the elderly and disabled","County, NAICS 5-digit -- by ownership sector","All establishment sizes",33,0,0,0,0,0,0,0,"N",1.32,0,0,0,0,0,0,0,"N",-1,-2.9,0,0,0,0,0,0,0,0,0,0,0,0,0,0
"35053","5","624120","78","0","2016","1","N","Socorro County, New Mexico","Private","NAICS 624120 Services for the elderly and disabled","County, NAICS 6-digit -- by ownership sector","All establishment sizes",34,0,0,0,0,0,0,0,"N",1.37,0,0,0,0,0,0,0,"N",2,6.2,0,0,0,0,0,0,0,0,0,0,0,0,0,0
"35053","5","624120","78","0","2016","2","N","Socorro County, New Mexico","Private","NAICS 624120 Services for the elderly and disabled","County, NAICS 6-digit -- by ownership sector","All establishment sizes",33,0,0,0,0,0,0,0,"N",1.33,0,0,0,0,0,0,0,"N",2,6.5,0,0,0,0,0,0,0,0,0,0,0,0,0,0
"35053","5","624120","78","0","2016","3","N","Socorro County, New Mexico","Private","NAICS 624120 Services for the elderly and disabled","County, NAICS 6-digit -- by ownership sector","All establishment sizes",34,0,0,0,0,0,0,0,"N",1.39,0,0,0,0,0,0,0,"N",2,6.2,0,0,0,0,0,0,0,0,0,0,0,0,0,0
"35053","5","624120","78","0","2016","4","N","Socorro County, New Mexico","Private","NAICS 624120 Services for the elderly and disabled","County, NAICS 6-digit -- by ownership sector","All establishment sizes",33,0,0,0,0,0,0,0,"N",1.32,0,0,0,0,0,0,0,"N",-1,-2.9,0,0,0,0,0,0,0,0,0,0,0,0,0,0
"35053","5","62419","77","0","2016","1","N","Socorro County, New Mexico","Private","NAICS 62419 Other individual and family services","County, NAICS 5-digit -- by ownership sector","All establishment sizes",1,0,0,0,0,0,0,0,"N",0.94,0,0,0,0,0,0,0,"N",0,0.0,0,0,0,0,0,0,0,0,0,0,0,0,0,0
"35053","5","62419","77","0","2016","2","N","Socorro County, New Mexico","Private","NAICS 62419 Other individual and family services","County, NAICS 5-digit -- by ownership sector","All establishment sizes",1,0,0,0,0,0,0,0,"N",0.94,0,0,0,0,0,0,0,"N",0,0.0,0,0,0,0,0,0,0,0,0,0,0,0,0,0
"35053","5","62419","77","0","2016","3","N","Socorro County, New Mexico","Private","NAICS 62419 Other individual and family services","County, NAICS 5-digit -- by ownership sector","All establishment sizes",1,0,0,0,0,0,0,0,"N",0.95,0,0,0,0,0,0,0,"N",0,0.0,0,0,0,0,0,0,0,0,0,0,0,0,0,0
"35053","5","62419","77","0","2016","4","N","Socorro County, New Mexico","Private","NAICS 62419 Other individual and family services","County, NAICS 5-digit -- by ownership sector","All establishment sizes",1,0,0,0,0,0,0,0,"N",0.95,0,0,0,0,0,0,0,"N",0,0.0,0,0,0,0,0,0,0,0,0,0,0,0,0,0
"35053","5","624190","78","0","2016","1","N","Socorro County, New Mexico","Private","NAICS 624190 Other individual and family services","County, NAICS 6-digit -- by ownership sector","All establishment sizes",1,0,0,0,0,0,0,0,"N",0.94,0,0,0,0,0,0,0,"N",0,0.0,0,0,0,0,0,0,0,0,0,0,0,0,0,0
"35053","5","624190","78","0","2016","2","N","Socorro County, New Mexico","Private","NAICS 624190 Other individual and family services","County, NAICS 6-digit -- by ownership sector","All establishment sizes",1,0,0,0,0,0,0,0,"N",0.94,0,0,0,0,0,0,0,"N",0,0.0,0,0,0,0,0,0,0,0,0,0,0,0,0,0
"35053","5","624190","78","0","2016","3","N","Socorro County, New Mexico","Private","NAICS 624190 Other individual and family services","County, NAICS 6-digit -- by ownership sector","All establishment sizes",1,0,0,0,0,0,0,0,"N",0.95,0,0,0,0,0,0,0,"N",0,0.0,0,0,0,0,0,0,0,0,0,0,0,0,0,0
"35053","5","624190","78","0","2016","4","N","Socorro County, New Mexico","Private","NAICS 624190 Other individual and family services","County, NAICS 6-digit -- by ownership sector","All establishment sizes",1,0,0,0,0,0,0,0,"N",0.95,0,0,0,0,0,0,0,"N",0,0.0,0,0,0,0,0,0,0,0,0,0,0,0,0,0
"35053","5","6242","76","0","2016","1","N","Socorro County, New Mexico","Private","NAICS 6242 Emergency and other relief services","County, NAICS 4-digit -- by ownership sector","All establishment sizes",2,0,0,0,0,0,0,0,"N",4.83,0,0,0,0,0,0,0,"N",0,0.0,0,0,0,0,0,0,0,0,0,0,0,0,0,0
"35053","5","6242","76","0","2016","2","N","Socorro County, New Mexico","Private","NAICS 6242 Emergency and other relief services","County, NAICS 4-digit -- by ownership sector","All establishment sizes",2,0,0,0,0,0,0,0,"N",4.86,0,0,0,0,0,0,0,"N",0,0.0,0,0,0,0,0,0,0,0,0,0,0,0,0,0
"35053","5","6242","76","0","2016","3","N","Socorro County, New Mexico","Private","NAICS 6242 Emergency and other relief services","County, NAICS 4-digit -- by ownership sector","All establishment sizes",2,0,0,0,0,0,0,0,"N",4.93,0,0,0,0,0,0,0,"N",0,0.0,0,0,0,0,0,0,0,0,0,0,0,0,0,0
"35053","5","6242","76","0","2016","4","N","Socorro County, New Mexico","Private","NAICS 6242 Emergency and other relief services","County, NAICS 4-digit -- by ownership sector","All establishment sizes",2,0,0,0,0,0,0,0,"N",4.96,0,0,0,0,0,0,0,"N",0,0.0,0,0,0,0,0,0,0,0,0,0,0,0,0,0
"35053","5","62421","77","0","2016","1","N","Socorro County, New Mexico","Private","NAICS 62421 Community food services","County, NAICS 5-digit -- by ownership sector","All establishment sizes",1,0,0,0,0,0,0,0,"N",8.66,0,0,0,0,0,0,0,"N",0,0.0,0,0,0,0,0,0,0,0,0,0,0,0,0,0
"35053","5","62421","77","0","2016","2","N","Socorro County, New Mexico","Private","NAICS 62421 Community food services","County, NAICS 5-digit -- by ownership sector","All establishment sizes",1,0,0,0,0,0,0,0,"N",8.70,0,0,0,0,0,0,0,"N",0,0.0,0,0,0,0,0,0,0,0,0,0,0,0,0,0
"35053","5","62421","77","0","2016","3","N","Socorro County, New Mexico","Private","NAICS 62421 Community food services","County, NAICS 5-digit -- by ownership sector","All establishment sizes",1,0,0,0,0,0,0,0,"N",8.82,0,0,0,0,0,0,0,"N",0,0.0,0,0,0,0,0,0,0,0,0,0,0,0,0,0
"35053","5","62421","77","0","2016","4","N","Socorro County, New Mexico","Private","NAICS 62421 Community food services","County, NAICS 5-digit -- by ownership sector","All establishment sizes",1,0,0,0,0,0,0,0,"N",8.98,0,0,0,0,0,0,0,"N",0,0.0,0,0,0,0,0,0,0,0,0,0,0,0,0,0
"35053","5","624210","78","0","2016","1","N","Socorro County, New Mexico","Private","NAICS 624210 Community food services","County, NAICS 6-digit -- by ownership sector","All establishment sizes",1,0,0,0,0,0,0,0,"N",8.66,0,0,0,0,0,0,0,"N",0,0.0,0,0,0,0,0,0,0,0,0,0,0,0,0,0
"35053","5","624210","78","0","2016","2","N","Socorro County, New Mexico","Private","NAICS 624210 Community food services","County, NAICS 6-digit -- by ownership sector","All establishment sizes",1,0,0,0,0,0,0,0,"N",8.70,0,0,0,0,0,0,0,"N",0,0.0,0,0,0,0,0,0,0,0,0,0,0,0,0,0
"35053","5","624210","78","0","2016","3","N","Socorro County, New Mexico","Private","NAICS 624210 Community food services","County, NAICS 6-digit -- by ownership sector","All establishment sizes",1,0,0,0,0,0,0,0,"N",8.82,0,0,0,0,0,0,0,"N",0,0.0,0,0,0,0,0,0,0,0,0,0,0,0,0,0
"35053","5","624210","78","0","2016","4","N","Socorro County, New Mexico","Private","NAICS 624210 Community food services","County, NAICS 6-digit -- by ownership sector","All establishment sizes",1,0,0,0,0,0,0,0,"N",8.98,0,0,0,0,0,0,0,"N",0,0.0,0,0,0,0,0,0,0,0,0,0,0,0,0,0
"35053","5","62422","77","0","2016","1","N","Socorro County, New Mexico","Private","NAICS 62422 Community housing services","County, NAICS 5-digit -- by ownership sector","All establishment sizes",1,0,0,0,0,0,0,0,"N",4.24,0,0,0,0,0,0,0,"N",0,0.0,0,0,0,0,0,0,0,0,0,0,0,0,0,0
"35053","5","62422","77","0","2016","2","N","Socorro County, New Mexico","Private","NAICS 62422 Community housing services","County, NAICS 5-digit -- by ownership sector","All establishment sizes",1,0,0,0,0,0,0,0,"N",4.28,0,0,0,0,0,0,0,"N",0,0.0,0,0,0,0,0,0,0,0,0,0,0,0,0,0
"35053","5","62422","77","0","2016","3","N","Socorro County, New Mexico","Private","NAICS 62422 Community housing services","County, NAICS 5-digit -- by ownership sector","All establishment sizes",1,0,0,0,0,0,0,0,"N",4.36,0,0,0,0,0,0,0,"N",0,0.0,0,0,0,0,0,0,0,0,0,0,0,0,0,0
"35053","5","62422","77","0","2016","4","N","Socorro County, New Mexico","Private","NAICS 62422 Community housing services","County, NAICS 5-digit -- by ownership sector","All establishment sizes",1,0,0,0,0,0,0,0,"N",4.39,0,0,0,0,0,0,0,"N",0,0.0,0,0,0,0,0,0,0,0,0,0,0,0,0,0
"35053","5","624221","78","0","2016","1","N","Socorro County, New Mexico","Private","NAICS 624221 Temporary shelters","County, NAICS 6-digit -- by ownership sector","All establishment sizes",1,0,0,0,0,0,0,0,"N",7.64,0,0,0,0,0,0,0,"N",0,0.0,0,0,0,0,0,0,0,0,0,0,0,0,0,0
"35053","5","624221","78","0","2016","2","N","Socorro County, New Mexico","Private","NAICS 624221 Temporary shelters","County, NAICS 6-digit -- by ownership sector","All establishment sizes",1,0,0,0,0,0,0,0,"N",7.71,0,0,0,0,0,0,0,"N",0,0.0,0,0,0,0,0,0,0,0,0,0,0,0,0,0
"35053","5","624221","78","0","2016","3","N","Socorro County, New Mexico","Private","NAICS 624221 Temporary shelters","County, NAICS 6-digit -- by ownership sector","All establishment sizes",1,0,0,0,0,0,0,0,"N",7.85,0,0,0,0,0,0,0,"N",0,0.0,0,0,0,0,0,0,0,0,0,0,0,0,0,0
"35053","5","624221","78","0","2016","4","N","Socorro County, New Mexico","Private","NAICS 624221 Temporary shelters","County, NAICS 6-digit -- by ownership sector","All establishment sizes",1,0,0,0,0,0,0,0,"N",7.88,0,0,0,0,0,0,0,"N",0,0.0,0,0,0,0,0,0,0,0,0,0,0,0,0,0
"35053","5","6243","76","0","2016","1","N","Socorro County, New Mexico","Private","NAICS 6243 Vocational rehabilitation services","County, NAICS 4-digit -- by ownership sector","All establishment sizes",1,0,0,0,0,0,0,0,"N",2.80,0,0,0,0,0,0,0,"N",0,0.0,0,0,0,0,0,0,0,0,0,0,0,0,0,0
"35053","5","6243","76","0","2016","2","N","Socorro County, New Mexico","Private","NAICS 6243 Vocational rehabilitation services","County, NAICS 4-digit -- by ownership sector","All establishment sizes",1,0,0,0,0,0,0,0,"N",2.83,0,0,0,0,0,0,0,"N",0,0.0,0,0,0,0,0,0,0,0,0,0,0,0,0,0
"35053","5","6243","76","0","2016","3","N","Socorro County, New Mexico","Private","NAICS 6243 Vocational rehabilitation services","County, NAICS 4-digit -- by ownership sector","All establishment sizes",1,0,0,0,0,0,0,0,"N",2.87,0,0,0,0,0,0,0,"N",0,0.0,0,0,0,0,0,0,0,0,0,0,0,0,0,0
"35053","5","6243","76","0","2016","4","N","Socorro County, New Mexico","Private","NAICS 6243 Vocational rehabilitation services","County, NAICS 4-digit -- by ownership sector","All establishment sizes",1,0,0,0,0,0,0,0,"N",2.89,0,0,0,0,0,0,0,"N",0,0.0,0,0,0,0,0,0,0,0,0,0,0,0,0,0
"35053","5","62431","77","0","2016","1","N","Socorro County, New Mexico","Private","NAICS 62431 Vocational rehabilitation services","County, NAICS 5-digit -- by ownership sector","All establishment sizes",1,0,0,0,0,0,0,0,"N",2.80,0,0,0,0,0,0,0,"N",0,0.0,0,0,0,0,0,0,0,0,0,0,0,0,0,0
"35053","5","62431","77","0","2016","2","N","Socorro County, New Mexico","Private","NAICS 62431 Vocational rehabilitation services","County, NAICS 5-digit -- by ownership sector","All establishment sizes",1,0,0,0,0,0,0,0,"N",2.83,0,0,0,0,0,0,0,"N",0,0.0,0,0,0,0,0,0,0,0,0,0,0,0,0,0
"35053","5","62431","77","0","2016","3","N","Socorro County, New Mexico","Private","NAICS 62431 Vocational rehabilitation services","County, NAICS 5-digit -- by ownership sector","All establishment sizes",1,0,0,0,0,0,0,0,"N",2.87,0,0,0,0,0,0,0,"N",0,0.0,0,0,0,0,0,0,0,0,0,0,0,0,0,0
"35053","5","62431","77","0","2016","4","N","Socorro County, New Mexico","Private","NAICS 62431 Vocational rehabilitation services","County, NAICS 5-digit -- by ownership sector","All establishment sizes",1,0,0,0,0,0,0,0,"N",2.89,0,0,0,0,0,0,0,"N",0,0.0,0,0,0,0,0,0,0,0,0,0,0,0,0,0
"35053","5","624310","78","0","2016","1","N","Socorro County, New Mexico","Private","NAICS 624310 Vocational rehabilitation services","County, NAICS 6-digit -- by ownership sector","All establishment sizes",1,0,0,0,0,0,0,0,"N",2.80,0,0,0,0,0,0,0,"N",0,0.0,0,0,0,0,0,0,0,0,0,0,0,0,0,0
"35053","5","624310","78","0","2016","2","N","Socorro County, New Mexico","Private","NAICS 624310 Vocational rehabilitation services","County, NAICS 6-digit -- by ownership sector","All establishment sizes",1,0,0,0,0,0,0,0,"N",2.83,0,0,0,0,0,0,0,"N",0,0.0,0,0,0,0,0,0,0,0,0,0,0,0,0,0
"35053","5","624310","78","0","2016","3","N","Socorro County, New Mexico","Private","NAICS 624310 Vocational rehabilitation services","County, NAICS 6-digit -- by ownership sector","All establishment sizes",1,0,0,0,0,0,0,0,"N",2.87,0,0,0,0,0,0,0,"N",0,0.0,0,0,0,0,0,0,0,0,0,0,0,0,0,0
"35053","5","624310","78","0","2016","4","N","Socorro County, New Mexico","Private","NAICS 624310 Vocational rehabilitation services","County, NAICS 6-digit -- by ownership sector","All establishment sizes",1,0,0,0,0,0,0,0,"N",2.89,0,0,0,0,0,0,0,"N",0,0.0,0,0,0,0,0,0,0,0,0,0,0,0,0,0
"35053","5","6244","76","0","2016","1","","Socorro County, New Mexico","Private","NAICS 6244 Child day care services","County, NAICS 4-digit -- by ownership sector","All establishment sizes",3,27,26,28,111891,111407,6540,319,"",1.14,0.85,0.81,0.86,1.08,1.18,3.34,1.29,"",0,0.0,0,0.0,-3,-10.3,1,3.7,-6126,-5.2,-6022,-5.1,-385,-5.6,-9,-2.7
"35053","5","6244","76","0","2016","2","N","Socorro County, New Mexico","Private","NAICS 6244 Child day care services","County, NAICS 4-digit -- by ownership sector","All establishment sizes",3,0,0,0,0,0,0,0,"N",1.14,0,0,0,0,0,0,0,"N",0,0.0,0,0,0,0,0,0,0,0,0,0,0,0,0,0
"35053","5","6244","76","0","2016","3","","Socorro County, New Mexico","Private","NAICS 6244 Child day care services","County, NAICS 4-digit -- by ownership sector","All establishment sizes",3,6,8,29,60357,47038,2612,324,"",1.16,0.20,0.26,0.90,0.51,0.50,1.49,1.11,"N",0,0.0,0,0,0,0,0,0,0,0,0,0,0,0,0,0
"35053","5","6244","76","0","2016","4","N","Socorro County, New Mexico","Private","NAICS 6244 Child day care services","County, NAICS 4-digit -- by ownership sector","All establishment sizes",3,0,0,0,0,0,0,0,"N",1.18,0,0,0,0,0,0,0,"N",0,0.0,0,0,0,0,0,0,0,0,0,0,0,0,0,0
"35053","5","62441","77","0","2016","1","","Socorro County, New Mexico","Private","NAICS 62441 Child day care services","County, NAICS 5-digit -- by ownership sector","All establishment sizes",3,27,26,28,111891,111407,6540,319,"",1.14,0.85,0.81,0.86,1.08,1.18,3.34,1.29,"",0,0.0,0,0.0,-3,-10.3,1,3.7,-6126,-5.2,-6022,-5.1,-385,-5.6,-9,-2.7
"35053","5","62441","77","0","2016","2","N","Socorro County, New Mexico","Private","NAICS 62441 Child day care services","County, NAICS 5-digit -- by ownership sector","All establishment sizes",3,0,0,0,0,0,0,0,"N",1.14,0,0,0,0,0,0,0,"N",0,0.0,0,0,0,0,0,0,0,0,0,0,0,0,0,0
"35053","5","62441","77","0","2016","3","","Socorro County, New Mexico","Private","NAICS 62441 Child day care services","County, NAICS 5-digit -- by ownership sector","All establishment sizes",3,6,8,29,60357,47038,2612,324,"",1.16,0.20,0.26,0.90,0.51,0.50,1.49,1.11,"N",0,0.0,0,0,0,0,0,0,0,0,0,0,0,0,0,0
"35053","5","62441","77","0","2016","4","N","Socorro County, New Mexico","Private","NAICS 62441 Child day care services","County, NAICS 5-digit -- by ownership sector","All establishment sizes",3,0,0,0,0,0,0,0,"N",1.18,0,0,0,0,0,0,0,"N",0,0.0,0,0,0,0,0,0,0,0,0,0,0,0,0,0
"35053","5","624410","78","0","2016","1","","Socorro County, New Mexico","Private","NAICS 624410 Child day care services","County, NAICS 6-digit -- by ownership sector","All establishment sizes",3,27,26,28,111891,111407,6540,319,"",1.14,0.85,0.81,0.86,1.08,1.18,3.34,1.29,"",0,0.0,0,0.0,-3,-10.3,1,3.7,-6126,-5.2,-6022,-5.1,-385,-5.6,-9,-2.7
"35053","5","624410","78","0","2016","2","N","Socorro County, New Mexico","Private","NAICS 624410 Child day care services","County, NAICS 6-digit -- by ownership sector","All establishment sizes",3,0,0,0,0,0,0,0,"N",1.14,0,0,0,0,0,0,0,"N",0,0.0,0,0,0,0,0,0,0,0,0,0,0,0,0,0
"35053","5","624410","78","0","2016","3","","Socorro County, New Mexico","Private","NAICS 624410 Child day care services","County, NAICS 6-digit -- by ownership sector","All establishment sizes",3,6,8,29,60357,47038,2612,324,"",1.16,0.20,0.26,0.90,0.51,0.50,1.49,1.11,"N",0,0.0,0,0,0,0,0,0,0,0,0,0,0,0,0,0
"35053","5","624410","78","0","2016","4","N","Socorro County, New Mexico","Private","NAICS 624410 Child day care services","County, NAICS 6-digit -- by ownership sector","All establishment sizes",3,0,0,0,0,0,0,0,"N",1.18,0,0,0,0,0,0,0,"N",0,0.0,0,0,0,0,0,0,0,0,0,0,0,0,0,0
"35053","5","72","74","0","2016","1","","Socorro County, New Mexico","Private","NAICS 72 Accommodation and food services","County, NAICS Sector -- by ownership sector","All establishment sizes",39,612,597,593,2000728,1999601,38420,256,"",1.54,1.27,1.22,1.19,1.34,1.39,1.56,1.09,"N",3,8.3,0,0,0,0,0,0,0,0,0,0,0,0,0,0
"35053","5","72","74","0","2016","2","","Socorro County, New Mexico","Private","NAICS 72 Accommodation and food services","County, NAICS Sector -- by ownership sector","All establishment sizes",40,640,656,628,2219333,2140118,43357,266,"",1.59,1.26,1.28,1.20,1.25,1.07,1.20,1.00,"",4,11.1,20,3.2,68,11.6,19,3.1,180868,8.9,174143,8.9,7885,22.2,7,2.7
"35053","5","72","74","0","2016","3","","Socorro County, New Mexico","Private","NAICS 72 Accommodation and food services","County, NAICS Sector -- by ownership sector","All establishment sizes",41,616,628,638,2170716,1931608,38042,266,"",1.65,1.22,1.24,1.25,1.22,1.16,1.24,0.98,"",4,10.8,26,4.4,28,4.7,38,6.3,84737,4.1,73946,4.0,5437,16.7,-3,-1.1
"35053","5","72","74","0","2016","4","","Socorro County, New Mexico","Private","NAICS 72 Accommodation and food services","County, NAICS Sector -- by ownership sector","All establishment sizes",40,648,644,638,2544861,2011475,35698,304,"",1.62,1.30,1.30,1.29,1.53,1.67,2.39,1.18,"N",2,5.3,0,0,0,0,0,0,0,0,0,0,0,0,0,0
"35053","5","721","75","0","2016","1","","Socorro County, New Mexico","Private","NAICS 721 Accommodation","County, NAICS 3-digit -- by ownership sector","All establishment sizes",10,121,111,100,445893,445893,3376,310,"",3.93,1.73,1.57,1.40,1.33,1.54,0.57,0.85,"N",2,25.0,0,0,0,0,0,0,0,0,0,0,0,0,0,0
"35053","5","721","75","0","2016","2","","Socorro County, New Mexico","Private","NAICS 721 Accommodation","County, NAICS 3-digit -- by ownership sector","All establishment sizes",10,125,128,118,503402,482525,3814,313,"",3.95,1.71,1.73,1.52,1.30,1.35,0.51,0.79,"",2,25.0,10,8.7,24,23.1,4,3.5,85430,20.4,78575,19.5,-3069,-44.6,23,7.9
"35053","5","721","75","0","2016","3","","Socorro County, New Mexico","Private","NAICS 721 Accommodation","County, NAICS 3-digit -- by ownership sector","All establishment sizes",9,106,112,107,476086,398653,2570,338,"",3.61,1.37,1.46,1.43,1.20,1.30,0.39,0.84,"",0,0.0,-6,-5.4,-6,-5.1,-5,-4.5,-9829,-2.0,-9926,-2.4,-4495,-63.6,10,3.0
"35053","5","721","75","0","2016","4","","Socorro County, New Mexico","Private","NAICS 721 Accommodation","County, NAICS 3-digit -- by ownership sector","All establishment sizes",9,109,107,108,648396,403942,1758,462,"",3.63,1.50,1.51,1.54,1.81,2.24,0.70,1.19,"N",-1,-10.0,0,0,0,0,0,0,0,0,0,0,0,0,0,0
"35053","5","7211","76","0","2016","1","N","Socorro County, New Mexico","Private","NAICS 7211 Traveler accommodation","County, NAICS 4-digit -- by ownership sector","All establishment sizes",9,0,0,0,0,0,0,0,"N",4.08,0,0,0,0,0,0,0,"N",1,12.5,0,0,0,0,0,0,0,0,0,0,0,0,0,0
"35053","5","7211","76","0","2016","2","N","Socorro County, New Mexico","Private","NAICS 7211 Traveler accommodation","County, NAICS 4-digit -- by ownership sector","All establishment sizes",9,0,0,0,0,0,0,0,"N",4.11,0,0,0,0,0,0,0,"N",1,12.5,0,0,0,0,0,0,0,0,0,0,0,0,0,0
"35053","5","7211","76","0","2016","3","N","Socorro County, New Mexico","Private","NAICS 7211 Traveler accommodation","County, NAICS 4-digit -- by ownership sector","All establishment sizes",8,0,0,0,0,0,0,0,"N",3.70,0,0,0,0,0,0,0,"N",0,0.0,0,0,0,0,0,0,0,0,0,0,0,0,0,0
"35053","5","7211","76","0","2016","4","N","Socorro County, New Mexico","Private","NAICS 7211 Traveler accommodation","County, NAICS 4-digit -- by ownership sector","All establishment sizes",8,0,0,0,0,0,0,0,"N",3.73,0,0,0,0,0,0,0,"N",-1,-11.1,0,0,0,0,0,0,0,0,0,0,0,0,0,0
"35053","5","72111","77","0","2016","1","N","Socorro County, New Mexico","Private","NAICS 72111 Hotels and motels, except casino hotels","County, NAICS 5-digit -- by ownership sector","All establishment sizes",9,0,0,0,0,0,0,0,"N",4.47,0,0,0,0,0,0,0,"N",1,12.5,0,0,0,0,0,0,0,0,0,0,0,0,0,0
"35053","5","72111","77","0","2016","2","N","Socorro County, New Mexico","Private","NAICS 72111 Hotels and motels, except casino hotels","County, NAICS 5-digit -- by ownership sector","All establishment sizes",9,0,0,0,0,0,0,0,"N",4.50,0,0,0,0,0,0,0,"N",1,12.5,0,0,0,0,0,0,0,0,0,0,0,0,0,0
"35053","5","72111","77","0","2016","3","N","Socorro County, New Mexico","Private","NAICS 72111 Hotels and motels, except casino hotels","County, NAICS 5-digit -- by ownership sector","All establishment sizes",8,0,0,0,0,0,0,0,"N",4.05,0,0,0,0,0,0,0,"N",0,0.0,0,0,0,0,0,0,0,0,0,0,0,0,0,0
"35053","5","72111","77","0","2016","4","N","Socorro County, New Mexico","Private","NAICS 72111 Hotels and motels, except casino hotels","County, NAICS 5-digit -- by ownership sector","All establishment sizes",8,0,0,0,0,0,0,0,"N",4.08,0,0,0,0,0,0,0,"N",-1,-11.1,0,0,0,0,0,0,0,0,0,0,0,0,0,0
"35053","5","721110","78","0","2016","1","N","Socorro County, New Mexico","Private","NAICS 721110 Hotels and motels, except casino hotels","County, NAICS 6-digit -- by ownership sector","All establishment sizes",9,0,0,0,0,0,0,0,"N",4.47,0,0,0,0,0,0,0,"N",1,12.5,0,0,0,0,0,0,0,0,0,0,0,0,0,0
"35053","5","721110","78","0","2016","2","N","Socorro County, New Mexico","Private","NAICS 721110 Hotels and motels, except casino hotels","County, NAICS 6-digit -- by ownership sector","All establishment sizes",9,0,0,0,0,0,0,0,"N",4.50,0,0,0,0,0,0,0,"N",1,12.5,0,0,0,0,0,0,0,0,0,0,0,0,0,0
"35053","5","721110","78","0","2016","3","N","Socorro County, New Mexico","Private","NAICS 721110 Hotels and motels, except casino hotels","County, NAICS 6-digit -- by ownership sector","All establishment sizes",8,0,0,0,0,0,0,0,"N",4.05,0,0,0,0,0,0,0,"N",0,0.0,0,0,0,0,0,0,0,0,0,0,0,0,0,0
"35053","5","721110","78","0","2016","4","N","Socorro County, New Mexico","Private","NAICS 721110 Hotels and motels, except casino hotels","County, NAICS 6-digit -- by ownership sector","All establishment sizes",8,0,0,0,0,0,0,0,"N",4.08,0,0,0,0,0,0,0,"N",-1,-11.1,0,0,0,0,0,0,0,0,0,0,0,0,0,0
"35053","5","7212","76","0","2016","1","N","Socorro County, New Mexico","Private","NAICS 7212 Rv parks and recreational camps","County, NAICS 4-digit -- by ownership sector","All establishment sizes",1,0,0,0,0,0,0,0,"N",3.79,0,0,0,0,0,0,0,"N",1,100.0,0,0,0,0,0,0,0,0,0,0,0,0,0,0
"35053","5","7212","76","0","2016","2","N","Socorro County, New Mexico","Private","NAICS 7212 Rv parks and recreational camps","County, NAICS 4-digit -- by ownership sector","All establishment sizes",1,0,0,0,0,0,0,0,"N",3.80,0,0,0,0,0,0,0,"N",1,100.0,0,0,0,0,0,0,0,0,0,0,0,0,0,0
"35053","5","7212","76","0","2016","3","N","Socorro County, New Mexico","Private","NAICS 7212 Rv parks and recreational camps","County, NAICS 4-digit -- by ownership sector","All establishment sizes",1,0,0,0,0,0,0,0,"N",3.84,0,0,0,0,0,0,0,"N",0,0.0,0,0,0,0,0,0,0,0,0,0,0,0,0,0
"35053","5","7212","76","0","2016","4","N","Socorro County, New Mexico","Private","NAICS 7212 Rv parks and recreational camps","County, NAICS 4-digit -- by ownership sector","All establishment sizes",1,0,0,0,0,0,0,0,"N",3.88,0,0,0,0,0,0,0,"N",0,0.0,0,0,0,0,0,0,0,0,0,0,0,0,0,0
"35053","5","72121","77","0","2016","1","N","Socorro County, New Mexico","Private","NAICS 72121 Rv parks and recreational camps","County, NAICS 5-digit -- by ownership sector","All establishment sizes",1,0,0,0,0,0,0,0,"N",3.79,0,0,0,0,0,0,0,"N",1,100.0,0,0,0,0,0,0,0,0,0,0,0,0,0,0
"35053","5","72121","77","0","2016","2","N","Socorro County, New Mexico","Private","NAICS 72121 Rv parks and recreational camps","County, NAICS 5-digit -- by ownership sector","All establishment sizes",1,0,0,0,0,0,0,0,"N",3.80,0,0,0,0,0,0,0,"N",1,100.0,0,0,0,0,0,0,0,0,0,0,0,0,0,0
"35053","5","72121","77","0","2016","3","N","Socorro County, New Mexico","Private","NAICS 72121 Rv parks and recreational camps","County, NAICS 5-digit -- by ownership sector","All establishment sizes",1,0,0,0,0,0,0,0,"N",3.84,0,0,0,0,0,0,0,"N",0,0.0,0,0,0,0,0,0,0,0,0,0,0,0,0,0
"35053","5","72121","77","0","2016","4","N","Socorro County, New Mexico","Private","NAICS 72121 Rv parks and recreational camps","County, NAICS 5-digit -- by ownership sector","All establishment sizes",1,0,0,0,0,0,0,0,"N",3.88,0,0,0,0,0,0,0,"N",0,0.0,0,0,0,0,0,0,0,0,0,0,0,0,0,0
"35053","5","721214","78","0","2016","1","N","Socorro County, New Mexico","Private","NAICS 721214 Recreational and vacation camps","County, NAICS 6-digit -- by ownership sector","All establishment sizes",1,0,0,0,0,0,0,0,"N",9.77,0,0,0,0,0,0,0,"N",1,100.0,0,0,0,0,0,0,0,0,0,0,0,0,0,0
"35053","5","721214","78","0","2016","2","N","Socorro County, New Mexico","Private","NAICS 721214 Recreational and vacation camps","County, NAICS 6-digit -- by ownership sector","All establishment sizes",1,0,0,0,0,0,0,0,"N",9.83,0,0,0,0,0,0,0,"N",1,100.0,0,0,0,0,0,0,0,0,0,0,0,0,0,0
"35053","5","721214","78","0","2016","3","N","Socorro County, New Mexico","Private","NAICS 721214 Recreational and vacation camps","County, NAICS 6-digit -- by ownership sector","All establishment sizes",1,0,0,0,0,0,0,0,"N",9.94,0,0,0,0,0,0,0,"N",0,0.0,0,0,0,0,0,0,0,0,0,0,0,0,0,0
"35053","5","721214","78","0","2016","4","N","Socorro County, New Mexico","Private","NAICS 721214 Recreational and vacation camps","County, NAICS 6-digit -- by ownership sector","All establishment sizes",1,0,0,0,0,0,0,0,"N",10.06,0,0,0,0,0,0,0,"N",0,0.0,0,0,0,0,0,0,0,0,0,0,0,0,0,0
"35053","5","722","75","0","2016","1","","Socorro County, New Mexico","Private","NAICS 722 Food services and drinking places","County, NAICS 3-digit -- by ownership sector","All establishment sizes",29,491,486,493,1554835,1553708,35044,244,"",1.28,1.19,1.16,1.16,1.34,1.36,1.88,1.15,"",1,3.6,-44,-8.2,-11,-2.2,-18,-3.5,-25874,-1.6,-26287,-1.7,-2371,-6.3,8,3.4
"35053","5","722","75","0","2016","2","","Socorro County, New Mexico","Private","NAICS 722 Food services and drinking places","County, NAICS 3-digit -- by ownership sector","All establishment sizes",30,515,528,510,1715931,1657593,39543,255,"",1.33,1.18,1.21,1.15,1.23,1.01,1.38,1.05,"",2,7.1,10,2.0,44,9.1,15,3.0,95438,5.9,95568,6.1,10954,38.3,3,1.2
"35053","5","722","75","0","2016","3","","Socorro County, New Mexico","Private","NAICS 722 Food services and drinking places","County, NAICS 3-digit -- by ownership sector","All establishment sizes",32,510,516,531,1694630,1532955,35472,251,"",1.43,1.19,1.20,1.22,1.22,1.13,1.48,1.01,"",4,14.3,32,6.7,34,7.1,43,8.8,94566,5.9,83872,5.8,9932,38.9,-4,-1.6
"35053","5","722","75","0","2016","4","","Socorro County, New Mexico","Private","NAICS 722 Food services and drinking places","County, NAICS 3-digit -- by ownership sector","All establishment sizes",31,539,537,530,1896465,1607533,33940,273,"",1.39,1.26,1.27,1.25,1.45,1.57,2.73,1.15,"",3,10.7,45,9.1,34,6.8,49,10.2,102648,5.7,77730,5.1,1825,5.7,-7,-2.5
"35053","5","7223","76","0","2016","1","N","Socorro County, New Mexico","Private","NAICS 7223 Special food services","County, NAICS 4-digit -- by ownership sector","All establishment sizes",2,0,0,0,0,0,0,0,"N",1.44,0,0,0,0,0,0,0,"N",0,0.0,0,0,0,0,0,0,0,0,0,0,0,0,0,0
"35053","5","7223","76","0","2016","2","N","Socorro County, New Mexico","Private","NAICS 7223 Special food services","County, NAICS 4-digit -- by ownership sector","All establishment sizes",2,0,0,0,0,0,0,0,"N",1.44,0,0,0,0,0,0,0,"N",0,0.0,0,0,0,0,0,0,0,0,0,0,0,0,0,0
"35053","5","7223","76","0","2016","3","N","Socorro County, New Mexico","Private","NAICS 7223 Special food services","County, NAICS 4-digit -- by ownership sector","All establishment sizes",2,0,0,0,0,0,0,0,"N",1.45,0,0,0,0,0,0,0,"N",0,0.0,0,0,0,0,0,0,0,0,0,0,0,0,0,0
"35053","5","7223","76","0","2016","4","N","Socorro County, New Mexico","Private","NAICS 7223 Special food services","County, NAICS 4-digit -- by ownership sector","All establishment sizes",2,0,0,0,0,0,0,0,"N",1.47,0,0,0,0,0,0,0,"N",0,0.0,0,0,0,0,0,0,0,0,0,0,0,0,0,0
"35053","5","72231","77","0","2016","1","N","Socorro County, New Mexico","Private","NAICS 72231 Food service contractors","County, NAICS 5-digit -- by ownership sector","All establishment sizes",2,0,0,0,0,0,0,0,"N",2.51,0,0,0,0,0,0,0,"N",0,0.0,0,0,0,0,0,0,0,0,0,0,0,0,0,0
"35053","5","72231","77","0","2016","2","N","Socorro County, New Mexico","Private","NAICS 72231 Food service contractors","County, NAICS 5-digit -- by ownership sector","All establishment sizes",2,0,0,0,0,0,0,0,"N",2.53,0,0,0,0,0,0,0,"N",0,0.0,0,0,0,0,0,0,0,0,0,0,0,0,0,0
"35053","5","72231","77","0","2016","3","N","Socorro County, New Mexico","Private","NAICS 72231 Food service contractors","County, NAICS 5-digit -- by ownership sector","All establishment sizes",2,0,0,0,0,0,0,0,"N",2.56,0,0,0,0,0,0,0,"N",0,0.0,0,0,0,0,0,0,0,0,0,0,0,0,0,0
"35053","5","72231","77","0","2016","4","N","Socorro County, New Mexico","Private","NAICS 72231 Food service contractors","County, NAICS 5-digit -- by ownership sector","All establishment sizes",2,0,0,0,0,0,0,0,"N",2.60,0,0,0,0,0,0,0,"N",0,0.0,0,0,0,0,0,0,0,0,0,0,0,0,0,0
"35053","5","722310","78","0","2016","1","N","Socorro County, New Mexico","Private","NAICS 722310 Food service contractors","County, NAICS 6-digit -- by ownership sector","All establishment sizes",2,0,0,0,0,0,0,0,"N",2.51,0,0,0,0,0,0,0,"N",0,0.0,0,0,0,0,0,0,0,0,0,0,0,0,0,0
"35053","5","722310","78","0","2016","2","N","Socorro County, New Mexico","Private","NAICS 722310 Food service contractors","County, NAICS 6-digit -- by ownership sector","All establishment sizes",2,0,0,0,0,0,0,0,"N",2.53,0,0,0,0,0,0,0,"N",0,0.0,0,0,0,0,0,0,0,0,0,0,0,0,0,0
"35053","5","722310","78","0","2016","3","N","Socorro County, New Mexico","Private","NAICS 722310 Food service contractors","County, NAICS 6-digit -- by ownership sector","All establishment sizes",2,0,0,0,0,0,0,0,"N",2.56,0,0,0,0,0,0,0,"N",0,0.0,0,0,0,0,0,0,0,0,0,0,0,0,0,0
"35053","5","722310","78","0","2016","4","N","Socorro County, New Mexico","Private","NAICS 722310 Food service contractors","County, NAICS 6-digit -- by ownership sector","All establishment sizes",2,0,0,0,0,0,0,0,"N",2.60,0,0,0,0,0,0,0,"N",0,0.0,0,0,0,0,0,0,0,0,0,0,0,0,0,0
"35053","5","7224","76","0","2016","1","N","Socorro County, New Mexico","Private","NAICS 7224 Drinking places, alcoholic beverages","County, NAICS 4-digit -- by ownership sector","All establishment sizes",3,0,0,0,0,0,0,0,"N",1.87,0,0,0,0,0,0,0,"N",0,0.0,0,0,0,0,0,0,0,0,0,0,0,0,0,0
"35053","5","7224","76","0","2016","2","N","Socorro County, New Mexico","Private","NAICS 7224 Drinking places, alcoholic beverages","County, NAICS 4-digit -- by ownership sector","All establishment sizes",3,0,0,0,0,0,0,0,"N",1.89,0,0,0,0,0,0,0,"N",0,0.0,0,0,0,0,0,0,0,0,0,0,0,0,0,0
"35053","5","7224","76","0","2016","3","N","Socorro County, New Mexico","Private","NAICS 7224 Drinking places, alcoholic beverages","County, NAICS 4-digit -- by ownership sector","All establishment sizes",3,0,0,0,0,0,0,0,"N",1.92,0,0,0,0,0,0,0,"N",0,0.0,0,0,0,0,0,0,0,0,0,0,0,0,0,0
"35053","5","7224","76","0","2016","4","N","Socorro County, New Mexico","Private","NAICS 7224 Drinking places, alcoholic beverages","County, NAICS 4-digit -- by ownership sector","All establishment sizes",3,0,0,0,0,0,0,0,"N",1.94,0,0,0,0,0,0,0,"N",0,0.0,0,0,0,0,0,0,0,0,0,0,0,0,0,0
"35053","5","72241","77","0","2016","1","N","Socorro County, New Mexico","Private","NAICS 72241 Drinking places, alcoholic beverages","County, NAICS 5-digit -- by ownership sector","All establishment sizes",3,0,0,0,0,0,0,0,"N",1.87,0,0,0,0,0,0,0,"N",0,0.0,0,0,0,0,0,0,0,0,0,0,0,0,0,0
"35053","5","72241","77","0","2016","2","N","Socorro County, New Mexico","Private","NAICS 72241 Drinking places, alcoholic beverages","County, NAICS 5-digit -- by ownership sector","All establishment sizes",3,0,0,0,0,0,0,0,"N",1.89,0,0,0,0,0,0,0,"N",0,0.0,0,0,0,0,0,0,0,0,0,0,0,0,0,0
"35053","5","72241","77","0","2016","3","N","Socorro County, New Mexico","Private","NAICS 72241 Drinking places, alcoholic beverages","County, NAICS 5-digit -- by ownership sector","All establishment sizes",3,0,0,0,0,0,0,0,"N",1.92,0,0,0,0,0,0,0,"N",0,0.0,0,0,0,0,0,0,0,0,0,0,0,0,0,0
"35053","5","72241","77","0","2016","4","N","Socorro County, New Mexico","Private","NAICS 72241 Drinking places, alcoholic beverages","County, NAICS 5-digit -- by ownership sector","All establishment sizes",3,0,0,0,0,0,0,0,"N",1.94,0,0,0,0,0,0,0,"N",0,0.0,0,0,0,0,0,0,0,0,0,0,0,0,0,0
"35053","5","722410","78","0","2016","1","N","Socorro County, New Mexico","Private","NAICS 722410 Drinking places, alcoholic beverages","County, NAICS 6-digit -- by ownership sector","All establishment sizes",3,0,0,0,0,0,0,0,"N",1.87,0,0,0,0,0,0,0,"N",0,0.0,0,0,0,0,0,0,0,0,0,0,0,0,0,0
"35053","5","722410","78","0","2016","2","N","Socorro County, New Mexico","Private","NAICS 722410 Drinking places, alcoholic beverages","County, NAICS 6-digit -- by ownership sector","All establishment sizes",3,0,0,0,0,0,0,0,"N",1.89,0,0,0,0,0,0,0,"N",0,0.0,0,0,0,0,0,0,0,0,0,0,0,0,0,0
"35053","5","722410","78","0","2016","3","N","Socorro County, New Mexico","Private","NAICS 722410 Drinking places, alcoholic beverages","County, NAICS 6-digit -- by ownership sector","All establishment sizes",3,0,0,0,0,0,0,0,"N",1.92,0,0,0,0,0,0,0,"N",0,0.0,0,0,0,0,0,0,0,0,0,0,0,0,0,0
"35053","5","722410","78","0","2016","4","N","Socorro County, New Mexico","Private","NAICS 722410 Drinking places, alcoholic beverages","County, NAICS 6-digit -- by ownership sector","All establishment sizes",3,0,0,0,0,0,0,0,"N",1.94,0,0,0,0,0,0,0,"N",0,0.0,0,0,0,0,0,0,0,0,0,0,0,0,0,0
"35053","5","7225","76","0","2016","1","","Socorro County, New Mexico","Private","NAICS 7225 Restaurants and other eating places","County, NAICS 4-digit -- by ownership sector","All establishment sizes",24,382,386,382,1222324,1221225,16727,245,"",1.22,1.02,1.02,0.99,1.19,1.19,1.11,1.18,"",1,4.3,-48,-11.2,0,0.0,-9,-2.3,42492,3.6,42101,3.6,2090,14.3,19,8.4
"35053","5","7225","76","0","2016","2","","Socorro County, New Mexico","Private","NAICS 7225 Restaurants and other eating places","County, NAICS 4-digit -- by ownership sector","All establishment sizes",25,405,415,401,1369191,1335370,21864,259,"",1.27,1.02,1.04,0.99,1.11,0.90,0.93,1.09,"",2,8.7,10,2.5,34,8.9,8,2.0,81898,6.4,67781,5.3,9020,70.2,5,2.0
"35053","5","7225","76","0","2016","3","","Socorro County, New Mexico","Private","NAICS 7225 Restaurants and other eating places","County, NAICS 4-digit -- by ownership sector","All establishment sizes",27,404,412,413,1347121,1233607,19574,253,"",1.39,1.03,1.05,1.05,1.09,1.00,0.96,1.04,"",4,17.4,29,7.7,40,10.8,42,11.3,71754,5.6,49263,4.2,7669,64.4,-10,-3.8
"35053","5","7225","76","0","2016","4","","Socorro County, New Mexico","Private","NAICS 7225 Restaurants and other eating places","County, NAICS 4-digit -- by ownership sector","All establishment sizes",26,414,413,407,1395846,1191256,10269,261,"",1.35,1.07,1.08,1.06,1.21,1.29,1.01,1.13,"",3,13.0,36,9.5,29,7.6,26,6.8,65399,4.9,34842,3.0,-1384,-11.9,-8,-3.0
"35053","5","72251","77","0","2016","1","","Socorro County, New Mexico","Private","NAICS 72251 Restaurants and other eating places","County, NAICS 5-digit -- by ownership sector","All establishment sizes",24,382,386,382,1222324,1221225,16727,245,"",1.22,1.02,1.02,0.99,1.19,1.19,1.11,1.18,"",1,4.3,-48,-11.2,0,0.0,-9,-2.3,42492,3.6,42101,3.6,2090,14.3,19,8.4
"35053","5","72251","77","0","2016","2","","Socorro County, New Mexico","Private","NAICS 72251 Restaurants and other eating places","County, NAICS 5-digit -- by ownership sector","All establishment sizes",25,405,415,401,1369191,1335370,21864,259,"",1.27,1.02,1.04,0.99,1.11,0.90,0.93,1.09,"",2,8.7,10,2.5,34,8.9,8,2.0,81898,6.4,67781,5.3,9020,70.2,5,2.0
"35053","5","72251","77","0","2016","3","","Socorro County, New Mexico","Private","NAICS 72251 Restaurants and other eating places","County, NAICS 5-digit -- by ownership sector","All establishment sizes",27,404,412,413,1347121,1233607,19574,253,"",1.39,1.03,1.05,1.05,1.09,1.00,0.96,1.04,"",4,17.4,29,7.7,40,10.8,42,11.3,71754,5.6,49263,4.2,7669,64.4,-10,-3.8
"35053","5","72251","77","0","2016","4","","Socorro County, New Mexico","Private","NAICS 72251 Restaurants and other eating places","County, NAICS 5-digit -- by ownership sector","All establishment sizes",26,414,413,407,1395846,1191256,10269,261,"",1.35,1.07,1.08,1.06,1.21,1.29,1.01,1.13,"",3,13.0,36,9.5,29,7.6,26,6.8,65399,4.9,34842,3.0,-1384,-11.9,-8,-3.0
"35053","5","722511","78","0","2016","1","","Socorro County, New Mexico","Private","NAICS 722511 Full-service restaurants","County, NAICS 6-digit -- by ownership sector","All establishment sizes",14,216,216,219,691334,691099,12845,245,"",1.58,1.11,1.10,1.10,1.14,1.15,1.40,1.04,"",0,0.0,-48,-18.2,-11,-4.8,-5,-2.2,-23076,-3.2,-23099,-3.2,1891,17.3,14,6.1
"35053","5","722511","78","0","2016","2","","Socorro County, New Mexico","Private","NAICS 722511 Full-service restaurants","County, NAICS 6-digit -- by ownership sector","All establishment sizes",15,222,234,222,830556,814111,15498,283,"",1.70,1.09,1.14,1.06,1.15,1.00,1.14,1.04,"",1,7.1,6,2.8,22,10.4,-2,-0.9,85440,11.5,83302,11.4,6702,76.2,19,7.2
"35053","5","722511","78","0","2016","3","","Socorro County, New Mexico","Private","NAICS 722511 Full-service restaurants","County, NAICS 6-digit -- by ownership sector","All establishment sizes",16,222,230,228,786857,721154,13366,267,"",1.84,1.10,1.13,1.13,1.09,1.08,1.15,0.97,"",2,14.3,8,3.7,15,7.0,13,6.0,48523,6.6,29047,4.2,5357,66.9,2,0.8
"35053","5","722511","78","0","2016","4","","Socorro County, New Mexico","Private","NAICS 722511 Full-service restaurants","County, NAICS 6-digit -- by ownership sector","All establishment sizes",15,227,228,219,799428,673375,7072,274,"",1.73,1.14,1.16,1.11,1.20,1.39,1.26,1.06,"",1,7.1,11,5.1,7,3.2,-2,-0.9,9786,1.2,-16438,-2.4,-975,-12.1,-3,-1.1
"35053","5","722513","78","0","2016","1","","Socorro County, New Mexico","Private","NAICS 722513 Limited-service restaurants","County, NAICS 6-digit -- by ownership sector","All establishment sizes",8,154,158,149,491986,491122,3467,246,"",0.93,1.00,1.01,0.94,1.38,1.37,0.73,1.41,"N",0,0.0,0,0,0,0,0,0,0,0,0,0,0,0,0,0
"35053","5","722513","78","0","2016","2","","Socorro County, New Mexico","Private","NAICS 722513 Limited-service restaurants","County, NAICS 6-digit -- by ownership sector","All establishment sizes",8,169,168,165,502794,485715,6003,231,"",0.94,1.04,1.03,0.99,1.18,0.87,0.74,1.15,"N",0,0.0,0,0,0,0,0,0,0,0,0,0,0,0,0,0
"35053","5","722513","78","0","2016","3","","Socorro County, New Mexico","Private","NAICS 722513 Limited-service restaurants","County, NAICS 6-digit -- by ownership sector","All establishment sizes",9,167,167,170,518534,472702,5808,237,"",1.06,1.05,1.04,1.06,1.21,0.99,0.83,1.16,"N",1,12.5,0,0,0,0,0,0,0,0,0,0,0,0,0,0
"35053","5","722513","78","0","2016","4","","Socorro County, New Mexico","Private","NAICS 722513 Limited-service restaurants","County, NAICS 6-digit -- by ownership sector","All establishment sizes",9,172,171,174,556493,481566,2996,248,"",1.07,1.08,1.08,1.10,1.38,1.31,0.81,1.27,"N",1,12.5,0,0,0,0,0,0,0,0,0,0,0,0,0,0
"35053","5","722514","78","0","2016","1","N","Socorro County, New Mexico","Private","NAICS 722514 Cafeterias, grill buffets, and buffets","County, NAICS 6-digit -- by ownership sector","All establishment sizes",1,0,0,0,0,0,0,0,"N",3.93,0,0,0,0,0,0,0,"N",0,0.0,0,0,0,0,0,0,0,0,0,0,0,0,0,0
"35053","5","722514","78","0","2016","2","N","Socorro County, New Mexico","Private","NAICS 722514 Cafeterias, grill buffets, and buffets","County, NAICS 6-digit -- by ownership sector","All establishment sizes",1,0,0,0,0,0,0,0,"N",4.02,0,0,0,0,0,0,0,"N",0,0.0,0,0,0,0,0,0,0,0,0,0,0,0,0,0
"35053","5","722514","78","0","2016","3","N","Socorro County, New Mexico","Private","NAICS 722514 Cafeterias, grill buffets, and buffets","County, NAICS 6-digit -- by ownership sector","All establishment sizes",1,0,0,0,0,0,0,0,"N",4.09,0,0,0,0,0,0,0,"N",0,0.0,0,0,0,0,0,0,0,0,0,0,0,0,0,0
"35053","5","722514","78","0","2016","4","N","Socorro County, New Mexico","Private","NAICS 722514 Cafeterias, grill buffets, and buffets","County, NAICS 6-digit -- by ownership sector","All establishment sizes",1,0,0,0,0,0,0,0,"N",4.17,0,0,0,0,0,0,0,"N",0,0.0,0,0,0,0,0,0,0,0,0,0,0,0,0,0
"35053","5","722515","78","0","2016","1","N","Socorro County, New Mexico","Private","NAICS 722515 Snack and nonalcoholic beverage bars","County, NAICS 6-digit -- by ownership sector","All establishment sizes",1,0,0,0,0,0,0,0,"N",0.49,0,0,0,0,0,0,0,"N",1,100.0,0,0,0,0,0,0,0,0,0,0,0,0,0,0
"35053","5","722515","78","0","2016","2","N","Socorro County, New Mexico","Private","NAICS 722515 Snack and nonalcoholic beverage bars","County, NAICS 6-digit -- by ownership sector","All establishment sizes",1,0,0,0,0,0,0,0,"N",0.49,0,0,0,0,0,0,0,"N",1,100.0,0,0,0,0,0,0,0,0,0,0,0,0,0,0
"35053","5","722515","78","0","2016","3","N","Socorro County, New Mexico","Private","NAICS 722515 Snack and nonalcoholic beverage bars","County, NAICS 6-digit -- by ownership sector","All establishment sizes",1,0,0,0,0,0,0,0,"N",0.49,0,0,0,0,0,0,0,"N",1,100.0,0,0,0,0,0,0,0,0,0,0,0,0,0,0
"35053","5","722515","78","0","2016","4","N","Socorro County, New Mexico","Private","NAICS 722515 Snack and nonalcoholic beverage bars","County, NAICS 6-digit -- by ownership sector","All establishment sizes",1,0,0,0,0,0,0,0,"N",0.49,0,0,0,0,0,0,0,"N",1,100.0,0,0,0,0,0,0,0,0,0,0,0,0,0,0
"35053","5","81","74","0","2016","1","","Socorro County, New Mexico","Private","NAICS 81 Other services, except public administration","County, NAICS Sector -- by ownership sector","All establishment sizes",15,47,48,48,172287,171545,3299,278,"",0.49,0.29,0.29,0.29,0.19,0.27,0.26,0.66,"",0,0.0,-1,-2.1,1,2.1,4,9.1,4725,2.8,5063,3.0,77,2.4,0,0.0
"35053","5","81","74","0","2016","2","","Socorro County, New Mexico","Private","NAICS 81 Other services, except public administration","County, NAICS Sector -- by ownership sector","All establishment sizes",15,51,44,45,177247,172813,3217,292,"",0.49,0.30,0.26,0.26,0.17,0.29,0.28,0.62,"",0,0.0,4,8.5,-4,-8.3,2,4.7,-1234,-0.7,-1725,-1.0,-562,-14.9,-6,-2.0
"35053","5","81","74","0","2016","3","","Socorro County, New Mexico","Private","NAICS 81 Other services, except public administration","County, NAICS Sector -- by ownership sector","All establishment sizes",15,46,45,49,179226,147230,3450,295,"",0.49,0.28,0.27,0.30,0.17,0.35,0.41,0.62,"",0,0.0,9,24.3,-1,-2.2,2,4.3,24154,15.6,16149,12.3,415,13.7,20,7.3
"35053","5","81","74","0","2016","4","","Socorro County, New Mexico","Private","NAICS 81 Other services, except public administration","County, NAICS Sector -- by ownership sector","All establishment sizes",15,46,46,47,188181,126297,2383,312,"",0.50,0.28,0.28,0.29,0.19,0.41,0.54,0.66,"",0,0.0,-1,-2.1,2,4.5,1,2.2,8546,4.8,-10823,-7.9,-413,-14.8,9,3.0
"35053","5","811","75","0","2016","1","","Socorro County, New Mexico","Private","NAICS 811 Repair and maintenance","County, NAICS 3-digit -- by ownership sector","All establishment sizes",6,16,18,18,71294,71294,2739,316,"",0.71,0.33,0.37,0.37,0.23,0.28,0.53,0.65,"",-1,-14.3,-3,-15.8,-1,-5.3,4,28.6,-4747,-6.2,-4747,-6.2,67,2.5,-21,-6.2
"35053","5","811","75","0","2016","2","","Socorro County, New Mexico","Private","NAICS 811 Repair and maintenance","County, NAICS 3-digit -- by ownership sector","All establishment sizes",6,19,18,17,73924,73924,2704,316,"",0.71,0.38,0.37,0.34,0.20,0.35,0.64,0.56,"",0,0.0,4,26.7,4,28.6,3,21.4,-4663,-5.9,-4663,-5.9,-463,-14.6,-106,-25.1
"35053","5","811","75","0","2016","3","","Socorro County, New Mexico","Private","NAICS 811 Repair and maintenance","County, NAICS 3-digit -- by ownership sector","All establishment sizes",6,17,19,21,86200,81169,3092,349,"",0.72,0.35,0.39,0.43,0.24,0.57,1.08,0.61,"",0,0.0,10,142.9,4,26.7,6,40.0,22386,35.1,27371,50.9,595,23.8,-49,-12.3
"35053","5","811","75","0","2016","4","","Socorro County, New Mexico","Private","NAICS 811 Repair and maintenance","County, NAICS 3-digit -- by ownership sector","All establishment sizes",6,19,18,19,76476,57396,1947,315,"",0.73,0.39,0.37,0.40,0.22,0.57,1.28,0.56,"",0,0.0,4,26.7,4,28.6,4,26.7,8016,11.7,7961,16.1,-391,-16.7,-44,-12.3
"35053","5","8111","76","0","2016","1","","Socorro County, New Mexico","Private","NAICS 8111 Automotive repair and maintenance","County, NAICS 4-digit -- by ownership sector","All establishment sizes",6,16,18,18,71294,71294,2739,316,"",1.00,0.47,0.52,0.52,0.38,0.43,0.87,0.74,"",-1,-14.3,-3,-15.8,-1,-5.3,4,28.6,-4747,-6.2,-4747,-6.2,67,2.5,-21,-6.2
"35053","5","8111","76","0","2016","2","","Socorro County, New Mexico","Private","NAICS 8111 Automotive repair and maintenance","County, NAICS 4-digit -- by ownership sector","All establishment sizes",6,19,18,17,73924,73924,2704,316,"",1.01,0.54,0.52,0.48,0.33,0.49,0.96,0.64,"",0,0.0,4,26.7,4,28.6,3,21.4,-4663,-5.9,-4663,-5.9,-463,-14.6,-106,-25.1
"35053","5","8111","76","0","2016","3","","Socorro County, New Mexico","Private","NAICS 8111 Automotive repair and maintenance","County, NAICS 4-digit -- by ownership sector","All establishment sizes",6,17,19,21,86200,81169,3092,349,"",1.02,0.50,0.56,0.61,0.38,0.79,1.60,0.69,"",0,0.0,10,142.9,4,26.7,6,40.0,22386,35.1,27371,50.9,595,23.8,-49,-12.3
"35053","5","8111","76","0","2016","4","","Socorro County, New Mexico","Private","NAICS 8111 Automotive repair and maintenance","County, NAICS 4-digit -- by ownership sector","All establishment sizes",6,19,18,19,76476,57396,1947,315,"",1.04,0.56,0.53,0.56,0.35,0.79,2.01,0.64,"",0,0.0,4,26.7,4,28.6,4,26.7,8016,11.7,7961,16.1,-391,-16.7,-44,-12.3
"35053","5","81111","77","0","2016","1","","Socorro County, New Mexico","Private","NAICS 81111 Automotive mechanical and electrical repair","County, NAICS 5-digit -- by ownership sector","All establishment sizes",3,3,4,4,23340,23340,168,490,"",0.87,0.20,0.27,0.26,0.26,0.30,0.12,1.08,"",-1,-25.0,-6,-66.7,-3,-42.9,1,33.3,-14057,-37.6,-14057,-37.6,-249,-59.7,36,7.9
"35053","5","81111","77","0","2016","2","","Socorro County, New Mexico","Private","NAICS 81111 Automotive mechanical and electrical repair","County, NAICS 5-digit -- by ownership sector","All establishment sizes",3,5,4,4,25401,25401,209,451,"",0.87,0.33,0.26,0.26,0.24,0.38,0.17,0.85,"",0,0.0,2,66.7,1,33.3,1,33.3,-3302,-11.5,-3302,-11.5,-7,-3.2,-285,-38.7
"35053","5","81111","77","0","2016","3","","Socorro County, New Mexico","Private","NAICS 81111 Automotive mechanical and electrical repair","County, NAICS 5-digit -- by ownership sector","All establishment sizes",3,4,6,6,31452,27412,297,454,"",0.89,0.27,0.40,0.40,0.30,0.61,0.36,0.84,"",0,0.0,1,33.3,2,50.0,2,50.0,8272,35.7,14248,108.2,178,149.6,-32,-6.6
"35053","5","81111","77","0","2016","4","","Socorro County, New Mexico","Private","NAICS 81111 Automotive mechanical and electrical repair","County, NAICS 5-digit -- by ownership sector","All establishment sizes",3,6,6,6,31179,19739,258,400,"",0.90,0.40,0.41,0.41,0.31,0.65,0.64,0.77,"",0,0.0,3,100.0,3,100.0,3,100.0,10196,48.6,9501,92.8,169,189.9,-138,-25.7
"35053","5","811111","78","0","2016","1","","Socorro County, New Mexico","Private","NAICS 811111 General automotive repair","County, NAICS 6-digit -- by ownership sector","All establishment sizes",3,3,4,4,23340,23340,168,490,"",1.00,0.23,0.31,0.31,0.31,0.34,0.14,1.08,"",-1,-25.0,-6,-66.7,-3,-42.9,1,33.3,-14057,-37.6,-14057,-37.6,-249,-59.7,36,7.9
"35053","5","811111","78","0","2016","2","","Socorro County, New Mexico","Private","NAICS 811111 General automotive repair","County, NAICS 6-digit -- by ownership sector","All establishment sizes",3,5,4,4,25401,25401,209,451,"",1.01,0.38,0.31,0.30,0.28,0.44,0.20,0.85,"",0,0.0,2,66.7,1,33.3,1,33.3,-3302,-11.5,-3302,-11.5,-7,-3.2,-285,-38.7
"35053","5","811111","78","0","2016","3","","Socorro County, New Mexico","Private","NAICS 811111 General automotive repair","County, NAICS 6-digit -- by ownership sector","All establishment sizes",3,4,6,6,31452,27412,297,454,"",1.03,0.31,0.47,0.46,0.35,0.71,0.42,0.84,"",0,0.0,1,33.3,2,50.0,2,50.0,8272,35.7,14248,108.2,178,149.6,-32,-6.6
"35053","5","811111","78","0","2016","4","","Socorro County, New Mexico","Private","NAICS 811111 General automotive repair","County, NAICS 6-digit -- by ownership sector","All establishment sizes",3,6,6,6,31179,19739,258,400,"",1.04,0.47,0.47,0.47,0.36,0.75,0.73,0.77,"",0,0.0,3,100.0,3,100.0,3,100.0,10196,48.6,9501,92.8,169,189.9,-138,-25.7
"35053","5","81112","77","0","2016","1","N","Socorro County, New Mexico","Private","NAICS 81112 Automotive body, interior, and glass repair","County, NAICS 5-digit -- by ownership sector","All establishment sizes",1,0,0,0,0,0,0,0,"N",0.66,0,0,0,0,0,0,0,"N",0,0.0,0,0,0,0,0,0,0,0,0,0,0,0,0,0
"35053","5","81112","77","0","2016","2","N","Socorro County, New Mexico","Private","NAICS 81112 Automotive body, interior, and glass repair","County, NAICS 5-digit -- by ownership sector","All establishment sizes",1,0,0,0,0,0,0,0,"N",0.67,0,0,0,0,0,0,0,"N",0,0.0,0,0,0,0,0,0,0,0,0,0,0,0,0,0
"35053","5","81112","77","0","2016","3","N","Socorro County, New Mexico","Private","NAICS 81112 Automotive body, interior, and glass repair","County, NAICS 5-digit -- by ownership sector","All establishment sizes",1,0,0,0,0,0,0,0,"N",0.68,0,0,0,0,0,0,0,"N",0,0.0,0,0,0,0,0,0,0,0,0,0,0,0,0,0
"35053","5","81112","77","0","2016","4","N","Socorro County, New Mexico","Private","NAICS 81112 Automotive body, interior, and glass repair","County, NAICS 5-digit -- by ownership sector","All establishment sizes",1,0,0,0,0,0,0,0,"N",0.69,0,0,0,0,0,0,0,"N",0,0.0,0,0,0,0,0,0,0,0,0,0,0,0,0,0
"35053","5","811121","78","0","2016","1","N","Socorro County, New Mexico","Private","NAICS 811121 Automotive body and interior repair","County, NAICS 6-digit -- by ownership sector","All establishment sizes",1,0,0,0,0,0,0,0,"N",0.77,0,0,0,0,0,0,0,"N",0,0.0,0,0,0,0,0,0,0,0,0,0,0,0,0,0
"35053","5","811121","78","0","2016","2","N","Socorro County, New Mexico","Private","NAICS 811121 Automotive body and interior repair","County, NAICS 6-digit -- by ownership sector","All establishment sizes",1,0,0,0,0,0,0,0,"N",0.78,0,0,0,0,0,0,0,"N",0,0.0,0,0,0,0,0,0,0,0,0,0,0,0,0,0
"35053","5","811121","78","0","2016","3","N","Socorro County, New Mexico","Private","NAICS 811121 Automotive body and interior repair","County, NAICS 6-digit -- by ownership sector","All establishment sizes",1,0,0,0,0,0,0,0,"N",0.79,0,0,0,0,0,0,0,"N",0,0.0,0,0,0,0,0,0,0,0,0,0,0,0,0,0
"35053","5","811121","78","0","2016","4","N","Socorro County, New Mexico","Private","NAICS 811121 Automotive body and interior repair","County, NAICS 6-digit -- by ownership sector","All establishment sizes",1,0,0,0,0,0,0,0,"N",0.80,0,0,0,0,0,0,0,"N",0,0.0,0,0,0,0,0,0,0,0,0,0,0,0,0,0
"35053","5","81119","77","0","2016","1","N","Socorro County, New Mexico","Private","NAICS 81119 Other automotive repair and maintenance","County, NAICS 5-digit -- by ownership sector","All establishment sizes",2,0,0,0,0,0,0,0,"N",1.96,0,0,0,0,0,0,0,"N",0,0.0,0,0,0,0,0,0,0,0,0,0,0,0,0,0
"35053","5","81119","77","0","2016","2","N","Socorro County, New Mexico","Private","NAICS 81119 Other automotive repair and maintenance","County, NAICS 5-digit -- by ownership sector","All establishment sizes",2,0,0,0,0,0,0,0,"N",1.97,0,0,0,0,0,0,0,"N",0,0.0,0,0,0,0,0,0,0,0,0,0,0,0,0,0
"35053","5","81119","77","0","2016","3","N","Socorro County, New Mexico","Private","NAICS 81119 Other automotive repair and maintenance","County, NAICS 5-digit -- by ownership sector","All establishment sizes",2,0,0,0,0,0,0,0,"N",1.97,0,0,0,0,0,0,0,"N",0,0.0,0,0,0,0,0,0,0,0,0,0,0,0,0,0
"35053","5","81119","77","0","2016","4","N","Socorro County, New Mexico","Private","NAICS 81119 Other automotive repair and maintenance","County, NAICS 5-digit -- by ownership sector","All establishment sizes",2,0,0,0,0,0,0,0,"N",2.00,0,0,0,0,0,0,0,"N",0,0.0,0,0,0,0,0,0,0,0,0,0,0,0,0,0
"35053","5","811191","78","0","2016","1","N","Socorro County, New Mexico","Private","NAICS 811191 Automotive oil change and lubrication shops","County, NAICS 6-digit -- by ownership sector","All establishment sizes",1,0,0,0,0,0,0,0,"N",3.63,0,0,0,0,0,0,0,"N",0,0.0,0,0,0,0,0,0,0,0,0,0,0,0,0,0
"35053","5","811191","78","0","2016","2","N","Socorro County, New Mexico","Private","NAICS 811191 Automotive oil change and lubrication shops","County, NAICS 6-digit -- by ownership sector","All establishment sizes",1,0,0,0,0,0,0,0,"N",3.66,0,0,0,0,0,0,0,"N",0,0.0,0,0,0,0,0,0,0,0,0,0,0,0,0,0
"35053","5","811191","78","0","2016","3","N","Socorro County, New Mexico","Private","NAICS 811191 Automotive oil change and lubrication shops","County, NAICS 6-digit -- by ownership sector","All establishment sizes",1,0,0,0,0,0,0,0,"N",3.60,0,0,0,0,0,0,0,"N",0,0.0,0,0,0,0,0,0,0,0,0,0,0,0,0,0
"35053","5","811191","78","0","2016","4","N","Socorro County, New Mexico","Private","NAICS 811191 Automotive oil change and lubrication shops","County, NAICS 6-digit -- by ownership sector","All establishment sizes",1,0,0,0,0,0,0,0,"N",3.75,0,0,0,0,0,0,0,"N",0,0.0,0,0,0,0,0,0,0,0,0,0,0,0,0,0
"35053","5","811192","78","0","2016","1","N","Socorro County, New Mexico","Private","NAICS 811192 Car washes","County, NAICS 6-digit -- by ownership sector","All establishment sizes",1,0,0,0,0,0,0,0,"N",1.80,0,0,0,0,0,0,0,"N",0,0.0,0,0,0,0,0,0,0,0,0,0,0,0,0,0
"35053","5","811192","78","0","2016","2","N","Socorro County, New Mexico","Private","NAICS 811192 Car washes","County, NAICS 6-digit -- by ownership sector","All establishment sizes",1,0,0,0,0,0,0,0,"N",1.80,0,0,0,0,0,0,0,"N",0,0.0,0,0,0,0,0,0,0,0,0,0,0,0,0,0
"35053","5","811192","78","0","2016","3","N","Socorro County, New Mexico","Private","NAICS 811192 Car washes","County, NAICS 6-digit -- by ownership sector","All establishment sizes",1,0,0,0,0,0,0,0,"N",1.82,0,0,0,0,0,0,0,"N",0,0.0,0,0,0,0,0,0,0,0,0,0,0,0,0,0
"35053","5","811192","78","0","2016","4","N","Socorro County, New Mexico","Private","NAICS 811192 Car washes","County, NAICS 6-digit -- by ownership sector","All establishment sizes",1,0,0,0,0,0,0,0,"N",1.83,0,0,0,0,0,0,0,"N",0,0.0,0,0,0,0,0,0,0,0,0,0,0,0,0,0
"35053","5","812","75","0","2016","1","","Socorro County, New Mexico","Private","NAICS 812 Personal and laundry services","County, NAICS 3-digit -- by ownership sector","All establishment sizes",3,6,6,6,25131,24389,308,322,"",0.38,0.11,0.11,0.11,0.12,0.13,0.09,1.07,"N",1,50.0,0,0,0,0,0,0,0,0,0,0,0,0,0,0
"35053","5","812","75","0","2016","2","","Socorro County, New Mexico","Private","NAICS 812 Personal and laundry services","County, NAICS 3-digit -- by ownership sector","All establishment sizes",3,6,5,5,23130,20547,254,334,"",0.38,0.11,0.09,0.09,0.09,0.09,0.06,0.95,"N",0,0.0,0,0,0,0,0,0,0,0,0,0,0,0,0,0
"35053","5","812","75","0","2016","3","","Socorro County, New Mexico","Private","NAICS 812 Personal and laundry services","County, NAICS 3-digit -- by ownership sector","All establishment sizes",3,6,6,6,24397,16317,194,313,"",0.38,0.11,0.11,0.11,0.10,0.10,0.07,0.88,"",0,0.0,1,20.0,1,20.0,1,20.0,-2363,-8.8,-1905,-10.5,-56,-22.4,-99,-24.0
"35053","5","812","75","0","2016","4","","Socorro County, New Mexico","Private","NAICS 812 Personal and laundry services","County, NAICS 3-digit -- by ownership sector","All establishment sizes",3,6,5,6,31870,20569,276,433,"",0.39,0.11,0.09,0.11,0.13,0.17,0.19,1.27,"",0,0.0,1,20.0,0,0.0,0,0.0,4038,14.5,7204,53.9,121,78.1,32,8.0
"35053","5","8122","76","0","2016","1","N","Socorro County, New Mexico","Private","NAICS 8122 Death care services","County, NAICS 4-digit -- by ownership sector","All establishment sizes",1,0,0,0,0,0,0,0,"N",1.44,0,0,0,0,0,0,0,"N",0,0.0,0,0,0,0,0,0,0,0,0,0,0,0,0,0
"35053","5","8122","76","0","2016","2","N","Socorro County, New Mexico","Private","NAICS 8122 Death care services","County, NAICS 4-digit -- by ownership sector","All establishment sizes",1,0,0,0,0,0,0,0,"N",1.46,0,0,0,0,0,0,0,"N",0,0.0,0,0,0,0,0,0,0,0,0,0,0,0,0,0
"35053","5","8122","76","0","2016","3","N","Socorro County, New Mexico","Private","NAICS 8122 Death care services","County, NAICS 4-digit -- by ownership sector","All establishment sizes",1,0,0,0,0,0,0,0,"N",1.49,0,0,0,0,0,0,0,"N",0,0.0,0,0,0,0,0,0,0,0,0,0,0,0,0,0
"35053","5","8122","76","0","2016","4","N","Socorro County, New Mexico","Private","NAICS 8122 Death care services","County, NAICS 4-digit -- by ownership sector","All establishment sizes",1,0,0,0,0,0,0,0,"N",1.51,0,0,0,0,0,0,0,"N",0,0.0,0,0,0,0,0,0,0,0,0,0,0,0,0,0
"35053","5","81221","77","0","2016","1","N","Socorro County, New Mexico","Private","NAICS 81221 Funeral homes and funeral services","County, NAICS 5-digit -- by ownership sector","All establishment sizes",1,0,0,0,0,0,0,0,"N",1.90,0,0,0,0,0,0,0,"N",0,0.0,0,0,0,0,0,0,0,0,0,0,0,0,0,0
"35053","5","81221","77","0","2016","2","N","Socorro County, New Mexico","Private","NAICS 81221 Funeral homes and funeral services","County, NAICS 5-digit -- by ownership sector","All establishment sizes",1,0,0,0,0,0,0,0,"N",1.93,0,0,0,0,0,0,0,"N",0,0.0,0,0,0,0,0,0,0,0,0,0,0,0,0,0
"35053","5","81221","77","0","2016","3","N","Socorro County, New Mexico","Private","NAICS 81221 Funeral homes and funeral services","County, NAICS 5-digit -- by ownership sector","All establishment sizes",1,0,0,0,0,0,0,0,"N",1.97,0,0,0,0,0,0,0,"N",0,0.0,0,0,0,0,0,0,0,0,0,0,0,0,0,0
"35053","5","81221","77","0","2016","4","N","Socorro County, New Mexico","Private","NAICS 81221 Funeral homes and funeral services","County, NAICS 5-digit -- by ownership sector","All establishment sizes",1,0,0,0,0,0,0,0,"N",1.99,0,0,0,0,0,0,0,"N",0,0.0,0,0,0,0,0,0,0,0,0,0,0,0,0,0
"35053","5","812210","78","0","2016","1","N","Socorro County, New Mexico","Private","NAICS 812210 Funeral homes and funeral services","County, NAICS 6-digit -- by ownership sector","All establishment sizes",1,0,0,0,0,0,0,0,"N",1.90,0,0,0,0,0,0,0,"N",0,0.0,0,0,0,0,0,0,0,0,0,0,0,0,0,0
"35053","5","812210","78","0","2016","2","N","Socorro County, New Mexico","Private","NAICS 812210 Funeral homes and funeral services","County, NAICS 6-digit -- by ownership sector","All establishment sizes",1,0,0,0,0,0,0,0,"N",1.93,0,0,0,0,0,0,0,"N",0,0.0,0,0,0,0,0,0,0,0,0,0,0,0,0,0
"35053","5","812210","78","0","2016","3","N","Socorro County, New Mexico","Private","NAICS 812210 Funeral homes and funeral services","County, NAICS 6-digit -- by ownership sector","All establishment sizes",1,0,0,0,0,0,0,0,"N",1.97,0,0,0,0,0,0,0,"N",0,0.0,0,0,0,0,0,0,0,0,0,0,0,0,0,0
"35053","5","812210","78","0","2016","4","N","Socorro County, New Mexico","Private","NAICS 812210 Funeral homes and funeral services","County, NAICS 6-digit -- by ownership sector","All establishment sizes",1,0,0,0,0,0,0,0,"N",1.99,0,0,0,0,0,0,0,"N",0,0.0,0,0,0,0,0,0,0,0,0,0,0,0,0,0
"35053","5","8123","76","0","2016","1","N","Socorro County, New Mexico","Private","NAICS 8123 Drycleaning and laundry services","County, NAICS 4-digit -- by ownership sector","All establishment sizes",1,0,0,0,0,0,0,0,"N",0.80,0,0,0,0,0,0,0,"N",0,0.0,0,0,0,0,0,0,0,0,0,0,0,0,0,0
"35053","5","8123","76","0","2016","2","N","Socorro County, New Mexico","Private","NAICS 8123 Drycleaning and laundry services","County, NAICS 4-digit -- by ownership sector","All establishment sizes",1,0,0,0,0,0,0,0,"N",0.81,0,0,0,0,0,0,0,"N",0,0.0,0,0,0,0,0,0,0,0,0,0,0,0,0,0
"35053","5","8123","76","0","2016","3","N","Socorro County, New Mexico","Private","NAICS 8123 Drycleaning and laundry services","County, NAICS 4-digit -- by ownership sector","All establishment sizes",1,0,0,0,0,0,0,0,"N",0.82,0,0,0,0,0,0,0,"N",0,0.0,0,0,0,0,0,0,0,0,0,0,0,0,0,0
"35053","5","8123","76","0","2016","4","N","Socorro County, New Mexico","Private","NAICS 8123 Drycleaning and laundry services","County, NAICS 4-digit -- by ownership sector","All establishment sizes",1,0,0,0,0,0,0,0,"N",0.84,0,0,0,0,0,0,0,"N",0,0.0,0,0,0,0,0,0,0,0,0,0,0,0,0,0
"35053","5","81231","77","0","2016","1","N","Socorro County, New Mexico","Private","NAICS 81231 Coin-operated laundries and drycleaners","County, NAICS 5-digit -- by ownership sector","All establishment sizes",1,0,0,0,0,0,0,0,"N",2.81,0,0,0,0,0,0,0,"N",0,0.0,0,0,0,0,0,0,0,0,0,0,0,0,0,0
"35053","5","81231","77","0","2016","2","N","Socorro County, New Mexico","Private","NAICS 81231 Coin-operated laundries and drycleaners","County, NAICS 5-digit -- by ownership sector","All establishment sizes",1,0,0,0,0,0,0,0,"N",2.83,0,0,0,0,0,0,0,"N",0,0.0,0,0,0,0,0,0,0,0,0,0,0,0,0,0
"35053","5","81231","77","0","2016","3","N","Socorro County, New Mexico","Private","NAICS 81231 Coin-operated laundries and drycleaners","County, NAICS 5-digit -- by ownership sector","All establishment sizes",1,0,0,0,0,0,0,0,"N",2.89,0,0,0,0,0,0,0,"N",0,0.0,0,0,0,0,0,0,0,0,0,0,0,0,0,0
"35053","5","81231","77","0","2016","4","N","Socorro County, New Mexico","Private","NAICS 81231 Coin-operated laundries and drycleaners","County, NAICS 5-digit -- by ownership sector","All establishment sizes",1,0,0,0,0,0,0,0,"N",2.92,0,0,0,0,0,0,0,"N",0,0.0,0,0,0,0,0,0,0,0,0,0,0,0,0,0
"35053","5","812310","78","0","2016","1","N","Socorro County, New Mexico","Private","NAICS 812310 Coin-operated laundries and drycleaners","County, NAICS 6-digit -- by ownership sector","All establishment sizes",1,0,0,0,0,0,0,0,"N",2.81,0,0,0,0,0,0,0,"N",0,0.0,0,0,0,0,0,0,0,0,0,0,0,0,0,0
"35053","5","812310","78","0","2016","2","N","Socorro County, New Mexico","Private","NAICS 812310 Coin-operated laundries and drycleaners","County, NAICS 6-digit -- by ownership sector","All establishment sizes",1,0,0,0,0,0,0,0,"N",2.83,0,0,0,0,0,0,0,"N",0,0.0,0,0,0,0,0,0,0,0,0,0,0,0,0,0
"35053","5","812310","78","0","2016","3","N","Socorro County, New Mexico","Private","NAICS 812310 Coin-operated laundries and drycleaners","County, NAICS 6-digit -- by ownership sector","All establishment sizes",1,0,0,0,0,0,0,0,"N",2.89,0,0,0,0,0,0,0,"N",0,0.0,0,0,0,0,0,0,0,0,0,0,0,0,0,0
"35053","5","812310","78","0","2016","4","N","Socorro County, New Mexico","Private","NAICS 812310 Coin-operated laundries and drycleaners","County, NAICS 6-digit -- by ownership sector","All establishment sizes",1,0,0,0,0,0,0,0,"N",2.92,0,0,0,0,0,0,0,"N",0,0.0,0,0,0,0,0,0,0,0,0,0,0,0,0,0
"35053","5","8129","76","0","2016","1","N","Socorro County, New Mexico","Private","NAICS 8129 Other personal services","County, NAICS 4-digit -- by ownership sector","All establishment sizes",1,0,0,0,0,0,0,0,"N",0.65,0,0,0,0,0,0,0,"N",1,100.0,0,0,0,0,0,0,0,0,0,0,0,0,0,0
"35053","5","8129","76","0","2016","2","N","Socorro County, New Mexico","Private","NAICS 8129 Other personal services","County, NAICS 4-digit -- by ownership sector","All establishment sizes",1,0,0,0,0,0,0,0,"N",0.64,0,0,0,0,0,0,0,"N",0,0.0,0,0,0,0,0,0,0,0,0,0,0,0,0,0
"35053","5","8129","76","0","2016","3","N","Socorro County, New Mexico","Private","NAICS 8129 Other personal services","County, NAICS 4-digit -- by ownership sector","All establishment sizes",1,0,0,0,0,0,0,0,"N",0.65,0,0,0,0,0,0,0,"N",0,0.0,0,0,0,0,0,0,0,0,0,0,0,0,0,0
"35053","5","8129","76","0","2016","4","N","Socorro County, New Mexico","Private","NAICS 8129 Other personal services","County, NAICS 4-digit -- by ownership sector","All establishment sizes",1,0,0,0,0,0,0,0,"N",0.65,0,0,0,0,0,0,0,"N",0,0.0,0,0,0,0,0,0,0,0,0,0,0,0,0,0
"35053","5","81299","77","0","2016","1","N","Socorro County, New Mexico","Private","NAICS 81299 All other personal services","County, NAICS 5-digit -- by ownership sector","All establishment sizes",1,0,0,0,0,0,0,0,"N",1.62,0,0,0,0,0,0,0,"N",1,100.0,0,0,0,0,0,0,0,0,0,0,0,0,0,0
"35053","5","81299","77","0","2016","2","N","Socorro County, New Mexico","Private","NAICS 81299 All other personal services","County, NAICS 5-digit -- by ownership sector","All establishment sizes",1,0,0,0,0,0,0,0,"N",1.60,0,0,0,0,0,0,0,"N",0,0.0,0,0,0,0,0,0,0,0,0,0,0,0,0,0
"35053","5","81299","77","0","2016","3","N","Socorro County, New Mexico","Private","NAICS 81299 All other personal services","County, NAICS 5-digit -- by ownership sector","All establishment sizes",1,0,0,0,0,0,0,0,"N",1.61,0,0,0,0,0,0,0,"N",0,0.0,0,0,0,0,0,0,0,0,0,0,0,0,0,0
"35053","5","81299","77","0","2016","4","N","Socorro County, New Mexico","Private","NAICS 81299 All other personal services","County, NAICS 5-digit -- by ownership sector","All establishment sizes",1,0,0,0,0,0,0,0,"N",1.60,0,0,0,0,0,0,0,"N",0,0.0,0,0,0,0,0,0,0,0,0,0,0,0,0,0
"35053","5","812990","78","0","2016","1","N","Socorro County, New Mexico","Private","NAICS 812990 All other personal services","County, NAICS 6-digit -- by ownership sector","All establishment sizes",1,0,0,0,0,0,0,0,"N",1.62,0,0,0,0,0,0,0,"N",1,100.0,0,0,0,0,0,0,0,0,0,0,0,0,0,0
"35053","5","812990","78","0","2016","2","N","Socorro County, New Mexico","Private","NAICS 812990 All other personal services","County, NAICS 6-digit -- by ownership sector","All establishment sizes",1,0,0,0,0,0,0,0,"N",1.60,0,0,0,0,0,0,0,"N",0,0.0,0,0,0,0,0,0,0,0,0,0,0,0,0,0
"35053","5","812990","78","0","2016","3","N","Socorro County, New Mexico","Private","NAICS 812990 All other personal services","County, NAICS 6-digit -- by ownership sector","All establishment sizes",1,0,0,0,0,0,0,0,"N",1.61,0,0,0,0,0,0,0,"N",0,0.0,0,0,0,0,0,0,0,0,0,0,0,0,0,0
"35053","5","812990","78","0","2016","4","N","Socorro County, New Mexico","Private","NAICS 812990 All other personal services","County, NAICS 6-digit -- by ownership sector","All establishment sizes",1,0,0,0,0,0,0,0,"N",1.60,0,0,0,0,0,0,0,"N",0,0.0,0,0,0,0,0,0,0,0,0,0,0,0,0,0
"35053","5","813","75","0","2016","1","","Socorro County, New Mexico","Private","NAICS 813 Membership associations and organizations","County, NAICS 3-digit -- by ownership sector","All establishment sizes",3,20,19,20,71248,71248,236,279,"",0.55,0.40,0.38,0.39,0.21,0.43,0.07,0.54,"",0,0.0,1,5.3,1,5.6,0,0.0,4110,6.1,4110,6.1,15,6.8,7,2.6
"35053","5","813","75","0","2016","2","","Socorro County, New Mexico","Private","NAICS 813 Membership associations and organizations","County, NAICS 3-digit -- by ownership sector","All establishment sizes",3,22,18,19,75290,73439,242,294,"",0.56,0.42,0.35,0.35,0.20,0.65,0.10,0.53,"",0,0.0,1,4.8,-3,-14.3,1,5.6,7129,10.5,5856,8.7,19,8.5,32,12.2
"35053","5","813","75","0","2016","3","","Socorro County, New Mexico","Private","NAICS 813 Membership associations and organizations","County, NAICS 3-digit -- by ownership sector","All establishment sizes",3,19,16,18,64256,45371,149,280,"",0.57,0.36,0.31,0.35,0.17,0.52,0.07,0.50,"",0,0.0,0,0.0,-4,-20.0,-3,-14.3,7026,12.3,-6422,-12.4,-23,-13.4,60,27.3
"35053","5","813","75","0","2016","4","","Socorro County, New Mexico","Private","NAICS 813 Membership associations and organizations","County, NAICS 3-digit -- by ownership sector","All establishment sizes",3,17,19,18,75465,43962,145,323,"",0.57,0.33,0.37,0.36,0.21,0.71,0.15,0.59,"",0,0.0,-5,-22.7,-1,-5.0,-2,-10.0,-2690,-3.4,-25170,-36.4,-84,-36.7,32,11.0
"35053","5","8133","76","0","2016","1","N","Socorro County, New Mexico","Private","NAICS 8133 Social advocacy organizations","County, NAICS 4-digit -- by ownership sector","All establishment sizes",1,0,0,0,0,0,0,0,"N",1.25,0,0,0,0,0,0,0,"N",0,0.0,0,0,0,0,0,0,0,0,0,0,0,0,0,0
"35053","5","8133","76","0","2016","2","N","Socorro County, New Mexico","Private","NAICS 8133 Social advocacy organizations","County, NAICS 4-digit -- by ownership sector","All establishment sizes",1,0,0,0,0,0,0,0,"N",1.26,0,0,0,0,0,0,0,"N",0,0.0,0,0,0,0,0,0,0,0,0,0,0,0,0,0
"35053","5","8133","76","0","2016","3","N","Socorro County, New Mexico","Private","NAICS 8133 Social advocacy organizations","County, NAICS 4-digit -- by ownership sector","All establishment sizes",1,0,0,0,0,0,0,0,"N",1.27,0,0,0,0,0,0,0,"N",0,0.0,0,0,0,0,0,0,0,0,0,0,0,0,0,0
"35053","5","8133","76","0","2016","4","N","Socorro County, New Mexico","Private","NAICS 8133 Social advocacy organizations","County, NAICS 4-digit -- by ownership sector","All establishment sizes",1,0,0,0,0,0,0,0,"N",1.28,0,0,0,0,0,0,0,"N",0,0.0,0,0,0,0,0,0,0,0,0,0,0,0,0,0
"35053","5","81331","77","0","2016","1","N","Socorro County, New Mexico","Private","NAICS 81331 Social advocacy organizations","County, NAICS 5-digit -- by ownership sector","All establishment sizes",1,0,0,0,0,0,0,0,"N",1.25,0,0,0,0,0,0,0,"N",0,0.0,0,0,0,0,0,0,0,0,0,0,0,0,0,0
"35053","5","81331","77","0","2016","2","N","Socorro County, New Mexico","Private","NAICS 81331 Social advocacy organizations","County, NAICS 5-digit -- by ownership sector","All establishment sizes",1,0,0,0,0,0,0,0,"N",1.26,0,0,0,0,0,0,0,"N",0,0.0,0,0,0,0,0,0,0,0,0,0,0,0,0,0
"35053","5","81331","77","0","2016","3","N","Socorro County, New Mexico","Private","NAICS 81331 Social advocacy organizations","County, NAICS 5-digit -- by ownership sector","All establishment sizes",1,0,0,0,0,0,0,0,"N",1.27,0,0,0,0,0,0,0,"N",0,0.0,0,0,0,0,0,0,0,0,0,0,0,0,0,0
"35053","5","81331","77","0","2016","4","N","Socorro County, New Mexico","Private","NAICS 81331 Social advocacy organizations","County, NAICS 5-digit -- by ownership sector","All establishment sizes",1,0,0,0,0,0,0,0,"N",1.28,0,0,0,0,0,0,0,"N",0,0.0,0,0,0,0,0,0,0,0,0,0,0,0,0,0
"35053","5","813312","78","0","2016","1","N","Socorro County, New Mexico","Private","NAICS 813312 Environment and conservation organizations","County, NAICS 6-digit -- by ownership sector","All establishment sizes",1,0,0,0,0,0,0,0,"N",4.33,0,0,0,0,0,0,0,"N",0,0.0,0,0,0,0,0,0,0,0,0,0,0,0,0,0
"35053","5","813312","78","0","2016","2","N","Socorro County, New Mexico","Private","NAICS 813312 Environment and conservation organizations","County, NAICS 6-digit -- by ownership sector","All establishment sizes",1,0,0,0,0,0,0,0,"N",4.35,0,0,0,0,0,0,0,"N",0,0.0,0,0,0,0,0,0,0,0,0,0,0,0,0,0
"35053","5","813312","78","0","2016","3","N","Socorro County, New Mexico","Private","NAICS 813312 Environment and conservation organizations","County, NAICS 6-digit -- by ownership sector","All establishment sizes",1,0,0,0,0,0,0,0,"N",4.41,0,0,0,0,0,0,0,"N",0,0.0,0,0,0,0,0,0,0,0,0,0,0,0,0,0
"35053","5","813312","78","0","2016","4","N","Socorro County, New Mexico","Private","NAICS 813312 Environment and conservation organizations","County, NAICS 6-digit -- by ownership sector","All establishment sizes",1,0,0,0,0,0,0,0,"N",4.42,0,0,0,0,0,0,0,"N",0,0.0,0,0,0,0,0,0,0,0,0,0,0,0,0,0
"35053","5","8134","76","0","2016","1","N","Socorro County, New Mexico","Private","NAICS 8134 Civic and social organizations","County, NAICS 4-digit -- by ownership sector","All establishment sizes",1,0,0,0,0,0,0,0,"N",1.03,0,0,0,0,0,0,0,"N",0,0.0,0,0,0,0,0,0,0,0,0,0,0,0,0,0
"35053","5","8134","76","0","2016","2","N","Socorro County, New Mexico","Private","NAICS 8134 Civic and social organizations","County, NAICS 4-digit -- by ownership sector","All establishment sizes",1,0,0,0,0,0,0,0,"N",1.04,0,0,0,0,0,0,0,"N",0,0.0,0,0,0,0,0,0,0,0,0,0,0,0,0,0
"35053","5","8134","76","0","2016","3","N","Socorro County, New Mexico","Private","NAICS 8134 Civic and social organizations","County, NAICS 4-digit -- by ownership sector","All establishment sizes",1,0,0,0,0,0,0,0,"N",1.06,0,0,0,0,0,0,0,"N",0,0.0,0,0,0,0,0,0,0,0,0,0,0,0,0,0
"35053","5","8134","76","0","2016","4","N","Socorro County, New Mexico","Private","NAICS 8134 Civic and social organizations","County, NAICS 4-digit -- by ownership sector","All establishment sizes",1,0,0,0,0,0,0,0,"N",1.07,0,0,0,0,0,0,0,"N",0,0.0,0,0,0,0,0,0,0,0,0,0,0,0,0,0
"35053","5","81341","77","0","2016","1","N","Socorro County, New Mexico","Private","NAICS 81341 Civic and social organizations","County, NAICS 5-digit -- by ownership sector","All establishment sizes",1,0,0,0,0,0,0,0,"N",1.03,0,0,0,0,0,0,0,"N",0,0.0,0,0,0,0,0,0,0,0,0,0,0,0,0,0
"35053","5","81341","77","0","2016","2","N","Socorro County, New Mexico","Private","NAICS 81341 Civic and social organizations","County, NAICS 5-digit -- by ownership sector","All establishment sizes",1,0,0,0,0,0,0,0,"N",1.04,0,0,0,0,0,0,0,"N",0,0.0,0,0,0,0,0,0,0,0,0,0,0,0,0,0
"35053","5","81341","77","0","2016","3","N","Socorro County, New Mexico","Private","NAICS 81341 Civic and social organizations","County, NAICS 5-digit -- by ownership sector","All establishment sizes",1,0,0,0,0,0,0,0,"N",1.06,0,0,0,0,0,0,0,"N",0,0.0,0,0,0,0,0,0,0,0,0,0,0,0,0,0
"35053","5","81341","77","0","2016","4","N","Socorro County, New Mexico","Private","NAICS 81341 Civic and social organizations","County, NAICS 5-digit -- by ownership sector","All establishment sizes",1,0,0,0,0,0,0,0,"N",1.07,0,0,0,0,0,0,0,"N",0,0.0,0,0,0,0,0,0,0,0,0,0,0,0,0,0
"35053","5","813410","78","0","2016","1","N","Socorro County, New Mexico","Private","NAICS 813410 Civic and social organizations","County, NAICS 6-digit -- by ownership sector","All establishment sizes",1,0,0,0,0,0,0,0,"N",1.03,0,0,0,0,0,0,0,"N",0,0.0,0,0,0,0,0,0,0,0,0,0,0,0,0,0
"35053","5","813410","78","0","2016","2","N","Socorro County, New Mexico","Private","NAICS 813410 Civic and social organizations","County, NAICS 6-digit -- by ownership sector","All establishment sizes",1,0,0,0,0,0,0,0,"N",1.04,0,0,0,0,0,0,0,"N",0,0.0,0,0,0,0,0,0,0,0,0,0,0,0,0,0
"35053","5","813410","78","0","2016","3","N","Socorro County, New Mexico","Private","NAICS 813410 Civic and social organizations","County, NAICS 6-digit -- by ownership sector","All establishment sizes",1,0,0,0,0,0,0,0,"N",1.06,0,0,0,0,0,0,0,"N",0,0.0,0,0,0,0,0,0,0,0,0,0,0,0,0,0
"35053","5","813410","78","0","2016","4","N","Socorro County, New Mexico","Private","NAICS 813410 Civic and social organizations","County, NAICS 6-digit -- by ownership sector","All establishment sizes",1,0,0,0,0,0,0,0,"N",1.07,0,0,0,0,0,0,0,"N",0,0.0,0,0,0,0,0,0,0,0,0,0,0,0,0,0
"35053","5","8139","76","0","2016","1","N","Socorro County, New Mexico","Private","NAICS 8139 Professional and similar organizations","County, NAICS 4-digit -- by ownership sector","All establishment sizes",1,0,0,0,0,0,0,0,"N",0.45,0,0,0,0,0,0,0,"N",0,0.0,0,0,0,0,0,0,0,0,0,0,0,0,0,0
"35053","5","8139","76","0","2016","2","N","Socorro County, New Mexico","Private","NAICS 8139 Professional and similar organizations","County, NAICS 4-digit -- by ownership sector","All establishment sizes",1,0,0,0,0,0,0,0,"N",0.45,0,0,0,0,0,0,0,"N",0,0.0,0,0,0,0,0,0,0,0,0,0,0,0,0,0
"35053","5","8139","76","0","2016","3","N","Socorro County, New Mexico","Private","NAICS 8139 Professional and similar organizations","County, NAICS 4-digit -- by ownership sector","All establishment sizes",1,0,0,0,0,0,0,0,"N",0.46,0,0,0,0,0,0,0,"N",0,0.0,0,0,0,0,0,0,0,0,0,0,0,0,0,0
"35053","5","8139","76","0","2016","4","N","Socorro County, New Mexico","Private","NAICS 8139 Professional and similar organizations","County, NAICS 4-digit -- by ownership sector","All establishment sizes",1,0,0,0,0,0,0,0,"N",0.47,0,0,0,0,0,0,0,"N",0,0.0,0,0,0,0,0,0,0,0,0,0,0,0,0,0
"35053","5","81391","77","0","2016","1","N","Socorro County, New Mexico","Private","NAICS 81391 Business associations","County, NAICS 5-digit -- by ownership sector","All establishment sizes",1,0,0,0,0,0,0,0,"N",1.37,0,0,0,0,0,0,0,"N",0,0.0,0,0,0,0,0,0,0,0,0,0,0,0,0,0
"35053","5","81391","77","0","2016","2","N","Socorro County, New Mexico","Private","NAICS 81391 Business associations","County, NAICS 5-digit -- by ownership sector","All establishment sizes",1,0,0,0,0,0,0,0,"N",1.39,0,0,0,0,0,0,0,"N",0,0.0,0,0,0,0,0,0,0,0,0,0,0,0,0,0
"35053","5","81391","77","0","2016","3","N","Socorro County, New Mexico","Private","NAICS 81391 Business associations","County, NAICS 5-digit -- by ownership sector","All establishment sizes",1,0,0,0,0,0,0,0,"N",1.41,0,0,0,0,0,0,0,"N",0,0.0,0,0,0,0,0,0,0,0,0,0,0,0,0,0
"35053","5","81391","77","0","2016","4","N","Socorro County, New Mexico","Private","NAICS 81391 Business associations","County, NAICS 5-digit -- by ownership sector","All establishment sizes",1,0,0,0,0,0,0,0,"N",1.43,0,0,0,0,0,0,0,"N",0,0.0,0,0,0,0,0,0,0,0,0,0,0,0,0,0
"35053","5","813910","78","0","2016","1","N","Socorro County, New Mexico","Private","NAICS 813910 Business associations","County, NAICS 6-digit -- by ownership sector","All establishment sizes",1,0,0,0,0,0,0,0,"N",1.37,0,0,0,0,0,0,0,"N",0,0.0,0,0,0,0,0,0,0,0,0,0,0,0,0,0
"35053","5","813910","78","0","2016","2","N","Socorro County, New Mexico","Private","NAICS 813910 Business associations","County, NAICS 6-digit -- by ownership sector","All establishment sizes",1,0,0,0,0,0,0,0,"N",1.39,0,0,0,0,0,0,0,"N",0,0.0,0,0,0,0,0,0,0,0,0,0,0,0,0,0
"35053","5","813910","78","0","2016","3","N","Socorro County, New Mexico","Private","NAICS 813910 Business associations","County, NAICS 6-digit -- by ownership sector","All establishment sizes",1,0,0,0,0,0,0,0,"N",1.41,0,0,0,0,0,0,0,"N",0,0.0,0,0,0,0,0,0,0,0,0,0,0,0,0,0
"35053","5","813910","78","0","2016","4","N","Socorro County, New Mexico","Private","NAICS 813910 Business associations","County, NAICS 6-digit -- by ownership sector","All establishment sizes",1,0,0,0,0,0,0,0,"N",1.43,0,0,0,0,0,0,0,"N",0,0.0,0,0,0,0,0,0,0,0,0,0,0,0,0,0
"35053","5","814","75","0","2016","1","","Socorro County, New Mexico","Private","NAICS 814 Private households","County, NAICS 3-digit -- by ownership sector","All establishment sizes",3,5,5,4,4614,4614,16,76,"",0.33,0.47,0.47,0.37,0.12,0.13,0.02,0.26,"N",0,0.0,0,0,0,0,0,0,0,0,0,0,0,0,0,0
"35053","5","814","75","0","2016","2","","Socorro County, New Mexico","Private","NAICS 814 Private households","County, NAICS 3-digit -- by ownership sector","All establishment sizes",3,4,3,4,4903,4903,17,103,"",0.33,0.36,0.28,0.36,0.11,0.12,0.02,0.32,"N",0,0.0,0,0,0,0,0,0,0,0,0,0,0,0,0,0
"35053","5","814","75","0","2016","3","","Socorro County, New Mexico","Private","NAICS 814 Private households","County, NAICS 3-digit -- by ownership sector","All establishment sizes",3,4,4,4,4373,4373,15,84,"",0.33,0.38,0.38,0.37,0.10,0.14,0.02,0.26,"",0,0.0,-2,-33.3,-2,-33.3,-2,-33.3,-2895,-39.8,-2895,-39.8,-101,-87.1,-9,-9.7
"35053","5","814","75","0","2016","4","","Socorro County, New Mexico","Private","NAICS 814 Private households","County, NAICS 3-digit -- by ownership sector","All establishment sizes",3,4,4,4,4370,4370,15,84,"",0.34,0.37,0.37,0.37,0.10,0.17,0.04,0.26,"",0,0.0,-1,-20.0,-1,-20.0,-1,-20.0,-818,-15.8,-818,-15.8,-59,-79.7,4,5.0
"35053","5","8141","76","0","2016","1","","Socorro County, New Mexico","Private","NAICS 8141 Private households","County, NAICS 4-digit -- by ownership sector","All establishment sizes",3,5,5,4,4614,4614,16,76,"",0.33,0.47,0.47,0.37,0.12,0.13,0.02,0.26,"N",0,0.0,0,0,0,0,0,0,0,0,0,0,0,0,0,0
"35053","5","8141","76","0","2016","2","","Socorro County, New Mexico","Private","NAICS 8141 Private households","County, NAICS 4-digit -- by ownership sector","All establishment sizes",3,4,3,4,4903,4903,17,103,"",0.33,0.36,0.28,0.36,0.11,0.12,0.02,0.32,"N",0,0.0,0,0,0,0,0,0,0,0,0,0,0,0,0,0
"35053","5","8141","76","0","2016","3","","Socorro County, New Mexico","Private","NAICS 8141 Private households","County, NAICS 4-digit -- by ownership sector","All establishment sizes",3,4,4,4,4373,4373,15,84,"",0.33,0.38,0.38,0.37,0.10,0.14,0.02,0.26,"",0,0.0,-2,-33.3,-2,-33.3,-2,-33.3,-2895,-39.8,-2895,-39.8,-101,-87.1,-9,-9.7
"35053","5","8141","76","0","2016","4","","Socorro County, New Mexico","Private","NAICS 8141 Private households","County, NAICS 4-digit -- by ownership sector","All establishment sizes",3,4,4,4,4370,4370,15,84,"",0.34,0.37,0.37,0.37,0.10,0.17,0.04,0.26,"",0,0.0,-1,-20.0,-1,-20.0,-1,-20.0,-818,-15.8,-818,-15.8,-59,-79.7,4,5.0
"35053","5","81411","77","0","2016","1","","Socorro County, New Mexico","Private","NAICS 81411 Private households","County, NAICS 5-digit -- by ownership sector","All establishment sizes",3,5,5,4,4614,4614,16,76,"",0.33,0.47,0.47,0.37,0.12,0.13,0.02,0.26,"N",0,0.0,0,0,0,0,0,0,0,0,0,0,0,0,0,0
"35053","5","81411","77","0","2016","2","","Socorro County, New Mexico","Private","NAICS 81411 Private households","County, NAICS 5-digit -- by ownership sector","All establishment sizes",3,4,3,4,4903,4903,17,103,"",0.33,0.36,0.28,0.36,0.11,0.12,0.02,0.32,"N",0,0.0,0,0,0,0,0,0,0,0,0,0,0,0,0,0
"35053","5","81411","77","0","2016","3","","Socorro County, New Mexico","Private","NAICS 81411 Private households","County, NAICS 5-digit -- by ownership sector","All establishment sizes",3,4,4,4,4373,4373,15,84,"",0.33,0.38,0.38,0.37,0.10,0.14,0.02,0.26,"",0,0.0,-2,-33.3,-2,-33.3,-2,-33.3,-2895,-39.8,-2895,-39.8,-101,-87.1,-9,-9.7
"35053","5","81411","77","0","2016","4","","Socorro County, New Mexico","Private","NAICS 81411 Private households","County, NAICS 5-digit -- by ownership sector","All establishment sizes",3,4,4,4,4370,4370,15,84,"",0.34,0.37,0.37,0.37,0.10,0.17,0.04,0.26,"",0,0.0,-1,-20.0,-1,-20.0,-1,-20.0,-818,-15.8,-818,-15.8,-59,-79.7,4,5.0
"35053","5","814110","78","0","2016","1","","Socorro County, New Mexico","Private","NAICS 814110 Private households","County, NAICS 6-digit -- by ownership sector","All establishment sizes",3,5,5,4,4614,4614,16,76,"",0.33,0.47,0.47,0.37,0.12,0.13,0.02,0.26,"N",0,0.0,0,0,0,0,0,0,0,0,0,0,0,0,0,0
"35053","5","814110","78","0","2016","2","","Socorro County, New Mexico","Private","NAICS 814110 Private households","County, NAICS 6-digit -- by ownership sector","All establishment sizes",3,4,3,4,4903,4903,17,103,"",0.33,0.36,0.28,0.36,0.11,0.12,0.02,0.32,"N",0,0.0,0,0,0,0,0,0,0,0,0,0,0,0,0,0
"35053","5","814110","78","0","2016","3","","Socorro County, New Mexico","Private","NAICS 814110 Private households","County, NAICS 6-digit -- by ownership sector","All establishment sizes",3,4,4,4,4373,4373,15,84,"",0.33,0.38,0.38,0.37,0.10,0.14,0.02,0.26,"",0,0.0,-2,-33.3,-2,-33.3,-2,-33.3,-2895,-39.8,-2895,-39.8,-101,-87.1,-9,-9.7
"35053","5","814110","78","0","2016","4","","Socorro County, New Mexico","Private","NAICS 814110 Private households","County, NAICS 6-digit -- by ownership sector","All establishment sizes",3,4,4,4,4370,4370,15,84,"",0.34,0.37,0.37,0.37,0.10,0.17,0.04,0.26,"",0,0.0,-1,-20.0,-1,-20.0,-1,-20.0,-818,-15.8,-818,-15.8,-59,-79.7,4,5.0
