"area_fips","own_code","industry_code","agglvl_code","size_code","year","qtr","disclosure_code","area_title","own_title","industry_title","agglvl_title","size_title","qtrly_estabs_count","month1_emplvl","month2_emplvl","month3_emplvl","total_qtrly_wages","taxable_qtrly_wages","qtrly_contributions","avg_wkly_wage","lq_disclosure_code","lq_qtrly_estabs_count","lq_month1_emplvl","lq_month2_emplvl","lq_month3_emplvl","lq_total_qtrly_wages","lq_taxable_qtrly_wages","lq_qtrly_contributions","lq_avg_wkly_wage","oty_disclosure_code","oty_qtrly_estabs_count_chg","oty_qtrly_estabs_count_pct_chg","oty_month1_emplvl_chg","oty_month1_emplvl_pct_chg","oty_month2_emplvl_chg","oty_month2_emplvl_pct_chg","oty_month3_emplvl_chg","oty_month3_emplvl_pct_chg","oty_total_qtrly_wages_chg","oty_total_qtrly_wages_pct_chg","oty_taxable_qtrly_wages_chg","oty_taxable_qtrly_wages_pct_chg","oty_qtrly_contributions_chg","oty_qtrly_contributions_pct_chg","oty_avg_wkly_wage_chg","oty_avg_wkly_wage_pct_chg"
"36121","0","10","70","0","2016","1","","Wyoming County, New York","Total Covered","10 Total, all industries","County, Total Covered","All establishment sizes",895,13232,13254,13372,133666379,59911808,2024497,774,"",1.00,1.00,1.00,1.00,1.00,1.00,1.00,1.00,"",-11,-1.2,-270,-2.0,-229,-1.7,-213,-1.6,-697918,-0.5,-683653,-1.1,-435331,-17.7,10,1.3
"36121","0","10","70","0","2016","2","","Wyoming County, New York","Total Covered","10 Total, all industries","County, Total Covered","All establishment sizes",896,13557,13908,14111,140293218,23956080,924451,779,"",1.00,1.00,1.00,1.00,1.00,1.00,1.00,1.00,"",-13,-1.4,-246,-1.8,-451,-3.1,-349,-2.4,-4788593,-3.3,134219,0.6,-134653,-12.7,-7,-0.9
"36121","0","10","70","0","2016","3","","Wyoming County, New York","Total Covered","10 Total, all industries","County, Total Covered","All establishment sizes",897,13402,13430,13851,138910655,13049131,485172,788,"",1.00,1.00,1.00,1.00,1.00,1.00,1.00,1.00,"",-13,-1.4,-407,-2.9,-468,-3.4,-404,-2.8,7422504,5.6,174755,1.4,-84621,-14.9,65,9.0
"36121","0","10","70","0","2016","4","","Wyoming County, New York","Total Covered","10 Total, all industries","County, Total Covered","All establishment sizes",898,13853,13467,13390,137539591,8674994,297634,780,"",1.00,1.00,1.00,1.00,1.00,1.00,1.00,1.00,"",-15,-1.6,-462,-3.2,-399,-2.9,-380,-2.8,-12382071,-8.3,-1080928,-11.1,-118481,-28.5,-45,-5.5
"36121","1","10","71","0","2016","1","","Wyoming County, New York","Federal Government","10 Total, all industries","County, Total -- by ownership sector","All establishment sizes",20,90,87,94,940291,0,0,801,"",3.55,0.34,0.33,0.36,0.25,0.00,0.00,0.72,"",-2,-9.1,-3,-3.2,-2,-2.2,3,3.3,-103811,-9.9,0,0.0,0,0.0,-82,-9.3
"36121","1","10","71","0","2016","2","","Wyoming County, New York","Federal Government","10 Total, all industries","County, Total -- by ownership sector","All establishment sizes",20,84,87,90,904883,0,0,800,"",3.58,0.32,0.32,0.32,0.24,0.00,0.00,0.73,"",-2,-9.1,3,3.7,7,8.8,12,15.4,39850,4.6,0,0.0,0,0.0,-35,-4.2
"36121","1","10","71","0","2016","3","","Wyoming County, New York","Federal Government","10 Total, all industries","County, Total -- by ownership sector","All establishment sizes",20,84,92,91,1053486,0,0,911,"",3.61,0.32,0.35,0.33,0.24,0.00,0.00,0.74,"",-2,-9.1,6,7.7,4,4.5,2,2.2,-16394,-1.5,0,0.0,0,0.0,-57,-5.9
"36121","1","10","71","0","2016","4","","Wyoming County, New York","Federal Government","10 Total, all industries","County, Total -- by ownership sector","All establishment sizes",20,88,88,88,1065783,0,0,932,"",3.63,0.33,0.34,0.33,0.27,0.00,0.00,0.83,"",-1,-4.8,5,6.0,-2,-2.2,-1,-1.1,17315,1.7,0,0.0,0,0.0,9,1.0
"36121","1","102","72","0","2016","1","","Wyoming County, New York","Federal Government","102 Service-providing","County, by Domain -- by ownership sector","All establishment sizes",20,90,87,94,940291,0,0,801,"",3.56,0.35,0.34,0.36,0.25,0.00,0.00,0.72,"",-2,-9.1,-3,-3.2,-2,-2.2,3,3.3,-103811,-9.9,0,0.0,0,0.0,-82,-9.3
"36121","1","102","72","0","2016","2","","Wyoming County, New York","Federal Government","102 Service-providing","County, by Domain -- by ownership sector","All establishment sizes",20,84,87,90,904883,0,0,800,"",3.59,0.32,0.33,0.33,0.24,0.00,0.00,0.73,"",-2,-9.1,3,3.7,7,8.8,12,15.4,39850,4.6,0,0.0,0,0.0,-35,-4.2
"36121","1","102","72","0","2016","3","","Wyoming County, New York","Federal Government","102 Service-providing","County, by Domain -- by ownership sector","All establishment sizes",20,84,92,91,1053486,0,0,911,"",3.61,0.32,0.35,0.34,0.25,0.00,0.00,0.74,"",-2,-9.1,6,7.7,4,4.5,2,2.2,-16394,-1.5,0,0.0,0,0.0,-57,-5.9
"36121","1","102","72","0","2016","4","","Wyoming County, New York","Federal Government","102 Service-providing","County, by Domain -- by ownership sector","All establishment sizes",20,88,88,88,1065783,0,0,932,"",3.63,0.33,0.34,0.34,0.28,0.00,0.00,0.83,"",-1,-4.8,5,6.0,-2,-2.2,-1,-1.1,17315,1.7,0,0.0,0,0.0,9,1.0
"36121","1","1021","73","0","2016","1","","Wyoming County, New York","Federal Government","1021 Trade, transportation, and utilities","County, by Supersector -- by ownership sector","All establishment sizes",17,79,79,84,816475,0,0,779,"",6.05,1.24,1.23,1.30,1.23,0.00,0.00,0.98,"",-1,-5.6,-2,-2.5,-2,-2.5,4,5.0,-98516,-10.8,0,0.0,0,0.0,-94,-10.8
"36121","1","1021","73","0","2016","2","","Wyoming County, New York","Federal Government","1021 Trade, transportation, and utilities","County, by Supersector -- by ownership sector","All establishment sizes",17,77,80,81,820664,0,0,796,"",6.09,1.20,1.21,1.21,1.17,0.00,0.00,0.97,"",-1,-5.6,4,5.5,8,11.1,10,14.1,58388,7.7,0,0.0,0,0.0,-18,-2.2
"36121","1","1021","73","0","2016","3","","Wyoming County, New York","Federal Government","1021 Trade, transportation, and utilities","County, by Supersector -- by ownership sector","All establishment sizes",17,77,84,84,952475,0,0,897,"",6.14,1.20,1.31,1.27,1.23,0.00,0.00,0.98,"",-1,-5.6,7,10.0,4,5.0,2,2.4,15595,1.7,0,0.0,0,0.0,-35,-3.8
"36121","1","1021","73","0","2016","4","","Wyoming County, New York","Federal Government","1021 Trade, transportation, and utilities","County, by Supersector -- by ownership sector","All establishment sizes",17,81,81,80,977374,0,0,932,"",6.18,1.23,1.27,1.21,1.24,0.00,0.00,1.00,"",0,0.0,5,6.6,1,1.2,2,2.6,31936,3.4,0,0.0,0,0.0,0,0.0
"36121","1","1028","73","0","2016","1","","Wyoming County, New York","Federal Government","1028 Public administration","County, by Supersector -- by ownership sector","All establishment sizes",3,11,8,10,123816,0,0,985,"",1.31,0.08,0.06,0.07,0.05,0.00,0.00,0.77,"",-1,-25.0,-1,-8.3,0,0.0,-1,-9.1,-5295,-4.1,0,0.0,0,0.0,24,2.5
"36121","1","1028","73","0","2016","2","","Wyoming County, New York","Federal Government","1028 Public administration","County, by Supersector -- by ownership sector","All establishment sizes",3,7,7,9,84219,0,0,845,"",1.32,0.05,0.05,0.06,0.04,0.00,0.00,0.69,"",-1,-25.0,-1,-12.5,-1,-12.5,2,28.6,-18538,-18.0,0,0.0,0,0.0,-186,-18.0
"36121","1","1028","73","0","2016","3","","Wyoming County, New York","Federal Government","1028 Public administration","County, by Supersector -- by ownership sector","All establishment sizes",3,7,8,7,101011,0,0,1060,"",1.33,0.05,0.06,0.05,0.04,0.00,0.00,0.76,"",-1,-25.0,-1,-12.5,0,0.0,0,0.0,-31989,-24.1,0,0.0,0,0.0,-274,-20.5
"36121","1","1028","73","0","2016","4","","Wyoming County, New York","Federal Government","1028 Public administration","County, by Supersector -- by ownership sector","All establishment sizes",3,7,7,8,88409,0,0,927,"",1.34,0.05,0.05,0.06,0.04,0.00,0.00,0.76,"",-1,-25.0,0,0.0,-3,-30.0,-3,-27.3,-14621,-14.2,0,0.0,0,0.0,78,9.2
"36121","1","48-49","74","0","2016","1","","Wyoming County, New York","Federal Government","NAICS 48-49 Transportation and warehousing","County, NAICS Sector -- by ownership sector","All establishment sizes",17,79,79,84,816475,0,0,779,"",6.22,1.36,1.35,1.43,1.33,0.00,0.00,0.96,"",-1,-5.6,-2,-2.5,-2,-2.5,4,5.0,-98516,-10.8,0,0.0,0,0.0,-94,-10.8
"36121","1","48-49","74","0","2016","2","","Wyoming County, New York","Federal Government","NAICS 48-49 Transportation and warehousing","County, NAICS Sector -- by ownership sector","All establishment sizes",17,77,80,81,820664,0,0,796,"",6.26,1.31,1.32,1.32,1.27,0.00,0.00,0.96,"",-1,-5.6,4,5.5,8,11.1,10,14.1,58388,7.7,0,0.0,0,0.0,-18,-2.2
"36121","1","48-49","74","0","2016","3","","Wyoming County, New York","Federal Government","NAICS 48-49 Transportation and warehousing","County, NAICS Sector -- by ownership sector","All establishment sizes",17,77,84,84,952475,0,0,897,"",6.32,1.31,1.43,1.39,1.31,0.00,0.00,0.95,"",-1,-5.6,7,10.0,4,5.0,2,2.4,15595,1.7,0,0.0,0,0.0,-35,-3.8
"36121","1","48-49","74","0","2016","4","","Wyoming County, New York","Federal Government","NAICS 48-49 Transportation and warehousing","County, NAICS Sector -- by ownership sector","All establishment sizes",17,81,81,80,977374,0,0,932,"",6.36,1.35,1.39,1.32,1.34,0.00,0.00,0.99,"",0,0.0,5,6.6,1,1.2,2,2.6,31936,3.4,0,0.0,0,0.0,0,0.0
"36121","1","491","75","0","2016","1","","Wyoming County, New York","Federal Government","NAICS 491 Postal service","County, NAICS 3-digit -- by ownership sector","All establishment sizes",17,79,79,84,816475,0,0,779,"",6.26,1.39,1.38,1.46,1.40,0.00,0.00,0.99,"",-1,-5.6,-2,-2.5,-2,-2.5,4,5.0,-98516,-10.8,0,0.0,0,0.0,-94,-10.8
"36121","1","491","75","0","2016","2","","Wyoming County, New York","Federal Government","NAICS 491 Postal service","County, NAICS 3-digit -- by ownership sector","All establishment sizes",17,77,80,81,820664,0,0,796,"",6.31,1.34,1.35,1.35,1.32,0.00,0.00,0.98,"",-1,-5.6,4,5.5,8,11.1,10,14.1,58388,7.7,0,0.0,0,0.0,-18,-2.2
"36121","1","491","75","0","2016","3","","Wyoming County, New York","Federal Government","NAICS 491 Postal service","County, NAICS 3-digit -- by ownership sector","All establishment sizes",17,77,84,84,952475,0,0,897,"",6.36,1.34,1.46,1.42,1.37,0.00,0.00,0.98,"",-1,-5.6,7,10.0,4,5.0,2,2.4,15595,1.7,0,0.0,0,0.0,-35,-3.8
"36121","1","491","75","0","2016","4","","Wyoming County, New York","Federal Government","NAICS 491 Postal service","County, NAICS 3-digit -- by ownership sector","All establishment sizes",17,81,81,80,977374,0,0,932,"",6.40,1.38,1.42,1.35,1.39,0.00,0.00,1.01,"",0,0.0,5,6.6,1,1.2,2,2.6,31936,3.4,0,0.0,0,0.0,0,0.0
"36121","1","4911","76","0","2016","1","","Wyoming County, New York","Federal Government","NAICS 4911 Postal service","County, NAICS 4-digit -- by ownership sector","All establishment sizes",17,79,79,84,816475,0,0,779,"",6.26,1.39,1.38,1.46,1.40,0.00,0.00,0.99,"",-1,-5.6,-2,-2.5,-2,-2.5,4,5.0,-98516,-10.8,0,0.0,0,0.0,-94,-10.8
"36121","1","4911","76","0","2016","2","","Wyoming County, New York","Federal Government","NAICS 4911 Postal service","County, NAICS 4-digit -- by ownership sector","All establishment sizes",17,77,80,81,820664,0,0,796,"",6.31,1.34,1.35,1.35,1.32,0.00,0.00,0.98,"",-1,-5.6,4,5.5,8,11.1,10,14.1,58388,7.7,0,0.0,0,0.0,-18,-2.2
"36121","1","4911","76","0","2016","3","","Wyoming County, New York","Federal Government","NAICS 4911 Postal service","County, NAICS 4-digit -- by ownership sector","All establishment sizes",17,77,84,84,952475,0,0,897,"",6.36,1.34,1.46,1.42,1.37,0.00,0.00,0.98,"",-1,-5.6,7,10.0,4,5.0,2,2.4,15595,1.7,0,0.0,0,0.0,-35,-3.8
"36121","1","4911","76","0","2016","4","","Wyoming County, New York","Federal Government","NAICS 4911 Postal service","County, NAICS 4-digit -- by ownership sector","All establishment sizes",17,81,81,80,977374,0,0,932,"",6.40,1.38,1.42,1.35,1.39,0.00,0.00,1.01,"",0,0.0,5,6.6,1,1.2,2,2.6,31936,3.4,0,0.0,0,0.0,0,0.0
"36121","1","49111","77","0","2016","1","","Wyoming County, New York","Federal Government","NAICS 49111 Postal service","County, NAICS 5-digit -- by ownership sector","All establishment sizes",17,79,79,84,816475,0,0,779,"",6.26,1.39,1.38,1.46,1.40,0.00,0.00,0.99,"",-1,-5.6,-2,-2.5,-2,-2.5,4,5.0,-98516,-10.8,0,0.0,0,0.0,-94,-10.8
"36121","1","49111","77","0","2016","2","","Wyoming County, New York","Federal Government","NAICS 49111 Postal service","County, NAICS 5-digit -- by ownership sector","All establishment sizes",17,77,80,81,820664,0,0,796,"",6.31,1.34,1.35,1.35,1.32,0.00,0.00,0.98,"",-1,-5.6,4,5.5,8,11.1,10,14.1,58388,7.7,0,0.0,0,0.0,-18,-2.2
"36121","1","49111","77","0","2016","3","","Wyoming County, New York","Federal Government","NAICS 49111 Postal service","County, NAICS 5-digit -- by ownership sector","All establishment sizes",17,77,84,84,952475,0,0,897,"",6.36,1.34,1.46,1.42,1.37,0.00,0.00,0.98,"",-1,-5.6,7,10.0,4,5.0,2,2.4,15595,1.7,0,0.0,0,0.0,-35,-3.8
"36121","1","49111","77","0","2016","4","","Wyoming County, New York","Federal Government","NAICS 49111 Postal service","County, NAICS 5-digit -- by ownership sector","All establishment sizes",17,81,81,80,977374,0,0,932,"",6.40,1.38,1.42,1.35,1.39,0.00,0.00,1.01,"",0,0.0,5,6.6,1,1.2,2,2.6,31936,3.4,0,0.0,0,0.0,0,0.0
"36121","1","491110","78","0","2016","1","","Wyoming County, New York","Federal Government","NAICS 491110 Postal service","County, NAICS 6-digit -- by ownership sector","All establishment sizes",17,79,79,84,816475,0,0,779,"",6.26,1.39,1.38,1.46,1.40,0.00,0.00,0.99,"",-1,-5.6,-2,-2.5,-2,-2.5,4,5.0,-98516,-10.8,0,0.0,0,0.0,-94,-10.8
"36121","1","491110","78","0","2016","2","","Wyoming County, New York","Federal Government","NAICS 491110 Postal service","County, NAICS 6-digit -- by ownership sector","All establishment sizes",17,77,80,81,820664,0,0,796,"",6.31,1.34,1.35,1.35,1.32,0.00,0.00,0.98,"",-1,-5.6,4,5.5,8,11.1,10,14.1,58388,7.7,0,0.0,0,0.0,-18,-2.2
"36121","1","491110","78","0","2016","3","","Wyoming County, New York","Federal Government","NAICS 491110 Postal service","County, NAICS 6-digit -- by ownership sector","All establishment sizes",17,77,84,84,952475,0,0,897,"",6.36,1.34,1.46,1.42,1.37,0.00,0.00,0.98,"",-1,-5.6,7,10.0,4,5.0,2,2.4,15595,1.7,0,0.0,0,0.0,-35,-3.8
"36121","1","491110","78","0","2016","4","","Wyoming County, New York","Federal Government","NAICS 491110 Postal service","County, NAICS 6-digit -- by ownership sector","All establishment sizes",17,81,81,80,977374,0,0,932,"",6.40,1.38,1.42,1.35,1.39,0.00,0.00,1.01,"",0,0.0,5,6.6,1,1.2,2,2.6,31936,3.4,0,0.0,0,0.0,0,0.0
"36121","1","92","74","0","2016","1","","Wyoming County, New York","Federal Government","NAICS 92 Public administration","County, NAICS Sector -- by ownership sector","All establishment sizes",3,11,8,10,123816,0,0,985,"",1.31,0.08,0.06,0.07,0.05,0.00,0.00,0.77,"",-1,-25.0,-1,-8.3,0,0.0,-1,-9.1,-5295,-4.1,0,0.0,0,0.0,24,2.5
"36121","1","92","74","0","2016","2","","Wyoming County, New York","Federal Government","NAICS 92 Public administration","County, NAICS Sector -- by ownership sector","All establishment sizes",3,7,7,9,84219,0,0,845,"",1.32,0.05,0.05,0.06,0.04,0.00,0.00,0.69,"",-1,-25.0,-1,-12.5,-1,-12.5,2,28.6,-18538,-18.0,0,0.0,0,0.0,-186,-18.0
"36121","1","92","74","0","2016","3","","Wyoming County, New York","Federal Government","NAICS 92 Public administration","County, NAICS Sector -- by ownership sector","All establishment sizes",3,7,8,7,101011,0,0,1060,"",1.33,0.05,0.06,0.05,0.04,0.00,0.00,0.76,"",-1,-25.0,-1,-12.5,0,0.0,0,0.0,-31989,-24.1,0,0.0,0,0.0,-274,-20.5
"36121","1","92","74","0","2016","4","","Wyoming County, New York","Federal Government","NAICS 92 Public administration","County, NAICS Sector -- by ownership sector","All establishment sizes",3,7,7,8,88409,0,0,927,"",1.34,0.05,0.05,0.06,0.04,0.00,0.00,0.76,"",-1,-25.0,0,0.0,-3,-30.0,-3,-27.3,-14621,-14.2,0,0.0,0,0.0,78,9.2
"36121","1","924","75","0","2016","1","","Wyoming County, New York","Federal Government","NAICS 924 Administration of environmental programs","County, NAICS 3-digit -- by ownership sector","All establishment sizes",1,2,2,2,31542,0,0,1213,"",1.93,0.23,0.23,0.23,0.22,0.00,0.00,0.99,"",0,0.0,0,0.0,0,0.0,0,0.0,2488,8.6,0,0.0,0,0.0,96,8.6
"36121","1","924","75","0","2016","2","","Wyoming County, New York","Federal Government","NAICS 924 Administration of environmental programs","County, NAICS 3-digit -- by ownership sector","All establishment sizes",1,2,2,2,26262,0,0,1010,"",1.94,0.22,0.21,0.19,0.19,0.00,0.00,0.93,"",0,0.0,0,0.0,0,0.0,0,0.0,1288,5.2,0,0.0,0,0.0,49,5.1
"36121","1","924","75","0","2016","3","","Wyoming County, New York","Federal Government","NAICS 924 Administration of environmental programs","County, NAICS 3-digit -- by ownership sector","All establishment sizes",1,2,2,2,32056,0,0,1233,"",1.96,0.20,0.20,0.20,0.19,0.00,0.00,0.94,"",0,0.0,0,0.0,0,0.0,0,0.0,1811,6.0,0,0.0,0,0.0,70,6.0
"36121","1","924","75","0","2016","4","","Wyoming County, New York","Federal Government","NAICS 924 Administration of environmental programs","County, NAICS 3-digit -- by ownership sector","All establishment sizes",1,2,2,2,29035,0,0,1117,"",1.98,0.21,0.22,0.22,0.23,0.00,0.00,1.05,"",0,0.0,0,0.0,0,0.0,0,0.0,3240,12.6,0,0.0,0,0.0,125,12.6
"36121","1","9241","76","0","2016","1","","Wyoming County, New York","Federal Government","NAICS 9241 Administration of environmental programs","County, NAICS 4-digit -- by ownership sector","All establishment sizes",1,2,2,2,31542,0,0,1213,"",1.93,0.23,0.23,0.23,0.22,0.00,0.00,0.99,"",0,0.0,0,0.0,0,0.0,0,0.0,2488,8.6,0,0.0,0,0.0,96,8.6
"36121","1","9241","76","0","2016","2","","Wyoming County, New York","Federal Government","NAICS 9241 Administration of environmental programs","County, NAICS 4-digit -- by ownership sector","All establishment sizes",1,2,2,2,26262,0,0,1010,"",1.94,0.22,0.21,0.19,0.19,0.00,0.00,0.93,"",0,0.0,0,0.0,0,0.0,0,0.0,1288,5.2,0,0.0,0,0.0,49,5.1
"36121","1","9241","76","0","2016","3","","Wyoming County, New York","Federal Government","NAICS 9241 Administration of environmental programs","County, NAICS 4-digit -- by ownership sector","All establishment sizes",1,2,2,2,32056,0,0,1233,"",1.96,0.20,0.20,0.20,0.19,0.00,0.00,0.94,"",0,0.0,0,0.0,0,0.0,0,0.0,1811,6.0,0,0.0,0,0.0,70,6.0
"36121","1","9241","76","0","2016","4","","Wyoming County, New York","Federal Government","NAICS 9241 Administration of environmental programs","County, NAICS 4-digit -- by ownership sector","All establishment sizes",1,2,2,2,29035,0,0,1117,"",1.98,0.21,0.22,0.22,0.23,0.00,0.00,1.05,"",0,0.0,0,0.0,0,0.0,0,0.0,3240,12.6,0,0.0,0,0.0,125,12.6
"36121","1","92412","77","0","2016","1","","Wyoming County, New York","Federal Government","NAICS 92412 Administration of conservation programs","County, NAICS 5-digit -- by ownership sector","All establishment sizes",1,2,2,2,31542,0,0,1213,"",2.02,0.28,0.28,0.28,0.30,0.00,0.00,1.07,"",0,0.0,0,0.0,0,0.0,0,0.0,2488,8.6,0,0.0,0,0.0,96,8.6
"36121","1","92412","77","0","2016","2","","Wyoming County, New York","Federal Government","NAICS 92412 Administration of conservation programs","County, NAICS 5-digit -- by ownership sector","All establishment sizes",1,2,2,2,26262,0,0,1010,"",2.04,0.27,0.25,0.23,0.25,0.00,0.00,1.02,"",0,0.0,0,0.0,0,0.0,0,0.0,1288,5.2,0,0.0,0,0.0,49,5.1
"36121","1","92412","77","0","2016","3","","Wyoming County, New York","Federal Government","NAICS 92412 Administration of conservation programs","County, NAICS 5-digit -- by ownership sector","All establishment sizes",1,2,2,2,32056,0,0,1233,"",2.06,0.23,0.24,0.24,0.24,0.00,0.00,1.02,"",0,0.0,0,0.0,0,0.0,0,0.0,1811,6.0,0,0.0,0,0.0,70,6.0
"36121","1","92412","77","0","2016","4","","Wyoming County, New York","Federal Government","NAICS 92412 Administration of conservation programs","County, NAICS 5-digit -- by ownership sector","All establishment sizes",1,2,2,2,29035,0,0,1117,"",2.08,0.25,0.27,0.27,0.30,0.00,0.00,1.14,"",0,0.0,0,0.0,0,0.0,0,0.0,3240,12.6,0,0.0,0,0.0,125,12.6
"36121","1","924120","78","0","2016","1","","Wyoming County, New York","Federal Government","NAICS 924120 Administration of conservation programs","County, NAICS 6-digit -- by ownership sector","All establishment sizes",1,2,2,2,31542,0,0,1213,"",2.02,0.28,0.28,0.28,0.30,0.00,0.00,1.07,"",0,0.0,0,0.0,0,0.0,0,0.0,2488,8.6,0,0.0,0,0.0,96,8.6
"36121","1","924120","78","0","2016","2","","Wyoming County, New York","Federal Government","NAICS 924120 Administration of conservation programs","County, NAICS 6-digit -- by ownership sector","All establishment sizes",1,2,2,2,26262,0,0,1010,"",2.04,0.27,0.25,0.23,0.25,0.00,0.00,1.02,"",0,0.0,0,0.0,0,0.0,0,0.0,1288,5.2,0,0.0,0,0.0,49,5.1
"36121","1","924120","78","0","2016","3","","Wyoming County, New York","Federal Government","NAICS 924120 Administration of conservation programs","County, NAICS 6-digit -- by ownership sector","All establishment sizes",1,2,2,2,32056,0,0,1233,"",2.06,0.23,0.24,0.24,0.24,0.00,0.00,1.02,"",0,0.0,0,0.0,0,0.0,0,0.0,1811,6.0,0,0.0,0,0.0,70,6.0
"36121","1","924120","78","0","2016","4","","Wyoming County, New York","Federal Government","NAICS 924120 Administration of conservation programs","County, NAICS 6-digit -- by ownership sector","All establishment sizes",1,2,2,2,29035,0,0,1117,"",2.08,0.25,0.27,0.27,0.30,0.00,0.00,1.14,"",0,0.0,0,0.0,0,0.0,0,0.0,3240,12.6,0,0.0,0,0.0,125,12.6
"36121","1","926","75","0","2016","1","","Wyoming County, New York","Federal Government","NAICS 926 Administration of economic programs","County, NAICS 3-digit -- by ownership sector","All establishment sizes",2,9,6,8,92274,0,0,926,"",2.62,0.39,0.27,0.35,0.23,0.00,0.00,0.67,"",-1,-33.3,-1,-10.0,0,0.0,-1,-11.1,-7783,-7.8,0,0.0,0,0.0,2,0.2
"36121","1","926","75","0","2016","2","","Wyoming County, New York","Federal Government","NAICS 926 Administration of economic programs","County, NAICS 3-digit -- by ownership sector","All establishment sizes",2,5,5,7,57957,0,0,787,"",2.65,0.22,0.22,0.29,0.15,0.00,0.00,0.63,"",-1,-33.3,-1,-16.7,-1,-16.7,2,40.0,-19826,-25.5,0,0.0,0,0.0,-269,-25.5
"36121","1","926","75","0","2016","3","","Wyoming County, New York","Federal Government","NAICS 926 Administration of economic programs","County, NAICS 3-digit -- by ownership sector","All establishment sizes",2,5,6,5,68955,0,0,995,"",2.68,0.22,0.26,0.21,0.16,0.00,0.00,0.70,"",-1,-33.3,-1,-16.7,0,0.0,0,0.0,-33800,-32.9,0,0.0,0,0.0,-400,-28.7
"36121","1","926","75","0","2016","4","","Wyoming County, New York","Federal Government","NAICS 926 Administration of economic programs","County, NAICS 3-digit -- by ownership sector","All establishment sizes",2,5,5,6,59374,0,0,856,"",2.70,0.21,0.22,0.26,0.17,0.00,0.00,0.71,"",-1,-33.3,0,0.0,-3,-37.5,-3,-33.3,-17861,-23.1,0,0.0,0,0.0,46,5.7
"36121","1","9261","76","0","2016","1","","Wyoming County, New York","Federal Government","NAICS 9261 Administration of economic programs","County, NAICS 4-digit -- by ownership sector","All establishment sizes",2,9,6,8,92274,0,0,926,"",2.62,0.39,0.27,0.35,0.23,0.00,0.00,0.67,"",-1,-33.3,-1,-10.0,0,0.0,-1,-11.1,-7783,-7.8,0,0.0,0,0.0,2,0.2
"36121","1","9261","76","0","2016","2","","Wyoming County, New York","Federal Government","NAICS 9261 Administration of economic programs","County, NAICS 4-digit -- by ownership sector","All establishment sizes",2,5,5,7,57957,0,0,787,"",2.65,0.22,0.22,0.29,0.15,0.00,0.00,0.63,"",-1,-33.3,-1,-16.7,-1,-16.7,2,40.0,-19826,-25.5,0,0.0,0,0.0,-269,-25.5
"36121","1","9261","76","0","2016","3","","Wyoming County, New York","Federal Government","NAICS 9261 Administration of economic programs","County, NAICS 4-digit -- by ownership sector","All establishment sizes",2,5,6,5,68955,0,0,995,"",2.68,0.22,0.26,0.21,0.16,0.00,0.00,0.70,"",-1,-33.3,-1,-16.7,0,0.0,0,0.0,-33800,-32.9,0,0.0,0,0.0,-400,-28.7
"36121","1","9261","76","0","2016","4","","Wyoming County, New York","Federal Government","NAICS 9261 Administration of economic programs","County, NAICS 4-digit -- by ownership sector","All establishment sizes",2,5,5,6,59374,0,0,856,"",2.70,0.21,0.22,0.26,0.17,0.00,0.00,0.71,"",-1,-33.3,0,0.0,-3,-37.5,-3,-33.3,-17861,-23.1,0,0.0,0,0.0,46,5.7
"36121","1","92614","77","0","2016","1","","Wyoming County, New York","Federal Government","NAICS 92614 Agricultural market and commodity regulation","County, NAICS 5-digit -- by ownership sector","All establishment sizes",2,9,6,8,92274,0,0,926,"",6.26,1.98,1.37,1.81,1.40,0.00,0.00,0.81,"",0,0.0,-1,-10.0,0,0.0,-1,-11.1,-7783,-7.8,0,0.0,0,0.0,2,0.2
"36121","1","92614","77","0","2016","2","","Wyoming County, New York","Federal Government","NAICS 92614 Agricultural market and commodity regulation","County, NAICS 5-digit -- by ownership sector","All establishment sizes",2,5,5,7,57957,0,0,787,"",6.33,1.13,1.11,1.51,0.94,0.00,0.00,0.75,"",0,0.0,-1,-16.7,-1,-16.7,2,40.0,-19826,-25.5,0,0.0,0,0.0,-269,-25.5
"36121","1","92614","77","0","2016","3","","Wyoming County, New York","Federal Government","NAICS 92614 Agricultural market and commodity regulation","County, NAICS 5-digit -- by ownership sector","All establishment sizes",2,5,6,5,68955,0,0,995,"",6.39,1.11,1.34,1.10,0.99,0.00,0.00,0.84,"",0,0.0,-1,-16.7,0,0.0,0,0.0,-33800,-32.9,0,0.0,0,0.0,-400,-28.7
"36121","1","92614","77","0","2016","4","","Wyoming County, New York","Federal Government","NAICS 92614 Agricultural market and commodity regulation","County, NAICS 5-digit -- by ownership sector","All establishment sizes",2,5,5,6,59374,0,0,856,"",6.46,1.11,1.13,1.31,1.03,0.00,0.00,0.87,"",0,0.0,0,0.0,-3,-37.5,-3,-33.3,-17861,-23.1,0,0.0,0,0.0,46,5.7
"36121","1","926140","78","0","2016","1","","Wyoming County, New York","Federal Government","NAICS 926140 Agricultural market and commodity regulation","County, NAICS 6-digit -- by ownership sector","All establishment sizes",2,9,6,8,92274,0,0,926,"",6.26,1.98,1.37,1.81,1.40,0.00,0.00,0.81,"",0,0.0,-1,-10.0,0,0.0,-1,-11.1,-7783,-7.8,0,0.0,0,0.0,2,0.2
"36121","1","926140","78","0","2016","2","","Wyoming County, New York","Federal Government","NAICS 926140 Agricultural market and commodity regulation","County, NAICS 6-digit -- by ownership sector","All establishment sizes",2,5,5,7,57957,0,0,787,"",6.33,1.13,1.11,1.51,0.94,0.00,0.00,0.75,"",0,0.0,-1,-16.7,-1,-16.7,2,40.0,-19826,-25.5,0,0.0,0,0.0,-269,-25.5
"36121","1","926140","78","0","2016","3","","Wyoming County, New York","Federal Government","NAICS 926140 Agricultural market and commodity regulation","County, NAICS 6-digit -- by ownership sector","All establishment sizes",2,5,6,5,68955,0,0,995,"",6.39,1.11,1.34,1.10,0.99,0.00,0.00,0.84,"",0,0.0,-1,-16.7,0,0.0,0,0.0,-33800,-32.9,0,0.0,0,0.0,-400,-28.7
"36121","1","926140","78","0","2016","4","","Wyoming County, New York","Federal Government","NAICS 926140 Agricultural market and commodity regulation","County, NAICS 6-digit -- by ownership sector","All establishment sizes",2,5,5,6,59374,0,0,856,"",6.46,1.11,1.13,1.31,1.03,0.00,0.00,0.87,"",0,0.0,0,0.0,-3,-37.5,-3,-33.3,-17861,-23.1,0,0.0,0,0.0,46,5.7
"36121","2","10","71","0","2016","1","","Wyoming County, New York","State Government","10 Total, all industries","County, Total -- by ownership sector","All establishment sizes",23,1737,1757,1754,31973558,0,0,1406,"",3.57,4.06,4.04,4.00,7.17,0.00,0.00,1.78,"",1,4.5,42,2.5,63,3.7,48,2.8,4532146,16.5,0,0.0,0,0.0,163,13.1
"36121","2","10","71","0","2016","2","","Wyoming County, New York","State Government","10 Total, all industries","County, Total -- by ownership sector","All establishment sizes",23,1760,1782,1838,28480399,0,0,1222,"",3.59,3.99,3.98,4.12,5.72,0.00,0.00,1.42,"",1,4.5,28,1.6,17,1.0,56,3.1,-3711015,-11.5,0,0.0,0,0.0,-185,-13.1
"36121","2","10","71","0","2016","3","","Wyoming County, New York","State Government","10 Total, all industries","County, Total -- by ownership sector","All establishment sizes",23,1850,1853,1834,33611577,0,0,1401,"",3.62,4.33,4.35,4.10,6.82,0.00,0.00,1.60,"",0,0.0,34,1.9,41,2.3,57,3.2,4712425,16.3,0,0.0,0,0.0,167,13.5
"36121","2","10","71","0","2016","4","","Wyoming County, New York","State Government","10 Total, all industries","County, Total -- by ownership sector","All establishment sizes",23,1815,1754,1754,28396426,0,0,1231,"",3.63,4.07,4.05,4.09,6.23,0.00,0.00,1.53,"",0,0.0,35,2.0,0,0.0,14,0.8,-3021625,-9.6,0,0.0,0,0.0,-144,-10.5
"36121","2","102","72","0","2016","1","","Wyoming County, New York","State Government","102 Service-providing","County, by Domain -- by ownership sector","All establishment sizes",23,1737,1757,1754,31973558,0,0,1406,"",3.67,4.13,4.10,4.07,7.28,0.00,0.00,1.78,"",1,4.5,42,2.5,63,3.7,48,2.8,4532146,16.5,0,0.0,0,0.0,163,13.1
"36121","2","102","72","0","2016","2","","Wyoming County, New York","State Government","102 Service-providing","County, by Domain -- by ownership sector","All establishment sizes",23,1760,1782,1838,28480399,0,0,1222,"",3.70,4.06,4.04,4.19,5.80,0.00,0.00,1.42,"",1,4.5,28,1.6,17,1.0,56,3.1,-3711015,-11.5,0,0.0,0,0.0,-185,-13.1
"36121","2","102","72","0","2016","3","","Wyoming County, New York","State Government","102 Service-providing","County, by Domain -- by ownership sector","All establishment sizes",23,1850,1853,1834,33611577,0,0,1401,"",3.72,4.40,4.42,4.16,6.92,0.00,0.00,1.60,"",0,0.0,34,1.9,41,2.3,57,3.2,4712425,16.3,0,0.0,0,0.0,167,13.5
"36121","2","102","72","0","2016","4","","Wyoming County, New York","State Government","102 Service-providing","County, by Domain -- by ownership sector","All establishment sizes",23,1815,1754,1754,28396426,0,0,1231,"",3.74,4.14,4.12,4.15,6.32,0.00,0.00,1.53,"",0,0.0,35,2.0,0,0.0,14,0.8,-3021625,-9.6,0,0.0,0,0.0,-144,-10.5
"36121","2","1025","73","0","2016","1","N","Wyoming County, New York","State Government","1025 Education and health services","County, by Supersector -- by ownership sector","All establishment sizes",5,0,0,0,0,0,0,0,"N",3.67,0,0,0,0,0,0,0,"N",0,0.0,0,0,0,0,0,0,0,0,0,0,0,0,0,0
"36121","2","1025","73","0","2016","2","N","Wyoming County, New York","State Government","1025 Education and health services","County, by Supersector -- by ownership sector","All establishment sizes",5,0,0,0,0,0,0,0,"N",3.68,0,0,0,0,0,0,0,"N",0,0.0,0,0,0,0,0,0,0,0,0,0,0,0,0,0
"36121","2","1025","73","0","2016","3","N","Wyoming County, New York","State Government","1025 Education and health services","County, by Supersector -- by ownership sector","All establishment sizes",5,0,0,0,0,0,0,0,"N",3.70,0,0,0,0,0,0,0,"N",0,0.0,0,0,0,0,0,0,0,0,0,0,0,0,0,0
"36121","2","1025","73","0","2016","4","N","Wyoming County, New York","State Government","1025 Education and health services","County, by Supersector -- by ownership sector","All establishment sizes",5,0,0,0,0,0,0,0,"N",3.78,0,0,0,0,0,0,0,"N",0,0.0,0,0,0,0,0,0,0,0,0,0,0,0,0,0
"36121","2","1026","73","0","2016","1","N","Wyoming County, New York","State Government","1026 Leisure and hospitality","County, by Supersector -- by ownership sector","All establishment sizes",2,0,0,0,0,0,0,0,"N",18.12,0,0,0,0,0,0,0,"N",0,0.0,0,0,0,0,0,0,0,0,0,0,0,0,0,0
"36121","2","1026","73","0","2016","2","N","Wyoming County, New York","State Government","1026 Leisure and hospitality","County, by Supersector -- by ownership sector","All establishment sizes",2,0,0,0,0,0,0,0,"N",18.29,0,0,0,0,0,0,0,"N",0,0.0,0,0,0,0,0,0,0,0,0,0,0,0,0,0
"36121","2","1026","73","0","2016","3","N","Wyoming County, New York","State Government","1026 Leisure and hospitality","County, by Supersector -- by ownership sector","All establishment sizes",2,0,0,0,0,0,0,0,"N",18.42,0,0,0,0,0,0,0,"N",0,0.0,0,0,0,0,0,0,0,0,0,0,0,0,0,0
"36121","2","1026","73","0","2016","4","N","Wyoming County, New York","State Government","1026 Leisure and hospitality","County, by Supersector -- by ownership sector","All establishment sizes",2,0,0,0,0,0,0,0,"N",18.49,0,0,0,0,0,0,0,"N",0,0.0,0,0,0,0,0,0,0,0,0,0,0,0,0,0
"36121","2","1028","73","0","2016","1","","Wyoming County, New York","State Government","1028 Public administration","County, by Supersector -- by ownership sector","All establishment sizes",16,1515,1536,1535,29005274,0,0,1460,"",3.51,8.96,9.09,9.03,16.68,0.00,0.00,1.85,"",1,6.7,36,2.4,54,3.6,42,2.8,4074800,16.3,0,0.0,0,0.0,168,13.0
"36121","2","1028","73","0","2016","2","","Wyoming County, New York","State Government","1028 Public administration","County, by Supersector -- by ownership sector","All establishment sizes",16,1520,1518,1539,25428840,0,0,1282,"",3.54,8.89,8.69,8.64,13.07,0.00,0.00,1.49,"",1,6.7,21,1.4,12,0.8,41,2.7,-3774617,-12.9,0,0.0,0,0.0,-215,-14.4
"36121","2","1028","73","0","2016","3","","Wyoming County, New York","State Government","1028 Public administration","County, by Supersector -- by ownership sector","All establishment sizes",16,1540,1539,1533,30073698,0,0,1505,"",3.56,9.01,9.04,8.84,15.70,0.00,0.00,1.75,"",0,0.0,29,1.9,30,2.0,28,1.9,4412298,17.2,0,0.0,0,0.0,196,15.0
"36121","2","1028","73","0","2016","4","","Wyoming County, New York","State Government","1028 Public administration","County, by Supersector -- by ownership sector","All establishment sizes",16,1540,1522,1531,25438261,0,0,1278,"",3.56,8.94,9.12,9.22,14.20,0.00,0.00,1.56,"",0,0.0,29,1.9,-1,-0.1,15,1.0,-2692847,-9.6,0,0.0,0,0.0,-149,-10.4
"36121","2","62","74","0","2016","1","N","Wyoming County, New York","State Government","NAICS 62 Health care and social assistance","County, NAICS Sector -- by ownership sector","All establishment sizes",5,0,0,0,0,0,0,0,"N",7.82,0,0,0,0,0,0,0,"N",0,0.0,0,0,0,0,0,0,0,0,0,0,0,0,0,0
"36121","2","62","74","0","2016","2","N","Wyoming County, New York","State Government","NAICS 62 Health care and social assistance","County, NAICS Sector -- by ownership sector","All establishment sizes",5,0,0,0,0,0,0,0,"N",7.88,0,0,0,0,0,0,0,"N",0,0.0,0,0,0,0,0,0,0,0,0,0,0,0,0,0
"36121","2","62","74","0","2016","3","N","Wyoming County, New York","State Government","NAICS 62 Health care and social assistance","County, NAICS Sector -- by ownership sector","All establishment sizes",5,0,0,0,0,0,0,0,"N",7.89,0,0,0,0,0,0,0,"N",0,0.0,0,0,0,0,0,0,0,0,0,0,0,0,0,0
"36121","2","62","74","0","2016","4","N","Wyoming County, New York","State Government","NAICS 62 Health care and social assistance","County, NAICS Sector -- by ownership sector","All establishment sizes",5,0,0,0,0,0,0,0,"N",8.10,0,0,0,0,0,0,0,"N",0,0.0,0,0,0,0,0,0,0,0,0,0,0,0,0,0
"36121","2","622","75","0","2016","1","N","Wyoming County, New York","State Government","NAICS 622 Hospitals","County, NAICS 3-digit -- by ownership sector","All establishment sizes",2,0,0,0,0,0,0,0,"N",15.26,0,0,0,0,0,0,0,"N",0,0.0,0,0,0,0,0,0,0,0,0,0,0,0,0,0
"36121","2","622","75","0","2016","2","N","Wyoming County, New York","State Government","NAICS 622 Hospitals","County, NAICS 3-digit -- by ownership sector","All establishment sizes",2,0,0,0,0,0,0,0,"N",15.36,0,0,0,0,0,0,0,"N",0,0.0,0,0,0,0,0,0,0,0,0,0,0,0,0,0
"36121","2","622","75","0","2016","3","N","Wyoming County, New York","State Government","NAICS 622 Hospitals","County, NAICS 3-digit -- by ownership sector","All establishment sizes",2,0,0,0,0,0,0,0,"N",15.46,0,0,0,0,0,0,0,"N",0,0.0,0,0,0,0,0,0,0,0,0,0,0,0,0,0
"36121","2","622","75","0","2016","4","N","Wyoming County, New York","State Government","NAICS 622 Hospitals","County, NAICS 3-digit -- by ownership sector","All establishment sizes",2,0,0,0,0,0,0,0,"N",15.47,0,0,0,0,0,0,0,"N",0,0.0,0,0,0,0,0,0,0,0,0,0,0,0,0,0
"36121","2","6222","76","0","2016","1","N","Wyoming County, New York","State Government","NAICS 6222 Psychiatric and substance abuse hospitals","County, NAICS 4-digit -- by ownership sector","All establishment sizes",2,0,0,0,0,0,0,0,"N",19.19,0,0,0,0,0,0,0,"N",0,0.0,0,0,0,0,0,0,0,0,0,0,0,0,0,0
"36121","2","6222","76","0","2016","2","N","Wyoming County, New York","State Government","NAICS 6222 Psychiatric and substance abuse hospitals","County, NAICS 4-digit -- by ownership sector","All establishment sizes",2,0,0,0,0,0,0,0,"N",19.30,0,0,0,0,0,0,0,"N",0,0.0,0,0,0,0,0,0,0,0,0,0,0,0,0,0
"36121","2","6222","76","0","2016","3","N","Wyoming County, New York","State Government","NAICS 6222 Psychiatric and substance abuse hospitals","County, NAICS 4-digit -- by ownership sector","All establishment sizes",2,0,0,0,0,0,0,0,"N",19.44,0,0,0,0,0,0,0,"N",0,0.0,0,0,0,0,0,0,0,0,0,0,0,0,0,0
"36121","2","6222","76","0","2016","4","N","Wyoming County, New York","State Government","NAICS 6222 Psychiatric and substance abuse hospitals","County, NAICS 4-digit -- by ownership sector","All establishment sizes",2,0,0,0,0,0,0,0,"N",19.44,0,0,0,0,0,0,0,"N",0,0.0,0,0,0,0,0,0,0,0,0,0,0,0,0,0
"36121","2","62221","77","0","2016","1","N","Wyoming County, New York","State Government","NAICS 62221 Psychiatric and substance abuse hospitals","County, NAICS 5-digit -- by ownership sector","All establishment sizes",2,0,0,0,0,0,0,0,"N",19.19,0,0,0,0,0,0,0,"N",0,0.0,0,0,0,0,0,0,0,0,0,0,0,0,0,0
"36121","2","62221","77","0","2016","2","N","Wyoming County, New York","State Government","NAICS 62221 Psychiatric and substance abuse hospitals","County, NAICS 5-digit -- by ownership sector","All establishment sizes",2,0,0,0,0,0,0,0,"N",19.30,0,0,0,0,0,0,0,"N",0,0.0,0,0,0,0,0,0,0,0,0,0,0,0,0,0
"36121","2","62221","77","0","2016","3","N","Wyoming County, New York","State Government","NAICS 62221 Psychiatric and substance abuse hospitals","County, NAICS 5-digit -- by ownership sector","All establishment sizes",2,0,0,0,0,0,0,0,"N",19.44,0,0,0,0,0,0,0,"N",0,0.0,0,0,0,0,0,0,0,0,0,0,0,0,0,0
"36121","2","62221","77","0","2016","4","N","Wyoming County, New York","State Government","NAICS 62221 Psychiatric and substance abuse hospitals","County, NAICS 5-digit -- by ownership sector","All establishment sizes",2,0,0,0,0,0,0,0,"N",19.44,0,0,0,0,0,0,0,"N",0,0.0,0,0,0,0,0,0,0,0,0,0,0,0,0,0
"36121","2","622210","78","0","2016","1","N","Wyoming County, New York","State Government","NAICS 622210 Psychiatric and substance abuse hospitals","County, NAICS 6-digit -- by ownership sector","All establishment sizes",2,0,0,0,0,0,0,0,"N",19.19,0,0,0,0,0,0,0,"N",0,0.0,0,0,0,0,0,0,0,0,0,0,0,0,0,0
"36121","2","622210","78","0","2016","2","N","Wyoming County, New York","State Government","NAICS 622210 Psychiatric and substance abuse hospitals","County, NAICS 6-digit -- by ownership sector","All establishment sizes",2,0,0,0,0,0,0,0,"N",19.30,0,0,0,0,0,0,0,"N",0,0.0,0,0,0,0,0,0,0,0,0,0,0,0,0,0
"36121","2","622210","78","0","2016","3","N","Wyoming County, New York","State Government","NAICS 622210 Psychiatric and substance abuse hospitals","County, NAICS 6-digit -- by ownership sector","All establishment sizes",2,0,0,0,0,0,0,0,"N",19.44,0,0,0,0,0,0,0,"N",0,0.0,0,0,0,0,0,0,0,0,0,0,0,0,0,0
"36121","2","622210","78","0","2016","4","N","Wyoming County, New York","State Government","NAICS 622210 Psychiatric and substance abuse hospitals","County, NAICS 6-digit -- by ownership sector","All establishment sizes",2,0,0,0,0,0,0,0,"N",19.44,0,0,0,0,0,0,0,"N",0,0.0,0,0,0,0,0,0,0,0,0,0,0,0,0,0
"36121","2","623","75","0","2016","1","","Wyoming County, New York","State Government","NAICS 623 Nursing and residential care facilities","County, NAICS 3-digit -- by ownership sector","All establishment sizes",3,110,112,109,1462044,0,0,1019,"",20.63,9.33,9.53,9.23,15.21,0.00,0.00,1.62,"",0,0.0,6,5.8,9,8.7,5,4.8,311782,27.1,0,0.0,0,0.0,165,19.3
"36121","2","623","75","0","2016","2","","Wyoming County, New York","State Government","NAICS 623 Nursing and residential care facilities","County, NAICS 3-digit -- by ownership sector","All establishment sizes",3,113,113,120,1295295,0,0,864,"",20.68,9.53,9.39,9.87,12.56,0.00,0.00,1.31,"",0,0.0,7,6.6,10,9.7,16,15.4,-66776,-4.9,0,0.0,0,0.0,-140,-13.9
"36121","2","623","75","0","2016","3","","Wyoming County, New York","State Government","NAICS 623 Nursing and residential care facilities","County, NAICS 3-digit -- by ownership sector","All establishment sizes",3,116,119,119,1543750,0,0,1006,"",20.62,9.95,10.26,10.04,14.87,0.00,0.00,1.47,"",0,0.0,13,12.6,13,12.3,14,13.3,358508,30.2,0,0.0,0,0.0,135,15.5
"36121","2","623","75","0","2016","4","","Wyoming County, New York","State Government","NAICS 623 Nursing and residential care facilities","County, NAICS 3-digit -- by ownership sector","All establishment sizes",3,118,117,109,1253531,0,0,841,"",20.74,10.01,10.27,9.60,13.55,0.00,0.00,1.36,"",0,0.0,12,11.3,8,7.3,0,0.0,-167282,-11.8,0,0.0,0,0.0,-171,-16.9
"36121","2","6232","76","0","2016","1","","Wyoming County, New York","State Government","NAICS 6232 Residential mental health facilities","County, NAICS 4-digit -- by ownership sector","All establishment sizes",3,110,112,109,1462044,0,0,1019,"",37.25,13.33,13.60,13.17,21.43,0.00,0.00,1.60,"",0,0.0,6,5.8,9,8.7,5,4.8,311782,27.1,0,0.0,0,0.0,165,19.3
"36121","2","6232","76","0","2016","2","","Wyoming County, New York","State Government","NAICS 6232 Residential mental health facilities","County, NAICS 4-digit -- by ownership sector","All establishment sizes",3,113,113,120,1295295,0,0,864,"",37.37,13.57,13.38,14.08,17.93,0.00,0.00,1.31,"",0,0.0,7,6.6,10,9.7,16,15.4,-66776,-4.9,0,0.0,0,0.0,-140,-13.9
"36121","2","6232","76","0","2016","3","","Wyoming County, New York","State Government","NAICS 6232 Residential mental health facilities","County, NAICS 4-digit -- by ownership sector","All establishment sizes",3,116,119,119,1543750,0,0,1006,"",37.05,14.17,14.64,14.31,20.99,0.00,0.00,1.46,"",0,0.0,13,12.6,13,12.3,14,13.3,358508,30.2,0,0.0,0,0.0,135,15.5
"36121","2","6232","76","0","2016","4","","Wyoming County, New York","State Government","NAICS 6232 Residential mental health facilities","County, NAICS 4-digit -- by ownership sector","All establishment sizes",3,118,117,109,1253531,0,0,841,"",37.36,14.28,14.66,13.69,19.46,0.00,0.00,1.37,"",0,0.0,12,11.3,8,7.3,0,0.0,-167282,-11.8,0,0.0,0,0.0,-171,-16.9
"36121","2","62321","77","0","2016","1","","Wyoming County, New York","State Government","NAICS 62321 Residential developmental disability homes","County, NAICS 5-digit -- by ownership sector","All establishment sizes",3,110,112,109,1462044,0,0,1019,"",42.57,14.67,14.96,14.49,23.60,0.00,0.00,1.60,"",0,0.0,6,5.8,9,8.7,5,4.8,311782,27.1,0,0.0,0,0.0,165,19.3
"36121","2","62321","77","0","2016","2","","Wyoming County, New York","State Government","NAICS 62321 Residential developmental disability homes","County, NAICS 5-digit -- by ownership sector","All establishment sizes",3,113,113,120,1295295,0,0,864,"",42.69,14.95,14.71,15.49,19.86,0.00,0.00,1.32,"",0,0.0,7,6.6,10,9.7,16,15.4,-66776,-4.9,0,0.0,0,0.0,-140,-13.9
"36121","2","62321","77","0","2016","3","","Wyoming County, New York","State Government","NAICS 62321 Residential developmental disability homes","County, NAICS 5-digit -- by ownership sector","All establishment sizes",3,116,119,119,1543750,0,0,1006,"",42.83,15.61,16.12,15.76,23.17,0.00,0.00,1.46,"",0,0.0,13,12.6,13,12.3,14,13.3,358508,30.2,0,0.0,0,0.0,135,15.5
"36121","2","62321","77","0","2016","4","","Wyoming County, New York","State Government","NAICS 62321 Residential developmental disability homes","County, NAICS 5-digit -- by ownership sector","All establishment sizes",3,118,117,109,1253531,0,0,841,"",43.09,15.71,16.14,15.12,21.63,0.00,0.00,1.38,"",0,0.0,12,11.3,8,7.3,0,0.0,-167282,-11.8,0,0.0,0,0.0,-171,-16.9
"36121","2","623210","78","0","2016","1","","Wyoming County, New York","State Government","NAICS 623210 Residential developmental disability homes","County, NAICS 6-digit -- by ownership sector","All establishment sizes",3,110,112,109,1462044,0,0,1019,"",42.57,14.67,14.96,14.49,23.60,0.00,0.00,1.60,"",0,0.0,6,5.8,9,8.7,5,4.8,311782,27.1,0,0.0,0,0.0,165,19.3
"36121","2","623210","78","0","2016","2","","Wyoming County, New York","State Government","NAICS 623210 Residential developmental disability homes","County, NAICS 6-digit -- by ownership sector","All establishment sizes",3,113,113,120,1295295,0,0,864,"",42.69,14.95,14.71,15.49,19.86,0.00,0.00,1.32,"",0,0.0,7,6.6,10,9.7,16,15.4,-66776,-4.9,0,0.0,0,0.0,-140,-13.9
"36121","2","623210","78","0","2016","3","","Wyoming County, New York","State Government","NAICS 623210 Residential developmental disability homes","County, NAICS 6-digit -- by ownership sector","All establishment sizes",3,116,119,119,1543750,0,0,1006,"",42.83,15.61,16.12,15.76,23.17,0.00,0.00,1.46,"",0,0.0,13,12.6,13,12.3,14,13.3,358508,30.2,0,0.0,0,0.0,135,15.5
"36121","2","623210","78","0","2016","4","","Wyoming County, New York","State Government","NAICS 623210 Residential developmental disability homes","County, NAICS 6-digit -- by ownership sector","All establishment sizes",3,118,117,109,1253531,0,0,841,"",43.09,15.71,16.14,15.12,21.63,0.00,0.00,1.38,"",0,0.0,12,11.3,8,7.3,0,0.0,-167282,-11.8,0,0.0,0,0.0,-171,-16.9
"36121","2","71","74","0","2016","1","N","Wyoming County, New York","State Government","NAICS 71 Arts, entertainment, and recreation","County, NAICS Sector -- by ownership sector","All establishment sizes",2,0,0,0,0,0,0,0,"N",18.40,0,0,0,0,0,0,0,"N",0,0.0,0,0,0,0,0,0,0,0,0,0,0,0,0,0
"36121","2","71","74","0","2016","2","N","Wyoming County, New York","State Government","NAICS 71 Arts, entertainment, and recreation","County, NAICS Sector -- by ownership sector","All establishment sizes",2,0,0,0,0,0,0,0,"N",18.57,0,0,0,0,0,0,0,"N",0,0.0,0,0,0,0,0,0,0,0,0,0,0,0,0,0
"36121","2","71","74","0","2016","3","N","Wyoming County, New York","State Government","NAICS 71 Arts, entertainment, and recreation","County, NAICS Sector -- by ownership sector","All establishment sizes",2,0,0,0,0,0,0,0,"N",18.69,0,0,0,0,0,0,0,"N",0,0.0,0,0,0,0,0,0,0,0,0,0,0,0,0,0
"36121","2","71","74","0","2016","4","N","Wyoming County, New York","State Government","NAICS 71 Arts, entertainment, and recreation","County, NAICS Sector -- by ownership sector","All establishment sizes",2,0,0,0,0,0,0,0,"N",18.76,0,0,0,0,0,0,0,"N",0,0.0,0,0,0,0,0,0,0,0,0,0,0,0,0,0
"36121","2","712","75","0","2016","1","N","Wyoming County, New York","State Government","NAICS 712 Museums, historical sites, zoos, and parks","County, NAICS 3-digit -- by ownership sector","All establishment sizes",2,0,0,0,0,0,0,0,"N",19.68,0,0,0,0,0,0,0,"N",0,0.0,0,0,0,0,0,0,0,0,0,0,0,0,0,0
"36121","2","712","75","0","2016","2","N","Wyoming County, New York","State Government","NAICS 712 Museums, historical sites, zoos, and parks","County, NAICS 3-digit -- by ownership sector","All establishment sizes",2,0,0,0,0,0,0,0,"N",19.87,0,0,0,0,0,0,0,"N",0,0.0,0,0,0,0,0,0,0,0,0,0,0,0,0,0
"36121","2","712","75","0","2016","3","N","Wyoming County, New York","State Government","NAICS 712 Museums, historical sites, zoos, and parks","County, NAICS 3-digit -- by ownership sector","All establishment sizes",2,0,0,0,0,0,0,0,"N",20.02,0,0,0,0,0,0,0,"N",0,0.0,0,0,0,0,0,0,0,0,0,0,0,0,0,0
"36121","2","712","75","0","2016","4","N","Wyoming County, New York","State Government","NAICS 712 Museums, historical sites, zoos, and parks","County, NAICS 3-digit -- by ownership sector","All establishment sizes",2,0,0,0,0,0,0,0,"N",20.08,0,0,0,0,0,0,0,"N",0,0.0,0,0,0,0,0,0,0,0,0,0,0,0,0,0
"36121","2","7121","76","0","2016","1","N","Wyoming County, New York","State Government","NAICS 7121 Museums, historical sites, zoos, and parks","County, NAICS 4-digit -- by ownership sector","All establishment sizes",2,0,0,0,0,0,0,0,"N",19.68,0,0,0,0,0,0,0,"N",0,0.0,0,0,0,0,0,0,0,0,0,0,0,0,0,0
"36121","2","7121","76","0","2016","2","N","Wyoming County, New York","State Government","NAICS 7121 Museums, historical sites, zoos, and parks","County, NAICS 4-digit -- by ownership sector","All establishment sizes",2,0,0,0,0,0,0,0,"N",19.87,0,0,0,0,0,0,0,"N",0,0.0,0,0,0,0,0,0,0,0,0,0,0,0,0,0
"36121","2","7121","76","0","2016","3","N","Wyoming County, New York","State Government","NAICS 7121 Museums, historical sites, zoos, and parks","County, NAICS 4-digit -- by ownership sector","All establishment sizes",2,0,0,0,0,0,0,0,"N",20.02,0,0,0,0,0,0,0,"N",0,0.0,0,0,0,0,0,0,0,0,0,0,0,0,0,0
"36121","2","7121","76","0","2016","4","N","Wyoming County, New York","State Government","NAICS 7121 Museums, historical sites, zoos, and parks","County, NAICS 4-digit -- by ownership sector","All establishment sizes",2,0,0,0,0,0,0,0,"N",20.08,0,0,0,0,0,0,0,"N",0,0.0,0,0,0,0,0,0,0,0,0,0,0,0,0,0
"36121","2","71219","77","0","2016","1","N","Wyoming County, New York","State Government","NAICS 71219 Nature parks and other similar institutions","County, NAICS 5-digit -- by ownership sector","All establishment sizes",2,0,0,0,0,0,0,0,"N",24.38,0,0,0,0,0,0,0,"N",0,0.0,0,0,0,0,0,0,0,0,0,0,0,0,0,0
"36121","2","71219","77","0","2016","2","N","Wyoming County, New York","State Government","NAICS 71219 Nature parks and other similar institutions","County, NAICS 5-digit -- by ownership sector","All establishment sizes",2,0,0,0,0,0,0,0,"N",24.58,0,0,0,0,0,0,0,"N",0,0.0,0,0,0,0,0,0,0,0,0,0,0,0,0,0
"36121","2","71219","77","0","2016","3","N","Wyoming County, New York","State Government","NAICS 71219 Nature parks and other similar institutions","County, NAICS 5-digit -- by ownership sector","All establishment sizes",2,0,0,0,0,0,0,0,"N",24.73,0,0,0,0,0,0,0,"N",0,0.0,0,0,0,0,0,0,0,0,0,0,0,0,0,0
"36121","2","71219","77","0","2016","4","N","Wyoming County, New York","State Government","NAICS 71219 Nature parks and other similar institutions","County, NAICS 5-digit -- by ownership sector","All establishment sizes",2,0,0,0,0,0,0,0,"N",24.82,0,0,0,0,0,0,0,"N",0,0.0,0,0,0,0,0,0,0,0,0,0,0,0,0,0
"36121","2","712190","78","0","2016","1","N","Wyoming County, New York","State Government","NAICS 712190 Nature parks and other similar institutions","County, NAICS 6-digit -- by ownership sector","All establishment sizes",2,0,0,0,0,0,0,0,"N",24.38,0,0,0,0,0,0,0,"N",0,0.0,0,0,0,0,0,0,0,0,0,0,0,0,0,0
"36121","2","712190","78","0","2016","2","N","Wyoming County, New York","State Government","NAICS 712190 Nature parks and other similar institutions","County, NAICS 6-digit -- by ownership sector","All establishment sizes",2,0,0,0,0,0,0,0,"N",24.58,0,0,0,0,0,0,0,"N",0,0.0,0,0,0,0,0,0,0,0,0,0,0,0,0,0
"36121","2","712190","78","0","2016","3","N","Wyoming County, New York","State Government","NAICS 712190 Nature parks and other similar institutions","County, NAICS 6-digit -- by ownership sector","All establishment sizes",2,0,0,0,0,0,0,0,"N",24.73,0,0,0,0,0,0,0,"N",0,0.0,0,0,0,0,0,0,0,0,0,0,0,0,0,0
"36121","2","712190","78","0","2016","4","N","Wyoming County, New York","State Government","NAICS 712190 Nature parks and other similar institutions","County, NAICS 6-digit -- by ownership sector","All establishment sizes",2,0,0,0,0,0,0,0,"N",24.82,0,0,0,0,0,0,0,"N",0,0.0,0,0,0,0,0,0,0,0,0,0,0,0,0,0
"36121","2","92","74","0","2016","1","","Wyoming County, New York","State Government","NAICS 92 Public administration","County, NAICS Sector -- by ownership sector","All establishment sizes",16,1515,1536,1535,29005274,0,0,1460,"",3.51,8.96,9.09,9.03,16.68,0.00,0.00,1.85,"",1,6.7,36,2.4,54,3.6,42,2.8,4074800,16.3,0,0.0,0,0.0,168,13.0
"36121","2","92","74","0","2016","2","","Wyoming County, New York","State Government","NAICS 92 Public administration","County, NAICS Sector -- by ownership sector","All establishment sizes",16,1520,1518,1539,25428840,0,0,1282,"",3.54,8.89,8.69,8.64,13.07,0.00,0.00,1.49,"",1,6.7,21,1.4,12,0.8,41,2.7,-3774617,-12.9,0,0.0,0,0.0,-215,-14.4
"36121","2","92","74","0","2016","3","","Wyoming County, New York","State Government","NAICS 92 Public administration","County, NAICS Sector -- by ownership sector","All establishment sizes",16,1540,1539,1533,30073698,0,0,1505,"",3.56,9.01,9.04,8.84,15.70,0.00,0.00,1.75,"",0,0.0,29,1.9,30,2.0,28,1.9,4412298,17.2,0,0.0,0,0.0,196,15.0
"36121","2","92","74","0","2016","4","","Wyoming County, New York","State Government","NAICS 92 Public administration","County, NAICS Sector -- by ownership sector","All establishment sizes",16,1540,1522,1531,25438261,0,0,1278,"",3.56,8.94,9.12,9.22,14.20,0.00,0.00,1.56,"",0,0.0,29,1.9,-1,-0.1,15,1.0,-2692847,-9.6,0,0.0,0,0.0,-149,-10.4
"36121","2","921","75","0","2016","1","N","Wyoming County, New York","State Government","NAICS 921 Executive, legislative and general government","County, NAICS 3-digit -- by ownership sector","All establishment sizes",4,0,0,0,0,0,0,0,"N",7.34,0,0,0,0,0,0,0,"N",1,33.3,0,0,0,0,0,0,0,0,0,0,0,0,0,0
"36121","2","921","75","0","2016","2","N","Wyoming County, New York","State Government","NAICS 921 Executive, legislative and general government","County, NAICS 3-digit -- by ownership sector","All establishment sizes",4,0,0,0,0,0,0,0,"N",7.41,0,0,0,0,0,0,0,"N",1,33.3,0,0,0,0,0,0,0,0,0,0,0,0,0,0
"36121","2","921","75","0","2016","3","N","Wyoming County, New York","State Government","NAICS 921 Executive, legislative and general government","County, NAICS 3-digit -- by ownership sector","All establishment sizes",4,0,0,0,0,0,0,0,"N",7.50,0,0,0,0,0,0,0,"N",0,0.0,0,0,0,0,0,0,0,0,0,0,0,0,0,0
"36121","2","921","75","0","2016","4","N","Wyoming County, New York","State Government","NAICS 921 Executive, legislative and general government","County, NAICS 3-digit -- by ownership sector","All establishment sizes",4,0,0,0,0,0,0,0,"N",7.50,0,0,0,0,0,0,0,"N",0,0.0,0,0,0,0,0,0,0,0,0,0,0,0,0,0
"36121","2","9211","76","0","2016","1","N","Wyoming County, New York","State Government","NAICS 9211 Executive, legislative and general government","County, NAICS 4-digit -- by ownership sector","All establishment sizes",4,0,0,0,0,0,0,0,"N",7.34,0,0,0,0,0,0,0,"N",1,33.3,0,0,0,0,0,0,0,0,0,0,0,0,0,0
"36121","2","9211","76","0","2016","2","N","Wyoming County, New York","State Government","NAICS 9211 Executive, legislative and general government","County, NAICS 4-digit -- by ownership sector","All establishment sizes",4,0,0,0,0,0,0,0,"N",7.41,0,0,0,0,0,0,0,"N",1,33.3,0,0,0,0,0,0,0,0,0,0,0,0,0,0
"36121","2","9211","76","0","2016","3","N","Wyoming County, New York","State Government","NAICS 9211 Executive, legislative and general government","County, NAICS 4-digit -- by ownership sector","All establishment sizes",4,0,0,0,0,0,0,0,"N",7.50,0,0,0,0,0,0,0,"N",0,0.0,0,0,0,0,0,0,0,0,0,0,0,0,0,0
"36121","2","9211","76","0","2016","4","N","Wyoming County, New York","State Government","NAICS 9211 Executive, legislative and general government","County, NAICS 4-digit -- by ownership sector","All establishment sizes",4,0,0,0,0,0,0,0,"N",7.50,0,0,0,0,0,0,0,"N",0,0.0,0,0,0,0,0,0,0,0,0,0,0,0,0,0
"36121","2","92113","77","0","2016","1","N","Wyoming County, New York","State Government","NAICS 92113 Public finance activities","County, NAICS 5-digit -- by ownership sector","All establishment sizes",1,0,0,0,0,0,0,0,"N",4.43,0,0,0,0,0,0,0,"N",0,0.0,0,0,0,0,0,0,0,0,0,0,0,0,0,0
"36121","2","92113","77","0","2016","2","N","Wyoming County, New York","State Government","NAICS 92113 Public finance activities","County, NAICS 5-digit -- by ownership sector","All establishment sizes",1,0,0,0,0,0,0,0,"N",4.48,0,0,0,0,0,0,0,"N",0,0.0,0,0,0,0,0,0,0,0,0,0,0,0,0,0
"36121","2","92113","77","0","2016","3","N","Wyoming County, New York","State Government","NAICS 92113 Public finance activities","County, NAICS 5-digit -- by ownership sector","All establishment sizes",1,0,0,0,0,0,0,0,"N",4.56,0,0,0,0,0,0,0,"N",0,0.0,0,0,0,0,0,0,0,0,0,0,0,0,0,0
"36121","2","92113","77","0","2016","4","N","Wyoming County, New York","State Government","NAICS 92113 Public finance activities","County, NAICS 5-digit -- by ownership sector","All establishment sizes",1,0,0,0,0,0,0,0,"N",4.55,0,0,0,0,0,0,0,"N",0,0.0,0,0,0,0,0,0,0,0,0,0,0,0,0,0
"36121","2","921130","78","0","2016","1","N","Wyoming County, New York","State Government","NAICS 921130 Public finance activities","County, NAICS 6-digit -- by ownership sector","All establishment sizes",1,0,0,0,0,0,0,0,"N",4.43,0,0,0,0,0,0,0,"N",0,0.0,0,0,0,0,0,0,0,0,0,0,0,0,0,0
"36121","2","921130","78","0","2016","2","N","Wyoming County, New York","State Government","NAICS 921130 Public finance activities","County, NAICS 6-digit -- by ownership sector","All establishment sizes",1,0,0,0,0,0,0,0,"N",4.48,0,0,0,0,0,0,0,"N",0,0.0,0,0,0,0,0,0,0,0,0,0,0,0,0,0
"36121","2","921130","78","0","2016","3","N","Wyoming County, New York","State Government","NAICS 921130 Public finance activities","County, NAICS 6-digit -- by ownership sector","All establishment sizes",1,0,0,0,0,0,0,0,"N",4.56,0,0,0,0,0,0,0,"N",0,0.0,0,0,0,0,0,0,0,0,0,0,0,0,0,0
"36121","2","921130","78","0","2016","4","N","Wyoming County, New York","State Government","NAICS 921130 Public finance activities","County, NAICS 6-digit -- by ownership sector","All establishment sizes",1,0,0,0,0,0,0,0,"N",4.55,0,0,0,0,0,0,0,"N",0,0.0,0,0,0,0,0,0,0,0,0,0,0,0,0,0
"36121","2","92119","77","0","2016","1","N","Wyoming County, New York","State Government","NAICS 92119 Other general government support","County, NAICS 5-digit -- by ownership sector","All establishment sizes",3,0,0,0,0,0,0,0,"N",13.57,0,0,0,0,0,0,0,"N",1,50.0,0,0,0,0,0,0,0,0,0,0,0,0,0,0
"36121","2","92119","77","0","2016","2","N","Wyoming County, New York","State Government","NAICS 92119 Other general government support","County, NAICS 5-digit -- by ownership sector","All establishment sizes",3,0,0,0,0,0,0,0,"N",13.63,0,0,0,0,0,0,0,"N",1,50.0,0,0,0,0,0,0,0,0,0,0,0,0,0,0
"36121","2","92119","77","0","2016","3","N","Wyoming County, New York","State Government","NAICS 92119 Other general government support","County, NAICS 5-digit -- by ownership sector","All establishment sizes",3,0,0,0,0,0,0,0,"N",13.66,0,0,0,0,0,0,0,"N",0,0.0,0,0,0,0,0,0,0,0,0,0,0,0,0,0
"36121","2","92119","77","0","2016","4","N","Wyoming County, New York","State Government","NAICS 92119 Other general government support","County, NAICS 5-digit -- by ownership sector","All establishment sizes",3,0,0,0,0,0,0,0,"N",13.65,0,0,0,0,0,0,0,"N",0,0.0,0,0,0,0,0,0,0,0,0,0,0,0,0,0
"36121","2","921190","78","0","2016","1","N","Wyoming County, New York","State Government","NAICS 921190 Other general government support","County, NAICS 6-digit -- by ownership sector","All establishment sizes",3,0,0,0,0,0,0,0,"N",13.57,0,0,0,0,0,0,0,"N",1,50.0,0,0,0,0,0,0,0,0,0,0,0,0,0,0
"36121","2","921190","78","0","2016","2","N","Wyoming County, New York","State Government","NAICS 921190 Other general government support","County, NAICS 6-digit -- by ownership sector","All establishment sizes",3,0,0,0,0,0,0,0,"N",13.63,0,0,0,0,0,0,0,"N",1,50.0,0,0,0,0,0,0,0,0,0,0,0,0,0,0
"36121","2","921190","78","0","2016","3","N","Wyoming County, New York","State Government","NAICS 921190 Other general government support","County, NAICS 6-digit -- by ownership sector","All establishment sizes",3,0,0,0,0,0,0,0,"N",13.66,0,0,0,0,0,0,0,"N",0,0.0,0,0,0,0,0,0,0,0,0,0,0,0,0,0
"36121","2","921190","78","0","2016","4","N","Wyoming County, New York","State Government","NAICS 921190 Other general government support","County, NAICS 6-digit -- by ownership sector","All establishment sizes",3,0,0,0,0,0,0,0,"N",13.65,0,0,0,0,0,0,0,"N",0,0.0,0,0,0,0,0,0,0,0,0,0,0,0,0,0
"36121","2","922","75","0","2016","1","N","Wyoming County, New York","State Government","NAICS 922 Justice, public order, and safety activities","County, NAICS 3-digit -- by ownership sector","All establishment sizes",7,0,0,0,0,0,0,0,"N",5.34,0,0,0,0,0,0,0,"N",0,0.0,0,0,0,0,0,0,0,0,0,0,0,0,0,0
"36121","2","922","75","0","2016","2","N","Wyoming County, New York","State Government","NAICS 922 Justice, public order, and safety activities","County, NAICS 3-digit -- by ownership sector","All establishment sizes",7,0,0,0,0,0,0,0,"N",5.37,0,0,0,0,0,0,0,"N",0,0.0,0,0,0,0,0,0,0,0,0,0,0,0,0,0
"36121","2","922","75","0","2016","3","N","Wyoming County, New York","State Government","NAICS 922 Justice, public order, and safety activities","County, NAICS 3-digit -- by ownership sector","All establishment sizes",7,0,0,0,0,0,0,0,"N",5.37,0,0,0,0,0,0,0,"N",0,0.0,0,0,0,0,0,0,0,0,0,0,0,0,0,0
"36121","2","922","75","0","2016","4","N","Wyoming County, New York","State Government","NAICS 922 Justice, public order, and safety activities","County, NAICS 3-digit -- by ownership sector","All establishment sizes",7,0,0,0,0,0,0,0,"N",5.36,0,0,0,0,0,0,0,"N",0,0.0,0,0,0,0,0,0,0,0,0,0,0,0,0,0
"36121","2","9221","76","0","2016","1","N","Wyoming County, New York","State Government","NAICS 9221 Justice, public order, and safety activities","County, NAICS 4-digit -- by ownership sector","All establishment sizes",7,0,0,0,0,0,0,0,"N",5.34,0,0,0,0,0,0,0,"N",0,0.0,0,0,0,0,0,0,0,0,0,0,0,0,0,0
"36121","2","9221","76","0","2016","2","N","Wyoming County, New York","State Government","NAICS 9221 Justice, public order, and safety activities","County, NAICS 4-digit -- by ownership sector","All establishment sizes",7,0,0,0,0,0,0,0,"N",5.37,0,0,0,0,0,0,0,"N",0,0.0,0,0,0,0,0,0,0,0,0,0,0,0,0,0
"36121","2","9221","76","0","2016","3","N","Wyoming County, New York","State Government","NAICS 9221 Justice, public order, and safety activities","County, NAICS 4-digit -- by ownership sector","All establishment sizes",7,0,0,0,0,0,0,0,"N",5.37,0,0,0,0,0,0,0,"N",0,0.0,0,0,0,0,0,0,0,0,0,0,0,0,0,0
"36121","2","9221","76","0","2016","4","N","Wyoming County, New York","State Government","NAICS 9221 Justice, public order, and safety activities","County, NAICS 4-digit -- by ownership sector","All establishment sizes",7,0,0,0,0,0,0,0,"N",5.36,0,0,0,0,0,0,0,"N",0,0.0,0,0,0,0,0,0,0,0,0,0,0,0,0,0
"36121","2","92211","77","0","2016","1","N","Wyoming County, New York","State Government","NAICS 92211 Courts","County, NAICS 5-digit -- by ownership sector","All establishment sizes",2,0,0,0,0,0,0,0,"N",5.65,0,0,0,0,0,0,0,"N",0,0.0,0,0,0,0,0,0,0,0,0,0,0,0,0,0
"36121","2","92211","77","0","2016","2","N","Wyoming County, New York","State Government","NAICS 92211 Courts","County, NAICS 5-digit -- by ownership sector","All establishment sizes",2,0,0,0,0,0,0,0,"N",5.69,0,0,0,0,0,0,0,"N",0,0.0,0,0,0,0,0,0,0,0,0,0,0,0,0,0
"36121","2","92211","77","0","2016","3","N","Wyoming County, New York","State Government","NAICS 92211 Courts","County, NAICS 5-digit -- by ownership sector","All establishment sizes",2,0,0,0,0,0,0,0,"N",5.72,0,0,0,0,0,0,0,"N",0,0.0,0,0,0,0,0,0,0,0,0,0,0,0,0,0
"36121","2","92211","77","0","2016","4","N","Wyoming County, New York","State Government","NAICS 92211 Courts","County, NAICS 5-digit -- by ownership sector","All establishment sizes",2,0,0,0,0,0,0,0,"N",5.75,0,0,0,0,0,0,0,"N",0,0.0,0,0,0,0,0,0,0,0,0,0,0,0,0,0
"36121","2","922110","78","0","2016","1","N","Wyoming County, New York","State Government","NAICS 922110 Courts","County, NAICS 6-digit -- by ownership sector","All establishment sizes",2,0,0,0,0,0,0,0,"N",5.65,0,0,0,0,0,0,0,"N",0,0.0,0,0,0,0,0,0,0,0,0,0,0,0,0,0
"36121","2","922110","78","0","2016","2","N","Wyoming County, New York","State Government","NAICS 922110 Courts","County, NAICS 6-digit -- by ownership sector","All establishment sizes",2,0,0,0,0,0,0,0,"N",5.69,0,0,0,0,0,0,0,"N",0,0.0,0,0,0,0,0,0,0,0,0,0,0,0,0,0
"36121","2","922110","78","0","2016","3","N","Wyoming County, New York","State Government","NAICS 922110 Courts","County, NAICS 6-digit -- by ownership sector","All establishment sizes",2,0,0,0,0,0,0,0,"N",5.72,0,0,0,0,0,0,0,"N",0,0.0,0,0,0,0,0,0,0,0,0,0,0,0,0,0
"36121","2","922110","78","0","2016","4","N","Wyoming County, New York","State Government","NAICS 922110 Courts","County, NAICS 6-digit -- by ownership sector","All establishment sizes",2,0,0,0,0,0,0,0,"N",5.75,0,0,0,0,0,0,0,"N",0,0.0,0,0,0,0,0,0,0,0,0,0,0,0,0,0
"36121","2","92212","77","0","2016","1","N","Wyoming County, New York","State Government","NAICS 92212 Police protection","County, NAICS 5-digit -- by ownership sector","All establishment sizes",2,0,0,0,0,0,0,0,"N",8.32,0,0,0,0,0,0,0,"N",0,0.0,0,0,0,0,0,0,0,0,0,0,0,0,0,0
"36121","2","92212","77","0","2016","2","N","Wyoming County, New York","State Government","NAICS 92212 Police protection","County, NAICS 5-digit -- by ownership sector","All establishment sizes",2,0,0,0,0,0,0,0,"N",8.41,0,0,0,0,0,0,0,"N",0,0.0,0,0,0,0,0,0,0,0,0,0,0,0,0,0
"36121","2","92212","77","0","2016","3","N","Wyoming County, New York","State Government","NAICS 92212 Police protection","County, NAICS 5-digit -- by ownership sector","All establishment sizes",2,0,0,0,0,0,0,0,"N",8.48,0,0,0,0,0,0,0,"N",0,0.0,0,0,0,0,0,0,0,0,0,0,0,0,0,0
"36121","2","92212","77","0","2016","4","N","Wyoming County, New York","State Government","NAICS 92212 Police protection","County, NAICS 5-digit -- by ownership sector","All establishment sizes",2,0,0,0,0,0,0,0,"N",8.54,0,0,0,0,0,0,0,"N",0,0.0,0,0,0,0,0,0,0,0,0,0,0,0,0,0
"36121","2","922120","78","0","2016","1","N","Wyoming County, New York","State Government","NAICS 922120 Police protection","County, NAICS 6-digit -- by ownership sector","All establishment sizes",2,0,0,0,0,0,0,0,"N",8.32,0,0,0,0,0,0,0,"N",0,0.0,0,0,0,0,0,0,0,0,0,0,0,0,0,0
"36121","2","922120","78","0","2016","2","N","Wyoming County, New York","State Government","NAICS 922120 Police protection","County, NAICS 6-digit -- by ownership sector","All establishment sizes",2,0,0,0,0,0,0,0,"N",8.41,0,0,0,0,0,0,0,"N",0,0.0,0,0,0,0,0,0,0,0,0,0,0,0,0,0
"36121","2","922120","78","0","2016","3","N","Wyoming County, New York","State Government","NAICS 922120 Police protection","County, NAICS 6-digit -- by ownership sector","All establishment sizes",2,0,0,0,0,0,0,0,"N",8.48,0,0,0,0,0,0,0,"N",0,0.0,0,0,0,0,0,0,0,0,0,0,0,0,0,0
"36121","2","922120","78","0","2016","4","N","Wyoming County, New York","State Government","NAICS 922120 Police protection","County, NAICS 6-digit -- by ownership sector","All establishment sizes",2,0,0,0,0,0,0,0,"N",8.54,0,0,0,0,0,0,0,"N",0,0.0,0,0,0,0,0,0,0,0,0,0,0,0,0,0
"36121","2","92214","77","0","2016","1","N","Wyoming County, New York","State Government","NAICS 92214 Correctional institutions","County, NAICS 5-digit -- by ownership sector","All establishment sizes",3,0,0,0,0,0,0,0,"N",8.29,0,0,0,0,0,0,0,"N",0,0.0,0,0,0,0,0,0,0,0,0,0,0,0,0,0
"36121","2","92214","77","0","2016","2","N","Wyoming County, New York","State Government","NAICS 92214 Correctional institutions","County, NAICS 5-digit -- by ownership sector","All establishment sizes",3,0,0,0,0,0,0,0,"N",8.30,0,0,0,0,0,0,0,"N",0,0.0,0,0,0,0,0,0,0,0,0,0,0,0,0,0
"36121","2","92214","77","0","2016","3","N","Wyoming County, New York","State Government","NAICS 92214 Correctional institutions","County, NAICS 5-digit -- by ownership sector","All establishment sizes",3,0,0,0,0,0,0,0,"N",8.41,0,0,0,0,0,0,0,"N",0,0.0,0,0,0,0,0,0,0,0,0,0,0,0,0,0
"36121","2","92214","77","0","2016","4","N","Wyoming County, New York","State Government","NAICS 92214 Correctional institutions","County, NAICS 5-digit -- by ownership sector","All establishment sizes",3,0,0,0,0,0,0,0,"N",8.26,0,0,0,0,0,0,0,"N",0,0.0,0,0,0,0,0,0,0,0,0,0,0,0,0,0
"36121","2","922140","78","0","2016","1","N","Wyoming County, New York","State Government","NAICS 922140 Correctional institutions","County, NAICS 6-digit -- by ownership sector","All establishment sizes",3,0,0,0,0,0,0,0,"N",8.29,0,0,0,0,0,0,0,"N",0,0.0,0,0,0,0,0,0,0,0,0,0,0,0,0,0
"36121","2","922140","78","0","2016","2","N","Wyoming County, New York","State Government","NAICS 922140 Correctional institutions","County, NAICS 6-digit -- by ownership sector","All establishment sizes",3,0,0,0,0,0,0,0,"N",8.30,0,0,0,0,0,0,0,"N",0,0.0,0,0,0,0,0,0,0,0,0,0,0,0,0,0
"36121","2","922140","78","0","2016","3","N","Wyoming County, New York","State Government","NAICS 922140 Correctional institutions","County, NAICS 6-digit -- by ownership sector","All establishment sizes",3,0,0,0,0,0,0,0,"N",8.41,0,0,0,0,0,0,0,"N",0,0.0,0,0,0,0,0,0,0,0,0,0,0,0,0,0
"36121","2","922140","78","0","2016","4","N","Wyoming County, New York","State Government","NAICS 922140 Correctional institutions","County, NAICS 6-digit -- by ownership sector","All establishment sizes",3,0,0,0,0,0,0,0,"N",8.26,0,0,0,0,0,0,0,"N",0,0.0,0,0,0,0,0,0,0,0,0,0,0,0,0,0
"36121","2","923","75","0","2016","1","N","Wyoming County, New York","State Government","NAICS 923 Administration of human resource programs","County, NAICS 3-digit -- by ownership sector","All establishment sizes",1,0,0,0,0,0,0,0,"N",1.05,0,0,0,0,0,0,0,"N",0,0.0,0,0,0,0,0,0,0,0,0,0,0,0,0,0
"36121","2","923","75","0","2016","2","N","Wyoming County, New York","State Government","NAICS 923 Administration of human resource programs","County, NAICS 3-digit -- by ownership sector","All establishment sizes",1,0,0,0,0,0,0,0,"N",1.06,0,0,0,0,0,0,0,"N",0,0.0,0,0,0,0,0,0,0,0,0,0,0,0,0,0
"36121","2","923","75","0","2016","3","N","Wyoming County, New York","State Government","NAICS 923 Administration of human resource programs","County, NAICS 3-digit -- by ownership sector","All establishment sizes",1,0,0,0,0,0,0,0,"N",1.06,0,0,0,0,0,0,0,"N",0,0.0,0,0,0,0,0,0,0,0,0,0,0,0,0,0
"36121","2","923","75","0","2016","4","N","Wyoming County, New York","State Government","NAICS 923 Administration of human resource programs","County, NAICS 3-digit -- by ownership sector","All establishment sizes",1,0,0,0,0,0,0,0,"N",1.06,0,0,0,0,0,0,0,"N",0,0.0,0,0,0,0,0,0,0,0,0,0,0,0,0,0
"36121","2","9231","76","0","2016","1","N","Wyoming County, New York","State Government","NAICS 9231 Administration of human resource programs","County, NAICS 4-digit -- by ownership sector","All establishment sizes",1,0,0,0,0,0,0,0,"N",1.05,0,0,0,0,0,0,0,"N",0,0.0,0,0,0,0,0,0,0,0,0,0,0,0,0,0
"36121","2","9231","76","0","2016","2","N","Wyoming County, New York","State Government","NAICS 9231 Administration of human resource programs","County, NAICS 4-digit -- by ownership sector","All establishment sizes",1,0,0,0,0,0,0,0,"N",1.06,0,0,0,0,0,0,0,"N",0,0.0,0,0,0,0,0,0,0,0,0,0,0,0,0,0
"36121","2","9231","76","0","2016","3","N","Wyoming County, New York","State Government","NAICS 9231 Administration of human resource programs","County, NAICS 4-digit -- by ownership sector","All establishment sizes",1,0,0,0,0,0,0,0,"N",1.06,0,0,0,0,0,0,0,"N",0,0.0,0,0,0,0,0,0,0,0,0,0,0,0,0,0
"36121","2","9231","76","0","2016","4","N","Wyoming County, New York","State Government","NAICS 9231 Administration of human resource programs","County, NAICS 4-digit -- by ownership sector","All establishment sizes",1,0,0,0,0,0,0,0,"N",1.06,0,0,0,0,0,0,0,"N",0,0.0,0,0,0,0,0,0,0,0,0,0,0,0,0,0
"36121","2","92313","77","0","2016","1","N","Wyoming County, New York","State Government","NAICS 92313 Other human resource programs administration","County, NAICS 5-digit -- by ownership sector","All establishment sizes",1,0,0,0,0,0,0,0,"N",2.00,0,0,0,0,0,0,0,"N",0,0.0,0,0,0,0,0,0,0,0,0,0,0,0,0,0
"36121","2","92313","77","0","2016","2","N","Wyoming County, New York","State Government","NAICS 92313 Other human resource programs administration","County, NAICS 5-digit -- by ownership sector","All establishment sizes",1,0,0,0,0,0,0,0,"N",2.01,0,0,0,0,0,0,0,"N",0,0.0,0,0,0,0,0,0,0,0,0,0,0,0,0,0
"36121","2","92313","77","0","2016","3","N","Wyoming County, New York","State Government","NAICS 92313 Other human resource programs administration","County, NAICS 5-digit -- by ownership sector","All establishment sizes",1,0,0,0,0,0,0,0,"N",2.03,0,0,0,0,0,0,0,"N",0,0.0,0,0,0,0,0,0,0,0,0,0,0,0,0,0
"36121","2","92313","77","0","2016","4","N","Wyoming County, New York","State Government","NAICS 92313 Other human resource programs administration","County, NAICS 5-digit -- by ownership sector","All establishment sizes",1,0,0,0,0,0,0,0,"N",2.03,0,0,0,0,0,0,0,"N",0,0.0,0,0,0,0,0,0,0,0,0,0,0,0,0,0
"36121","2","923130","78","0","2016","1","N","Wyoming County, New York","State Government","NAICS 923130 Other human resource programs administration","County, NAICS 6-digit -- by ownership sector","All establishment sizes",1,0,0,0,0,0,0,0,"N",2.00,0,0,0,0,0,0,0,"N",0,0.0,0,0,0,0,0,0,0,0,0,0,0,0,0,0
"36121","2","923130","78","0","2016","2","N","Wyoming County, New York","State Government","NAICS 923130 Other human resource programs administration","County, NAICS 6-digit -- by ownership sector","All establishment sizes",1,0,0,0,0,0,0,0,"N",2.01,0,0,0,0,0,0,0,"N",0,0.0,0,0,0,0,0,0,0,0,0,0,0,0,0,0
"36121","2","923130","78","0","2016","3","N","Wyoming County, New York","State Government","NAICS 923130 Other human resource programs administration","County, NAICS 6-digit -- by ownership sector","All establishment sizes",1,0,0,0,0,0,0,0,"N",2.03,0,0,0,0,0,0,0,"N",0,0.0,0,0,0,0,0,0,0,0,0,0,0,0,0,0
"36121","2","923130","78","0","2016","4","N","Wyoming County, New York","State Government","NAICS 923130 Other human resource programs administration","County, NAICS 6-digit -- by ownership sector","All establishment sizes",1,0,0,0,0,0,0,0,"N",2.03,0,0,0,0,0,0,0,"N",0,0.0,0,0,0,0,0,0,0,0,0,0,0,0,0,0
"36121","2","924","75","0","2016","1","N","Wyoming County, New York","State Government","NAICS 924 Administration of environmental programs","County, NAICS 3-digit -- by ownership sector","All establishment sizes",1,0,0,0,0,0,0,0,"N",1.60,0,0,0,0,0,0,0,"N",0,0.0,0,0,0,0,0,0,0,0,0,0,0,0,0,0
"36121","2","924","75","0","2016","2","N","Wyoming County, New York","State Government","NAICS 924 Administration of environmental programs","County, NAICS 3-digit -- by ownership sector","All establishment sizes",1,0,0,0,0,0,0,0,"N",1.59,0,0,0,0,0,0,0,"N",0,0.0,0,0,0,0,0,0,0,0,0,0,0,0,0,0
"36121","2","924","75","0","2016","3","N","Wyoming County, New York","State Government","NAICS 924 Administration of environmental programs","County, NAICS 3-digit -- by ownership sector","All establishment sizes",1,0,0,0,0,0,0,0,"N",1.61,0,0,0,0,0,0,0,"N",0,0.0,0,0,0,0,0,0,0,0,0,0,0,0,0,0
"36121","2","924","75","0","2016","4","N","Wyoming County, New York","State Government","NAICS 924 Administration of environmental programs","County, NAICS 3-digit -- by ownership sector","All establishment sizes",1,0,0,0,0,0,0,0,"N",1.61,0,0,0,0,0,0,0,"N",0,0.0,0,0,0,0,0,0,0,0,0,0,0,0,0,0
"36121","2","9241","76","0","2016","1","N","Wyoming County, New York","State Government","NAICS 9241 Administration of environmental programs","County, NAICS 4-digit -- by ownership sector","All establishment sizes",1,0,0,0,0,0,0,0,"N",1.60,0,0,0,0,0,0,0,"N",0,0.0,0,0,0,0,0,0,0,0,0,0,0,0,0,0
"36121","2","9241","76","0","2016","2","N","Wyoming County, New York","State Government","NAICS 9241 Administration of environmental programs","County, NAICS 4-digit -- by ownership sector","All establishment sizes",1,0,0,0,0,0,0,0,"N",1.59,0,0,0,0,0,0,0,"N",0,0.0,0,0,0,0,0,0,0,0,0,0,0,0,0,0
"36121","2","9241","76","0","2016","3","N","Wyoming County, New York","State Government","NAICS 9241 Administration of environmental programs","County, NAICS 4-digit -- by ownership sector","All establishment sizes",1,0,0,0,0,0,0,0,"N",1.61,0,0,0,0,0,0,0,"N",0,0.0,0,0,0,0,0,0,0,0,0,0,0,0,0,0
"36121","2","9241","76","0","2016","4","N","Wyoming County, New York","State Government","NAICS 9241 Administration of environmental programs","County, NAICS 4-digit -- by ownership sector","All establishment sizes",1,0,0,0,0,0,0,0,"N",1.61,0,0,0,0,0,0,0,"N",0,0.0,0,0,0,0,0,0,0,0,0,0,0,0,0,0
"36121","2","92411","77","0","2016","1","N","Wyoming County, New York","State Government","NAICS 92411 Air, water, and waste program administration","County, NAICS 5-digit -- by ownership sector","All establishment sizes",1,0,0,0,0,0,0,0,"N",8.74,0,0,0,0,0,0,0,"N",0,0.0,0,0,0,0,0,0,0,0,0,0,0,0,0,0
"36121","2","92411","77","0","2016","2","N","Wyoming County, New York","State Government","NAICS 92411 Air, water, and waste program administration","County, NAICS 5-digit -- by ownership sector","All establishment sizes",1,0,0,0,0,0,0,0,"N",8.88,0,0,0,0,0,0,0,"N",0,0.0,0,0,0,0,0,0,0,0,0,0,0,0,0,0
"36121","2","92411","77","0","2016","3","N","Wyoming County, New York","State Government","NAICS 92411 Air, water, and waste program administration","County, NAICS 5-digit -- by ownership sector","All establishment sizes",1,0,0,0,0,0,0,0,"N",9.08,0,0,0,0,0,0,0,"N",0,0.0,0,0,0,0,0,0,0,0,0,0,0,0,0,0
"36121","2","92411","77","0","2016","4","N","Wyoming County, New York","State Government","NAICS 92411 Air, water, and waste program administration","County, NAICS 5-digit -- by ownership sector","All establishment sizes",1,0,0,0,0,0,0,0,"N",9.05,0,0,0,0,0,0,0,"N",0,0.0,0,0,0,0,0,0,0,0,0,0,0,0,0,0
"36121","2","924110","78","0","2016","1","N","Wyoming County, New York","State Government","NAICS 924110 Air, water, and waste program administration","County, NAICS 6-digit -- by ownership sector","All establishment sizes",1,0,0,0,0,0,0,0,"N",8.74,0,0,0,0,0,0,0,"N",0,0.0,0,0,0,0,0,0,0,0,0,0,0,0,0,0
"36121","2","924110","78","0","2016","2","N","Wyoming County, New York","State Government","NAICS 924110 Air, water, and waste program administration","County, NAICS 6-digit -- by ownership sector","All establishment sizes",1,0,0,0,0,0,0,0,"N",8.88,0,0,0,0,0,0,0,"N",0,0.0,0,0,0,0,0,0,0,0,0,0,0,0,0,0
"36121","2","924110","78","0","2016","3","N","Wyoming County, New York","State Government","NAICS 924110 Air, water, and waste program administration","County, NAICS 6-digit -- by ownership sector","All establishment sizes",1,0,0,0,0,0,0,0,"N",9.08,0,0,0,0,0,0,0,"N",0,0.0,0,0,0,0,0,0,0,0,0,0,0,0,0,0
"36121","2","924110","78","0","2016","4","N","Wyoming County, New York","State Government","NAICS 924110 Air, water, and waste program administration","County, NAICS 6-digit -- by ownership sector","All establishment sizes",1,0,0,0,0,0,0,0,"N",9.05,0,0,0,0,0,0,0,"N",0,0.0,0,0,0,0,0,0,0,0,0,0,0,0,0,0
"36121","2","926","75","0","2016","1","N","Wyoming County, New York","State Government","NAICS 926 Administration of economic programs","County, NAICS 3-digit -- by ownership sector","All establishment sizes",3,0,0,0,0,0,0,0,"N",2.97,0,0,0,0,0,0,0,"N",0,0.0,0,0,0,0,0,0,0,0,0,0,0,0,0,0
"36121","2","926","75","0","2016","2","N","Wyoming County, New York","State Government","NAICS 926 Administration of economic programs","County, NAICS 3-digit -- by ownership sector","All establishment sizes",3,0,0,0,0,0,0,0,"N",2.99,0,0,0,0,0,0,0,"N",0,0.0,0,0,0,0,0,0,0,0,0,0,0,0,0,0
"36121","2","926","75","0","2016","3","N","Wyoming County, New York","State Government","NAICS 926 Administration of economic programs","County, NAICS 3-digit -- by ownership sector","All establishment sizes",3,0,0,0,0,0,0,0,"N",3.01,0,0,0,0,0,0,0,"N",0,0.0,0,0,0,0,0,0,0,0,0,0,0,0,0,0
"36121","2","926","75","0","2016","4","N","Wyoming County, New York","State Government","NAICS 926 Administration of economic programs","County, NAICS 3-digit -- by ownership sector","All establishment sizes",3,0,0,0,0,0,0,0,"N",3.02,0,0,0,0,0,0,0,"N",0,0.0,0,0,0,0,0,0,0,0,0,0,0,0,0,0
"36121","2","9261","76","0","2016","1","N","Wyoming County, New York","State Government","NAICS 9261 Administration of economic programs","County, NAICS 4-digit -- by ownership sector","All establishment sizes",3,0,0,0,0,0,0,0,"N",2.97,0,0,0,0,0,0,0,"N",0,0.0,0,0,0,0,0,0,0,0,0,0,0,0,0,0
"36121","2","9261","76","0","2016","2","N","Wyoming County, New York","State Government","NAICS 9261 Administration of economic programs","County, NAICS 4-digit -- by ownership sector","All establishment sizes",3,0,0,0,0,0,0,0,"N",2.99,0,0,0,0,0,0,0,"N",0,0.0,0,0,0,0,0,0,0,0,0,0,0,0,0,0
"36121","2","9261","76","0","2016","3","N","Wyoming County, New York","State Government","NAICS 9261 Administration of economic programs","County, NAICS 4-digit -- by ownership sector","All establishment sizes",3,0,0,0,0,0,0,0,"N",3.01,0,0,0,0,0,0,0,"N",0,0.0,0,0,0,0,0,0,0,0,0,0,0,0,0,0
"36121","2","9261","76","0","2016","4","N","Wyoming County, New York","State Government","NAICS 9261 Administration of economic programs","County, NAICS 4-digit -- by ownership sector","All establishment sizes",3,0,0,0,0,0,0,0,"N",3.02,0,0,0,0,0,0,0,"N",0,0.0,0,0,0,0,0,0,0,0,0,0,0,0,0,0
"36121","2","92612","77","0","2016","1","N","Wyoming County, New York","State Government","NAICS 92612 Transportation program administration","County, NAICS 5-digit -- by ownership sector","All establishment sizes",2,0,0,0,0,0,0,0,"N",5.67,0,0,0,0,0,0,0,"N",0,0.0,0,0,0,0,0,0,0,0,0,0,0,0,0,0
"36121","2","92612","77","0","2016","2","N","Wyoming County, New York","State Government","NAICS 92612 Transportation program administration","County, NAICS 5-digit -- by ownership sector","All establishment sizes",2,0,0,0,0,0,0,0,"N",5.70,0,0,0,0,0,0,0,"N",0,0.0,0,0,0,0,0,0,0,0,0,0,0,0,0,0
"36121","2","92612","77","0","2016","3","N","Wyoming County, New York","State Government","NAICS 92612 Transportation program administration","County, NAICS 5-digit -- by ownership sector","All establishment sizes",2,0,0,0,0,0,0,0,"N",5.73,0,0,0,0,0,0,0,"N",0,0.0,0,0,0,0,0,0,0,0,0,0,0,0,0,0
"36121","2","92612","77","0","2016","4","N","Wyoming County, New York","State Government","NAICS 92612 Transportation program administration","County, NAICS 5-digit -- by ownership sector","All establishment sizes",2,0,0,0,0,0,0,0,"N",5.76,0,0,0,0,0,0,0,"N",0,0.0,0,0,0,0,0,0,0,0,0,0,0,0,0,0
"36121","2","926120","78","0","2016","1","N","Wyoming County, New York","State Government","NAICS 926120 Transportation program administration","County, NAICS 6-digit -- by ownership sector","All establishment sizes",2,0,0,0,0,0,0,0,"N",5.67,0,0,0,0,0,0,0,"N",0,0.0,0,0,0,0,0,0,0,0,0,0,0,0,0,0
"36121","2","926120","78","0","2016","2","N","Wyoming County, New York","State Government","NAICS 926120 Transportation program administration","County, NAICS 6-digit -- by ownership sector","All establishment sizes",2,0,0,0,0,0,0,0,"N",5.70,0,0,0,0,0,0,0,"N",0,0.0,0,0,0,0,0,0,0,0,0,0,0,0,0,0
"36121","2","926120","78","0","2016","3","N","Wyoming County, New York","State Government","NAICS 926120 Transportation program administration","County, NAICS 6-digit -- by ownership sector","All establishment sizes",2,0,0,0,0,0,0,0,"N",5.73,0,0,0,0,0,0,0,"N",0,0.0,0,0,0,0,0,0,0,0,0,0,0,0,0,0
"36121","2","926120","78","0","2016","4","N","Wyoming County, New York","State Government","NAICS 926120 Transportation program administration","County, NAICS 6-digit -- by ownership sector","All establishment sizes",2,0,0,0,0,0,0,0,"N",5.76,0,0,0,0,0,0,0,"N",0,0.0,0,0,0,0,0,0,0,0,0,0,0,0,0,0
"36121","2","92614","77","0","2016","1","N","Wyoming County, New York","State Government","NAICS 92614 Agricultural market and commodity regulation","County, NAICS 5-digit -- by ownership sector","All establishment sizes",1,0,0,0,0,0,0,0,"N",3.33,0,0,0,0,0,0,0,"N",0,0.0,0,0,0,0,0,0,0,0,0,0,0,0,0,0
"36121","2","92614","77","0","2016","2","N","Wyoming County, New York","State Government","NAICS 92614 Agricultural market and commodity regulation","County, NAICS 5-digit -- by ownership sector","All establishment sizes",1,0,0,0,0,0,0,0,"N",3.36,0,0,0,0,0,0,0,"N",0,0.0,0,0,0,0,0,0,0,0,0,0,0,0,0,0
"36121","2","92614","77","0","2016","3","N","Wyoming County, New York","State Government","NAICS 92614 Agricultural market and commodity regulation","County, NAICS 5-digit -- by ownership sector","All establishment sizes",1,0,0,0,0,0,0,0,"N",3.38,0,0,0,0,0,0,0,"N",0,0.0,0,0,0,0,0,0,0,0,0,0,0,0,0,0
"36121","2","92614","77","0","2016","4","N","Wyoming County, New York","State Government","NAICS 92614 Agricultural market and commodity regulation","County, NAICS 5-digit -- by ownership sector","All establishment sizes",1,0,0,0,0,0,0,0,"N",3.38,0,0,0,0,0,0,0,"N",0,0.0,0,0,0,0,0,0,0,0,0,0,0,0,0,0
"36121","2","926140","78","0","2016","1","N","Wyoming County, New York","State Government","NAICS 926140 Agricultural market and commodity regulation","County, NAICS 6-digit -- by ownership sector","All establishment sizes",1,0,0,0,0,0,0,0,"N",3.33,0,0,0,0,0,0,0,"N",0,0.0,0,0,0,0,0,0,0,0,0,0,0,0,0,0
"36121","2","926140","78","0","2016","2","N","Wyoming County, New York","State Government","NAICS 926140 Agricultural market and commodity regulation","County, NAICS 6-digit -- by ownership sector","All establishment sizes",1,0,0,0,0,0,0,0,"N",3.36,0,0,0,0,0,0,0,"N",0,0.0,0,0,0,0,0,0,0,0,0,0,0,0,0,0
"36121","2","926140","78","0","2016","3","N","Wyoming County, New York","State Government","NAICS 926140 Agricultural market and commodity regulation","County, NAICS 6-digit -- by ownership sector","All establishment sizes",1,0,0,0,0,0,0,0,"N",3.38,0,0,0,0,0,0,0,"N",0,0.0,0,0,0,0,0,0,0,0,0,0,0,0,0,0
"36121","2","926140","78","0","2016","4","N","Wyoming County, New York","State Government","NAICS 926140 Agricultural market and commodity regulation","County, NAICS 6-digit -- by ownership sector","All establishment sizes",1,0,0,0,0,0,0,0,"N",3.38,0,0,0,0,0,0,0,"N",0,0.0,0,0,0,0,0,0,0,0,0,0,0,0,0,0
"36121","3","10","71","0","2016","1","","Wyoming County, New York","Local Government","10 Total, all industries","County, Total -- by ownership sector","All establishment sizes",40,2368,2434,2479,22207709,213793,4243,704,"",2.54,1.76,1.79,1.81,1.90,0.34,0.38,1.06,"",-1,-2.4,-56,-2.3,-71,-2.8,-34,-1.4,-1406377,-6.0,-13206,-5.8,-524,-11.0,-28,-3.8
"36121","3","10","71","0","2016","2","","Wyoming County, New York","Local Government","10 Total, all industries","County, Total -- by ownership sector","All establishment sizes",40,2430,2436,2437,27604591,50921,1026,872,"",2.55,1.77,1.72,1.74,2.02,0.13,0.18,1.16,"",-1,-2.4,-36,-1.5,-33,-1.3,-132,-5.1,1298214,4.9,-2881,-5.4,-104,-9.2,63,7.8
"36121","3","10","71","0","2016","3","","Wyoming County, New York","Local Government","10 Total, all industries","County, Total -- by ownership sector","All establishment sizes",40,1740,1750,2371,18667643,39284,803,735,"",2.57,1.51,1.45,1.73,1.60,0.18,0.28,1.02,"",0,0.0,-27,-1.5,-24,-1.4,-64,-2.6,1964099,11.8,-3233,-7.6,-89,-10.0,90,14.0
"36121","3","10","71","0","2016","4","","Wyoming County, New York","Local Government","10 Total, all industries","County, Total -- by ownership sector","All establishment sizes",40,2420,2442,2505,23023320,40579,804,721,"",2.58,1.74,1.80,1.86,1.90,0.23,0.46,1.05,"",0,0.0,-47,-1.9,-45,-1.8,-20,-0.8,-1585167,-6.4,-2602,-6.0,-103,-11.4,-38,-5.0
"36121","3","102","72","0","2016","1","","Wyoming County, New York","Local Government","102 Service-providing","County, by Domain -- by ownership sector","All establishment sizes",40,2368,2434,2479,22207709,213793,4243,704,"",2.61,1.77,1.81,1.82,1.92,0.34,0.39,1.06,"",-1,-2.4,-56,-2.3,-71,-2.8,-34,-1.4,-1406377,-6.0,-13206,-5.8,-524,-11.0,-28,-3.8
"36121","3","102","72","0","2016","2","","Wyoming County, New York","Local Government","102 Service-providing","County, by Domain -- by ownership sector","All establishment sizes",40,2430,2436,2437,27604591,50921,1026,872,"",2.62,1.78,1.74,1.76,2.03,0.13,0.19,1.16,"",-1,-2.4,-36,-1.5,-33,-1.3,-132,-5.1,1298214,4.9,-2881,-5.4,-104,-9.2,63,7.8
"36121","3","102","72","0","2016","3","","Wyoming County, New York","Local Government","102 Service-providing","County, by Domain -- by ownership sector","All establishment sizes",40,1740,1750,2371,18667643,39284,803,735,"",2.64,1.52,1.47,1.75,1.62,0.19,0.28,1.02,"",0,0.0,-27,-1.5,-24,-1.4,-64,-2.6,1964099,11.8,-3233,-7.6,-89,-10.0,90,14.0
"36121","3","102","72","0","2016","4","","Wyoming County, New York","Local Government","102 Service-providing","County, by Domain -- by ownership sector","All establishment sizes",40,2420,2442,2505,23023320,40579,804,721,"",2.66,1.76,1.81,1.88,1.91,0.23,0.47,1.05,"",0,0.0,-47,-1.9,-45,-1.8,-20,-0.8,-1585167,-6.4,-2602,-6.0,-103,-11.4,-38,-5.0
"36121","3","1021","73","0","2016","1","N","Wyoming County, New York","Local Government","1021 Trade, transportation, and utilities","County, by Supersector -- by ownership sector","All establishment sizes",1,0,0,0,0,0,0,0,"N",0.89,0,0,0,0,0,0,0,"N",0,0.0,0,0,0,0,0,0,0,0,0,0,0,0,0,0
"36121","3","1021","73","0","2016","2","N","Wyoming County, New York","Local Government","1021 Trade, transportation, and utilities","County, by Supersector -- by ownership sector","All establishment sizes",1,0,0,0,0,0,0,0,"N",0.90,0,0,0,0,0,0,0,"N",0,0.0,0,0,0,0,0,0,0,0,0,0,0,0,0,0
"36121","3","1021","73","0","2016","3","N","Wyoming County, New York","Local Government","1021 Trade, transportation, and utilities","County, by Supersector -- by ownership sector","All establishment sizes",1,0,0,0,0,0,0,0,"N",0.91,0,0,0,0,0,0,0,"N",0,0.0,0,0,0,0,0,0,0,0,0,0,0,0,0,0
"36121","3","1021","73","0","2016","4","N","Wyoming County, New York","Local Government","1021 Trade, transportation, and utilities","County, by Supersector -- by ownership sector","All establishment sizes",1,0,0,0,0,0,0,0,"N",0.91,0,0,0,0,0,0,0,"N",0,0.0,0,0,0,0,0,0,0,0,0,0,0,0,0,0
"36121","3","1025","73","0","2016","1","","Wyoming County, New York","Local Government","1025 Education and health services","County, by Supersector -- by ownership sector","All establishment sizes",13,1625,1686,1727,15495261,0,0,710,"",1.91,1.92,1.96,1.99,2.20,0.00,0.00,1.12,"",0,0.0,-41,-2.5,-51,-2.9,-17,-1.0,-1178886,-7.1,0,0.0,0,0.0,-38,-5.1
"36121","3","1025","73","0","2016","2","","Wyoming County, New York","Local Government","1025 Education and health services","County, by Supersector -- by ownership sector","All establishment sizes",13,1721,1735,1707,21628493,0,0,967,"",1.93,1.98,1.95,2.01,2.57,0.00,0.00,1.30,"",0,0.0,-15,-0.9,-3,-0.2,-88,-4.9,1358946,6.7,0,0.0,0,0.0,79,8.9
"36121","3","1025","73","0","2016","3","","Wyoming County, New York","Local Government","1025 Education and health services","County, by Supersector -- by ownership sector","All establishment sizes",13,1010,1024,1654,12029561,0,0,753,"",1.93,1.62,1.51,1.96,1.90,0.00,0.00,1.11,"",0,0.0,4,0.4,2,0.2,3,0.2,2046976,20.5,0,0.0,0,0.0,127,20.3
"36121","3","1025","73","0","2016","4","","Wyoming County, New York","Local Government","1025 Education and health services","County, by Supersector -- by ownership sector","All establishment sizes",13,1724,1742,1750,16331061,0,0,723,"",1.95,1.97,2.04,2.07,2.27,0.00,0.00,1.12,"",0,0.0,1,0.1,-10,-0.6,3,0.2,-1922022,-10.5,0,0.0,0,0.0,-84,-10.4
"36121","3","1028","73","0","2016","1","N","Wyoming County, New York","Local Government","1028 Public administration","County, by Supersector -- by ownership sector","All establishment sizes",26,0,0,0,0,0,0,0,"N",4.55,0,0,0,0,0,0,0,"N",0,0.0,0,0,0,0,0,0,0,0,0,0,0,0,0,0
"36121","3","1028","73","0","2016","2","N","Wyoming County, New York","Local Government","1028 Public administration","County, by Supersector -- by ownership sector","All establishment sizes",26,0,0,0,0,0,0,0,"N",4.58,0,0,0,0,0,0,0,"N",0,0.0,0,0,0,0,0,0,0,0,0,0,0,0,0,0
"36121","3","1028","73","0","2016","3","N","Wyoming County, New York","Local Government","1028 Public administration","County, by Supersector -- by ownership sector","All establishment sizes",26,0,0,0,0,0,0,0,"N",4.61,0,0,0,0,0,0,0,"N",0,0.0,0,0,0,0,0,0,0,0,0,0,0,0,0,0
"36121","3","1028","73","0","2016","4","N","Wyoming County, New York","Local Government","1028 Public administration","County, by Supersector -- by ownership sector","All establishment sizes",26,0,0,0,0,0,0,0,"N",4.64,0,0,0,0,0,0,0,"N",0,0.0,0,0,0,0,0,0,0,0,0,0,0,0,0,0
"36121","3","48-49","74","0","2016","1","N","Wyoming County, New York","Local Government","NAICS 48-49 Transportation and warehousing","County, NAICS Sector -- by ownership sector","All establishment sizes",1,0,0,0,0,0,0,0,"N",3.79,0,0,0,0,0,0,0,"N",0,0.0,0,0,0,0,0,0,0,0,0,0,0,0,0,0
"36121","3","48-49","74","0","2016","2","N","Wyoming County, New York","Local Government","NAICS 48-49 Transportation and warehousing","County, NAICS Sector -- by ownership sector","All establishment sizes",1,0,0,0,0,0,0,0,"N",3.82,0,0,0,0,0,0,0,"N",0,0.0,0,0,0,0,0,0,0,0,0,0,0,0,0,0
"36121","3","48-49","74","0","2016","3","N","Wyoming County, New York","Local Government","NAICS 48-49 Transportation and warehousing","County, NAICS Sector -- by ownership sector","All establishment sizes",1,0,0,0,0,0,0,0,"N",3.83,0,0,0,0,0,0,0,"N",0,0.0,0,0,0,0,0,0,0,0,0,0,0,0,0,0
"36121","3","48-49","74","0","2016","4","N","Wyoming County, New York","Local Government","NAICS 48-49 Transportation and warehousing","County, NAICS Sector -- by ownership sector","All establishment sizes",1,0,0,0,0,0,0,0,"N",3.86,0,0,0,0,0,0,0,"N",0,0.0,0,0,0,0,0,0,0,0,0,0,0,0,0,0
"36121","3","485","75","0","2016","1","N","Wyoming County, New York","Local Government","NAICS 485 Transit and ground passenger transportation","County, NAICS 3-digit -- by ownership sector","All establishment sizes",1,0,0,0,0,0,0,0,"N",6.36,0,0,0,0,0,0,0,"N",0,0.0,0,0,0,0,0,0,0,0,0,0,0,0,0,0
"36121","3","485","75","0","2016","2","N","Wyoming County, New York","Local Government","NAICS 485 Transit and ground passenger transportation","County, NAICS 3-digit -- by ownership sector","All establishment sizes",1,0,0,0,0,0,0,0,"N",6.40,0,0,0,0,0,0,0,"N",0,0.0,0,0,0,0,0,0,0,0,0,0,0,0,0,0
"36121","3","485","75","0","2016","3","N","Wyoming County, New York","Local Government","NAICS 485 Transit and ground passenger transportation","County, NAICS 3-digit -- by ownership sector","All establishment sizes",1,0,0,0,0,0,0,0,"N",6.41,0,0,0,0,0,0,0,"N",0,0.0,0,0,0,0,0,0,0,0,0,0,0,0,0,0
"36121","3","485","75","0","2016","4","N","Wyoming County, New York","Local Government","NAICS 485 Transit and ground passenger transportation","County, NAICS 3-digit -- by ownership sector","All establishment sizes",1,0,0,0,0,0,0,0,"N",6.45,0,0,0,0,0,0,0,"N",0,0.0,0,0,0,0,0,0,0,0,0,0,0,0,0,0
"36121","3","4852","76","0","2016","1","N","Wyoming County, New York","Local Government","NAICS 4852 Interurban and rural bus transportation","County, NAICS 4-digit -- by ownership sector","All establishment sizes",1,0,0,0,0,0,0,0,"N",195.05,0,0,0,0,0,0,0,"N",0,0.0,0,0,0,0,0,0,0,0,0,0,0,0,0,0
"36121","3","4852","76","0","2016","2","N","Wyoming County, New York","Local Government","NAICS 4852 Interurban and rural bus transportation","County, NAICS 4-digit -- by ownership sector","All establishment sizes",1,0,0,0,0,0,0,0,"N",196.38,0,0,0,0,0,0,0,"N",0,0.0,0,0,0,0,0,0,0,0,0,0,0,0,0,0
"36121","3","4852","76","0","2016","3","N","Wyoming County, New York","Local Government","NAICS 4852 Interurban and rural bus transportation","County, NAICS 4-digit -- by ownership sector","All establishment sizes",1,0,0,0,0,0,0,0,"N",169.99,0,0,0,0,0,0,0,"N",0,0.0,0,0,0,0,0,0,0,0,0,0,0,0,0,0
"36121","3","4852","76","0","2016","4","N","Wyoming County, New York","Local Government","NAICS 4852 Interurban and rural bus transportation","County, NAICS 4-digit -- by ownership sector","All establishment sizes",1,0,0,0,0,0,0,0,"N",171.02,0,0,0,0,0,0,0,"N",0,0.0,0,0,0,0,0,0,0,0,0,0,0,0,0,0
"36121","3","48521","77","0","2016","1","N","Wyoming County, New York","Local Government","NAICS 48521 Interurban and rural bus transportation","County, NAICS 5-digit -- by ownership sector","All establishment sizes",1,0,0,0,0,0,0,0,"N",195.05,0,0,0,0,0,0,0,"N",0,0.0,0,0,0,0,0,0,0,0,0,0,0,0,0,0
"36121","3","48521","77","0","2016","2","N","Wyoming County, New York","Local Government","NAICS 48521 Interurban and rural bus transportation","County, NAICS 5-digit -- by ownership sector","All establishment sizes",1,0,0,0,0,0,0,0,"N",196.38,0,0,0,0,0,0,0,"N",0,0.0,0,0,0,0,0,0,0,0,0,0,0,0,0,0
"36121","3","48521","77","0","2016","3","N","Wyoming County, New York","Local Government","NAICS 48521 Interurban and rural bus transportation","County, NAICS 5-digit -- by ownership sector","All establishment sizes",1,0,0,0,0,0,0,0,"N",169.99,0,0,0,0,0,0,0,"N",0,0.0,0,0,0,0,0,0,0,0,0,0,0,0,0,0
"36121","3","48521","77","0","2016","4","N","Wyoming County, New York","Local Government","NAICS 48521 Interurban and rural bus transportation","County, NAICS 5-digit -- by ownership sector","All establishment sizes",1,0,0,0,0,0,0,0,"N",171.02,0,0,0,0,0,0,0,"N",0,0.0,0,0,0,0,0,0,0,0,0,0,0,0,0,0
"36121","3","485210","78","0","2016","1","N","Wyoming County, New York","Local Government","NAICS 485210 Interurban and rural bus transportation","County, NAICS 6-digit -- by ownership sector","All establishment sizes",1,0,0,0,0,0,0,0,"N",195.05,0,0,0,0,0,0,0,"N",0,0.0,0,0,0,0,0,0,0,0,0,0,0,0,0,0
"36121","3","485210","78","0","2016","2","N","Wyoming County, New York","Local Government","NAICS 485210 Interurban and rural bus transportation","County, NAICS 6-digit -- by ownership sector","All establishment sizes",1,0,0,0,0,0,0,0,"N",196.38,0,0,0,0,0,0,0,"N",0,0.0,0,0,0,0,0,0,0,0,0,0,0,0,0,0
"36121","3","485210","78","0","2016","3","N","Wyoming County, New York","Local Government","NAICS 485210 Interurban and rural bus transportation","County, NAICS 6-digit -- by ownership sector","All establishment sizes",1,0,0,0,0,0,0,0,"N",169.99,0,0,0,0,0,0,0,"N",0,0.0,0,0,0,0,0,0,0,0,0,0,0,0,0,0
"36121","3","485210","78","0","2016","4","N","Wyoming County, New York","Local Government","NAICS 485210 Interurban and rural bus transportation","County, NAICS 6-digit -- by ownership sector","All establishment sizes",1,0,0,0,0,0,0,0,"N",171.02,0,0,0,0,0,0,0,"N",0,0.0,0,0,0,0,0,0,0,0,0,0,0,0,0,0
"36121","3","61","74","0","2016","1","N","Wyoming County, New York","Local Government","NAICS 61 Educational services","County, NAICS Sector -- by ownership sector","All establishment sizes",12,0,0,0,0,0,0,0,"N",1.96,0,0,0,0,0,0,0,"N",0,0.0,0,0,0,0,0,0,0,0,0,0,0,0,0,0
"36121","3","61","74","0","2016","2","N","Wyoming County, New York","Local Government","NAICS 61 Educational services","County, NAICS Sector -- by ownership sector","All establishment sizes",12,0,0,0,0,0,0,0,"N",1.97,0,0,0,0,0,0,0,"N",0,0.0,0,0,0,0,0,0,0,0,0,0,0,0,0,0
"36121","3","61","74","0","2016","3","N","Wyoming County, New York","Local Government","NAICS 61 Educational services","County, NAICS Sector -- by ownership sector","All establishment sizes",12,0,0,0,0,0,0,0,"N",1.98,0,0,0,0,0,0,0,"N",0,0.0,0,0,0,0,0,0,0,0,0,0,0,0,0,0
"36121","3","61","74","0","2016","4","N","Wyoming County, New York","Local Government","NAICS 61 Educational services","County, NAICS Sector -- by ownership sector","All establishment sizes",12,0,0,0,0,0,0,0,"N",1.99,0,0,0,0,0,0,0,"N",0,0.0,0,0,0,0,0,0,0,0,0,0,0,0,0,0
"36121","3","611","75","0","2016","1","N","Wyoming County, New York","Local Government","NAICS 611 Educational services","County, NAICS 3-digit -- by ownership sector","All establishment sizes",12,0,0,0,0,0,0,0,"N",1.96,0,0,0,0,0,0,0,"N",0,0.0,0,0,0,0,0,0,0,0,0,0,0,0,0,0
"36121","3","611","75","0","2016","2","N","Wyoming County, New York","Local Government","NAICS 611 Educational services","County, NAICS 3-digit -- by ownership sector","All establishment sizes",12,0,0,0,0,0,0,0,"N",1.97,0,0,0,0,0,0,0,"N",0,0.0,0,0,0,0,0,0,0,0,0,0,0,0,0,0
"36121","3","611","75","0","2016","3","N","Wyoming County, New York","Local Government","NAICS 611 Educational services","County, NAICS 3-digit -- by ownership sector","All establishment sizes",12,0,0,0,0,0,0,0,"N",1.98,0,0,0,0,0,0,0,"N",0,0.0,0,0,0,0,0,0,0,0,0,0,0,0,0,0
"36121","3","611","75","0","2016","4","N","Wyoming County, New York","Local Government","NAICS 611 Educational services","County, NAICS 3-digit -- by ownership sector","All establishment sizes",12,0,0,0,0,0,0,0,"N",1.99,0,0,0,0,0,0,0,"N",0,0.0,0,0,0,0,0,0,0,0,0,0,0,0,0,0
"36121","3","6111","76","0","2016","1","","Wyoming County, New York","Local Government","NAICS 6111 Elementary and secondary schools","County, NAICS 4-digit -- by ownership sector","All establishment sizes",9,1063,1088,1121,10335482,0,0,729,"",1.52,1.50,1.52,1.55,1.79,0.00,0.00,1.17,"",0,0.0,-7,-0.7,-27,-2.4,0,0.0,-1096579,-9.6,0,0.0,0,0.0,-69,-8.6
"36121","3","6111","76","0","2016","2","","Wyoming County, New York","Local Government","NAICS 6111 Elementary and secondary schools","County, NAICS 4-digit -- by ownership sector","All establishment sizes",9,1114,1123,1134,15557565,0,0,1065,"",1.53,1.54,1.52,1.61,2.22,0.00,0.00,1.43,"",0,0.0,2,0.2,7,0.6,-84,-6.9,1314230,9.2,0,0.0,0,0.0,111,11.6
"36121","3","6111","76","0","2016","3","","Wyoming County, New York","Local Government","NAICS 6111 Elementary and secondary schools","County, NAICS 4-digit -- by ownership sector","All establishment sizes",9,401,420,1047,5944030,0,0,734,"",1.53,0.82,0.77,1.50,1.20,0.00,0.00,1.12,"",0,0.0,9,2.3,11,2.7,25,2.4,1285259,27.6,0,0.0,0,0.0,144,24.4
"36121","3","6111","76","0","2016","4","","Wyoming County, New York","Local Government","NAICS 6111 Elementary and secondary schools","County, NAICS 4-digit -- by ownership sector","All establishment sizes",9,1103,1117,1124,10949114,0,0,756,"",1.54,1.52,1.57,1.60,1.87,0.00,0.00,1.19,"",0,0.0,19,1.8,-8,-0.7,-2,-0.2,-1045719,-8.7,0,0.0,0,0.0,-74,-8.9
"36121","3","61111","77","0","2016","1","","Wyoming County, New York","Local Government","NAICS 61111 Elementary and secondary schools","County, NAICS 5-digit -- by ownership sector","All establishment sizes",9,1063,1088,1121,10335482,0,0,729,"",1.52,1.50,1.52,1.55,1.79,0.00,0.00,1.17,"",0,0.0,-7,-0.7,-27,-2.4,0,0.0,-1096579,-9.6,0,0.0,0,0.0,-69,-8.6
"36121","3","61111","77","0","2016","2","","Wyoming County, New York","Local Government","NAICS 61111 Elementary and secondary schools","County, NAICS 5-digit -- by ownership sector","All establishment sizes",9,1114,1123,1134,15557565,0,0,1065,"",1.53,1.54,1.52,1.61,2.22,0.00,0.00,1.43,"",0,0.0,2,0.2,7,0.6,-84,-6.9,1314230,9.2,0,0.0,0,0.0,111,11.6
"36121","3","61111","77","0","2016","3","","Wyoming County, New York","Local Government","NAICS 61111 Elementary and secondary schools","County, NAICS 5-digit -- by ownership sector","All establishment sizes",9,401,420,1047,5944030,0,0,734,"",1.53,0.82,0.77,1.50,1.20,0.00,0.00,1.12,"",0,0.0,9,2.3,11,2.7,25,2.4,1285259,27.6,0,0.0,0,0.0,144,24.4
"36121","3","61111","77","0","2016","4","","Wyoming County, New York","Local Government","NAICS 61111 Elementary and secondary schools","County, NAICS 5-digit -- by ownership sector","All establishment sizes",9,1103,1117,1124,10949114,0,0,756,"",1.54,1.52,1.57,1.60,1.87,0.00,0.00,1.19,"",0,0.0,19,1.8,-8,-0.7,-2,-0.2,-1045719,-8.7,0,0.0,0,0.0,-74,-8.9
"36121","3","611110","78","0","2016","1","","Wyoming County, New York","Local Government","NAICS 611110 Elementary and secondary schools","County, NAICS 6-digit -- by ownership sector","All establishment sizes",9,1063,1088,1121,10335482,0,0,729,"",1.52,1.50,1.52,1.55,1.79,0.00,0.00,1.17,"",0,0.0,-7,-0.7,-27,-2.4,0,0.0,-1096579,-9.6,0,0.0,0,0.0,-69,-8.6
"36121","3","611110","78","0","2016","2","","Wyoming County, New York","Local Government","NAICS 611110 Elementary and secondary schools","County, NAICS 6-digit -- by ownership sector","All establishment sizes",9,1114,1123,1134,15557565,0,0,1065,"",1.53,1.54,1.52,1.61,2.22,0.00,0.00,1.43,"",0,0.0,2,0.2,7,0.6,-84,-6.9,1314230,9.2,0,0.0,0,0.0,111,11.6
"36121","3","611110","78","0","2016","3","","Wyoming County, New York","Local Government","NAICS 611110 Elementary and secondary schools","County, NAICS 6-digit -- by ownership sector","All establishment sizes",9,401,420,1047,5944030,0,0,734,"",1.53,0.82,0.77,1.50,1.20,0.00,0.00,1.12,"",0,0.0,9,2.3,11,2.7,25,2.4,1285259,27.6,0,0.0,0,0.0,144,24.4
"36121","3","611110","78","0","2016","4","","Wyoming County, New York","Local Government","NAICS 611110 Elementary and secondary schools","County, NAICS 6-digit -- by ownership sector","All establishment sizes",9,1103,1117,1124,10949114,0,0,756,"",1.54,1.52,1.57,1.60,1.87,0.00,0.00,1.19,"",0,0.0,19,1.8,-8,-0.7,-2,-0.2,-1045719,-8.7,0,0.0,0,0.0,-74,-8.9
"36121","3","6112","76","0","2016","1","N","Wyoming County, New York","Local Government","NAICS 6112 Junior colleges","County, NAICS 4-digit -- by ownership sector","All establishment sizes",2,0,0,0,0,0,0,0,"N",17.32,0,0,0,0,0,0,0,"N",0,0.0,0,0,0,0,0,0,0,0,0,0,0,0,0,0
"36121","3","6112","76","0","2016","2","N","Wyoming County, New York","Local Government","NAICS 6112 Junior colleges","County, NAICS 4-digit -- by ownership sector","All establishment sizes",2,0,0,0,0,0,0,0,"N",17.23,0,0,0,0,0,0,0,"N",0,0.0,0,0,0,0,0,0,0,0,0,0,0,0,0,0
"36121","3","6112","76","0","2016","3","N","Wyoming County, New York","Local Government","NAICS 6112 Junior colleges","County, NAICS 4-digit -- by ownership sector","All establishment sizes",2,0,0,0,0,0,0,0,"N",17.13,0,0,0,0,0,0,0,"N",0,0.0,0,0,0,0,0,0,0,0,0,0,0,0,0,0
"36121","3","6112","76","0","2016","4","N","Wyoming County, New York","Local Government","NAICS 6112 Junior colleges","County, NAICS 4-digit -- by ownership sector","All establishment sizes",2,0,0,0,0,0,0,0,"N",17.25,0,0,0,0,0,0,0,"N",0,0.0,0,0,0,0,0,0,0,0,0,0,0,0,0,0
"36121","3","61121","77","0","2016","1","N","Wyoming County, New York","Local Government","NAICS 61121 Junior colleges","County, NAICS 5-digit -- by ownership sector","All establishment sizes",2,0,0,0,0,0,0,0,"N",17.32,0,0,0,0,0,0,0,"N",0,0.0,0,0,0,0,0,0,0,0,0,0,0,0,0,0
"36121","3","61121","77","0","2016","2","N","Wyoming County, New York","Local Government","NAICS 61121 Junior colleges","County, NAICS 5-digit -- by ownership sector","All establishment sizes",2,0,0,0,0,0,0,0,"N",17.23,0,0,0,0,0,0,0,"N",0,0.0,0,0,0,0,0,0,0,0,0,0,0,0,0,0
"36121","3","61121","77","0","2016","3","N","Wyoming County, New York","Local Government","NAICS 61121 Junior colleges","County, NAICS 5-digit -- by ownership sector","All establishment sizes",2,0,0,0,0,0,0,0,"N",17.13,0,0,0,0,0,0,0,"N",0,0.0,0,0,0,0,0,0,0,0,0,0,0,0,0,0
"36121","3","61121","77","0","2016","4","N","Wyoming County, New York","Local Government","NAICS 61121 Junior colleges","County, NAICS 5-digit -- by ownership sector","All establishment sizes",2,0,0,0,0,0,0,0,"N",17.25,0,0,0,0,0,0,0,"N",0,0.0,0,0,0,0,0,0,0,0,0,0,0,0,0,0
"36121","3","611210","78","0","2016","1","N","Wyoming County, New York","Local Government","NAICS 611210 Junior colleges","County, NAICS 6-digit -- by ownership sector","All establishment sizes",2,0,0,0,0,0,0,0,"N",17.32,0,0,0,0,0,0,0,"N",0,0.0,0,0,0,0,0,0,0,0,0,0,0,0,0,0
"36121","3","611210","78","0","2016","2","N","Wyoming County, New York","Local Government","NAICS 611210 Junior colleges","County, NAICS 6-digit -- by ownership sector","All establishment sizes",2,0,0,0,0,0,0,0,"N",17.23,0,0,0,0,0,0,0,"N",0,0.0,0,0,0,0,0,0,0,0,0,0,0,0,0,0
"36121","3","611210","78","0","2016","3","N","Wyoming County, New York","Local Government","NAICS 611210 Junior colleges","County, NAICS 6-digit -- by ownership sector","All establishment sizes",2,0,0,0,0,0,0,0,"N",17.13,0,0,0,0,0,0,0,"N",0,0.0,0,0,0,0,0,0,0,0,0,0,0,0,0,0
"36121","3","611210","78","0","2016","4","N","Wyoming County, New York","Local Government","NAICS 611210 Junior colleges","County, NAICS 6-digit -- by ownership sector","All establishment sizes",2,0,0,0,0,0,0,0,"N",17.25,0,0,0,0,0,0,0,"N",0,0.0,0,0,0,0,0,0,0,0,0,0,0,0,0,0
"36121","3","6114","76","0","2016","1","N","Wyoming County, New York","Local Government","NAICS 6114 Business, computer and management training","County, NAICS 4-digit -- by ownership sector","All establishment sizes",1,0,0,0,0,0,0,0,"N",143.04,0,0,0,0,0,0,0,"N",0,0.0,0,0,0,0,0,0,0,0,0,0,0,0,0,0
"36121","3","6114","76","0","2016","2","N","Wyoming County, New York","Local Government","NAICS 6114 Business, computer and management training","County, NAICS 4-digit -- by ownership sector","All establishment sizes",1,0,0,0,0,0,0,0,"N",142.12,0,0,0,0,0,0,0,"N",0,0.0,0,0,0,0,0,0,0,0,0,0,0,0,0,0
"36121","3","6114","76","0","2016","3","N","Wyoming County, New York","Local Government","NAICS 6114 Business, computer and management training","County, NAICS 4-digit -- by ownership sector","All establishment sizes",1,0,0,0,0,0,0,0,"N",143.15,0,0,0,0,0,0,0,"N",0,0.0,0,0,0,0,0,0,0,0,0,0,0,0,0,0
"36121","3","6114","76","0","2016","4","N","Wyoming County, New York","Local Government","NAICS 6114 Business, computer and management training","County, NAICS 4-digit -- by ownership sector","All establishment sizes",1,0,0,0,0,0,0,0,"N",142.15,0,0,0,0,0,0,0,"N",0,0.0,0,0,0,0,0,0,0,0,0,0,0,0,0,0
"36121","3","61143","77","0","2016","1","N","Wyoming County, New York","Local Government","NAICS 61143 Management training","County, NAICS 5-digit -- by ownership sector","All establishment sizes",1,0,0,0,0,0,0,0,"N",155.48,0,0,0,0,0,0,0,"N",0,0.0,0,0,0,0,0,0,0,0,0,0,0,0,0,0
"36121","3","61143","77","0","2016","2","N","Wyoming County, New York","Local Government","NAICS 61143 Management training","County, NAICS 5-digit -- by ownership sector","All establishment sizes",1,0,0,0,0,0,0,0,"N",154.30,0,0,0,0,0,0,0,"N",0,0.0,0,0,0,0,0,0,0,0,0,0,0,0,0,0
"36121","3","61143","77","0","2016","3","N","Wyoming County, New York","Local Government","NAICS 61143 Management training","County, NAICS 5-digit -- by ownership sector","All establishment sizes",1,0,0,0,0,0,0,0,"N",155.42,0,0,0,0,0,0,0,"N",0,0.0,0,0,0,0,0,0,0,0,0,0,0,0,0,0
"36121","3","61143","77","0","2016","4","N","Wyoming County, New York","Local Government","NAICS 61143 Management training","County, NAICS 5-digit -- by ownership sector","All establishment sizes",1,0,0,0,0,0,0,0,"N",154.16,0,0,0,0,0,0,0,"N",0,0.0,0,0,0,0,0,0,0,0,0,0,0,0,0,0
"36121","3","611430","78","0","2016","1","N","Wyoming County, New York","Local Government","NAICS 611430 Management training","County, NAICS 6-digit -- by ownership sector","All establishment sizes",1,0,0,0,0,0,0,0,"N",155.48,0,0,0,0,0,0,0,"N",0,0.0,0,0,0,0,0,0,0,0,0,0,0,0,0,0
"36121","3","611430","78","0","2016","2","N","Wyoming County, New York","Local Government","NAICS 611430 Management training","County, NAICS 6-digit -- by ownership sector","All establishment sizes",1,0,0,0,0,0,0,0,"N",154.30,0,0,0,0,0,0,0,"N",0,0.0,0,0,0,0,0,0,0,0,0,0,0,0,0,0
"36121","3","611430","78","0","2016","3","N","Wyoming County, New York","Local Government","NAICS 611430 Management training","County, NAICS 6-digit -- by ownership sector","All establishment sizes",1,0,0,0,0,0,0,0,"N",155.42,0,0,0,0,0,0,0,"N",0,0.0,0,0,0,0,0,0,0,0,0,0,0,0,0,0
"36121","3","611430","78","0","2016","4","N","Wyoming County, New York","Local Government","NAICS 611430 Management training","County, NAICS 6-digit -- by ownership sector","All establishment sizes",1,0,0,0,0,0,0,0,"N",154.16,0,0,0,0,0,0,0,"N",0,0.0,0,0,0,0,0,0,0,0,0,0,0,0,0,0
"36121","3","62","74","0","2016","1","N","Wyoming County, New York","Local Government","NAICS 62 Health care and social assistance","County, NAICS Sector -- by ownership sector","All establishment sizes",1,0,0,0,0,0,0,0,"N",1.53,0,0,0,0,0,0,0,"N",0,0.0,0,0,0,0,0,0,0,0,0,0,0,0,0,0
"36121","3","62","74","0","2016","2","N","Wyoming County, New York","Local Government","NAICS 62 Health care and social assistance","County, NAICS Sector -- by ownership sector","All establishment sizes",1,0,0,0,0,0,0,0,"N",1.54,0,0,0,0,0,0,0,"N",0,0.0,0,0,0,0,0,0,0,0,0,0,0,0,0,0
"36121","3","62","74","0","2016","3","N","Wyoming County, New York","Local Government","NAICS 62 Health care and social assistance","County, NAICS Sector -- by ownership sector","All establishment sizes",1,0,0,0,0,0,0,0,"N",1.54,0,0,0,0,0,0,0,"N",0,0.0,0,0,0,0,0,0,0,0,0,0,0,0,0,0
"36121","3","62","74","0","2016","4","N","Wyoming County, New York","Local Government","NAICS 62 Health care and social assistance","County, NAICS Sector -- by ownership sector","All establishment sizes",1,0,0,0,0,0,0,0,"N",1.54,0,0,0,0,0,0,0,"N",0,0.0,0,0,0,0,0,0,0,0,0,0,0,0,0,0
"36121","3","622","75","0","2016","1","N","Wyoming County, New York","Local Government","NAICS 622 Hospitals","County, NAICS 3-digit -- by ownership sector","All establishment sizes",1,0,0,0,0,0,0,0,"N",8.11,0,0,0,0,0,0,0,"N",0,0.0,0,0,0,0,0,0,0,0,0,0,0,0,0,0
"36121","3","622","75","0","2016","2","N","Wyoming County, New York","Local Government","NAICS 622 Hospitals","County, NAICS 3-digit -- by ownership sector","All establishment sizes",1,0,0,0,0,0,0,0,"N",8.10,0,0,0,0,0,0,0,"N",0,0.0,0,0,0,0,0,0,0,0,0,0,0,0,0,0
"36121","3","622","75","0","2016","3","N","Wyoming County, New York","Local Government","NAICS 622 Hospitals","County, NAICS 3-digit -- by ownership sector","All establishment sizes",1,0,0,0,0,0,0,0,"N",7.78,0,0,0,0,0,0,0,"N",0,0.0,0,0,0,0,0,0,0,0,0,0,0,0,0,0
"36121","3","622","75","0","2016","4","N","Wyoming County, New York","Local Government","NAICS 622 Hospitals","County, NAICS 3-digit -- by ownership sector","All establishment sizes",1,0,0,0,0,0,0,0,"N",7.66,0,0,0,0,0,0,0,"N",0,0.0,0,0,0,0,0,0,0,0,0,0,0,0,0,0
"36121","3","6221","76","0","2016","1","N","Wyoming County, New York","Local Government","NAICS 6221 General medical and surgical hospitals","County, NAICS 4-digit -- by ownership sector","All establishment sizes",1,0,0,0,0,0,0,0,"N",8.23,0,0,0,0,0,0,0,"N",0,0.0,0,0,0,0,0,0,0,0,0,0,0,0,0,0
"36121","3","6221","76","0","2016","2","N","Wyoming County, New York","Local Government","NAICS 6221 General medical and surgical hospitals","County, NAICS 4-digit -- by ownership sector","All establishment sizes",1,0,0,0,0,0,0,0,"N",8.22,0,0,0,0,0,0,0,"N",0,0.0,0,0,0,0,0,0,0,0,0,0,0,0,0,0
"36121","3","6221","76","0","2016","3","N","Wyoming County, New York","Local Government","NAICS 6221 General medical and surgical hospitals","County, NAICS 4-digit -- by ownership sector","All establishment sizes",1,0,0,0,0,0,0,0,"N",7.89,0,0,0,0,0,0,0,"N",0,0.0,0,0,0,0,0,0,0,0,0,0,0,0,0,0
"36121","3","6221","76","0","2016","4","N","Wyoming County, New York","Local Government","NAICS 6221 General medical and surgical hospitals","County, NAICS 4-digit -- by ownership sector","All establishment sizes",1,0,0,0,0,0,0,0,"N",7.79,0,0,0,0,0,0,0,"N",0,0.0,0,0,0,0,0,0,0,0,0,0,0,0,0,0
"36121","3","62211","77","0","2016","1","N","Wyoming County, New York","Local Government","NAICS 62211 General medical and surgical hospitals","County, NAICS 5-digit -- by ownership sector","All establishment sizes",1,0,0,0,0,0,0,0,"N",8.23,0,0,0,0,0,0,0,"N",0,0.0,0,0,0,0,0,0,0,0,0,0,0,0,0,0
"36121","3","62211","77","0","2016","2","N","Wyoming County, New York","Local Government","NAICS 62211 General medical and surgical hospitals","County, NAICS 5-digit -- by ownership sector","All establishment sizes",1,0,0,0,0,0,0,0,"N",8.22,0,0,0,0,0,0,0,"N",0,0.0,0,0,0,0,0,0,0,0,0,0,0,0,0,0
"36121","3","62211","77","0","2016","3","N","Wyoming County, New York","Local Government","NAICS 62211 General medical and surgical hospitals","County, NAICS 5-digit -- by ownership sector","All establishment sizes",1,0,0,0,0,0,0,0,"N",7.89,0,0,0,0,0,0,0,"N",0,0.0,0,0,0,0,0,0,0,0,0,0,0,0,0,0
"36121","3","62211","77","0","2016","4","N","Wyoming County, New York","Local Government","NAICS 62211 General medical and surgical hospitals","County, NAICS 5-digit -- by ownership sector","All establishment sizes",1,0,0,0,0,0,0,0,"N",7.79,0,0,0,0,0,0,0,"N",0,0.0,0,0,0,0,0,0,0,0,0,0,0,0,0,0
"36121","3","622110","78","0","2016","1","N","Wyoming County, New York","Local Government","NAICS 622110 General medical and surgical hospitals","County, NAICS 6-digit -- by ownership sector","All establishment sizes",1,0,0,0,0,0,0,0,"N",8.23,0,0,0,0,0,0,0,"N",0,0.0,0,0,0,0,0,0,0,0,0,0,0,0,0,0
"36121","3","622110","78","0","2016","2","N","Wyoming County, New York","Local Government","NAICS 622110 General medical and surgical hospitals","County, NAICS 6-digit -- by ownership sector","All establishment sizes",1,0,0,0,0,0,0,0,"N",8.22,0,0,0,0,0,0,0,"N",0,0.0,0,0,0,0,0,0,0,0,0,0,0,0,0,0
"36121","3","622110","78","0","2016","3","N","Wyoming County, New York","Local Government","NAICS 622110 General medical and surgical hospitals","County, NAICS 6-digit -- by ownership sector","All establishment sizes",1,0,0,0,0,0,0,0,"N",7.89,0,0,0,0,0,0,0,"N",0,0.0,0,0,0,0,0,0,0,0,0,0,0,0,0,0
"36121","3","622110","78","0","2016","4","N","Wyoming County, New York","Local Government","NAICS 622110 General medical and surgical hospitals","County, NAICS 6-digit -- by ownership sector","All establishment sizes",1,0,0,0,0,0,0,0,"N",7.79,0,0,0,0,0,0,0,"N",0,0.0,0,0,0,0,0,0,0,0,0,0,0,0,0,0
"36121","3","92","74","0","2016","1","N","Wyoming County, New York","Local Government","NAICS 92 Public administration","County, NAICS Sector -- by ownership sector","All establishment sizes",26,0,0,0,0,0,0,0,"N",4.55,0,0,0,0,0,0,0,"N",0,0.0,0,0,0,0,0,0,0,0,0,0,0,0,0,0
"36121","3","92","74","0","2016","2","N","Wyoming County, New York","Local Government","NAICS 92 Public administration","County, NAICS Sector -- by ownership sector","All establishment sizes",26,0,0,0,0,0,0,0,"N",4.58,0,0,0,0,0,0,0,"N",0,0.0,0,0,0,0,0,0,0,0,0,0,0,0,0,0
"36121","3","92","74","0","2016","3","N","Wyoming County, New York","Local Government","NAICS 92 Public administration","County, NAICS Sector -- by ownership sector","All establishment sizes",26,0,0,0,0,0,0,0,"N",4.61,0,0,0,0,0,0,0,"N",0,0.0,0,0,0,0,0,0,0,0,0,0,0,0,0,0
"36121","3","92","74","0","2016","4","N","Wyoming County, New York","Local Government","NAICS 92 Public administration","County, NAICS Sector -- by ownership sector","All establishment sizes",26,0,0,0,0,0,0,0,"N",4.64,0,0,0,0,0,0,0,"N",0,0.0,0,0,0,0,0,0,0,0,0,0,0,0,0,0
"36121","3","921","75","0","2016","1","","Wyoming County, New York","Local Government","NAICS 921 Executive, legislative and general government","County, NAICS 3-digit -- by ownership sector","All establishment sizes",24,721,727,731,6529207,177274,3622,691,"",7.07,2.95,2.97,2.95,3.06,0.89,1.10,1.03,"",0,0.0,-12,-1.6,-17,-2.3,-13,-1.7,-206927,-3.1,-19665,-10.0,-514,-12.4,-9,-1.3
"36121","3","921","75","0","2016","2","","Wyoming County, New York","Local Government","NAICS 921 Executive, legislative and general government","County, NAICS 3-digit -- by ownership sector","All establishment sizes",24,686,678,708,5786237,49296,998,644,"",7.11,2.74,2.62,2.59,2.37,0.40,0.50,0.90,"",0,0.0,-20,-2.8,-29,-4.1,-42,-5.6,-71523,-1.2,-3066,-5.9,-102,-9.3,19,3.0
"36121","3","921","75","0","2016","3","","Wyoming County, New York","Local Government","NAICS 921 Executive, legislative and general government","County, NAICS 3-digit -- by ownership sector","All establishment sizes",24,707,703,695,6426993,37584,774,705,"",7.17,2.66,2.67,2.68,2.59,0.47,0.73,0.97,"",0,0.0,-29,-3.9,-24,-3.3,-65,-8.6,-70461,-1.1,317,0.9,-8,-1.0,31,4.6
"36121","3","921","75","0","2016","4","","Wyoming County, New York","Local Government","NAICS 921 Executive, legislative and general government","County, NAICS 3-digit -- by ownership sector","All establishment sizes",24,674,677,729,6471422,40579,804,718,"",7.21,2.65,2.71,2.97,2.84,0.72,1.38,1.02,"",0,0.0,-47,-6.5,-35,-4.9,-21,-2.8,326994,5.3,2648,7.0,7,0.9,68,10.5
"36121","3","9211","76","0","2016","1","","Wyoming County, New York","Local Government","NAICS 9211 Executive, legislative and general government","County, NAICS 4-digit -- by ownership sector","All establishment sizes",24,721,727,731,6529207,177274,3622,691,"",7.07,2.95,2.97,2.95,3.06,0.89,1.10,1.03,"",0,0.0,-12,-1.6,-17,-2.3,-13,-1.7,-206927,-3.1,-19665,-10.0,-514,-12.4,-9,-1.3
"36121","3","9211","76","0","2016","2","","Wyoming County, New York","Local Government","NAICS 9211 Executive, legislative and general government","County, NAICS 4-digit -- by ownership sector","All establishment sizes",24,686,678,708,5786237,49296,998,644,"",7.11,2.74,2.62,2.59,2.37,0.40,0.50,0.90,"",0,0.0,-20,-2.8,-29,-4.1,-42,-5.6,-71523,-1.2,-3066,-5.9,-102,-9.3,19,3.0
"36121","3","9211","76","0","2016","3","","Wyoming County, New York","Local Government","NAICS 9211 Executive, legislative and general government","County, NAICS 4-digit -- by ownership sector","All establishment sizes",24,707,703,695,6426993,37584,774,705,"",7.17,2.66,2.67,2.68,2.59,0.47,0.73,0.97,"",0,0.0,-29,-3.9,-24,-3.3,-65,-8.6,-70461,-1.1,317,0.9,-8,-1.0,31,4.6
"36121","3","9211","76","0","2016","4","","Wyoming County, New York","Local Government","NAICS 9211 Executive, legislative and general government","County, NAICS 4-digit -- by ownership sector","All establishment sizes",24,674,677,729,6471422,40579,804,718,"",7.21,2.65,2.71,2.97,2.84,0.72,1.38,1.02,"",0,0.0,-47,-6.5,-35,-4.9,-21,-2.8,326994,5.3,2648,7.0,7,0.9,68,10.5
"36121","3","92112","77","0","2016","1","","Wyoming County, New York","Local Government","NAICS 92112 Legislative bodies","County, NAICS 5-digit -- by ownership sector","All establishment sizes",24,721,727,731,6529207,177274,3622,691,"",88.75,27.85,28.15,27.95,26.16,48.70,39.63,0.93,"",0,0.0,-12,-1.6,-17,-2.3,-13,-1.7,-206927,-3.1,-19665,-10.0,-514,-12.4,-9,-1.3
"36121","3","92112","77","0","2016","2","","Wyoming County, New York","Local Government","NAICS 92112 Legislative bodies","County, NAICS 5-digit -- by ownership sector","All establishment sizes",24,686,678,708,5786237,49296,998,644,"",89.42,26.10,25.03,24.80,20.73,30.75,23.13,0.82,"",0,0.0,-20,-2.8,-29,-4.1,-42,-5.6,-71523,-1.2,-3066,-5.9,-102,-9.3,19,3.0
"36121","3","92112","77","0","2016","3","","Wyoming County, New York","Local Government","NAICS 92112 Legislative bodies","County, NAICS 5-digit -- by ownership sector","All establishment sizes",24,707,703,695,6426993,37584,774,705,"",90.16,24.19,24.24,25.40,22.56,33.62,26.03,0.92,"",0,0.0,-29,-3.9,-24,-3.3,-65,-8.6,-70461,-1.1,317,0.9,-8,-1.0,31,4.6
"36121","3","92112","77","0","2016","4","","Wyoming County, New York","Local Government","NAICS 92112 Legislative bodies","County, NAICS 5-digit -- by ownership sector","All establishment sizes",24,674,677,729,6471422,40579,804,718,"",90.71,25.22,26.07,28.16,24.56,56.61,57.09,0.93,"",0,0.0,-47,-6.5,-35,-4.9,-21,-2.8,326994,5.3,2648,7.0,7,0.9,68,10.5
"36121","3","921120","78","0","2016","1","","Wyoming County, New York","Local Government","NAICS 921120 Legislative bodies","County, NAICS 6-digit -- by ownership sector","All establishment sizes",24,721,727,731,6529207,177274,3622,691,"",88.75,27.85,28.15,27.95,26.16,48.70,39.63,0.93,"",0,0.0,-12,-1.6,-17,-2.3,-13,-1.7,-206927,-3.1,-19665,-10.0,-514,-12.4,-9,-1.3
"36121","3","921120","78","0","2016","2","","Wyoming County, New York","Local Government","NAICS 921120 Legislative bodies","County, NAICS 6-digit -- by ownership sector","All establishment sizes",24,686,678,708,5786237,49296,998,644,"",89.42,26.10,25.03,24.80,20.73,30.75,23.13,0.82,"",0,0.0,-20,-2.8,-29,-4.1,-42,-5.6,-71523,-1.2,-3066,-5.9,-102,-9.3,19,3.0
"36121","3","921120","78","0","2016","3","","Wyoming County, New York","Local Government","NAICS 921120 Legislative bodies","County, NAICS 6-digit -- by ownership sector","All establishment sizes",24,707,703,695,6426993,37584,774,705,"",90.16,24.19,24.24,25.40,22.56,33.62,26.03,0.92,"",0,0.0,-29,-3.9,-24,-3.3,-65,-8.6,-70461,-1.1,317,0.9,-8,-1.0,31,4.6
"36121","3","921120","78","0","2016","4","","Wyoming County, New York","Local Government","NAICS 921120 Legislative bodies","County, NAICS 6-digit -- by ownership sector","All establishment sizes",24,674,677,729,6471422,40579,804,718,"",90.71,25.22,26.07,28.16,24.56,56.61,57.09,0.93,"",0,0.0,-47,-6.5,-35,-4.9,-21,-2.8,326994,5.3,2648,7.0,7,0.9,68,10.5
"36121","3","924","75","0","2016","1","N","Wyoming County, New York","Local Government","NAICS 924 Administration of environmental programs","County, NAICS 3-digit -- by ownership sector","All establishment sizes",1,0,0,0,0,0,0,0,"N",2.78,0,0,0,0,0,0,0,"N",0,0.0,0,0,0,0,0,0,0,0,0,0,0,0,0,0
"36121","3","924","75","0","2016","2","N","Wyoming County, New York","Local Government","NAICS 924 Administration of environmental programs","County, NAICS 3-digit -- by ownership sector","All establishment sizes",1,0,0,0,0,0,0,0,"N",2.79,0,0,0,0,0,0,0,"N",0,0.0,0,0,0,0,0,0,0,0,0,0,0,0,0,0
"36121","3","924","75","0","2016","3","N","Wyoming County, New York","Local Government","NAICS 924 Administration of environmental programs","County, NAICS 3-digit -- by ownership sector","All establishment sizes",1,0,0,0,0,0,0,0,"N",2.81,0,0,0,0,0,0,0,"N",0,0.0,0,0,0,0,0,0,0,0,0,0,0,0,0,0
"36121","3","924","75","0","2016","4","N","Wyoming County, New York","Local Government","NAICS 924 Administration of environmental programs","County, NAICS 3-digit -- by ownership sector","All establishment sizes",1,0,0,0,0,0,0,0,"N",2.83,0,0,0,0,0,0,0,"N",0,0.0,0,0,0,0,0,0,0,0,0,0,0,0,0,0
"36121","3","9241","76","0","2016","1","N","Wyoming County, New York","Local Government","NAICS 9241 Administration of environmental programs","County, NAICS 4-digit -- by ownership sector","All establishment sizes",1,0,0,0,0,0,0,0,"N",2.78,0,0,0,0,0,0,0,"N",0,0.0,0,0,0,0,0,0,0,0,0,0,0,0,0,0
"36121","3","9241","76","0","2016","2","N","Wyoming County, New York","Local Government","NAICS 9241 Administration of environmental programs","County, NAICS 4-digit -- by ownership sector","All establishment sizes",1,0,0,0,0,0,0,0,"N",2.79,0,0,0,0,0,0,0,"N",0,0.0,0,0,0,0,0,0,0,0,0,0,0,0,0,0
"36121","3","9241","76","0","2016","3","N","Wyoming County, New York","Local Government","NAICS 9241 Administration of environmental programs","County, NAICS 4-digit -- by ownership sector","All establishment sizes",1,0,0,0,0,0,0,0,"N",2.81,0,0,0,0,0,0,0,"N",0,0.0,0,0,0,0,0,0,0,0,0,0,0,0,0,0
"36121","3","9241","76","0","2016","4","N","Wyoming County, New York","Local Government","NAICS 9241 Administration of environmental programs","County, NAICS 4-digit -- by ownership sector","All establishment sizes",1,0,0,0,0,0,0,0,"N",2.83,0,0,0,0,0,0,0,"N",0,0.0,0,0,0,0,0,0,0,0,0,0,0,0,0,0
"36121","3","92411","77","0","2016","1","N","Wyoming County, New York","Local Government","NAICS 92411 Air, water, and waste program administration","County, NAICS 5-digit -- by ownership sector","All establishment sizes",1,0,0,0,0,0,0,0,"N",7.46,0,0,0,0,0,0,0,"N",0,0.0,0,0,0,0,0,0,0,0,0,0,0,0,0,0
"36121","3","92411","77","0","2016","2","N","Wyoming County, New York","Local Government","NAICS 92411 Air, water, and waste program administration","County, NAICS 5-digit -- by ownership sector","All establishment sizes",1,0,0,0,0,0,0,0,"N",7.46,0,0,0,0,0,0,0,"N",0,0.0,0,0,0,0,0,0,0,0,0,0,0,0,0,0
"36121","3","92411","77","0","2016","3","N","Wyoming County, New York","Local Government","NAICS 92411 Air, water, and waste program administration","County, NAICS 5-digit -- by ownership sector","All establishment sizes",1,0,0,0,0,0,0,0,"N",7.50,0,0,0,0,0,0,0,"N",0,0.0,0,0,0,0,0,0,0,0,0,0,0,0,0,0
"36121","3","92411","77","0","2016","4","N","Wyoming County, New York","Local Government","NAICS 92411 Air, water, and waste program administration","County, NAICS 5-digit -- by ownership sector","All establishment sizes",1,0,0,0,0,0,0,0,"N",7.54,0,0,0,0,0,0,0,"N",0,0.0,0,0,0,0,0,0,0,0,0,0,0,0,0,0
"36121","3","924110","78","0","2016","1","N","Wyoming County, New York","Local Government","NAICS 924110 Air, water, and waste program administration","County, NAICS 6-digit -- by ownership sector","All establishment sizes",1,0,0,0,0,0,0,0,"N",7.46,0,0,0,0,0,0,0,"N",0,0.0,0,0,0,0,0,0,0,0,0,0,0,0,0,0
"36121","3","924110","78","0","2016","2","N","Wyoming County, New York","Local Government","NAICS 924110 Air, water, and waste program administration","County, NAICS 6-digit -- by ownership sector","All establishment sizes",1,0,0,0,0,0,0,0,"N",7.46,0,0,0,0,0,0,0,"N",0,0.0,0,0,0,0,0,0,0,0,0,0,0,0,0,0
"36121","3","924110","78","0","2016","3","N","Wyoming County, New York","Local Government","NAICS 924110 Air, water, and waste program administration","County, NAICS 6-digit -- by ownership sector","All establishment sizes",1,0,0,0,0,0,0,0,"N",7.50,0,0,0,0,0,0,0,"N",0,0.0,0,0,0,0,0,0,0,0,0,0,0,0,0,0
"36121","3","924110","78","0","2016","4","N","Wyoming County, New York","Local Government","NAICS 924110 Air, water, and waste program administration","County, NAICS 6-digit -- by ownership sector","All establishment sizes",1,0,0,0,0,0,0,0,"N",7.54,0,0,0,0,0,0,0,"N",0,0.0,0,0,0,0,0,0,0,0,0,0,0,0,0,0
"36121","3","926","75","0","2016","1","N","Wyoming County, New York","Local Government","NAICS 926 Administration of economic programs","County, NAICS 3-digit -- by ownership sector","All establishment sizes",1,0,0,0,0,0,0,0,"N",3.96,0,0,0,0,0,0,0,"N",0,0.0,0,0,0,0,0,0,0,0,0,0,0,0,0,0
"36121","3","926","75","0","2016","2","N","Wyoming County, New York","Local Government","NAICS 926 Administration of economic programs","County, NAICS 3-digit -- by ownership sector","All establishment sizes",1,0,0,0,0,0,0,0,"N",3.99,0,0,0,0,0,0,0,"N",0,0.0,0,0,0,0,0,0,0,0,0,0,0,0,0,0
"36121","3","926","75","0","2016","3","N","Wyoming County, New York","Local Government","NAICS 926 Administration of economic programs","County, NAICS 3-digit -- by ownership sector","All establishment sizes",1,0,0,0,0,0,0,0,"N",4.01,0,0,0,0,0,0,0,"N",0,0.0,0,0,0,0,0,0,0,0,0,0,0,0,0,0
"36121","3","926","75","0","2016","4","N","Wyoming County, New York","Local Government","NAICS 926 Administration of economic programs","County, NAICS 3-digit -- by ownership sector","All establishment sizes",1,0,0,0,0,0,0,0,"N",4.05,0,0,0,0,0,0,0,"N",0,0.0,0,0,0,0,0,0,0,0,0,0,0,0,0,0
"36121","3","9261","76","0","2016","1","N","Wyoming County, New York","Local Government","NAICS 9261 Administration of economic programs","County, NAICS 4-digit -- by ownership sector","All establishment sizes",1,0,0,0,0,0,0,0,"N",3.96,0,0,0,0,0,0,0,"N",0,0.0,0,0,0,0,0,0,0,0,0,0,0,0,0,0
"36121","3","9261","76","0","2016","2","N","Wyoming County, New York","Local Government","NAICS 9261 Administration of economic programs","County, NAICS 4-digit -- by ownership sector","All establishment sizes",1,0,0,0,0,0,0,0,"N",3.99,0,0,0,0,0,0,0,"N",0,0.0,0,0,0,0,0,0,0,0,0,0,0,0,0,0
"36121","3","9261","76","0","2016","3","N","Wyoming County, New York","Local Government","NAICS 9261 Administration of economic programs","County, NAICS 4-digit -- by ownership sector","All establishment sizes",1,0,0,0,0,0,0,0,"N",4.01,0,0,0,0,0,0,0,"N",0,0.0,0,0,0,0,0,0,0,0,0,0,0,0,0,0
"36121","3","9261","76","0","2016","4","N","Wyoming County, New York","Local Government","NAICS 9261 Administration of economic programs","County, NAICS 4-digit -- by ownership sector","All establishment sizes",1,0,0,0,0,0,0,0,"N",4.05,0,0,0,0,0,0,0,"N",0,0.0,0,0,0,0,0,0,0,0,0,0,0,0,0,0
"36121","3","92611","77","0","2016","1","N","Wyoming County, New York","Local Government","NAICS 92611 Administration of general economic programs","County, NAICS 5-digit -- by ownership sector","All establishment sizes",1,0,0,0,0,0,0,0,"N",18.85,0,0,0,0,0,0,0,"N",0,0.0,0,0,0,0,0,0,0,0,0,0,0,0,0,0
"36121","3","92611","77","0","2016","2","N","Wyoming County, New York","Local Government","NAICS 92611 Administration of general economic programs","County, NAICS 5-digit -- by ownership sector","All establishment sizes",1,0,0,0,0,0,0,0,"N",18.88,0,0,0,0,0,0,0,"N",0,0.0,0,0,0,0,0,0,0,0,0,0,0,0,0,0
"36121","3","92611","77","0","2016","3","N","Wyoming County, New York","Local Government","NAICS 92611 Administration of general economic programs","County, NAICS 5-digit -- by ownership sector","All establishment sizes",1,0,0,0,0,0,0,0,"N",18.72,0,0,0,0,0,0,0,"N",0,0.0,0,0,0,0,0,0,0,0,0,0,0,0,0,0
"36121","3","92611","77","0","2016","4","N","Wyoming County, New York","Local Government","NAICS 92611 Administration of general economic programs","County, NAICS 5-digit -- by ownership sector","All establishment sizes",1,0,0,0,0,0,0,0,"N",19.07,0,0,0,0,0,0,0,"N",0,0.0,0,0,0,0,0,0,0,0,0,0,0,0,0,0
"36121","3","926110","78","0","2016","1","N","Wyoming County, New York","Local Government","NAICS 926110 Administration of general economic programs","County, NAICS 6-digit -- by ownership sector","All establishment sizes",1,0,0,0,0,0,0,0,"N",18.85,0,0,0,0,0,0,0,"N",0,0.0,0,0,0,0,0,0,0,0,0,0,0,0,0,0
"36121","3","926110","78","0","2016","2","N","Wyoming County, New York","Local Government","NAICS 926110 Administration of general economic programs","County, NAICS 6-digit -- by ownership sector","All establishment sizes",1,0,0,0,0,0,0,0,"N",18.88,0,0,0,0,0,0,0,"N",0,0.0,0,0,0,0,0,0,0,0,0,0,0,0,0,0
"36121","3","926110","78","0","2016","3","N","Wyoming County, New York","Local Government","NAICS 926110 Administration of general economic programs","County, NAICS 6-digit -- by ownership sector","All establishment sizes",1,0,0,0,0,0,0,0,"N",18.72,0,0,0,0,0,0,0,"N",0,0.0,0,0,0,0,0,0,0,0,0,0,0,0,0,0
"36121","3","926110","78","0","2016","4","N","Wyoming County, New York","Local Government","NAICS 926110 Administration of general economic programs","County, NAICS 6-digit -- by ownership sector","All establishment sizes",1,0,0,0,0,0,0,0,"N",19.07,0,0,0,0,0,0,0,"N",0,0.0,0,0,0,0,0,0,0,0,0,0,0,0,0,0
"36121","5","10","71","0","2016","1","","Wyoming County, New York","Private","10 Total, all industries","County, Total -- by ownership sector","All establishment sizes",812,9037,8976,9045,78544821,59698015,2020254,670,"",0.94,0.81,0.80,0.80,0.69,1.01,1.00,0.86,"",-9,-1.1,-253,-2.7,-219,-2.4,-230,-2.5,-3719876,-4.5,-670447,-1.1,-434807,-17.7,-14,-2.0
"36121","5","10","71","0","2016","2","","Wyoming County, New York","Private","10 Total, all industries","County, Total -- by ownership sector","All establishment sizes",813,9283,9603,9746,83303345,23905159,923425,671,"",0.94,0.81,0.82,0.81,0.71,1.02,1.01,0.87,"",-11,-1.3,-241,-2.5,-442,-4.4,-285,-2.8,-2415642,-2.8,137100,0.6,-134549,-12.7,3,0.4
"36121","5","10","71","0","2016","3","","Wyoming County, New York","Private","10 Total, all industries","County, Total -- by ownership sector","All establishment sizes",814,9728,9735,9555,85577949,13009847,484369,681,"",0.94,0.84,0.84,0.81,0.73,1.02,1.01,0.87,"",-11,-1.3,-420,-4.1,-489,-4.8,-399,-4.0,762374,0.9,177988,1.4,-84532,-14.9,36,5.6
"36121","5","10","71","0","2016","4","","Wyoming County, New York","Private","10 Total, all industries","County, Total -- by ownership sector","All establishment sizes",815,9530,9183,9043,85054062,8634415,296830,707,"",0.94,0.81,0.80,0.80,0.73,1.03,1.00,0.90,"",-14,-1.7,-455,-4.6,-352,-3.7,-373,-4.0,-7792594,-8.4,-1078326,-11.1,-118378,-28.5,-33,-4.5
"36121","5","101","72","0","2016","1","","Wyoming County, New York","Private","101 Goods-producing","County, by Domain -- by ownership sector","All establishment sizes",202,2982,2940,2956,31480654,24725538,839599,818,"",1.74,1.55,1.53,1.52,1.42,1.84,1.46,0.93,"",0,0.0,-92,-3.0,-73,-2.4,-100,-3.3,-532268,-1.7,326444,1.3,-155263,-15.6,10,1.2
"36121","5","101","72","0","2016","2","","Wyoming County, New York","Private","101 Goods-producing","County, by Domain -- by ownership sector","All establishment sizes",198,3051,3112,3131,33395719,7746119,325662,829,"",1.71,1.54,1.52,1.50,1.40,1.61,1.30,0.92,"",-9,-4.3,-152,-4.7,-185,-5.6,-82,-2.6,-1072618,-3.1,-480719,-5.8,-64451,-16.5,10,1.2
"36121","5","101","72","0","2016","3","","Wyoming County, New York","Private","101 Goods-producing","County, by Domain -- by ownership sector","All establishment sizes",200,3112,3095,3157,33697040,3552145,140089,830,"",1.73,1.54,1.54,1.54,1.40,1.47,1.12,0.91,"",-8,-3.8,-169,-5.2,-194,-5.9,-184,-5.5,255727,0.8,-77208,-2.1,-36117,-20.5,51,6.5
"36121","5","101","72","0","2016","4","","Wyoming County, New York","Private","101 Goods-producing","County, by Domain -- by ownership sector","All establishment sizes",200,3179,3078,3007,34425181,2654268,94669,858,"",1.73,1.56,1.57,1.56,1.46,1.87,1.40,0.94,"",-9,-4.3,-137,-4.1,-129,-4.0,-153,-4.8,-2846941,-7.6,-421846,-13.7,-47980,-33.6,-30,-3.4
"36121","5","1011","73","0","2016","1","","Wyoming County, New York","Private","1011 Natural resources and mining","County, by Supersector -- by ownership sector","All establishment sizes",70,943,928,934,7982814,7295764,215825,657,"",5.46,5.66,5.57,5.54,4.15,6.90,5.53,0.74,"",4,6.1,2,0.2,0,0.0,4,0.4,399801,5.3,315378,4.5,-19716,-8.4,32,5.1
"36121","5","1011","73","0","2016","2","","Wyoming County, New York","Private","1011 Natural resources and mining","County, by Supersector -- by ownership sector","All establishment sizes",69,990,1012,1004,9121730,2882078,100956,700,"",5.42,5.53,5.39,5.13,4.69,5.89,4.04,0.88,"",1,1.5,6,0.6,-15,-1.5,-12,-1.2,-62599,-0.7,-167312,-5.5,-12026,-10.6,0,0.0
"36121","5","1011","73","0","2016","3","","Wyoming County, New York","Private","1011 Natural resources and mining","County, by Supersector -- by ownership sector","All establishment sizes",70,994,979,1070,9529205,1738997,62978,723,"",5.53,5.24,5.27,5.63,4.96,5.87,4.26,0.92,"",2,2.9,-23,-2.3,-61,-5.9,-33,-3.0,407437,4.5,-44160,-2.5,-11740,-15.7,57,8.6
"36121","5","1011","73","0","2016","4","","Wyoming County, New York","Private","1011 Natural resources and mining","County, by Supersector -- by ownership sector","All establishment sizes",70,1064,977,934,9753068,1288606,44630,757,"",5.56,5.69,5.71,5.74,5.37,7.18,5.63,0.94,"",2,2.9,-51,-4.6,-50,-4.9,-40,-4.1,-173405,-1.7,-377797,-22.7,-26221,-37.0,22,3.0
"36121","5","1012","73","0","2016","1","","Wyoming County, New York","Private","1012 Construction","County, by Supersector -- by ownership sector","All establishment sizes",85,296,278,292,2503838,2154480,119803,667,"",1.19,0.50,0.47,0.48,0.41,0.52,0.52,0.85,"",-7,-7.6,-3,-1.0,27,10.8,16,5.8,204721,8.9,191760,9.8,5563,4.9,25,3.9
"36121","5","1012","73","0","2016","2","","Wyoming County, New York","Private","1012 Construction","County, by Supersector -- by ownership sector","All establishment sizes",83,336,376,387,3287195,1402833,91776,690,"",1.16,0.53,0.57,0.57,0.46,0.77,0.72,0.81,"",-12,-12.6,-24,-6.7,-21,-5.3,-24,-5.8,-207796,-5.9,-216962,-13.4,-23314,-20.3,-1,-0.1
"36121","5","1012","73","0","2016","3","","Wyoming County, New York","Private","1012 Construction","County, by Supersector -- by ownership sector","All establishment sizes",84,391,402,394,3826986,957088,51899,744,"",1.17,0.59,0.61,0.59,0.51,0.94,0.76,0.85,"",-12,-12.5,-28,-6.7,-10,-2.4,-7,-1.7,59014,1.6,106338,12.5,-7083,-12.0,38,5.4
"36121","5","1012","73","0","2016","4","","Wyoming County, New York","Private","1012 Construction","County, by Supersector -- by ownership sector","All establishment sizes",84,406,392,355,3831293,637962,30077,767,"",1.17,0.61,0.61,0.57,0.51,1.03,0.80,0.85,"",-12,-12.5,-2,-0.5,7,1.8,-24,-6.3,-294553,-7.1,136173,27.1,-4179,-12.2,-45,-5.5
"36121","5","1013","73","0","2016","1","","Wyoming County, New York","Private","1013 Manufacturing","County, by Supersector -- by ownership sector","All establishment sizes",47,1743,1734,1730,20994002,15275294,503971,930,"",1.48,1.49,1.49,1.48,1.48,1.85,1.66,0.99,"",3,6.8,-91,-5.0,-100,-5.5,-120,-6.5,-1136790,-5.1,-180694,-1.2,-141110,-21.9,4,0.4
"36121","5","1013","73","0","2016","2","","Wyoming County, New York","Private","1013 Manufacturing","County, by Supersector -- by ownership sector","All establishment sizes",46,1725,1724,1740,20986794,3461208,132930,933,"",1.45,1.47,1.44,1.43,1.42,1.37,1.37,0.98,"",2,4.5,-134,-7.2,-149,-8.0,-46,-2.6,-802223,-3.7,-96445,-2.7,-29111,-18.0,22,2.4
"36121","5","1013","73","0","2016","3","","Wyoming County, New York","Private","1013 Manufacturing","County, by Supersector -- by ownership sector","All establishment sizes",46,1727,1714,1693,20340849,856060,25212,914,"",1.45,1.47,1.46,1.42,1.39,0.78,0.61,0.96,"",2,4.5,-118,-6.4,-123,-6.7,-144,-7.8,-210724,-1.0,-139386,-14.0,-17294,-40.7,55,6.4
"36121","5","1013","73","0","2016","4","","Wyoming County, New York","Private","1013 Manufacturing","County, by Supersector -- by ownership sector","All establishment sizes",46,1709,1709,1718,20840820,727700,19962,936,"",1.46,1.44,1.49,1.50,1.47,1.17,0.90,1.00,"",1,2.2,-84,-4.7,-86,-4.8,-89,-4.9,-2378983,-10.2,-180222,-19.8,-17580,-46.8,-57,-5.7
"36121","5","102","72","0","2016","1","","Wyoming County, New York","Private","102 Service-providing","County, by Domain -- by ownership sector","All establishment sizes",610,6055,6036,6089,47064167,34972477,1180655,597,"",0.81,0.65,0.65,0.65,0.51,0.77,0.82,0.79,"",-9,-1.5,-161,-2.6,-146,-2.4,-130,-2.1,-3187608,-6.3,-996891,-2.8,-279544,-19.1,-26,-4.2
"36121","5","102","72","0","2016","2","","Wyoming County, New York","Private","102 Service-providing","County, by Domain -- by ownership sector","All establishment sizes",615,6232,6491,6615,49907626,16159040,597763,596,"",0.82,0.66,0.67,0.67,0.53,0.87,0.89,0.80,"",-2,-0.3,-89,-1.4,-257,-3.8,-203,-3.0,-1343024,-2.6,617819,4.0,-70098,-10.5,1,0.2
"36121","5","102","72","0","2016","3","","Wyoming County, New York","Private","102 Service-providing","County, by Domain -- by ownership sector","All establishment sizes",614,6616,6640,6398,51880909,9457702,344280,609,"",0.81,0.69,0.70,0.66,0.55,0.92,0.96,0.81,"",-3,-0.5,-251,-3.7,-295,-4.3,-215,-3.3,506647,1.0,255196,2.8,-48415,-12.3,28,4.8
"36121","5","102","72","0","2016","4","","Wyoming County, New York","Private","102 Service-providing","County, by Domain -- by ownership sector","All establishment sizes",615,6351,6105,6036,50628881,5980147,202161,632,"",0.81,0.65,0.65,0.64,0.54,0.86,0.89,0.84,"",-5,-0.8,-318,-4.8,-223,-3.5,-220,-3.5,-4945653,-8.9,-656480,-9.9,-70398,-25.8,-34,-5.1
"36121","5","1021","73","0","2016","1","","Wyoming County, New York","Private","1021 Trade, transportation, and utilities","County, by Supersector -- by ownership sector","All establishment sizes",188,2251,2204,2229,16962847,13618224,428987,586,"",1.06,0.89,0.88,0.88,0.81,1.02,1.11,0.92,"",-5,-2.6,54,2.5,1,0.0,20,0.9,357553,2.2,487661,3.7,-97598,-18.5,6,1.0
"36121","5","1021","73","0","2016","2","","Wyoming County, New York","Private","1021 Trade, transportation, and utilities","County, by Supersector -- by ownership sector","All establishment sizes",189,2302,2366,2354,18695237,6399000,234415,614,"",1.07,0.90,0.90,0.88,0.83,1.15,1.31,0.93,"",-1,-0.5,75,3.4,-39,-1.6,-66,-2.7,346212,1.9,402204,6.7,-27851,-10.6,14,2.3
"36121","5","1021","73","0","2016","3","","Wyoming County, New York","Private","1021 Trade, transportation, and utilities","County, by Supersector -- by ownership sector","All establishment sizes",192,2278,2276,2318,18925361,3501759,106282,636,"",1.09,0.89,0.89,0.89,0.85,1.22,1.23,0.96,"",4,2.1,-67,-2.9,-49,-2.1,-29,-1.2,414704,2.2,217035,6.6,-18738,-15.0,27,4.4
"36121","5","1021","73","0","2016","4","","Wyoming County, New York","Private","1021 Trade, transportation, and utilities","County, by Supersector -- by ownership sector","All establishment sizes",188,2299,2282,2253,19255229,2564197,77788,650,"",1.07,0.88,0.88,0.86,0.88,1.30,1.38,1.01,"",0,0.0,-92,-3.8,-60,-2.6,-77,-3.3,-1417444,-6.9,167163,7.0,-13493,-14.8,-25,-3.7
"36121","5","1022","73","0","2016","1","","Wyoming County, New York","Private","1022 Information","County, by Supersector -- by ownership sector","All establishment sizes",14,101,101,98,524450,352042,6806,403,"",0.97,0.38,0.38,0.37,0.10,0.17,0.09,0.27,"",1,7.7,-2,-1.9,-3,-2.9,-2,-2.0,23843,4.8,3675,1.1,-1631,-19.3,27,7.2
"36121","5","1022","73","0","2016","2","","Wyoming County, New York","Private","1022 Information","County, by Supersector -- by ownership sector","All establishment sizes",14,79,94,73,508444,140025,2650,477,"",0.97,0.30,0.35,0.26,0.10,0.27,0.13,0.34,"",1,7.7,2,2.6,19,25.3,-3,-3.9,19040,3.9,128,0.1,-805,-23.3,-18,-3.6
"36121","5","1022","73","0","2016","3","","Wyoming County, New York","Private","1022 Information","County, by Supersector -- by ownership sector","All establishment sizes",13,98,98,101,806736,85739,1477,627,"",0.90,0.37,0.37,0.37,0.16,0.33,0.13,0.42,"",0,0.0,-5,-4.9,-1,-1.0,25,32.9,29042,3.7,13080,18.0,-290,-16.4,-19,-2.9
"36121","5","1022","73","0","2016","4","","Wyoming County, New York","Private","1022 Information","County, by Supersector -- by ownership sector","All establishment sizes",13,96,93,97,550301,63423,1096,444,"",0.89,0.36,0.35,0.37,0.12,0.39,0.16,0.32,"",0,0.0,-1,-1.0,-4,-4.1,-8,-7.6,8961,1.7,-6767,-9.6,-605,-35.6,26,6.2
"36121","5","1023","73","0","2016","1","","Wyoming County, New York","Private","1023 Financial activities","County, by Supersector -- by ownership sector","All establishment sizes",54,273,272,265,2880157,1761380,45686,821,"",0.68,0.37,0.36,0.35,0.19,0.32,0.27,0.52,"",-1,-1.8,-39,-12.5,-39,-12.5,-39,-12.8,-541360,-15.8,-330095,-15.8,-16711,-26.8,-31,-3.6
"36121","5","1023","73","0","2016","2","","Wyoming County, New York","Private","1023 Financial activities","County, by Supersector -- by ownership sector","All establishment sizes",54,265,281,297,3023805,726931,20735,828,"",0.68,0.35,0.36,0.38,0.26,0.51,0.44,0.70,"",-2,-3.6,-27,-9.2,-20,-6.6,-27,-8.3,-161290,-5.1,61131,9.2,-1757,-7.8,26,3.2
"36121","5","1023","73","0","2016","3","","Wyoming County, New York","Private","1023 Financial activities","County, by Supersector -- by ownership sector","All establishment sizes",53,299,305,290,3318049,378201,11738,856,"",0.67,0.39,0.40,0.38,0.28,0.54,0.51,0.73,"",-3,-5.4,-18,-5.7,-11,-3.5,-12,-4.0,285480,9.4,-7289,-1.9,-1624,-12.2,108,14.4
"36121","5","1023","73","0","2016","4","","Wyoming County, New York","Private","1023 Financial activities","County, by Supersector -- by ownership sector","All establishment sizes",54,285,261,248,3127430,166309,5000,909,"",0.68,0.37,0.35,0.33,0.25,0.37,0.35,0.73,"",-1,-1.8,-25,-8.1,-33,-11.2,-35,-12.4,-261444,-7.7,-68867,-29.3,-4076,-44.9,27,3.1
"36121","5","1024","73","0","2016","1","","Wyoming County, New York","Private","1024 Professional and business services","County, by Supersector -- by ownership sector","All establishment sizes",79,1429,1443,1396,15640092,10949567,443517,846,"",0.49,0.77,0.77,0.74,0.63,0.91,1.00,0.83,"",-4,-4.8,-250,-14.9,-188,-11.5,-228,-14.0,-3479666,-18.2,-1602786,-12.8,-126674,-22.2,-48,-5.4
"36121","5","1024","73","0","2016","2","","Wyoming County, New York","Private","1024 Professional and business services","County, by Supersector -- by ownership sector","All establishment sizes",80,1395,1402,1420,14843787,3382264,145970,812,"",0.49,0.73,0.72,0.72,0.58,0.79,0.76,0.80,"",-4,-4.8,-162,-10.4,-171,-10.9,-129,-8.3,-2272779,-13.3,-26117,-0.8,-17683,-10.8,-32,-3.8
"36121","5","1024","73","0","2016","3","","Wyoming County, New York","Private","1024 Professional and business services","County, by Supersector -- by ownership sector","All establishment sizes",81,1379,1329,1317,14819977,1403535,68675,850,"",0.50,0.72,0.69,0.67,0.59,0.58,0.64,0.85,"",-2,-2.4,-169,-10.9,-210,-13.6,-200,-13.2,-657607,-4.2,-95444,-6.4,-13836,-16.8,74,9.5
"36121","5","1024","73","0","2016","4","","Wyoming County, New York","Private","1024 Professional and business services","County, by Supersector -- by ownership sector","All establishment sizes",81,1337,1333,1331,13872934,1027940,51517,800,"",0.50,0.68,0.70,0.70,0.54,0.60,0.72,0.77,"",-1,-1.2,-174,-11.5,-138,-9.4,-116,-8.0,-3619859,-20.7,-557441,-35.2,-31552,-38.0,-111,-12.2
"36121","5","1025","73","0","2016","1","","Wyoming County, New York","Private","1025 Education and health services","County, by Supersector -- by ownership sector","All establishment sizes",60,667,671,682,5229633,3327850,78140,597,"",0.41,0.33,0.33,0.33,0.31,0.53,0.44,0.93,"",-2,-3.2,4,0.6,0,0.0,0,0.0,44426,0.9,106451,3.3,-23761,-23.3,3,0.5
"36121","5","1025","73","0","2016","2","","Wyoming County, New York","Private","1025 Education and health services","County, by Supersector -- by ownership sector","All establishment sizes",60,674,661,651,5677430,1505712,38841,660,"",0.41,0.33,0.31,0.31,0.29,0.54,0.42,0.93,"",-2,-3.2,-19,-2.7,-27,-3.9,-27,-4.0,251456,4.6,28526,1.9,-10816,-21.8,52,8.6
"36121","5","1025","73","0","2016","3","","Wyoming County, New York","Private","1025 Education and health services","County, by Supersector -- by ownership sector","All establishment sizes",57,648,655,673,5722862,708864,16584,668,"",0.39,0.32,0.32,0.32,0.29,0.47,0.35,0.91,"",-4,-6.6,-20,-3.0,-16,-2.4,-11,-1.6,-189492,-3.2,-15090,-2.1,-6270,-27.4,-6,-0.9
"36121","5","1025","73","0","2016","4","","Wyoming County, New York","Private","1025 Education and health services","County, by Supersector -- by ownership sector","All establishment sizes",57,674,676,677,7114921,548342,12244,810,"",0.38,0.32,0.33,0.33,0.37,0.53,0.40,1.14,"",-4,-6.6,-8,-1.2,11,1.7,3,0.4,626579,9.7,448,0.1,-5430,-30.7,69,9.3
"36121","5","1026","73","0","2016","1","","Wyoming County, New York","Private","1026 Leisure and hospitality","County, by Supersector -- by ownership sector","All establishment sizes",92,780,787,867,2782968,2654946,84139,264,"",1.22,0.56,0.56,0.60,0.50,0.58,0.66,0.87,"",0,0.0,33,4.4,43,5.8,87,11.2,190568,7.4,159428,6.4,-1538,-1.8,1,0.4
"36121","5","1026","73","0","2016","2","","Wyoming County, New York","Private","1026 Leisure and hospitality","County, by Supersector -- by ownership sector","All establishment sizes",92,947,1087,1180,3863966,2924568,113900,277,"",1.21,0.64,0.70,0.74,0.59,0.93,1.07,0.85,"",0,0.0,6,0.6,-61,-5.3,-16,-1.3,214579,5.9,117610,4.2,-5710,-4.8,21,8.2
"36121","5","1026","73","0","2016","3","","Wyoming County, New York","Private","1026 Leisure and hospitality","County, by Supersector -- by ownership sector","All establishment sizes",91,1252,1319,1104,4781419,2707549,114206,300,"",1.20,0.81,0.86,0.72,0.71,1.33,1.73,0.89,"",-3,-3.2,36,3.0,-15,-1.1,-5,-0.5,371623,8.4,68084,2.6,-6421,-5.3,22,7.9
"36121","5","1026","73","0","2016","4","","Wyoming County, New York","Private","1026 Leisure and hospitality","County, by Supersector -- by ownership sector","All establishment sizes",91,1069,882,864,3458274,1144392,36811,284,"",1.20,0.71,0.61,0.60,0.54,0.88,0.99,0.84,"",-1,-1.1,-36,-3.3,-21,-2.3,-2,-0.2,-81420,-2.3,-158767,-12.2,-9593,-20.7,0,0.0
"36121","5","1027","73","0","2016","1","","Wyoming County, New York","Private","1027 Other services","County, by Supersector -- by ownership sector","All establishment sizes",102,530,532,528,2873844,2144450,89197,417,"",1.33,1.30,1.30,1.28,1.09,1.21,1.65,0.85,"",2,2.0,30,6.0,35,7.0,25,5.0,204560,7.7,139459,7.0,-8764,-8.9,6,1.5
"36121","5","1027","73","0","2016","2","","Wyoming County, New York","Private","1027 Other services","County, by Supersector -- by ownership sector","All establishment sizes",102,550,562,611,3135979,972363,36162,420,"",1.33,1.31,1.31,1.39,1.06,1.18,1.29,0.79,"",4,4.1,35,6.8,29,5.4,62,11.3,261124,9.1,24967,2.6,-6561,-15.4,5,1.2
"36121","5","1027","73","0","2016","3","","Wyoming County, New York","Private","1027 Other services","County, by Supersector -- by ownership sector","All establishment sizes",102,641,638,571,3415838,625824,23551,426,"",1.33,1.52,1.52,1.34,1.15,1.41,1.62,0.79,"",4,4.1,6,0.9,19,3.1,23,4.2,340785,11.1,76516,13.9,-1064,-4.3,32,8.1
"36121","5","1027","73","0","2016","4","","Wyoming County, New York","Private","1027 Other services","County, by Supersector -- by ownership sector","All establishment sizes",102,561,550,544,3139536,410690,15601,438,"",1.33,1.31,1.33,1.33,1.11,1.39,1.70,0.83,"",3,3.0,11,2.0,17,3.2,10,1.9,-178526,-5.4,-28993,-6.6,-5455,-25.9,-36,-7.6
"36121","5","1029","73","0","2016","1","","Wyoming County, New York","Private","1029 Unclassified","County, by Supersector -- by ownership sector","All establishment sizes",21,24,26,24,170176,164018,4183,531,"",1.11,1.09,1.13,1.01,0.82,1.35,0.82,0.76,"",0,0.0,9,60.0,5,23.8,7,41.2,12468,7.9,39316,31.5,-2867,-40.7,-156,-22.7
"36121","5","1029","73","0","2016","2","","Wyoming County, New York","Private","1029 Unclassified","County, by Supersector -- by ownership sector","All establishment sizes",24,20,38,29,158978,108177,5090,422,"",1.21,0.89,1.58,1.16,0.71,1.73,1.52,0.58,"",2,9.1,1,5.3,13,52.0,3,11.5,-1366,-0.9,9370,9.5,1085,27.1,-107,-20.2
"36121","5","1029","73","0","2016","3","","Wyoming County, New York","Private","1029 Unclassified","County, by Supersector -- by ownership sector","All establishment sizes",25,21,20,24,90667,46231,1767,322,"",1.09,0.76,0.71,0.81,0.36,0.92,0.67,0.47,"",1,4.2,-14,-40.0,-12,-37.5,-6,-20.0,-87888,-49.2,-1696,-3.5,-172,-8.9,-103,-24.2
"36121","5","1029","73","0","2016","4","","Wyoming County, New York","Private","1029 Unclassified","County, by Supersector -- by ownership sector","All establishment sizes",29,30,28,22,110256,54854,2104,318,"",1.25,1.05,0.98,0.76,0.34,1.23,0.97,0.36,"",-1,-3.3,7,30.4,5,21.7,5,29.4,-22500,-16.9,-3256,-5.6,-194,-8.4,-168,-34.6
"36121","5","11","74","0","2016","1","N","Wyoming County, New York","Private","NAICS 11 Agriculture, forestry, fishing and hunting","County, NAICS Sector -- by ownership sector","All establishment sizes",69,0,0,0,0,0,0,0,"N",7.21,0,0,0,0,0,0,0,"N",4,6.2,0,0,0,0,0,0,0,0,0,0,0,0,0,0
"36121","5","11","74","0","2016","2","N","Wyoming County, New York","Private","NAICS 11 Agriculture, forestry, fishing and hunting","County, NAICS Sector -- by ownership sector","All establishment sizes",68,0,0,0,0,0,0,0,"N",7.12,0,0,0,0,0,0,0,"N",1,1.5,0,0,0,0,0,0,0,0,0,0,0,0,0,0
"36121","5","11","74","0","2016","3","N","Wyoming County, New York","Private","NAICS 11 Agriculture, forestry, fishing and hunting","County, NAICS Sector -- by ownership sector","All establishment sizes",69,0,0,0,0,0,0,0,"N",7.24,0,0,0,0,0,0,0,"N",2,3.0,0,0,0,0,0,0,0,0,0,0,0,0,0,0
"36121","5","11","74","0","2016","4","N","Wyoming County, New York","Private","NAICS 11 Agriculture, forestry, fishing and hunting","County, NAICS Sector -- by ownership sector","All establishment sizes",69,0,0,0,0,0,0,0,"N",7.25,0,0,0,0,0,0,0,"N",2,3.0,0,0,0,0,0,0,0,0,0,0,0,0,0,0
"36121","5","111","75","0","2016","1","","Wyoming County, New York","Private","NAICS 111 Crop production","County, NAICS 3-digit -- by ownership sector","All establishment sizes",6,158,154,156,1402523,1200986,71616,692,"",1.37,3.67,3.47,3.28,5.89,5.91,8.57,1.70,"",0,0.0,2,1.3,-2,-1.3,-1,-0.6,76309,5.8,58179,5.1,1303,1.9,39,6.0
"36121","5","111","75","0","2016","2","","Wyoming County, New York","Private","NAICS 111 Crop production","County, NAICS 3-digit -- by ownership sector","All establishment sizes",6,177,194,197,2031956,644981,43315,826,"",1.38,3.28,3.36,3.15,5.77,3.82,4.74,1.77,"",0,0.0,9,5.4,4,2.1,21,11.9,-26862,-1.3,86412,15.5,6142,16.5,-64,-7.2
"36121","5","111","75","0","2016","3","","Wyoming County, New York","Private","NAICS 111 Crop production","County, NAICS 3-digit -- by ownership sector","All establishment sizes",6,184,177,231,2094860,422739,27623,817,"",1.38,3.07,3.03,3.80,5.70,3.68,4.92,1.73,"",0,0.0,15,8.9,-26,-12.8,-23,-9.1,133742,6.8,-21590,-4.9,-4081,-12.9,94,13.0
"36121","5","111","75","0","2016","4","","Wyoming County, New York","Private","NAICS 111 Crop production","County, NAICS 3-digit -- by ownership sector","All establishment sizes",6,233,174,150,2374348,262743,16900,984,"",1.38,3.94,3.43,3.31,7.29,4.04,6.24,2.03,"",0,0.0,-34,-12.7,-37,-17.5,-16,-9.6,180953,8.2,-178226,-40.4,-15063,-47.1,198,25.2
"36121","5","1111","76","0","2016","1","N","Wyoming County, New York","Private","NAICS 1111 Oilseed and grain farming","County, NAICS 4-digit -- by ownership sector","All establishment sizes",1,0,0,0,0,0,0,0,"N",0.87,0,0,0,0,0,0,0,"N",0,0.0,0,0,0,0,0,0,0,0,0,0,0,0,0,0
"36121","5","1111","76","0","2016","2","N","Wyoming County, New York","Private","NAICS 1111 Oilseed and grain farming","County, NAICS 4-digit -- by ownership sector","All establishment sizes",1,0,0,0,0,0,0,0,"N",0.88,0,0,0,0,0,0,0,"N",0,0.0,0,0,0,0,0,0,0,0,0,0,0,0,0,0
"36121","5","1111","76","0","2016","3","N","Wyoming County, New York","Private","NAICS 1111 Oilseed and grain farming","County, NAICS 4-digit -- by ownership sector","All establishment sizes",1,0,0,0,0,0,0,0,"N",0.87,0,0,0,0,0,0,0,"N",0,0.0,0,0,0,0,0,0,0,0,0,0,0,0,0,0
"36121","5","1111","76","0","2016","4","N","Wyoming County, New York","Private","NAICS 1111 Oilseed and grain farming","County, NAICS 4-digit -- by ownership sector","All establishment sizes",1,0,0,0,0,0,0,0,"N",0.87,0,0,0,0,0,0,0,"N",0,0.0,0,0,0,0,0,0,0,0,0,0,0,0,0,0
"36121","5","11119","77","0","2016","1","N","Wyoming County, New York","Private","NAICS 11119 Other grain farming","County, NAICS 5-digit -- by ownership sector","All establishment sizes",1,0,0,0,0,0,0,0,"N",2.15,0,0,0,0,0,0,0,"N",0,0.0,0,0,0,0,0,0,0,0,0,0,0,0,0,0
"36121","5","11119","77","0","2016","2","N","Wyoming County, New York","Private","NAICS 11119 Other grain farming","County, NAICS 5-digit -- by ownership sector","All establishment sizes",1,0,0,0,0,0,0,0,"N",2.16,0,0,0,0,0,0,0,"N",0,0.0,0,0,0,0,0,0,0,0,0,0,0,0,0,0
"36121","5","11119","77","0","2016","3","N","Wyoming County, New York","Private","NAICS 11119 Other grain farming","County, NAICS 5-digit -- by ownership sector","All establishment sizes",1,0,0,0,0,0,0,0,"N",2.15,0,0,0,0,0,0,0,"N",0,0.0,0,0,0,0,0,0,0,0,0,0,0,0,0,0
"36121","5","11119","77","0","2016","4","N","Wyoming County, New York","Private","NAICS 11119 Other grain farming","County, NAICS 5-digit -- by ownership sector","All establishment sizes",1,0,0,0,0,0,0,0,"N",2.14,0,0,0,0,0,0,0,"N",0,0.0,0,0,0,0,0,0,0,0,0,0,0,0,0,0
"36121","5","111191","78","0","2016","1","N","Wyoming County, New York","Private","NAICS 111191 Oilseed and grain combination farming","County, NAICS 6-digit -- by ownership sector","All establishment sizes",1,0,0,0,0,0,0,0,"N",2.71,0,0,0,0,0,0,0,"N",0,0.0,0,0,0,0,0,0,0,0,0,0,0,0,0,0
"36121","5","111191","78","0","2016","2","N","Wyoming County, New York","Private","NAICS 111191 Oilseed and grain combination farming","County, NAICS 6-digit -- by ownership sector","All establishment sizes",1,0,0,0,0,0,0,0,"N",2.72,0,0,0,0,0,0,0,"N",0,0.0,0,0,0,0,0,0,0,0,0,0,0,0,0,0
"36121","5","111191","78","0","2016","3","N","Wyoming County, New York","Private","NAICS 111191 Oilseed and grain combination farming","County, NAICS 6-digit -- by ownership sector","All establishment sizes",1,0,0,0,0,0,0,0,"N",2.70,0,0,0,0,0,0,0,"N",0,0.0,0,0,0,0,0,0,0,0,0,0,0,0,0,0
"36121","5","111191","78","0","2016","4","N","Wyoming County, New York","Private","NAICS 111191 Oilseed and grain combination farming","County, NAICS 6-digit -- by ownership sector","All establishment sizes",1,0,0,0,0,0,0,0,"N",2.69,0,0,0,0,0,0,0,"N",0,0.0,0,0,0,0,0,0,0,0,0,0,0,0,0,0
"36121","5","1112","76","0","2016","1","","Wyoming County, New York","Private","NAICS 1112 Vegetable and melon farming","County, NAICS 4-digit -- by ownership sector","All establishment sizes",3,93,91,92,783625,675004,48774,655,"",6.74,11.89,11.76,11.47,18.52,19.63,28.00,1.58,"N",0,0.0,0,0,0,0,0,0,0,0,0,0,0,0,0,0
"36121","5","1112","76","0","2016","2","N","Wyoming County, New York","Private","NAICS 1112 Vegetable and melon farming","County, NAICS 4-digit -- by ownership sector","All establishment sizes",3,0,0,0,0,0,0,0,"N",6.72,0,0,0,0,0,0,0,"N",0,0.0,0,0,0,0,0,0,0,0,0,0,0,0,0,0
"36121","5","1112","76","0","2016","3","","Wyoming County, New York","Private","NAICS 1112 Vegetable and melon farming","County, NAICS 4-digit -- by ownership sector","All establishment sizes",3,96,95,143,1043113,256231,18695,721,"",6.74,9.72,9.58,13.09,15.58,12.54,15.85,1.43,"",0,0.0,14,17.1,-27,-22.1,-25,-14.9,34313,3.4,-68847,-21.2,-6731,-26.5,95,15.2
"36121","5","1112","76","0","2016","4","N","Wyoming County, New York","Private","NAICS 1112 Vegetable and melon farming","County, NAICS 4-digit -- by ownership sector","All establishment sizes",3,0,0,0,0,0,0,0,"N",6.76,0,0,0,0,0,0,0,"N",0,0.0,0,0,0,0,0,0,0,0,0,0,0,0,0,0
"36121","5","11121","77","0","2016","1","","Wyoming County, New York","Private","NAICS 11121 Vegetable and melon farming","County, NAICS 5-digit -- by ownership sector","All establishment sizes",3,93,91,92,783625,675004,48774,655,"",6.74,11.89,11.76,11.47,18.52,19.63,28.00,1.58,"N",0,0.0,0,0,0,0,0,0,0,0,0,0,0,0,0,0
"36121","5","11121","77","0","2016","2","N","Wyoming County, New York","Private","NAICS 11121 Vegetable and melon farming","County, NAICS 5-digit -- by ownership sector","All establishment sizes",3,0,0,0,0,0,0,0,"N",6.72,0,0,0,0,0,0,0,"N",0,0.0,0,0,0,0,0,0,0,0,0,0,0,0,0,0
"36121","5","11121","77","0","2016","3","","Wyoming County, New York","Private","NAICS 11121 Vegetable and melon farming","County, NAICS 5-digit -- by ownership sector","All establishment sizes",3,96,95,143,1043113,256231,18695,721,"",6.74,9.72,9.58,13.09,15.58,12.54,15.85,1.43,"",0,0.0,14,17.1,-27,-22.1,-25,-14.9,34313,3.4,-68847,-21.2,-6731,-26.5,95,15.2
"36121","5","11121","77","0","2016","4","N","Wyoming County, New York","Private","NAICS 11121 Vegetable and melon farming","County, NAICS 5-digit -- by ownership sector","All establishment sizes",3,0,0,0,0,0,0,0,"N",6.76,0,0,0,0,0,0,0,"N",0,0.0,0,0,0,0,0,0,0,0,0,0,0,0,0,0
"36121","5","111211","78","0","2016","1","","Wyoming County, New York","Private","NAICS 111211 Potato farming","County, NAICS 6-digit -- by ownership sector","All establishment sizes",3,93,91,92,783625,675004,48774,655,"",29.99,84.87,80.91,72.37,116.38,109.46,189.56,1.47,"N",0,0.0,0,0,0,0,0,0,0,0,0,0,0,0,0,0
"36121","5","111211","78","0","2016","2","N","Wyoming County, New York","Private","NAICS 111211 Potato farming","County, NAICS 6-digit -- by ownership sector","All establishment sizes",3,0,0,0,0,0,0,0,"N",30.31,0,0,0,0,0,0,0,"N",0,0.0,0,0,0,0,0,0,0,0,0,0,0,0,0,0
"36121","5","111211","78","0","2016","3","","Wyoming County, New York","Private","NAICS 111211 Potato farming","County, NAICS 6-digit -- by ownership sector","All establishment sizes",3,96,95,143,1043113,256231,18695,721,"",30.45,61.04,57.82,64.01,89.94,51.13,75.91,1.47,"",0,0.0,14,17.1,-27,-22.1,-25,-14.9,34313,3.4,-68847,-21.2,-6731,-26.5,95,15.2
"36121","5","111211","78","0","2016","4","N","Wyoming County, New York","Private","NAICS 111211 Potato farming","County, NAICS 6-digit -- by ownership sector","All establishment sizes",3,0,0,0,0,0,0,0,"N",30.57,0,0,0,0,0,0,0,"N",0,0.0,0,0,0,0,0,0,0,0,0,0,0,0,0,0
"36121","5","1119","76","0","2016","1","N","Wyoming County, New York","Private","NAICS 1119 Other crop farming","County, NAICS 4-digit -- by ownership sector","All establishment sizes",2,0,0,0,0,0,0,0,"N",2.19,0,0,0,0,0,0,0,"N",0,0.0,0,0,0,0,0,0,0,0,0,0,0,0,0,0
"36121","5","1119","76","0","2016","2","N","Wyoming County, New York","Private","NAICS 1119 Other crop farming","County, NAICS 4-digit -- by ownership sector","All establishment sizes",2,0,0,0,0,0,0,0,"N",2.19,0,0,0,0,0,0,0,"N",0,0.0,0,0,0,0,0,0,0,0,0,0,0,0,0,0
"36121","5","1119","76","0","2016","3","N","Wyoming County, New York","Private","NAICS 1119 Other crop farming","County, NAICS 4-digit -- by ownership sector","All establishment sizes",2,0,0,0,0,0,0,0,"N",2.18,0,0,0,0,0,0,0,"N",0,0.0,0,0,0,0,0,0,0,0,0,0,0,0,0,0
"36121","5","1119","76","0","2016","4","N","Wyoming County, New York","Private","NAICS 1119 Other crop farming","County, NAICS 4-digit -- by ownership sector","All establishment sizes",2,0,0,0,0,0,0,0,"N",2.18,0,0,0,0,0,0,0,"N",0,0.0,0,0,0,0,0,0,0,0,0,0,0,0,0,0
"36121","5","11194","77","0","2016","1","N","Wyoming County, New York","Private","NAICS 11194 Hay farming","County, NAICS 5-digit -- by ownership sector","All establishment sizes",1,0,0,0,0,0,0,0,"N",5.98,0,0,0,0,0,0,0,"N",0,0.0,0,0,0,0,0,0,0,0,0,0,0,0,0,0
"36121","5","11194","77","0","2016","2","N","Wyoming County, New York","Private","NAICS 11194 Hay farming","County, NAICS 5-digit -- by ownership sector","All establishment sizes",1,0,0,0,0,0,0,0,"N",6.00,0,0,0,0,0,0,0,"N",0,0.0,0,0,0,0,0,0,0,0,0,0,0,0,0,0
"36121","5","11194","77","0","2016","3","N","Wyoming County, New York","Private","NAICS 11194 Hay farming","County, NAICS 5-digit -- by ownership sector","All establishment sizes",1,0,0,0,0,0,0,0,"N",6.04,0,0,0,0,0,0,0,"N",0,0.0,0,0,0,0,0,0,0,0,0,0,0,0,0,0
"36121","5","11194","77","0","2016","4","N","Wyoming County, New York","Private","NAICS 11194 Hay farming","County, NAICS 5-digit -- by ownership sector","All establishment sizes",1,0,0,0,0,0,0,0,"N",6.10,0,0,0,0,0,0,0,"N",0,0.0,0,0,0,0,0,0,0,0,0,0,0,0,0,0
"36121","5","111940","78","0","2016","1","N","Wyoming County, New York","Private","NAICS 111940 Hay farming","County, NAICS 6-digit -- by ownership sector","All establishment sizes",1,0,0,0,0,0,0,0,"N",5.98,0,0,0,0,0,0,0,"N",0,0.0,0,0,0,0,0,0,0,0,0,0,0,0,0,0
"36121","5","111940","78","0","2016","2","N","Wyoming County, New York","Private","NAICS 111940 Hay farming","County, NAICS 6-digit -- by ownership sector","All establishment sizes",1,0,0,0,0,0,0,0,"N",6.00,0,0,0,0,0,0,0,"N",0,0.0,0,0,0,0,0,0,0,0,0,0,0,0,0,0
"36121","5","111940","78","0","2016","3","N","Wyoming County, New York","Private","NAICS 111940 Hay farming","County, NAICS 6-digit -- by ownership sector","All establishment sizes",1,0,0,0,0,0,0,0,"N",6.04,0,0,0,0,0,0,0,"N",0,0.0,0,0,0,0,0,0,0,0,0,0,0,0,0,0
"36121","5","111940","78","0","2016","4","N","Wyoming County, New York","Private","NAICS 111940 Hay farming","County, NAICS 6-digit -- by ownership sector","All establishment sizes",1,0,0,0,0,0,0,0,"N",6.10,0,0,0,0,0,0,0,"N",0,0.0,0,0,0,0,0,0,0,0,0,0,0,0,0,0
"36121","5","11199","77","0","2016","1","N","Wyoming County, New York","Private","NAICS 11199 All other crop farming","County, NAICS 5-digit -- by ownership sector","All establishment sizes",1,0,0,0,0,0,0,0,"N",2.58,0,0,0,0,0,0,0,"N",0,0.0,0,0,0,0,0,0,0,0,0,0,0,0,0,0
"36121","5","11199","77","0","2016","2","N","Wyoming County, New York","Private","NAICS 11199 All other crop farming","County, NAICS 5-digit -- by ownership sector","All establishment sizes",1,0,0,0,0,0,0,0,"N",2.54,0,0,0,0,0,0,0,"N",0,0.0,0,0,0,0,0,0,0,0,0,0,0,0,0,0
"36121","5","11199","77","0","2016","3","N","Wyoming County, New York","Private","NAICS 11199 All other crop farming","County, NAICS 5-digit -- by ownership sector","All establishment sizes",1,0,0,0,0,0,0,0,"N",2.50,0,0,0,0,0,0,0,"N",0,0.0,0,0,0,0,0,0,0,0,0,0,0,0,0,0
"36121","5","11199","77","0","2016","4","N","Wyoming County, New York","Private","NAICS 11199 All other crop farming","County, NAICS 5-digit -- by ownership sector","All establishment sizes",1,0,0,0,0,0,0,0,"N",2.47,0,0,0,0,0,0,0,"N",0,0.0,0,0,0,0,0,0,0,0,0,0,0,0,0,0
"36121","5","111998","78","0","2016","1","N","Wyoming County, New York","Private","NAICS 111998 All other miscellaneous crop farming","County, NAICS 6-digit -- by ownership sector","All establishment sizes",1,0,0,0,0,0,0,0,"N",2.97,0,0,0,0,0,0,0,"N",0,0.0,0,0,0,0,0,0,0,0,0,0,0,0,0,0
"36121","5","111998","78","0","2016","2","N","Wyoming County, New York","Private","NAICS 111998 All other miscellaneous crop farming","County, NAICS 6-digit -- by ownership sector","All establishment sizes",1,0,0,0,0,0,0,0,"N",2.92,0,0,0,0,0,0,0,"N",0,0.0,0,0,0,0,0,0,0,0,0,0,0,0,0,0
"36121","5","111998","78","0","2016","3","N","Wyoming County, New York","Private","NAICS 111998 All other miscellaneous crop farming","County, NAICS 6-digit -- by ownership sector","All establishment sizes",1,0,0,0,0,0,0,0,"N",2.87,0,0,0,0,0,0,0,"N",0,0.0,0,0,0,0,0,0,0,0,0,0,0,0,0,0
"36121","5","111998","78","0","2016","4","N","Wyoming County, New York","Private","NAICS 111998 All other miscellaneous crop farming","County, NAICS 6-digit -- by ownership sector","All establishment sizes",1,0,0,0,0,0,0,0,"N",2.82,0,0,0,0,0,0,0,"N",0,0.0,0,0,0,0,0,0,0,0,0,0,0,0,0,0
"36121","5","112","75","0","2016","1","","Wyoming County, New York","Private","NAICS 112 Animal production and aquaculture","County, NAICS 3-digit -- by ownership sector","All establishment sizes",55,752,741,745,6151448,5828738,138358,634,"",23.49,31.34,30.82,30.65,39.36,42.65,51.70,1.27,"",3,5.8,2,0.3,3,0.4,6,0.8,304666,5.2,247204,4.4,-20114,-12.7,28,4.6
"36121","5","112","75","0","2016","2","","Wyoming County, New York","Private","NAICS 112 Animal production and aquaculture","County, NAICS 3-digit -- by ownership sector","All establishment sizes",55,780,785,771,6672468,2155022,55636,659,"",23.57,31.68,30.99,29.65,38.31,29.54,36.96,1.24,"",1,1.9,-4,-0.5,-11,-1.4,-33,-4.1,32642,0.5,-260230,-10.8,-17890,-24.3,16,2.5
"36121","5","112","75","0","2016","3","","Wyoming County, New York","Private","NAICS 112 Animal production and aquaculture","County, NAICS 3-digit -- by ownership sector","All establishment sizes",56,775,768,808,6988297,1282215,34368,686,"",24.07,30.97,30.89,31.97,39.73,32.20,43.54,1.27,"",2,3.7,-34,-4.2,-30,-3.8,-7,-0.9,287235,4.3,-9686,-0.7,-6836,-16.6,48,7.5
"36121","5","112","75","0","2016","4","","Wyoming County, New York","Private","NAICS 112 Animal production and aquaculture","County, NAICS 3-digit -- by ownership sector","All establishment sizes",56,798,770,752,6954644,1012340,27428,692,"",24.11,31.63,31.71,31.13,40.09,39.26,57.02,1.27,"",2,3.7,-15,-1.8,-14,-1.8,-24,-3.1,-244964,-3.4,-184783,-15.4,-10505,-27.7,-8,-1.1
"36121","5","1121","76","0","2016","1","N","Wyoming County, New York","Private","NAICS 1121 Cattle ranching and farming","County, NAICS 4-digit -- by ownership sector","All establishment sizes",54,0,0,0,0,0,0,0,"N",35.11,0,0,0,0,0,0,0,"N",3,5.9,0,0,0,0,0,0,0,0,0,0,0,0,0,0
"36121","5","1121","76","0","2016","2","N","Wyoming County, New York","Private","NAICS 1121 Cattle ranching and farming","County, NAICS 4-digit -- by ownership sector","All establishment sizes",54,0,0,0,0,0,0,0,"N",35.20,0,0,0,0,0,0,0,"N",1,1.9,0,0,0,0,0,0,0,0,0,0,0,0,0,0
"36121","5","1121","76","0","2016","3","N","Wyoming County, New York","Private","NAICS 1121 Cattle ranching and farming","County, NAICS 4-digit -- by ownership sector","All establishment sizes",54,0,0,0,0,0,0,0,"N",35.31,0,0,0,0,0,0,0,"N",1,1.9,0,0,0,0,0,0,0,0,0,0,0,0,0,0
"36121","5","1121","76","0","2016","4","N","Wyoming County, New York","Private","NAICS 1121 Cattle ranching and farming","County, NAICS 4-digit -- by ownership sector","All establishment sizes",54,0,0,0,0,0,0,0,"N",35.44,0,0,0,0,0,0,0,"N",1,1.9,0,0,0,0,0,0,0,0,0,0,0,0,0,0
"36121","5","11211","77","0","2016","1","N","Wyoming County, New York","Private","NAICS 11211 Beef cattle ranching, farming, and feedlots","County, NAICS 5-digit -- by ownership sector","All establishment sizes",2,0,0,0,0,0,0,0,"N",2.29,0,0,0,0,0,0,0,"N",-1,-33.3,0,0,0,0,0,0,0,0,0,0,0,0,0,0
"36121","5","11211","77","0","2016","2","N","Wyoming County, New York","Private","NAICS 11211 Beef cattle ranching, farming, and feedlots","County, NAICS 5-digit -- by ownership sector","All establishment sizes",2,0,0,0,0,0,0,0,"N",2.29,0,0,0,0,0,0,0,"N",-1,-33.3,0,0,0,0,0,0,0,0,0,0,0,0,0,0
"36121","5","11211","77","0","2016","3","N","Wyoming County, New York","Private","NAICS 11211 Beef cattle ranching, farming, and feedlots","County, NAICS 5-digit -- by ownership sector","All establishment sizes",2,0,0,0,0,0,0,0,"N",2.29,0,0,0,0,0,0,0,"N",-1,-33.3,0,0,0,0,0,0,0,0,0,0,0,0,0,0
"36121","5","11211","77","0","2016","4","N","Wyoming County, New York","Private","NAICS 11211 Beef cattle ranching, farming, and feedlots","County, NAICS 5-digit -- by ownership sector","All establishment sizes",2,0,0,0,0,0,0,0,"N",2.29,0,0,0,0,0,0,0,"N",-1,-33.3,0,0,0,0,0,0,0,0,0,0,0,0,0,0
"36121","5","112111","78","0","2016","1","N","Wyoming County, New York","Private","NAICS 112111 Beef cattle ranching and farming","County, NAICS 6-digit -- by ownership sector","All establishment sizes",2,0,0,0,0,0,0,0,"N",2.59,0,0,0,0,0,0,0,"N",-1,-33.3,0,0,0,0,0,0,0,0,0,0,0,0,0,0
"36121","5","112111","78","0","2016","2","N","Wyoming County, New York","Private","NAICS 112111 Beef cattle ranching and farming","County, NAICS 6-digit -- by ownership sector","All establishment sizes",2,0,0,0,0,0,0,0,"N",2.59,0,0,0,0,0,0,0,"N",-1,-33.3,0,0,0,0,0,0,0,0,0,0,0,0,0,0
"36121","5","112111","78","0","2016","3","N","Wyoming County, New York","Private","NAICS 112111 Beef cattle ranching and farming","County, NAICS 6-digit -- by ownership sector","All establishment sizes",2,0,0,0,0,0,0,0,"N",2.59,0,0,0,0,0,0,0,"N",-1,-33.3,0,0,0,0,0,0,0,0,0,0,0,0,0,0
"36121","5","112111","78","0","2016","4","N","Wyoming County, New York","Private","NAICS 112111 Beef cattle ranching and farming","County, NAICS 6-digit -- by ownership sector","All establishment sizes",2,0,0,0,0,0,0,0,"N",2.59,0,0,0,0,0,0,0,"N",-1,-33.3,0,0,0,0,0,0,0,0,0,0,0,0,0,0
"36121","5","11212","77","0","2016","1","","Wyoming County, New York","Private","NAICS 11212 Dairy cattle and milk production","County, NAICS 5-digit -- by ownership sector","All establishment sizes",52,737,726,730,6061865,5774650,136484,638,"",78.27,75.82,74.81,74.71,104.93,107.58,118.79,1.40,"",4,8.3,33,4.7,34,4.9,35,5.0,522398,9.4,496007,9.4,-15628,-10.3,27,4.4
"36121","5","11212","77","0","2016","2","","Wyoming County, New York","Private","NAICS 11212 Dairy cattle and milk production","County, NAICS 5-digit -- by ownership sector","All establishment sizes",52,769,778,763,6603826,2124374,54069,660,"",78.88,77.60,76.10,73.20,100.38,74.94,89.59,1.33,"",2,4.0,36,4.9,29,3.9,12,1.6,322024,5.1,-139511,-6.2,-15589,-22.4,11,1.7
"36121","5","11212","77","0","2016","3","","Wyoming County, New York","Private","NAICS 11212 Dairy cattle and milk production","County, NAICS 5-digit -- by ownership sector","All establishment sizes",52,757,751,789,6858129,1224771,31559,689,"",79.41,75.53,74.90,76.97,105.19,73.93,96.88,1.39,"",2,4.0,1,0.1,5,0.7,27,3.5,510354,8.0,29801,2.5,-6121,-16.2,42,6.5
"36121","5","11212","77","0","2016","4","","Wyoming County, New York","Private","NAICS 11212 Dairy cattle and milk production","County, NAICS 5-digit -- by ownership sector","All establishment sizes",52,774,746,728,6814702,989594,26015,700,"",80.04,75.94,76.01,74.66,108.18,86.67,125.80,1.43,"",2,4.0,13,1.7,12,1.6,2,0.3,-35232,-0.5,-140715,-12.4,-9965,-27.7,-12,-1.7
"36121","5","112120","78","0","2016","1","","Wyoming County, New York","Private","NAICS 112120 Dairy cattle and milk production","County, NAICS 6-digit -- by ownership sector","All establishment sizes",52,737,726,730,6061865,5774650,136484,638,"",78.27,75.82,74.81,74.71,104.93,107.58,118.79,1.40,"",4,8.3,33,4.7,34,4.9,35,5.0,522398,9.4,496007,9.4,-15628,-10.3,27,4.4
"36121","5","112120","78","0","2016","2","","Wyoming County, New York","Private","NAICS 112120 Dairy cattle and milk production","County, NAICS 6-digit -- by ownership sector","All establishment sizes",52,769,778,763,6603826,2124374,54069,660,"",78.88,77.60,76.10,73.20,100.38,74.94,89.59,1.33,"",2,4.0,36,4.9,29,3.9,12,1.6,322024,5.1,-139511,-6.2,-15589,-22.4,11,1.7
"36121","5","112120","78","0","2016","3","","Wyoming County, New York","Private","NAICS 112120 Dairy cattle and milk production","County, NAICS 6-digit -- by ownership sector","All establishment sizes",52,757,751,789,6858129,1224771,31559,689,"",79.41,75.53,74.90,76.97,105.19,73.93,96.88,1.39,"",2,4.0,1,0.1,5,0.7,27,3.5,510354,8.0,29801,2.5,-6121,-16.2,42,6.5
"36121","5","112120","78","0","2016","4","","Wyoming County, New York","Private","NAICS 112120 Dairy cattle and milk production","County, NAICS 6-digit -- by ownership sector","All establishment sizes",52,774,746,728,6814702,989594,26015,700,"",80.04,75.94,76.01,74.66,108.18,86.67,125.80,1.43,"",2,4.0,13,1.7,12,1.6,2,0.3,-35232,-0.5,-140715,-12.4,-9965,-27.7,-12,-1.7
"36121","5","1123","76","0","2016","1","-","Wyoming County, New York","Private","NAICS 1123 Poultry and egg production","County, NAICS 4-digit -- by ownership sector","All establishment sizes",0,0,0,0,0,0,0,0,"N",0.00,0,0,0,0,0,0,0,"N",0,0,0,0,0,0,0,0,0,0,0,0,0,0,0,0
"36121","5","1123","76","0","2016","2","-","Wyoming County, New York","Private","NAICS 1123 Poultry and egg production","County, NAICS 4-digit -- by ownership sector","All establishment sizes",0,0,0,0,0,0,0,0,"N",0.00,0,0,0,0,0,0,0,"N",0,0,0,0,0,0,0,0,0,0,0,0,0,0,0,0
"36121","5","1123","76","0","2016","3","N","Wyoming County, New York","Private","NAICS 1123 Poultry and egg production","County, NAICS 4-digit -- by ownership sector","All establishment sizes",1,0,0,0,0,0,0,0,"N",5.49,0,0,0,0,0,0,0,"N",1,100.0,0,0,0,0,0,0,0,0,0,0,0,0,0,0
"36121","5","1123","76","0","2016","4","N","Wyoming County, New York","Private","NAICS 1123 Poultry and egg production","County, NAICS 4-digit -- by ownership sector","All establishment sizes",1,0,0,0,0,0,0,0,"N",5.48,0,0,0,0,0,0,0,"N",1,100.0,0,0,0,0,0,0,0,0,0,0,0,0,0,0
"36121","5","11231","77","0","2016","1","-","Wyoming County, New York","Private","NAICS 11231 Chicken egg production","County, NAICS 5-digit -- by ownership sector","All establishment sizes",0,0,0,0,0,0,0,0,"N",0.00,0,0,0,0,0,0,0,"N",0,0,0,0,0,0,0,0,0,0,0,0,0,0,0,0
"36121","5","11231","77","0","2016","2","-","Wyoming County, New York","Private","NAICS 11231 Chicken egg production","County, NAICS 5-digit -- by ownership sector","All establishment sizes",0,0,0,0,0,0,0,0,"N",0.00,0,0,0,0,0,0,0,"N",0,0,0,0,0,0,0,0,0,0,0,0,0,0,0,0
"36121","5","11231","77","0","2016","3","N","Wyoming County, New York","Private","NAICS 11231 Chicken egg production","County, NAICS 5-digit -- by ownership sector","All establishment sizes",1,0,0,0,0,0,0,0,"N",17.03,0,0,0,0,0,0,0,"N",1,100.0,0,0,0,0,0,0,0,0,0,0,0,0,0,0
"36121","5","11231","77","0","2016","4","N","Wyoming County, New York","Private","NAICS 11231 Chicken egg production","County, NAICS 5-digit -- by ownership sector","All establishment sizes",1,0,0,0,0,0,0,0,"N",16.94,0,0,0,0,0,0,0,"N",1,100.0,0,0,0,0,0,0,0,0,0,0,0,0,0,0
"36121","5","112310","78","0","2016","1","-","Wyoming County, New York","Private","NAICS 112310 Chicken egg production","County, NAICS 6-digit -- by ownership sector","All establishment sizes",0,0,0,0,0,0,0,0,"N",0.00,0,0,0,0,0,0,0,"N",0,0,0,0,0,0,0,0,0,0,0,0,0,0,0,0
"36121","5","112310","78","0","2016","2","-","Wyoming County, New York","Private","NAICS 112310 Chicken egg production","County, NAICS 6-digit -- by ownership sector","All establishment sizes",0,0,0,0,0,0,0,0,"N",0.00,0,0,0,0,0,0,0,"N",0,0,0,0,0,0,0,0,0,0,0,0,0,0,0,0
"36121","5","112310","78","0","2016","3","N","Wyoming County, New York","Private","NAICS 112310 Chicken egg production","County, NAICS 6-digit -- by ownership sector","All establishment sizes",1,0,0,0,0,0,0,0,"N",17.03,0,0,0,0,0,0,0,"N",1,100.0,0,0,0,0,0,0,0,0,0,0,0,0,0,0
"36121","5","112310","78","0","2016","4","N","Wyoming County, New York","Private","NAICS 112310 Chicken egg production","County, NAICS 6-digit -- by ownership sector","All establishment sizes",1,0,0,0,0,0,0,0,"N",16.94,0,0,0,0,0,0,0,"N",1,100.0,0,0,0,0,0,0,0,0,0,0,0,0,0,0
"36121","5","1129","76","0","2016","1","N","Wyoming County, New York","Private","NAICS 1129 Other animal production","County, NAICS 4-digit -- by ownership sector","All establishment sizes",1,0,0,0,0,0,0,0,"N",3.43,0,0,0,0,0,0,0,"N",0,0.0,0,0,0,0,0,0,0,0,0,0,0,0,0,0
"36121","5","1129","76","0","2016","2","N","Wyoming County, New York","Private","NAICS 1129 Other animal production","County, NAICS 4-digit -- by ownership sector","All establishment sizes",1,0,0,0,0,0,0,0,"N",3.44,0,0,0,0,0,0,0,"N",0,0.0,0,0,0,0,0,0,0,0,0,0,0,0,0,0
"36121","5","1129","76","0","2016","3","N","Wyoming County, New York","Private","NAICS 1129 Other animal production","County, NAICS 4-digit -- by ownership sector","All establishment sizes",1,0,0,0,0,0,0,0,"N",3.45,0,0,0,0,0,0,0,"N",0,0.0,0,0,0,0,0,0,0,0,0,0,0,0,0,0
"36121","5","1129","76","0","2016","4","N","Wyoming County, New York","Private","NAICS 1129 Other animal production","County, NAICS 4-digit -- by ownership sector","All establishment sizes",1,0,0,0,0,0,0,0,"N",3.45,0,0,0,0,0,0,0,"N",0,0.0,0,0,0,0,0,0,0,0,0,0,0,0,0,0
"36121","5","11291","77","0","2016","1","N","Wyoming County, New York","Private","NAICS 11291 Apiculture","County, NAICS 5-digit -- by ownership sector","All establishment sizes",1,0,0,0,0,0,0,0,"N",21.67,0,0,0,0,0,0,0,"N",0,0.0,0,0,0,0,0,0,0,0,0,0,0,0,0,0
"36121","5","11291","77","0","2016","2","N","Wyoming County, New York","Private","NAICS 11291 Apiculture","County, NAICS 5-digit -- by ownership sector","All establishment sizes",1,0,0,0,0,0,0,0,"N",21.14,0,0,0,0,0,0,0,"N",0,0.0,0,0,0,0,0,0,0,0,0,0,0,0,0,0
"36121","5","11291","77","0","2016","3","N","Wyoming County, New York","Private","NAICS 11291 Apiculture","County, NAICS 5-digit -- by ownership sector","All establishment sizes",1,0,0,0,0,0,0,0,"N",20.92,0,0,0,0,0,0,0,"N",0,0.0,0,0,0,0,0,0,0,0,0,0,0,0,0,0
"36121","5","11291","77","0","2016","4","N","Wyoming County, New York","Private","NAICS 11291 Apiculture","County, NAICS 5-digit -- by ownership sector","All establishment sizes",1,0,0,0,0,0,0,0,"N",20.89,0,0,0,0,0,0,0,"N",0,0.0,0,0,0,0,0,0,0,0,0,0,0,0,0,0
"36121","5","112910","78","0","2016","1","N","Wyoming County, New York","Private","NAICS 112910 Apiculture","County, NAICS 6-digit -- by ownership sector","All establishment sizes",1,0,0,0,0,0,0,0,"N",21.67,0,0,0,0,0,0,0,"N",0,0.0,0,0,0,0,0,0,0,0,0,0,0,0,0,0
"36121","5","112910","78","0","2016","2","N","Wyoming County, New York","Private","NAICS 112910 Apiculture","County, NAICS 6-digit -- by ownership sector","All establishment sizes",1,0,0,0,0,0,0,0,"N",21.14,0,0,0,0,0,0,0,"N",0,0.0,0,0,0,0,0,0,0,0,0,0,0,0,0,0
"36121","5","112910","78","0","2016","3","N","Wyoming County, New York","Private","NAICS 112910 Apiculture","County, NAICS 6-digit -- by ownership sector","All establishment sizes",1,0,0,0,0,0,0,0,"N",20.92,0,0,0,0,0,0,0,"N",0,0.0,0,0,0,0,0,0,0,0,0,0,0,0,0,0
"36121","5","112910","78","0","2016","4","N","Wyoming County, New York","Private","NAICS 112910 Apiculture","County, NAICS 6-digit -- by ownership sector","All establishment sizes",1,0,0,0,0,0,0,0,"N",20.89,0,0,0,0,0,0,0,"N",0,0.0,0,0,0,0,0,0,0,0,0,0,0,0,0,0
"36121","5","113","75","0","2016","1","N","Wyoming County, New York","Private","NAICS 113 Forestry and logging","County, NAICS 3-digit -- by ownership sector","All establishment sizes",1,0,0,0,0,0,0,0,"N",1.15,0,0,0,0,0,0,0,"N",0,0.0,0,0,0,0,0,0,0,0,0,0,0,0,0,0
"36121","5","113","75","0","2016","2","N","Wyoming County, New York","Private","NAICS 113 Forestry and logging","County, NAICS 3-digit -- by ownership sector","All establishment sizes",1,0,0,0,0,0,0,0,"N",1.16,0,0,0,0,0,0,0,"N",0,0.0,0,0,0,0,0,0,0,0,0,0,0,0,0,0
"36121","5","113","75","0","2016","3","N","Wyoming County, New York","Private","NAICS 113 Forestry and logging","County, NAICS 3-digit -- by ownership sector","All establishment sizes",1,0,0,0,0,0,0,0,"N",1.16,0,0,0,0,0,0,0,"N",0,0.0,0,0,0,0,0,0,0,0,0,0,0,0,0,0
"36121","5","113","75","0","2016","4","N","Wyoming County, New York","Private","NAICS 113 Forestry and logging","County, NAICS 3-digit -- by ownership sector","All establishment sizes",1,0,0,0,0,0,0,0,"N",1.17,0,0,0,0,0,0,0,"N",0,0.0,0,0,0,0,0,0,0,0,0,0,0,0,0,0
"36121","5","1133","76","0","2016","1","N","Wyoming County, New York","Private","NAICS 1133 Logging","County, NAICS 4-digit -- by ownership sector","All establishment sizes",1,0,0,0,0,0,0,0,"N",1.28,0,0,0,0,0,0,0,"N",0,0.0,0,0,0,0,0,0,0,0,0,0,0,0,0,0
"36121","5","1133","76","0","2016","2","N","Wyoming County, New York","Private","NAICS 1133 Logging","County, NAICS 4-digit -- by ownership sector","All establishment sizes",1,0,0,0,0,0,0,0,"N",1.29,0,0,0,0,0,0,0,"N",0,0.0,0,0,0,0,0,0,0,0,0,0,0,0,0,0
"36121","5","1133","76","0","2016","3","N","Wyoming County, New York","Private","NAICS 1133 Logging","County, NAICS 4-digit -- by ownership sector","All establishment sizes",1,0,0,0,0,0,0,0,"N",1.29,0,0,0,0,0,0,0,"N",0,0.0,0,0,0,0,0,0,0,0,0,0,0,0,0,0
"36121","5","1133","76","0","2016","4","N","Wyoming County, New York","Private","NAICS 1133 Logging","County, NAICS 4-digit -- by ownership sector","All establishment sizes",1,0,0,0,0,0,0,0,"N",1.30,0,0,0,0,0,0,0,"N",0,0.0,0,0,0,0,0,0,0,0,0,0,0,0,0,0
"36121","5","11331","77","0","2016","1","N","Wyoming County, New York","Private","NAICS 11331 Logging","County, NAICS 5-digit -- by ownership sector","All establishment sizes",1,0,0,0,0,0,0,0,"N",1.28,0,0,0,0,0,0,0,"N",0,0.0,0,0,0,0,0,0,0,0,0,0,0,0,0,0
"36121","5","11331","77","0","2016","2","N","Wyoming County, New York","Private","NAICS 11331 Logging","County, NAICS 5-digit -- by ownership sector","All establishment sizes",1,0,0,0,0,0,0,0,"N",1.29,0,0,0,0,0,0,0,"N",0,0.0,0,0,0,0,0,0,0,0,0,0,0,0,0,0
"36121","5","11331","77","0","2016","3","N","Wyoming County, New York","Private","NAICS 11331 Logging","County, NAICS 5-digit -- by ownership sector","All establishment sizes",1,0,0,0,0,0,0,0,"N",1.29,0,0,0,0,0,0,0,"N",0,0.0,0,0,0,0,0,0,0,0,0,0,0,0,0,0
"36121","5","11331","77","0","2016","4","N","Wyoming County, New York","Private","NAICS 11331 Logging","County, NAICS 5-digit -- by ownership sector","All establishment sizes",1,0,0,0,0,0,0,0,"N",1.30,0,0,0,0,0,0,0,"N",0,0.0,0,0,0,0,0,0,0,0,0,0,0,0,0,0
"36121","5","113310","78","0","2016","1","N","Wyoming County, New York","Private","NAICS 113310 Logging","County, NAICS 6-digit -- by ownership sector","All establishment sizes",1,0,0,0,0,0,0,0,"N",1.28,0,0,0,0,0,0,0,"N",0,0.0,0,0,0,0,0,0,0,0,0,0,0,0,0,0
"36121","5","113310","78","0","2016","2","N","Wyoming County, New York","Private","NAICS 113310 Logging","County, NAICS 6-digit -- by ownership sector","All establishment sizes",1,0,0,0,0,0,0,0,"N",1.29,0,0,0,0,0,0,0,"N",0,0.0,0,0,0,0,0,0,0,0,0,0,0,0,0,0
"36121","5","113310","78","0","2016","3","N","Wyoming County, New York","Private","NAICS 113310 Logging","County, NAICS 6-digit -- by ownership sector","All establishment sizes",1,0,0,0,0,0,0,0,"N",1.29,0,0,0,0,0,0,0,"N",0,0.0,0,0,0,0,0,0,0,0,0,0,0,0,0,0
"36121","5","113310","78","0","2016","4","N","Wyoming County, New York","Private","NAICS 113310 Logging","County, NAICS 6-digit -- by ownership sector","All establishment sizes",1,0,0,0,0,0,0,0,"N",1.30,0,0,0,0,0,0,0,"N",0,0.0,0,0,0,0,0,0,0,0,0,0,0,0,0,0
"36121","5","115","75","0","2016","1","","Wyoming County, New York","Private","NAICS 115 Agriculture and forestry support activities","County, NAICS 3-digit -- by ownership sector","All establishment sizes",7,16,16,16,129804,110840,2230,624,"",3.98,0.52,0.51,0.52,0.78,0.81,0.30,1.51,"",1,16.7,-3,-15.8,-2,-11.1,-1,-5.9,-42502,-24.7,-265,-0.2,-605,-21.3,-112,-15.2
"36121","5","115","75","0","2016","2","","Wyoming County, New York","Private","NAICS 115 Agriculture and forestry support activities","County, NAICS 3-digit -- by ownership sector","All establishment sizes",6,16,16,17,144691,51920,1378,681,"",3.40,0.45,0.41,0.42,0.63,0.48,0.18,1.47,"",0,0.0,1,6.7,-8,-33.3,-2,-10.5,-58375,-28.7,-10532,-16.9,-539,-28.1,-127,-15.7
"36121","5","115","75","0","2016","3","","Wyoming County, New York","Private","NAICS 115 Agriculture and forestry support activities","County, NAICS 3-digit -- by ownership sector","All establishment sizes",6,18,17,14,151855,29808,856,715,"",3.40,0.44,0.43,0.35,0.61,0.39,0.17,1.49,"",0,0.0,-5,-21.7,-5,-22.7,-3,-17.6,-58392,-27.8,-14298,-32.4,-852,-49.9,-68,-8.7
"36121","5","115","75","0","2016","4","","Wyoming County, New York","Private","NAICS 115 Agriculture and forestry support activities","County, NAICS 3-digit -- by ownership sector","All establishment sizes",6,15,15,15,133964,8393,143,687,"",3.39,0.39,0.44,0.48,0.64,0.19,0.05,1.47,"",0,0.0,-3,-16.7,1,7.1,1,7.1,-50788,-27.5,-6671,-44.3,-335,-70.1,-240,-25.9
"36121","5","1151","76","0","2016","1","N","Wyoming County, New York","Private","NAICS 1151 Support activities for crop production","County, NAICS 4-digit -- by ownership sector","All establishment sizes",1,0,0,0,0,0,0,0,"N",0.97,0,0,0,0,0,0,0,"N",0,0.0,0,0,0,0,0,0,0,0,0,0,0,0,0,0
"36121","5","1151","76","0","2016","2","N","Wyoming County, New York","Private","NAICS 1151 Support activities for crop production","County, NAICS 4-digit -- by ownership sector","All establishment sizes",1,0,0,0,0,0,0,0,"N",0.96,0,0,0,0,0,0,0,"N",0,0.0,0,0,0,0,0,0,0,0,0,0,0,0,0,0
"36121","5","1151","76","0","2016","3","N","Wyoming County, New York","Private","NAICS 1151 Support activities for crop production","County, NAICS 4-digit -- by ownership sector","All establishment sizes",1,0,0,0,0,0,0,0,"N",0.96,0,0,0,0,0,0,0,"N",0,0.0,0,0,0,0,0,0,0,0,0,0,0,0,0,0
"36121","5","1151","76","0","2016","4","N","Wyoming County, New York","Private","NAICS 1151 Support activities for crop production","County, NAICS 4-digit -- by ownership sector","All establishment sizes",1,0,0,0,0,0,0,0,"N",0.96,0,0,0,0,0,0,0,"N",0,0.0,0,0,0,0,0,0,0,0,0,0,0,0,0,0
"36121","5","11511","77","0","2016","1","N","Wyoming County, New York","Private","NAICS 11511 Support activities for crop production","County, NAICS 5-digit -- by ownership sector","All establishment sizes",1,0,0,0,0,0,0,0,"N",0.97,0,0,0,0,0,0,0,"N",0,0.0,0,0,0,0,0,0,0,0,0,0,0,0,0,0
"36121","5","11511","77","0","2016","2","N","Wyoming County, New York","Private","NAICS 11511 Support activities for crop production","County, NAICS 5-digit -- by ownership sector","All establishment sizes",1,0,0,0,0,0,0,0,"N",0.96,0,0,0,0,0,0,0,"N",0,0.0,0,0,0,0,0,0,0,0,0,0,0,0,0,0
"36121","5","11511","77","0","2016","3","N","Wyoming County, New York","Private","NAICS 11511 Support activities for crop production","County, NAICS 5-digit -- by ownership sector","All establishment sizes",1,0,0,0,0,0,0,0,"N",0.96,0,0,0,0,0,0,0,"N",0,0.0,0,0,0,0,0,0,0,0,0,0,0,0,0,0
"36121","5","11511","77","0","2016","4","N","Wyoming County, New York","Private","NAICS 11511 Support activities for crop production","County, NAICS 5-digit -- by ownership sector","All establishment sizes",1,0,0,0,0,0,0,0,"N",0.96,0,0,0,0,0,0,0,"N",0,0.0,0,0,0,0,0,0,0,0,0,0,0,0,0,0
"36121","5","115112","78","0","2016","1","N","Wyoming County, New York","Private","NAICS 115112 Soil preparation, planting, and cultivating","County, NAICS 6-digit -- by ownership sector","All establishment sizes",1,0,0,0,0,0,0,0,"N",2.96,0,0,0,0,0,0,0,"N",0,0.0,0,0,0,0,0,0,0,0,0,0,0,0,0,0
"36121","5","115112","78","0","2016","2","N","Wyoming County, New York","Private","NAICS 115112 Soil preparation, planting, and cultivating","County, NAICS 6-digit -- by ownership sector","All establishment sizes",1,0,0,0,0,0,0,0,"N",2.96,0,0,0,0,0,0,0,"N",0,0.0,0,0,0,0,0,0,0,0,0,0,0,0,0,0
"36121","5","115112","78","0","2016","3","N","Wyoming County, New York","Private","NAICS 115112 Soil preparation, planting, and cultivating","County, NAICS 6-digit -- by ownership sector","All establishment sizes",1,0,0,0,0,0,0,0,"N",2.93,0,0,0,0,0,0,0,"N",0,0.0,0,0,0,0,0,0,0,0,0,0,0,0,0,0
"36121","5","115112","78","0","2016","4","N","Wyoming County, New York","Private","NAICS 115112 Soil preparation, planting, and cultivating","County, NAICS 6-digit -- by ownership sector","All establishment sizes",1,0,0,0,0,0,0,0,"N",2.93,0,0,0,0,0,0,0,"N",0,0.0,0,0,0,0,0,0,0,0,0,0,0,0,0,0
"36121","5","1152","76","0","2016","1","","Wyoming County, New York","Private","NAICS 1152 Support activities for animal production","County, NAICS 4-digit -- by ownership sector","All establishment sizes",5,11,11,11,104326,85362,1775,730,"",9.79,3.97,3.95,3.91,6.01,5.83,5.60,1.52,"N",0,0.0,0,0,0,0,0,0,0,0,0,0,0,0,0,0
"36121","5","1152","76","0","2016","2","","Wyoming County, New York","Private","NAICS 1152 Support activities for animal production","County, NAICS 4-digit -- by ownership sector","All establishment sizes",4,11,11,12,115502,33998,1031,784,"",7.86,3.86,3.76,4.01,5.77,4.88,5.97,1.49,"N",-1,-20.0,0,0,0,0,0,0,0,0,0,0,0,0,0,0
"36121","5","1152","76","0","2016","3","","Wyoming County, New York","Private","NAICS 1152 Support activities for animal production","County, NAICS 4-digit -- by ownership sector","All establishment sizes",4,13,13,11,127745,27248,799,797,"",7.89,4.54,4.58,3.82,6.42,7.75,9.84,1.49,"N",-1,-20.0,0,0,0,0,0,0,0,0,0,0,0,0,0,0
"36121","5","1152","76","0","2016","4","","Wyoming County, New York","Private","NAICS 1152 Support activities for animal production","County, NAICS 4-digit -- by ownership sector","All establishment sizes",4,12,12,11,116019,7523,128,765,"",7.89,4.17,4.33,4.01,5.95,3.28,2.57,1.43,"N",-1,-20.0,0,0,0,0,0,0,0,0,0,0,0,0,0,0
"36121","5","11521","77","0","2016","1","","Wyoming County, New York","Private","NAICS 11521 Support activities for animal production","County, NAICS 5-digit -- by ownership sector","All establishment sizes",5,11,11,11,104326,85362,1775,730,"",9.79,3.97,3.95,3.91,6.01,5.83,5.60,1.52,"N",0,0.0,0,0,0,0,0,0,0,0,0,0,0,0,0,0
"36121","5","11521","77","0","2016","2","","Wyoming County, New York","Private","NAICS 11521 Support activities for animal production","County, NAICS 5-digit -- by ownership sector","All establishment sizes",4,11,11,12,115502,33998,1031,784,"",7.86,3.86,3.76,4.01,5.77,4.88,5.97,1.49,"N",-1,-20.0,0,0,0,0,0,0,0,0,0,0,0,0,0,0
"36121","5","11521","77","0","2016","3","","Wyoming County, New York","Private","NAICS 11521 Support activities for animal production","County, NAICS 5-digit -- by ownership sector","All establishment sizes",4,13,13,11,127745,27248,799,797,"",7.89,4.54,4.58,3.82,6.42,7.75,9.84,1.49,"N",-1,-20.0,0,0,0,0,0,0,0,0,0,0,0,0,0,0
"36121","5","11521","77","0","2016","4","","Wyoming County, New York","Private","NAICS 11521 Support activities for animal production","County, NAICS 5-digit -- by ownership sector","All establishment sizes",4,12,12,11,116019,7523,128,765,"",7.89,4.17,4.33,4.01,5.95,3.28,2.57,1.43,"N",-1,-20.0,0,0,0,0,0,0,0,0,0,0,0,0,0,0
"36121","5","115210","78","0","2016","1","","Wyoming County, New York","Private","NAICS 115210 Support activities for animal production","County, NAICS 6-digit -- by ownership sector","All establishment sizes",5,11,11,11,104326,85362,1775,730,"",9.79,3.97,3.95,3.91,6.01,5.83,5.60,1.52,"N",0,0.0,0,0,0,0,0,0,0,0,0,0,0,0,0,0
"36121","5","115210","78","0","2016","2","","Wyoming County, New York","Private","NAICS 115210 Support activities for animal production","County, NAICS 6-digit -- by ownership sector","All establishment sizes",4,11,11,12,115502,33998,1031,784,"",7.86,3.86,3.76,4.01,5.77,4.88,5.97,1.49,"N",-1,-20.0,0,0,0,0,0,0,0,0,0,0,0,0,0,0
"36121","5","115210","78","0","2016","3","","Wyoming County, New York","Private","NAICS 115210 Support activities for animal production","County, NAICS 6-digit -- by ownership sector","All establishment sizes",4,13,13,11,127745,27248,799,797,"",7.89,4.54,4.58,3.82,6.42,7.75,9.84,1.49,"N",-1,-20.0,0,0,0,0,0,0,0,0,0,0,0,0,0,0
"36121","5","115210","78","0","2016","4","","Wyoming County, New York","Private","NAICS 115210 Support activities for animal production","County, NAICS 6-digit -- by ownership sector","All establishment sizes",4,12,12,11,116019,7523,128,765,"",7.89,4.17,4.33,4.01,5.95,3.28,2.57,1.43,"N",-1,-20.0,0,0,0,0,0,0,0,0,0,0,0,0,0,0
"36121","5","1153","76","0","2016","1","N","Wyoming County, New York","Private","NAICS 1153 Support activities for forestry","County, NAICS 4-digit -- by ownership sector","All establishment sizes",1,0,0,0,0,0,0,0,"N",4.65,0,0,0,0,0,0,0,"N",1,100.0,0,0,0,0,0,0,0,0,0,0,0,0,0,0
"36121","5","1153","76","0","2016","2","N","Wyoming County, New York","Private","NAICS 1153 Support activities for forestry","County, NAICS 4-digit -- by ownership sector","All establishment sizes",1,0,0,0,0,0,0,0,"N",4.61,0,0,0,0,0,0,0,"N",1,100.0,0,0,0,0,0,0,0,0,0,0,0,0,0,0
"36121","5","1153","76","0","2016","3","N","Wyoming County, New York","Private","NAICS 1153 Support activities for forestry","County, NAICS 4-digit -- by ownership sector","All establishment sizes",1,0,0,0,0,0,0,0,"N",4.58,0,0,0,0,0,0,0,"N",1,100.0,0,0,0,0,0,0,0,0,0,0,0,0,0,0
"36121","5","1153","76","0","2016","4","N","Wyoming County, New York","Private","NAICS 1153 Support activities for forestry","County, NAICS 4-digit -- by ownership sector","All establishment sizes",1,0,0,0,0,0,0,0,"N",4.59,0,0,0,0,0,0,0,"N",1,100.0,0,0,0,0,0,0,0,0,0,0,0,0,0,0
"36121","5","11531","77","0","2016","1","N","Wyoming County, New York","Private","NAICS 11531 Support activities for forestry","County, NAICS 5-digit -- by ownership sector","All establishment sizes",1,0,0,0,0,0,0,0,"N",4.65,0,0,0,0,0,0,0,"N",1,100.0,0,0,0,0,0,0,0,0,0,0,0,0,0,0
"36121","5","11531","77","0","2016","2","N","Wyoming County, New York","Private","NAICS 11531 Support activities for forestry","County, NAICS 5-digit -- by ownership sector","All establishment sizes",1,0,0,0,0,0,0,0,"N",4.61,0,0,0,0,0,0,0,"N",1,100.0,0,0,0,0,0,0,0,0,0,0,0,0,0,0
"36121","5","11531","77","0","2016","3","N","Wyoming County, New York","Private","NAICS 11531 Support activities for forestry","County, NAICS 5-digit -- by ownership sector","All establishment sizes",1,0,0,0,0,0,0,0,"N",4.58,0,0,0,0,0,0,0,"N",1,100.0,0,0,0,0,0,0,0,0,0,0,0,0,0,0
"36121","5","11531","77","0","2016","4","N","Wyoming County, New York","Private","NAICS 11531 Support activities for forestry","County, NAICS 5-digit -- by ownership sector","All establishment sizes",1,0,0,0,0,0,0,0,"N",4.59,0,0,0,0,0,0,0,"N",1,100.0,0,0,0,0,0,0,0,0,0,0,0,0,0,0
"36121","5","115310","78","0","2016","1","N","Wyoming County, New York","Private","NAICS 115310 Support activities for forestry","County, NAICS 6-digit -- by ownership sector","All establishment sizes",1,0,0,0,0,0,0,0,"N",4.65,0,0,0,0,0,0,0,"N",1,100.0,0,0,0,0,0,0,0,0,0,0,0,0,0,0
"36121","5","115310","78","0","2016","2","N","Wyoming County, New York","Private","NAICS 115310 Support activities for forestry","County, NAICS 6-digit -- by ownership sector","All establishment sizes",1,0,0,0,0,0,0,0,"N",4.61,0,0,0,0,0,0,0,"N",1,100.0,0,0,0,0,0,0,0,0,0,0,0,0,0,0
"36121","5","115310","78","0","2016","3","N","Wyoming County, New York","Private","NAICS 115310 Support activities for forestry","County, NAICS 6-digit -- by ownership sector","All establishment sizes",1,0,0,0,0,0,0,0,"N",4.58,0,0,0,0,0,0,0,"N",1,100.0,0,0,0,0,0,0,0,0,0,0,0,0,0,0
"36121","5","115310","78","0","2016","4","N","Wyoming County, New York","Private","NAICS 115310 Support activities for forestry","County, NAICS 6-digit -- by ownership sector","All establishment sizes",1,0,0,0,0,0,0,0,"N",4.59,0,0,0,0,0,0,0,"N",1,100.0,0,0,0,0,0,0,0,0,0,0,0,0,0,0
"36121","5","21","74","0","2016","1","N","Wyoming County, New York","Private","NAICS 21 Mining, quarrying, and oil and gas extraction","County, NAICS Sector -- by ownership sector","All establishment sizes",1,0,0,0,0,0,0,0,"N",0.31,0,0,0,0,0,0,0,"N",0,0.0,0,0,0,0,0,0,0,0,0,0,0,0,0,0
"36121","5","21","74","0","2016","2","N","Wyoming County, New York","Private","NAICS 21 Mining, quarrying, and oil and gas extraction","County, NAICS Sector -- by ownership sector","All establishment sizes",1,0,0,0,0,0,0,0,"N",0.31,0,0,0,0,0,0,0,"N",0,0.0,0,0,0,0,0,0,0,0,0,0,0,0,0,0
"36121","5","21","74","0","2016","3","N","Wyoming County, New York","Private","NAICS 21 Mining, quarrying, and oil and gas extraction","County, NAICS Sector -- by ownership sector","All establishment sizes",1,0,0,0,0,0,0,0,"N",0.32,0,0,0,0,0,0,0,"N",0,0.0,0,0,0,0,0,0,0,0,0,0,0,0,0,0
"36121","5","21","74","0","2016","4","N","Wyoming County, New York","Private","NAICS 21 Mining, quarrying, and oil and gas extraction","County, NAICS Sector -- by ownership sector","All establishment sizes",1,0,0,0,0,0,0,0,"N",0.32,0,0,0,0,0,0,0,"N",0,0.0,0,0,0,0,0,0,0,0,0,0,0,0,0,0
"36121","5","212","75","0","2016","1","N","Wyoming County, New York","Private","NAICS 212 Mining, except oil and gas","County, NAICS 3-digit -- by ownership sector","All establishment sizes",1,0,0,0,0,0,0,0,"N",1.50,0,0,0,0,0,0,0,"N",0,0.0,0,0,0,0,0,0,0,0,0,0,0,0,0,0
"36121","5","212","75","0","2016","2","N","Wyoming County, New York","Private","NAICS 212 Mining, except oil and gas","County, NAICS 3-digit -- by ownership sector","All establishment sizes",1,0,0,0,0,0,0,0,"N",1.52,0,0,0,0,0,0,0,"N",0,0.0,0,0,0,0,0,0,0,0,0,0,0,0,0,0
"36121","5","212","75","0","2016","3","N","Wyoming County, New York","Private","NAICS 212 Mining, except oil and gas","County, NAICS 3-digit -- by ownership sector","All establishment sizes",1,0,0,0,0,0,0,0,"N",1.54,0,0,0,0,0,0,0,"N",0,0.0,0,0,0,0,0,0,0,0,0,0,0,0,0,0
"36121","5","212","75","0","2016","4","N","Wyoming County, New York","Private","NAICS 212 Mining, except oil and gas","County, NAICS 3-digit -- by ownership sector","All establishment sizes",1,0,0,0,0,0,0,0,"N",1.55,0,0,0,0,0,0,0,"N",0,0.0,0,0,0,0,0,0,0,0,0,0,0,0,0,0
"36121","5","2123","76","0","2016","1","N","Wyoming County, New York","Private","NAICS 2123 Nonmetallic mineral mining and quarrying","County, NAICS 4-digit -- by ownership sector","All establishment sizes",1,0,0,0,0,0,0,0,"N",1.87,0,0,0,0,0,0,0,"N",0,0.0,0,0,0,0,0,0,0,0,0,0,0,0,0,0
"36121","5","2123","76","0","2016","2","N","Wyoming County, New York","Private","NAICS 2123 Nonmetallic mineral mining and quarrying","County, NAICS 4-digit -- by ownership sector","All establishment sizes",1,0,0,0,0,0,0,0,"N",1.88,0,0,0,0,0,0,0,"N",0,0.0,0,0,0,0,0,0,0,0,0,0,0,0,0,0
"36121","5","2123","76","0","2016","3","N","Wyoming County, New York","Private","NAICS 2123 Nonmetallic mineral mining and quarrying","County, NAICS 4-digit -- by ownership sector","All establishment sizes",1,0,0,0,0,0,0,0,"N",1.91,0,0,0,0,0,0,0,"N",0,0.0,0,0,0,0,0,0,0,0,0,0,0,0,0,0
"36121","5","2123","76","0","2016","4","N","Wyoming County, New York","Private","NAICS 2123 Nonmetallic mineral mining and quarrying","County, NAICS 4-digit -- by ownership sector","All establishment sizes",1,0,0,0,0,0,0,0,"N",1.92,0,0,0,0,0,0,0,"N",0,0.0,0,0,0,0,0,0,0,0,0,0,0,0,0,0
"36121","5","21239","77","0","2016","1","N","Wyoming County, New York","Private","NAICS 21239 Other nonmetallic mineral mining","County, NAICS 5-digit -- by ownership sector","All establishment sizes",1,0,0,0,0,0,0,0,"N",28.23,0,0,0,0,0,0,0,"N",0,0.0,0,0,0,0,0,0,0,0,0,0,0,0,0,0
"36121","5","21239","77","0","2016","2","N","Wyoming County, New York","Private","NAICS 21239 Other nonmetallic mineral mining","County, NAICS 5-digit -- by ownership sector","All establishment sizes",1,0,0,0,0,0,0,0,"N",28.05,0,0,0,0,0,0,0,"N",0,0.0,0,0,0,0,0,0,0,0,0,0,0,0,0,0
"36121","5","21239","77","0","2016","3","N","Wyoming County, New York","Private","NAICS 21239 Other nonmetallic mineral mining","County, NAICS 5-digit -- by ownership sector","All establishment sizes",1,0,0,0,0,0,0,0,"N",28.18,0,0,0,0,0,0,0,"N",0,0.0,0,0,0,0,0,0,0,0,0,0,0,0,0,0
"36121","5","21239","77","0","2016","4","N","Wyoming County, New York","Private","NAICS 21239 Other nonmetallic mineral mining","County, NAICS 5-digit -- by ownership sector","All establishment sizes",1,0,0,0,0,0,0,0,"N",27.78,0,0,0,0,0,0,0,"N",0,0.0,0,0,0,0,0,0,0,0,0,0,0,0,0,0
"36121","5","212393","78","0","2016","1","N","Wyoming County, New York","Private","NAICS 212393 Other chemical and fertilizer mineral mining","County, NAICS 6-digit -- by ownership sector","All establishment sizes",1,0,0,0,0,0,0,0,"N",119.20,0,0,0,0,0,0,0,"N",0,0.0,0,0,0,0,0,0,0,0,0,0,0,0,0,0
"36121","5","212393","78","0","2016","2","N","Wyoming County, New York","Private","NAICS 212393 Other chemical and fertilizer mineral mining","County, NAICS 6-digit -- by ownership sector","All establishment sizes",1,0,0,0,0,0,0,0,"N",116.14,0,0,0,0,0,0,0,"N",0,0.0,0,0,0,0,0,0,0,0,0,0,0,0,0,0
"36121","5","212393","78","0","2016","3","N","Wyoming County, New York","Private","NAICS 212393 Other chemical and fertilizer mineral mining","County, NAICS 6-digit -- by ownership sector","All establishment sizes",1,0,0,0,0,0,0,0,"N",118.25,0,0,0,0,0,0,0,"N",0,0.0,0,0,0,0,0,0,0,0,0,0,0,0,0,0
"36121","5","212393","78","0","2016","4","N","Wyoming County, New York","Private","NAICS 212393 Other chemical and fertilizer mineral mining","County, NAICS 6-digit -- by ownership sector","All establishment sizes",1,0,0,0,0,0,0,0,"N",116.44,0,0,0,0,0,0,0,"N",0,0.0,0,0,0,0,0,0,0,0,0,0,0,0,0,0
"36121","5","22","74","0","2016","1","","Wyoming County, New York","Private","NAICS 22 Utilities","County, NAICS Sector -- by ownership sector","All establishment sizes",3,22,21,21,495232,259630,4414,1786,"",1.82,0.42,0.40,0.40,0.42,0.56,0.46,1.04,"N",0,0.0,0,0,0,0,0,0,0,0,0,0,0,0,0,0
"36121","5","22","74","0","2016","2","","Wyoming County, New York","Private","NAICS 22 Utilities","County, NAICS Sector -- by ownership sector","All establishment sizes",3,21,20,19,434126,2321,39,1670,"",1.83,0.40,0.37,0.35,0.43,0.04,0.03,1.15,"N",0,0.0,0,0,0,0,0,0,0,0,0,0,0,0,0,0
"36121","5","22","74","0","2016","3","","Wyoming County, New York","Private","NAICS 22 Utilities","County, NAICS Sector -- by ownership sector","All establishment sizes",3,20,20,22,448335,5068,86,1669,"",1.84,0.38,0.38,0.41,0.45,0.25,0.17,1.15,"N",0,0.0,0,0,0,0,0,0,0,0,0,0,0,0,0,0
"36121","5","22","74","0","2016","4","","Wyoming County, New York","Private","NAICS 22 Utilities","County, NAICS Sector -- by ownership sector","All establishment sizes",3,22,22,22,413496,9061,154,1446,"",1.85,0.41,0.43,0.43,0.45,0.83,0.55,1.05,"",0,0.0,1,4.8,1,4.8,1,4.8,-15798,-3.7,8297,1086.0,138,862.5,-127,-8.1
"36121","5","221","75","0","2016","1","","Wyoming County, New York","Private","NAICS 221 Utilities","County, NAICS 3-digit -- by ownership sector","All establishment sizes",3,22,21,21,495232,259630,4414,1786,"",1.82,0.42,0.40,0.40,0.42,0.56,0.46,1.04,"N",0,0.0,0,0,0,0,0,0,0,0,0,0,0,0,0,0
"36121","5","221","75","0","2016","2","","Wyoming County, New York","Private","NAICS 221 Utilities","County, NAICS 3-digit -- by ownership sector","All establishment sizes",3,21,20,19,434126,2321,39,1670,"",1.83,0.40,0.37,0.35,0.43,0.04,0.03,1.15,"N",0,0.0,0,0,0,0,0,0,0,0,0,0,0,0,0,0
"36121","5","221","75","0","2016","3","","Wyoming County, New York","Private","NAICS 221 Utilities","County, NAICS 3-digit -- by ownership sector","All establishment sizes",3,20,20,22,448335,5068,86,1669,"",1.84,0.38,0.38,0.41,0.45,0.25,0.17,1.15,"N",0,0.0,0,0,0,0,0,0,0,0,0,0,0,0,0,0
"36121","5","221","75","0","2016","4","","Wyoming County, New York","Private","NAICS 221 Utilities","County, NAICS 3-digit -- by ownership sector","All establishment sizes",3,22,22,22,413496,9061,154,1446,"",1.85,0.41,0.43,0.43,0.45,0.83,0.55,1.05,"",0,0.0,1,4.8,1,4.8,1,4.8,-15798,-3.7,8297,1086.0,138,862.5,-127,-8.1
"36121","5","2211","76","0","2016","1","N","Wyoming County, New York","Private","NAICS 2211 Power generation and supply","County, NAICS 4-digit -- by ownership sector","All establishment sizes",2,0,0,0,0,0,0,0,"N",2.40,0,0,0,0,0,0,0,"N",0,0.0,0,0,0,0,0,0,0,0,0,0,0,0,0,0
"36121","5","2211","76","0","2016","2","N","Wyoming County, New York","Private","NAICS 2211 Power generation and supply","County, NAICS 4-digit -- by ownership sector","All establishment sizes",2,0,0,0,0,0,0,0,"N",2.39,0,0,0,0,0,0,0,"N",0,0.0,0,0,0,0,0,0,0,0,0,0,0,0,0,0
"36121","5","2211","76","0","2016","3","N","Wyoming County, New York","Private","NAICS 2211 Power generation and supply","County, NAICS 4-digit -- by ownership sector","All establishment sizes",2,0,0,0,0,0,0,0,"N",2.41,0,0,0,0,0,0,0,"N",0,0.0,0,0,0,0,0,0,0,0,0,0,0,0,0,0
"36121","5","2211","76","0","2016","4","N","Wyoming County, New York","Private","NAICS 2211 Power generation and supply","County, NAICS 4-digit -- by ownership sector","All establishment sizes",2,0,0,0,0,0,0,0,"N",2.41,0,0,0,0,0,0,0,"N",0,0.0,0,0,0,0,0,0,0,0,0,0,0,0,0,0
"36121","5","22111","77","0","2016","1","N","Wyoming County, New York","Private","NAICS 22111 Electric power generation","County, NAICS 5-digit -- by ownership sector","All establishment sizes",1,0,0,0,0,0,0,0,"N",3.28,0,0,0,0,0,0,0,"N",0,0.0,0,0,0,0,0,0,0,0,0,0,0,0,0,0
"36121","5","22111","77","0","2016","2","N","Wyoming County, New York","Private","NAICS 22111 Electric power generation","County, NAICS 5-digit -- by ownership sector","All establishment sizes",1,0,0,0,0,0,0,0,"N",3.25,0,0,0,0,0,0,0,"N",0,0.0,0,0,0,0,0,0,0,0,0,0,0,0,0,0
"36121","5","22111","77","0","2016","3","N","Wyoming County, New York","Private","NAICS 22111 Electric power generation","County, NAICS 5-digit -- by ownership sector","All establishment sizes",1,0,0,0,0,0,0,0,"N",3.28,0,0,0,0,0,0,0,"N",0,0.0,0,0,0,0,0,0,0,0,0,0,0,0,0,0
"36121","5","22111","77","0","2016","4","N","Wyoming County, New York","Private","NAICS 22111 Electric power generation","County, NAICS 5-digit -- by ownership sector","All establishment sizes",1,0,0,0,0,0,0,0,"N",3.28,0,0,0,0,0,0,0,"N",0,0.0,0,0,0,0,0,0,0,0,0,0,0,0,0,0
"36121","5","221115","78","0","2016","1","N","Wyoming County, New York","Private","NAICS 221115 Wind electric power generation","County, NAICS 6-digit -- by ownership sector","All establishment sizes",1,0,0,0,0,0,0,0,"N",39.59,0,0,0,0,0,0,0,"N",0,0.0,0,0,0,0,0,0,0,0,0,0,0,0,0,0
"36121","5","221115","78","0","2016","2","N","Wyoming County, New York","Private","NAICS 221115 Wind electric power generation","County, NAICS 6-digit -- by ownership sector","All establishment sizes",1,0,0,0,0,0,0,0,"N",39.56,0,0,0,0,0,0,0,"N",0,0.0,0,0,0,0,0,0,0,0,0,0,0,0,0,0
"36121","5","221115","78","0","2016","3","N","Wyoming County, New York","Private","NAICS 221115 Wind electric power generation","County, NAICS 6-digit -- by ownership sector","All establishment sizes",1,0,0,0,0,0,0,0,"N",38.99,0,0,0,0,0,0,0,"N",0,0.0,0,0,0,0,0,0,0,0,0,0,0,0,0,0
"36121","5","221115","78","0","2016","4","N","Wyoming County, New York","Private","NAICS 221115 Wind electric power generation","County, NAICS 6-digit -- by ownership sector","All establishment sizes",1,0,0,0,0,0,0,0,"N",38.54,0,0,0,0,0,0,0,"N",0,0.0,0,0,0,0,0,0,0,0,0,0,0,0,0,0
"36121","5","22112","77","0","2016","1","N","Wyoming County, New York","Private","NAICS 22112 Electric power transmission and distribution","County, NAICS 5-digit -- by ownership sector","All establishment sizes",1,0,0,0,0,0,0,0,"N",1.89,0,0,0,0,0,0,0,"N",0,0.0,0,0,0,0,0,0,0,0,0,0,0,0,0,0
"36121","5","22112","77","0","2016","2","N","Wyoming County, New York","Private","NAICS 22112 Electric power transmission and distribution","County, NAICS 5-digit -- by ownership sector","All establishment sizes",1,0,0,0,0,0,0,0,"N",1.89,0,0,0,0,0,0,0,"N",0,0.0,0,0,0,0,0,0,0,0,0,0,0,0,0,0
"36121","5","22112","77","0","2016","3","N","Wyoming County, New York","Private","NAICS 22112 Electric power transmission and distribution","County, NAICS 5-digit -- by ownership sector","All establishment sizes",1,0,0,0,0,0,0,0,"N",1.90,0,0,0,0,0,0,0,"N",0,0.0,0,0,0,0,0,0,0,0,0,0,0,0,0,0
"36121","5","22112","77","0","2016","4","N","Wyoming County, New York","Private","NAICS 22112 Electric power transmission and distribution","County, NAICS 5-digit -- by ownership sector","All establishment sizes",1,0,0,0,0,0,0,0,"N",1.91,0,0,0,0,0,0,0,"N",0,0.0,0,0,0,0,0,0,0,0,0,0,0,0,0,0
"36121","5","221122","78","0","2016","1","N","Wyoming County, New York","Private","NAICS 221122 Electric power distribution","County, NAICS 6-digit -- by ownership sector","All establishment sizes",1,0,0,0,0,0,0,0,"N",2.12,0,0,0,0,0,0,0,"N",0,0.0,0,0,0,0,0,0,0,0,0,0,0,0,0,0
"36121","5","221122","78","0","2016","2","N","Wyoming County, New York","Private","NAICS 221122 Electric power distribution","County, NAICS 6-digit -- by ownership sector","All establishment sizes",1,0,0,0,0,0,0,0,"N",2.12,0,0,0,0,0,0,0,"N",0,0.0,0,0,0,0,0,0,0,0,0,0,0,0,0,0
"36121","5","221122","78","0","2016","3","N","Wyoming County, New York","Private","NAICS 221122 Electric power distribution","County, NAICS 6-digit -- by ownership sector","All establishment sizes",1,0,0,0,0,0,0,0,"N",2.13,0,0,0,0,0,0,0,"N",0,0.0,0,0,0,0,0,0,0,0,0,0,0,0,0,0
"36121","5","221122","78","0","2016","4","N","Wyoming County, New York","Private","NAICS 221122 Electric power distribution","County, NAICS 6-digit -- by ownership sector","All establishment sizes",1,0,0,0,0,0,0,0,"N",2.13,0,0,0,0,0,0,0,"N",0,0.0,0,0,0,0,0,0,0,0,0,0,0,0,0,0
"36121","5","2212","76","0","2016","1","N","Wyoming County, New York","Private","NAICS 2212 Natural gas distribution","County, NAICS 4-digit -- by ownership sector","All establishment sizes",1,0,0,0,0,0,0,0,"N",3.60,0,0,0,0,0,0,0,"N",0,0.0,0,0,0,0,0,0,0,0,0,0,0,0,0,0
"36121","5","2212","76","0","2016","2","N","Wyoming County, New York","Private","NAICS 2212 Natural gas distribution","County, NAICS 4-digit -- by ownership sector","All establishment sizes",1,0,0,0,0,0,0,0,"N",3.70,0,0,0,0,0,0,0,"N",0,0.0,0,0,0,0,0,0,0,0,0,0,0,0,0,0
"36121","5","2212","76","0","2016","3","N","Wyoming County, New York","Private","NAICS 2212 Natural gas distribution","County, NAICS 4-digit -- by ownership sector","All establishment sizes",1,0,0,0,0,0,0,0,"N",3.75,0,0,0,0,0,0,0,"N",0,0.0,0,0,0,0,0,0,0,0,0,0,0,0,0,0
"36121","5","2212","76","0","2016","4","N","Wyoming County, New York","Private","NAICS 2212 Natural gas distribution","County, NAICS 4-digit -- by ownership sector","All establishment sizes",1,0,0,0,0,0,0,0,"N",3.77,0,0,0,0,0,0,0,"N",0,0.0,0,0,0,0,0,0,0,0,0,0,0,0,0,0
"36121","5","22121","77","0","2016","1","N","Wyoming County, New York","Private","NAICS 22121 Natural gas distribution","County, NAICS 5-digit -- by ownership sector","All establishment sizes",1,0,0,0,0,0,0,0,"N",3.60,0,0,0,0,0,0,0,"N",0,0.0,0,0,0,0,0,0,0,0,0,0,0,0,0,0
"36121","5","22121","77","0","2016","2","N","Wyoming County, New York","Private","NAICS 22121 Natural gas distribution","County, NAICS 5-digit -- by ownership sector","All establishment sizes",1,0,0,0,0,0,0,0,"N",3.70,0,0,0,0,0,0,0,"N",0,0.0,0,0,0,0,0,0,0,0,0,0,0,0,0,0
"36121","5","22121","77","0","2016","3","N","Wyoming County, New York","Private","NAICS 22121 Natural gas distribution","County, NAICS 5-digit -- by ownership sector","All establishment sizes",1,0,0,0,0,0,0,0,"N",3.75,0,0,0,0,0,0,0,"N",0,0.0,0,0,0,0,0,0,0,0,0,0,0,0,0,0
"36121","5","22121","77","0","2016","4","N","Wyoming County, New York","Private","NAICS 22121 Natural gas distribution","County, NAICS 5-digit -- by ownership sector","All establishment sizes",1,0,0,0,0,0,0,0,"N",3.77,0,0,0,0,0,0,0,"N",0,0.0,0,0,0,0,0,0,0,0,0,0,0,0,0,0
"36121","5","221210","78","0","2016","1","N","Wyoming County, New York","Private","NAICS 221210 Natural gas distribution","County, NAICS 6-digit -- by ownership sector","All establishment sizes",1,0,0,0,0,0,0,0,"N",3.60,0,0,0,0,0,0,0,"N",0,0.0,0,0,0,0,0,0,0,0,0,0,0,0,0,0
"36121","5","221210","78","0","2016","2","N","Wyoming County, New York","Private","NAICS 221210 Natural gas distribution","County, NAICS 6-digit -- by ownership sector","All establishment sizes",1,0,0,0,0,0,0,0,"N",3.70,0,0,0,0,0,0,0,"N",0,0.0,0,0,0,0,0,0,0,0,0,0,0,0,0,0
"36121","5","221210","78","0","2016","3","N","Wyoming County, New York","Private","NAICS 221210 Natural gas distribution","County, NAICS 6-digit -- by ownership sector","All establishment sizes",1,0,0,0,0,0,0,0,"N",3.75,0,0,0,0,0,0,0,"N",0,0.0,0,0,0,0,0,0,0,0,0,0,0,0,0,0
"36121","5","221210","78","0","2016","4","N","Wyoming County, New York","Private","NAICS 221210 Natural gas distribution","County, NAICS 6-digit -- by ownership sector","All establishment sizes",1,0,0,0,0,0,0,0,"N",3.77,0,0,0,0,0,0,0,"N",0,0.0,0,0,0,0,0,0,0,0,0,0,0,0,0,0
"36121","5","23","74","0","2016","1","","Wyoming County, New York","Private","NAICS 23 Construction","County, NAICS Sector -- by ownership sector","All establishment sizes",85,296,278,292,2503838,2154480,119803,667,"",1.19,0.50,0.47,0.48,0.41,0.52,0.52,0.85,"",-7,-7.6,-3,-1.0,27,10.8,16,5.8,204721,8.9,191760,9.8,5563,4.9,25,3.9
"36121","5","23","74","0","2016","2","","Wyoming County, New York","Private","NAICS 23 Construction","County, NAICS Sector -- by ownership sector","All establishment sizes",83,336,376,387,3287195,1402833,91776,690,"",1.16,0.53,0.57,0.57,0.46,0.77,0.72,0.81,"",-12,-12.6,-24,-6.7,-21,-5.3,-24,-5.8,-207796,-5.9,-216962,-13.4,-23314,-20.3,-1,-0.1
"36121","5","23","74","0","2016","3","","Wyoming County, New York","Private","NAICS 23 Construction","County, NAICS Sector -- by ownership sector","All establishment sizes",84,391,402,394,3826986,957088,51899,744,"",1.17,0.59,0.61,0.59,0.51,0.94,0.76,0.85,"",-12,-12.5,-28,-6.7,-10,-2.4,-7,-1.7,59014,1.6,106338,12.5,-7083,-12.0,38,5.4
"36121","5","23","74","0","2016","4","","Wyoming County, New York","Private","NAICS 23 Construction","County, NAICS Sector -- by ownership sector","All establishment sizes",84,406,392,355,3831293,637962,30077,767,"",1.17,0.61,0.61,0.57,0.51,1.03,0.80,0.85,"",-12,-12.5,-2,-0.5,7,1.8,-24,-6.3,-294553,-7.1,136173,27.1,-4179,-12.2,-45,-5.5
"36121","5","236","75","0","2016","1","N","Wyoming County, New York","Private","NAICS 236 Construction of buildings","County, NAICS 3-digit -- by ownership sector","All establishment sizes",30,0,0,0,0,0,0,0,"N",1.41,0,0,0,0,0,0,0,"N",-1,-3.2,0,0,0,0,0,0,0,0,0,0,0,0,0,0
"36121","5","236","75","0","2016","2","N","Wyoming County, New York","Private","NAICS 236 Construction of buildings","County, NAICS 3-digit -- by ownership sector","All establishment sizes",29,0,0,0,0,0,0,0,"N",1.35,0,0,0,0,0,0,0,"N",-4,-12.1,0,0,0,0,0,0,0,0,0,0,0,0,0,0
"36121","5","236","75","0","2016","3","N","Wyoming County, New York","Private","NAICS 236 Construction of buildings","County, NAICS 3-digit -- by ownership sector","All establishment sizes",29,0,0,0,0,0,0,0,"N",1.34,0,0,0,0,0,0,0,"N",-4,-12.1,0,0,0,0,0,0,0,0,0,0,0,0,0,0
"36121","5","236","75","0","2016","4","N","Wyoming County, New York","Private","NAICS 236 Construction of buildings","County, NAICS 3-digit -- by ownership sector","All establishment sizes",30,0,0,0,0,0,0,0,"N",1.39,0,0,0,0,0,0,0,"N",-3,-9.1,0,0,0,0,0,0,0,0,0,0,0,0,0,0
"36121","5","2361","76","0","2016","1","N","Wyoming County, New York","Private","NAICS 2361 Residential building construction","County, NAICS 4-digit -- by ownership sector","All establishment sizes",22,0,0,0,0,0,0,0,"N",1.35,0,0,0,0,0,0,0,"N",-1,-4.3,0,0,0,0,0,0,0,0,0,0,0,0,0,0
"36121","5","2361","76","0","2016","2","N","Wyoming County, New York","Private","NAICS 2361 Residential building construction","County, NAICS 4-digit -- by ownership sector","All establishment sizes",22,0,0,0,0,0,0,0,"N",1.33,0,0,0,0,0,0,0,"N",-3,-12.0,0,0,0,0,0,0,0,0,0,0,0,0,0,0
"36121","5","2361","76","0","2016","3","N","Wyoming County, New York","Private","NAICS 2361 Residential building construction","County, NAICS 4-digit -- by ownership sector","All establishment sizes",22,0,0,0,0,0,0,0,"N",1.33,0,0,0,0,0,0,0,"N",-3,-12.0,0,0,0,0,0,0,0,0,0,0,0,0,0,0
"36121","5","2361","76","0","2016","4","N","Wyoming County, New York","Private","NAICS 2361 Residential building construction","County, NAICS 4-digit -- by ownership sector","All establishment sizes",23,0,0,0,0,0,0,0,"N",1.38,0,0,0,0,0,0,0,"N",-2,-8.0,0,0,0,0,0,0,0,0,0,0,0,0,0,0
"36121","5","23611","77","0","2016","1","N","Wyoming County, New York","Private","NAICS 23611 Residential building construction","County, NAICS 5-digit -- by ownership sector","All establishment sizes",22,0,0,0,0,0,0,0,"N",1.35,0,0,0,0,0,0,0,"N",-1,-4.3,0,0,0,0,0,0,0,0,0,0,0,0,0,0
"36121","5","23611","77","0","2016","2","N","Wyoming County, New York","Private","NAICS 23611 Residential building construction","County, NAICS 5-digit -- by ownership sector","All establishment sizes",22,0,0,0,0,0,0,0,"N",1.33,0,0,0,0,0,0,0,"N",-3,-12.0,0,0,0,0,0,0,0,0,0,0,0,0,0,0
"36121","5","23611","77","0","2016","3","N","Wyoming County, New York","Private","NAICS 23611 Residential building construction","County, NAICS 5-digit -- by ownership sector","All establishment sizes",22,0,0,0,0,0,0,0,"N",1.33,0,0,0,0,0,0,0,"N",-3,-12.0,0,0,0,0,0,0,0,0,0,0,0,0,0,0
"36121","5","23611","77","0","2016","4","N","Wyoming County, New York","Private","NAICS 23611 Residential building construction","County, NAICS 5-digit -- by ownership sector","All establishment sizes",23,0,0,0,0,0,0,0,"N",1.38,0,0,0,0,0,0,0,"N",-2,-8.0,0,0,0,0,0,0,0,0,0,0,0,0,0,0
"36121","5","236115","78","0","2016","1","N","Wyoming County, New York","Private","NAICS 236115 New single-family general contractors","County, NAICS 6-digit -- by ownership sector","All establishment sizes",10,0,0,0,0,0,0,0,"N",1.32,0,0,0,0,0,0,0,"N",1,11.1,0,0,0,0,0,0,0,0,0,0,0,0,0,0
"36121","5","236115","78","0","2016","2","","Wyoming County, New York","Private","NAICS 236115 New single-family general contractors","County, NAICS 6-digit -- by ownership sector","All establishment sizes",9,38,47,45,289466,236828,18313,514,"",1.18,1.19,1.41,1.31,0.85,2.64,4.11,0.65,"",-1,-10.0,-2,-5.0,10,27.0,6,15.4,58222,25.2,67482,39.8,2482,15.7,54,11.7
"36121","5","236115","78","0","2016","3","","Wyoming County, New York","Private","NAICS 236115 New single-family general contractors","County, NAICS 6-digit -- by ownership sector","All establishment sizes",9,36,47,38,338589,174187,13118,646,"",1.17,1.08,1.41,1.12,0.96,3.27,5.21,0.80,"",-1,-10.0,-2,-5.3,8,20.5,9,31.0,57545,20.5,37795,27.7,2458,23.1,34,5.6
"36121","5","236115","78","0","2016","4","N","Wyoming County, New York","Private","NAICS 236115 New single-family general contractors","County, NAICS 6-digit -- by ownership sector","All establishment sizes",9,0,0,0,0,0,0,0,"N",1.17,0,0,0,0,0,0,0,"N",-1,-10.0,0,0,0,0,0,0,0,0,0,0,0,0,0,0
"36121","5","236118","78","0","2016","1","","Wyoming County, New York","Private","NAICS 236118 Residential remodelers","County, NAICS 6-digit -- by ownership sector","All establishment sizes",12,25,22,27,172613,165518,8869,538,"",1.48,0.88,0.78,0.94,0.80,1.01,1.18,0.93,"",-2,-14.3,-24,-49.0,-23,-51.1,-14,-34.1,-198474,-53.5,-153028,-48.0,-3022,-25.4,-96,-15.1
"36121","5","236118","78","0","2016","2","N","Wyoming County, New York","Private","NAICS 236118 Residential remodelers","County, NAICS 6-digit -- by ownership sector","All establishment sizes",13,0,0,0,0,0,0,0,"N",1.59,0,0,0,0,0,0,0,"N",-2,-13.3,0,0,0,0,0,0,0,0,0,0,0,0,0,0
"36121","5","236118","78","0","2016","3","N","Wyoming County, New York","Private","NAICS 236118 Residential remodelers","County, NAICS 6-digit -- by ownership sector","All establishment sizes",13,0,0,0,0,0,0,0,"N",1.59,0,0,0,0,0,0,0,"N",-2,-13.3,0,0,0,0,0,0,0,0,0,0,0,0,0,0
"36121","5","236118","78","0","2016","4","","Wyoming County, New York","Private","NAICS 236118 Residential remodelers","County, NAICS 6-digit -- by ownership sector","All establishment sizes",14,37,38,42,241721,30011,1830,477,"",1.71,1.18,1.26,1.41,0.90,0.95,1.23,0.70,"",-1,-6.7,-23,-38.3,-21,-35.6,-14,-25.0,-381864,-61.2,-15371,-33.9,-976,-34.8,-345,-42.0
"36121","5","2362","76","0","2016","1","","Wyoming County, New York","Private","NAICS 2362 Nonresidential building construction","County, NAICS 4-digit -- by ownership sector","All establishment sizes",8,91,81,84,997949,775031,49597,900,"",1.60,1.30,1.16,1.19,1.07,1.42,1.46,0.88,"N",0,0.0,0,0,0,0,0,0,0,0,0,0,0,0,0,0
"36121","5","2362","76","0","2016","2","","Wyoming County, New York","Private","NAICS 2362 Nonresidential building construction","County, NAICS 4-digit -- by ownership sector","All establishment sizes",7,88,96,97,1098941,272958,18609,902,"",1.40,1.22,1.29,1.26,1.08,1.43,1.29,0.85,"",-1,-12.5,15,20.5,22,29.7,17,21.2,260438,31.1,-770,-0.3,-772,-4.0,50,5.9
"36121","5","2362","76","0","2016","3","","Wyoming County, New York","Private","NAICS 2362 Nonresidential building construction","County, NAICS 4-digit -- by ownership sector","All establishment sizes",7,100,99,102,1256366,117562,7965,963,"",1.40,1.34,1.33,1.35,1.20,1.09,1.00,0.89,"",-1,-12.5,21,26.6,22,28.6,22,27.5,374187,42.4,-27642,-19.0,-2994,-27.3,100,11.6
"36121","5","2362","76","0","2016","4","","Wyoming County, New York","Private","NAICS 2362 Nonresidential building construction","County, NAICS 4-digit -- by ownership sector","All establishment sizes",7,97,99,91,1455244,91997,6662,1170,"",1.40,1.29,1.37,1.28,1.30,1.37,1.44,0.99,"N",-1,-12.5,0,0,0,0,0,0,0,0,0,0,0,0,0,0
"36121","5","23622","77","0","2016","1","","Wyoming County, New York","Private","NAICS 23622 Commercial building construction","County, NAICS 5-digit -- by ownership sector","All establishment sizes",8,91,81,84,997949,775031,49597,900,"",1.81,1.66,1.49,1.52,1.42,1.84,1.99,0.91,"N",0,0.0,0,0,0,0,0,0,0,0,0,0,0,0,0,0
"36121","5","23622","77","0","2016","2","","Wyoming County, New York","Private","NAICS 23622 Commercial building construction","County, NAICS 5-digit -- by ownership sector","All establishment sizes",7,88,96,97,1098941,272958,18609,902,"",1.58,1.56,1.64,1.60,1.41,1.83,1.79,0.88,"",-1,-12.5,15,20.5,22,29.7,17,21.2,260438,31.1,-770,-0.3,-772,-4.0,50,5.9
"36121","5","23622","77","0","2016","3","","Wyoming County, New York","Private","NAICS 23622 Commercial building construction","County, NAICS 5-digit -- by ownership sector","All establishment sizes",7,100,99,102,1256366,117562,7965,963,"",1.58,1.69,1.68,1.71,1.55,1.39,1.35,0.91,"",-1,-12.5,21,26.6,22,28.6,22,27.5,374187,42.4,-27642,-19.0,-2994,-27.3,100,11.6
"36121","5","23622","77","0","2016","4","","Wyoming County, New York","Private","NAICS 23622 Commercial building construction","County, NAICS 5-digit -- by ownership sector","All establishment sizes",7,97,99,91,1455244,91997,6662,1170,"",1.58,1.63,1.73,1.61,1.67,1.80,2.05,1.01,"N",-1,-12.5,0,0,0,0,0,0,0,0,0,0,0,0,0,0
"36121","5","236220","78","0","2016","1","","Wyoming County, New York","Private","NAICS 236220 Commercial building construction","County, NAICS 6-digit -- by ownership sector","All establishment sizes",8,91,81,84,997949,775031,49597,900,"",1.81,1.66,1.49,1.52,1.42,1.84,1.99,0.91,"N",0,0.0,0,0,0,0,0,0,0,0,0,0,0,0,0,0
"36121","5","236220","78","0","2016","2","","Wyoming County, New York","Private","NAICS 236220 Commercial building construction","County, NAICS 6-digit -- by ownership sector","All establishment sizes",7,88,96,97,1098941,272958,18609,902,"",1.58,1.56,1.64,1.60,1.41,1.83,1.79,0.88,"",-1,-12.5,15,20.5,22,29.7,17,21.2,260438,31.1,-770,-0.3,-772,-4.0,50,5.9
"36121","5","236220","78","0","2016","3","","Wyoming County, New York","Private","NAICS 236220 Commercial building construction","County, NAICS 6-digit -- by ownership sector","All establishment sizes",7,100,99,102,1256366,117562,7965,963,"",1.58,1.69,1.68,1.71,1.55,1.39,1.35,0.91,"",-1,-12.5,21,26.6,22,28.6,22,27.5,374187,42.4,-27642,-19.0,-2994,-27.3,100,11.6
"36121","5","236220","78","0","2016","4","","Wyoming County, New York","Private","NAICS 236220 Commercial building construction","County, NAICS 6-digit -- by ownership sector","All establishment sizes",7,97,99,91,1455244,91997,6662,1170,"",1.58,1.63,1.73,1.61,1.67,1.80,2.05,1.01,"N",-1,-12.5,0,0,0,0,0,0,0,0,0,0,0,0,0,0
"36121","5","237","75","0","2016","1","N","Wyoming County, New York","Private","NAICS 237 Heavy and civil engineering construction","County, NAICS 3-digit -- by ownership sector","All establishment sizes",3,0,0,0,0,0,0,0,"N",0.64,0,0,0,0,0,0,0,"N",-1,-25.0,0,0,0,0,0,0,0,0,0,0,0,0,0,0
"36121","5","237","75","0","2016","2","N","Wyoming County, New York","Private","NAICS 237 Heavy and civil engineering construction","County, NAICS 3-digit -- by ownership sector","All establishment sizes",3,0,0,0,0,0,0,0,"N",0.64,0,0,0,0,0,0,0,"N",-1,-25.0,0,0,0,0,0,0,0,0,0,0,0,0,0,0
"36121","5","237","75","0","2016","3","N","Wyoming County, New York","Private","NAICS 237 Heavy and civil engineering construction","County, NAICS 3-digit -- by ownership sector","All establishment sizes",3,0,0,0,0,0,0,0,"N",0.64,0,0,0,0,0,0,0,"N",-1,-25.0,0,0,0,0,0,0,0,0,0,0,0,0,0,0
"36121","5","237","75","0","2016","4","N","Wyoming County, New York","Private","NAICS 237 Heavy and civil engineering construction","County, NAICS 3-digit -- by ownership sector","All establishment sizes",3,0,0,0,0,0,0,0,"N",0.65,0,0,0,0,0,0,0,"N",-1,-25.0,0,0,0,0,0,0,0,0,0,0,0,0,0,0
"36121","5","2373","76","0","2016","1","N","Wyoming County, New York","Private","NAICS 2373 Highway, street, and bridge construction","County, NAICS 4-digit -- by ownership sector","All establishment sizes",2,0,0,0,0,0,0,0,"N",1.95,0,0,0,0,0,0,0,"N",-1,-33.3,0,0,0,0,0,0,0,0,0,0,0,0,0,0
"36121","5","2373","76","0","2016","2","N","Wyoming County, New York","Private","NAICS 2373 Highway, street, and bridge construction","County, NAICS 4-digit -- by ownership sector","All establishment sizes",2,0,0,0,0,0,0,0,"N",1.95,0,0,0,0,0,0,0,"N",-1,-33.3,0,0,0,0,0,0,0,0,0,0,0,0,0,0
"36121","5","2373","76","0","2016","3","N","Wyoming County, New York","Private","NAICS 2373 Highway, street, and bridge construction","County, NAICS 4-digit -- by ownership sector","All establishment sizes",2,0,0,0,0,0,0,0,"N",1.95,0,0,0,0,0,0,0,"N",-1,-33.3,0,0,0,0,0,0,0,0,0,0,0,0,0,0
"36121","5","2373","76","0","2016","4","N","Wyoming County, New York","Private","NAICS 2373 Highway, street, and bridge construction","County, NAICS 4-digit -- by ownership sector","All establishment sizes",2,0,0,0,0,0,0,0,"N",1.96,0,0,0,0,0,0,0,"N",-1,-33.3,0,0,0,0,0,0,0,0,0,0,0,0,0,0
"36121","5","23731","77","0","2016","1","N","Wyoming County, New York","Private","NAICS 23731 Highway, street, and bridge construction","County, NAICS 5-digit -- by ownership sector","All establishment sizes",2,0,0,0,0,0,0,0,"N",1.95,0,0,0,0,0,0,0,"N",-1,-33.3,0,0,0,0,0,0,0,0,0,0,0,0,0,0
"36121","5","23731","77","0","2016","2","N","Wyoming County, New York","Private","NAICS 23731 Highway, street, and bridge construction","County, NAICS 5-digit -- by ownership sector","All establishment sizes",2,0,0,0,0,0,0,0,"N",1.95,0,0,0,0,0,0,0,"N",-1,-33.3,0,0,0,0,0,0,0,0,0,0,0,0,0,0
"36121","5","23731","77","0","2016","3","N","Wyoming County, New York","Private","NAICS 23731 Highway, street, and bridge construction","County, NAICS 5-digit -- by ownership sector","All establishment sizes",2,0,0,0,0,0,0,0,"N",1.95,0,0,0,0,0,0,0,"N",-1,-33.3,0,0,0,0,0,0,0,0,0,0,0,0,0,0
"36121","5","23731","77","0","2016","4","N","Wyoming County, New York","Private","NAICS 23731 Highway, street, and bridge construction","County, NAICS 5-digit -- by ownership sector","All establishment sizes",2,0,0,0,0,0,0,0,"N",1.96,0,0,0,0,0,0,0,"N",-1,-33.3,0,0,0,0,0,0,0,0,0,0,0,0,0,0
"36121","5","237310","78","0","2016","1","N","Wyoming County, New York","Private","NAICS 237310 Highway, street, and bridge construction","County, NAICS 6-digit -- by ownership sector","All establishment sizes",2,0,0,0,0,0,0,0,"N",1.95,0,0,0,0,0,0,0,"N",-1,-33.3,0,0,0,0,0,0,0,0,0,0,0,0,0,0
"36121","5","237310","78","0","2016","2","N","Wyoming County, New York","Private","NAICS 237310 Highway, street, and bridge construction","County, NAICS 6-digit -- by ownership sector","All establishment sizes",2,0,0,0,0,0,0,0,"N",1.95,0,0,0,0,0,0,0,"N",-1,-33.3,0,0,0,0,0,0,0,0,0,0,0,0,0,0
"36121","5","237310","78","0","2016","3","N","Wyoming County, New York","Private","NAICS 237310 Highway, street, and bridge construction","County, NAICS 6-digit -- by ownership sector","All establishment sizes",2,0,0,0,0,0,0,0,"N",1.95,0,0,0,0,0,0,0,"N",-1,-33.3,0,0,0,0,0,0,0,0,0,0,0,0,0,0
"36121","5","237310","78","0","2016","4","N","Wyoming County, New York","Private","NAICS 237310 Highway, street, and bridge construction","County, NAICS 6-digit -- by ownership sector","All establishment sizes",2,0,0,0,0,0,0,0,"N",1.96,0,0,0,0,0,0,0,"N",-1,-33.3,0,0,0,0,0,0,0,0,0,0,0,0,0,0
"36121","5","2379","76","0","2016","1","N","Wyoming County, New York","Private","NAICS 2379 Other heavy construction","County, NAICS 4-digit -- by ownership sector","All establishment sizes",1,0,0,0,0,0,0,0,"N",1.37,0,0,0,0,0,0,0,"N",0,0.0,0,0,0,0,0,0,0,0,0,0,0,0,0,0
"36121","5","2379","76","0","2016","2","N","Wyoming County, New York","Private","NAICS 2379 Other heavy construction","County, NAICS 4-digit -- by ownership sector","All establishment sizes",1,0,0,0,0,0,0,0,"N",1.37,0,0,0,0,0,0,0,"N",0,0.0,0,0,0,0,0,0,0,0,0,0,0,0,0,0
"36121","5","2379","76","0","2016","3","N","Wyoming County, New York","Private","NAICS 2379 Other heavy construction","County, NAICS 4-digit -- by ownership sector","All establishment sizes",1,0,0,0,0,0,0,0,"N",1.37,0,0,0,0,0,0,0,"N",0,0.0,0,0,0,0,0,0,0,0,0,0,0,0,0,0
"36121","5","2379","76","0","2016","4","N","Wyoming County, New York","Private","NAICS 2379 Other heavy construction","County, NAICS 4-digit -- by ownership sector","All establishment sizes",1,0,0,0,0,0,0,0,"N",1.38,0,0,0,0,0,0,0,"N",0,0.0,0,0,0,0,0,0,0,0,0,0,0,0,0,0
"36121","5","23799","77","0","2016","1","N","Wyoming County, New York","Private","NAICS 23799 Other heavy construction","County, NAICS 5-digit -- by ownership sector","All establishment sizes",1,0,0,0,0,0,0,0,"N",1.37,0,0,0,0,0,0,0,"N",0,0.0,0,0,0,0,0,0,0,0,0,0,0,0,0,0
"36121","5","23799","77","0","2016","2","N","Wyoming County, New York","Private","NAICS 23799 Other heavy construction","County, NAICS 5-digit -- by ownership sector","All establishment sizes",1,0,0,0,0,0,0,0,"N",1.37,0,0,0,0,0,0,0,"N",0,0.0,0,0,0,0,0,0,0,0,0,0,0,0,0,0
"36121","5","23799","77","0","2016","3","N","Wyoming County, New York","Private","NAICS 23799 Other heavy construction","County, NAICS 5-digit -- by ownership sector","All establishment sizes",1,0,0,0,0,0,0,0,"N",1.37,0,0,0,0,0,0,0,"N",0,0.0,0,0,0,0,0,0,0,0,0,0,0,0,0,0
"36121","5","23799","77","0","2016","4","N","Wyoming County, New York","Private","NAICS 23799 Other heavy construction","County, NAICS 5-digit -- by ownership sector","All establishment sizes",1,0,0,0,0,0,0,0,"N",1.38,0,0,0,0,0,0,0,"N",0,0.0,0,0,0,0,0,0,0,0,0,0,0,0,0,0
"36121","5","237990","78","0","2016","1","N","Wyoming County, New York","Private","NAICS 237990 Other heavy construction","County, NAICS 6-digit -- by ownership sector","All establishment sizes",1,0,0,0,0,0,0,0,"N",1.37,0,0,0,0,0,0,0,"N",0,0.0,0,0,0,0,0,0,0,0,0,0,0,0,0,0
"36121","5","237990","78","0","2016","2","N","Wyoming County, New York","Private","NAICS 237990 Other heavy construction","County, NAICS 6-digit -- by ownership sector","All establishment sizes",1,0,0,0,0,0,0,0,"N",1.37,0,0,0,0,0,0,0,"N",0,0.0,0,0,0,0,0,0,0,0,0,0,0,0,0,0
"36121","5","237990","78","0","2016","3","N","Wyoming County, New York","Private","NAICS 237990 Other heavy construction","County, NAICS 6-digit -- by ownership sector","All establishment sizes",1,0,0,0,0,0,0,0,"N",1.37,0,0,0,0,0,0,0,"N",0,0.0,0,0,0,0,0,0,0,0,0,0,0,0,0,0
"36121","5","237990","78","0","2016","4","N","Wyoming County, New York","Private","NAICS 237990 Other heavy construction","County, NAICS 6-digit -- by ownership sector","All establishment sizes",1,0,0,0,0,0,0,0,"N",1.38,0,0,0,0,0,0,0,"N",0,0.0,0,0,0,0,0,0,0,0,0,0,0,0,0,0
"36121","5","238","75","0","2016","1","","Wyoming County, New York","Private","NAICS 238 Specialty trade contractors","County, NAICS 3-digit -- by ownership sector","All establishment sizes",52,161,148,155,1132534,1026321,51641,563,"",1.15,0.42,0.39,0.40,0.32,0.40,0.37,0.79,"",-5,-8.8,9,5.9,11,8.0,5,3.3,47916,4.4,65422,6.8,-4043,-7.3,-7,-1.2
"36121","5","238","75","0","2016","2","","Wyoming County, New York","Private","NAICS 238 Specialty trade contractors","County, NAICS 3-digit -- by ownership sector","All establishment sizes",51,172,191,201,1600766,729498,46563,655,"",1.12,0.43,0.46,0.47,0.37,0.64,0.60,0.83,"",-7,-12.1,-10,-5.5,-26,-12.0,-18,-8.2,-165376,-9.4,-146114,-16.7,-18680,-28.6,-5,-0.8
"36121","5","238","75","0","2016","3","","Wyoming County, New York","Private","NAICS 238 Specialty trade contractors","County, NAICS 3-digit -- by ownership sector","All establishment sizes",52,213,217,217,1921510,589083,26189,685,"",1.15,0.51,0.52,0.51,0.43,0.92,0.63,0.84,"",-7,-11.9,-16,-7.0,-5,-2.3,-4,-1.8,18269,1.0,162665,38.1,-4770,-15.4,31,4.7
"36121","5","238","75","0","2016","4","","Wyoming County, New York","Private","NAICS 238 Specialty trade contractors","County, NAICS 3-digit -- by ownership sector","All establishment sizes",51,213,198,179,1737221,402468,13433,679,"",1.13,0.50,0.49,0.45,0.39,1.03,0.58,0.82,"",-8,-13.6,-2,-0.9,-9,-4.3,-25,-12.3,-224925,-11.5,169966,73.1,-128,-0.9,-44,-6.1
"36121","5","2381","76","0","2016","1","","Wyoming County, New York","Private","NAICS 2381 Building foundation and exterior contractors","County, NAICS 4-digit -- by ownership sector","All establishment sizes",6,37,29,37,181214,180874,12639,406,"",0.68,0.50,0.40,0.49,0.30,0.39,0.50,0.64,"",-4,-40.0,5,15.6,9,45.0,8,27.6,24991,16.0,37239,25.9,395,3.2,-39,-8.8
"36121","5","2381","76","0","2016","2","","Wyoming County, New York","Private","NAICS 2381 Building foundation and exterior contractors","County, NAICS 4-digit -- by ownership sector","All establishment sizes",6,37,36,40,318322,179176,14206,650,"",0.67,0.46,0.43,0.47,0.41,0.73,0.82,0.90,"",-4,-40.0,-5,-11.9,-14,-28.0,-7,-14.9,-87290,-21.5,-67702,-27.4,-9286,-39.5,-23,-3.4
"36121","5","2381","76","0","2016","3","","Wyoming County, New York","Private","NAICS 2381 Building foundation and exterior contractors","County, NAICS 4-digit -- by ownership sector","All establishment sizes",6,46,47,48,434119,84451,5099,711,"",0.67,0.55,0.56,0.56,0.53,0.58,0.53,0.94,"",-4,-40.0,-10,-17.9,-5,-9.6,-4,-7.7,-32734,-7.0,-3370,-3.8,-3138,-38.1,38,5.6
"36121","5","2381","76","0","2016","4","","Wyoming County, New York","Private","NAICS 2381 Building foundation and exterior contractors","County, NAICS 4-digit -- by ownership sector","All establishment sizes",6,45,44,40,360474,38135,1659,645,"",0.67,0.53,0.54,0.51,0.44,0.44,0.33,0.84,"",-4,-40.0,-9,-16.7,-12,-21.4,-14,-25.9,-155111,-30.1,-23256,-37.9,-2979,-64.2,-80,-11.0
"36121","5","23811","77","0","2016","1","N","Wyoming County, New York","Private","NAICS 23811 Poured concrete structure contractors","County, NAICS 5-digit -- by ownership sector","All establishment sizes",2,0,0,0,0,0,0,0,"N",1.16,0,0,0,0,0,0,0,"N",1,100.0,0,0,0,0,0,0,0,0,0,0,0,0,0,0
"36121","5","23811","77","0","2016","2","N","Wyoming County, New York","Private","NAICS 23811 Poured concrete structure contractors","County, NAICS 5-digit -- by ownership sector","All establishment sizes",2,0,0,0,0,0,0,0,"N",1.15,0,0,0,0,0,0,0,"N",1,100.0,0,0,0,0,0,0,0,0,0,0,0,0,0,0
"36121","5","23811","77","0","2016","3","N","Wyoming County, New York","Private","NAICS 23811 Poured concrete structure contractors","County, NAICS 5-digit -- by ownership sector","All establishment sizes",2,0,0,0,0,0,0,0,"N",1.14,0,0,0,0,0,0,0,"N",1,100.0,0,0,0,0,0,0,0,0,0,0,0,0,0,0
"36121","5","23811","77","0","2016","4","N","Wyoming County, New York","Private","NAICS 23811 Poured concrete structure contractors","County, NAICS 5-digit -- by ownership sector","All establishment sizes",2,0,0,0,0,0,0,0,"N",1.15,0,0,0,0,0,0,0,"N",1,100.0,0,0,0,0,0,0,0,0,0,0,0,0,0,0
"36121","5","238111","78","0","2016","1","N","Wyoming County, New York","Private","NAICS 238111 Residential poured foundation contractors","County, NAICS 6-digit -- by ownership sector","All establishment sizes",1,0,0,0,0,0,0,0,"N",0.83,0,0,0,0,0,0,0,"N",1,100.0,0,0,0,0,0,0,0,0,0,0,0,0,0,0
"36121","5","238111","78","0","2016","2","N","Wyoming County, New York","Private","NAICS 238111 Residential poured foundation contractors","County, NAICS 6-digit -- by ownership sector","All establishment sizes",1,0,0,0,0,0,0,0,"N",0.82,0,0,0,0,0,0,0,"N",1,100.0,0,0,0,0,0,0,0,0,0,0,0,0,0,0
"36121","5","238111","78","0","2016","3","N","Wyoming County, New York","Private","NAICS 238111 Residential poured foundation contractors","County, NAICS 6-digit -- by ownership sector","All establishment sizes",1,0,0,0,0,0,0,0,"N",0.81,0,0,0,0,0,0,0,"N",1,100.0,0,0,0,0,0,0,0,0,0,0,0,0,0,0
"36121","5","238111","78","0","2016","4","N","Wyoming County, New York","Private","NAICS 238111 Residential poured foundation contractors","County, NAICS 6-digit -- by ownership sector","All establishment sizes",1,0,0,0,0,0,0,0,"N",0.81,0,0,0,0,0,0,0,"N",1,100.0,0,0,0,0,0,0,0,0,0,0,0,0,0,0
"36121","5","238112","78","0","2016","1","N","Wyoming County, New York","Private","NAICS 238112 Nonresidential poured foundation contractors","County, NAICS 6-digit -- by ownership sector","All establishment sizes",1,0,0,0,0,0,0,0,"N",1.93,0,0,0,0,0,0,0,"N",0,0.0,0,0,0,0,0,0,0,0,0,0,0,0,0,0
"36121","5","238112","78","0","2016","2","N","Wyoming County, New York","Private","NAICS 238112 Nonresidential poured foundation contractors","County, NAICS 6-digit -- by ownership sector","All establishment sizes",1,0,0,0,0,0,0,0,"N",1.95,0,0,0,0,0,0,0,"N",0,0.0,0,0,0,0,0,0,0,0,0,0,0,0,0,0
"36121","5","238112","78","0","2016","3","N","Wyoming County, New York","Private","NAICS 238112 Nonresidential poured foundation contractors","County, NAICS 6-digit -- by ownership sector","All establishment sizes",1,0,0,0,0,0,0,0,"N",1.95,0,0,0,0,0,0,0,"N",0,0.0,0,0,0,0,0,0,0,0,0,0,0,0,0,0
"36121","5","238112","78","0","2016","4","N","Wyoming County, New York","Private","NAICS 238112 Nonresidential poured foundation contractors","County, NAICS 6-digit -- by ownership sector","All establishment sizes",1,0,0,0,0,0,0,0,"N",1.96,0,0,0,0,0,0,0,"N",0,0.0,0,0,0,0,0,0,0,0,0,0,0,0,0,0
"36121","5","23813","77","0","2016","1","N","Wyoming County, New York","Private","NAICS 23813 Framing contractors","County, NAICS 5-digit -- by ownership sector","All establishment sizes",1,0,0,0,0,0,0,0,"N",0.99,0,0,0,0,0,0,0,"N",-1,-50.0,0,0,0,0,0,0,0,0,0,0,0,0,0,0
"36121","5","23813","77","0","2016","2","N","Wyoming County, New York","Private","NAICS 23813 Framing contractors","County, NAICS 5-digit -- by ownership sector","All establishment sizes",1,0,0,0,0,0,0,0,"N",0.99,0,0,0,0,0,0,0,"N",-1,-50.0,0,0,0,0,0,0,0,0,0,0,0,0,0,0
"36121","5","23813","77","0","2016","3","N","Wyoming County, New York","Private","NAICS 23813 Framing contractors","County, NAICS 5-digit -- by ownership sector","All establishment sizes",1,0,0,0,0,0,0,0,"N",0.99,0,0,0,0,0,0,0,"N",-1,-50.0,0,0,0,0,0,0,0,0,0,0,0,0,0,0
"36121","5","23813","77","0","2016","4","N","Wyoming County, New York","Private","NAICS 23813 Framing contractors","County, NAICS 5-digit -- by ownership sector","All establishment sizes",1,0,0,0,0,0,0,0,"N",0.99,0,0,0,0,0,0,0,"N",-1,-50.0,0,0,0,0,0,0,0,0,0,0,0,0,0,0
"36121","5","238131","78","0","2016","1","N","Wyoming County, New York","Private","NAICS 238131 Residential framing contractors","County, NAICS 6-digit -- by ownership sector","All establishment sizes",1,0,0,0,0,0,0,0,"N",1.17,0,0,0,0,0,0,0,"N",-1,-50.0,0,0,0,0,0,0,0,0,0,0,0,0,0,0
"36121","5","238131","78","0","2016","2","N","Wyoming County, New York","Private","NAICS 238131 Residential framing contractors","County, NAICS 6-digit -- by ownership sector","All establishment sizes",1,0,0,0,0,0,0,0,"N",1.16,0,0,0,0,0,0,0,"N",-1,-50.0,0,0,0,0,0,0,0,0,0,0,0,0,0,0
"36121","5","238131","78","0","2016","3","N","Wyoming County, New York","Private","NAICS 238131 Residential framing contractors","County, NAICS 6-digit -- by ownership sector","All establishment sizes",1,0,0,0,0,0,0,0,"N",1.15,0,0,0,0,0,0,0,"N",-1,-50.0,0,0,0,0,0,0,0,0,0,0,0,0,0,0
"36121","5","238131","78","0","2016","4","N","Wyoming County, New York","Private","NAICS 238131 Residential framing contractors","County, NAICS 6-digit -- by ownership sector","All establishment sizes",1,0,0,0,0,0,0,0,"N",1.16,0,0,0,0,0,0,0,"N",-1,-50.0,0,0,0,0,0,0,0,0,0,0,0,0,0,0
"36121","5","23814","77","0","2016","1","N","Wyoming County, New York","Private","NAICS 23814 Masonry contractors","County, NAICS 5-digit -- by ownership sector","All establishment sizes",1,0,0,0,0,0,0,0,"N",0.53,0,0,0,0,0,0,0,"N",-3,-75.0,0,0,0,0,0,0,0,0,0,0,0,0,0,0
"36121","5","23814","77","0","2016","2","N","Wyoming County, New York","Private","NAICS 23814 Masonry contractors","County, NAICS 5-digit -- by ownership sector","All establishment sizes",1,0,0,0,0,0,0,0,"N",0.53,0,0,0,0,0,0,0,"N",-3,-75.0,0,0,0,0,0,0,0,0,0,0,0,0,0,0
"36121","5","23814","77","0","2016","3","N","Wyoming County, New York","Private","NAICS 23814 Masonry contractors","County, NAICS 5-digit -- by ownership sector","All establishment sizes",1,0,0,0,0,0,0,0,"N",0.53,0,0,0,0,0,0,0,"N",-3,-75.0,0,0,0,0,0,0,0,0,0,0,0,0,0,0
"36121","5","23814","77","0","2016","4","N","Wyoming County, New York","Private","NAICS 23814 Masonry contractors","County, NAICS 5-digit -- by ownership sector","All establishment sizes",1,0,0,0,0,0,0,0,"N",0.54,0,0,0,0,0,0,0,"N",-3,-75.0,0,0,0,0,0,0,0,0,0,0,0,0,0,0
"36121","5","238141","78","0","2016","1","N","Wyoming County, New York","Private","NAICS 238141 Residential masonry contractors","County, NAICS 6-digit -- by ownership sector","All establishment sizes",1,0,0,0,0,0,0,0,"N",0.72,0,0,0,0,0,0,0,"N",-2,-66.7,0,0,0,0,0,0,0,0,0,0,0,0,0,0
"36121","5","238141","78","0","2016","2","N","Wyoming County, New York","Private","NAICS 238141 Residential masonry contractors","County, NAICS 6-digit -- by ownership sector","All establishment sizes",1,0,0,0,0,0,0,0,"N",0.72,0,0,0,0,0,0,0,"N",-2,-66.7,0,0,0,0,0,0,0,0,0,0,0,0,0,0
"36121","5","238141","78","0","2016","3","N","Wyoming County, New York","Private","NAICS 238141 Residential masonry contractors","County, NAICS 6-digit -- by ownership sector","All establishment sizes",1,0,0,0,0,0,0,0,"N",0.72,0,0,0,0,0,0,0,"N",-2,-66.7,0,0,0,0,0,0,0,0,0,0,0,0,0,0
"36121","5","238141","78","0","2016","4","N","Wyoming County, New York","Private","NAICS 238141 Residential masonry contractors","County, NAICS 6-digit -- by ownership sector","All establishment sizes",1,0,0,0,0,0,0,0,"N",0.72,0,0,0,0,0,0,0,"N",-2,-66.7,0,0,0,0,0,0,0,0,0,0,0,0,0,0
"36121","5","23817","77","0","2016","1","N","Wyoming County, New York","Private","NAICS 23817 Siding contractors","County, NAICS 5-digit -- by ownership sector","All establishment sizes",1,0,0,0,0,0,0,0,"N",1.44,0,0,0,0,0,0,0,"N",0,0.0,0,0,0,0,0,0,0,0,0,0,0,0,0,0
"36121","5","23817","77","0","2016","2","N","Wyoming County, New York","Private","NAICS 23817 Siding contractors","County, NAICS 5-digit -- by ownership sector","All establishment sizes",1,0,0,0,0,0,0,0,"N",1.43,0,0,0,0,0,0,0,"N",0,0.0,0,0,0,0,0,0,0,0,0,0,0,0,0,0
"36121","5","23817","77","0","2016","3","N","Wyoming County, New York","Private","NAICS 23817 Siding contractors","County, NAICS 5-digit -- by ownership sector","All establishment sizes",1,0,0,0,0,0,0,0,"N",1.44,0,0,0,0,0,0,0,"N",0,0.0,0,0,0,0,0,0,0,0,0,0,0,0,0,0
"36121","5","23817","77","0","2016","4","N","Wyoming County, New York","Private","NAICS 23817 Siding contractors","County, NAICS 5-digit -- by ownership sector","All establishment sizes",1,0,0,0,0,0,0,0,"N",1.44,0,0,0,0,0,0,0,"N",0,0.0,0,0,0,0,0,0,0,0,0,0,0,0,0,0
"36121","5","238171","78","0","2016","1","N","Wyoming County, New York","Private","NAICS 238171 Residential siding contractors","County, NAICS 6-digit -- by ownership sector","All establishment sizes",1,0,0,0,0,0,0,0,"N",1.57,0,0,0,0,0,0,0,"N",0,0.0,0,0,0,0,0,0,0,0,0,0,0,0,0,0
"36121","5","238171","78","0","2016","2","N","Wyoming County, New York","Private","NAICS 238171 Residential siding contractors","County, NAICS 6-digit -- by ownership sector","All establishment sizes",1,0,0,0,0,0,0,0,"N",1.56,0,0,0,0,0,0,0,"N",0,0.0,0,0,0,0,0,0,0,0,0,0,0,0,0,0
"36121","5","238171","78","0","2016","3","N","Wyoming County, New York","Private","NAICS 238171 Residential siding contractors","County, NAICS 6-digit -- by ownership sector","All establishment sizes",1,0,0,0,0,0,0,0,"N",1.56,0,0,0,0,0,0,0,"N",0,0.0,0,0,0,0,0,0,0,0,0,0,0,0,0,0
"36121","5","238171","78","0","2016","4","N","Wyoming County, New York","Private","NAICS 238171 Residential siding contractors","County, NAICS 6-digit -- by ownership sector","All establishment sizes",1,0,0,0,0,0,0,0,"N",1.56,0,0,0,0,0,0,0,"N",0,0.0,0,0,0,0,0,0,0,0,0,0,0,0,0,0
"36121","5","23819","77","0","2016","1","N","Wyoming County, New York","Private","NAICS 23819 Other building exterior contractors","County, NAICS 5-digit -- by ownership sector","All establishment sizes",1,0,0,0,0,0,0,0,"N",1.73,0,0,0,0,0,0,0,"N",0,0.0,0,0,0,0,0,0,0,0,0,0,0,0,0,0
"36121","5","23819","77","0","2016","2","N","Wyoming County, New York","Private","NAICS 23819 Other building exterior contractors","County, NAICS 5-digit -- by ownership sector","All establishment sizes",1,0,0,0,0,0,0,0,"N",1.71,0,0,0,0,0,0,0,"N",0,0.0,0,0,0,0,0,0,0,0,0,0,0,0,0,0
"36121","5","23819","77","0","2016","3","N","Wyoming County, New York","Private","NAICS 23819 Other building exterior contractors","County, NAICS 5-digit -- by ownership sector","All establishment sizes",1,0,0,0,0,0,0,0,"N",1.71,0,0,0,0,0,0,0,"N",0,0.0,0,0,0,0,0,0,0,0,0,0,0,0,0,0
"36121","5","23819","77","0","2016","4","N","Wyoming County, New York","Private","NAICS 23819 Other building exterior contractors","County, NAICS 5-digit -- by ownership sector","All establishment sizes",1,0,0,0,0,0,0,0,"N",1.71,0,0,0,0,0,0,0,"N",0,0.0,0,0,0,0,0,0,0,0,0,0,0,0,0,0
"36121","5","238191","78","0","2016","1","N","Wyoming County, New York","Private","NAICS 238191 Other residential exterior contractors","County, NAICS 6-digit -- by ownership sector","All establishment sizes",1,0,0,0,0,0,0,0,"N",3.51,0,0,0,0,0,0,0,"N",0,0.0,0,0,0,0,0,0,0,0,0,0,0,0,0,0
"36121","5","238191","78","0","2016","2","N","Wyoming County, New York","Private","NAICS 238191 Other residential exterior contractors","County, NAICS 6-digit -- by ownership sector","All establishment sizes",1,0,0,0,0,0,0,0,"N",3.41,0,0,0,0,0,0,0,"N",0,0.0,0,0,0,0,0,0,0,0,0,0,0,0,0,0
"36121","5","238191","78","0","2016","3","N","Wyoming County, New York","Private","NAICS 238191 Other residential exterior contractors","County, NAICS 6-digit -- by ownership sector","All establishment sizes",1,0,0,0,0,0,0,0,"N",3.40,0,0,0,0,0,0,0,"N",0,0.0,0,0,0,0,0,0,0,0,0,0,0,0,0,0
"36121","5","238191","78","0","2016","4","N","Wyoming County, New York","Private","NAICS 238191 Other residential exterior contractors","County, NAICS 6-digit -- by ownership sector","All establishment sizes",1,0,0,0,0,0,0,0,"N",3.38,0,0,0,0,0,0,0,"N",0,0.0,0,0,0,0,0,0,0,0,0,0,0,0,0,0
"36121","5","2382","76","0","2016","1","","Wyoming County, New York","Private","NAICS 2382 Building equipment contractors","County, NAICS 4-digit -- by ownership sector","All establishment sizes",12,48,47,47,405836,328726,5607,660,"",0.66,0.26,0.25,0.25,0.21,0.25,0.08,0.83,"",-2,-14.3,0,0.0,-6,-11.3,-2,-4.1,-21672,-5.1,-28196,-7.9,-5746,-50.6,2,0.3
"36121","5","2382","76","0","2016","2","","Wyoming County, New York","Private","NAICS 2382 Building equipment contractors","County, NAICS 4-digit -- by ownership sector","All establishment sizes",12,46,47,47,457854,92506,1590,755,"",0.66,0.24,0.24,0.24,0.21,0.19,0.05,0.87,"",-2,-14.3,-6,-11.5,-3,-6.0,-1,-2.1,-25398,-5.3,-24569,-21.0,-1851,-53.8,12,1.6
"36121","5","2382","76","0","2016","3","","Wyoming County, New York","Private","NAICS 2382 Building equipment contractors","County, NAICS 4-digit -- by ownership sector","All establishment sizes",12,43,46,46,412368,219742,3744,705,"",0.66,0.22,0.24,0.23,0.18,0.85,0.24,0.79,"",-2,-14.3,-6,-12.2,-2,-4.2,-3,-6.1,-18788,-4.4,175382,395.4,2529,208.1,24,3.5
"36121","5","2382","76","0","2016","4","","Wyoming County, New York","Private","NAICS 2382 Building equipment contractors","County, NAICS 4-digit -- by ownership sector","All establishment sizes",12,46,45,43,450740,236163,4017,776,"",0.66,0.23,0.24,0.23,0.20,1.43,0.41,0.86,"",-2,-14.3,1,2.2,-1,-2.2,-5,-10.4,-38508,-7.9,169991,256.9,2394,147.5,-36,-4.4
"36121","5","23821","77","0","2016","1","","Wyoming County, New York","Private","NAICS 23821 Electrical and wiring contractors","County, NAICS 5-digit -- by ownership sector","All establishment sizes",4,22,22,23,226025,158900,2710,779,"",0.52,0.28,0.28,0.29,0.27,0.28,0.08,0.97,"N",0,0.0,0,0,0,0,0,0,0,0,0,0,0,0,0,0
"36121","5","23821","77","0","2016","2","","Wyoming County, New York","Private","NAICS 23821 Electrical and wiring contractors","County, NAICS 5-digit -- by ownership sector","All establishment sizes",4,22,23,24,273619,24667,428,915,"",0.52,0.27,0.28,0.28,0.29,0.12,0.03,1.05,"",0,0.0,1,4.8,1,4.5,2,9.1,38399,16.3,-10392,-29.6,-404,-48.6,80,9.6
"36121","5","23821","77","0","2016","3","N","Wyoming County, New York","Private","NAICS 23821 Electrical and wiring contractors","County, NAICS 5-digit -- by ownership sector","All establishment sizes",4,0,0,0,0,0,0,0,"N",0.52,0,0,0,0,0,0,0,"N",0,0.0,0,0,0,0,0,0,0,0,0,0,0,0,0,0
"36121","5","23821","77","0","2016","4","N","Wyoming County, New York","Private","NAICS 23821 Electrical and wiring contractors","County, NAICS 5-digit -- by ownership sector","All establishment sizes",4,0,0,0,0,0,0,0,"N",0.52,0,0,0,0,0,0,0,"N",0,0.0,0,0,0,0,0,0,0,0,0,0,0,0,0,0
"36121","5","238211","78","0","2016","1","N","Wyoming County, New York","Private","NAICS 238211 Residential electrical contractors","County, NAICS 6-digit -- by ownership sector","All establishment sizes",3,0,0,0,0,0,0,0,"N",0.69,0,0,0,0,0,0,0,"N",0,0.0,0,0,0,0,0,0,0,0,0,0,0,0,0,0
"36121","5","238211","78","0","2016","2","N","Wyoming County, New York","Private","NAICS 238211 Residential electrical contractors","County, NAICS 6-digit -- by ownership sector","All establishment sizes",3,0,0,0,0,0,0,0,"N",0.69,0,0,0,0,0,0,0,"N",0,0.0,0,0,0,0,0,0,0,0,0,0,0,0,0,0
"36121","5","238211","78","0","2016","3","","Wyoming County, New York","Private","NAICS 238211 Residential electrical contractors","County, NAICS 6-digit -- by ownership sector","All establishment sizes",3,22,21,21,204200,185146,3155,736,"",0.69,0.83,0.79,0.77,0.82,4.64,1.74,1.03,"N",0,0.0,0,0,0,0,0,0,0,0,0,0,0,0,0,0
"36121","5","238211","78","0","2016","4","","Wyoming County, New York","Private","NAICS 238211 Residential electrical contractors","County, NAICS 6-digit -- by ownership sector","All establishment sizes",3,20,21,21,232417,214191,3643,865,"",0.69,0.74,0.80,0.80,0.94,8.15,3.22,1.20,"N",0,0.0,0,0,0,0,0,0,0,0,0,0,0,0,0,0
"36121","5","238212","78","0","2016","1","N","Wyoming County, New York","Private","NAICS 238212 Nonresidential electrical contractors","County, NAICS 6-digit -- by ownership sector","All establishment sizes",1,0,0,0,0,0,0,0,"N",0.30,0,0,0,0,0,0,0,"N",0,0.0,0,0,0,0,0,0,0,0,0,0,0,0,0,0
"36121","5","238212","78","0","2016","2","N","Wyoming County, New York","Private","NAICS 238212 Nonresidential electrical contractors","County, NAICS 6-digit -- by ownership sector","All establishment sizes",1,0,0,0,0,0,0,0,"N",0.30,0,0,0,0,0,0,0,"N",0,0.0,0,0,0,0,0,0,0,0,0,0,0,0,0,0
"36121","5","238212","78","0","2016","3","N","Wyoming County, New York","Private","NAICS 238212 Nonresidential electrical contractors","County, NAICS 6-digit -- by ownership sector","All establishment sizes",1,0,0,0,0,0,0,0,"N",0.30,0,0,0,0,0,0,0,"N",0,0.0,0,0,0,0,0,0,0,0,0,0,0,0,0,0
"36121","5","238212","78","0","2016","4","N","Wyoming County, New York","Private","NAICS 238212 Nonresidential electrical contractors","County, NAICS 6-digit -- by ownership sector","All establishment sizes",1,0,0,0,0,0,0,0,"N",0.30,0,0,0,0,0,0,0,"N",0,0.0,0,0,0,0,0,0,0,0,0,0,0,0,0,0
"36121","5","23822","77","0","2016","1","N","Wyoming County, New York","Private","NAICS 23822 Plumbing and hvac contractors","County, NAICS 5-digit -- by ownership sector","All establishment sizes",7,0,0,0,0,0,0,0,"N",0.74,0,0,0,0,0,0,0,"N",-1,-12.5,0,0,0,0,0,0,0,0,0,0,0,0,0,0
"36121","5","23822","77","0","2016","2","N","Wyoming County, New York","Private","NAICS 23822 Plumbing and hvac contractors","County, NAICS 5-digit -- by ownership sector","All establishment sizes",7,0,0,0,0,0,0,0,"N",0.73,0,0,0,0,0,0,0,"N",-1,-12.5,0,0,0,0,0,0,0,0,0,0,0,0,0,0
"36121","5","23822","77","0","2016","3","","Wyoming County, New York","Private","NAICS 23822 Plumbing and hvac contractors","County, NAICS 5-digit -- by ownership sector","All establishment sizes",7,19,20,21,185032,26386,449,712,"",0.74,0.19,0.20,0.21,0.17,0.21,0.06,0.83,"N",-1,-12.5,0,0,0,0,0,0,0,0,0,0,0,0,0,0
"36121","5","23822","77","0","2016","4","","Wyoming County, New York","Private","NAICS 23822 Plumbing and hvac contractors","County, NAICS 5-digit -- by ownership sector","All establishment sizes",7,22,22,22,199342,18699,318,697,"",0.74,0.22,0.23,0.23,0.18,0.24,0.07,0.80,"",-1,-12.5,2,10.0,1,4.8,-1,-4.3,-19447,-8.9,-26486,-58.6,-849,-72.8,-92,-11.7
"36121","5","238221","78","0","2016","1","","Wyoming County, New York","Private","NAICS 238221 Residential plumbing and hvac contractors","County, NAICS 6-digit -- by ownership sector","All establishment sizes",6,21,20,19,156136,146151,2495,601,"",0.87,0.47,0.45,0.42,0.43,0.52,0.22,0.97,"N",-1,-14.3,0,0,0,0,0,0,0,0,0,0,0,0,0,0
"36121","5","238221","78","0","2016","2","","Wyoming County, New York","Private","NAICS 238221 Residential plumbing and hvac contractors","County, NAICS 6-digit -- by ownership sector","All establishment sizes",6,19,19,19,161264,48895,840,653,"",0.87,0.41,0.40,0.39,0.37,0.41,0.15,0.93,"",-1,-14.3,0,0.0,-1,-5.0,-1,-5.0,-8360,-4.9,21,0.0,-332,-28.3,-10,-1.5
"36121","5","238221","78","0","2016","3","N","Wyoming County, New York","Private","NAICS 238221 Residential plumbing and hvac contractors","County, NAICS 6-digit -- by ownership sector","All establishment sizes",6,0,0,0,0,0,0,0,"N",0.87,0,0,0,0,0,0,0,"N",-1,-14.3,0,0,0,0,0,0,0,0,0,0,0,0,0,0
"36121","5","238221","78","0","2016","4","N","Wyoming County, New York","Private","NAICS 238221 Residential plumbing and hvac contractors","County, NAICS 6-digit -- by ownership sector","All establishment sizes",6,0,0,0,0,0,0,0,"N",0.87,0,0,0,0,0,0,0,"N",-1,-14.3,0,0,0,0,0,0,0,0,0,0,0,0,0,0
"36121","5","238222","78","0","2016","1","N","Wyoming County, New York","Private","NAICS 238222 Nonresidential plumbing and hvac contractors","County, NAICS 6-digit -- by ownership sector","All establishment sizes",1,0,0,0,0,0,0,0,"N",0.38,0,0,0,0,0,0,0,"N",0,0.0,0,0,0,0,0,0,0,0,0,0,0,0,0,0
"36121","5","238222","78","0","2016","2","N","Wyoming County, New York","Private","NAICS 238222 Nonresidential plumbing and hvac contractors","County, NAICS 6-digit -- by ownership sector","All establishment sizes",1,0,0,0,0,0,0,0,"N",0.38,0,0,0,0,0,0,0,"N",0,0.0,0,0,0,0,0,0,0,0,0,0,0,0,0,0
"36121","5","238222","78","0","2016","3","N","Wyoming County, New York","Private","NAICS 238222 Nonresidential plumbing and hvac contractors","County, NAICS 6-digit -- by ownership sector","All establishment sizes",1,0,0,0,0,0,0,0,"N",0.38,0,0,0,0,0,0,0,"N",0,0.0,0,0,0,0,0,0,0,0,0,0,0,0,0,0
"36121","5","238222","78","0","2016","4","N","Wyoming County, New York","Private","NAICS 238222 Nonresidential plumbing and hvac contractors","County, NAICS 6-digit -- by ownership sector","All establishment sizes",1,0,0,0,0,0,0,0,"N",0.38,0,0,0,0,0,0,0,"N",0,0.0,0,0,0,0,0,0,0,0,0,0,0,0,0,0
"36121","5","23829","77","0","2016","1","N","Wyoming County, New York","Private","NAICS 23829 Other building equipment contractors","County, NAICS 5-digit -- by ownership sector","All establishment sizes",1,0,0,0,0,0,0,0,"N",1.04,0,0,0,0,0,0,0,"N",-1,-50.0,0,0,0,0,0,0,0,0,0,0,0,0,0,0
"36121","5","23829","77","0","2016","2","N","Wyoming County, New York","Private","NAICS 23829 Other building equipment contractors","County, NAICS 5-digit -- by ownership sector","All establishment sizes",1,0,0,0,0,0,0,0,"N",1.04,0,0,0,0,0,0,0,"N",-1,-50.0,0,0,0,0,0,0,0,0,0,0,0,0,0,0
"36121","5","23829","77","0","2016","3","N","Wyoming County, New York","Private","NAICS 23829 Other building equipment contractors","County, NAICS 5-digit -- by ownership sector","All establishment sizes",1,0,0,0,0,0,0,0,"N",1.04,0,0,0,0,0,0,0,"N",-1,-50.0,0,0,0,0,0,0,0,0,0,0,0,0,0,0
"36121","5","23829","77","0","2016","4","N","Wyoming County, New York","Private","NAICS 23829 Other building equipment contractors","County, NAICS 5-digit -- by ownership sector","All establishment sizes",1,0,0,0,0,0,0,0,"N",1.04,0,0,0,0,0,0,0,"N",-1,-50.0,0,0,0,0,0,0,0,0,0,0,0,0,0,0
"36121","5","238291","78","0","2016","1","N","Wyoming County, New York","Private","NAICS 238291 Other residential equipment contractors","County, NAICS 6-digit -- by ownership sector","All establishment sizes",1,0,0,0,0,0,0,0,"N",5.29,0,0,0,0,0,0,0,"N",0,0.0,0,0,0,0,0,0,0,0,0,0,0,0,0,0
"36121","5","238291","78","0","2016","2","N","Wyoming County, New York","Private","NAICS 238291 Other residential equipment contractors","County, NAICS 6-digit -- by ownership sector","All establishment sizes",1,0,0,0,0,0,0,0,"N",5.26,0,0,0,0,0,0,0,"N",0,0.0,0,0,0,0,0,0,0,0,0,0,0,0,0,0
"36121","5","238291","78","0","2016","3","N","Wyoming County, New York","Private","NAICS 238291 Other residential equipment contractors","County, NAICS 6-digit -- by ownership sector","All establishment sizes",1,0,0,0,0,0,0,0,"N",5.25,0,0,0,0,0,0,0,"N",0,0.0,0,0,0,0,0,0,0,0,0,0,0,0,0,0
"36121","5","238291","78","0","2016","4","N","Wyoming County, New York","Private","NAICS 238291 Other residential equipment contractors","County, NAICS 6-digit -- by ownership sector","All establishment sizes",1,0,0,0,0,0,0,0,"N",5.15,0,0,0,0,0,0,0,"N",0,0.0,0,0,0,0,0,0,0,0,0,0,0,0,0,0
"36121","5","2383","76","0","2016","1","","Wyoming County, New York","Private","NAICS 2383 Building finishing contractors","County, NAICS 4-digit -- by ownership sector","All establishment sizes",16,22,20,22,147808,147278,8092,533,"",1.45,0.32,0.29,0.31,0.26,0.34,0.34,0.86,"",2,14.3,-3,-12.0,2,11.1,2,10.0,28448,23.8,39958,37.2,309,4.0,96,22.0
"36121","5","2383","76","0","2016","2","","Wyoming County, New York","Private","NAICS 2383 Building finishing contractors","County, NAICS 4-digit -- by ownership sector","All establishment sizes",15,21,22,26,167947,94684,4957,562,"",1.35,0.29,0.29,0.33,0.25,0.45,0.36,0.81,"",0,0.0,-3,-12.5,-7,-24.1,-3,-10.3,-13048,-7.2,-23403,-19.8,-4407,-47.1,53,10.4
"36121","5","2383","76","0","2016","3","","Wyoming County, New York","Private","NAICS 2383 Building finishing contractors","County, NAICS 4-digit -- by ownership sector","All establishment sizes",16,30,29,27,225607,72918,4127,605,"",1.44,0.39,0.38,0.35,0.32,0.57,0.53,0.84,"",0,0.0,-2,-6.2,-4,-12.1,-4,-12.9,8818,4.1,-40257,-35.6,-5449,-56.9,84,16.1
"36121","5","2383","76","0","2016","4","","Wyoming County, New York","Private","NAICS 2383 Building finishing contractors","County, NAICS 4-digit -- by ownership sector","All establishment sizes",15,26,22,20,160246,35401,1822,544,"",1.35,0.34,0.30,0.28,0.23,0.44,0.41,0.75,"",-1,-6.2,-3,-10.3,-2,-8.3,-8,-28.6,-24732,-13.4,-8770,-19.9,-1639,-47.4,17,3.2
"36121","5","23831","77","0","2016","1","N","Wyoming County, New York","Private","NAICS 23831 Drywall and insulation contractors","County, NAICS 5-digit -- by ownership sector","All establishment sizes",1,0,0,0,0,0,0,0,"N",0.54,0,0,0,0,0,0,0,"N",1,100.0,0,0,0,0,0,0,0,0,0,0,0,0,0,0
"36121","5","23831","77","0","2016","2","-","Wyoming County, New York","Private","NAICS 23831 Drywall and insulation contractors","County, NAICS 5-digit -- by ownership sector","All establishment sizes",0,0,0,0,0,0,0,0,"N",0.00,0,0,0,0,0,0,0,"N",0,0.0,0,0,0,0,0,0,0,0,0,0,0,0,0,0
"36121","5","23831","77","0","2016","3","N","Wyoming County, New York","Private","NAICS 23831 Drywall and insulation contractors","County, NAICS 5-digit -- by ownership sector","All establishment sizes",1,0,0,0,0,0,0,0,"N",0.54,0,0,0,0,0,0,0,"N",0,0.0,0,0,0,0,0,0,0,0,0,0,0,0,0,0
"36121","5","23831","77","0","2016","4","N","Wyoming County, New York","Private","NAICS 23831 Drywall and insulation contractors","County, NAICS 5-digit -- by ownership sector","All establishment sizes",1,0,0,0,0,0,0,0,"N",0.54,0,0,0,0,0,0,0,"N",0,0.0,0,0,0,0,0,0,0,0,0,0,0,0,0,0
"36121","5","238312","78","0","2016","1","N","Wyoming County, New York","Private","NAICS 238312 Nonresidential drywall contractors","County, NAICS 6-digit -- by ownership sector","All establishment sizes",1,0,0,0,0,0,0,0,"N",1.67,0,0,0,0,0,0,0,"N",1,100.0,0,0,0,0,0,0,0,0,0,0,0,0,0,0
"36121","5","238312","78","0","2016","2","-","Wyoming County, New York","Private","NAICS 238312 Nonresidential drywall contractors","County, NAICS 6-digit -- by ownership sector","All establishment sizes",0,0,0,0,0,0,0,0,"N",0.00,0,0,0,0,0,0,0,"N",0,0.0,0,0,0,0,0,0,0,0,0,0,0,0,0,0
"36121","5","238312","78","0","2016","3","N","Wyoming County, New York","Private","NAICS 238312 Nonresidential drywall contractors","County, NAICS 6-digit -- by ownership sector","All establishment sizes",1,0,0,0,0,0,0,0,"N",1.69,0,0,0,0,0,0,0,"N",0,0.0,0,0,0,0,0,0,0,0,0,0,0,0,0,0
"36121","5","238312","78","0","2016","4","N","Wyoming County, New York","Private","NAICS 238312 Nonresidential drywall contractors","County, NAICS 6-digit -- by ownership sector","All establishment sizes",1,0,0,0,0,0,0,0,"N",1.70,0,0,0,0,0,0,0,"N",0,0.0,0,0,0,0,0,0,0,0,0,0,0,0,0,0
"36121","5","23832","77","0","2016","1","","Wyoming County, New York","Private","NAICS 23832 Painting and wall covering contractors","County, NAICS 5-digit -- by ownership sector","All establishment sizes",5,7,8,9,37798,37798,3307,363,"",1.48,0.42,0.48,0.52,0.32,0.39,0.62,0.67,"N",2,66.7,0,0,0,0,0,0,0,0,0,0,0,0,0,0
"36121","5","23832","77","0","2016","2","N","Wyoming County, New York","Private","NAICS 23832 Painting and wall covering contractors","County, NAICS 5-digit -- by ownership sector","All establishment sizes",4,0,0,0,0,0,0,0,"N",1.17,0,0,0,0,0,0,0,"N",0,0.0,0,0,0,0,0,0,0,0,0,0,0,0,0,0
"36121","5","23832","77","0","2016","3","N","Wyoming County, New York","Private","NAICS 23832 Painting and wall covering contractors","County, NAICS 5-digit -- by ownership sector","All establishment sizes",4,0,0,0,0,0,0,0,"N",1.17,0,0,0,0,0,0,0,"N",0,0.0,0,0,0,0,0,0,0,0,0,0,0,0,0,0
"36121","5","23832","77","0","2016","4","N","Wyoming County, New York","Private","NAICS 23832 Painting and wall covering contractors","County, NAICS 5-digit -- by ownership sector","All establishment sizes",4,0,0,0,0,0,0,0,"N",1.17,0,0,0,0,0,0,0,"N",0,0.0,0,0,0,0,0,0,0,0,0,0,0,0,0,0
"36121","5","238321","78","0","2016","1","","Wyoming County, New York","Private","NAICS 238321 Residential painting contractors","County, NAICS 6-digit -- by ownership sector","All establishment sizes",5,7,8,9,37798,37798,3307,363,"",1.85,0.74,0.83,0.91,0.66,0.76,1.48,0.80,"N",2,66.7,0,0,0,0,0,0,0,0,0,0,0,0,0,0
"36121","5","238321","78","0","2016","2","N","Wyoming County, New York","Private","NAICS 238321 Residential painting contractors","County, NAICS 6-digit -- by ownership sector","All establishment sizes",4,0,0,0,0,0,0,0,"N",1.45,0,0,0,0,0,0,0,"N",0,0.0,0,0,0,0,0,0,0,0,0,0,0,0,0,0
"36121","5","238321","78","0","2016","3","N","Wyoming County, New York","Private","NAICS 238321 Residential painting contractors","County, NAICS 6-digit -- by ownership sector","All establishment sizes",4,0,0,0,0,0,0,0,"N",1.45,0,0,0,0,0,0,0,"N",0,0.0,0,0,0,0,0,0,0,0,0,0,0,0,0,0
"36121","5","238321","78","0","2016","4","N","Wyoming County, New York","Private","NAICS 238321 Residential painting contractors","County, NAICS 6-digit -- by ownership sector","All establishment sizes",4,0,0,0,0,0,0,0,"N",1.45,0,0,0,0,0,0,0,"N",0,0.0,0,0,0,0,0,0,0,0,0,0,0,0,0,0
"36121","5","23833","77","0","2016","1","N","Wyoming County, New York","Private","NAICS 23833 Flooring contractors","County, NAICS 5-digit -- by ownership sector","All establishment sizes",3,0,0,0,0,0,0,0,"N",2.07,0,0,0,0,0,0,0,"N",0,0.0,0,0,0,0,0,0,0,0,0,0,0,0,0,0
"36121","5","23833","77","0","2016","2","N","Wyoming County, New York","Private","NAICS 23833 Flooring contractors","County, NAICS 5-digit -- by ownership sector","All establishment sizes",3,0,0,0,0,0,0,0,"N",2.06,0,0,0,0,0,0,0,"N",0,0.0,0,0,0,0,0,0,0,0,0,0,0,0,0,0
"36121","5","23833","77","0","2016","3","N","Wyoming County, New York","Private","NAICS 23833 Flooring contractors","County, NAICS 5-digit -- by ownership sector","All establishment sizes",3,0,0,0,0,0,0,0,"N",2.04,0,0,0,0,0,0,0,"N",0,0.0,0,0,0,0,0,0,0,0,0,0,0,0,0,0
"36121","5","23833","77","0","2016","4","N","Wyoming County, New York","Private","NAICS 23833 Flooring contractors","County, NAICS 5-digit -- by ownership sector","All establishment sizes",3,0,0,0,0,0,0,0,"N",2.04,0,0,0,0,0,0,0,"N",0,0.0,0,0,0,0,0,0,0,0,0,0,0,0,0,0
"36121","5","238331","78","0","2016","1","N","Wyoming County, New York","Private","NAICS 238331 Residential flooring contractors","County, NAICS 6-digit -- by ownership sector","All establishment sizes",2,0,0,0,0,0,0,0,"N",1.72,0,0,0,0,0,0,0,"N",0,0.0,0,0,0,0,0,0,0,0,0,0,0,0,0,0
"36121","5","238331","78","0","2016","2","N","Wyoming County, New York","Private","NAICS 238331 Residential flooring contractors","County, NAICS 6-digit -- by ownership sector","All establishment sizes",2,0,0,0,0,0,0,0,"N",1.71,0,0,0,0,0,0,0,"N",0,0.0,0,0,0,0,0,0,0,0,0,0,0,0,0,0
"36121","5","238331","78","0","2016","3","N","Wyoming County, New York","Private","NAICS 238331 Residential flooring contractors","County, NAICS 6-digit -- by ownership sector","All establishment sizes",2,0,0,0,0,0,0,0,"N",1.69,0,0,0,0,0,0,0,"N",0,0.0,0,0,0,0,0,0,0,0,0,0,0,0,0,0
"36121","5","238331","78","0","2016","4","N","Wyoming County, New York","Private","NAICS 238331 Residential flooring contractors","County, NAICS 6-digit -- by ownership sector","All establishment sizes",2,0,0,0,0,0,0,0,"N",1.68,0,0,0,0,0,0,0,"N",0,0.0,0,0,0,0,0,0,0,0,0,0,0,0,0,0
"36121","5","238332","78","0","2016","1","N","Wyoming County, New York","Private","NAICS 238332 Nonresidential flooring contractors","County, NAICS 6-digit -- by ownership sector","All establishment sizes",1,0,0,0,0,0,0,0,"N",3.50,0,0,0,0,0,0,0,"N",0,0.0,0,0,0,0,0,0,0,0,0,0,0,0,0,0
"36121","5","238332","78","0","2016","2","N","Wyoming County, New York","Private","NAICS 238332 Nonresidential flooring contractors","County, NAICS 6-digit -- by ownership sector","All establishment sizes",1,0,0,0,0,0,0,0,"N",3.50,0,0,0,0,0,0,0,"N",0,0.0,0,0,0,0,0,0,0,0,0,0,0,0,0,0
"36121","5","238332","78","0","2016","3","N","Wyoming County, New York","Private","NAICS 238332 Nonresidential flooring contractors","County, NAICS 6-digit -- by ownership sector","All establishment sizes",1,0,0,0,0,0,0,0,"N",3.52,0,0,0,0,0,0,0,"N",0,0.0,0,0,0,0,0,0,0,0,0,0,0,0,0,0
"36121","5","238332","78","0","2016","4","N","Wyoming County, New York","Private","NAICS 238332 Nonresidential flooring contractors","County, NAICS 6-digit -- by ownership sector","All establishment sizes",1,0,0,0,0,0,0,0,"N",3.54,0,0,0,0,0,0,0,"N",0,0.0,0,0,0,0,0,0,0,0,0,0,0,0,0,0
"36121","5","23835","77","0","2016","1","","Wyoming County, New York","Private","NAICS 23835 Finish carpentry contractors","County, NAICS 5-digit -- by ownership sector","All establishment sizes",7,11,9,11,85931,85401,3535,640,"",2.63,0.88,0.72,0.87,0.88,1.11,0.97,1.07,"",0,0.0,-1,-8.3,3,50.0,3,37.5,35963,72.0,35433,70.9,-171,-4.6,196,44.1
"36121","5","23835","77","0","2016","2","","Wyoming County, New York","Private","NAICS 23835 Finish carpentry contractors","County, NAICS 5-digit -- by ownership sector","All establishment sizes",8,14,15,18,126033,66110,3460,619,"",3.00,1.09,1.13,1.32,1.08,1.88,1.80,0.92,"",1,14.3,1,7.7,2,15.4,3,20.0,43742,53.2,9301,16.4,-965,-21.8,156,33.7
"36121","5","23835","77","0","2016","3","","Wyoming County, New York","Private","NAICS 23835 Finish carpentry contractors","County, NAICS 5-digit -- by ownership sector","All establishment sizes",8,20,20,21,152667,46186,2577,578,"",3.00,1.51,1.51,1.56,1.26,2.35,2.52,0.82,"",1,14.3,7,53.8,7,53.8,6,40.0,68990,82.4,3957,9.4,-538,-17.3,107,22.7
"36121","5","23835","77","0","2016","4","","Wyoming County, New York","Private","NAICS 23835 Finish carpentry contractors","County, NAICS 5-digit -- by ownership sector","All establishment sizes",7,21,18,17,128305,27092,1475,529,"",2.63,1.57,1.38,1.31,1.07,2.08,2.31,0.75,"",0,0.0,8,61.5,8,80.0,2,13.3,44631,53.3,-1595,-5.6,-628,-29.9,21,4.1
"36121","5","238351","78","0","2016","1","N","Wyoming County, New York","Private","NAICS 238351 Residential finish carpentry contractors","County, NAICS 6-digit -- by ownership sector","All establishment sizes",6,0,0,0,0,0,0,0,"N",2.65,0,0,0,0,0,0,0,"N",0,0.0,0,0,0,0,0,0,0,0,0,0,0,0,0,0
"36121","5","238351","78","0","2016","2","","Wyoming County, New York","Private","NAICS 238351 Residential finish carpentry contractors","County, NAICS 6-digit -- by ownership sector","All establishment sizes",8,14,15,18,126033,66110,3460,619,"",3.51,1.45,1.51,1.77,1.57,2.52,2.77,0.99,"N",2,33.3,0,0,0,0,0,0,0,0,0,0,0,0,0,0
"36121","5","238351","78","0","2016","3","","Wyoming County, New York","Private","NAICS 238351 Residential finish carpentry contractors","County, NAICS 6-digit -- by ownership sector","All establishment sizes",8,20,20,21,152667,46186,2577,578,"",3.51,2.02,2.02,2.09,1.83,3.14,3.93,0.89,"N",2,33.3,0,0,0,0,0,0,0,0,0,0,0,0,0,0
"36121","5","238351","78","0","2016","4","","Wyoming County, New York","Private","NAICS 238351 Residential finish carpentry contractors","County, NAICS 6-digit -- by ownership sector","All establishment sizes",7,21,18,17,128305,27092,1475,529,"",3.08,2.09,1.84,1.75,1.55,2.79,3.63,0.82,"N",1,16.7,0,0,0,0,0,0,0,0,0,0,0,0,0,0
"36121","5","238352","78","0","2016","1","N","Wyoming County, New York","Private","NAICS 238352 Nonresidential finish carpentry contractors","County, NAICS 6-digit -- by ownership sector","All establishment sizes",1,0,0,0,0,0,0,0,"N",2.55,0,0,0,0,0,0,0,"N",0,0.0,0,0,0,0,0,0,0,0,0,0,0,0,0,0
"36121","5","238352","78","0","2016","2","-","Wyoming County, New York","Private","NAICS 238352 Nonresidential finish carpentry contractors","County, NAICS 6-digit -- by ownership sector","All establishment sizes",0,0,0,0,0,0,0,0,"N",0.00,0,0,0,0,0,0,0,"N",-1,-100.0,0,0,0,0,0,0,0,0,0,0,0,0,0,0
"36121","5","238352","78","0","2016","3","-","Wyoming County, New York","Private","NAICS 238352 Nonresidential finish carpentry contractors","County, NAICS 6-digit -- by ownership sector","All establishment sizes",0,0,0,0,0,0,0,0,"N",0.00,0,0,0,0,0,0,0,"N",-1,-100.0,0,0,0,0,0,0,0,0,0,0,0,0,0,0
"36121","5","238352","78","0","2016","4","-","Wyoming County, New York","Private","NAICS 238352 Nonresidential finish carpentry contractors","County, NAICS 6-digit -- by ownership sector","All establishment sizes",0,0,0,0,0,0,0,0,"N",0.00,0,0,0,0,0,0,0,"N",-1,-100.0,0,0,0,0,0,0,0,0,0,0,0,0,0,0
"36121","5","2389","76","0","2016","1","","Wyoming County, New York","Private","NAICS 2389 Other specialty trade contractors","County, NAICS 4-digit -- by ownership sector","All establishment sizes",18,54,52,49,397676,369443,25303,592,"",2.53,1.03,1.00,0.90,0.86,1.09,1.27,0.88,"",-1,-5.3,7,14.9,6,13.0,-3,-5.8,16149,4.2,16421,4.7,999,4.1,-15,-2.5
"36121","5","2389","76","0","2016","2","","Wyoming County, New York","Private","NAICS 2389 Other specialty trade contractors","County, NAICS 4-digit -- by ownership sector","All establishment sizes",18,68,86,88,656643,363132,25810,626,"",2.51,1.15,1.36,1.34,1.06,1.87,1.58,0.82,"",-1,-5.3,4,6.2,-2,-2.3,-7,-7.4,-39640,-5.7,-30440,-7.7,-3136,-10.8,-25,-3.8
"36121","5","2389","76","0","2016","3","","Wyoming County, New York","Private","NAICS 2389 Other specialty trade contractors","County, NAICS 4-digit -- by ownership sector","All establishment sizes",18,94,95,96,849416,211972,13219,688,"",2.51,1.47,1.50,1.48,1.27,1.93,1.58,0.85,"",-1,-5.3,2,2.2,6,6.7,7,7.9,60973,7.7,30910,17.1,1288,10.8,14,2.1
"36121","5","2389","76","0","2016","4","","Wyoming County, New York","Private","NAICS 2389 Other specialty trade contractors","County, NAICS 4-digit -- by ownership sector","All establishment sizes",18,96,87,76,765761,92769,5935,682,"",2.52,1.50,1.43,1.33,1.20,1.56,1.55,0.84,"",-1,-5.3,9,10.3,6,7.4,2,2.7,-6574,-0.9,32001,52.7,2096,54.6,-54,-7.3
"36121","5","23891","77","0","2016","1","","Wyoming County, New York","Private","NAICS 23891 Site preparation contractors","County, NAICS 5-digit -- by ownership sector","All establishment sizes",11,37,38,37,255679,243689,13357,527,"",3.30,1.37,1.42,1.34,1.07,1.35,1.23,0.78,"",-1,-8.3,5,15.6,6,18.8,-1,-2.6,14261,5.9,16211,7.1,1482,12.5,-19,-3.5
"36121","5","23891","77","0","2016","2","","Wyoming County, New York","Private","NAICS 23891 Site preparation contractors","County, NAICS 5-digit -- by ownership sector","All establishment sizes",11,48,52,52,381521,202755,10738,579,"",3.29,1.64,1.69,1.62,1.23,2.13,1.41,0.74,"",-1,-8.3,2,4.3,-4,-7.1,-7,-11.9,-25418,-6.2,-33271,-14.1,-2997,-21.8,-4,-0.7
"36121","5","23891","77","0","2016","3","","Wyoming County, New York","Private","NAICS 23891 Site preparation contractors","County, NAICS 5-digit -- by ownership sector","All establishment sizes",11,56,57,58,475112,124223,5895,641,"",3.31,1.80,1.83,1.82,1.41,2.31,1.49,0.77,"",-1,-8.3,1,1.8,4,7.5,5,9.4,-905,-0.2,11391,10.1,-242,-3.9,-41,-6.0
"36121","5","23891","77","0","2016","4","","Wyoming County, New York","Private","NAICS 23891 Site preparation contractors","County, NAICS 5-digit -- by ownership sector","All establishment sizes",11,60,55,52,445793,57420,2638,616,"",3.33,1.90,1.82,1.80,1.37,1.94,1.39,0.74,"",-1,-8.3,7,13.2,4,7.8,4,8.3,17625,4.1,25747,81.3,1440,120.2,-34,-5.2
"36121","5","238911","78","0","2016","1","","Wyoming County, New York","Private","NAICS 238911 Residential site preparation contractors","County, NAICS 6-digit -- by ownership sector","All establishment sizes",8,26,27,24,157444,151815,7448,472,"",4.33,2.77,2.90,2.50,2.18,2.61,2.35,0.80,"N",-1,-11.1,0,0,0,0,0,0,0,0,0,0,0,0,0,0
"36121","5","238911","78","0","2016","2","","Wyoming County, New York","Private","NAICS 238911 Residential site preparation contractors","County, NAICS 6-digit -- by ownership sector","All establishment sizes",8,35,37,39,261368,160749,8315,543,"",4.32,3.38,3.37,3.41,2.70,4.58,3.24,0.80,"N",-1,-11.1,0,0,0,0,0,0,0,0,0,0,0,0,0,0
"36121","5","238911","78","0","2016","3","","Wyoming County, New York","Private","NAICS 238911 Residential site preparation contractors","County, NAICS 6-digit -- by ownership sector","All establishment sizes",8,42,41,42,332392,85127,3631,614,"",4.33,3.77,3.69,3.70,3.17,4.10,2.61,0.85,"",-1,-11.1,2,5.0,3,7.9,6,16.7,5759,1.8,6352,8.1,-289,-7.4,-47,-7.1
"36121","5","238911","78","0","2016","4","","Wyoming County, New York","Private","NAICS 238911 Residential site preparation contractors","County, NAICS 6-digit -- by ownership sector","All establishment sizes",8,44,41,38,310067,42963,1867,582,"",4.34,3.89,3.78,3.65,3.06,3.74,2.88,0.81,"N",-1,-11.1,0,0,0,0,0,0,0,0,0,0,0,0,0,0
"36121","5","238912","78","0","2016","1","","Wyoming County, New York","Private","NAICS 238912 Nonresidential site preparation contractors","County, NAICS 6-digit -- by ownership sector","All establishment sizes",3,11,11,13,98235,91874,5909,648,"",2.01,0.62,0.63,0.73,0.59,0.75,0.77,0.89,"N",0,0.0,0,0,0,0,0,0,0,0,0,0,0,0,0,0
"36121","5","238912","78","0","2016","2","","Wyoming County, New York","Private","NAICS 238912 Nonresidential site preparation contractors","County, NAICS 6-digit -- by ownership sector","All establishment sizes",3,13,15,13,120153,42006,2423,676,"",2.02,0.69,0.76,0.63,0.56,0.70,0.48,0.81,"N",0,0.0,0,0,0,0,0,0,0,0,0,0,0,0,0,0
"36121","5","238912","78","0","2016","3","","Wyoming County, New York","Private","NAICS 238912 Nonresidential site preparation contractors","County, NAICS 6-digit -- by ownership sector","All establishment sizes",3,14,16,16,142720,39096,2264,716,"",2.03,0.70,0.80,0.78,0.61,1.18,0.88,0.81,"",0,0.0,-1,-6.7,1,6.7,-1,-5.9,-6664,-4.5,5039,14.8,47,2.1,-17,-2.3
"36121","5","238912","78","0","2016","4","","Wyoming County, New York","Private","NAICS 238912 Nonresidential site preparation contractors","County, NAICS 6-digit -- by ownership sector","All establishment sizes",3,16,14,14,135726,14457,771,712,"",2.05,0.79,0.72,0.76,0.60,0.80,0.62,0.80,"N",0,0.0,0,0,0,0,0,0,0,0,0,0,0,0,0,0
"36121","5","23899","77","0","2016","1","","Wyoming County, New York","Private","NAICS 23899 All other specialty trade contractors","County, NAICS 5-digit -- by ownership sector","All establishment sizes",7,17,14,12,141997,125754,11946,762,"",1.85,0.67,0.55,0.45,0.64,0.79,1.31,1.16,"",0,0.0,2,13.3,0,0.0,-2,-14.3,1888,1.3,210,0.2,-483,-3.9,10,1.3
"36121","5","23899","77","0","2016","2","","Wyoming County, New York","Private","NAICS 23899 All other specialty trade contractors","County, NAICS 5-digit -- by ownership sector","All establishment sizes",7,20,34,36,275122,160377,15072,705,"",1.83,0.67,1.05,1.07,0.89,1.61,1.73,0.95,"",0,0.0,2,11.1,2,6.2,0,0.0,-14222,-4.9,2831,1.8,-139,-0.9,-71,-9.1
"36121","5","23899","77","0","2016","3","","Wyoming County, New York","Private","NAICS 23899 All other specialty trade contractors","County, NAICS 5-digit -- by ownership sector","All establishment sizes",7,38,38,38,374304,87749,7324,758,"",1.82,1.17,1.17,1.15,1.13,1.56,1.66,0.97,"",0,0.0,1,2.7,2,5.6,2,5.6,61878,19.8,19519,28.6,1530,26.4,97,14.7
"36121","5","23899","77","0","2016","4","","Wyoming County, New York","Private","NAICS 23899 All other specialty trade contractors","County, NAICS 5-digit -- by ownership sector","All establishment sizes",7,36,32,24,319968,35349,3297,803,"",1.82,1.11,1.05,0.86,1.03,1.19,1.70,1.02,"",0,0.0,2,5.9,2,6.7,-2,-7.7,-24199,-7.0,6254,21.5,656,24.8,-79,-9.0
"36121","5","238991","78","0","2016","1","N","Wyoming County, New York","Private","NAICS 238991 All other residential trade contractors","County, NAICS 6-digit -- by ownership sector","All establishment sizes",4,0,0,0,0,0,0,0,"N",1.62,0,0,0,0,0,0,0,"N",0,0.0,0,0,0,0,0,0,0,0,0,0,0,0,0,0
"36121","5","238991","78","0","2016","2","","Wyoming County, New York","Private","NAICS 238991 All other residential trade contractors","County, NAICS 6-digit -- by ownership sector","All establishment sizes",4,6,14,15,94050,74788,6941,620,"",1.60,0.44,0.92,0.94,0.77,1.55,1.66,0.99,"",0,0.0,-1,-14.3,1,7.7,-2,-11.8,-29041,-23.6,-15149,-16.8,-1577,-18.5,-148,-19.3
"36121","5","238991","78","0","2016","3","","Wyoming County, New York","Private","NAICS 238991 All other residential trade contractors","County, NAICS 6-digit -- by ownership sector","All establishment sizes",4,16,17,18,170244,50439,3779,770,"",1.60,1.04,1.11,1.17,1.28,1.83,1.78,1.16,"",0,0.0,-1,-5.9,0,0.0,0,0.0,25650,17.7,13681,37.2,1101,41.1,128,19.9
"36121","5","238991","78","0","2016","4","N","Wyoming County, New York","Private","NAICS 238991 All other residential trade contractors","County, NAICS 6-digit -- by ownership sector","All establishment sizes",4,0,0,0,0,0,0,0,"N",1.60,0,0,0,0,0,0,0,"N",0,0.0,0,0,0,0,0,0,0,0,0,0,0,0,0,0
"36121","5","238992","78","0","2016","1","N","Wyoming County, New York","Private","NAICS 238992 All other nonresidential trade contractors","County, NAICS 6-digit -- by ownership sector","All establishment sizes",3,0,0,0,0,0,0,0,"N",2.26,0,0,0,0,0,0,0,"N",0,0.0,0,0,0,0,0,0,0,0,0,0,0,0,0,0
"36121","5","238992","78","0","2016","2","","Wyoming County, New York","Private","NAICS 238992 All other nonresidential trade contractors","County, NAICS 6-digit -- by ownership sector","All establishment sizes",3,14,20,21,181072,85589,8131,760,"",2.24,0.86,1.16,1.19,0.97,1.67,1.80,0.91,"",0,0.0,3,27.3,1,5.3,2,10.5,14819,8.9,17980,26.6,1438,21.5,-23,-2.9
"36121","5","238992","78","0","2016","3","","Wyoming County, New York","Private","NAICS 238992 All other nonresidential trade contractors","County, NAICS 6-digit -- by ownership sector","All establishment sizes",3,22,21,20,204060,37310,3545,747,"",2.24,1.28,1.23,1.14,1.03,1.30,1.54,0.84,"",0,0.0,2,10.0,2,10.5,2,11.1,36228,21.6,5838,18.5,429,13.8,68,10.0
"36121","5","238992","78","0","2016","4","N","Wyoming County, New York","Private","NAICS 238992 All other nonresidential trade contractors","County, NAICS 6-digit -- by ownership sector","All establishment sizes",3,0,0,0,0,0,0,0,"N",2.24,0,0,0,0,0,0,0,"N",0,0.0,0,0,0,0,0,0,0,0,0,0,0,0,0,0
"36121","5","31-33","74","0","2016","1","","Wyoming County, New York","Private","NAICS 31-33 Manufacturing","County, NAICS Sector -- by ownership sector","All establishment sizes",47,1743,1734,1730,20994002,15275294,503971,930,"",1.48,1.49,1.49,1.48,1.48,1.85,1.66,0.99,"",3,6.8,-91,-5.0,-100,-5.5,-120,-6.5,-1136790,-5.1,-180694,-1.2,-141110,-21.9,4,0.4
"36121","5","31-33","74","0","2016","2","","Wyoming County, New York","Private","NAICS 31-33 Manufacturing","County, NAICS Sector -- by ownership sector","All establishment sizes",46,1725,1724,1740,20986794,3461208,132930,933,"",1.45,1.47,1.44,1.43,1.42,1.37,1.37,0.98,"",2,4.5,-134,-7.2,-149,-8.0,-46,-2.6,-802223,-3.7,-96445,-2.7,-29111,-18.0,22,2.4
"36121","5","31-33","74","0","2016","3","","Wyoming County, New York","Private","NAICS 31-33 Manufacturing","County, NAICS Sector -- by ownership sector","All establishment sizes",46,1727,1714,1693,20340849,856060,25212,914,"",1.45,1.47,1.46,1.42,1.39,0.78,0.61,0.96,"",2,4.5,-118,-6.4,-123,-6.7,-144,-7.8,-210724,-1.0,-139386,-14.0,-17294,-40.7,55,6.4
"36121","5","31-33","74","0","2016","4","","Wyoming County, New York","Private","NAICS 31-33 Manufacturing","County, NAICS Sector -- by ownership sector","All establishment sizes",46,1709,1709,1718,20840820,727700,19962,936,"",1.46,1.44,1.49,1.50,1.47,1.17,0.90,1.00,"",1,2.2,-84,-4.7,-86,-4.8,-89,-4.9,-2378983,-10.2,-180222,-19.8,-17580,-46.8,-57,-5.7
"36121","5","311","75","0","2016","1","","Wyoming County, New York","Private","NAICS 311 Food manufacturing","County, NAICS 3-digit -- by ownership sector","All establishment sizes",10,482,478,481,6232191,4554973,84763,998,"",3.34,3.35,3.32,3.33,5.16,5.18,3.00,1.55,"",1,11.1,10,2.1,2,0.4,4,0.8,103120,1.7,222327,5.1,-28749,-25.3,5,0.5
"36121","5","311","75","0","2016","2","","Wyoming County, New York","Private","NAICS 311 Food manufacturing","County, NAICS 3-digit -- by ownership sector","All establishment sizes",10,476,480,490,6856077,652206,12632,1094,"",3.32,3.28,3.23,3.21,5.27,1.67,0.96,1.63,"",1,11.1,-4,-0.8,-7,-1.4,13,2.7,190101,2.9,-85711,-11.6,-6197,-32.9,29,2.7
"36121","5","311","75","0","2016","3","","Wyoming County, New York","Private","NAICS 311 Food manufacturing","County, NAICS 3-digit -- by ownership sector","All establishment sizes",10,489,486,480,6679004,274933,5777,1059,"",3.33,3.28,3.25,3.15,4.94,1.32,0.77,1.53,"",1,11.1,17,3.6,21,4.5,13,2.8,702734,11.8,45246,19.7,-230,-3.8,77,7.8
"36121","5","311","75","0","2016","4","","Wyoming County, New York","Private","NAICS 311 Food manufacturing","County, NAICS 3-digit -- by ownership sector","All establishment sizes",10,487,482,494,6426079,297595,5768,1014,"",3.33,3.22,3.30,3.39,4.97,2.50,1.55,1.50,"",1,11.1,16,3.4,5,1.0,12,2.5,-10972,-0.2,95811,47.5,277,5.0,-25,-2.4
"36121","5","3111","76","0","2016","1","","Wyoming County, New York","Private","NAICS 3111 Animal food manufacturing","County, NAICS 4-digit -- by ownership sector","All establishment sizes",4,174,178,179,2511656,1727928,35831,1092,"",19.59,31.76,32.46,32.40,40.20,42.52,33.22,1.25,"",0,0.0,-1,-0.6,1,0.6,5,2.9,-2363,-0.1,50719,3.0,-18530,-34.1,-11,-1.0
"36121","5","3111","76","0","2016","2","","Wyoming County, New York","Private","NAICS 3111 Animal food manufacturing","County, NAICS 4-digit -- by ownership sector","All establishment sizes",4,176,179,181,2577751,203487,4032,1110,"",19.50,31.73,31.64,31.46,41.28,15.23,11.64,1.30,"",0,0.0,-3,-1.7,-4,-2.2,4,2.3,331986,14.8,-10132,-4.7,-2369,-37.0,148,15.4
"36121","5","3111","76","0","2016","3","","Wyoming County, New York","Private","NAICS 3111 Animal food manufacturing","County, NAICS 4-digit -- by ownership sector","All establishment sizes",4,179,174,174,2415659,87392,1742,1058,"",19.56,32.20,31.30,30.56,37.65,15.30,11.34,1.20,"",0,0.0,-1,-0.6,-1,-0.6,3,1.8,94791,4.1,-11488,-11.6,-1156,-39.9,40,3.9
"36121","5","3111","76","0","2016","4","","Wyoming County, New York","Private","NAICS 3111 Animal food manufacturing","County, NAICS 4-digit -- by ownership sector","All establishment sizes",4,177,171,173,2364479,96799,1884,1047,"",19.64,31.15,31.04,31.24,36.72,27.75,19.57,1.18,"",0,0.0,1,0.6,-10,-5.5,-3,-1.7,-120528,-4.9,19093,24.6,-639,-25.3,-29,-2.7
"36121","5","31111","77","0","2016","1","","Wyoming County, New York","Private","NAICS 31111 Animal food manufacturing","County, NAICS 5-digit -- by ownership sector","All establishment sizes",4,174,178,179,2511656,1727928,35831,1092,"",19.59,31.76,32.46,32.40,40.20,42.52,33.22,1.25,"",0,0.0,-1,-0.6,1,0.6,5,2.9,-2363,-0.1,50719,3.0,-18530,-34.1,-11,-1.0
"36121","5","31111","77","0","2016","2","","Wyoming County, New York","Private","NAICS 31111 Animal food manufacturing","County, NAICS 5-digit -- by ownership sector","All establishment sizes",4,176,179,181,2577751,203487,4032,1110,"",19.50,31.73,31.64,31.46,41.28,15.23,11.64,1.30,"",0,0.0,-3,-1.7,-4,-2.2,4,2.3,331986,14.8,-10132,-4.7,-2369,-37.0,148,15.4
"36121","5","31111","77","0","2016","3","","Wyoming County, New York","Private","NAICS 31111 Animal food manufacturing","County, NAICS 5-digit -- by ownership sector","All establishment sizes",4,179,174,174,2415659,87392,1742,1058,"",19.56,32.20,31.30,30.56,37.65,15.30,11.34,1.20,"",0,0.0,-1,-0.6,-1,-0.6,3,1.8,94791,4.1,-11488,-11.6,-1156,-39.9,40,3.9
"36121","5","31111","77","0","2016","4","","Wyoming County, New York","Private","NAICS 31111 Animal food manufacturing","County, NAICS 5-digit -- by ownership sector","All establishment sizes",4,177,171,173,2364479,96799,1884,1047,"",19.64,31.15,31.04,31.24,36.72,27.75,19.57,1.18,"",0,0.0,1,0.6,-10,-5.5,-3,-1.7,-120528,-4.9,19093,24.6,-639,-25.3,-29,-2.7
"36121","5","311111","78","0","2016","1","N","Wyoming County, New York","Private","NAICS 311111 Dog and cat food manufacturing","County, NAICS 6-digit -- by ownership sector","All establishment sizes",1,0,0,0,0,0,0,0,"N",21.12,0,0,0,0,0,0,0,"N",0,0.0,0,0,0,0,0,0,0,0,0,0,0,0,0,0
"36121","5","311111","78","0","2016","2","N","Wyoming County, New York","Private","NAICS 311111 Dog and cat food manufacturing","County, NAICS 6-digit -- by ownership sector","All establishment sizes",1,0,0,0,0,0,0,0,"N",20.50,0,0,0,0,0,0,0,"N",0,0.0,0,0,0,0,0,0,0,0,0,0,0,0,0,0
"36121","5","311111","78","0","2016","3","N","Wyoming County, New York","Private","NAICS 311111 Dog and cat food manufacturing","County, NAICS 6-digit -- by ownership sector","All establishment sizes",1,0,0,0,0,0,0,0,"N",20.26,0,0,0,0,0,0,0,"N",0,0.0,0,0,0,0,0,0,0,0,0,0,0,0,0,0
"36121","5","311111","78","0","2016","4","N","Wyoming County, New York","Private","NAICS 311111 Dog and cat food manufacturing","County, NAICS 6-digit -- by ownership sector","All establishment sizes",1,0,0,0,0,0,0,0,"N",20.16,0,0,0,0,0,0,0,"N",0,0.0,0,0,0,0,0,0,0,0,0,0,0,0,0,0
"36121","5","311119","78","0","2016","1","N","Wyoming County, New York","Private","NAICS 311119 Other animal food manufacturing","County, NAICS 6-digit -- by ownership sector","All establishment sizes",3,0,0,0,0,0,0,0,"N",19.13,0,0,0,0,0,0,0,"N",0,0.0,0,0,0,0,0,0,0,0,0,0,0,0,0,0
"36121","5","311119","78","0","2016","2","N","Wyoming County, New York","Private","NAICS 311119 Other animal food manufacturing","County, NAICS 6-digit -- by ownership sector","All establishment sizes",3,0,0,0,0,0,0,0,"N",19.18,0,0,0,0,0,0,0,"N",0,0.0,0,0,0,0,0,0,0,0,0,0,0,0,0,0
"36121","5","311119","78","0","2016","3","N","Wyoming County, New York","Private","NAICS 311119 Other animal food manufacturing","County, NAICS 6-digit -- by ownership sector","All establishment sizes",3,0,0,0,0,0,0,0,"N",19.33,0,0,0,0,0,0,0,"N",0,0.0,0,0,0,0,0,0,0,0,0,0,0,0,0,0
"36121","5","311119","78","0","2016","4","N","Wyoming County, New York","Private","NAICS 311119 Other animal food manufacturing","County, NAICS 6-digit -- by ownership sector","All establishment sizes",3,0,0,0,0,0,0,0,"N",19.48,0,0,0,0,0,0,0,"N",0,0.0,0,0,0,0,0,0,0,0,0,0,0,0,0,0
"36121","5","3113","76","0","2016","1","N","Wyoming County, New York","Private","NAICS 3113 Sugar and confectionery product manufacturing","County, NAICS 4-digit -- by ownership sector","All establishment sizes",1,0,0,0,0,0,0,0,"N",5.19,0,0,0,0,0,0,0,"N",0,0.0,0,0,0,0,0,0,0,0,0,0,0,0,0,0
"36121","5","3113","76","0","2016","2","N","Wyoming County, New York","Private","NAICS 3113 Sugar and confectionery product manufacturing","County, NAICS 4-digit -- by ownership sector","All establishment sizes",1,0,0,0,0,0,0,0,"N",5.22,0,0,0,0,0,0,0,"N",0,0.0,0,0,0,0,0,0,0,0,0,0,0,0,0,0
"36121","5","3113","76","0","2016","3","N","Wyoming County, New York","Private","NAICS 3113 Sugar and confectionery product manufacturing","County, NAICS 4-digit -- by ownership sector","All establishment sizes",1,0,0,0,0,0,0,0,"N",5.25,0,0,0,0,0,0,0,"N",0,0.0,0,0,0,0,0,0,0,0,0,0,0,0,0,0
"36121","5","3113","76","0","2016","4","N","Wyoming County, New York","Private","NAICS 3113 Sugar and confectionery product manufacturing","County, NAICS 4-digit -- by ownership sector","All establishment sizes",1,0,0,0,0,0,0,0,"N",5.23,0,0,0,0,0,0,0,"N",0,0.0,0,0,0,0,0,0,0,0,0,0,0,0,0,0
"36121","5","31135","77","0","2016","1","N","Wyoming County, New York","Private","NAICS 31135 Chocolate and confectionery manufacturing","County, NAICS 5-digit -- by ownership sector","All establishment sizes",1,0,0,0,0,0,0,0,"N",7.85,0,0,0,0,0,0,0,"N",0,0.0,0,0,0,0,0,0,0,0,0,0,0,0,0,0
"36121","5","31135","77","0","2016","2","N","Wyoming County, New York","Private","NAICS 31135 Chocolate and confectionery manufacturing","County, NAICS 5-digit -- by ownership sector","All establishment sizes",1,0,0,0,0,0,0,0,"N",7.86,0,0,0,0,0,0,0,"N",0,0.0,0,0,0,0,0,0,0,0,0,0,0,0,0,0
"36121","5","31135","77","0","2016","3","N","Wyoming County, New York","Private","NAICS 31135 Chocolate and confectionery manufacturing","County, NAICS 5-digit -- by ownership sector","All establishment sizes",1,0,0,0,0,0,0,0,"N",7.91,0,0,0,0,0,0,0,"N",0,0.0,0,0,0,0,0,0,0,0,0,0,0,0,0,0
"36121","5","31135","77","0","2016","4","N","Wyoming County, New York","Private","NAICS 31135 Chocolate and confectionery manufacturing","County, NAICS 5-digit -- by ownership sector","All establishment sizes",1,0,0,0,0,0,0,0,"N",7.86,0,0,0,0,0,0,0,"N",0,0.0,0,0,0,0,0,0,0,0,0,0,0,0,0,0
"36121","5","311352","78","0","2016","1","N","Wyoming County, New York","Private","NAICS 311352 Confectionery mfg. from purchased chocolate","County, NAICS 6-digit -- by ownership sector","All establishment sizes",1,0,0,0,0,0,0,0,"N",9.30,0,0,0,0,0,0,0,"N",0,0.0,0,0,0,0,0,0,0,0,0,0,0,0,0,0
"36121","5","311352","78","0","2016","2","N","Wyoming County, New York","Private","NAICS 311352 Confectionery mfg. from purchased chocolate","County, NAICS 6-digit -- by ownership sector","All establishment sizes",1,0,0,0,0,0,0,0,"N",9.39,0,0,0,0,0,0,0,"N",0,0.0,0,0,0,0,0,0,0,0,0,0,0,0,0,0
"36121","5","311352","78","0","2016","3","N","Wyoming County, New York","Private","NAICS 311352 Confectionery mfg. from purchased chocolate","County, NAICS 6-digit -- by ownership sector","All establishment sizes",1,0,0,0,0,0,0,0,"N",9.45,0,0,0,0,0,0,0,"N",0,0.0,0,0,0,0,0,0,0,0,0,0,0,0,0,0
"36121","5","311352","78","0","2016","4","N","Wyoming County, New York","Private","NAICS 311352 Confectionery mfg. from purchased chocolate","County, NAICS 6-digit -- by ownership sector","All establishment sizes",1,0,0,0,0,0,0,0,"N",9.43,0,0,0,0,0,0,0,"N",0,0.0,0,0,0,0,0,0,0,0,0,0,0,0,0,0
"36121","5","3115","76","0","2016","1","N","Wyoming County, New York","Private","NAICS 3115 Dairy product manufacturing","County, NAICS 4-digit -- by ownership sector","All establishment sizes",1,0,0,0,0,0,0,0,"N",5.20,0,0,0,0,0,0,0,"N",1,100.0,0,0,0,0,0,0,0,0,0,0,0,0,0,0
"36121","5","3115","76","0","2016","2","N","Wyoming County, New York","Private","NAICS 3115 Dairy product manufacturing","County, NAICS 4-digit -- by ownership sector","All establishment sizes",1,0,0,0,0,0,0,0,"N",5.16,0,0,0,0,0,0,0,"N",1,100.0,0,0,0,0,0,0,0,0,0,0,0,0,0,0
"36121","5","3115","76","0","2016","3","N","Wyoming County, New York","Private","NAICS 3115 Dairy product manufacturing","County, NAICS 4-digit -- by ownership sector","All establishment sizes",1,0,0,0,0,0,0,0,"N",5.17,0,0,0,0,0,0,0,"N",1,100.0,0,0,0,0,0,0,0,0,0,0,0,0,0,0
"36121","5","3115","76","0","2016","4","N","Wyoming County, New York","Private","NAICS 3115 Dairy product manufacturing","County, NAICS 4-digit -- by ownership sector","All establishment sizes",1,0,0,0,0,0,0,0,"N",5.21,0,0,0,0,0,0,0,"N",1,100.0,0,0,0,0,0,0,0,0,0,0,0,0,0,0
"36121","5","31151","77","0","2016","1","N","Wyoming County, New York","Private","NAICS 31151 Dairy product, except frozen, manufacturing","County, NAICS 5-digit -- by ownership sector","All establishment sizes",1,0,0,0,0,0,0,0,"N",7.15,0,0,0,0,0,0,0,"N",1,100.0,0,0,0,0,0,0,0,0,0,0,0,0,0,0
"36121","5","31151","77","0","2016","2","N","Wyoming County, New York","Private","NAICS 31151 Dairy product, except frozen, manufacturing","County, NAICS 5-digit -- by ownership sector","All establishment sizes",1,0,0,0,0,0,0,0,"N",7.13,0,0,0,0,0,0,0,"N",1,100.0,0,0,0,0,0,0,0,0,0,0,0,0,0,0
"36121","5","31151","77","0","2016","3","N","Wyoming County, New York","Private","NAICS 31151 Dairy product, except frozen, manufacturing","County, NAICS 5-digit -- by ownership sector","All establishment sizes",1,0,0,0,0,0,0,0,"N",7.17,0,0,0,0,0,0,0,"N",1,100.0,0,0,0,0,0,0,0,0,0,0,0,0,0,0
"36121","5","31151","77","0","2016","4","N","Wyoming County, New York","Private","NAICS 31151 Dairy product, except frozen, manufacturing","County, NAICS 5-digit -- by ownership sector","All establishment sizes",1,0,0,0,0,0,0,0,"N",7.23,0,0,0,0,0,0,0,"N",1,100.0,0,0,0,0,0,0,0,0,0,0,0,0,0,0
"36121","5","311513","78","0","2016","1","N","Wyoming County, New York","Private","NAICS 311513 Cheese manufacturing","County, NAICS 6-digit -- by ownership sector","All establishment sizes",1,0,0,0,0,0,0,0,"N",17.14,0,0,0,0,0,0,0,"N",1,100.0,0,0,0,0,0,0,0,0,0,0,0,0,0,0
"36121","5","311513","78","0","2016","2","N","Wyoming County, New York","Private","NAICS 311513 Cheese manufacturing","County, NAICS 6-digit -- by ownership sector","All establishment sizes",1,0,0,0,0,0,0,0,"N",17.17,0,0,0,0,0,0,0,"N",1,100.0,0,0,0,0,0,0,0,0,0,0,0,0,0,0
"36121","5","311513","78","0","2016","3","N","Wyoming County, New York","Private","NAICS 311513 Cheese manufacturing","County, NAICS 6-digit -- by ownership sector","All establishment sizes",1,0,0,0,0,0,0,0,"N",17.24,0,0,0,0,0,0,0,"N",1,100.0,0,0,0,0,0,0,0,0,0,0,0,0,0,0
"36121","5","311513","78","0","2016","4","N","Wyoming County, New York","Private","NAICS 311513 Cheese manufacturing","County, NAICS 6-digit -- by ownership sector","All establishment sizes",1,0,0,0,0,0,0,0,"N",17.37,0,0,0,0,0,0,0,"N",1,100.0,0,0,0,0,0,0,0,0,0,0,0,0,0,0
"36121","5","3116","76","0","2016","1","N","Wyoming County, New York","Private","NAICS 3116 Animal slaughtering and processing","County, NAICS 4-digit -- by ownership sector","All establishment sizes",1,0,0,0,0,0,0,0,"N",2.68,0,0,0,0,0,0,0,"N",0,0.0,0,0,0,0,0,0,0,0,0,0,0,0,0,0
"36121","5","3116","76","0","2016","2","N","Wyoming County, New York","Private","NAICS 3116 Animal slaughtering and processing","County, NAICS 4-digit -- by ownership sector","All establishment sizes",1,0,0,0,0,0,0,0,"N",2.70,0,0,0,0,0,0,0,"N",0,0.0,0,0,0,0,0,0,0,0,0,0,0,0,0,0
"36121","5","3116","76","0","2016","3","N","Wyoming County, New York","Private","NAICS 3116 Animal slaughtering and processing","County, NAICS 4-digit -- by ownership sector","All establishment sizes",1,0,0,0,0,0,0,0,"N",2.72,0,0,0,0,0,0,0,"N",0,0.0,0,0,0,0,0,0,0,0,0,0,0,0,0,0
"36121","5","3116","76","0","2016","4","N","Wyoming County, New York","Private","NAICS 3116 Animal slaughtering and processing","County, NAICS 4-digit -- by ownership sector","All establishment sizes",1,0,0,0,0,0,0,0,"N",2.72,0,0,0,0,0,0,0,"N",0,0.0,0,0,0,0,0,0,0,0,0,0,0,0,0,0
"36121","5","31161","77","0","2016","1","N","Wyoming County, New York","Private","NAICS 31161 Animal slaughtering and processing","County, NAICS 5-digit -- by ownership sector","All establishment sizes",1,0,0,0,0,0,0,0,"N",2.68,0,0,0,0,0,0,0,"N",0,0.0,0,0,0,0,0,0,0,0,0,0,0,0,0,0
"36121","5","31161","77","0","2016","2","N","Wyoming County, New York","Private","NAICS 31161 Animal slaughtering and processing","County, NAICS 5-digit -- by ownership sector","All establishment sizes",1,0,0,0,0,0,0,0,"N",2.70,0,0,0,0,0,0,0,"N",0,0.0,0,0,0,0,0,0,0,0,0,0,0,0,0,0
"36121","5","31161","77","0","2016","3","N","Wyoming County, New York","Private","NAICS 31161 Animal slaughtering and processing","County, NAICS 5-digit -- by ownership sector","All establishment sizes",1,0,0,0,0,0,0,0,"N",2.72,0,0,0,0,0,0,0,"N",0,0.0,0,0,0,0,0,0,0,0,0,0,0,0,0,0
"36121","5","31161","77","0","2016","4","N","Wyoming County, New York","Private","NAICS 31161 Animal slaughtering and processing","County, NAICS 5-digit -- by ownership sector","All establishment sizes",1,0,0,0,0,0,0,0,"N",2.72,0,0,0,0,0,0,0,"N",0,0.0,0,0,0,0,0,0,0,0,0,0,0,0,0,0
"36121","5","311611","78","0","2016","1","N","Wyoming County, New York","Private","NAICS 311611 Animal, except poultry, slaughtering","County, NAICS 6-digit -- by ownership sector","All establishment sizes",1,0,0,0,0,0,0,0,"N",6.92,0,0,0,0,0,0,0,"N",0,0.0,0,0,0,0,0,0,0,0,0,0,0,0,0,0
"36121","5","311611","78","0","2016","2","N","Wyoming County, New York","Private","NAICS 311611 Animal, except poultry, slaughtering","County, NAICS 6-digit -- by ownership sector","All establishment sizes",1,0,0,0,0,0,0,0,"N",6.95,0,0,0,0,0,0,0,"N",0,0.0,0,0,0,0,0,0,0,0,0,0,0,0,0,0
"36121","5","311611","78","0","2016","3","N","Wyoming County, New York","Private","NAICS 311611 Animal, except poultry, slaughtering","County, NAICS 6-digit -- by ownership sector","All establishment sizes",1,0,0,0,0,0,0,0,"N",7.05,0,0,0,0,0,0,0,"N",0,0.0,0,0,0,0,0,0,0,0,0,0,0,0,0,0
"36121","5","311611","78","0","2016","4","N","Wyoming County, New York","Private","NAICS 311611 Animal, except poultry, slaughtering","County, NAICS 6-digit -- by ownership sector","All establishment sizes",1,0,0,0,0,0,0,0,"N",7.13,0,0,0,0,0,0,0,"N",0,0.0,0,0,0,0,0,0,0,0,0,0,0,0,0,0
"36121","5","3118","76","0","2016","1","N","Wyoming County, New York","Private","NAICS 3118 Bakeries and tortilla manufacturing","County, NAICS 4-digit -- by ownership sector","All establishment sizes",2,0,0,0,0,0,0,0,"N",1.64,0,0,0,0,0,0,0,"N",0,0.0,0,0,0,0,0,0,0,0,0,0,0,0,0,0
"36121","5","3118","76","0","2016","2","N","Wyoming County, New York","Private","NAICS 3118 Bakeries and tortilla manufacturing","County, NAICS 4-digit -- by ownership sector","All establishment sizes",2,0,0,0,0,0,0,0,"N",1.64,0,0,0,0,0,0,0,"N",0,0.0,0,0,0,0,0,0,0,0,0,0,0,0,0,0
"36121","5","3118","76","0","2016","3","N","Wyoming County, New York","Private","NAICS 3118 Bakeries and tortilla manufacturing","County, NAICS 4-digit -- by ownership sector","All establishment sizes",2,0,0,0,0,0,0,0,"N",1.64,0,0,0,0,0,0,0,"N",0,0.0,0,0,0,0,0,0,0,0,0,0,0,0,0,0
"36121","5","3118","76","0","2016","4","N","Wyoming County, New York","Private","NAICS 3118 Bakeries and tortilla manufacturing","County, NAICS 4-digit -- by ownership sector","All establishment sizes",2,0,0,0,0,0,0,0,"N",1.64,0,0,0,0,0,0,0,"N",0,0.0,0,0,0,0,0,0,0,0,0,0,0,0,0,0
"36121","5","31181","77","0","2016","1","N","Wyoming County, New York","Private","NAICS 31181 Bread and bakery product manufacturing","County, NAICS 5-digit -- by ownership sector","All establishment sizes",1,0,0,0,0,0,0,0,"N",0.93,0,0,0,0,0,0,0,"N",0,0.0,0,0,0,0,0,0,0,0,0,0,0,0,0,0
"36121","5","31181","77","0","2016","2","N","Wyoming County, New York","Private","NAICS 31181 Bread and bakery product manufacturing","County, NAICS 5-digit -- by ownership sector","All establishment sizes",1,0,0,0,0,0,0,0,"N",0.93,0,0,0,0,0,0,0,"N",0,0.0,0,0,0,0,0,0,0,0,0,0,0,0,0,0
"36121","5","31181","77","0","2016","3","N","Wyoming County, New York","Private","NAICS 31181 Bread and bakery product manufacturing","County, NAICS 5-digit -- by ownership sector","All establishment sizes",1,0,0,0,0,0,0,0,"N",0.93,0,0,0,0,0,0,0,"N",0,0.0,0,0,0,0,0,0,0,0,0,0,0,0,0,0
"36121","5","31181","77","0","2016","4","N","Wyoming County, New York","Private","NAICS 31181 Bread and bakery product manufacturing","County, NAICS 5-digit -- by ownership sector","All establishment sizes",1,0,0,0,0,0,0,0,"N",0.93,0,0,0,0,0,0,0,"N",0,0.0,0,0,0,0,0,0,0,0,0,0,0,0,0,0
"36121","5","311812","78","0","2016","1","N","Wyoming County, New York","Private","NAICS 311812 Commercial bakeries","County, NAICS 6-digit -- by ownership sector","All establishment sizes",1,0,0,0,0,0,0,0,"N",2.84,0,0,0,0,0,0,0,"N",0,0.0,0,0,0,0,0,0,0,0,0,0,0,0,0,0
"36121","5","311812","78","0","2016","2","N","Wyoming County, New York","Private","NAICS 311812 Commercial bakeries","County, NAICS 6-digit -- by ownership sector","All establishment sizes",1,0,0,0,0,0,0,0,"N",2.81,0,0,0,0,0,0,0,"N",0,0.0,0,0,0,0,0,0,0,0,0,0,0,0,0,0
"36121","5","311812","78","0","2016","3","N","Wyoming County, New York","Private","NAICS 311812 Commercial bakeries","County, NAICS 6-digit -- by ownership sector","All establishment sizes",1,0,0,0,0,0,0,0,"N",2.81,0,0,0,0,0,0,0,"N",0,0.0,0,0,0,0,0,0,0,0,0,0,0,0,0,0
"36121","5","311812","78","0","2016","4","N","Wyoming County, New York","Private","NAICS 311812 Commercial bakeries","County, NAICS 6-digit -- by ownership sector","All establishment sizes",1,0,0,0,0,0,0,0,"N",2.80,0,0,0,0,0,0,0,"N",0,0.0,0,0,0,0,0,0,0,0,0,0,0,0,0,0
"36121","5","31182","77","0","2016","1","N","Wyoming County, New York","Private","NAICS 31182 Cookie, cracker, and pasta manufacturing","County, NAICS 5-digit -- by ownership sector","All establishment sizes",1,0,0,0,0,0,0,0,"N",10.19,0,0,0,0,0,0,0,"N",0,0.0,0,0,0,0,0,0,0,0,0,0,0,0,0,0
"36121","5","31182","77","0","2016","2","N","Wyoming County, New York","Private","NAICS 31182 Cookie, cracker, and pasta manufacturing","County, NAICS 5-digit -- by ownership sector","All establishment sizes",1,0,0,0,0,0,0,0,"N",10.21,0,0,0,0,0,0,0,"N",0,0.0,0,0,0,0,0,0,0,0,0,0,0,0,0,0
"36121","5","31182","77","0","2016","3","N","Wyoming County, New York","Private","NAICS 31182 Cookie, cracker, and pasta manufacturing","County, NAICS 5-digit -- by ownership sector","All establishment sizes",1,0,0,0,0,0,0,0,"N",10.24,0,0,0,0,0,0,0,"N",0,0.0,0,0,0,0,0,0,0,0,0,0,0,0,0,0
"36121","5","31182","77","0","2016","4","N","Wyoming County, New York","Private","NAICS 31182 Cookie, cracker, and pasta manufacturing","County, NAICS 5-digit -- by ownership sector","All establishment sizes",1,0,0,0,0,0,0,0,"N",10.27,0,0,0,0,0,0,0,"N",0,0.0,0,0,0,0,0,0,0,0,0,0,0,0,0,0
"36121","5","311821","78","0","2016","1","N","Wyoming County, New York","Private","NAICS 311821 Cookie and cracker manufacturing","County, NAICS 6-digit -- by ownership sector","All establishment sizes",1,0,0,0,0,0,0,0,"N",18.37,0,0,0,0,0,0,0,"N",0,0.0,0,0,0,0,0,0,0,0,0,0,0,0,0,0
"36121","5","311821","78","0","2016","2","N","Wyoming County, New York","Private","NAICS 311821 Cookie and cracker manufacturing","County, NAICS 6-digit -- by ownership sector","All establishment sizes",1,0,0,0,0,0,0,0,"N",18.34,0,0,0,0,0,0,0,"N",0,0.0,0,0,0,0,0,0,0,0,0,0,0,0,0,0
"36121","5","311821","78","0","2016","3","N","Wyoming County, New York","Private","NAICS 311821 Cookie and cracker manufacturing","County, NAICS 6-digit -- by ownership sector","All establishment sizes",1,0,0,0,0,0,0,0,"N",18.50,0,0,0,0,0,0,0,"N",0,0.0,0,0,0,0,0,0,0,0,0,0,0,0,0,0
"36121","5","311821","78","0","2016","4","N","Wyoming County, New York","Private","NAICS 311821 Cookie and cracker manufacturing","County, NAICS 6-digit -- by ownership sector","All establishment sizes",1,0,0,0,0,0,0,0,"N",18.52,0,0,0,0,0,0,0,"N",0,0.0,0,0,0,0,0,0,0,0,0,0,0,0,0,0
"36121","5","3119","76","0","2016","1","N","Wyoming County, New York","Private","NAICS 3119 Other food manufacturing","County, NAICS 4-digit -- by ownership sector","All establishment sizes",1,0,0,0,0,0,0,0,"N",2.23,0,0,0,0,0,0,0,"N",0,0.0,0,0,0,0,0,0,0,0,0,0,0,0,0,0
"36121","5","3119","76","0","2016","2","N","Wyoming County, New York","Private","NAICS 3119 Other food manufacturing","County, NAICS 4-digit -- by ownership sector","All establishment sizes",1,0,0,0,0,0,0,0,"N",2.20,0,0,0,0,0,0,0,"N",0,0.0,0,0,0,0,0,0,0,0,0,0,0,0,0,0
"36121","5","3119","76","0","2016","3","N","Wyoming County, New York","Private","NAICS 3119 Other food manufacturing","County, NAICS 4-digit -- by ownership sector","All establishment sizes",1,0,0,0,0,0,0,0,"N",2.18,0,0,0,0,0,0,0,"N",0,0.0,0,0,0,0,0,0,0,0,0,0,0,0,0,0
"36121","5","3119","76","0","2016","4","N","Wyoming County, New York","Private","NAICS 3119 Other food manufacturing","County, NAICS 4-digit -- by ownership sector","All establishment sizes",1,0,0,0,0,0,0,0,"N",2.17,0,0,0,0,0,0,0,"N",0,0.0,0,0,0,0,0,0,0,0,0,0,0,0,0,0
"36121","5","31194","77","0","2016","1","N","Wyoming County, New York","Private","NAICS 31194 Seasoning and dressing manufacturing","County, NAICS 5-digit -- by ownership sector","All establishment sizes",1,0,0,0,0,0,0,0,"N",12.11,0,0,0,0,0,0,0,"N",0,0.0,0,0,0,0,0,0,0,0,0,0,0,0,0,0
"36121","5","31194","77","0","2016","2","N","Wyoming County, New York","Private","NAICS 31194 Seasoning and dressing manufacturing","County, NAICS 5-digit -- by ownership sector","All establishment sizes",1,0,0,0,0,0,0,0,"N",12.14,0,0,0,0,0,0,0,"N",0,0.0,0,0,0,0,0,0,0,0,0,0,0,0,0,0
"36121","5","31194","77","0","2016","3","N","Wyoming County, New York","Private","NAICS 31194 Seasoning and dressing manufacturing","County, NAICS 5-digit -- by ownership sector","All establishment sizes",1,0,0,0,0,0,0,0,"N",12.14,0,0,0,0,0,0,0,"N",0,0.0,0,0,0,0,0,0,0,0,0,0,0,0,0,0
"36121","5","31194","77","0","2016","4","N","Wyoming County, New York","Private","NAICS 31194 Seasoning and dressing manufacturing","County, NAICS 5-digit -- by ownership sector","All establishment sizes",1,0,0,0,0,0,0,0,"N",12.11,0,0,0,0,0,0,0,"N",0,0.0,0,0,0,0,0,0,0,0,0,0,0,0,0,0
"36121","5","311942","78","0","2016","1","N","Wyoming County, New York","Private","NAICS 311942 Spice and extract manufacturing","County, NAICS 6-digit -- by ownership sector","All establishment sizes",1,0,0,0,0,0,0,0,"N",20.36,0,0,0,0,0,0,0,"N",0,0.0,0,0,0,0,0,0,0,0,0,0,0,0,0,0
"36121","5","311942","78","0","2016","2","N","Wyoming County, New York","Private","NAICS 311942 Spice and extract manufacturing","County, NAICS 6-digit -- by ownership sector","All establishment sizes",1,0,0,0,0,0,0,0,"N",20.42,0,0,0,0,0,0,0,"N",0,0.0,0,0,0,0,0,0,0,0,0,0,0,0,0,0
"36121","5","311942","78","0","2016","3","N","Wyoming County, New York","Private","NAICS 311942 Spice and extract manufacturing","County, NAICS 6-digit -- by ownership sector","All establishment sizes",1,0,0,0,0,0,0,0,"N",20.45,0,0,0,0,0,0,0,"N",0,0.0,0,0,0,0,0,0,0,0,0,0,0,0,0,0
"36121","5","311942","78","0","2016","4","N","Wyoming County, New York","Private","NAICS 311942 Spice and extract manufacturing","County, NAICS 6-digit -- by ownership sector","All establishment sizes",1,0,0,0,0,0,0,0,"N",20.38,0,0,0,0,0,0,0,"N",0,0.0,0,0,0,0,0,0,0,0,0,0,0,0,0,0
"36121","5","321","75","0","2016","1","","Wyoming County, New York","Private","NAICS 321 Wood product manufacturing","County, NAICS 3-digit -- by ownership sector","All establishment sizes",8,171,181,174,1608492,1219129,40262,706,"",5.88,4.69,4.97,4.74,5.95,5.51,5.30,1.24,"",0,0.0,10,6.2,13,7.7,3,1.8,-14704,-0.9,-92406,-7.0,-29444,-42.2,-43,-5.7
"36121","5","321","75","0","2016","2","","Wyoming County, New York","Private","NAICS 321 Wood product manufacturing","County, NAICS 3-digit -- by ownership sector","All establishment sizes",7,175,178,178,1614245,472119,15627,702,"",5.15,4.73,4.68,4.58,5.21,4.24,3.57,1.12,"",-1,-12.5,4,2.3,-1,-0.6,3,1.7,24176,1.5,-19751,-4.0,-9803,-38.5,3,0.4
"36121","5","321","75","0","2016","3","","Wyoming County, New York","Private","NAICS 321 Wood product manufacturing","County, NAICS 3-digit -- by ownership sector","All establishment sizes",7,174,176,176,1664023,186866,6537,730,"",5.18,4.64,4.71,4.62,5.30,3.35,3.25,1.14,"",-1,-12.5,-5,-2.8,-4,-2.2,-4,-2.2,60512,3.8,-37849,-16.8,-5725,-46.7,43,6.3
"36121","5","321","75","0","2016","4","","Wyoming County, New York","Private","NAICS 321 Wood product manufacturing","County, NAICS 3-digit -- by ownership sector","All establishment sizes",7,172,178,178,1567521,155722,4838,685,"",5.21,4.53,4.83,4.85,5.18,4.87,4.48,1.09,"",-1,-12.5,-11,-6.0,-6,-3.3,-5,-2.7,-174106,-10.0,-59679,-27.7,-6692,-58.0,-46,-6.3
"36121","5","3211","76","0","2016","1","N","Wyoming County, New York","Private","NAICS 3211 Sawmills and wood preservation","County, NAICS 4-digit -- by ownership sector","All establishment sizes",1,0,0,0,0,0,0,0,"N",2.98,0,0,0,0,0,0,0,"N",0,0.0,0,0,0,0,0,0,0,0,0,0,0,0,0,0
"36121","5","3211","76","0","2016","2","N","Wyoming County, New York","Private","NAICS 3211 Sawmills and wood preservation","County, NAICS 4-digit -- by ownership sector","All establishment sizes",1,0,0,0,0,0,0,0,"N",2.98,0,0,0,0,0,0,0,"N",0,0.0,0,0,0,0,0,0,0,0,0,0,0,0,0,0
"36121","5","3211","76","0","2016","3","N","Wyoming County, New York","Private","NAICS 3211 Sawmills and wood preservation","County, NAICS 4-digit -- by ownership sector","All establishment sizes",1,0,0,0,0,0,0,0,"N",3.01,0,0,0,0,0,0,0,"N",0,0.0,0,0,0,0,0,0,0,0,0,0,0,0,0,0
"36121","5","3211","76","0","2016","4","N","Wyoming County, New York","Private","NAICS 3211 Sawmills and wood preservation","County, NAICS 4-digit -- by ownership sector","All establishment sizes",1,0,0,0,0,0,0,0,"N",3.02,0,0,0,0,0,0,0,"N",0,0.0,0,0,0,0,0,0,0,0,0,0,0,0,0,0
"36121","5","32111","77","0","2016","1","N","Wyoming County, New York","Private","NAICS 32111 Sawmills and wood preservation","County, NAICS 5-digit -- by ownership sector","All establishment sizes",1,0,0,0,0,0,0,0,"N",2.98,0,0,0,0,0,0,0,"N",0,0.0,0,0,0,0,0,0,0,0,0,0,0,0,0,0
"36121","5","32111","77","0","2016","2","N","Wyoming County, New York","Private","NAICS 32111 Sawmills and wood preservation","County, NAICS 5-digit -- by ownership sector","All establishment sizes",1,0,0,0,0,0,0,0,"N",2.98,0,0,0,0,0,0,0,"N",0,0.0,0,0,0,0,0,0,0,0,0,0,0,0,0,0
"36121","5","32111","77","0","2016","3","N","Wyoming County, New York","Private","NAICS 32111 Sawmills and wood preservation","County, NAICS 5-digit -- by ownership sector","All establishment sizes",1,0,0,0,0,0,0,0,"N",3.01,0,0,0,0,0,0,0,"N",0,0.0,0,0,0,0,0,0,0,0,0,0,0,0,0,0
"36121","5","32111","77","0","2016","4","N","Wyoming County, New York","Private","NAICS 32111 Sawmills and wood preservation","County, NAICS 5-digit -- by ownership sector","All establishment sizes",1,0,0,0,0,0,0,0,"N",3.02,0,0,0,0,0,0,0,"N",0,0.0,0,0,0,0,0,0,0,0,0,0,0,0,0,0
"36121","5","321113","78","0","2016","1","N","Wyoming County, New York","Private","NAICS 321113 Sawmills","County, NAICS 6-digit -- by ownership sector","All establishment sizes",1,0,0,0,0,0,0,0,"N",3.39,0,0,0,0,0,0,0,"N",0,0.0,0,0,0,0,0,0,0,0,0,0,0,0,0,0
"36121","5","321113","78","0","2016","2","N","Wyoming County, New York","Private","NAICS 321113 Sawmills","County, NAICS 6-digit -- by ownership sector","All establishment sizes",1,0,0,0,0,0,0,0,"N",3.40,0,0,0,0,0,0,0,"N",0,0.0,0,0,0,0,0,0,0,0,0,0,0,0,0,0
"36121","5","321113","78","0","2016","3","N","Wyoming County, New York","Private","NAICS 321113 Sawmills","County, NAICS 6-digit -- by ownership sector","All establishment sizes",1,0,0,0,0,0,0,0,"N",3.43,0,0,0,0,0,0,0,"N",0,0.0,0,0,0,0,0,0,0,0,0,0,0,0,0,0
"36121","5","321113","78","0","2016","4","N","Wyoming County, New York","Private","NAICS 321113 Sawmills","County, NAICS 6-digit -- by ownership sector","All establishment sizes",1,0,0,0,0,0,0,0,"N",3.45,0,0,0,0,0,0,0,"N",0,0.0,0,0,0,0,0,0,0,0,0,0,0,0,0,0
"36121","5","3219","76","0","2016","1","N","Wyoming County, New York","Private","NAICS 3219 Other wood product manufacturing","County, NAICS 4-digit -- by ownership sector","All establishment sizes",7,0,0,0,0,0,0,0,"N",7.99,0,0,0,0,0,0,0,"N",0,0.0,0,0,0,0,0,0,0,0,0,0,0,0,0,0
"36121","5","3219","76","0","2016","2","N","Wyoming County, New York","Private","NAICS 3219 Other wood product manufacturing","County, NAICS 4-digit -- by ownership sector","All establishment sizes",6,0,0,0,0,0,0,0,"N",6.86,0,0,0,0,0,0,0,"N",-1,-14.3,0,0,0,0,0,0,0,0,0,0,0,0,0,0
"36121","5","3219","76","0","2016","3","N","Wyoming County, New York","Private","NAICS 3219 Other wood product manufacturing","County, NAICS 4-digit -- by ownership sector","All establishment sizes",6,0,0,0,0,0,0,0,"N",6.89,0,0,0,0,0,0,0,"N",-1,-14.3,0,0,0,0,0,0,0,0,0,0,0,0,0,0
"36121","5","3219","76","0","2016","4","N","Wyoming County, New York","Private","NAICS 3219 Other wood product manufacturing","County, NAICS 4-digit -- by ownership sector","All establishment sizes",6,0,0,0,0,0,0,0,"N",6.93,0,0,0,0,0,0,0,"N",-1,-14.3,0,0,0,0,0,0,0,0,0,0,0,0,0,0
"36121","5","32191","77","0","2016","1","","Wyoming County, New York","Private","NAICS 32191 Millwork","County, NAICS 5-digit -- by ownership sector","All establishment sizes",5,146,154,149,1399921,1042707,33912,720,"",15.50,15.60,16.46,15.76,19.38,17.89,15.86,1.22,"",1,25.0,14,10.6,17,12.4,8,5.7,52122,3.9,-43208,-4.0,-26089,-43.5,-39,-5.1
"36121","5","32191","77","0","2016","2","","Wyoming County, New York","Private","NAICS 32191 Millwork","County, NAICS 5-digit -- by ownership sector","All establishment sizes",4,153,156,156,1428322,405044,13044,709,"",12.47,15.98,15.85,15.43,18.03,13.17,10.56,1.14,"",0,0.0,13,9.3,9,6.1,13,9.1,120779,9.2,5925,1.5,-8140,-38.4,7,1.0
"36121","5","32191","77","0","2016","3","","Wyoming County, New York","Private","NAICS 32191 Millwork","County, NAICS 5-digit -- by ownership sector","All establishment sizes",4,153,154,156,1487315,163105,5625,741,"",12.63,15.65,15.79,15.74,18.28,10.63,10.32,1.16,"",0,0.0,8,5.5,8,5.5,9,6.1,186279,14.3,-7271,-4.3,-4031,-41.7,56,8.2
"36121","5","32191","77","0","2016","4","","Wyoming County, New York","Private","NAICS 32191 Millwork","County, NAICS 5-digit -- by ownership sector","All establishment sizes",4,153,159,159,1404057,144453,4481,688,"",12.67,15.45,16.57,16.59,17.27,16.26,15.74,1.07,"",0,0.0,2,1.3,10,6.7,10,6.7,-14131,-1.0,-38973,-21.2,-5627,-55.7,-41,-5.6
"36121","5","321911","78","0","2016","1","N","Wyoming County, New York","Private","NAICS 321911 Wood window and door manufacturing","County, NAICS 6-digit -- by ownership sector","All establishment sizes",4,0,0,0,0,0,0,0,"N",38.52,0,0,0,0,0,0,0,"N",1,33.3,0,0,0,0,0,0,0,0,0,0,0,0,0,0
"36121","5","321911","78","0","2016","2","N","Wyoming County, New York","Private","NAICS 321911 Wood window and door manufacturing","County, NAICS 6-digit -- by ownership sector","All establishment sizes",3,0,0,0,0,0,0,0,"N",29.27,0,0,0,0,0,0,0,"N",0,0.0,0,0,0,0,0,0,0,0,0,0,0,0,0,0
"36121","5","321911","78","0","2016","3","N","Wyoming County, New York","Private","NAICS 321911 Wood window and door manufacturing","County, NAICS 6-digit -- by ownership sector","All establishment sizes",3,0,0,0,0,0,0,0,"N",29.67,0,0,0,0,0,0,0,"N",0,0.0,0,0,0,0,0,0,0,0,0,0,0,0,0,0
"36121","5","321911","78","0","2016","4","N","Wyoming County, New York","Private","NAICS 321911 Wood window and door manufacturing","County, NAICS 6-digit -- by ownership sector","All establishment sizes",3,0,0,0,0,0,0,0,"N",29.53,0,0,0,0,0,0,0,"N",0,0.0,0,0,0,0,0,0,0,0,0,0,0,0,0,0
"36121","5","321918","78","0","2016","1","N","Wyoming County, New York","Private","NAICS 321918 Other millwork, including flooring","County, NAICS 6-digit -- by ownership sector","All establishment sizes",1,0,0,0,0,0,0,0,"N",5.88,0,0,0,0,0,0,0,"N",0,0.0,0,0,0,0,0,0,0,0,0,0,0,0,0,0
"36121","5","321918","78","0","2016","2","N","Wyoming County, New York","Private","NAICS 321918 Other millwork, including flooring","County, NAICS 6-digit -- by ownership sector","All establishment sizes",1,0,0,0,0,0,0,0,"N",5.89,0,0,0,0,0,0,0,"N",0,0.0,0,0,0,0,0,0,0,0,0,0,0,0,0,0
"36121","5","321918","78","0","2016","3","N","Wyoming County, New York","Private","NAICS 321918 Other millwork, including flooring","County, NAICS 6-digit -- by ownership sector","All establishment sizes",1,0,0,0,0,0,0,0,"N",5.98,0,0,0,0,0,0,0,"N",0,0.0,0,0,0,0,0,0,0,0,0,0,0,0,0,0
"36121","5","321918","78","0","2016","4","N","Wyoming County, New York","Private","NAICS 321918 Other millwork, including flooring","County, NAICS 6-digit -- by ownership sector","All establishment sizes",1,0,0,0,0,0,0,0,"N",6.04,0,0,0,0,0,0,0,"N",0,0.0,0,0,0,0,0,0,0,0,0,0,0,0,0,0
"36121","5","32192","77","0","2016","1","N","Wyoming County, New York","Private","NAICS 32192 Wood container and pallet manufacturing","County, NAICS 5-digit -- by ownership sector","All establishment sizes",1,0,0,0,0,0,0,0,"N",3.66,0,0,0,0,0,0,0,"N",0,0.0,0,0,0,0,0,0,0,0,0,0,0,0,0,0
"36121","5","32192","77","0","2016","2","N","Wyoming County, New York","Private","NAICS 32192 Wood container and pallet manufacturing","County, NAICS 5-digit -- by ownership sector","All establishment sizes",1,0,0,0,0,0,0,0,"N",3.68,0,0,0,0,0,0,0,"N",0,0.0,0,0,0,0,0,0,0,0,0,0,0,0,0,0
"36121","5","32192","77","0","2016","3","N","Wyoming County, New York","Private","NAICS 32192 Wood container and pallet manufacturing","County, NAICS 5-digit -- by ownership sector","All establishment sizes",1,0,0,0,0,0,0,0,"N",3.68,0,0,0,0,0,0,0,"N",0,0.0,0,0,0,0,0,0,0,0,0,0,0,0,0,0
"36121","5","32192","77","0","2016","4","N","Wyoming County, New York","Private","NAICS 32192 Wood container and pallet manufacturing","County, NAICS 5-digit -- by ownership sector","All establishment sizes",1,0,0,0,0,0,0,0,"N",3.72,0,0,0,0,0,0,0,"N",0,0.0,0,0,0,0,0,0,0,0,0,0,0,0,0,0
"36121","5","321920","78","0","2016","1","N","Wyoming County, New York","Private","NAICS 321920 Wood container and pallet manufacturing","County, NAICS 6-digit -- by ownership sector","All establishment sizes",1,0,0,0,0,0,0,0,"N",3.66,0,0,0,0,0,0,0,"N",0,0.0,0,0,0,0,0,0,0,0,0,0,0,0,0,0
"36121","5","321920","78","0","2016","2","N","Wyoming County, New York","Private","NAICS 321920 Wood container and pallet manufacturing","County, NAICS 6-digit -- by ownership sector","All establishment sizes",1,0,0,0,0,0,0,0,"N",3.68,0,0,0,0,0,0,0,"N",0,0.0,0,0,0,0,0,0,0,0,0,0,0,0,0,0
"36121","5","321920","78","0","2016","3","N","Wyoming County, New York","Private","NAICS 321920 Wood container and pallet manufacturing","County, NAICS 6-digit -- by ownership sector","All establishment sizes",1,0,0,0,0,0,0,0,"N",3.68,0,0,0,0,0,0,0,"N",0,0.0,0,0,0,0,0,0,0,0,0,0,0,0,0,0
"36121","5","321920","78","0","2016","4","N","Wyoming County, New York","Private","NAICS 321920 Wood container and pallet manufacturing","County, NAICS 6-digit -- by ownership sector","All establishment sizes",1,0,0,0,0,0,0,0,"N",3.72,0,0,0,0,0,0,0,"N",0,0.0,0,0,0,0,0,0,0,0,0,0,0,0,0,0
"36121","5","32199","77","0","2016","1","N","Wyoming County, New York","Private","NAICS 32199 All other wood product manufacturing","County, NAICS 5-digit -- by ownership sector","All establishment sizes",1,0,0,0,0,0,0,0,"N",3.57,0,0,0,0,0,0,0,"N",-1,-50.0,0,0,0,0,0,0,0,0,0,0,0,0,0,0
"36121","5","32199","77","0","2016","2","N","Wyoming County, New York","Private","NAICS 32199 All other wood product manufacturing","County, NAICS 5-digit -- by ownership sector","All establishment sizes",1,0,0,0,0,0,0,0,"N",3.55,0,0,0,0,0,0,0,"N",-1,-50.0,0,0,0,0,0,0,0,0,0,0,0,0,0,0
"36121","5","32199","77","0","2016","3","N","Wyoming County, New York","Private","NAICS 32199 All other wood product manufacturing","County, NAICS 5-digit -- by ownership sector","All establishment sizes",1,0,0,0,0,0,0,0,"N",3.54,0,0,0,0,0,0,0,"N",-1,-50.0,0,0,0,0,0,0,0,0,0,0,0,0,0,0
"36121","5","32199","77","0","2016","4","N","Wyoming County, New York","Private","NAICS 32199 All other wood product manufacturing","County, NAICS 5-digit -- by ownership sector","All establishment sizes",1,0,0,0,0,0,0,0,"N",3.56,0,0,0,0,0,0,0,"N",-1,-50.0,0,0,0,0,0,0,0,0,0,0,0,0,0,0
"36121","5","321999","78","0","2016","1","N","Wyoming County, New York","Private","NAICS 321999 Miscellaneous wood product manufacturing","County, NAICS 6-digit -- by ownership sector","All establishment sizes",1,0,0,0,0,0,0,0,"N",5.40,0,0,0,0,0,0,0,"N",-1,-50.0,0,0,0,0,0,0,0,0,0,0,0,0,0,0
"36121","5","321999","78","0","2016","2","N","Wyoming County, New York","Private","NAICS 321999 Miscellaneous wood product manufacturing","County, NAICS 6-digit -- by ownership sector","All establishment sizes",1,0,0,0,0,0,0,0,"N",5.36,0,0,0,0,0,0,0,"N",-1,-50.0,0,0,0,0,0,0,0,0,0,0,0,0,0,0
"36121","5","321999","78","0","2016","3","N","Wyoming County, New York","Private","NAICS 321999 Miscellaneous wood product manufacturing","County, NAICS 6-digit -- by ownership sector","All establishment sizes",1,0,0,0,0,0,0,0,"N",5.35,0,0,0,0,0,0,0,"N",-1,-50.0,0,0,0,0,0,0,0,0,0,0,0,0,0,0
"36121","5","321999","78","0","2016","4","N","Wyoming County, New York","Private","NAICS 321999 Miscellaneous wood product manufacturing","County, NAICS 6-digit -- by ownership sector","All establishment sizes",1,0,0,0,0,0,0,0,"N",5.39,0,0,0,0,0,0,0,"N",-1,-50.0,0,0,0,0,0,0,0,0,0,0,0,0,0,0
"36121","5","322","75","0","2016","1","N","Wyoming County, New York","Private","NAICS 322 Paper manufacturing","County, NAICS 3-digit -- by ownership sector","All establishment sizes",1,0,0,0,0,0,0,0,"N",1.97,0,0,0,0,0,0,0,"N",0,0.0,0,0,0,0,0,0,0,0,0,0,0,0,0,0
"36121","5","322","75","0","2016","2","N","Wyoming County, New York","Private","NAICS 322 Paper manufacturing","County, NAICS 3-digit -- by ownership sector","All establishment sizes",1,0,0,0,0,0,0,0,"N",1.98,0,0,0,0,0,0,0,"N",0,0.0,0,0,0,0,0,0,0,0,0,0,0,0,0,0
"36121","5","322","75","0","2016","3","N","Wyoming County, New York","Private","NAICS 322 Paper manufacturing","County, NAICS 3-digit -- by ownership sector","All establishment sizes",1,0,0,0,0,0,0,0,"N",1.99,0,0,0,0,0,0,0,"N",0,0.0,0,0,0,0,0,0,0,0,0,0,0,0,0,0
"36121","5","322","75","0","2016","4","N","Wyoming County, New York","Private","NAICS 322 Paper manufacturing","County, NAICS 3-digit -- by ownership sector","All establishment sizes",1,0,0,0,0,0,0,0,"N",2.00,0,0,0,0,0,0,0,"N",0,0.0,0,0,0,0,0,0,0,0,0,0,0,0,0,0
"36121","5","3222","76","0","2016","1","N","Wyoming County, New York","Private","NAICS 3222 Converted paper product manufacturing","County, NAICS 4-digit -- by ownership sector","All establishment sizes",1,0,0,0,0,0,0,0,"N",2.29,0,0,0,0,0,0,0,"N",0,0.0,0,0,0,0,0,0,0,0,0,0,0,0,0,0
"36121","5","3222","76","0","2016","2","N","Wyoming County, New York","Private","NAICS 3222 Converted paper product manufacturing","County, NAICS 4-digit -- by ownership sector","All establishment sizes",1,0,0,0,0,0,0,0,"N",2.30,0,0,0,0,0,0,0,"N",0,0.0,0,0,0,0,0,0,0,0,0,0,0,0,0,0
"36121","5","3222","76","0","2016","3","N","Wyoming County, New York","Private","NAICS 3222 Converted paper product manufacturing","County, NAICS 4-digit -- by ownership sector","All establishment sizes",1,0,0,0,0,0,0,0,"N",2.31,0,0,0,0,0,0,0,"N",0,0.0,0,0,0,0,0,0,0,0,0,0,0,0,0,0
"36121","5","3222","76","0","2016","4","N","Wyoming County, New York","Private","NAICS 3222 Converted paper product manufacturing","County, NAICS 4-digit -- by ownership sector","All establishment sizes",1,0,0,0,0,0,0,0,"N",2.33,0,0,0,0,0,0,0,"N",0,0.0,0,0,0,0,0,0,0,0,0,0,0,0,0,0
"36121","5","32221","77","0","2016","1","N","Wyoming County, New York","Private","NAICS 32221 Paperboard container manufacturing","County, NAICS 5-digit -- by ownership sector","All establishment sizes",1,0,0,0,0,0,0,0,"N",4.49,0,0,0,0,0,0,0,"N",0,0.0,0,0,0,0,0,0,0,0,0,0,0,0,0,0
"36121","5","32221","77","0","2016","2","N","Wyoming County, New York","Private","NAICS 32221 Paperboard container manufacturing","County, NAICS 5-digit -- by ownership sector","All establishment sizes",1,0,0,0,0,0,0,0,"N",4.50,0,0,0,0,0,0,0,"N",0,0.0,0,0,0,0,0,0,0,0,0,0,0,0,0,0
"36121","5","32221","77","0","2016","3","N","Wyoming County, New York","Private","NAICS 32221 Paperboard container manufacturing","County, NAICS 5-digit -- by ownership sector","All establishment sizes",1,0,0,0,0,0,0,0,"N",4.51,0,0,0,0,0,0,0,"N",0,0.0,0,0,0,0,0,0,0,0,0,0,0,0,0,0
"36121","5","32221","77","0","2016","4","N","Wyoming County, New York","Private","NAICS 32221 Paperboard container manufacturing","County, NAICS 5-digit -- by ownership sector","All establishment sizes",1,0,0,0,0,0,0,0,"N",4.55,0,0,0,0,0,0,0,"N",0,0.0,0,0,0,0,0,0,0,0,0,0,0,0,0,0
"36121","5","322219","78","0","2016","1","N","Wyoming County, New York","Private","NAICS 322219 Other paperboard container manufacturing","County, NAICS 6-digit -- by ownership sector","All establishment sizes",1,0,0,0,0,0,0,0,"N",28.61,0,0,0,0,0,0,0,"N",0,0.0,0,0,0,0,0,0,0,0,0,0,0,0,0,0
"36121","5","322219","78","0","2016","2","N","Wyoming County, New York","Private","NAICS 322219 Other paperboard container manufacturing","County, NAICS 6-digit -- by ownership sector","All establishment sizes",1,0,0,0,0,0,0,0,"N",28.05,0,0,0,0,0,0,0,"N",0,0.0,0,0,0,0,0,0,0,0,0,0,0,0,0,0
"36121","5","322219","78","0","2016","3","N","Wyoming County, New York","Private","NAICS 322219 Other paperboard container manufacturing","County, NAICS 6-digit -- by ownership sector","All establishment sizes",1,0,0,0,0,0,0,0,"N",27.75,0,0,0,0,0,0,0,"N",0,0.0,0,0,0,0,0,0,0,0,0,0,0,0,0,0
"36121","5","322219","78","0","2016","4","N","Wyoming County, New York","Private","NAICS 322219 Other paperboard container manufacturing","County, NAICS 6-digit -- by ownership sector","All establishment sizes",1,0,0,0,0,0,0,0,"N",27.85,0,0,0,0,0,0,0,"N",0,0.0,0,0,0,0,0,0,0,0,0,0,0,0,0,0
"36121","5","323","75","0","2016","1","","Wyoming County, New York","Private","NAICS 323 Printing and related support activities","County, NAICS 3-digit -- by ownership sector","All establishment sizes",3,99,97,98,831414,622344,10580,653,"",1.12,2.32,2.29,2.30,2.29,2.30,1.07,0.99,"",0,0.0,4,4.2,3,3.2,1,1.0,27459,3.4,24196,4.0,-1981,-15.8,4,0.6
"36121","5","323","75","0","2016","2","","Wyoming County, New York","Private","NAICS 323 Printing and related support activities","County, NAICS 3-digit -- by ownership sector","All establishment sizes",3,96,97,97,823772,376223,6396,656,"",1.13,2.25,2.22,2.20,2.06,3.65,1.67,0.93,"",0,0.0,-1,-1.0,1,1.0,0,0.0,-17713,-2.1,2534,0.7,-1452,-18.5,-14,-2.1
"36121","5","323","75","0","2016","3","N","Wyoming County, New York","Private","NAICS 323 Printing and related support activities","County, NAICS 3-digit -- by ownership sector","All establishment sizes",3,0,0,0,0,0,0,0,"N",1.14,0,0,0,0,0,0,0,"N",0,0.0,0,0,0,0,0,0,0,0,0,0,0,0,0,0
"36121","5","323","75","0","2016","4","N","Wyoming County, New York","Private","NAICS 323 Printing and related support activities","County, NAICS 3-digit -- by ownership sector","All establishment sizes",3,0,0,0,0,0,0,0,"N",1.14,0,0,0,0,0,0,0,"N",0,0.0,0,0,0,0,0,0,0,0,0,0,0,0,0,0
"36121","5","3231","76","0","2016","1","","Wyoming County, New York","Private","NAICS 3231 Printing and related support activities","County, NAICS 4-digit -- by ownership sector","All establishment sizes",3,99,97,98,831414,622344,10580,653,"",1.12,2.32,2.29,2.30,2.29,2.30,1.07,0.99,"",0,0.0,4,4.2,3,3.2,1,1.0,27459,3.4,24196,4.0,-1981,-15.8,4,0.6
"36121","5","3231","76","0","2016","2","","Wyoming County, New York","Private","NAICS 3231 Printing and related support activities","County, NAICS 4-digit -- by ownership sector","All establishment sizes",3,96,97,97,823772,376223,6396,656,"",1.13,2.25,2.22,2.20,2.06,3.65,1.67,0.93,"",0,0.0,-1,-1.0,1,1.0,0,0.0,-17713,-2.1,2534,0.7,-1452,-18.5,-14,-2.1
"36121","5","3231","76","0","2016","3","N","Wyoming County, New York","Private","NAICS 3231 Printing and related support activities","County, NAICS 4-digit -- by ownership sector","All establishment sizes",3,0,0,0,0,0,0,0,"N",1.14,0,0,0,0,0,0,0,"N",0,0.0,0,0,0,0,0,0,0,0,0,0,0,0,0,0
"36121","5","3231","76","0","2016","4","N","Wyoming County, New York","Private","NAICS 3231 Printing and related support activities","County, NAICS 4-digit -- by ownership sector","All establishment sizes",3,0,0,0,0,0,0,0,"N",1.14,0,0,0,0,0,0,0,"N",0,0.0,0,0,0,0,0,0,0,0,0,0,0,0,0,0
"36121","5","32311","77","0","2016","1","","Wyoming County, New York","Private","NAICS 32311 Printing","County, NAICS 5-digit -- by ownership sector","All establishment sizes",3,99,97,98,831414,622344,10580,653,"",1.19,2.47,2.42,2.44,2.43,2.45,1.14,1.00,"",0,0.0,4,4.2,3,3.2,1,1.0,27459,3.4,24196,4.0,-1981,-15.8,4,0.6
"36121","5","32311","77","0","2016","2","","Wyoming County, New York","Private","NAICS 32311 Printing","County, NAICS 5-digit -- by ownership sector","All establishment sizes",3,96,97,97,823772,376223,6396,656,"",1.20,2.38,2.35,2.33,2.20,3.88,1.79,0.93,"",0,0.0,-1,-1.0,1,1.0,0,0.0,-17713,-2.1,2534,0.7,-1452,-18.5,-14,-2.1
"36121","5","32311","77","0","2016","3","N","Wyoming County, New York","Private","NAICS 32311 Printing","County, NAICS 5-digit -- by ownership sector","All establishment sizes",3,0,0,0,0,0,0,0,"N",1.21,0,0,0,0,0,0,0,"N",0,0.0,0,0,0,0,0,0,0,0,0,0,0,0,0,0
"36121","5","32311","77","0","2016","4","N","Wyoming County, New York","Private","NAICS 32311 Printing","County, NAICS 5-digit -- by ownership sector","All establishment sizes",3,0,0,0,0,0,0,0,"N",1.21,0,0,0,0,0,0,0,"N",0,0.0,0,0,0,0,0,0,0,0,0,0,0,0,0,0
"36121","5","323113","78","0","2016","1","","Wyoming County, New York","Private","NAICS 323113 Commercial screen printing","County, NAICS 6-digit -- by ownership sector","All establishment sizes",3,99,97,98,831414,622344,10580,653,"",5.22,14.27,13.98,13.95,19.64,17.65,9.38,1.40,"",0,0.0,4,4.2,3,3.2,1,1.0,27459,3.4,24196,4.0,-1981,-15.8,4,0.6
"36121","5","323113","78","0","2016","2","","Wyoming County, New York","Private","NAICS 323113 Commercial screen printing","County, NAICS 6-digit -- by ownership sector","All establishment sizes",3,96,97,97,823772,376223,6396,656,"",5.23,13.50,13.25,13.02,16.33,19.77,9.34,1.23,"",0,0.0,-1,-1.0,1,1.0,0,0.0,-17713,-2.1,2534,0.7,-1452,-18.5,-14,-2.1
"36121","5","323113","78","0","2016","3","N","Wyoming County, New York","Private","NAICS 323113 Commercial screen printing","County, NAICS 6-digit -- by ownership sector","All establishment sizes",3,0,0,0,0,0,0,0,"N",5.24,0,0,0,0,0,0,0,"N",0,0.0,0,0,0,0,0,0,0,0,0,0,0,0,0,0
"36121","5","323113","78","0","2016","4","N","Wyoming County, New York","Private","NAICS 323113 Commercial screen printing","County, NAICS 6-digit -- by ownership sector","All establishment sizes",3,0,0,0,0,0,0,0,"N",5.25,0,0,0,0,0,0,0,"N",0,0.0,0,0,0,0,0,0,0,0,0,0,0,0,0,0
"36121","5","326","75","0","2016","1","N","Wyoming County, New York","Private","NAICS 326 Plastics and rubber products manufacturing","County, NAICS 3-digit -- by ownership sector","All establishment sizes",2,0,0,0,0,0,0,0,"N",1.63,0,0,0,0,0,0,0,"N",0,0.0,0,0,0,0,0,0,0,0,0,0,0,0,0,0
"36121","5","326","75","0","2016","2","N","Wyoming County, New York","Private","NAICS 326 Plastics and rubber products manufacturing","County, NAICS 3-digit -- by ownership sector","All establishment sizes",2,0,0,0,0,0,0,0,"N",1.64,0,0,0,0,0,0,0,"N",0,0.0,0,0,0,0,0,0,0,0,0,0,0,0,0,0
"36121","5","326","75","0","2016","3","N","Wyoming County, New York","Private","NAICS 326 Plastics and rubber products manufacturing","County, NAICS 3-digit -- by ownership sector","All establishment sizes",2,0,0,0,0,0,0,0,"N",1.65,0,0,0,0,0,0,0,"N",0,0.0,0,0,0,0,0,0,0,0,0,0,0,0,0,0
"36121","5","326","75","0","2016","4","N","Wyoming County, New York","Private","NAICS 326 Plastics and rubber products manufacturing","County, NAICS 3-digit -- by ownership sector","All establishment sizes",2,0,0,0,0,0,0,0,"N",1.66,0,0,0,0,0,0,0,"N",0,0.0,0,0,0,0,0,0,0,0,0,0,0,0,0,0
"36121","5","3261","76","0","2016","1","N","Wyoming County, New York","Private","NAICS 3261 Plastics product manufacturing","County, NAICS 4-digit -- by ownership sector","All establishment sizes",1,0,0,0,0,0,0,0,"N",0.97,0,0,0,0,0,0,0,"N",0,0.0,0,0,0,0,0,0,0,0,0,0,0,0,0,0
"36121","5","3261","76","0","2016","2","N","Wyoming County, New York","Private","NAICS 3261 Plastics product manufacturing","County, NAICS 4-digit -- by ownership sector","All establishment sizes",1,0,0,0,0,0,0,0,"N",0.97,0,0,0,0,0,0,0,"N",0,0.0,0,0,0,0,0,0,0,0,0,0,0,0,0,0
"36121","5","3261","76","0","2016","3","N","Wyoming County, New York","Private","NAICS 3261 Plastics product manufacturing","County, NAICS 4-digit -- by ownership sector","All establishment sizes",1,0,0,0,0,0,0,0,"N",0.98,0,0,0,0,0,0,0,"N",0,0.0,0,0,0,0,0,0,0,0,0,0,0,0,0,0
"36121","5","3261","76","0","2016","4","N","Wyoming County, New York","Private","NAICS 3261 Plastics product manufacturing","County, NAICS 4-digit -- by ownership sector","All establishment sizes",1,0,0,0,0,0,0,0,"N",0.98,0,0,0,0,0,0,0,"N",0,0.0,0,0,0,0,0,0,0,0,0,0,0,0,0,0
"36121","5","32615","77","0","2016","1","N","Wyoming County, New York","Private","NAICS 32615 Urethane and other foam product manufacturing","County, NAICS 5-digit -- by ownership sector","All establishment sizes",1,0,0,0,0,0,0,0,"N",12.25,0,0,0,0,0,0,0,"N",0,0.0,0,0,0,0,0,0,0,0,0,0,0,0,0,0
"36121","5","32615","77","0","2016","2","N","Wyoming County, New York","Private","NAICS 32615 Urethane and other foam product manufacturing","County, NAICS 5-digit -- by ownership sector","All establishment sizes",1,0,0,0,0,0,0,0,"N",12.12,0,0,0,0,0,0,0,"N",0,0.0,0,0,0,0,0,0,0,0,0,0,0,0,0,0
"36121","5","32615","77","0","2016","3","N","Wyoming County, New York","Private","NAICS 32615 Urethane and other foam product manufacturing","County, NAICS 5-digit -- by ownership sector","All establishment sizes",1,0,0,0,0,0,0,0,"N",12.16,0,0,0,0,0,0,0,"N",0,0.0,0,0,0,0,0,0,0,0,0,0,0,0,0,0
"36121","5","32615","77","0","2016","4","N","Wyoming County, New York","Private","NAICS 32615 Urethane and other foam product manufacturing","County, NAICS 5-digit -- by ownership sector","All establishment sizes",1,0,0,0,0,0,0,0,"N",12.31,0,0,0,0,0,0,0,"N",0,0.0,0,0,0,0,0,0,0,0,0,0,0,0,0,0
"36121","5","326150","78","0","2016","1","N","Wyoming County, New York","Private","NAICS 326150 Urethane and other foam product manufacturing","County, NAICS 6-digit -- by ownership sector","All establishment sizes",1,0,0,0,0,0,0,0,"N",12.25,0,0,0,0,0,0,0,"N",0,0.0,0,0,0,0,0,0,0,0,0,0,0,0,0,0
"36121","5","326150","78","0","2016","2","N","Wyoming County, New York","Private","NAICS 326150 Urethane and other foam product manufacturing","County, NAICS 6-digit -- by ownership sector","All establishment sizes",1,0,0,0,0,0,0,0,"N",12.12,0,0,0,0,0,0,0,"N",0,0.0,0,0,0,0,0,0,0,0,0,0,0,0,0,0
"36121","5","326150","78","0","2016","3","N","Wyoming County, New York","Private","NAICS 326150 Urethane and other foam product manufacturing","County, NAICS 6-digit -- by ownership sector","All establishment sizes",1,0,0,0,0,0,0,0,"N",12.16,0,0,0,0,0,0,0,"N",0,0.0,0,0,0,0,0,0,0,0,0,0,0,0,0,0
"36121","5","326150","78","0","2016","4","N","Wyoming County, New York","Private","NAICS 326150 Urethane and other foam product manufacturing","County, NAICS 6-digit -- by ownership sector","All establishment sizes",1,0,0,0,0,0,0,0,"N",12.31,0,0,0,0,0,0,0,"N",0,0.0,0,0,0,0,0,0,0,0,0,0,0,0,0,0
"36121","5","3262","76","0","2016","1","N","Wyoming County, New York","Private","NAICS 3262 Rubber product manufacturing","County, NAICS 4-digit -- by ownership sector","All establishment sizes",1,0,0,0,0,0,0,0,"N",5.27,0,0,0,0,0,0,0,"N",0,0.0,0,0,0,0,0,0,0,0,0,0,0,0,0,0
"36121","5","3262","76","0","2016","2","N","Wyoming County, New York","Private","NAICS 3262 Rubber product manufacturing","County, NAICS 4-digit -- by ownership sector","All establishment sizes",1,0,0,0,0,0,0,0,"N",5.27,0,0,0,0,0,0,0,"N",0,0.0,0,0,0,0,0,0,0,0,0,0,0,0,0,0
"36121","5","3262","76","0","2016","3","N","Wyoming County, New York","Private","NAICS 3262 Rubber product manufacturing","County, NAICS 4-digit -- by ownership sector","All establishment sizes",1,0,0,0,0,0,0,0,"N",5.33,0,0,0,0,0,0,0,"N",0,0.0,0,0,0,0,0,0,0,0,0,0,0,0,0,0
"36121","5","3262","76","0","2016","4","N","Wyoming County, New York","Private","NAICS 3262 Rubber product manufacturing","County, NAICS 4-digit -- by ownership sector","All establishment sizes",1,0,0,0,0,0,0,0,"N",5.30,0,0,0,0,0,0,0,"N",0,0.0,0,0,0,0,0,0,0,0,0,0,0,0,0,0
"36121","5","32629","77","0","2016","1","N","Wyoming County, New York","Private","NAICS 32629 Other rubber product manufacturing","County, NAICS 5-digit -- by ownership sector","All establishment sizes",1,0,0,0,0,0,0,0,"N",9.55,0,0,0,0,0,0,0,"N",0,0.0,0,0,0,0,0,0,0,0,0,0,0,0,0,0
"36121","5","32629","77","0","2016","2","N","Wyoming County, New York","Private","NAICS 32629 Other rubber product manufacturing","County, NAICS 5-digit -- by ownership sector","All establishment sizes",1,0,0,0,0,0,0,0,"N",9.53,0,0,0,0,0,0,0,"N",0,0.0,0,0,0,0,0,0,0,0,0,0,0,0,0,0
"36121","5","32629","77","0","2016","3","N","Wyoming County, New York","Private","NAICS 32629 Other rubber product manufacturing","County, NAICS 5-digit -- by ownership sector","All establishment sizes",1,0,0,0,0,0,0,0,"N",9.63,0,0,0,0,0,0,0,"N",0,0.0,0,0,0,0,0,0,0,0,0,0,0,0,0,0
"36121","5","32629","77","0","2016","4","N","Wyoming County, New York","Private","NAICS 32629 Other rubber product manufacturing","County, NAICS 5-digit -- by ownership sector","All establishment sizes",1,0,0,0,0,0,0,0,"N",9.68,0,0,0,0,0,0,0,"N",0,0.0,0,0,0,0,0,0,0,0,0,0,0,0,0,0
"36121","5","326299","78","0","2016","1","N","Wyoming County, New York","Private","NAICS 326299 All other rubber product manufacturing","County, NAICS 6-digit -- by ownership sector","All establishment sizes",1,0,0,0,0,0,0,0,"N",16.58,0,0,0,0,0,0,0,"N",0,0.0,0,0,0,0,0,0,0,0,0,0,0,0,0,0
"36121","5","326299","78","0","2016","2","N","Wyoming County, New York","Private","NAICS 326299 All other rubber product manufacturing","County, NAICS 6-digit -- by ownership sector","All establishment sizes",1,0,0,0,0,0,0,0,"N",16.46,0,0,0,0,0,0,0,"N",0,0.0,0,0,0,0,0,0,0,0,0,0,0,0,0,0
"36121","5","326299","78","0","2016","3","N","Wyoming County, New York","Private","NAICS 326299 All other rubber product manufacturing","County, NAICS 6-digit -- by ownership sector","All establishment sizes",1,0,0,0,0,0,0,0,"N",16.63,0,0,0,0,0,0,0,"N",0,0.0,0,0,0,0,0,0,0,0,0,0,0,0,0,0
"36121","5","326299","78","0","2016","4","N","Wyoming County, New York","Private","NAICS 326299 All other rubber product manufacturing","County, NAICS 6-digit -- by ownership sector","All establishment sizes",1,0,0,0,0,0,0,0,"N",16.61,0,0,0,0,0,0,0,"N",0,0.0,0,0,0,0,0,0,0,0,0,0,0,0,0,0
"36121","5","327","75","0","2016","1","N","Wyoming County, New York","Private","NAICS 327 Nonmetallic mineral product manufacturing","County, NAICS 3-digit -- by ownership sector","All establishment sizes",1,0,0,0,0,0,0,0,"N",0.66,0,0,0,0,0,0,0,"N",0,0.0,0,0,0,0,0,0,0,0,0,0,0,0,0,0
"36121","5","327","75","0","2016","2","N","Wyoming County, New York","Private","NAICS 327 Nonmetallic mineral product manufacturing","County, NAICS 3-digit -- by ownership sector","All establishment sizes",1,0,0,0,0,0,0,0,"N",0.66,0,0,0,0,0,0,0,"N",0,0.0,0,0,0,0,0,0,0,0,0,0,0,0,0,0
"36121","5","327","75","0","2016","3","N","Wyoming County, New York","Private","NAICS 327 Nonmetallic mineral product manufacturing","County, NAICS 3-digit -- by ownership sector","All establishment sizes",1,0,0,0,0,0,0,0,"N",0.67,0,0,0,0,0,0,0,"N",0,0.0,0,0,0,0,0,0,0,0,0,0,0,0,0,0
"36121","5","327","75","0","2016","4","N","Wyoming County, New York","Private","NAICS 327 Nonmetallic mineral product manufacturing","County, NAICS 3-digit -- by ownership sector","All establishment sizes",1,0,0,0,0,0,0,0,"N",0.67,0,0,0,0,0,0,0,"N",0,0.0,0,0,0,0,0,0,0,0,0,0,0,0,0,0
"36121","5","3273","76","0","2016","1","N","Wyoming County, New York","Private","NAICS 3273 Cement and concrete product manufacturing","County, NAICS 4-digit -- by ownership sector","All establishment sizes",1,0,0,0,0,0,0,0,"N",1.20,0,0,0,0,0,0,0,"N",0,0.0,0,0,0,0,0,0,0,0,0,0,0,0,0,0
"36121","5","3273","76","0","2016","2","N","Wyoming County, New York","Private","NAICS 3273 Cement and concrete product manufacturing","County, NAICS 4-digit -- by ownership sector","All establishment sizes",1,0,0,0,0,0,0,0,"N",1.21,0,0,0,0,0,0,0,"N",0,0.0,0,0,0,0,0,0,0,0,0,0,0,0,0,0
"36121","5","3273","76","0","2016","3","N","Wyoming County, New York","Private","NAICS 3273 Cement and concrete product manufacturing","County, NAICS 4-digit -- by ownership sector","All establishment sizes",1,0,0,0,0,0,0,0,"N",1.22,0,0,0,0,0,0,0,"N",0,0.0,0,0,0,0,0,0,0,0,0,0,0,0,0,0
"36121","5","3273","76","0","2016","4","N","Wyoming County, New York","Private","NAICS 3273 Cement and concrete product manufacturing","County, NAICS 4-digit -- by ownership sector","All establishment sizes",1,0,0,0,0,0,0,0,"N",1.23,0,0,0,0,0,0,0,"N",0,0.0,0,0,0,0,0,0,0,0,0,0,0,0,0,0
"36121","5","32732","77","0","2016","1","N","Wyoming County, New York","Private","NAICS 32732 Ready-mix concrete manufacturing","County, NAICS 5-digit -- by ownership sector","All establishment sizes",1,0,0,0,0,0,0,0,"N",2.03,0,0,0,0,0,0,0,"N",0,0.0,0,0,0,0,0,0,0,0,0,0,0,0,0,0
"36121","5","32732","77","0","2016","2","N","Wyoming County, New York","Private","NAICS 32732 Ready-mix concrete manufacturing","County, NAICS 5-digit -- by ownership sector","All establishment sizes",1,0,0,0,0,0,0,0,"N",2.04,0,0,0,0,0,0,0,"N",0,0.0,0,0,0,0,0,0,0,0,0,0,0,0,0,0
"36121","5","32732","77","0","2016","3","N","Wyoming County, New York","Private","NAICS 32732 Ready-mix concrete manufacturing","County, NAICS 5-digit -- by ownership sector","All establishment sizes",1,0,0,0,0,0,0,0,"N",2.05,0,0,0,0,0,0,0,"N",0,0.0,0,0,0,0,0,0,0,0,0,0,0,0,0,0
"36121","5","32732","77","0","2016","4","N","Wyoming County, New York","Private","NAICS 32732 Ready-mix concrete manufacturing","County, NAICS 5-digit -- by ownership sector","All establishment sizes",1,0,0,0,0,0,0,0,"N",2.07,0,0,0,0,0,0,0,"N",0,0.0,0,0,0,0,0,0,0,0,0,0,0,0,0,0
"36121","5","327320","78","0","2016","1","N","Wyoming County, New York","Private","NAICS 327320 Ready-mix concrete manufacturing","County, NAICS 6-digit -- by ownership sector","All establishment sizes",1,0,0,0,0,0,0,0,"N",2.03,0,0,0,0,0,0,0,"N",0,0.0,0,0,0,0,0,0,0,0,0,0,0,0,0,0
"36121","5","327320","78","0","2016","2","N","Wyoming County, New York","Private","NAICS 327320 Ready-mix concrete manufacturing","County, NAICS 6-digit -- by ownership sector","All establishment sizes",1,0,0,0,0,0,0,0,"N",2.04,0,0,0,0,0,0,0,"N",0,0.0,0,0,0,0,0,0,0,0,0,0,0,0,0,0
"36121","5","327320","78","0","2016","3","N","Wyoming County, New York","Private","NAICS 327320 Ready-mix concrete manufacturing","County, NAICS 6-digit -- by ownership sector","All establishment sizes",1,0,0,0,0,0,0,0,"N",2.05,0,0,0,0,0,0,0,"N",0,0.0,0,0,0,0,0,0,0,0,0,0,0,0,0,0
"36121","5","327320","78","0","2016","4","N","Wyoming County, New York","Private","NAICS 327320 Ready-mix concrete manufacturing","County, NAICS 6-digit -- by ownership sector","All establishment sizes",1,0,0,0,0,0,0,0,"N",2.07,0,0,0,0,0,0,0,"N",0,0.0,0,0,0,0,0,0,0,0,0,0,0,0,0,0
"36121","5","331","75","0","2016","1","N","Wyoming County, New York","Private","NAICS 331 Primary metal manufacturing","County, NAICS 3-digit -- by ownership sector","All establishment sizes",2,0,0,0,0,0,0,0,"N",3.90,0,0,0,0,0,0,0,"N",0,0.0,0,0,0,0,0,0,0,0,0,0,0,0,0,0
"36121","5","331","75","0","2016","2","N","Wyoming County, New York","Private","NAICS 331 Primary metal manufacturing","County, NAICS 3-digit -- by ownership sector","All establishment sizes",2,0,0,0,0,0,0,0,"N",3.92,0,0,0,0,0,0,0,"N",0,0.0,0,0,0,0,0,0,0,0,0,0,0,0,0,0
"36121","5","331","75","0","2016","3","N","Wyoming County, New York","Private","NAICS 331 Primary metal manufacturing","County, NAICS 3-digit -- by ownership sector","All establishment sizes",2,0,0,0,0,0,0,0,"N",3.93,0,0,0,0,0,0,0,"N",0,0.0,0,0,0,0,0,0,0,0,0,0,0,0,0,0
"36121","5","331","75","0","2016","4","N","Wyoming County, New York","Private","NAICS 331 Primary metal manufacturing","County, NAICS 3-digit -- by ownership sector","All establishment sizes",2,0,0,0,0,0,0,0,"N",3.94,0,0,0,0,0,0,0,"N",0,0.0,0,0,0,0,0,0,0,0,0,0,0,0,0,0
"36121","5","3312","76","0","2016","1","N","Wyoming County, New York","Private","NAICS 3312 Steel product mfg. from purchased steel","County, NAICS 4-digit -- by ownership sector","All establishment sizes",1,0,0,0,0,0,0,0,"N",9.49,0,0,0,0,0,0,0,"N",0,0.0,0,0,0,0,0,0,0,0,0,0,0,0,0,0
"36121","5","3312","76","0","2016","2","N","Wyoming County, New York","Private","NAICS 3312 Steel product mfg. from purchased steel","County, NAICS 4-digit -- by ownership sector","All establishment sizes",1,0,0,0,0,0,0,0,"N",9.56,0,0,0,0,0,0,0,"N",0,0.0,0,0,0,0,0,0,0,0,0,0,0,0,0,0
"36121","5","3312","76","0","2016","3","N","Wyoming County, New York","Private","NAICS 3312 Steel product mfg. from purchased steel","County, NAICS 4-digit -- by ownership sector","All establishment sizes",1,0,0,0,0,0,0,0,"N",9.64,0,0,0,0,0,0,0,"N",0,0.0,0,0,0,0,0,0,0,0,0,0,0,0,0,0
"36121","5","3312","76","0","2016","4","N","Wyoming County, New York","Private","NAICS 3312 Steel product mfg. from purchased steel","County, NAICS 4-digit -- by ownership sector","All establishment sizes",1,0,0,0,0,0,0,0,"N",9.65,0,0,0,0,0,0,0,"N",0,0.0,0,0,0,0,0,0,0,0,0,0,0,0,0,0
"36121","5","33121","77","0","2016","1","N","Wyoming County, New York","Private","NAICS 33121 Iron, steel pipe and tube from purchase steel","County, NAICS 5-digit -- by ownership sector","All establishment sizes",1,0,0,0,0,0,0,0,"N",22.07,0,0,0,0,0,0,0,"N",0,0.0,0,0,0,0,0,0,0,0,0,0,0,0,0,0
"36121","5","33121","77","0","2016","2","N","Wyoming County, New York","Private","NAICS 33121 Iron, steel pipe and tube from purchase steel","County, NAICS 5-digit -- by ownership sector","All establishment sizes",1,0,0,0,0,0,0,0,"N",22.22,0,0,0,0,0,0,0,"N",0,0.0,0,0,0,0,0,0,0,0,0,0,0,0,0,0
"36121","5","33121","77","0","2016","3","N","Wyoming County, New York","Private","NAICS 33121 Iron, steel pipe and tube from purchase steel","County, NAICS 5-digit -- by ownership sector","All establishment sizes",1,0,0,0,0,0,0,0,"N",22.52,0,0,0,0,0,0,0,"N",0,0.0,0,0,0,0,0,0,0,0,0,0,0,0,0,0
"36121","5","33121","77","0","2016","4","N","Wyoming County, New York","Private","NAICS 33121 Iron, steel pipe and tube from purchase steel","County, NAICS 5-digit -- by ownership sector","All establishment sizes",1,0,0,0,0,0,0,0,"N",22.71,0,0,0,0,0,0,0,"N",0,0.0,0,0,0,0,0,0,0,0,0,0,0,0,0,0
"36121","5","331210","78","0","2016","1","N","Wyoming County, New York","Private","NAICS 331210 Iron, steel pipe and tube from purchase steel","County, NAICS 6-digit -- by ownership sector","All establishment sizes",1,0,0,0,0,0,0,0,"N",22.07,0,0,0,0,0,0,0,"N",0,0.0,0,0,0,0,0,0,0,0,0,0,0,0,0,0
"36121","5","331210","78","0","2016","2","N","Wyoming County, New York","Private","NAICS 331210 Iron, steel pipe and tube from purchase steel","County, NAICS 6-digit -- by ownership sector","All establishment sizes",1,0,0,0,0,0,0,0,"N",22.22,0,0,0,0,0,0,0,"N",0,0.0,0,0,0,0,0,0,0,0,0,0,0,0,0,0
"36121","5","331210","78","0","2016","3","N","Wyoming County, New York","Private","NAICS 331210 Iron, steel pipe and tube from purchase steel","County, NAICS 6-digit -- by ownership sector","All establishment sizes",1,0,0,0,0,0,0,0,"N",22.52,0,0,0,0,0,0,0,"N",0,0.0,0,0,0,0,0,0,0,0,0,0,0,0,0,0
"36121","5","331210","78","0","2016","4","N","Wyoming County, New York","Private","NAICS 331210 Iron, steel pipe and tube from purchase steel","County, NAICS 6-digit -- by ownership sector","All establishment sizes",1,0,0,0,0,0,0,0,"N",22.71,0,0,0,0,0,0,0,"N",0,0.0,0,0,0,0,0,0,0,0,0,0,0,0,0,0
"36121","5","3315","76","0","2016","1","N","Wyoming County, New York","Private","NAICS 3315 Foundries","County, NAICS 4-digit -- by ownership sector","All establishment sizes",1,0,0,0,0,0,0,0,"N",5.74,0,0,0,0,0,0,0,"N",0,0.0,0,0,0,0,0,0,0,0,0,0,0,0,0,0
"36121","5","3315","76","0","2016","2","N","Wyoming County, New York","Private","NAICS 3315 Foundries","County, NAICS 4-digit -- by ownership sector","All establishment sizes",1,0,0,0,0,0,0,0,"N",5.78,0,0,0,0,0,0,0,"N",0,0.0,0,0,0,0,0,0,0,0,0,0,0,0,0,0
"36121","5","3315","76","0","2016","3","N","Wyoming County, New York","Private","NAICS 3315 Foundries","County, NAICS 4-digit -- by ownership sector","All establishment sizes",1,0,0,0,0,0,0,0,"N",5.82,0,0,0,0,0,0,0,"N",0,0.0,0,0,0,0,0,0,0,0,0,0,0,0,0,0
"36121","5","3315","76","0","2016","4","N","Wyoming County, New York","Private","NAICS 3315 Foundries","County, NAICS 4-digit -- by ownership sector","All establishment sizes",1,0,0,0,0,0,0,0,"N",5.84,0,0,0,0,0,0,0,"N",0,0.0,0,0,0,0,0,0,0,0,0,0,0,0,0,0
"36121","5","33152","77","0","2016","1","N","Wyoming County, New York","Private","NAICS 33152 Nonferrous metal foundries","County, NAICS 5-digit -- by ownership sector","All establishment sizes",1,0,0,0,0,0,0,0,"N",10.18,0,0,0,0,0,0,0,"N",0,0.0,0,0,0,0,0,0,0,0,0,0,0,0,0,0
"36121","5","33152","77","0","2016","2","N","Wyoming County, New York","Private","NAICS 33152 Nonferrous metal foundries","County, NAICS 5-digit -- by ownership sector","All establishment sizes",1,0,0,0,0,0,0,0,"N",10.26,0,0,0,0,0,0,0,"N",0,0.0,0,0,0,0,0,0,0,0,0,0,0,0,0,0
"36121","5","33152","77","0","2016","3","N","Wyoming County, New York","Private","NAICS 33152 Nonferrous metal foundries","County, NAICS 5-digit -- by ownership sector","All establishment sizes",1,0,0,0,0,0,0,0,"N",10.36,0,0,0,0,0,0,0,"N",0,0.0,0,0,0,0,0,0,0,0,0,0,0,0,0,0
"36121","5","33152","77","0","2016","4","N","Wyoming County, New York","Private","NAICS 33152 Nonferrous metal foundries","County, NAICS 5-digit -- by ownership sector","All establishment sizes",1,0,0,0,0,0,0,0,"N",10.41,0,0,0,0,0,0,0,"N",0,0.0,0,0,0,0,0,0,0,0,0,0,0,0,0,0
"36121","5","331524","78","0","2016","1","N","Wyoming County, New York","Private","NAICS 331524 Aluminum foundries, except die-casting","County, NAICS 6-digit -- by ownership sector","All establishment sizes",1,0,0,0,0,0,0,0,"N",24.83,0,0,0,0,0,0,0,"N",0,0.0,0,0,0,0,0,0,0,0,0,0,0,0,0,0
"36121","5","331524","78","0","2016","2","N","Wyoming County, New York","Private","NAICS 331524 Aluminum foundries, except die-casting","County, NAICS 6-digit -- by ownership sector","All establishment sizes",1,0,0,0,0,0,0,0,"N",25.00,0,0,0,0,0,0,0,"N",0,0.0,0,0,0,0,0,0,0,0,0,0,0,0,0,0
"36121","5","331524","78","0","2016","3","N","Wyoming County, New York","Private","NAICS 331524 Aluminum foundries, except die-casting","County, NAICS 6-digit -- by ownership sector","All establishment sizes",1,0,0,0,0,0,0,0,"N",25.24,0,0,0,0,0,0,0,"N",0,0.0,0,0,0,0,0,0,0,0,0,0,0,0,0,0
"36121","5","331524","78","0","2016","4","N","Wyoming County, New York","Private","NAICS 331524 Aluminum foundries, except die-casting","County, NAICS 6-digit -- by ownership sector","All establishment sizes",1,0,0,0,0,0,0,0,"N",25.40,0,0,0,0,0,0,0,"N",0,0.0,0,0,0,0,0,0,0,0,0,0,0,0,0,0
"36121","5","332","75","0","2016","1","","Wyoming County, New York","Private","NAICS 332 Fabricated metal product manufacturing","County, NAICS 3-digit -- by ownership sector","All establishment sizes",10,385,378,374,3849568,2925253,110416,781,"",1.84,2.83,2.79,2.76,2.93,3.17,3.05,1.05,"",1,11.1,9,2.4,8,2.2,-5,-1.3,-204582,-5.0,231567,8.6,-16621,-13.1,-51,-6.1
"36121","5","332","75","0","2016","2","","Wyoming County, New York","Private","NAICS 332 Fabricated metal product manufacturing","County, NAICS 3-digit -- by ownership sector","All establishment sizes",10,371,372,374,3905139,589769,21317,807,"",1.85,2.74,2.69,2.66,2.73,2.02,1.78,1.01,"",1,11.1,-27,-6.8,-30,-7.5,-28,-7.0,-241093,-5.8,-49673,-7.8,-8102,-27.5,11,1.4
"36121","5","332","75","0","2016","3","","Wyoming County, New York","Private","NAICS 332 Fabricated metal product manufacturing","County, NAICS 3-digit -- by ownership sector","All establishment sizes",10,367,363,350,3823291,111822,3848,817,"",1.87,2.73,2.71,2.57,2.69,0.92,0.82,1.01,"",1,11.1,-30,-7.6,-33,-8.3,-38,-9.8,-202755,-5.0,-85791,-43.4,-5533,-59.0,30,3.8
"36121","5","332","75","0","2016","4","","Wyoming County, New York","Private","NAICS 332 Fabricated metal product manufacturing","County, NAICS 3-digit -- by ownership sector","All establishment sizes",10,347,345,348,3994142,106853,3526,886,"",1.88,2.56,2.62,2.65,2.82,1.50,1.27,1.08,"",0,0.0,-43,-11.0,-43,-11.1,-40,-10.3,-482456,-10.8,-109481,-50.6,-6748,-65.7,0,0.0
"36121","5","3323","76","0","2016","1","N","Wyoming County, New York","Private","NAICS 3323 Architectural and structural metals mfg.","County, NAICS 4-digit -- by ownership sector","All establishment sizes",1,0,0,0,0,0,0,0,"N",0.74,0,0,0,0,0,0,0,"N",0,0.0,0,0,0,0,0,0,0,0,0,0,0,0,0,0
"36121","5","3323","76","0","2016","2","N","Wyoming County, New York","Private","NAICS 3323 Architectural and structural metals mfg.","County, NAICS 4-digit -- by ownership sector","All establishment sizes",1,0,0,0,0,0,0,0,"N",0.74,0,0,0,0,0,0,0,"N",0,0.0,0,0,0,0,0,0,0,0,0,0,0,0,0,0
"36121","5","3323","76","0","2016","3","N","Wyoming County, New York","Private","NAICS 3323 Architectural and structural metals mfg.","County, NAICS 4-digit -- by ownership sector","All establishment sizes",1,0,0,0,0,0,0,0,"N",0.75,0,0,0,0,0,0,0,"N",0,0.0,0,0,0,0,0,0,0,0,0,0,0,0,0,0
"36121","5","3323","76","0","2016","4","N","Wyoming County, New York","Private","NAICS 3323 Architectural and structural metals mfg.","County, NAICS 4-digit -- by ownership sector","All establishment sizes",1,0,0,0,0,0,0,0,"N",0.75,0,0,0,0,0,0,0,"N",0,0.0,0,0,0,0,0,0,0,0,0,0,0,0,0,0
"36121","5","33232","77","0","2016","1","N","Wyoming County, New York","Private","NAICS 33232 Ornamental and architectural metal products","County, NAICS 5-digit -- by ownership sector","All establishment sizes",1,0,0,0,0,0,0,0,"N",1.27,0,0,0,0,0,0,0,"N",0,0.0,0,0,0,0,0,0,0,0,0,0,0,0,0,0
"36121","5","33232","77","0","2016","2","N","Wyoming County, New York","Private","NAICS 33232 Ornamental and architectural metal products","County, NAICS 5-digit -- by ownership sector","All establishment sizes",1,0,0,0,0,0,0,0,"N",1.28,0,0,0,0,0,0,0,"N",0,0.0,0,0,0,0,0,0,0,0,0,0,0,0,0,0
"36121","5","33232","77","0","2016","3","N","Wyoming County, New York","Private","NAICS 33232 Ornamental and architectural metal products","County, NAICS 5-digit -- by ownership sector","All establishment sizes",1,0,0,0,0,0,0,0,"N",1.28,0,0,0,0,0,0,0,"N",0,0.0,0,0,0,0,0,0,0,0,0,0,0,0,0,0
"36121","5","33232","77","0","2016","4","N","Wyoming County, New York","Private","NAICS 33232 Ornamental and architectural metal products","County, NAICS 5-digit -- by ownership sector","All establishment sizes",1,0,0,0,0,0,0,0,"N",1.29,0,0,0,0,0,0,0,"N",0,0.0,0,0,0,0,0,0,0,0,0,0,0,0,0,0
"36121","5","332323","78","0","2016","1","N","Wyoming County, New York","Private","NAICS 332323 Ornamental and architectural metal work mfg.","County, NAICS 6-digit -- by ownership sector","All establishment sizes",1,0,0,0,0,0,0,0,"N",3.80,0,0,0,0,0,0,0,"N",0,0.0,0,0,0,0,0,0,0,0,0,0,0,0,0,0
"36121","5","332323","78","0","2016","2","N","Wyoming County, New York","Private","NAICS 332323 Ornamental and architectural metal work mfg.","County, NAICS 6-digit -- by ownership sector","All establishment sizes",1,0,0,0,0,0,0,0,"N",3.81,0,0,0,0,0,0,0,"N",0,0.0,0,0,0,0,0,0,0,0,0,0,0,0,0,0
"36121","5","332323","78","0","2016","3","N","Wyoming County, New York","Private","NAICS 332323 Ornamental and architectural metal work mfg.","County, NAICS 6-digit -- by ownership sector","All establishment sizes",1,0,0,0,0,0,0,0,"N",3.84,0,0,0,0,0,0,0,"N",0,0.0,0,0,0,0,0,0,0,0,0,0,0,0,0,0
"36121","5","332323","78","0","2016","4","N","Wyoming County, New York","Private","NAICS 332323 Ornamental and architectural metal work mfg.","County, NAICS 6-digit -- by ownership sector","All establishment sizes",1,0,0,0,0,0,0,0,"N",3.86,0,0,0,0,0,0,0,"N",0,0.0,0,0,0,0,0,0,0,0,0,0,0,0,0,0
"36121","5","3324","76","0","2016","1","N","Wyoming County, New York","Private","NAICS 3324 Boiler, tank, and shipping container mfg.","County, NAICS 4-digit -- by ownership sector","All establishment sizes",1,0,0,0,0,0,0,0,"N",5.35,0,0,0,0,0,0,0,"N",0,0.0,0,0,0,0,0,0,0,0,0,0,0,0,0,0
"36121","5","3324","76","0","2016","2","N","Wyoming County, New York","Private","NAICS 3324 Boiler, tank, and shipping container mfg.","County, NAICS 4-digit -- by ownership sector","All establishment sizes",1,0,0,0,0,0,0,0,"N",5.34,0,0,0,0,0,0,0,"N",0,0.0,0,0,0,0,0,0,0,0,0,0,0,0,0,0
"36121","5","3324","76","0","2016","3","N","Wyoming County, New York","Private","NAICS 3324 Boiler, tank, and shipping container mfg.","County, NAICS 4-digit -- by ownership sector","All establishment sizes",1,0,0,0,0,0,0,0,"N",5.39,0,0,0,0,0,0,0,"N",0,0.0,0,0,0,0,0,0,0,0,0,0,0,0,0,0
"36121","5","3324","76","0","2016","4","N","Wyoming County, New York","Private","NAICS 3324 Boiler, tank, and shipping container mfg.","County, NAICS 4-digit -- by ownership sector","All establishment sizes",1,0,0,0,0,0,0,0,"N",5.45,0,0,0,0,0,0,0,"N",0,0.0,0,0,0,0,0,0,0,0,0,0,0,0,0,0
"36121","5","33241","77","0","2016","1","N","Wyoming County, New York","Private","NAICS 33241 Power boiler and heat exchanger manufacturing","County, NAICS 5-digit -- by ownership sector","All establishment sizes",1,0,0,0,0,0,0,0,"N",27.65,0,0,0,0,0,0,0,"N",0,0.0,0,0,0,0,0,0,0,0,0,0,0,0,0,0
"36121","5","33241","77","0","2016","2","N","Wyoming County, New York","Private","NAICS 33241 Power boiler and heat exchanger manufacturing","County, NAICS 5-digit -- by ownership sector","All establishment sizes",1,0,0,0,0,0,0,0,"N",27.41,0,0,0,0,0,0,0,"N",0,0.0,0,0,0,0,0,0,0,0,0,0,0,0,0,0
"36121","5","33241","77","0","2016","3","N","Wyoming County, New York","Private","NAICS 33241 Power boiler and heat exchanger manufacturing","County, NAICS 5-digit -- by ownership sector","All establishment sizes",1,0,0,0,0,0,0,0,"N",27.82,0,0,0,0,0,0,0,"N",0,0.0,0,0,0,0,0,0,0,0,0,0,0,0,0,0
"36121","5","33241","77","0","2016","4","N","Wyoming County, New York","Private","NAICS 33241 Power boiler and heat exchanger manufacturing","County, NAICS 5-digit -- by ownership sector","All establishment sizes",1,0,0,0,0,0,0,0,"N",28.21,0,0,0,0,0,0,0,"N",0,0.0,0,0,0,0,0,0,0,0,0,0,0,0,0,0
"36121","5","332410","78","0","2016","1","N","Wyoming County, New York","Private","NAICS 332410 Power boiler and heat exchanger manufacturing","County, NAICS 6-digit -- by ownership sector","All establishment sizes",1,0,0,0,0,0,0,0,"N",27.65,0,0,0,0,0,0,0,"N",0,0.0,0,0,0,0,0,0,0,0,0,0,0,0,0,0
"36121","5","332410","78","0","2016","2","N","Wyoming County, New York","Private","NAICS 332410 Power boiler and heat exchanger manufacturing","County, NAICS 6-digit -- by ownership sector","All establishment sizes",1,0,0,0,0,0,0,0,"N",27.41,0,0,0,0,0,0,0,"N",0,0.0,0,0,0,0,0,0,0,0,0,0,0,0,0,0
"36121","5","332410","78","0","2016","3","N","Wyoming County, New York","Private","NAICS 332410 Power boiler and heat exchanger manufacturing","County, NAICS 6-digit -- by ownership sector","All establishment sizes",1,0,0,0,0,0,0,0,"N",27.82,0,0,0,0,0,0,0,"N",0,0.0,0,0,0,0,0,0,0,0,0,0,0,0,0,0
"36121","5","332410","78","0","2016","4","N","Wyoming County, New York","Private","NAICS 332410 Power boiler and heat exchanger manufacturing","County, NAICS 6-digit -- by ownership sector","All establishment sizes",1,0,0,0,0,0,0,0,"N",28.21,0,0,0,0,0,0,0,"N",0,0.0,0,0,0,0,0,0,0,0,0,0,0,0,0,0
"36121","5","3327","76","0","2016","1","","Wyoming County, New York","Private","NAICS 3327 Machine shops and threaded product mfg.","County, NAICS 4-digit -- by ownership sector","All establishment sizes",5,73,70,71,749225,621786,25180,808,"",2.38,2.15,2.07,2.10,2.41,2.73,2.75,1.15,"",0,0.0,8,12.3,7,11.1,7,10.9,18631,2.6,49282,8.6,-1953,-7.2,-70,-8.0
"36121","5","3327","76","0","2016","2","","Wyoming County, New York","Private","NAICS 3327 Machine shops and threaded product mfg.","County, NAICS 4-digit -- by ownership sector","All establishment sizes",5,68,67,67,750164,119497,4805,857,"",2.40,2.02,1.96,1.93,2.18,1.70,1.72,1.11,"",0,0.0,1,1.5,-2,-2.9,-1,-1.5,-42028,-5.3,-23542,-16.5,-1653,-25.6,-39,-4.4
"36121","5","3327","76","0","2016","3","","Wyoming County, New York","Private","NAICS 3327 Machine shops and threaded product mfg.","County, NAICS 4-digit -- by ownership sector","All establishment sizes",5,67,65,63,776077,18319,512,918,"",2.43,2.02,1.98,1.88,2.30,0.65,0.49,1.17,"",0,0.0,-2,-2.9,-2,-3.0,-4,-6.0,-4081,-0.5,-28189,-60.6,-1611,-75.9,31,3.5
"36121","5","3327","76","0","2016","4","","Wyoming County, New York","Private","NAICS 3327 Machine shops and threaded product mfg.","County, NAICS 4-digit -- by ownership sector","All establishment sizes",5,65,66,66,803899,30954,594,942,"",2.45,1.95,2.05,2.04,2.38,1.84,0.94,1.18,"",0,0.0,-7,-9.7,-5,-7.0,-6,-8.3,-107570,-11.8,-42668,-58.0,-2350,-79.8,-36,-3.7
"36121","5","33271","77","0","2016","1","N","Wyoming County, New York","Private","NAICS 33271 Machine shops","County, NAICS 5-digit -- by ownership sector","All establishment sizes",3,0,0,0,0,0,0,0,"N",1.58,0,0,0,0,0,0,0,"N",0,0.0,0,0,0,0,0,0,0,0,0,0,0,0,0,0
"36121","5","33271","77","0","2016","2","N","Wyoming County, New York","Private","NAICS 33271 Machine shops","County, NAICS 5-digit -- by ownership sector","All establishment sizes",3,0,0,0,0,0,0,0,"N",1.59,0,0,0,0,0,0,0,"N",0,0.0,0,0,0,0,0,0,0,0,0,0,0,0,0,0
"36121","5","33271","77","0","2016","3","N","Wyoming County, New York","Private","NAICS 33271 Machine shops","County, NAICS 5-digit -- by ownership sector","All establishment sizes",3,0,0,0,0,0,0,0,"N",1.61,0,0,0,0,0,0,0,"N",0,0.0,0,0,0,0,0,0,0,0,0,0,0,0,0,0
"36121","5","33271","77","0","2016","4","N","Wyoming County, New York","Private","NAICS 33271 Machine shops","County, NAICS 5-digit -- by ownership sector","All establishment sizes",3,0,0,0,0,0,0,0,"N",1.63,0,0,0,0,0,0,0,"N",0,0.0,0,0,0,0,0,0,0,0,0,0,0,0,0,0
"36121","5","332710","78","0","2016","1","N","Wyoming County, New York","Private","NAICS 332710 Machine shops","County, NAICS 6-digit -- by ownership sector","All establishment sizes",3,0,0,0,0,0,0,0,"N",1.58,0,0,0,0,0,0,0,"N",0,0.0,0,0,0,0,0,0,0,0,0,0,0,0,0,0
"36121","5","332710","78","0","2016","2","N","Wyoming County, New York","Private","NAICS 332710 Machine shops","County, NAICS 6-digit -- by ownership sector","All establishment sizes",3,0,0,0,0,0,0,0,"N",1.59,0,0,0,0,0,0,0,"N",0,0.0,0,0,0,0,0,0,0,0,0,0,0,0,0,0
"36121","5","332710","78","0","2016","3","N","Wyoming County, New York","Private","NAICS 332710 Machine shops","County, NAICS 6-digit -- by ownership sector","All establishment sizes",3,0,0,0,0,0,0,0,"N",1.61,0,0,0,0,0,0,0,"N",0,0.0,0,0,0,0,0,0,0,0,0,0,0,0,0,0
"36121","5","332710","78","0","2016","4","N","Wyoming County, New York","Private","NAICS 332710 Machine shops","County, NAICS 6-digit -- by ownership sector","All establishment sizes",3,0,0,0,0,0,0,0,"N",1.63,0,0,0,0,0,0,0,"N",0,0.0,0,0,0,0,0,0,0,0,0,0,0,0,0,0
"36121","5","33272","77","0","2016","1","N","Wyoming County, New York","Private","NAICS 33272 Turned product and screw, nut, and bolt mfg.","County, NAICS 5-digit -- by ownership sector","All establishment sizes",2,0,0,0,0,0,0,0,"N",9.93,0,0,0,0,0,0,0,"N",0,0.0,0,0,0,0,0,0,0,0,0,0,0,0,0,0
"36121","5","33272","77","0","2016","2","N","Wyoming County, New York","Private","NAICS 33272 Turned product and screw, nut, and bolt mfg.","County, NAICS 5-digit -- by ownership sector","All establishment sizes",2,0,0,0,0,0,0,0,"N",10.07,0,0,0,0,0,0,0,"N",0,0.0,0,0,0,0,0,0,0,0,0,0,0,0,0,0
"36121","5","33272","77","0","2016","3","N","Wyoming County, New York","Private","NAICS 33272 Turned product and screw, nut, and bolt mfg.","County, NAICS 5-digit -- by ownership sector","All establishment sizes",2,0,0,0,0,0,0,0,"N",10.17,0,0,0,0,0,0,0,"N",0,0.0,0,0,0,0,0,0,0,0,0,0,0,0,0,0
"36121","5","33272","77","0","2016","4","N","Wyoming County, New York","Private","NAICS 33272 Turned product and screw, nut, and bolt mfg.","County, NAICS 5-digit -- by ownership sector","All establishment sizes",2,0,0,0,0,0,0,0,"N",10.26,0,0,0,0,0,0,0,"N",0,0.0,0,0,0,0,0,0,0,0,0,0,0,0,0,0
"36121","5","332721","78","0","2016","1","N","Wyoming County, New York","Private","NAICS 332721 Precision turned product manufacturing","County, NAICS 6-digit -- by ownership sector","All establishment sizes",2,0,0,0,0,0,0,0,"N",15.80,0,0,0,0,0,0,0,"N",0,0.0,0,0,0,0,0,0,0,0,0,0,0,0,0,0
"36121","5","332721","78","0","2016","2","N","Wyoming County, New York","Private","NAICS 332721 Precision turned product manufacturing","County, NAICS 6-digit -- by ownership sector","All establishment sizes",2,0,0,0,0,0,0,0,"N",16.06,0,0,0,0,0,0,0,"N",0,0.0,0,0,0,0,0,0,0,0,0,0,0,0,0,0
"36121","5","332721","78","0","2016","3","N","Wyoming County, New York","Private","NAICS 332721 Precision turned product manufacturing","County, NAICS 6-digit -- by ownership sector","All establishment sizes",2,0,0,0,0,0,0,0,"N",16.26,0,0,0,0,0,0,0,"N",0,0.0,0,0,0,0,0,0,0,0,0,0,0,0,0,0
"36121","5","332721","78","0","2016","4","N","Wyoming County, New York","Private","NAICS 332721 Precision turned product manufacturing","County, NAICS 6-digit -- by ownership sector","All establishment sizes",2,0,0,0,0,0,0,0,"N",16.41,0,0,0,0,0,0,0,"N",0,0.0,0,0,0,0,0,0,0,0,0,0,0,0,0,0
"36121","5","3328","76","0","2016","1","N","Wyoming County, New York","Private","NAICS 3328 Coating, engraving, and heat treating metals","County, NAICS 4-digit -- by ownership sector","All establishment sizes",2,0,0,0,0,0,0,0,"N",3.35,0,0,0,0,0,0,0,"N",1,100.0,0,0,0,0,0,0,0,0,0,0,0,0,0,0
"36121","5","3328","76","0","2016","2","N","Wyoming County, New York","Private","NAICS 3328 Coating, engraving, and heat treating metals","County, NAICS 4-digit -- by ownership sector","All establishment sizes",2,0,0,0,0,0,0,0,"N",3.37,0,0,0,0,0,0,0,"N",1,100.0,0,0,0,0,0,0,0,0,0,0,0,0,0,0
"36121","5","3328","76","0","2016","3","N","Wyoming County, New York","Private","NAICS 3328 Coating, engraving, and heat treating metals","County, NAICS 4-digit -- by ownership sector","All establishment sizes",2,0,0,0,0,0,0,0,"N",3.40,0,0,0,0,0,0,0,"N",1,100.0,0,0,0,0,0,0,0,0,0,0,0,0,0,0
"36121","5","3328","76","0","2016","4","N","Wyoming County, New York","Private","NAICS 3328 Coating, engraving, and heat treating metals","County, NAICS 4-digit -- by ownership sector","All establishment sizes",2,0,0,0,0,0,0,0,"N",3.42,0,0,0,0,0,0,0,"N",0,0.0,0,0,0,0,0,0,0,0,0,0,0,0,0,0
"36121","5","33281","77","0","2016","1","N","Wyoming County, New York","Private","NAICS 33281 Coating, engraving, and heat treating metals","County, NAICS 5-digit -- by ownership sector","All establishment sizes",2,0,0,0,0,0,0,0,"N",3.35,0,0,0,0,0,0,0,"N",1,100.0,0,0,0,0,0,0,0,0,0,0,0,0,0,0
"36121","5","33281","77","0","2016","2","N","Wyoming County, New York","Private","NAICS 33281 Coating, engraving, and heat treating metals","County, NAICS 5-digit -- by ownership sector","All establishment sizes",2,0,0,0,0,0,0,0,"N",3.37,0,0,0,0,0,0,0,"N",1,100.0,0,0,0,0,0,0,0,0,0,0,0,0,0,0
"36121","5","33281","77","0","2016","3","N","Wyoming County, New York","Private","NAICS 33281 Coating, engraving, and heat treating metals","County, NAICS 5-digit -- by ownership sector","All establishment sizes",2,0,0,0,0,0,0,0,"N",3.40,0,0,0,0,0,0,0,"N",1,100.0,0,0,0,0,0,0,0,0,0,0,0,0,0,0
"36121","5","33281","77","0","2016","4","N","Wyoming County, New York","Private","NAICS 33281 Coating, engraving, and heat treating metals","County, NAICS 5-digit -- by ownership sector","All establishment sizes",2,0,0,0,0,0,0,0,"N",3.42,0,0,0,0,0,0,0,"N",0,0.0,0,0,0,0,0,0,0,0,0,0,0,0,0,0
"36121","5","332812","78","0","2016","1","N","Wyoming County, New York","Private","NAICS 332812 Metal coating and nonprecious engraving","County, NAICS 6-digit -- by ownership sector","All establishment sizes",2,0,0,0,0,0,0,0,"N",7.34,0,0,0,0,0,0,0,"N",1,100.0,0,0,0,0,0,0,0,0,0,0,0,0,0,0
"36121","5","332812","78","0","2016","2","N","Wyoming County, New York","Private","NAICS 332812 Metal coating and nonprecious engraving","County, NAICS 6-digit -- by ownership sector","All establishment sizes",2,0,0,0,0,0,0,0,"N",7.37,0,0,0,0,0,0,0,"N",1,100.0,0,0,0,0,0,0,0,0,0,0,0,0,0,0
"36121","5","332812","78","0","2016","3","N","Wyoming County, New York","Private","NAICS 332812 Metal coating and nonprecious engraving","County, NAICS 6-digit -- by ownership sector","All establishment sizes",2,0,0,0,0,0,0,0,"N",7.41,0,0,0,0,0,0,0,"N",1,100.0,0,0,0,0,0,0,0,0,0,0,0,0,0,0
"36121","5","332812","78","0","2016","4","N","Wyoming County, New York","Private","NAICS 332812 Metal coating and nonprecious engraving","County, NAICS 6-digit -- by ownership sector","All establishment sizes",2,0,0,0,0,0,0,0,"N",7.46,0,0,0,0,0,0,0,"N",0,0.0,0,0,0,0,0,0,0,0,0,0,0,0,0,0
"36121","5","3329","76","0","2016","1","N","Wyoming County, New York","Private","NAICS 3329 Other fabricated metal product manufacturing","County, NAICS 4-digit -- by ownership sector","All establishment sizes",1,0,0,0,0,0,0,0,"N",1.52,0,0,0,0,0,0,0,"N",0,0.0,0,0,0,0,0,0,0,0,0,0,0,0,0,0
"36121","5","3329","76","0","2016","2","N","Wyoming County, New York","Private","NAICS 3329 Other fabricated metal product manufacturing","County, NAICS 4-digit -- by ownership sector","All establishment sizes",1,0,0,0,0,0,0,0,"N",1.52,0,0,0,0,0,0,0,"N",0,0.0,0,0,0,0,0,0,0,0,0,0,0,0,0,0
"36121","5","3329","76","0","2016","3","N","Wyoming County, New York","Private","NAICS 3329 Other fabricated metal product manufacturing","County, NAICS 4-digit -- by ownership sector","All establishment sizes",1,0,0,0,0,0,0,0,"N",1.52,0,0,0,0,0,0,0,"N",0,0.0,0,0,0,0,0,0,0,0,0,0,0,0,0,0
"36121","5","3329","76","0","2016","4","N","Wyoming County, New York","Private","NAICS 3329 Other fabricated metal product manufacturing","County, NAICS 4-digit -- by ownership sector","All establishment sizes",1,0,0,0,0,0,0,0,"N",1.52,0,0,0,0,0,0,0,"N",0,0.0,0,0,0,0,0,0,0,0,0,0,0,0,0,0
"36121","5","33291","77","0","2016","1","N","Wyoming County, New York","Private","NAICS 33291 Metal valve manufacturing","County, NAICS 5-digit -- by ownership sector","All establishment sizes",1,0,0,0,0,0,0,0,"N",6.63,0,0,0,0,0,0,0,"N",0,0.0,0,0,0,0,0,0,0,0,0,0,0,0,0,0
"36121","5","33291","77","0","2016","2","N","Wyoming County, New York","Private","NAICS 33291 Metal valve manufacturing","County, NAICS 5-digit -- by ownership sector","All establishment sizes",1,0,0,0,0,0,0,0,"N",6.56,0,0,0,0,0,0,0,"N",0,0.0,0,0,0,0,0,0,0,0,0,0,0,0,0,0
"36121","5","33291","77","0","2016","3","N","Wyoming County, New York","Private","NAICS 33291 Metal valve manufacturing","County, NAICS 5-digit -- by ownership sector","All establishment sizes",1,0,0,0,0,0,0,0,"N",6.63,0,0,0,0,0,0,0,"N",0,0.0,0,0,0,0,0,0,0,0,0,0,0,0,0,0
"36121","5","33291","77","0","2016","4","N","Wyoming County, New York","Private","NAICS 33291 Metal valve manufacturing","County, NAICS 5-digit -- by ownership sector","All establishment sizes",1,0,0,0,0,0,0,0,"N",6.64,0,0,0,0,0,0,0,"N",0,0.0,0,0,0,0,0,0,0,0,0,0,0,0,0,0
"36121","5","332911","78","0","2016","1","N","Wyoming County, New York","Private","NAICS 332911 Industrial valve manufacturing","County, NAICS 6-digit -- by ownership sector","All establishment sizes",1,0,0,0,0,0,0,0,"N",18.62,0,0,0,0,0,0,0,"N",0,0.0,0,0,0,0,0,0,0,0,0,0,0,0,0,0
"36121","5","332911","78","0","2016","2","N","Wyoming County, New York","Private","NAICS 332911 Industrial valve manufacturing","County, NAICS 6-digit -- by ownership sector","All establishment sizes",1,0,0,0,0,0,0,0,"N",18.18,0,0,0,0,0,0,0,"N",0,0.0,0,0,0,0,0,0,0,0,0,0,0,0,0,0
"36121","5","332911","78","0","2016","3","N","Wyoming County, New York","Private","NAICS 332911 Industrial valve manufacturing","County, NAICS 6-digit -- by ownership sector","All establishment sizes",1,0,0,0,0,0,0,0,"N",18.60,0,0,0,0,0,0,0,"N",0,0.0,0,0,0,0,0,0,0,0,0,0,0,0,0,0
"36121","5","332911","78","0","2016","4","N","Wyoming County, New York","Private","NAICS 332911 Industrial valve manufacturing","County, NAICS 6-digit -- by ownership sector","All establishment sizes",1,0,0,0,0,0,0,0,"N",18.55,0,0,0,0,0,0,0,"N",0,0.0,0,0,0,0,0,0,0,0,0,0,0,0,0,0
"36121","5","333","75","0","2016","1","N","Wyoming County, New York","Private","NAICS 333 Machinery manufacturing","County, NAICS 3-digit -- by ownership sector","All establishment sizes",2,0,0,0,0,0,0,0,"N",0.72,0,0,0,0,0,0,0,"N",0,0.0,0,0,0,0,0,0,0,0,0,0,0,0,0,0
"36121","5","333","75","0","2016","2","N","Wyoming County, New York","Private","NAICS 333 Machinery manufacturing","County, NAICS 3-digit -- by ownership sector","All establishment sizes",2,0,0,0,0,0,0,0,"N",0.72,0,0,0,0,0,0,0,"N",0,0.0,0,0,0,0,0,0,0,0,0,0,0,0,0,0
"36121","5","333","75","0","2016","3","N","Wyoming County, New York","Private","NAICS 333 Machinery manufacturing","County, NAICS 3-digit -- by ownership sector","All establishment sizes",2,0,0,0,0,0,0,0,"N",0.73,0,0,0,0,0,0,0,"N",0,0.0,0,0,0,0,0,0,0,0,0,0,0,0,0,0
"36121","5","333","75","0","2016","4","N","Wyoming County, New York","Private","NAICS 333 Machinery manufacturing","County, NAICS 3-digit -- by ownership sector","All establishment sizes",2,0,0,0,0,0,0,0,"N",0.73,0,0,0,0,0,0,0,"N",0,0.0,0,0,0,0,0,0,0,0,0,0,0,0,0,0
"36121","5","3335","76","0","2016","1","N","Wyoming County, New York","Private","NAICS 3335 Metalworking machinery manufacturing","County, NAICS 4-digit -- by ownership sector","All establishment sizes",2,0,0,0,0,0,0,0,"N",2.52,0,0,0,0,0,0,0,"N",0,0.0,0,0,0,0,0,0,0,0,0,0,0,0,0,0
"36121","5","3335","76","0","2016","2","N","Wyoming County, New York","Private","NAICS 3335 Metalworking machinery manufacturing","County, NAICS 4-digit -- by ownership sector","All establishment sizes",2,0,0,0,0,0,0,0,"N",2.54,0,0,0,0,0,0,0,"N",0,0.0,0,0,0,0,0,0,0,0,0,0,0,0,0,0
"36121","5","3335","76","0","2016","3","N","Wyoming County, New York","Private","NAICS 3335 Metalworking machinery manufacturing","County, NAICS 4-digit -- by ownership sector","All establishment sizes",2,0,0,0,0,0,0,0,"N",2.57,0,0,0,0,0,0,0,"N",0,0.0,0,0,0,0,0,0,0,0,0,0,0,0,0,0
"36121","5","3335","76","0","2016","4","N","Wyoming County, New York","Private","NAICS 3335 Metalworking machinery manufacturing","County, NAICS 4-digit -- by ownership sector","All establishment sizes",2,0,0,0,0,0,0,0,"N",2.59,0,0,0,0,0,0,0,"N",0,0.0,0,0,0,0,0,0,0,0,0,0,0,0,0,0
"36121","5","33351","77","0","2016","1","N","Wyoming County, New York","Private","NAICS 33351 Metalworking machinery manufacturing","County, NAICS 5-digit -- by ownership sector","All establishment sizes",2,0,0,0,0,0,0,0,"N",2.52,0,0,0,0,0,0,0,"N",0,0.0,0,0,0,0,0,0,0,0,0,0,0,0,0,0
"36121","5","33351","77","0","2016","2","N","Wyoming County, New York","Private","NAICS 33351 Metalworking machinery manufacturing","County, NAICS 5-digit -- by ownership sector","All establishment sizes",2,0,0,0,0,0,0,0,"N",2.54,0,0,0,0,0,0,0,"N",0,0.0,0,0,0,0,0,0,0,0,0,0,0,0,0,0
"36121","5","33351","77","0","2016","3","N","Wyoming County, New York","Private","NAICS 33351 Metalworking machinery manufacturing","County, NAICS 5-digit -- by ownership sector","All establishment sizes",2,0,0,0,0,0,0,0,"N",2.57,0,0,0,0,0,0,0,"N",0,0.0,0,0,0,0,0,0,0,0,0,0,0,0,0,0
"36121","5","33351","77","0","2016","4","N","Wyoming County, New York","Private","NAICS 33351 Metalworking machinery manufacturing","County, NAICS 5-digit -- by ownership sector","All establishment sizes",2,0,0,0,0,0,0,0,"N",2.59,0,0,0,0,0,0,0,"N",0,0.0,0,0,0,0,0,0,0,0,0,0,0,0,0,0
"36121","5","333514","78","0","2016","1","N","Wyoming County, New York","Private","NAICS 333514 Special tool, die, jig, and fixture mfg.","County, NAICS 6-digit -- by ownership sector","All establishment sizes",1,0,0,0,0,0,0,0,"N",3.32,0,0,0,0,0,0,0,"N",0,0.0,0,0,0,0,0,0,0,0,0,0,0,0,0,0
"36121","5","333514","78","0","2016","2","N","Wyoming County, New York","Private","NAICS 333514 Special tool, die, jig, and fixture mfg.","County, NAICS 6-digit -- by ownership sector","All establishment sizes",1,0,0,0,0,0,0,0,"N",3.36,0,0,0,0,0,0,0,"N",0,0.0,0,0,0,0,0,0,0,0,0,0,0,0,0,0
"36121","5","333514","78","0","2016","3","N","Wyoming County, New York","Private","NAICS 333514 Special tool, die, jig, and fixture mfg.","County, NAICS 6-digit -- by ownership sector","All establishment sizes",1,0,0,0,0,0,0,0,"N",3.39,0,0,0,0,0,0,0,"N",0,0.0,0,0,0,0,0,0,0,0,0,0,0,0,0,0
"36121","5","333514","78","0","2016","4","N","Wyoming County, New York","Private","NAICS 333514 Special tool, die, jig, and fixture mfg.","County, NAICS 6-digit -- by ownership sector","All establishment sizes",1,0,0,0,0,0,0,0,"N",3.43,0,0,0,0,0,0,0,"N",0,0.0,0,0,0,0,0,0,0,0,0,0,0,0,0,0
"36121","5","333515","78","0","2016","1","N","Wyoming County, New York","Private","NAICS 333515 Cutting tool and machine tool accessory mfg.","County, NAICS 6-digit -- by ownership sector","All establishment sizes",1,0,0,0,0,0,0,0,"N",9.40,0,0,0,0,0,0,0,"N",0,0.0,0,0,0,0,0,0,0,0,0,0,0,0,0,0
"36121","5","333515","78","0","2016","2","N","Wyoming County, New York","Private","NAICS 333515 Cutting tool and machine tool accessory mfg.","County, NAICS 6-digit -- by ownership sector","All establishment sizes",1,0,0,0,0,0,0,0,"N",9.41,0,0,0,0,0,0,0,"N",0,0.0,0,0,0,0,0,0,0,0,0,0,0,0,0,0
"36121","5","333515","78","0","2016","3","N","Wyoming County, New York","Private","NAICS 333515 Cutting tool and machine tool accessory mfg.","County, NAICS 6-digit -- by ownership sector","All establishment sizes",1,0,0,0,0,0,0,0,"N",9.49,0,0,0,0,0,0,0,"N",0,0.0,0,0,0,0,0,0,0,0,0,0,0,0,0,0
"36121","5","333515","78","0","2016","4","N","Wyoming County, New York","Private","NAICS 333515 Cutting tool and machine tool accessory mfg.","County, NAICS 6-digit -- by ownership sector","All establishment sizes",1,0,0,0,0,0,0,0,"N",9.56,0,0,0,0,0,0,0,"N",0,0.0,0,0,0,0,0,0,0,0,0,0,0,0,0,0
"36121","5","335","75","0","2016","1","N","Wyoming County, New York","Private","NAICS 335 Electrical equipment and appliance mfg.","County, NAICS 3-digit -- by ownership sector","All establishment sizes",1,0,0,0,0,0,0,0,"N",1.36,0,0,0,0,0,0,0,"N",0,0.0,0,0,0,0,0,0,0,0,0,0,0,0,0,0
"36121","5","335","75","0","2016","2","N","Wyoming County, New York","Private","NAICS 335 Electrical equipment and appliance mfg.","County, NAICS 3-digit -- by ownership sector","All establishment sizes",1,0,0,0,0,0,0,0,"N",1.36,0,0,0,0,0,0,0,"N",0,0.0,0,0,0,0,0,0,0,0,0,0,0,0,0,0
"36121","5","335","75","0","2016","3","N","Wyoming County, New York","Private","NAICS 335 Electrical equipment and appliance mfg.","County, NAICS 3-digit -- by ownership sector","All establishment sizes",1,0,0,0,0,0,0,0,"N",1.36,0,0,0,0,0,0,0,"N",0,0.0,0,0,0,0,0,0,0,0,0,0,0,0,0,0
"36121","5","335","75","0","2016","4","N","Wyoming County, New York","Private","NAICS 335 Electrical equipment and appliance mfg.","County, NAICS 3-digit -- by ownership sector","All establishment sizes",1,0,0,0,0,0,0,0,"N",1.36,0,0,0,0,0,0,0,"N",0,0.0,0,0,0,0,0,0,0,0,0,0,0,0,0,0
"36121","5","3353","76","0","2016","1","N","Wyoming County, New York","Private","NAICS 3353 Electrical equipment manufacturing","County, NAICS 4-digit -- by ownership sector","All establishment sizes",1,0,0,0,0,0,0,0,"N",3.76,0,0,0,0,0,0,0,"N",0,0.0,0,0,0,0,0,0,0,0,0,0,0,0,0,0
"36121","5","3353","76","0","2016","2","N","Wyoming County, New York","Private","NAICS 3353 Electrical equipment manufacturing","County, NAICS 4-digit -- by ownership sector","All establishment sizes",1,0,0,0,0,0,0,0,"N",3.80,0,0,0,0,0,0,0,"N",0,0.0,0,0,0,0,0,0,0,0,0,0,0,0,0,0
"36121","5","3353","76","0","2016","3","N","Wyoming County, New York","Private","NAICS 3353 Electrical equipment manufacturing","County, NAICS 4-digit -- by ownership sector","All establishment sizes",1,0,0,0,0,0,0,0,"N",3.80,0,0,0,0,0,0,0,"N",0,0.0,0,0,0,0,0,0,0,0,0,0,0,0,0,0
"36121","5","3353","76","0","2016","4","N","Wyoming County, New York","Private","NAICS 3353 Electrical equipment manufacturing","County, NAICS 4-digit -- by ownership sector","All establishment sizes",1,0,0,0,0,0,0,0,"N",3.82,0,0,0,0,0,0,0,"N",0,0.0,0,0,0,0,0,0,0,0,0,0,0,0,0,0
"36121","5","33531","77","0","2016","1","N","Wyoming County, New York","Private","NAICS 33531 Electrical equipment manufacturing","County, NAICS 5-digit -- by ownership sector","All establishment sizes",1,0,0,0,0,0,0,0,"N",3.76,0,0,0,0,0,0,0,"N",0,0.0,0,0,0,0,0,0,0,0,0,0,0,0,0,0
"36121","5","33531","77","0","2016","2","N","Wyoming County, New York","Private","NAICS 33531 Electrical equipment manufacturing","County, NAICS 5-digit -- by ownership sector","All establishment sizes",1,0,0,0,0,0,0,0,"N",3.80,0,0,0,0,0,0,0,"N",0,0.0,0,0,0,0,0,0,0,0,0,0,0,0,0,0
"36121","5","33531","77","0","2016","3","N","Wyoming County, New York","Private","NAICS 33531 Electrical equipment manufacturing","County, NAICS 5-digit -- by ownership sector","All establishment sizes",1,0,0,0,0,0,0,0,"N",3.80,0,0,0,0,0,0,0,"N",0,0.0,0,0,0,0,0,0,0,0,0,0,0,0,0,0
"36121","5","33531","77","0","2016","4","N","Wyoming County, New York","Private","NAICS 33531 Electrical equipment manufacturing","County, NAICS 5-digit -- by ownership sector","All establishment sizes",1,0,0,0,0,0,0,0,"N",3.82,0,0,0,0,0,0,0,"N",0,0.0,0,0,0,0,0,0,0,0,0,0,0,0,0,0
"36121","5","335314","78","0","2016","1","N","Wyoming County, New York","Private","NAICS 335314 Relay and industrial control manufacturing","County, NAICS 6-digit -- by ownership sector","All establishment sizes",1,0,0,0,0,0,0,0,"N",10.77,0,0,0,0,0,0,0,"N",0,0.0,0,0,0,0,0,0,0,0,0,0,0,0,0,0
"36121","5","335314","78","0","2016","2","N","Wyoming County, New York","Private","NAICS 335314 Relay and industrial control manufacturing","County, NAICS 6-digit -- by ownership sector","All establishment sizes",1,0,0,0,0,0,0,0,"N",10.88,0,0,0,0,0,0,0,"N",0,0.0,0,0,0,0,0,0,0,0,0,0,0,0,0,0
"36121","5","335314","78","0","2016","3","N","Wyoming County, New York","Private","NAICS 335314 Relay and industrial control manufacturing","County, NAICS 6-digit -- by ownership sector","All establishment sizes",1,0,0,0,0,0,0,0,"N",10.86,0,0,0,0,0,0,0,"N",0,0.0,0,0,0,0,0,0,0,0,0,0,0,0,0,0
"36121","5","335314","78","0","2016","4","N","Wyoming County, New York","Private","NAICS 335314 Relay and industrial control manufacturing","County, NAICS 6-digit -- by ownership sector","All establishment sizes",1,0,0,0,0,0,0,0,"N",10.89,0,0,0,0,0,0,0,"N",0,0.0,0,0,0,0,0,0,0,0,0,0,0,0,0,0
"36121","5","336","75","0","2016","1","N","Wyoming County, New York","Private","NAICS 336 Transportation equipment manufacturing","County, NAICS 3-digit -- by ownership sector","All establishment sizes",1,0,0,0,0,0,0,0,"N",0.73,0,0,0,0,0,0,0,"N",0,0.0,0,0,0,0,0,0,0,0,0,0,0,0,0,0
"36121","5","336","75","0","2016","2","N","Wyoming County, New York","Private","NAICS 336 Transportation equipment manufacturing","County, NAICS 3-digit -- by ownership sector","All establishment sizes",1,0,0,0,0,0,0,0,"N",0.73,0,0,0,0,0,0,0,"N",0,0.0,0,0,0,0,0,0,0,0,0,0,0,0,0,0
"36121","5","336","75","0","2016","3","N","Wyoming County, New York","Private","NAICS 336 Transportation equipment manufacturing","County, NAICS 3-digit -- by ownership sector","All establishment sizes",1,0,0,0,0,0,0,0,"N",0.74,0,0,0,0,0,0,0,"N",0,0.0,0,0,0,0,0,0,0,0,0,0,0,0,0,0
"36121","5","336","75","0","2016","4","N","Wyoming County, New York","Private","NAICS 336 Transportation equipment manufacturing","County, NAICS 3-digit -- by ownership sector","All establishment sizes",1,0,0,0,0,0,0,0,"N",0.74,0,0,0,0,0,0,0,"N",0,0.0,0,0,0,0,0,0,0,0,0,0,0,0,0,0
"36121","5","3363","76","0","2016","1","N","Wyoming County, New York","Private","NAICS 3363 Motor vehicle parts manufacturing","County, NAICS 4-digit -- by ownership sector","All establishment sizes",1,0,0,0,0,0,0,0,"N",1.90,0,0,0,0,0,0,0,"N",0,0.0,0,0,0,0,0,0,0,0,0,0,0,0,0,0
"36121","5","3363","76","0","2016","2","N","Wyoming County, New York","Private","NAICS 3363 Motor vehicle parts manufacturing","County, NAICS 4-digit -- by ownership sector","All establishment sizes",1,0,0,0,0,0,0,0,"N",1.91,0,0,0,0,0,0,0,"N",0,0.0,0,0,0,0,0,0,0,0,0,0,0,0,0,0
"36121","5","3363","76","0","2016","3","N","Wyoming County, New York","Private","NAICS 3363 Motor vehicle parts manufacturing","County, NAICS 4-digit -- by ownership sector","All establishment sizes",1,0,0,0,0,0,0,0,"N",1.92,0,0,0,0,0,0,0,"N",0,0.0,0,0,0,0,0,0,0,0,0,0,0,0,0,0
"36121","5","3363","76","0","2016","4","N","Wyoming County, New York","Private","NAICS 3363 Motor vehicle parts manufacturing","County, NAICS 4-digit -- by ownership sector","All establishment sizes",1,0,0,0,0,0,0,0,"N",1.94,0,0,0,0,0,0,0,"N",0,0.0,0,0,0,0,0,0,0,0,0,0,0,0,0,0
"36121","5","33632","77","0","2016","1","N","Wyoming County, New York","Private","NAICS 33632 Motor vehicle electric equipment mfg.","County, NAICS 5-digit -- by ownership sector","All establishment sizes",1,0,0,0,0,0,0,0,"N",13.77,0,0,0,0,0,0,0,"N",0,0.0,0,0,0,0,0,0,0,0,0,0,0,0,0,0
"36121","5","33632","77","0","2016","2","N","Wyoming County, New York","Private","NAICS 33632 Motor vehicle electric equipment mfg.","County, NAICS 5-digit -- by ownership sector","All establishment sizes",1,0,0,0,0,0,0,0,"N",13.99,0,0,0,0,0,0,0,"N",0,0.0,0,0,0,0,0,0,0,0,0,0,0,0,0,0
"36121","5","33632","77","0","2016","3","N","Wyoming County, New York","Private","NAICS 33632 Motor vehicle electric equipment mfg.","County, NAICS 5-digit -- by ownership sector","All establishment sizes",1,0,0,0,0,0,0,0,"N",14.11,0,0,0,0,0,0,0,"N",0,0.0,0,0,0,0,0,0,0,0,0,0,0,0,0,0
"36121","5","33632","77","0","2016","4","N","Wyoming County, New York","Private","NAICS 33632 Motor vehicle electric equipment mfg.","County, NAICS 5-digit -- by ownership sector","All establishment sizes",1,0,0,0,0,0,0,0,"N",14.23,0,0,0,0,0,0,0,"N",0,0.0,0,0,0,0,0,0,0,0,0,0,0,0,0,0
"36121","5","336320","78","0","2016","1","N","Wyoming County, New York","Private","NAICS 336320 Motor vehicle electric equipment mfg.","County, NAICS 6-digit -- by ownership sector","All establishment sizes",1,0,0,0,0,0,0,0,"N",13.77,0,0,0,0,0,0,0,"N",0,0.0,0,0,0,0,0,0,0,0,0,0,0,0,0,0
"36121","5","336320","78","0","2016","2","N","Wyoming County, New York","Private","NAICS 336320 Motor vehicle electric equipment mfg.","County, NAICS 6-digit -- by ownership sector","All establishment sizes",1,0,0,0,0,0,0,0,"N",13.99,0,0,0,0,0,0,0,"N",0,0.0,0,0,0,0,0,0,0,0,0,0,0,0,0,0
"36121","5","336320","78","0","2016","3","N","Wyoming County, New York","Private","NAICS 336320 Motor vehicle electric equipment mfg.","County, NAICS 6-digit -- by ownership sector","All establishment sizes",1,0,0,0,0,0,0,0,"N",14.11,0,0,0,0,0,0,0,"N",0,0.0,0,0,0,0,0,0,0,0,0,0,0,0,0,0
"36121","5","336320","78","0","2016","4","N","Wyoming County, New York","Private","NAICS 336320 Motor vehicle electric equipment mfg.","County, NAICS 6-digit -- by ownership sector","All establishment sizes",1,0,0,0,0,0,0,0,"N",14.23,0,0,0,0,0,0,0,"N",0,0.0,0,0,0,0,0,0,0,0,0,0,0,0,0,0
"36121","5","337","75","0","2016","1","","Wyoming County, New York","Private","NAICS 337 Furniture and related product manufacturing","County, NAICS 3-digit -- by ownership sector","All establishment sizes",5,25,25,27,200634,193653,8373,601,"",3.05,0.68,0.68,0.73,0.70,0.87,0.98,1.00,"",2,66.7,11,78.6,10,66.7,12,80.0,104488,108.7,99976,106.7,1387,19.9,97,19.2
"36121","5","337","75","0","2016","2","","Wyoming County, New York","Private","NAICS 337 Furniture and related product manufacturing","County, NAICS 3-digit -- by ownership sector","All establishment sizes",5,28,28,28,203646,83231,3952,559,"",3.07,0.76,0.74,0.72,0.65,0.85,1.01,0.87,"",2,66.7,13,86.7,12,75.0,12,75.0,75218,58.6,20269,32.2,-683,-14.7,-72,-11.4
"36121","5","337","75","0","2016","3","","Wyoming County, New York","Private","NAICS 337 Furniture and related product manufacturing","County, NAICS 3-digit -- by ownership sector","All establishment sizes",5,26,24,25,209470,23986,1128,645,"",3.08,0.70,0.65,0.66,0.66,0.54,0.68,0.99,"",2,66.7,9,52.9,8,50.0,7,38.9,77794,59.1,6368,36.1,-218,-16.2,49,8.2
"36121","5","337","75","0","2016","4","","Wyoming County, New York","Private","NAICS 337 Furniture and related product manufacturing","County, NAICS 3-digit -- by ownership sector","All establishment sizes",5,27,27,25,198800,9157,514,581,"",3.10,0.72,0.74,0.69,0.65,0.35,0.56,0.91,"",2,66.7,11,68.8,9,50.0,7,38.9,28548,16.8,-22236,-70.8,-1902,-78.7,-175,-23.1
"36121","5","3371","76","0","2016","1","N","Wyoming County, New York","Private","NAICS 3371 Household and institutional furniture mfg.","County, NAICS 4-digit -- by ownership sector","All establishment sizes",1,0,0,0,0,0,0,0,"N",0.83,0,0,0,0,0,0,0,"N",0,0.0,0,0,0,0,0,0,0,0,0,0,0,0,0,0
"36121","5","3371","76","0","2016","2","N","Wyoming County, New York","Private","NAICS 3371 Household and institutional furniture mfg.","County, NAICS 4-digit -- by ownership sector","All establishment sizes",1,0,0,0,0,0,0,0,"N",0.84,0,0,0,0,0,0,0,"N",0,0.0,0,0,0,0,0,0,0,0,0,0,0,0,0,0
"36121","5","3371","76","0","2016","3","N","Wyoming County, New York","Private","NAICS 3371 Household and institutional furniture mfg.","County, NAICS 4-digit -- by ownership sector","All establishment sizes",1,0,0,0,0,0,0,0,"N",0.84,0,0,0,0,0,0,0,"N",0,0.0,0,0,0,0,0,0,0,0,0,0,0,0,0,0
"36121","5","3371","76","0","2016","4","N","Wyoming County, New York","Private","NAICS 3371 Household and institutional furniture mfg.","County, NAICS 4-digit -- by ownership sector","All establishment sizes",1,0,0,0,0,0,0,0,"N",0.85,0,0,0,0,0,0,0,"N",0,0.0,0,0,0,0,0,0,0,0,0,0,0,0,0,0
"36121","5","33712","77","0","2016","1","N","Wyoming County, New York","Private","NAICS 33712 Other household and institutional furniture","County, NAICS 5-digit -- by ownership sector","All establishment sizes",1,0,0,0,0,0,0,0,"N",2.33,0,0,0,0,0,0,0,"N",0,0.0,0,0,0,0,0,0,0,0,0,0,0,0,0,0
"36121","5","33712","77","0","2016","2","N","Wyoming County, New York","Private","NAICS 33712 Other household and institutional furniture","County, NAICS 5-digit -- by ownership sector","All establishment sizes",1,0,0,0,0,0,0,0,"N",2.33,0,0,0,0,0,0,0,"N",0,0.0,0,0,0,0,0,0,0,0,0,0,0,0,0,0
"36121","5","33712","77","0","2016","3","N","Wyoming County, New York","Private","NAICS 33712 Other household and institutional furniture","County, NAICS 5-digit -- by ownership sector","All establishment sizes",1,0,0,0,0,0,0,0,"N",2.34,0,0,0,0,0,0,0,"N",0,0.0,0,0,0,0,0,0,0,0,0,0,0,0,0,0
"36121","5","33712","77","0","2016","4","N","Wyoming County, New York","Private","NAICS 33712 Other household and institutional furniture","County, NAICS 5-digit -- by ownership sector","All establishment sizes",1,0,0,0,0,0,0,0,"N",2.34,0,0,0,0,0,0,0,"N",0,0.0,0,0,0,0,0,0,0,0,0,0,0,0,0,0
"36121","5","337122","78","0","2016","1","N","Wyoming County, New York","Private","NAICS 337122 Nonupholstered wood household furniture mfg.","County, NAICS 6-digit -- by ownership sector","All establishment sizes",1,0,0,0,0,0,0,0,"N",4.22,0,0,0,0,0,0,0,"N",0,0.0,0,0,0,0,0,0,0,0,0,0,0,0,0,0
"36121","5","337122","78","0","2016","2","N","Wyoming County, New York","Private","NAICS 337122 Nonupholstered wood household furniture mfg.","County, NAICS 6-digit -- by ownership sector","All establishment sizes",1,0,0,0,0,0,0,0,"N",4.21,0,0,0,0,0,0,0,"N",0,0.0,0,0,0,0,0,0,0,0,0,0,0,0,0,0
"36121","5","337122","78","0","2016","3","N","Wyoming County, New York","Private","NAICS 337122 Nonupholstered wood household furniture mfg.","County, NAICS 6-digit -- by ownership sector","All establishment sizes",1,0,0,0,0,0,0,0,"N",4.24,0,0,0,0,0,0,0,"N",0,0.0,0,0,0,0,0,0,0,0,0,0,0,0,0,0
"36121","5","337122","78","0","2016","4","N","Wyoming County, New York","Private","NAICS 337122 Nonupholstered wood household furniture mfg.","County, NAICS 6-digit -- by ownership sector","All establishment sizes",1,0,0,0,0,0,0,0,"N",4.24,0,0,0,0,0,0,0,"N",0,0.0,0,0,0,0,0,0,0,0,0,0,0,0,0,0
"36121","5","3372","76","0","2016","1","N","Wyoming County, New York","Private","NAICS 3372 Office furniture and fixtures manufacturing","County, NAICS 4-digit -- by ownership sector","All establishment sizes",4,0,0,0,0,0,0,0,"N",11.49,0,0,0,0,0,0,0,"N",2,100.0,0,0,0,0,0,0,0,0,0,0,0,0,0,0
"36121","5","3372","76","0","2016","2","N","Wyoming County, New York","Private","NAICS 3372 Office furniture and fixtures manufacturing","County, NAICS 4-digit -- by ownership sector","All establishment sizes",4,0,0,0,0,0,0,0,"N",11.55,0,0,0,0,0,0,0,"N",2,100.0,0,0,0,0,0,0,0,0,0,0,0,0,0,0
"36121","5","3372","76","0","2016","3","N","Wyoming County, New York","Private","NAICS 3372 Office furniture and fixtures manufacturing","County, NAICS 4-digit -- by ownership sector","All establishment sizes",4,0,0,0,0,0,0,0,"N",11.57,0,0,0,0,0,0,0,"N",2,100.0,0,0,0,0,0,0,0,0,0,0,0,0,0,0
"36121","5","3372","76","0","2016","4","N","Wyoming County, New York","Private","NAICS 3372 Office furniture and fixtures manufacturing","County, NAICS 4-digit -- by ownership sector","All establishment sizes",4,0,0,0,0,0,0,0,"N",11.62,0,0,0,0,0,0,0,"N",2,100.0,0,0,0,0,0,0,0,0,0,0,0,0,0,0
"36121","5","33721","77","0","2016","1","N","Wyoming County, New York","Private","NAICS 33721 Office furniture and fixtures manufacturing","County, NAICS 5-digit -- by ownership sector","All establishment sizes",4,0,0,0,0,0,0,0,"N",11.49,0,0,0,0,0,0,0,"N",2,100.0,0,0,0,0,0,0,0,0,0,0,0,0,0,0
"36121","5","33721","77","0","2016","2","N","Wyoming County, New York","Private","NAICS 33721 Office furniture and fixtures manufacturing","County, NAICS 5-digit -- by ownership sector","All establishment sizes",4,0,0,0,0,0,0,0,"N",11.55,0,0,0,0,0,0,0,"N",2,100.0,0,0,0,0,0,0,0,0,0,0,0,0,0,0
"36121","5","33721","77","0","2016","3","N","Wyoming County, New York","Private","NAICS 33721 Office furniture and fixtures manufacturing","County, NAICS 5-digit -- by ownership sector","All establishment sizes",4,0,0,0,0,0,0,0,"N",11.57,0,0,0,0,0,0,0,"N",2,100.0,0,0,0,0,0,0,0,0,0,0,0,0,0,0
"36121","5","33721","77","0","2016","4","N","Wyoming County, New York","Private","NAICS 33721 Office furniture and fixtures manufacturing","County, NAICS 5-digit -- by ownership sector","All establishment sizes",4,0,0,0,0,0,0,0,"N",11.62,0,0,0,0,0,0,0,"N",2,100.0,0,0,0,0,0,0,0,0,0,0,0,0,0,0
"36121","5","337212","78","0","2016","1","N","Wyoming County, New York","Private","NAICS 337212 Custom architectural woodwork and millwork","County, NAICS 6-digit -- by ownership sector","All establishment sizes",4,0,0,0,0,0,0,0,"N",31.86,0,0,0,0,0,0,0,"N",2,100.0,0,0,0,0,0,0,0,0,0,0,0,0,0,0
"36121","5","337212","78","0","2016","2","N","Wyoming County, New York","Private","NAICS 337212 Custom architectural woodwork and millwork","County, NAICS 6-digit -- by ownership sector","All establishment sizes",4,0,0,0,0,0,0,0,"N",31.70,0,0,0,0,0,0,0,"N",2,100.0,0,0,0,0,0,0,0,0,0,0,0,0,0,0
"36121","5","337212","78","0","2016","3","N","Wyoming County, New York","Private","NAICS 337212 Custom architectural woodwork and millwork","County, NAICS 6-digit -- by ownership sector","All establishment sizes",4,0,0,0,0,0,0,0,"N",31.72,0,0,0,0,0,0,0,"N",2,100.0,0,0,0,0,0,0,0,0,0,0,0,0,0,0
"36121","5","337212","78","0","2016","4","N","Wyoming County, New York","Private","NAICS 337212 Custom architectural woodwork and millwork","County, NAICS 6-digit -- by ownership sector","All establishment sizes",4,0,0,0,0,0,0,0,"N",31.66,0,0,0,0,0,0,0,"N",2,100.0,0,0,0,0,0,0,0,0,0,0,0,0,0,0
"36121","5","339","75","0","2016","1","N","Wyoming County, New York","Private","NAICS 339 Miscellaneous manufacturing","County, NAICS 3-digit -- by ownership sector","All establishment sizes",1,0,0,0,0,0,0,0,"N",0.34,0,0,0,0,0,0,0,"N",0,0.0,0,0,0,0,0,0,0,0,0,0,0,0,0,0
"36121","5","339","75","0","2016","2","N","Wyoming County, New York","Private","NAICS 339 Miscellaneous manufacturing","County, NAICS 3-digit -- by ownership sector","All establishment sizes",1,0,0,0,0,0,0,0,"N",0.34,0,0,0,0,0,0,0,"N",0,0.0,0,0,0,0,0,0,0,0,0,0,0,0,0,0
"36121","5","339","75","0","2016","3","N","Wyoming County, New York","Private","NAICS 339 Miscellaneous manufacturing","County, NAICS 3-digit -- by ownership sector","All establishment sizes",1,0,0,0,0,0,0,0,"N",0.34,0,0,0,0,0,0,0,"N",0,0.0,0,0,0,0,0,0,0,0,0,0,0,0,0,0
"36121","5","339","75","0","2016","4","N","Wyoming County, New York","Private","NAICS 339 Miscellaneous manufacturing","County, NAICS 3-digit -- by ownership sector","All establishment sizes",1,0,0,0,0,0,0,0,"N",0.34,0,0,0,0,0,0,0,"N",0,0.0,0,0,0,0,0,0,0,0,0,0,0,0,0,0
"36121","5","3399","76","0","2016","1","N","Wyoming County, New York","Private","NAICS 3399 Other miscellaneous manufacturing","County, NAICS 4-digit -- by ownership sector","All establishment sizes",1,0,0,0,0,0,0,0,"N",0.56,0,0,0,0,0,0,0,"N",0,0.0,0,0,0,0,0,0,0,0,0,0,0,0,0,0
"36121","5","3399","76","0","2016","2","N","Wyoming County, New York","Private","NAICS 3399 Other miscellaneous manufacturing","County, NAICS 4-digit -- by ownership sector","All establishment sizes",1,0,0,0,0,0,0,0,"N",0.56,0,0,0,0,0,0,0,"N",0,0.0,0,0,0,0,0,0,0,0,0,0,0,0,0,0
"36121","5","3399","76","0","2016","3","N","Wyoming County, New York","Private","NAICS 3399 Other miscellaneous manufacturing","County, NAICS 4-digit -- by ownership sector","All establishment sizes",1,0,0,0,0,0,0,0,"N",0.56,0,0,0,0,0,0,0,"N",0,0.0,0,0,0,0,0,0,0,0,0,0,0,0,0,0
"36121","5","3399","76","0","2016","4","N","Wyoming County, New York","Private","NAICS 3399 Other miscellaneous manufacturing","County, NAICS 4-digit -- by ownership sector","All establishment sizes",1,0,0,0,0,0,0,0,"N",0.56,0,0,0,0,0,0,0,"N",0,0.0,0,0,0,0,0,0,0,0,0,0,0,0,0,0
"36121","5","33995","77","0","2016","1","N","Wyoming County, New York","Private","NAICS 33995 Sign manufacturing","County, NAICS 5-digit -- by ownership sector","All establishment sizes",1,0,0,0,0,0,0,0,"N",1.59,0,0,0,0,0,0,0,"N",0,0.0,0,0,0,0,0,0,0,0,0,0,0,0,0,0
"36121","5","33995","77","0","2016","2","N","Wyoming County, New York","Private","NAICS 33995 Sign manufacturing","County, NAICS 5-digit -- by ownership sector","All establishment sizes",1,0,0,0,0,0,0,0,"N",1.60,0,0,0,0,0,0,0,"N",0,0.0,0,0,0,0,0,0,0,0,0,0,0,0,0,0
"36121","5","33995","77","0","2016","3","N","Wyoming County, New York","Private","NAICS 33995 Sign manufacturing","County, NAICS 5-digit -- by ownership sector","All establishment sizes",1,0,0,0,0,0,0,0,"N",1.60,0,0,0,0,0,0,0,"N",0,0.0,0,0,0,0,0,0,0,0,0,0,0,0,0,0
"36121","5","33995","77","0","2016","4","N","Wyoming County, New York","Private","NAICS 33995 Sign manufacturing","County, NAICS 5-digit -- by ownership sector","All establishment sizes",1,0,0,0,0,0,0,0,"N",1.60,0,0,0,0,0,0,0,"N",0,0.0,0,0,0,0,0,0,0,0,0,0,0,0,0,0
"36121","5","339950","78","0","2016","1","N","Wyoming County, New York","Private","NAICS 339950 Sign manufacturing","County, NAICS 6-digit -- by ownership sector","All establishment sizes",1,0,0,0,0,0,0,0,"N",1.59,0,0,0,0,0,0,0,"N",0,0.0,0,0,0,0,0,0,0,0,0,0,0,0,0,0
"36121","5","339950","78","0","2016","2","N","Wyoming County, New York","Private","NAICS 339950 Sign manufacturing","County, NAICS 6-digit -- by ownership sector","All establishment sizes",1,0,0,0,0,0,0,0,"N",1.60,0,0,0,0,0,0,0,"N",0,0.0,0,0,0,0,0,0,0,0,0,0,0,0,0,0
"36121","5","339950","78","0","2016","3","N","Wyoming County, New York","Private","NAICS 339950 Sign manufacturing","County, NAICS 6-digit -- by ownership sector","All establishment sizes",1,0,0,0,0,0,0,0,"N",1.60,0,0,0,0,0,0,0,"N",0,0.0,0,0,0,0,0,0,0,0,0,0,0,0,0,0
"36121","5","339950","78","0","2016","4","N","Wyoming County, New York","Private","NAICS 339950 Sign manufacturing","County, NAICS 6-digit -- by ownership sector","All establishment sizes",1,0,0,0,0,0,0,0,"N",1.60,0,0,0,0,0,0,0,"N",0,0.0,0,0,0,0,0,0,0,0,0,0,0,0,0,0
"36121","5","42","74","0","2016","1","","Wyoming County, New York","Private","NAICS 42 Wholesale trade","County, NAICS Sector -- by ownership sector","All establishment sizes",21,179,179,178,2200135,1546069,38932,947,"",0.37,0.32,0.32,0.32,0.29,0.39,0.30,0.90,"N",-1,-4.5,0,0,0,0,0,0,0,0,0,0,0,0,0,0
"36121","5","42","74","0","2016","2","","Wyoming County, New York","Private","NAICS 42 Wholesale trade","County, NAICS Sector -- by ownership sector","All establishment sizes",21,180,185,184,2376973,260486,7695,999,"",0.37,0.32,0.32,0.32,0.30,0.22,0.19,0.94,"N",-1,-4.5,0,0,0,0,0,0,0,0,0,0,0,0,0,0
"36121","5","42","74","0","2016","3","","Wyoming County, New York","Private","NAICS 42 Wholesale trade","County, NAICS Sector -- by ownership sector","All establishment sizes",21,182,184,178,2334635,133222,4321,990,"",0.37,0.33,0.33,0.31,0.30,0.24,0.24,0.92,"N",-1,-4.5,0,0,0,0,0,0,0,0,0,0,0,0,0,0
"36121","5","42","74","0","2016","4","","Wyoming County, New York","Private","NAICS 42 Wholesale trade","County, NAICS Sector -- by ownership sector","All establishment sizes",21,177,176,174,2289768,95479,2664,1003,"",0.37,0.31,0.32,0.32,0.29,0.28,0.24,0.92,"",-1,-4.5,-7,-3.8,-7,-3.8,-6,-3.3,-187207,-7.6,-9454,-9.0,-1304,-32.9,-42,-4.0
"36121","5","423","75","0","2016","1","","Wyoming County, New York","Private","NAICS 423 Merchant wholesalers, durable goods","County, NAICS 3-digit -- by ownership sector","All establishment sizes",11,137,137,136,1711551,1217210,29564,963,"",0.47,0.49,0.50,0.49,0.47,0.61,0.44,0.95,"",0,0.0,1,0.7,8,6.2,8,6.2,-127584,-6.9,42717,3.6,-7942,-21.2,-117,-10.8
"36121","5","423","75","0","2016","2","","Wyoming County, New York","Private","NAICS 423 Merchant wholesalers, durable goods","County, NAICS 3-digit -- by ownership sector","All establishment sizes",11,137,143,141,1797546,183957,5375,985,"",0.47,0.49,0.50,0.49,0.46,0.32,0.27,0.93,"",0,0.0,-1,-0.7,1,0.7,-4,-2.8,45030,2.6,-36734,-16.6,-3240,-37.6,33,3.5
"36121","5","423","75","0","2016","3","","Wyoming County, New York","Private","NAICS 423 Merchant wholesalers, durable goods","County, NAICS 3-digit -- by ownership sector","All establishment sizes",11,140,142,136,1798525,90963,2979,993,"",0.47,0.50,0.51,0.48,0.46,0.35,0.35,0.93,"",0,0.0,0,0.0,0,0.0,-1,-0.7,26043,1.5,-31441,-25.7,-2084,-41.2,17,1.7
"36121","5","423","75","0","2016","4","","Wyoming County, New York","Private","NAICS 423 Merchant wholesalers, durable goods","County, NAICS 3-digit -- by ownership sector","All establishment sizes",11,133,132,133,1724727,51580,1467,1000,"",0.47,0.47,0.48,0.49,0.44,0.33,0.29,0.93,"",0,0.0,-6,-4.3,-6,-4.3,-2,-1.5,-126063,-6.8,-7518,-12.7,-876,-37.4,-37,-3.6
"36121","5","4231","76","0","2016","1","N","Wyoming County, New York","Private","NAICS 4231 Motor vehicle and parts merchant wholesalers","County, NAICS 4-digit -- by ownership sector","All establishment sizes",1,0,0,0,0,0,0,0,"N",0.47,0,0,0,0,0,0,0,"N",0,0.0,0,0,0,0,0,0,0,0,0,0,0,0,0,0
"36121","5","4231","76","0","2016","2","N","Wyoming County, New York","Private","NAICS 4231 Motor vehicle and parts merchant wholesalers","County, NAICS 4-digit -- by ownership sector","All establishment sizes",1,0,0,0,0,0,0,0,"N",0.47,0,0,0,0,0,0,0,"N",0,0.0,0,0,0,0,0,0,0,0,0,0,0,0,0,0
"36121","5","4231","76","0","2016","3","N","Wyoming County, New York","Private","NAICS 4231 Motor vehicle and parts merchant wholesalers","County, NAICS 4-digit -- by ownership sector","All establishment sizes",1,0,0,0,0,0,0,0,"N",0.47,0,0,0,0,0,0,0,"N",0,0.0,0,0,0,0,0,0,0,0,0,0,0,0,0,0
"36121","5","4231","76","0","2016","4","N","Wyoming County, New York","Private","NAICS 4231 Motor vehicle and parts merchant wholesalers","County, NAICS 4-digit -- by ownership sector","All establishment sizes",1,0,0,0,0,0,0,0,"N",0.47,0,0,0,0,0,0,0,"N",0,0.0,0,0,0,0,0,0,0,0,0,0,0,0,0,0
"36121","5","42312","77","0","2016","1","N","Wyoming County, New York","Private","NAICS 42312 New motor vehicle parts merchant wholesalers","County, NAICS 5-digit -- by ownership sector","All establishment sizes",1,0,0,0,0,0,0,0,"N",0.84,0,0,0,0,0,0,0,"N",0,0.0,0,0,0,0,0,0,0,0,0,0,0,0,0,0
"36121","5","42312","77","0","2016","2","N","Wyoming County, New York","Private","NAICS 42312 New motor vehicle parts merchant wholesalers","County, NAICS 5-digit -- by ownership sector","All establishment sizes",1,0,0,0,0,0,0,0,"N",0.84,0,0,0,0,0,0,0,"N",0,0.0,0,0,0,0,0,0,0,0,0,0,0,0,0,0
"36121","5","42312","77","0","2016","3","N","Wyoming County, New York","Private","NAICS 42312 New motor vehicle parts merchant wholesalers","County, NAICS 5-digit -- by ownership sector","All establishment sizes",1,0,0,0,0,0,0,0,"N",0.85,0,0,0,0,0,0,0,"N",0,0.0,0,0,0,0,0,0,0,0,0,0,0,0,0,0
"36121","5","42312","77","0","2016","4","N","Wyoming County, New York","Private","NAICS 42312 New motor vehicle parts merchant wholesalers","County, NAICS 5-digit -- by ownership sector","All establishment sizes",1,0,0,0,0,0,0,0,"N",0.85,0,0,0,0,0,0,0,"N",0,0.0,0,0,0,0,0,0,0,0,0,0,0,0,0,0
"36121","5","423120","78","0","2016","1","N","Wyoming County, New York","Private","NAICS 423120 New motor vehicle parts merchant wholesalers","County, NAICS 6-digit -- by ownership sector","All establishment sizes",1,0,0,0,0,0,0,0,"N",0.84,0,0,0,0,0,0,0,"N",0,0.0,0,0,0,0,0,0,0,0,0,0,0,0,0,0
"36121","5","423120","78","0","2016","2","N","Wyoming County, New York","Private","NAICS 423120 New motor vehicle parts merchant wholesalers","County, NAICS 6-digit -- by ownership sector","All establishment sizes",1,0,0,0,0,0,0,0,"N",0.84,0,0,0,0,0,0,0,"N",0,0.0,0,0,0,0,0,0,0,0,0,0,0,0,0,0
"36121","5","423120","78","0","2016","3","N","Wyoming County, New York","Private","NAICS 423120 New motor vehicle parts merchant wholesalers","County, NAICS 6-digit -- by ownership sector","All establishment sizes",1,0,0,0,0,0,0,0,"N",0.85,0,0,0,0,0,0,0,"N",0,0.0,0,0,0,0,0,0,0,0,0,0,0,0,0,0
"36121","5","423120","78","0","2016","4","N","Wyoming County, New York","Private","NAICS 423120 New motor vehicle parts merchant wholesalers","County, NAICS 6-digit -- by ownership sector","All establishment sizes",1,0,0,0,0,0,0,0,"N",0.85,0,0,0,0,0,0,0,"N",0,0.0,0,0,0,0,0,0,0,0,0,0,0,0,0,0
"36121","5","4233","76","0","2016","1","N","Wyoming County, New York","Private","NAICS 4233 Lumber and const. supply merchant wholesalers","County, NAICS 4-digit -- by ownership sector","All establishment sizes",1,0,0,0,0,0,0,0,"N",0.58,0,0,0,0,0,0,0,"N",0,0.0,0,0,0,0,0,0,0,0,0,0,0,0,0,0
"36121","5","4233","76","0","2016","2","N","Wyoming County, New York","Private","NAICS 4233 Lumber and const. supply merchant wholesalers","County, NAICS 4-digit -- by ownership sector","All establishment sizes",1,0,0,0,0,0,0,0,"N",0.58,0,0,0,0,0,0,0,"N",0,0.0,0,0,0,0,0,0,0,0,0,0,0,0,0,0
"36121","5","4233","76","0","2016","3","N","Wyoming County, New York","Private","NAICS 4233 Lumber and const. supply merchant wholesalers","County, NAICS 4-digit -- by ownership sector","All establishment sizes",1,0,0,0,0,0,0,0,"N",0.59,0,0,0,0,0,0,0,"N",0,0.0,0,0,0,0,0,0,0,0,0,0,0,0,0,0
"36121","5","4233","76","0","2016","4","N","Wyoming County, New York","Private","NAICS 4233 Lumber and const. supply merchant wholesalers","County, NAICS 4-digit -- by ownership sector","All establishment sizes",1,0,0,0,0,0,0,0,"N",0.59,0,0,0,0,0,0,0,"N",0,0.0,0,0,0,0,0,0,0,0,0,0,0,0,0,0
"36121","5","42331","77","0","2016","1","N","Wyoming County, New York","Private","NAICS 42331 Lumber and wood merchant wholesalers","County, NAICS 5-digit -- by ownership sector","All establishment sizes",1,0,0,0,0,0,0,0,"N",1.48,0,0,0,0,0,0,0,"N",0,0.0,0,0,0,0,0,0,0,0,0,0,0,0,0,0
"36121","5","42331","77","0","2016","2","N","Wyoming County, New York","Private","NAICS 42331 Lumber and wood merchant wholesalers","County, NAICS 5-digit -- by ownership sector","All establishment sizes",1,0,0,0,0,0,0,0,"N",1.48,0,0,0,0,0,0,0,"N",0,0.0,0,0,0,0,0,0,0,0,0,0,0,0,0,0
"36121","5","42331","77","0","2016","3","N","Wyoming County, New York","Private","NAICS 42331 Lumber and wood merchant wholesalers","County, NAICS 5-digit -- by ownership sector","All establishment sizes",1,0,0,0,0,0,0,0,"N",1.49,0,0,0,0,0,0,0,"N",0,0.0,0,0,0,0,0,0,0,0,0,0,0,0,0,0
"36121","5","42331","77","0","2016","4","N","Wyoming County, New York","Private","NAICS 42331 Lumber and wood merchant wholesalers","County, NAICS 5-digit -- by ownership sector","All establishment sizes",1,0,0,0,0,0,0,0,"N",1.49,0,0,0,0,0,0,0,"N",0,0.0,0,0,0,0,0,0,0,0,0,0,0,0,0,0
"36121","5","423310","78","0","2016","1","N","Wyoming County, New York","Private","NAICS 423310 Lumber and wood merchant wholesalers","County, NAICS 6-digit -- by ownership sector","All establishment sizes",1,0,0,0,0,0,0,0,"N",1.48,0,0,0,0,0,0,0,"N",0,0.0,0,0,0,0,0,0,0,0,0,0,0,0,0,0
"36121","5","423310","78","0","2016","2","N","Wyoming County, New York","Private","NAICS 423310 Lumber and wood merchant wholesalers","County, NAICS 6-digit -- by ownership sector","All establishment sizes",1,0,0,0,0,0,0,0,"N",1.48,0,0,0,0,0,0,0,"N",0,0.0,0,0,0,0,0,0,0,0,0,0,0,0,0,0
"36121","5","423310","78","0","2016","3","N","Wyoming County, New York","Private","NAICS 423310 Lumber and wood merchant wholesalers","County, NAICS 6-digit -- by ownership sector","All establishment sizes",1,0,0,0,0,0,0,0,"N",1.49,0,0,0,0,0,0,0,"N",0,0.0,0,0,0,0,0,0,0,0,0,0,0,0,0,0
"36121","5","423310","78","0","2016","4","N","Wyoming County, New York","Private","NAICS 423310 Lumber and wood merchant wholesalers","County, NAICS 6-digit -- by ownership sector","All establishment sizes",1,0,0,0,0,0,0,0,"N",1.49,0,0,0,0,0,0,0,"N",0,0.0,0,0,0,0,0,0,0,0,0,0,0,0,0,0
"36121","5","4234","76","0","2016","1","N","Wyoming County, New York","Private","NAICS 4234 Commercial equip. merchant wholesalers","County, NAICS 4-digit -- by ownership sector","All establishment sizes",1,0,0,0,0,0,0,0,"N",0.23,0,0,0,0,0,0,0,"N",-1,-50.0,0,0,0,0,0,0,0,0,0,0,0,0,0,0
"36121","5","4234","76","0","2016","2","N","Wyoming County, New York","Private","NAICS 4234 Commercial equip. merchant wholesalers","County, NAICS 4-digit -- by ownership sector","All establishment sizes",1,0,0,0,0,0,0,0,"N",0.23,0,0,0,0,0,0,0,"N",-1,-50.0,0,0,0,0,0,0,0,0,0,0,0,0,0,0
"36121","5","4234","76","0","2016","3","N","Wyoming County, New York","Private","NAICS 4234 Commercial equip. merchant wholesalers","County, NAICS 4-digit -- by ownership sector","All establishment sizes",1,0,0,0,0,0,0,0,"N",0.23,0,0,0,0,0,0,0,"N",-1,-50.0,0,0,0,0,0,0,0,0,0,0,0,0,0,0
"36121","5","4234","76","0","2016","4","N","Wyoming County, New York","Private","NAICS 4234 Commercial equip. merchant wholesalers","County, NAICS 4-digit -- by ownership sector","All establishment sizes",1,0,0,0,0,0,0,0,"N",0.23,0,0,0,0,0,0,0,"N",-1,-50.0,0,0,0,0,0,0,0,0,0,0,0,0,0,0
"36121","5","42343","77","0","2016","1","N","Wyoming County, New York","Private","NAICS 42343 Computer and software merchant wholesalers","County, NAICS 5-digit -- by ownership sector","All establishment sizes",1,0,0,0,0,0,0,0,"N",0.93,0,0,0,0,0,0,0,"N",-1,-50.0,0,0,0,0,0,0,0,0,0,0,0,0,0,0
"36121","5","42343","77","0","2016","2","N","Wyoming County, New York","Private","NAICS 42343 Computer and software merchant wholesalers","County, NAICS 5-digit -- by ownership sector","All establishment sizes",1,0,0,0,0,0,0,0,"N",0.93,0,0,0,0,0,0,0,"N",-1,-50.0,0,0,0,0,0,0,0,0,0,0,0,0,0,0
"36121","5","42343","77","0","2016","3","N","Wyoming County, New York","Private","NAICS 42343 Computer and software merchant wholesalers","County, NAICS 5-digit -- by ownership sector","All establishment sizes",1,0,0,0,0,0,0,0,"N",0.93,0,0,0,0,0,0,0,"N",-1,-50.0,0,0,0,0,0,0,0,0,0,0,0,0,0,0
"36121","5","42343","77","0","2016","4","N","Wyoming County, New York","Private","NAICS 42343 Computer and software merchant wholesalers","County, NAICS 5-digit -- by ownership sector","All establishment sizes",1,0,0,0,0,0,0,0,"N",0.93,0,0,0,0,0,0,0,"N",-1,-50.0,0,0,0,0,0,0,0,0,0,0,0,0,0,0
"36121","5","423430","78","0","2016","1","N","Wyoming County, New York","Private","NAICS 423430 Computer and software merchant wholesalers","County, NAICS 6-digit -- by ownership sector","All establishment sizes",1,0,0,0,0,0,0,0,"N",0.93,0,0,0,0,0,0,0,"N",-1,-50.0,0,0,0,0,0,0,0,0,0,0,0,0,0,0
"36121","5","423430","78","0","2016","2","N","Wyoming County, New York","Private","NAICS 423430 Computer and software merchant wholesalers","County, NAICS 6-digit -- by ownership sector","All establishment sizes",1,0,0,0,0,0,0,0,"N",0.93,0,0,0,0,0,0,0,"N",-1,-50.0,0,0,0,0,0,0,0,0,0,0,0,0,0,0
"36121","5","423430","78","0","2016","3","N","Wyoming County, New York","Private","NAICS 423430 Computer and software merchant wholesalers","County, NAICS 6-digit -- by ownership sector","All establishment sizes",1,0,0,0,0,0,0,0,"N",0.93,0,0,0,0,0,0,0,"N",-1,-50.0,0,0,0,0,0,0,0,0,0,0,0,0,0,0
"36121","5","423430","78","0","2016","4","N","Wyoming County, New York","Private","NAICS 423430 Computer and software merchant wholesalers","County, NAICS 6-digit -- by ownership sector","All establishment sizes",1,0,0,0,0,0,0,0,"N",0.93,0,0,0,0,0,0,0,"N",-1,-50.0,0,0,0,0,0,0,0,0,0,0,0,0,0,0
"36121","5","4236","76","0","2016","1","N","Wyoming County, New York","Private","NAICS 4236 Appliance and electric goods merchant whls.","County, NAICS 4-digit -- by ownership sector","All establishment sizes",2,0,0,0,0,0,0,0,"N",0.76,0,0,0,0,0,0,0,"N",1,100.0,0,0,0,0,0,0,0,0,0,0,0,0,0,0
"36121","5","4236","76","0","2016","2","N","Wyoming County, New York","Private","NAICS 4236 Appliance and electric goods merchant whls.","County, NAICS 4-digit -- by ownership sector","All establishment sizes",2,0,0,0,0,0,0,0,"N",0.75,0,0,0,0,0,0,0,"N",1,100.0,0,0,0,0,0,0,0,0,0,0,0,0,0,0
"36121","5","4236","76","0","2016","3","N","Wyoming County, New York","Private","NAICS 4236 Appliance and electric goods merchant whls.","County, NAICS 4-digit -- by ownership sector","All establishment sizes",2,0,0,0,0,0,0,0,"N",0.76,0,0,0,0,0,0,0,"N",1,100.0,0,0,0,0,0,0,0,0,0,0,0,0,0,0
"36121","5","4236","76","0","2016","4","N","Wyoming County, New York","Private","NAICS 4236 Appliance and electric goods merchant whls.","County, NAICS 4-digit -- by ownership sector","All establishment sizes",2,0,0,0,0,0,0,0,"N",0.76,0,0,0,0,0,0,0,"N",1,100.0,0,0,0,0,0,0,0,0,0,0,0,0,0,0
"36121","5","42361","77","0","2016","1","N","Wyoming County, New York","Private","NAICS 42361 Elec. equip. and wiring merchant wholesalers","County, NAICS 5-digit -- by ownership sector","All establishment sizes",1,0,0,0,0,0,0,0,"N",0.79,0,0,0,0,0,0,0,"N",0,0.0,0,0,0,0,0,0,0,0,0,0,0,0,0,0
"36121","5","42361","77","0","2016","2","N","Wyoming County, New York","Private","NAICS 42361 Elec. equip. and wiring merchant wholesalers","County, NAICS 5-digit -- by ownership sector","All establishment sizes",1,0,0,0,0,0,0,0,"N",0.78,0,0,0,0,0,0,0,"N",0,0.0,0,0,0,0,0,0,0,0,0,0,0,0,0,0
"36121","5","42361","77","0","2016","3","N","Wyoming County, New York","Private","NAICS 42361 Elec. equip. and wiring merchant wholesalers","County, NAICS 5-digit -- by ownership sector","All establishment sizes",1,0,0,0,0,0,0,0,"N",0.79,0,0,0,0,0,0,0,"N",0,0.0,0,0,0,0,0,0,0,0,0,0,0,0,0,0
"36121","5","42361","77","0","2016","4","N","Wyoming County, New York","Private","NAICS 42361 Elec. equip. and wiring merchant wholesalers","County, NAICS 5-digit -- by ownership sector","All establishment sizes",1,0,0,0,0,0,0,0,"N",0.79,0,0,0,0,0,0,0,"N",0,0.0,0,0,0,0,0,0,0,0,0,0,0,0,0,0
"36121","5","423610","78","0","2016","1","N","Wyoming County, New York","Private","NAICS 423610 Elec. equip. and wiring merchant wholesalers","County, NAICS 6-digit -- by ownership sector","All establishment sizes",1,0,0,0,0,0,0,0,"N",0.79,0,0,0,0,0,0,0,"N",0,0.0,0,0,0,0,0,0,0,0,0,0,0,0,0,0
"36121","5","423610","78","0","2016","2","N","Wyoming County, New York","Private","NAICS 423610 Elec. equip. and wiring merchant wholesalers","County, NAICS 6-digit -- by ownership sector","All establishment sizes",1,0,0,0,0,0,0,0,"N",0.78,0,0,0,0,0,0,0,"N",0,0.0,0,0,0,0,0,0,0,0,0,0,0,0,0,0
"36121","5","423610","78","0","2016","3","N","Wyoming County, New York","Private","NAICS 423610 Elec. equip. and wiring merchant wholesalers","County, NAICS 6-digit -- by ownership sector","All establishment sizes",1,0,0,0,0,0,0,0,"N",0.79,0,0,0,0,0,0,0,"N",0,0.0,0,0,0,0,0,0,0,0,0,0,0,0,0,0
"36121","5","423610","78","0","2016","4","N","Wyoming County, New York","Private","NAICS 423610 Elec. equip. and wiring merchant wholesalers","County, NAICS 6-digit -- by ownership sector","All establishment sizes",1,0,0,0,0,0,0,0,"N",0.79,0,0,0,0,0,0,0,"N",0,0.0,0,0,0,0,0,0,0,0,0,0,0,0,0,0
"36121","5","42362","77","0","2016","1","N","Wyoming County, New York","Private","NAICS 42362 Appliance and electronics merchant whls.","County, NAICS 5-digit -- by ownership sector","All establishment sizes",1,0,0,0,0,0,0,0,"N",3.65,0,0,0,0,0,0,0,"N",1,100.0,0,0,0,0,0,0,0,0,0,0,0,0,0,0
"36121","5","42362","77","0","2016","2","N","Wyoming County, New York","Private","NAICS 42362 Appliance and electronics merchant whls.","County, NAICS 5-digit -- by ownership sector","All establishment sizes",1,0,0,0,0,0,0,0,"N",3.65,0,0,0,0,0,0,0,"N",1,100.0,0,0,0,0,0,0,0,0,0,0,0,0,0,0
"36121","5","42362","77","0","2016","3","N","Wyoming County, New York","Private","NAICS 42362 Appliance and electronics merchant whls.","County, NAICS 5-digit -- by ownership sector","All establishment sizes",1,0,0,0,0,0,0,0,"N",3.67,0,0,0,0,0,0,0,"N",1,100.0,0,0,0,0,0,0,0,0,0,0,0,0,0,0
"36121","5","42362","77","0","2016","4","N","Wyoming County, New York","Private","NAICS 42362 Appliance and electronics merchant whls.","County, NAICS 5-digit -- by ownership sector","All establishment sizes",1,0,0,0,0,0,0,0,"N",3.67,0,0,0,0,0,0,0,"N",1,100.0,0,0,0,0,0,0,0,0,0,0,0,0,0,0
"36121","5","423620","78","0","2016","1","N","Wyoming County, New York","Private","NAICS 423620 Appliance and electronics merchant whls.","County, NAICS 6-digit -- by ownership sector","All establishment sizes",1,0,0,0,0,0,0,0,"N",3.65,0,0,0,0,0,0,0,"N",1,100.0,0,0,0,0,0,0,0,0,0,0,0,0,0,0
"36121","5","423620","78","0","2016","2","N","Wyoming County, New York","Private","NAICS 423620 Appliance and electronics merchant whls.","County, NAICS 6-digit -- by ownership sector","All establishment sizes",1,0,0,0,0,0,0,0,"N",3.65,0,0,0,0,0,0,0,"N",1,100.0,0,0,0,0,0,0,0,0,0,0,0,0,0,0
"36121","5","423620","78","0","2016","3","N","Wyoming County, New York","Private","NAICS 423620 Appliance and electronics merchant whls.","County, NAICS 6-digit -- by ownership sector","All establishment sizes",1,0,0,0,0,0,0,0,"N",3.67,0,0,0,0,0,0,0,"N",1,100.0,0,0,0,0,0,0,0,0,0,0,0,0,0,0
"36121","5","423620","78","0","2016","4","N","Wyoming County, New York","Private","NAICS 423620 Appliance and electronics merchant whls.","County, NAICS 6-digit -- by ownership sector","All establishment sizes",1,0,0,0,0,0,0,0,"N",3.67,0,0,0,0,0,0,0,"N",1,100.0,0,0,0,0,0,0,0,0,0,0,0,0,0,0
"36121","5","4238","76","0","2016","1","","Wyoming County, New York","Private","NAICS 4238 Machinery and supply merchant wholesalers","County, NAICS 4-digit -- by ownership sector","All establishment sizes",6,119,120,117,1530537,1076766,25950,992,"",1.06,1.88,1.90,1.85,1.99,2.29,1.90,1.06,"",0,0.0,2,1.7,9,8.1,6,5.4,-145055,-8.7,26279,2.5,-7581,-22.6,-149,-13.1
"36121","5","4238","76","0","2016","2","","Wyoming County, New York","Private","NAICS 4238 Machinery and supply merchant wholesalers","County, NAICS 4-digit -- by ownership sector","All establishment sizes",6,116,121,120,1599099,139904,3204,1034,"",1.07,1.83,1.87,1.83,1.94,1.03,0.81,1.05,"",0,0.0,-1,-0.9,0,0.0,-2,-1.6,36428,2.3,-25380,-15.4,-1942,-37.7,32,3.2
"36121","5","4238","76","0","2016","3","","Wyoming County, New York","Private","NAICS 4238 Machinery and supply merchant wholesalers","County, NAICS 4-digit -- by ownership sector","All establishment sizes",6,119,120,115,1600052,58343,1276,1043,"",1.08,1.88,1.91,1.80,1.97,1.04,0.77,1.06,"",0,0.0,3,2.6,1,0.8,1,0.9,16734,1.1,-30271,-34.2,-1422,-52.7,-4,-0.4
"36121","5","4238","76","0","2016","4","","Wyoming County, New York","Private","NAICS 4238 Machinery and supply merchant wholesalers","County, NAICS 4-digit -- by ownership sector","All establishment sizes",6,112,112,113,1550953,32763,723,1062,"",1.08,1.76,1.82,1.84,1.86,1.02,0.76,1.03,"",0,0.0,-5,-4.3,-3,-2.6,-1,-0.9,-81984,-5.0,-13188,-28.7,-784,-52.0,-27,-2.5
"36121","5","42382","77","0","2016","1","","Wyoming County, New York","Private","NAICS 42382 Farm and garden equip. merchant wholesalers","County, NAICS 5-digit -- by ownership sector","All establishment sizes",6,119,120,117,1530537,1076766,25950,992,"",7.90,12.40,12.60,12.12,17.02,15.87,17.95,1.38,"",0,0.0,2,1.7,9,8.1,6,5.4,-145055,-8.7,26279,2.5,-7581,-22.6,-149,-13.1
"36121","5","42382","77","0","2016","2","","Wyoming County, New York","Private","NAICS 42382 Farm and garden equip. merchant wholesalers","County, NAICS 5-digit -- by ownership sector","All establishment sizes",6,116,121,120,1599099,139904,3204,1034,"",7.98,11.90,12.09,11.76,15.53,5.00,5.17,1.30,"",0,0.0,-1,-0.9,0,0.0,-2,-1.6,36428,2.3,-25380,-15.4,-1942,-37.7,32,3.2
"36121","5","42382","77","0","2016","3","","Wyoming County, New York","Private","NAICS 42382 Farm and garden equip. merchant wholesalers","County, NAICS 5-digit -- by ownership sector","All establishment sizes",6,119,120,115,1600052,58343,1276,1043,"",8.05,12.19,12.39,11.77,15.90,5.23,5.16,1.31,"",0,0.0,3,2.6,1,0.8,1,0.9,16734,1.1,-30271,-34.2,-1422,-52.7,-4,-0.4
"36121","5","42382","77","0","2016","4","","Wyoming County, New York","Private","NAICS 42382 Farm and garden equip. merchant wholesalers","County, NAICS 5-digit -- by ownership sector","All establishment sizes",6,112,112,113,1550953,32763,723,1062,"",8.11,11.61,12.04,12.17,14.76,6.19,6.22,1.24,"",0,0.0,-5,-4.3,-3,-2.6,-1,-0.9,-81984,-5.0,-13188,-28.7,-784,-52.0,-27,-2.5
"36121","5","423820","78","0","2016","1","","Wyoming County, New York","Private","NAICS 423820 Farm and garden equip. merchant wholesalers","County, NAICS 6-digit -- by ownership sector","All establishment sizes",6,119,120,117,1530537,1076766,25950,992,"",7.90,12.40,12.60,12.12,17.02,15.87,17.95,1.38,"",0,0.0,2,1.7,9,8.1,6,5.4,-145055,-8.7,26279,2.5,-7581,-22.6,-149,-13.1
"36121","5","423820","78","0","2016","2","","Wyoming County, New York","Private","NAICS 423820 Farm and garden equip. merchant wholesalers","County, NAICS 6-digit -- by ownership sector","All establishment sizes",6,116,121,120,1599099,139904,3204,1034,"",7.98,11.90,12.09,11.76,15.53,5.00,5.17,1.30,"",0,0.0,-1,-0.9,0,0.0,-2,-1.6,36428,2.3,-25380,-15.4,-1942,-37.7,32,3.2
"36121","5","423820","78","0","2016","3","","Wyoming County, New York","Private","NAICS 423820 Farm and garden equip. merchant wholesalers","County, NAICS 6-digit -- by ownership sector","All establishment sizes",6,119,120,115,1600052,58343,1276,1043,"",8.05,12.19,12.39,11.77,15.90,5.23,5.16,1.31,"",0,0.0,3,2.6,1,0.8,1,0.9,16734,1.1,-30271,-34.2,-1422,-52.7,-4,-0.4
"36121","5","423820","78","0","2016","4","","Wyoming County, New York","Private","NAICS 423820 Farm and garden equip. merchant wholesalers","County, NAICS 6-digit -- by ownership sector","All establishment sizes",6,112,112,113,1550953,32763,723,1062,"",8.11,11.61,12.04,12.17,14.76,6.19,6.22,1.24,"",0,0.0,-5,-4.3,-3,-2.6,-1,-0.9,-81984,-5.0,-13188,-28.7,-784,-52.0,-27,-2.5
"36121","5","424","75","0","2016","1","","Wyoming County, New York","Private","NAICS 424 Merchant wholesalers, nondurable goods","County, NAICS 3-digit -- by ownership sector","All establishment sizes",6,37,37,37,370770,275359,8458,771,"",0.47,0.19,0.19,0.19,0.16,0.21,0.20,0.81,"",0,0.0,-1,-2.6,-2,-5.1,-2,-5.1,-69012,-15.7,-21991,-7.4,-2603,-23.5,-104,-11.9
"36121","5","424","75","0","2016","2","","Wyoming County, New York","Private","NAICS 424 Merchant wholesalers, nondurable goods","County, NAICS 3-digit -- by ownership sector","All establishment sizes",6,37,36,37,405598,72529,2252,851,"",0.47,0.19,0.18,0.18,0.17,0.17,0.15,0.90,"",0,0.0,-1,-2.6,-3,-7.7,-2,-5.1,-39744,-8.9,2191,3.1,-469,-17.2,-35,-4.0
"36121","5","424","75","0","2016","3","","Wyoming County, New York","Private","NAICS 424 Merchant wholesalers, nondurable goods","County, NAICS 3-digit -- by ownership sector","All establishment sizes",6,36,36,36,412843,39567,1296,882,"",0.47,0.19,0.19,0.18,0.17,0.19,0.20,0.92,"",0,0.0,-2,-5.3,-2,-5.3,-1,-2.7,2192,0.5,1079,2.8,-386,-22.9,43,5.1
"36121","5","424","75","0","2016","4","","Wyoming County, New York","Private","NAICS 424 Merchant wholesalers, nondurable goods","County, NAICS 3-digit -- by ownership sector","All establishment sizes",6,37,37,34,415498,31891,993,888,"",0.47,0.19,0.19,0.18,0.17,0.25,0.25,0.93,"",0,0.0,-1,-2.6,-1,-2.6,-4,-10.5,-25217,-5.7,-9944,-23.8,-548,-35.6,-4,-0.4
"36121","5","4244","76","0","2016","1","N","Wyoming County, New York","Private","NAICS 4244 Grocery and related product wholesalers","County, NAICS 4-digit -- by ownership sector","All establishment sizes",1,0,0,0,0,0,0,0,"N",0.29,0,0,0,0,0,0,0,"N",0,0.0,0,0,0,0,0,0,0,0,0,0,0,0,0,0
"36121","5","4244","76","0","2016","2","N","Wyoming County, New York","Private","NAICS 4244 Grocery and related product wholesalers","County, NAICS 4-digit -- by ownership sector","All establishment sizes",1,0,0,0,0,0,0,0,"N",0.29,0,0,0,0,0,0,0,"N",0,0.0,0,0,0,0,0,0,0,0,0,0,0,0,0,0
"36121","5","4244","76","0","2016","3","N","Wyoming County, New York","Private","NAICS 4244 Grocery and related product wholesalers","County, NAICS 4-digit -- by ownership sector","All establishment sizes",1,0,0,0,0,0,0,0,"N",0.29,0,0,0,0,0,0,0,"N",0,0.0,0,0,0,0,0,0,0,0,0,0,0,0,0,0
"36121","5","4244","76","0","2016","4","N","Wyoming County, New York","Private","NAICS 4244 Grocery and related product wholesalers","County, NAICS 4-digit -- by ownership sector","All establishment sizes",1,0,0,0,0,0,0,0,"N",0.29,0,0,0,0,0,0,0,"N",0,0.0,0,0,0,0,0,0,0,0,0,0,0,0,0,0
"36121","5","42449","77","0","2016","1","N","Wyoming County, New York","Private","NAICS 42449 Other grocery product merchant wholesalers","County, NAICS 5-digit -- by ownership sector","All establishment sizes",1,0,0,0,0,0,0,0,"N",0.80,0,0,0,0,0,0,0,"N",0,0.0,0,0,0,0,0,0,0,0,0,0,0,0,0,0
"36121","5","42449","77","0","2016","2","N","Wyoming County, New York","Private","NAICS 42449 Other grocery product merchant wholesalers","County, NAICS 5-digit -- by ownership sector","All establishment sizes",1,0,0,0,0,0,0,0,"N",0.80,0,0,0,0,0,0,0,"N",0,0.0,0,0,0,0,0,0,0,0,0,0,0,0,0,0
"36121","5","42449","77","0","2016","3","N","Wyoming County, New York","Private","NAICS 42449 Other grocery product merchant wholesalers","County, NAICS 5-digit -- by ownership sector","All establishment sizes",1,0,0,0,0,0,0,0,"N",0.80,0,0,0,0,0,0,0,"N",0,0.0,0,0,0,0,0,0,0,0,0,0,0,0,0,0
"36121","5","42449","77","0","2016","4","N","Wyoming County, New York","Private","NAICS 42449 Other grocery product merchant wholesalers","County, NAICS 5-digit -- by ownership sector","All establishment sizes",1,0,0,0,0,0,0,0,"N",0.79,0,0,0,0,0,0,0,"N",0,0.0,0,0,0,0,0,0,0,0,0,0,0,0,0,0
"36121","5","424490","78","0","2016","1","N","Wyoming County, New York","Private","NAICS 424490 Other grocery product merchant wholesalers","County, NAICS 6-digit -- by ownership sector","All establishment sizes",1,0,0,0,0,0,0,0,"N",0.80,0,0,0,0,0,0,0,"N",0,0.0,0,0,0,0,0,0,0,0,0,0,0,0,0,0
"36121","5","424490","78","0","2016","2","N","Wyoming County, New York","Private","NAICS 424490 Other grocery product merchant wholesalers","County, NAICS 6-digit -- by ownership sector","All establishment sizes",1,0,0,0,0,0,0,0,"N",0.80,0,0,0,0,0,0,0,"N",0,0.0,0,0,0,0,0,0,0,0,0,0,0,0,0,0
"36121","5","424490","78","0","2016","3","N","Wyoming County, New York","Private","NAICS 424490 Other grocery product merchant wholesalers","County, NAICS 6-digit -- by ownership sector","All establishment sizes",1,0,0,0,0,0,0,0,"N",0.80,0,0,0,0,0,0,0,"N",0,0.0,0,0,0,0,0,0,0,0,0,0,0,0,0,0
"36121","5","424490","78","0","2016","4","N","Wyoming County, New York","Private","NAICS 424490 Other grocery product merchant wholesalers","County, NAICS 6-digit -- by ownership sector","All establishment sizes",1,0,0,0,0,0,0,0,"N",0.79,0,0,0,0,0,0,0,"N",0,0.0,0,0,0,0,0,0,0,0,0,0,0,0,0,0
"36121","5","4247","76","0","2016","1","N","Wyoming County, New York","Private","NAICS 4247 Petroleum merchant wholesalers","County, NAICS 4-digit -- by ownership sector","All establishment sizes",1,0,0,0,0,0,0,0,"N",1.40,0,0,0,0,0,0,0,"N",0,0.0,0,0,0,0,0,0,0,0,0,0,0,0,0,0
"36121","5","4247","76","0","2016","2","N","Wyoming County, New York","Private","NAICS 4247 Petroleum merchant wholesalers","County, NAICS 4-digit -- by ownership sector","All establishment sizes",1,0,0,0,0,0,0,0,"N",1.42,0,0,0,0,0,0,0,"N",0,0.0,0,0,0,0,0,0,0,0,0,0,0,0,0,0
"36121","5","4247","76","0","2016","3","N","Wyoming County, New York","Private","NAICS 4247 Petroleum merchant wholesalers","County, NAICS 4-digit -- by ownership sector","All establishment sizes",1,0,0,0,0,0,0,0,"N",1.43,0,0,0,0,0,0,0,"N",0,0.0,0,0,0,0,0,0,0,0,0,0,0,0,0,0
"36121","5","4247","76","0","2016","4","N","Wyoming County, New York","Private","NAICS 4247 Petroleum merchant wholesalers","County, NAICS 4-digit -- by ownership sector","All establishment sizes",1,0,0,0,0,0,0,0,"N",1.44,0,0,0,0,0,0,0,"N",0,0.0,0,0,0,0,0,0,0,0,0,0,0,0,0,0
"36121","5","42471","77","0","2016","1","N","Wyoming County, New York","Private","NAICS 42471 Petroleum bulk stations and terminals","County, NAICS 5-digit -- by ownership sector","All establishment sizes",1,0,0,0,0,0,0,0,"N",4.00,0,0,0,0,0,0,0,"N",0,0.0,0,0,0,0,0,0,0,0,0,0,0,0,0,0
"36121","5","42471","77","0","2016","2","N","Wyoming County, New York","Private","NAICS 42471 Petroleum bulk stations and terminals","County, NAICS 5-digit -- by ownership sector","All establishment sizes",1,0,0,0,0,0,0,0,"N",4.05,0,0,0,0,0,0,0,"N",0,0.0,0,0,0,0,0,0,0,0,0,0,0,0,0,0
"36121","5","42471","77","0","2016","3","N","Wyoming County, New York","Private","NAICS 42471 Petroleum bulk stations and terminals","County, NAICS 5-digit -- by ownership sector","All establishment sizes",1,0,0,0,0,0,0,0,"N",4.08,0,0,0,0,0,0,0,"N",0,0.0,0,0,0,0,0,0,0,0,0,0,0,0,0,0
"36121","5","42471","77","0","2016","4","N","Wyoming County, New York","Private","NAICS 42471 Petroleum bulk stations and terminals","County, NAICS 5-digit -- by ownership sector","All establishment sizes",1,0,0,0,0,0,0,0,"N",4.11,0,0,0,0,0,0,0,"N",0,0.0,0,0,0,0,0,0,0,0,0,0,0,0,0,0
"36121","5","424710","78","0","2016","1","N","Wyoming County, New York","Private","NAICS 424710 Petroleum bulk stations and terminals","County, NAICS 6-digit -- by ownership sector","All establishment sizes",1,0,0,0,0,0,0,0,"N",4.00,0,0,0,0,0,0,0,"N",0,0.0,0,0,0,0,0,0,0,0,0,0,0,0,0,0
"36121","5","424710","78","0","2016","2","N","Wyoming County, New York","Private","NAICS 424710 Petroleum bulk stations and terminals","County, NAICS 6-digit -- by ownership sector","All establishment sizes",1,0,0,0,0,0,0,0,"N",4.05,0,0,0,0,0,0,0,"N",0,0.0,0,0,0,0,0,0,0,0,0,0,0,0,0,0
"36121","5","424710","78","0","2016","3","N","Wyoming County, New York","Private","NAICS 424710 Petroleum bulk stations and terminals","County, NAICS 6-digit -- by ownership sector","All establishment sizes",1,0,0,0,0,0,0,0,"N",4.08,0,0,0,0,0,0,0,"N",0,0.0,0,0,0,0,0,0,0,0,0,0,0,0,0,0
"36121","5","424710","78","0","2016","4","N","Wyoming County, New York","Private","NAICS 424710 Petroleum bulk stations and terminals","County, NAICS 6-digit -- by ownership sector","All establishment sizes",1,0,0,0,0,0,0,0,"N",4.11,0,0,0,0,0,0,0,"N",0,0.0,0,0,0,0,0,0,0,0,0,0,0,0,0,0
"36121","5","4249","76","0","2016","1","","Wyoming County, New York","Private","NAICS 4249 Misc. nondurable goods merchant wholesalers","County, NAICS 4-digit -- by ownership sector","All establishment sizes",4,9,9,10,90639,67990,1156,747,"",1.32,0.30,0.30,0.33,0.31,0.37,0.19,0.99,"",0,0.0,-2,-18.2,-2,-18.2,-1,-9.1,-12834,-12.4,-3747,-5.2,-508,-30.5,23,3.2
"36121","5","4249","76","0","2016","2","","Wyoming County, New York","Private","NAICS 4249 Misc. nondurable goods merchant wholesalers","County, NAICS 4-digit -- by ownership sector","All establishment sizes",4,10,10,10,89089,23964,407,685,"",1.32,0.32,0.31,0.31,0.28,0.30,0.13,0.91,"",0,0.0,1,11.1,0,0.0,0,0.0,-54552,-38.0,3631,17.9,-64,-13.6,-458,-40.1
"36121","5","4249","76","0","2016","3","","Wyoming County, New York","Private","NAICS 4249 Misc. nondurable goods merchant wholesalers","County, NAICS 4-digit -- by ownership sector","All establishment sizes",4,10,10,10,94361,8383,142,726,"",1.33,0.32,0.33,0.32,0.32,0.24,0.12,0.97,"",0,0.0,1,11.1,1,11.1,1,11.1,-7393,-7.3,4879,139.2,34,31.5,-144,-16.6
"36121","5","4249","76","0","2016","4","","Wyoming County, New York","Private","NAICS 4249 Misc. nondurable goods merchant wholesalers","County, NAICS 4-digit -- by ownership sector","All establishment sizes",4,11,11,10,73194,9316,158,528,"",1.33,0.36,0.37,0.34,0.24,0.44,0.23,0.67,"",0,0.0,1,10.0,1,10.0,0,0.0,-33650,-31.5,-7068,-43.1,-238,-60.1,-294,-35.8
"36121","5","42491","77","0","2016","1","","Wyoming County, New York","Private","NAICS 42491 Farm supplies merchant wholesalers","County, NAICS 5-digit -- by ownership sector","All establishment sizes",4,9,9,10,90639,67990,1156,747,"",3.84,0.86,0.85,0.92,0.76,0.88,0.56,0.86,"",0,0.0,-2,-18.2,-2,-18.2,-1,-9.1,-12834,-12.4,-3747,-5.2,-508,-30.5,23,3.2
"36121","5","42491","77","0","2016","2","","Wyoming County, New York","Private","NAICS 42491 Farm supplies merchant wholesalers","County, NAICS 5-digit -- by ownership sector","All establishment sizes",4,10,10,10,89089,23964,407,685,"",3.87,0.87,0.84,0.84,0.70,0.67,0.34,0.83,"",0,0.0,1,11.1,0,0.0,0,0.0,-54552,-38.0,3631,17.9,-64,-13.6,-458,-40.1
"36121","5","42491","77","0","2016","3","","Wyoming County, New York","Private","NAICS 42491 Farm supplies merchant wholesalers","County, NAICS 5-digit -- by ownership sector","All establishment sizes",4,10,10,10,94361,8383,142,726,"",3.89,0.89,0.91,0.91,0.79,0.58,0.34,0.88,"",0,0.0,1,11.1,1,11.1,1,11.1,-7393,-7.3,4879,139.2,34,31.5,-144,-16.6
"36121","5","42491","77","0","2016","4","","Wyoming County, New York","Private","NAICS 42491 Farm supplies merchant wholesalers","County, NAICS 5-digit -- by ownership sector","All establishment sizes",4,11,11,10,73194,9316,158,528,"",3.90,1.00,1.03,0.96,0.60,1.24,0.77,0.60,"",0,0.0,1,10.0,1,10.0,0,0.0,-33650,-31.5,-7068,-43.1,-238,-60.1,-294,-35.8
"36121","5","424910","78","0","2016","1","","Wyoming County, New York","Private","NAICS 424910 Farm supplies merchant wholesalers","County, NAICS 6-digit -- by ownership sector","All establishment sizes",4,9,9,10,90639,67990,1156,747,"",3.84,0.86,0.85,0.92,0.76,0.88,0.56,0.86,"",0,0.0,-2,-18.2,-2,-18.2,-1,-9.1,-12834,-12.4,-3747,-5.2,-508,-30.5,23,3.2
"36121","5","424910","78","0","2016","2","","Wyoming County, New York","Private","NAICS 424910 Farm supplies merchant wholesalers","County, NAICS 6-digit -- by ownership sector","All establishment sizes",4,10,10,10,89089,23964,407,685,"",3.87,0.87,0.84,0.84,0.70,0.67,0.34,0.83,"",0,0.0,1,11.1,0,0.0,0,0.0,-54552,-38.0,3631,17.9,-64,-13.6,-458,-40.1
"36121","5","424910","78","0","2016","3","","Wyoming County, New York","Private","NAICS 424910 Farm supplies merchant wholesalers","County, NAICS 6-digit -- by ownership sector","All establishment sizes",4,10,10,10,94361,8383,142,726,"",3.89,0.89,0.91,0.91,0.79,0.58,0.34,0.88,"",0,0.0,1,11.1,1,11.1,1,11.1,-7393,-7.3,4879,139.2,34,31.5,-144,-16.6
"36121","5","424910","78","0","2016","4","","Wyoming County, New York","Private","NAICS 424910 Farm supplies merchant wholesalers","County, NAICS 6-digit -- by ownership sector","All establishment sizes",4,11,11,10,73194,9316,158,528,"",3.90,1.00,1.03,0.96,0.60,1.24,0.77,0.60,"",0,0.0,1,10.0,1,10.0,0,0.0,-33650,-31.5,-7068,-43.1,-238,-60.1,-294,-35.8
"36121","5","425","75","0","2016","1","","Wyoming County, New York","Private","NAICS 425 Electronic markets and agents and brokers","County, NAICS 3-digit -- by ownership sector","All establishment sizes",4,5,5,5,117814,53500,910,1813,"",0.19,0.06,0.06,0.06,0.08,0.08,0.04,1.27,"N",-1,-20.0,0,0,0,0,0,0,0,0,0,0,0,0,0,0
"36121","5","425","75","0","2016","2","","Wyoming County, New York","Private","NAICS 425 Electronic markets and agents and brokers","County, NAICS 3-digit -- by ownership sector","All establishment sizes",4,6,6,6,173829,4000,68,2229,"",0.19,0.07,0.07,0.07,0.11,0.02,0.01,1.61,"N",-1,-20.0,0,0,0,0,0,0,0,0,0,0,0,0,0,0
"36121","5","425","75","0","2016","3","","Wyoming County, New York","Private","NAICS 425 Electronic markets and agents and brokers","County, NAICS 3-digit -- by ownership sector","All establishment sizes",4,6,6,6,123267,2692,46,1580,"",0.19,0.07,0.07,0.07,0.08,0.03,0.01,1.12,"N",-1,-20.0,0,0,0,0,0,0,0,0,0,0,0,0,0,0
"36121","5","425","75","0","2016","4","","Wyoming County, New York","Private","NAICS 425 Electronic markets and agents and brokers","County, NAICS 3-digit -- by ownership sector","All establishment sizes",4,7,7,7,149543,12008,204,1643,"",0.20,0.08,0.08,0.08,0.10,0.21,0.10,1.18,"",-1,-20.0,0,0.0,0,0.0,0,0.0,-35927,-19.4,8008,200.2,120,142.9,-395,-19.4
"36121","5","4251","76","0","2016","1","","Wyoming County, New York","Private","NAICS 4251 Electronic markets and agents and brokers","County, NAICS 4-digit -- by ownership sector","All establishment sizes",4,5,5,5,117814,53500,910,1813,"",0.19,0.06,0.06,0.06,0.08,0.08,0.04,1.27,"N",-1,-20.0,0,0,0,0,0,0,0,0,0,0,0,0,0,0
"36121","5","4251","76","0","2016","2","","Wyoming County, New York","Private","NAICS 4251 Electronic markets and agents and brokers","County, NAICS 4-digit -- by ownership sector","All establishment sizes",4,6,6,6,173829,4000,68,2229,"",0.19,0.07,0.07,0.07,0.11,0.02,0.01,1.61,"N",-1,-20.0,0,0,0,0,0,0,0,0,0,0,0,0,0,0
"36121","5","4251","76","0","2016","3","","Wyoming County, New York","Private","NAICS 4251 Electronic markets and agents and brokers","County, NAICS 4-digit -- by ownership sector","All establishment sizes",4,6,6,6,123267,2692,46,1580,"",0.19,0.07,0.07,0.07,0.08,0.03,0.01,1.12,"N",-1,-20.0,0,0,0,0,0,0,0,0,0,0,0,0,0,0
"36121","5","4251","76","0","2016","4","","Wyoming County, New York","Private","NAICS 4251 Electronic markets and agents and brokers","County, NAICS 4-digit -- by ownership sector","All establishment sizes",4,7,7,7,149543,12008,204,1643,"",0.20,0.08,0.08,0.08,0.10,0.21,0.10,1.18,"",-1,-20.0,0,0.0,0,0.0,0,0.0,-35927,-19.4,8008,200.2,120,142.9,-395,-19.4
"36121","5","42512","77","0","2016","1","","Wyoming County, New York","Private","NAICS 42512 Wholesale trade agents and brokers","County, NAICS 5-digit -- by ownership sector","All establishment sizes",4,5,5,5,117814,53500,910,1813,"",0.19,0.06,0.06,0.06,0.08,0.08,0.04,1.26,"N",-1,-20.0,0,0,0,0,0,0,0,0,0,0,0,0,0,0
"36121","5","42512","77","0","2016","2","","Wyoming County, New York","Private","NAICS 42512 Wholesale trade agents and brokers","County, NAICS 5-digit -- by ownership sector","All establishment sizes",4,6,6,6,173829,4000,68,2229,"",0.20,0.07,0.07,0.07,0.11,0.03,0.01,1.60,"N",-1,-20.0,0,0,0,0,0,0,0,0,0,0,0,0,0,0
"36121","5","42512","77","0","2016","3","","Wyoming County, New York","Private","NAICS 42512 Wholesale trade agents and brokers","County, NAICS 5-digit -- by ownership sector","All establishment sizes",4,6,6,6,123267,2692,46,1580,"",0.20,0.07,0.07,0.07,0.08,0.03,0.02,1.12,"N",-1,-20.0,0,0,0,0,0,0,0,0,0,0,0,0,0,0
"36121","5","42512","77","0","2016","4","","Wyoming County, New York","Private","NAICS 42512 Wholesale trade agents and brokers","County, NAICS 5-digit -- by ownership sector","All establishment sizes",4,7,7,7,149543,12008,204,1643,"",0.20,0.08,0.09,0.09,0.10,0.22,0.10,1.17,"",-1,-20.0,0,0.0,0,0.0,0,0.0,-35927,-19.4,8008,200.2,120,142.9,-395,-19.4
"36121","5","425120","78","0","2016","1","","Wyoming County, New York","Private","NAICS 425120 Wholesale trade agents and brokers","County, NAICS 6-digit -- by ownership sector","All establishment sizes",4,5,5,5,117814,53500,910,1813,"",0.19,0.06,0.06,0.06,0.08,0.08,0.04,1.26,"N",-1,-20.0,0,0,0,0,0,0,0,0,0,0,0,0,0,0
"36121","5","425120","78","0","2016","2","","Wyoming County, New York","Private","NAICS 425120 Wholesale trade agents and brokers","County, NAICS 6-digit -- by ownership sector","All establishment sizes",4,6,6,6,173829,4000,68,2229,"",0.20,0.07,0.07,0.07,0.11,0.03,0.01,1.60,"N",-1,-20.0,0,0,0,0,0,0,0,0,0,0,0,0,0,0
"36121","5","425120","78","0","2016","3","","Wyoming County, New York","Private","NAICS 425120 Wholesale trade agents and brokers","County, NAICS 6-digit -- by ownership sector","All establishment sizes",4,6,6,6,123267,2692,46,1580,"",0.20,0.07,0.07,0.07,0.08,0.03,0.02,1.12,"N",-1,-20.0,0,0,0,0,0,0,0,0,0,0,0,0,0,0
"36121","5","425120","78","0","2016","4","","Wyoming County, New York","Private","NAICS 425120 Wholesale trade agents and brokers","County, NAICS 6-digit -- by ownership sector","All establishment sizes",4,7,7,7,149543,12008,204,1643,"",0.20,0.08,0.09,0.09,0.10,0.22,0.10,1.17,"",-1,-20.0,0,0.0,0,0.0,0,0.0,-35927,-19.4,8008,200.2,120,142.9,-395,-19.4
"36121","5","44-45","74","0","2016","1","","Wyoming County, New York","Private","NAICS 44-45 Retail trade","County, NAICS Sector -- by ownership sector","All establishment sizes",133,1551,1514,1543,10168884,8300366,241562,509,"",1.37,1.04,1.03,1.04,1.27,1.36,1.50,1.22,"",-3,-2.2,41,2.7,3,0.2,17,1.1,446297,4.6,339200,4.3,-48930,-16.8,16,3.2
"36121","5","44-45","74","0","2016","2","","Wyoming County, New York","Private","NAICS 44-45 Retail trade","County, NAICS Sector -- by ownership sector","All establishment sizes",134,1594,1645,1624,11268827,4471677,136387,535,"",1.39,1.06,1.07,1.04,1.24,1.38,1.43,1.17,"",1,0.8,19,1.2,-48,-2.8,-79,-4.6,141533,1.3,115513,2.7,-23816,-14.9,18,3.5
"36121","5","44-45","74","0","2016","3","","Wyoming County, New York","Private","NAICS 44-45 Retail trade","County, NAICS Sector -- by ownership sector","All establishment sizes",137,1634,1637,1603,11516923,2541339,66531,545,"",1.43,1.09,1.09,1.05,1.29,1.43,1.37,1.20,"",5,3.8,-68,-4.0,-57,-3.4,-46,-2.8,-155695,-1.3,-29597,-1.2,-17657,-21.0,11,2.1
"36121","5","44-45","74","0","2016","4","","Wyoming County, New York","Private","NAICS 44-45 Retail trade","County, NAICS Sector -- by ownership sector","All establishment sizes",133,1587,1575,1558,11757652,1660566,39660,575,"",1.39,1.03,1.03,1.02,1.35,1.35,1.26,1.32,"",1,0.8,-97,-5.8,-61,-3.7,-68,-4.2,-1103482,-8.6,-92888,-5.3,-14477,-26.7,-25,-4.2
"36121","5","441","75","0","2016","1","","Wyoming County, New York","Private","NAICS 441 Motor vehicle and parts dealers","County, NAICS 3-digit -- by ownership sector","All establishment sizes",21,296,294,303,2310305,2027389,51063,597,"",1.94,1.60,1.59,1.62,1.47,1.85,1.52,0.92,"",1,5.0,17,6.1,12,4.3,18,6.3,124825,5.7,142706,7.6,-12245,-19.3,1,0.2
"36121","5","441","75","0","2016","2","","Wyoming County, New York","Private","NAICS 441 Motor vehicle and parts dealers","County, NAICS 3-digit -- by ownership sector","All establishment sizes",21,303,308,300,2495806,793475,21956,632,"",1.95,1.60,1.59,1.53,1.37,1.78,1.42,0.87,"",1,5.0,9,3.1,13,4.4,5,1.7,32280,1.3,60564,8.3,-3595,-14.1,-11,-1.7
"36121","5","441","75","0","2016","3","","Wyoming County, New York","Private","NAICS 441 Motor vehicle and parts dealers","County, NAICS 3-digit -- by ownership sector","All establishment sizes",23,297,301,297,2563817,332033,8785,661,"",2.15,1.57,1.59,1.54,1.41,1.46,1.18,0.90,"",3,15.0,-3,-1.0,2,0.7,-2,-0.7,38530,1.5,19229,6.1,-921,-9.5,12,1.8
"36121","5","441","75","0","2016","4","","Wyoming County, New York","Private","NAICS 441 Motor vehicle and parts dealers","County, NAICS 3-digit -- by ownership sector","All establishment sizes",22,294,300,291,2474264,235299,6280,645,"",2.06,1.53,1.62,1.58,1.42,1.60,1.38,0.90,"",2,10.0,-8,-2.6,0,0.0,-3,-1.0,-191531,-7.2,-2564,-1.1,-978,-13.5,-42,-6.1
"36121","5","4411","76","0","2016","1","","Wyoming County, New York","Private","NAICS 4411 Automobile dealers","County, NAICS 4-digit -- by ownership sector","All establishment sizes",9,167,165,164,1327181,1150565,27022,617,"",2.11,1.39,1.37,1.36,1.14,1.50,1.10,0.83,"",0,0.0,18,12.1,16,10.7,10,6.5,44719,3.5,69130,6.4,-10949,-28.8,-38,-5.8
"36121","5","4411","76","0","2016","2","","Wyoming County, New York","Private","NAICS 4411 Automobile dealers","County, NAICS 4-digit -- by ownership sector","All establishment sizes",9,161,165,163,1462975,415515,9642,690,"",2.12,1.32,1.32,1.29,1.09,1.48,0.95,0.83,"",0,0.0,4,2.5,7,4.4,4,2.5,23226,1.6,62549,17.7,-2430,-20.1,-11,-1.6
"36121","5","4411","76","0","2016","3","","Wyoming County, New York","Private","NAICS 4411 Automobile dealers","County, NAICS 4-digit -- by ownership sector","All establishment sizes",9,162,161,158,1532356,155977,4152,735,"",2.13,1.33,1.32,1.27,1.15,1.10,0.84,0.88,"",0,0.0,1,0.6,-2,-1.2,-4,-2.5,38873,2.6,6517,4.4,-1050,-20.2,26,3.7
"36121","5","4411","76","0","2016","4","","Wyoming County, New York","Private","NAICS 4411 Automobile dealers","County, NAICS 4-digit -- by ownership sector","All establishment sizes",9,162,170,170,1456040,118965,3110,669,"",2.13,1.30,1.41,1.42,1.13,1.25,0.98,0.82,"",0,0.0,-4,-2.4,2,1.2,1,0.6,-114614,-7.3,-472,-0.4,-886,-22.2,-52,-7.2
"36121","5","44111","77","0","2016","1","N","Wyoming County, New York","Private","NAICS 44111 New car dealers","County, NAICS 5-digit -- by ownership sector","All establishment sizes",8,0,0,0,0,0,0,0,"N",4.28,0,0,0,0,0,0,0,"N",0,0.0,0,0,0,0,0,0,0,0,0,0,0,0,0,0
"36121","5","44111","77","0","2016","2","N","Wyoming County, New York","Private","NAICS 44111 New car dealers","County, NAICS 5-digit -- by ownership sector","All establishment sizes",8,0,0,0,0,0,0,0,"N",4.30,0,0,0,0,0,0,0,"N",0,0.0,0,0,0,0,0,0,0,0,0,0,0,0,0,0
"36121","5","44111","77","0","2016","3","N","Wyoming County, New York","Private","NAICS 44111 New car dealers","County, NAICS 5-digit -- by ownership sector","All establishment sizes",8,0,0,0,0,0,0,0,"N",4.32,0,0,0,0,0,0,0,"N",0,0.0,0,0,0,0,0,0,0,0,0,0,0,0,0,0
"36121","5","44111","77","0","2016","4","N","Wyoming County, New York","Private","NAICS 44111 New car dealers","County, NAICS 5-digit -- by ownership sector","All establishment sizes",8,0,0,0,0,0,0,0,"N",4.34,0,0,0,0,0,0,0,"N",0,0.0,0,0,0,0,0,0,0,0,0,0,0,0,0,0
"36121","5","441110","78","0","2016","1","N","Wyoming County, New York","Private","NAICS 441110 New car dealers","County, NAICS 6-digit -- by ownership sector","All establishment sizes",8,0,0,0,0,0,0,0,"N",4.28,0,0,0,0,0,0,0,"N",0,0.0,0,0,0,0,0,0,0,0,0,0,0,0,0,0
"36121","5","441110","78","0","2016","2","N","Wyoming County, New York","Private","NAICS 441110 New car dealers","County, NAICS 6-digit -- by ownership sector","All establishment sizes",8,0,0,0,0,0,0,0,"N",4.30,0,0,0,0,0,0,0,"N",0,0.0,0,0,0,0,0,0,0,0,0,0,0,0,0,0
"36121","5","441110","78","0","2016","3","N","Wyoming County, New York","Private","NAICS 441110 New car dealers","County, NAICS 6-digit -- by ownership sector","All establishment sizes",8,0,0,0,0,0,0,0,"N",4.32,0,0,0,0,0,0,0,"N",0,0.0,0,0,0,0,0,0,0,0,0,0,0,0,0,0
"36121","5","441110","78","0","2016","4","N","Wyoming County, New York","Private","NAICS 441110 New car dealers","County, NAICS 6-digit -- by ownership sector","All establishment sizes",8,0,0,0,0,0,0,0,"N",4.34,0,0,0,0,0,0,0,"N",0,0.0,0,0,0,0,0,0,0,0,0,0,0,0,0,0
"36121","5","44112","77","0","2016","1","N","Wyoming County, New York","Private","NAICS 44112 Used car dealers","County, NAICS 5-digit -- by ownership sector","All establishment sizes",1,0,0,0,0,0,0,0,"N",0.42,0,0,0,0,0,0,0,"N",0,0.0,0,0,0,0,0,0,0,0,0,0,0,0,0,0
"36121","5","44112","77","0","2016","2","N","Wyoming County, New York","Private","NAICS 44112 Used car dealers","County, NAICS 5-digit -- by ownership sector","All establishment sizes",1,0,0,0,0,0,0,0,"N",0.42,0,0,0,0,0,0,0,"N",0,0.0,0,0,0,0,0,0,0,0,0,0,0,0,0,0
"36121","5","44112","77","0","2016","3","N","Wyoming County, New York","Private","NAICS 44112 Used car dealers","County, NAICS 5-digit -- by ownership sector","All establishment sizes",1,0,0,0,0,0,0,0,"N",0.42,0,0,0,0,0,0,0,"N",0,0.0,0,0,0,0,0,0,0,0,0,0,0,0,0,0
"36121","5","44112","77","0","2016","4","N","Wyoming County, New York","Private","NAICS 44112 Used car dealers","County, NAICS 5-digit -- by ownership sector","All establishment sizes",1,0,0,0,0,0,0,0,"N",0.42,0,0,0,0,0,0,0,"N",0,0.0,0,0,0,0,0,0,0,0,0,0,0,0,0,0
"36121","5","441120","78","0","2016","1","N","Wyoming County, New York","Private","NAICS 441120 Used car dealers","County, NAICS 6-digit -- by ownership sector","All establishment sizes",1,0,0,0,0,0,0,0,"N",0.42,0,0,0,0,0,0,0,"N",0,0.0,0,0,0,0,0,0,0,0,0,0,0,0,0,0
"36121","5","441120","78","0","2016","2","N","Wyoming County, New York","Private","NAICS 441120 Used car dealers","County, NAICS 6-digit -- by ownership sector","All establishment sizes",1,0,0,0,0,0,0,0,"N",0.42,0,0,0,0,0,0,0,"N",0,0.0,0,0,0,0,0,0,0,0,0,0,0,0,0,0
"36121","5","441120","78","0","2016","3","N","Wyoming County, New York","Private","NAICS 441120 Used car dealers","County, NAICS 6-digit -- by ownership sector","All establishment sizes",1,0,0,0,0,0,0,0,"N",0.42,0,0,0,0,0,0,0,"N",0,0.0,0,0,0,0,0,0,0,0,0,0,0,0,0,0
"36121","5","441120","78","0","2016","4","N","Wyoming County, New York","Private","NAICS 441120 Used car dealers","County, NAICS 6-digit -- by ownership sector","All establishment sizes",1,0,0,0,0,0,0,0,"N",0.42,0,0,0,0,0,0,0,"N",0,0.0,0,0,0,0,0,0,0,0,0,0,0,0,0,0
"36121","5","4412","76","0","2016","1","N","Wyoming County, New York","Private","NAICS 4412 Other motor vehicle dealers","County, NAICS 4-digit -- by ownership sector","All establishment sizes",2,0,0,0,0,0,0,0,"N",1.53,0,0,0,0,0,0,0,"N",0,0.0,0,0,0,0,0,0,0,0,0,0,0,0,0,0
"36121","5","4412","76","0","2016","2","N","Wyoming County, New York","Private","NAICS 4412 Other motor vehicle dealers","County, NAICS 4-digit -- by ownership sector","All establishment sizes",2,0,0,0,0,0,0,0,"N",1.53,0,0,0,0,0,0,0,"N",0,0.0,0,0,0,0,0,0,0,0,0,0,0,0,0,0
"36121","5","4412","76","0","2016","3","N","Wyoming County, New York","Private","NAICS 4412 Other motor vehicle dealers","County, NAICS 4-digit -- by ownership sector","All establishment sizes",2,0,0,0,0,0,0,0,"N",1.55,0,0,0,0,0,0,0,"N",0,0.0,0,0,0,0,0,0,0,0,0,0,0,0,0,0
"36121","5","4412","76","0","2016","4","N","Wyoming County, New York","Private","NAICS 4412 Other motor vehicle dealers","County, NAICS 4-digit -- by ownership sector","All establishment sizes",2,0,0,0,0,0,0,0,"N",1.56,0,0,0,0,0,0,0,"N",0,0.0,0,0,0,0,0,0,0,0,0,0,0,0,0,0
"36121","5","44122","77","0","2016","1","N","Wyoming County, New York","Private","NAICS 44122 Motorcycle, boat, and other vehicle dealers","County, NAICS 5-digit -- by ownership sector","All establishment sizes",2,0,0,0,0,0,0,0,"N",1.85,0,0,0,0,0,0,0,"N",0,0.0,0,0,0,0,0,0,0,0,0,0,0,0,0,0
"36121","5","44122","77","0","2016","2","N","Wyoming County, New York","Private","NAICS 44122 Motorcycle, boat, and other vehicle dealers","County, NAICS 5-digit -- by ownership sector","All establishment sizes",2,0,0,0,0,0,0,0,"N",1.87,0,0,0,0,0,0,0,"N",0,0.0,0,0,0,0,0,0,0,0,0,0,0,0,0,0
"36121","5","44122","77","0","2016","3","N","Wyoming County, New York","Private","NAICS 44122 Motorcycle, boat, and other vehicle dealers","County, NAICS 5-digit -- by ownership sector","All establishment sizes",2,0,0,0,0,0,0,0,"N",1.88,0,0,0,0,0,0,0,"N",0,0.0,0,0,0,0,0,0,0,0,0,0,0,0,0,0
"36121","5","44122","77","0","2016","4","N","Wyoming County, New York","Private","NAICS 44122 Motorcycle, boat, and other vehicle dealers","County, NAICS 5-digit -- by ownership sector","All establishment sizes",2,0,0,0,0,0,0,0,"N",1.90,0,0,0,0,0,0,0,"N",0,0.0,0,0,0,0,0,0,0,0,0,0,0,0,0,0
"36121","5","441222","78","0","2016","1","N","Wyoming County, New York","Private","NAICS 441222 Boat dealers","County, NAICS 6-digit -- by ownership sector","All establishment sizes",1,0,0,0,0,0,0,0,"N",2.39,0,0,0,0,0,0,0,"N",0,0.0,0,0,0,0,0,0,0,0,0,0,0,0,0,0
"36121","5","441222","78","0","2016","2","N","Wyoming County, New York","Private","NAICS 441222 Boat dealers","County, NAICS 6-digit -- by ownership sector","All establishment sizes",1,0,0,0,0,0,0,0,"N",2.42,0,0,0,0,0,0,0,"N",0,0.0,0,0,0,0,0,0,0,0,0,0,0,0,0,0
"36121","5","441222","78","0","2016","3","N","Wyoming County, New York","Private","NAICS 441222 Boat dealers","County, NAICS 6-digit -- by ownership sector","All establishment sizes",1,0,0,0,0,0,0,0,"N",2.45,0,0,0,0,0,0,0,"N",0,0.0,0,0,0,0,0,0,0,0,0,0,0,0,0,0
"36121","5","441222","78","0","2016","4","N","Wyoming County, New York","Private","NAICS 441222 Boat dealers","County, NAICS 6-digit -- by ownership sector","All establishment sizes",1,0,0,0,0,0,0,0,"N",2.47,0,0,0,0,0,0,0,"N",0,0.0,0,0,0,0,0,0,0,0,0,0,0,0,0,0
"36121","5","441228","78","0","2016","1","N","Wyoming County, New York","Private","NAICS 441228 Motorcycle, atv, and other vehicle dealers","County, NAICS 6-digit -- by ownership sector","All establishment sizes",1,0,0,0,0,0,0,0,"N",1.51,0,0,0,0,0,0,0,"N",0,0.0,0,0,0,0,0,0,0,0,0,0,0,0,0,0
"36121","5","441228","78","0","2016","2","N","Wyoming County, New York","Private","NAICS 441228 Motorcycle, atv, and other vehicle dealers","County, NAICS 6-digit -- by ownership sector","All establishment sizes",1,0,0,0,0,0,0,0,"N",1.52,0,0,0,0,0,0,0,"N",0,0.0,0,0,0,0,0,0,0,0,0,0,0,0,0,0
"36121","5","441228","78","0","2016","3","N","Wyoming County, New York","Private","NAICS 441228 Motorcycle, atv, and other vehicle dealers","County, NAICS 6-digit -- by ownership sector","All establishment sizes",1,0,0,0,0,0,0,0,"N",1.53,0,0,0,0,0,0,0,"N",0,0.0,0,0,0,0,0,0,0,0,0,0,0,0,0,0
"36121","5","441228","78","0","2016","4","N","Wyoming County, New York","Private","NAICS 441228 Motorcycle, atv, and other vehicle dealers","County, NAICS 6-digit -- by ownership sector","All establishment sizes",1,0,0,0,0,0,0,0,"N",1.54,0,0,0,0,0,0,0,"N",0,0.0,0,0,0,0,0,0,0,0,0,0,0,0,0,0
"36121","5","4413","76","0","2016","1","N","Wyoming County, New York","Private","NAICS 4413 Auto parts, accessories, and tire stores","County, NAICS 4-digit -- by ownership sector","All establishment sizes",10,0,0,0,0,0,0,0,"N",1.91,0,0,0,0,0,0,0,"N",1,11.1,0,0,0,0,0,0,0,0,0,0,0,0,0,0
"36121","5","4413","76","0","2016","2","N","Wyoming County, New York","Private","NAICS 4413 Auto parts, accessories, and tire stores","County, NAICS 4-digit -- by ownership sector","All establishment sizes",10,0,0,0,0,0,0,0,"N",1.92,0,0,0,0,0,0,0,"N",1,11.1,0,0,0,0,0,0,0,0,0,0,0,0,0,0
"36121","5","4413","76","0","2016","3","N","Wyoming County, New York","Private","NAICS 4413 Auto parts, accessories, and tire stores","County, NAICS 4-digit -- by ownership sector","All establishment sizes",12,0,0,0,0,0,0,0,"N",2.31,0,0,0,0,0,0,0,"N",3,33.3,0,0,0,0,0,0,0,0,0,0,0,0,0,0
"36121","5","4413","76","0","2016","4","N","Wyoming County, New York","Private","NAICS 4413 Auto parts, accessories, and tire stores","County, NAICS 4-digit -- by ownership sector","All establishment sizes",11,0,0,0,0,0,0,0,"N",2.12,0,0,0,0,0,0,0,"N",2,22.2,0,0,0,0,0,0,0,0,0,0,0,0,0,0
"36121","5","44131","77","0","2016","1","","Wyoming County, New York","Private","NAICS 44131 Automotive parts and accessories stores","County, NAICS 5-digit -- by ownership sector","All establishment sizes",7,85,85,93,536428,512606,9125,471,"",2.06,2.48,2.47,2.66,2.98,3.44,2.57,1.18,"",1,16.7,-2,-2.3,-6,-6.6,4,4.5,60633,12.7,55302,12.1,-1153,-11.2,60,14.6
"36121","5","44131","77","0","2016","2","","Wyoming County, New York","Private","NAICS 44131 Automotive parts and accessories stores","County, NAICS 5-digit -- by ownership sector","All establishment sizes",7,94,93,85,561729,247384,4476,477,"",2.07,2.66,2.57,2.34,2.73,3.07,2.11,1.08,"",1,16.7,7,8.0,4,4.5,-3,-3.4,24410,4.5,-567,-0.2,-1163,-20.6,7,1.5
"36121","5","44131","77","0","2016","3","","Wyoming County, New York","Private","NAICS 44131 Automotive parts and accessories stores","County, NAICS 5-digit -- by ownership sector","All establishment sizes",9,86,87,87,543700,128825,2340,483,"",2.67,2.45,2.49,2.44,2.63,3.03,2.25,1.07,"",3,50.0,-3,-3.4,2,2.4,3,3.6,-20605,-3.7,7655,6.3,-458,-16.4,-22,-4.4
"36121","5","44131","77","0","2016","4","","Wyoming County, New York","Private","NAICS 44131 Automotive parts and accessories stores","County, NAICS 5-digit -- by ownership sector","All establishment sizes",8,81,81,79,550815,75062,1377,527,"",2.37,2.28,2.35,2.31,2.83,2.79,2.24,1.22,"",2,33.3,-3,-3.6,-2,-2.4,-4,-4.8,-50533,-8.4,-9134,-10.8,-607,-30.6,-28,-5.0
"36121","5","441310","78","0","2016","1","","Wyoming County, New York","Private","NAICS 441310 Automotive parts and accessories stores","County, NAICS 6-digit -- by ownership sector","All establishment sizes",7,85,85,93,536428,512606,9125,471,"",2.06,2.48,2.47,2.66,2.98,3.44,2.57,1.18,"",1,16.7,-2,-2.3,-6,-6.6,4,4.5,60633,12.7,55302,12.1,-1153,-11.2,60,14.6
"36121","5","441310","78","0","2016","2","","Wyoming County, New York","Private","NAICS 441310 Automotive parts and accessories stores","County, NAICS 6-digit -- by ownership sector","All establishment sizes",7,94,93,85,561729,247384,4476,477,"",2.07,2.66,2.57,2.34,2.73,3.07,2.11,1.08,"",1,16.7,7,8.0,4,4.5,-3,-3.4,24410,4.5,-567,-0.2,-1163,-20.6,7,1.5
"36121","5","441310","78","0","2016","3","","Wyoming County, New York","Private","NAICS 441310 Automotive parts and accessories stores","County, NAICS 6-digit -- by ownership sector","All establishment sizes",9,86,87,87,543700,128825,2340,483,"",2.67,2.45,2.49,2.44,2.63,3.03,2.25,1.07,"",3,50.0,-3,-3.4,2,2.4,3,3.6,-20605,-3.7,7655,6.3,-458,-16.4,-22,-4.4
"36121","5","441310","78","0","2016","4","","Wyoming County, New York","Private","NAICS 441310 Automotive parts and accessories stores","County, NAICS 6-digit -- by ownership sector","All establishment sizes",8,81,81,79,550815,75062,1377,527,"",2.37,2.28,2.35,2.31,2.83,2.79,2.24,1.22,"",2,33.3,-3,-3.6,-2,-2.4,-4,-4.8,-50533,-8.4,-9134,-10.8,-607,-30.6,-28,-5.0
"36121","5","44132","77","0","2016","1","N","Wyoming County, New York","Private","NAICS 44132 Tire dealers","County, NAICS 5-digit -- by ownership sector","All establishment sizes",3,0,0,0,0,0,0,0,"N",1.63,0,0,0,0,0,0,0,"N",0,0.0,0,0,0,0,0,0,0,0,0,0,0,0,0,0
"36121","5","44132","77","0","2016","2","N","Wyoming County, New York","Private","NAICS 44132 Tire dealers","County, NAICS 5-digit -- by ownership sector","All establishment sizes",3,0,0,0,0,0,0,0,"N",1.63,0,0,0,0,0,0,0,"N",0,0.0,0,0,0,0,0,0,0,0,0,0,0,0,0,0
"36121","5","44132","77","0","2016","3","N","Wyoming County, New York","Private","NAICS 44132 Tire dealers","County, NAICS 5-digit -- by ownership sector","All establishment sizes",3,0,0,0,0,0,0,0,"N",1.64,0,0,0,0,0,0,0,"N",0,0.0,0,0,0,0,0,0,0,0,0,0,0,0,0,0
"36121","5","44132","77","0","2016","4","N","Wyoming County, New York","Private","NAICS 44132 Tire dealers","County, NAICS 5-digit -- by ownership sector","All establishment sizes",3,0,0,0,0,0,0,0,"N",1.65,0,0,0,0,0,0,0,"N",0,0.0,0,0,0,0,0,0,0,0,0,0,0,0,0,0
"36121","5","441320","78","0","2016","1","N","Wyoming County, New York","Private","NAICS 441320 Tire dealers","County, NAICS 6-digit -- by ownership sector","All establishment sizes",3,0,0,0,0,0,0,0,"N",1.63,0,0,0,0,0,0,0,"N",0,0.0,0,0,0,0,0,0,0,0,0,0,0,0,0,0
"36121","5","441320","78","0","2016","2","N","Wyoming County, New York","Private","NAICS 441320 Tire dealers","County, NAICS 6-digit -- by ownership sector","All establishment sizes",3,0,0,0,0,0,0,0,"N",1.63,0,0,0,0,0,0,0,"N",0,0.0,0,0,0,0,0,0,0,0,0,0,0,0,0,0
"36121","5","441320","78","0","2016","3","N","Wyoming County, New York","Private","NAICS 441320 Tire dealers","County, NAICS 6-digit -- by ownership sector","All establishment sizes",3,0,0,0,0,0,0,0,"N",1.64,0,0,0,0,0,0,0,"N",0,0.0,0,0,0,0,0,0,0,0,0,0,0,0,0,0
"36121","5","441320","78","0","2016","4","N","Wyoming County, New York","Private","NAICS 441320 Tire dealers","County, NAICS 6-digit -- by ownership sector","All establishment sizes",3,0,0,0,0,0,0,0,"N",1.65,0,0,0,0,0,0,0,"N",0,0.0,0,0,0,0,0,0,0,0,0,0,0,0,0,0
"36121","5","442","75","0","2016","1","","Wyoming County, New York","Private","NAICS 442 Furniture and home furnishings stores","County, NAICS 3-digit -- by ownership sector","All establishment sizes",5,46,45,43,458109,349367,8691,789,"",1.13,1.03,1.02,0.97,1.68,1.65,1.34,1.67,"",0,0.0,2,4.5,1,2.3,-2,-4.4,11646,2.6,9285,2.7,-2847,-24.7,14,1.8
"36121","5","442","75","0","2016","2","","Wyoming County, New York","Private","NAICS 442 Furniture and home furnishings stores","County, NAICS 3-digit -- by ownership sector","All establishment sizes",6,46,49,47,567758,114315,2515,923,"",1.37,1.04,1.08,1.03,1.84,1.20,0.79,1.75,"",1,20.0,2,4.5,3,6.5,-1,-2.1,125159,28.3,-7200,-5.9,-1332,-34.6,183,24.7
"36121","5","442","75","0","2016","3","","Wyoming County, New York","Private","NAICS 442 Furniture and home furnishings stores","County, NAICS 3-digit -- by ownership sector","All establishment sizes",6,48,49,52,609803,59667,1397,944,"",1.38,1.09,1.11,1.16,1.96,1.18,0.89,1.75,"",1,20.0,0,0.0,2,4.3,5,10.6,46006,8.2,-16173,-21.3,-1099,-44.0,28,3.1
"36121","5","442","75","0","2016","4","","Wyoming County, New York","Private","NAICS 442 Furniture and home furnishings stores","County, NAICS 3-digit -- by ownership sector","All establishment sizes",6,52,52,50,548605,63813,1663,822,"",1.38,1.14,1.15,1.10,1.75,1.75,1.58,1.55,"",1,20.0,5,10.6,10,23.8,4,8.7,-25394,-4.4,24606,62.8,543,48.5,-159,-16.2
"36121","5","4421","76","0","2016","1","N","Wyoming County, New York","Private","NAICS 4421 Furniture stores","County, NAICS 4-digit -- by ownership sector","All establishment sizes",3,0,0,0,0,0,0,0,"N",1.47,0,0,0,0,0,0,0,"N",0,0.0,0,0,0,0,0,0,0,0,0,0,0,0,0,0
"36121","5","4421","76","0","2016","2","N","Wyoming County, New York","Private","NAICS 4421 Furniture stores","County, NAICS 4-digit -- by ownership sector","All establishment sizes",3,0,0,0,0,0,0,0,"N",1.48,0,0,0,0,0,0,0,"N",0,0.0,0,0,0,0,0,0,0,0,0,0,0,0,0,0
"36121","5","4421","76","0","2016","3","","Wyoming County, New York","Private","NAICS 4421 Furniture stores","County, NAICS 4-digit -- by ownership sector","All establishment sizes",3,19,19,21,265709,20579,350,1039,"",1.49,0.90,0.90,0.97,1.54,0.82,0.43,1.67,"N",0,0.0,0,0,0,0,0,0,0,0,0,0,0,0,0,0
"36121","5","4421","76","0","2016","4","","Wyoming County, New York","Private","NAICS 4421 Furniture stores","County, NAICS 4-digit -- by ownership sector","All establishment sizes",3,21,22,22,172007,16611,282,611,"",1.49,0.97,1.05,1.05,1.01,0.98,0.52,0.99,"N",0,0.0,0,0,0,0,0,0,0,0,0,0,0,0,0,0
"36121","5","44211","77","0","2016","1","N","Wyoming County, New York","Private","NAICS 44211 Furniture stores","County, NAICS 5-digit -- by ownership sector","All establishment sizes",3,0,0,0,0,0,0,0,"N",1.47,0,0,0,0,0,0,0,"N",0,0.0,0,0,0,0,0,0,0,0,0,0,0,0,0,0
"36121","5","44211","77","0","2016","2","N","Wyoming County, New York","Private","NAICS 44211 Furniture stores","County, NAICS 5-digit -- by ownership sector","All establishment sizes",3,0,0,0,0,0,0,0,"N",1.48,0,0,0,0,0,0,0,"N",0,0.0,0,0,0,0,0,0,0,0,0,0,0,0,0,0
"36121","5","44211","77","0","2016","3","","Wyoming County, New York","Private","NAICS 44211 Furniture stores","County, NAICS 5-digit -- by ownership sector","All establishment sizes",3,19,19,21,265709,20579,350,1039,"",1.49,0.90,0.90,0.97,1.54,0.82,0.43,1.67,"N",0,0.0,0,0,0,0,0,0,0,0,0,0,0,0,0,0
"36121","5","44211","77","0","2016","4","","Wyoming County, New York","Private","NAICS 44211 Furniture stores","County, NAICS 5-digit -- by ownership sector","All establishment sizes",3,21,22,22,172007,16611,282,611,"",1.49,0.97,1.05,1.05,1.01,0.98,0.52,0.99,"N",0,0.0,0,0,0,0,0,0,0,0,0,0,0,0,0,0
"36121","5","442110","78","0","2016","1","N","Wyoming County, New York","Private","NAICS 442110 Furniture stores","County, NAICS 6-digit -- by ownership sector","All establishment sizes",3,0,0,0,0,0,0,0,"N",1.47,0,0,0,0,0,0,0,"N",0,0.0,0,0,0,0,0,0,0,0,0,0,0,0,0,0
"36121","5","442110","78","0","2016","2","N","Wyoming County, New York","Private","NAICS 442110 Furniture stores","County, NAICS 6-digit -- by ownership sector","All establishment sizes",3,0,0,0,0,0,0,0,"N",1.48,0,0,0,0,0,0,0,"N",0,0.0,0,0,0,0,0,0,0,0,0,0,0,0,0,0
"36121","5","442110","78","0","2016","3","","Wyoming County, New York","Private","NAICS 442110 Furniture stores","County, NAICS 6-digit -- by ownership sector","All establishment sizes",3,19,19,21,265709,20579,350,1039,"",1.49,0.90,0.90,0.97,1.54,0.82,0.43,1.67,"N",0,0.0,0,0,0,0,0,0,0,0,0,0,0,0,0,0
"36121","5","442110","78","0","2016","4","","Wyoming County, New York","Private","NAICS 442110 Furniture stores","County, NAICS 6-digit -- by ownership sector","All establishment sizes",3,21,22,22,172007,16611,282,611,"",1.49,0.97,1.05,1.05,1.01,0.98,0.52,0.99,"N",0,0.0,0,0,0,0,0,0,0,0,0,0,0,0,0,0
"36121","5","4422","76","0","2016","1","N","Wyoming County, New York","Private","NAICS 4422 Home furnishings stores","County, NAICS 4-digit -- by ownership sector","All establishment sizes",2,0,0,0,0,0,0,0,"N",0.84,0,0,0,0,0,0,0,"N",0,0.0,0,0,0,0,0,0,0,0,0,0,0,0,0,0
"36121","5","4422","76","0","2016","2","N","Wyoming County, New York","Private","NAICS 4422 Home furnishings stores","County, NAICS 4-digit -- by ownership sector","All establishment sizes",3,0,0,0,0,0,0,0,"N",1.28,0,0,0,0,0,0,0,"N",1,50.0,0,0,0,0,0,0,0,0,0,0,0,0,0,0
"36121","5","4422","76","0","2016","3","","Wyoming County, New York","Private","NAICS 4422 Home furnishings stores","County, NAICS 4-digit -- by ownership sector","All establishment sizes",3,29,30,31,344094,39088,1047,882,"",1.28,1.27,1.31,1.33,2.49,1.53,1.40,1.91,"N",1,50.0,0,0,0,0,0,0,0,0,0,0,0,0,0,0
"36121","5","4422","76","0","2016","4","","Wyoming County, New York","Private","NAICS 4422 Home furnishings stores","County, NAICS 4-digit -- by ownership sector","All establishment sizes",3,31,30,28,376598,47202,1381,976,"",1.29,1.29,1.24,1.14,2.62,2.42,2.68,2.14,"N",1,50.0,0,0,0,0,0,0,0,0,0,0,0,0,0,0
"36121","5","44221","77","0","2016","1","N","Wyoming County, New York","Private","NAICS 44221 Floor covering stores","County, NAICS 5-digit -- by ownership sector","All establishment sizes",1,0,0,0,0,0,0,0,"N",1.04,0,0,0,0,0,0,0,"N",0,0.0,0,0,0,0,0,0,0,0,0,0,0,0,0,0
"36121","5","44221","77","0","2016","2","N","Wyoming County, New York","Private","NAICS 44221 Floor covering stores","County, NAICS 5-digit -- by ownership sector","All establishment sizes",2,0,0,0,0,0,0,0,"N",2.10,0,0,0,0,0,0,0,"N",1,100.0,0,0,0,0,0,0,0,0,0,0,0,0,0,0
"36121","5","44221","77","0","2016","3","N","Wyoming County, New York","Private","NAICS 44221 Floor covering stores","County, NAICS 5-digit -- by ownership sector","All establishment sizes",2,0,0,0,0,0,0,0,"N",2.11,0,0,0,0,0,0,0,"N",1,100.0,0,0,0,0,0,0,0,0,0,0,0,0,0,0
"36121","5","44221","77","0","2016","4","N","Wyoming County, New York","Private","NAICS 44221 Floor covering stores","County, NAICS 5-digit -- by ownership sector","All establishment sizes",2,0,0,0,0,0,0,0,"N",2.13,0,0,0,0,0,0,0,"N",1,100.0,0,0,0,0,0,0,0,0,0,0,0,0,0,0
"36121","5","442210","78","0","2016","1","N","Wyoming County, New York","Private","NAICS 442210 Floor covering stores","County, NAICS 6-digit -- by ownership sector","All establishment sizes",1,0,0,0,0,0,0,0,"N",1.04,0,0,0,0,0,0,0,"N",0,0.0,0,0,0,0,0,0,0,0,0,0,0,0,0,0
"36121","5","442210","78","0","2016","2","N","Wyoming County, New York","Private","NAICS 442210 Floor covering stores","County, NAICS 6-digit -- by ownership sector","All establishment sizes",2,0,0,0,0,0,0,0,"N",2.10,0,0,0,0,0,0,0,"N",1,100.0,0,0,0,0,0,0,0,0,0,0,0,0,0,0
"36121","5","442210","78","0","2016","3","N","Wyoming County, New York","Private","NAICS 442210 Floor covering stores","County, NAICS 6-digit -- by ownership sector","All establishment sizes",2,0,0,0,0,0,0,0,"N",2.11,0,0,0,0,0,0,0,"N",1,100.0,0,0,0,0,0,0,0,0,0,0,0,0,0,0
"36121","5","442210","78","0","2016","4","N","Wyoming County, New York","Private","NAICS 442210 Floor covering stores","County, NAICS 6-digit -- by ownership sector","All establishment sizes",2,0,0,0,0,0,0,0,"N",2.13,0,0,0,0,0,0,0,"N",1,100.0,0,0,0,0,0,0,0,0,0,0,0,0,0,0
"36121","5","44229","77","0","2016","1","N","Wyoming County, New York","Private","NAICS 44229 Other home furnishings stores","County, NAICS 5-digit -- by ownership sector","All establishment sizes",1,0,0,0,0,0,0,0,"N",0.71,0,0,0,0,0,0,0,"N",0,0.0,0,0,0,0,0,0,0,0,0,0,0,0,0,0
"36121","5","44229","77","0","2016","2","N","Wyoming County, New York","Private","NAICS 44229 Other home furnishings stores","County, NAICS 5-digit -- by ownership sector","All establishment sizes",1,0,0,0,0,0,0,0,"N",0.71,0,0,0,0,0,0,0,"N",0,0.0,0,0,0,0,0,0,0,0,0,0,0,0,0,0
"36121","5","44229","77","0","2016","3","N","Wyoming County, New York","Private","NAICS 44229 Other home furnishings stores","County, NAICS 5-digit -- by ownership sector","All establishment sizes",1,0,0,0,0,0,0,0,"N",0.72,0,0,0,0,0,0,0,"N",0,0.0,0,0,0,0,0,0,0,0,0,0,0,0,0,0
"36121","5","44229","77","0","2016","4","N","Wyoming County, New York","Private","NAICS 44229 Other home furnishings stores","County, NAICS 5-digit -- by ownership sector","All establishment sizes",1,0,0,0,0,0,0,0,"N",0.72,0,0,0,0,0,0,0,"N",0,0.0,0,0,0,0,0,0,0,0,0,0,0,0,0,0
"36121","5","442299","78","0","2016","1","N","Wyoming County, New York","Private","NAICS 442299 All other home furnishings stores","County, NAICS 6-digit -- by ownership sector","All establishment sizes",1,0,0,0,0,0,0,0,"N",0.83,0,0,0,0,0,0,0,"N",0,0.0,0,0,0,0,0,0,0,0,0,0,0,0,0,0
"36121","5","442299","78","0","2016","2","N","Wyoming County, New York","Private","NAICS 442299 All other home furnishings stores","County, NAICS 6-digit -- by ownership sector","All establishment sizes",1,0,0,0,0,0,0,0,"N",0.84,0,0,0,0,0,0,0,"N",0,0.0,0,0,0,0,0,0,0,0,0,0,0,0,0,0
"36121","5","442299","78","0","2016","3","N","Wyoming County, New York","Private","NAICS 442299 All other home furnishings stores","County, NAICS 6-digit -- by ownership sector","All establishment sizes",1,0,0,0,0,0,0,0,"N",0.84,0,0,0,0,0,0,0,"N",0,0.0,0,0,0,0,0,0,0,0,0,0,0,0,0,0
"36121","5","442299","78","0","2016","4","N","Wyoming County, New York","Private","NAICS 442299 All other home furnishings stores","County, NAICS 6-digit -- by ownership sector","All establishment sizes",1,0,0,0,0,0,0,0,"N",0.84,0,0,0,0,0,0,0,"N",0,0.0,0,0,0,0,0,0,0,0,0,0,0,0,0,0
"36121","5","443","75","0","2016","1","","Wyoming County, New York","Private","NAICS 443 Electronics and appliance stores","County, NAICS 3-digit -- by ownership sector","All establishment sizes",4,23,16,22,107862,107862,1868,408,"",0.90,0.45,0.32,0.44,0.26,0.41,0.21,0.63,"",0,0.0,3,15.0,-5,-23.8,0,0.0,-13566,-11.2,-13566,-11.2,-1105,-37.2,-37,-8.3
"36121","5","443","75","0","2016","2","","Wyoming County, New York","Private","NAICS 443 Electronics and appliance stores","County, NAICS 3-digit -- by ownership sector","All establishment sizes",4,21,21,21,108660,72187,1255,398,"",0.91,0.43,0.42,0.42,0.25,0.73,0.36,0.60,"N",0,0.0,0,0,0,0,0,0,0,0,0,0,0,0,0,0
"36121","5","443","75","0","2016","3","","Wyoming County, New York","Private","NAICS 443 Electronics and appliance stores","County, NAICS 3-digit -- by ownership sector","All establishment sizes",4,21,21,22,107799,31688,558,389,"",0.91,0.43,0.43,0.44,0.25,0.61,0.32,0.58,"",0,0.0,-1,-4.5,-1,-4.5,-2,-8.3,-24752,-18.7,13653,75.7,44,8.6,-61,-13.6
"36121","5","443","75","0","2016","4","","Wyoming County, New York","Private","NAICS 443 Electronics and appliance stores","County, NAICS 3-digit -- by ownership sector","All establishment sizes",3,17,17,18,128552,11440,201,570,"",0.69,0.34,0.34,0.36,0.30,0.30,0.17,0.87,"",-1,-25.0,-7,-29.2,-7,-29.2,-6,-25.0,-20374,-13.7,-10317,-47.4,-375,-65.1,93,19.5
"36121","5","4431","76","0","2016","1","","Wyoming County, New York","Private","NAICS 4431 Electronics and appliance stores","County, NAICS 4-digit -- by ownership sector","All establishment sizes",4,23,16,22,107862,107862,1868,408,"",0.90,0.45,0.32,0.44,0.26,0.41,0.21,0.63,"",0,0.0,3,15.0,-5,-23.8,0,0.0,-13566,-11.2,-13566,-11.2,-1105,-37.2,-37,-8.3
"36121","5","4431","76","0","2016","2","","Wyoming County, New York","Private","NAICS 4431 Electronics and appliance stores","County, NAICS 4-digit -- by ownership sector","All establishment sizes",4,21,21,21,108660,72187,1255,398,"",0.91,0.43,0.42,0.42,0.25,0.73,0.36,0.60,"N",0,0.0,0,0,0,0,0,0,0,0,0,0,0,0,0,0
"36121","5","4431","76","0","2016","3","","Wyoming County, New York","Private","NAICS 4431 Electronics and appliance stores","County, NAICS 4-digit -- by ownership sector","All establishment sizes",4,21,21,22,107799,31688,558,389,"",0.91,0.43,0.43,0.44,0.25,0.61,0.32,0.58,"",0,0.0,-1,-4.5,-1,-4.5,-2,-8.3,-24752,-18.7,13653,75.7,44,8.6,-61,-13.6
"36121","5","4431","76","0","2016","4","","Wyoming County, New York","Private","NAICS 4431 Electronics and appliance stores","County, NAICS 4-digit -- by ownership sector","All establishment sizes",3,17,17,18,128552,11440,201,570,"",0.69,0.34,0.34,0.36,0.30,0.30,0.17,0.87,"",-1,-25.0,-7,-29.2,-7,-29.2,-6,-25.0,-20374,-13.7,-10317,-47.4,-375,-65.1,93,19.5
"36121","5","44314","77","0","2016","1","","Wyoming County, New York","Private","NAICS 44314 Electronics and appliance stores","County, NAICS 5-digit -- by ownership sector","All establishment sizes",4,23,16,22,107862,107862,1868,408,"",0.90,0.45,0.32,0.44,0.26,0.41,0.21,0.63,"",0,0.0,3,15.0,-5,-23.8,0,0.0,-13566,-11.2,-13566,-11.2,-1105,-37.2,-37,-8.3
"36121","5","44314","77","0","2016","2","","Wyoming County, New York","Private","NAICS 44314 Electronics and appliance stores","County, NAICS 5-digit -- by ownership sector","All establishment sizes",4,21,21,21,108660,72187,1255,398,"",0.91,0.43,0.42,0.42,0.25,0.73,0.36,0.60,"N",0,0.0,0,0,0,0,0,0,0,0,0,0,0,0,0,0
"36121","5","44314","77","0","2016","3","","Wyoming County, New York","Private","NAICS 44314 Electronics and appliance stores","County, NAICS 5-digit -- by ownership sector","All establishment sizes",4,21,21,22,107799,31688,558,389,"",0.91,0.43,0.43,0.44,0.25,0.61,0.32,0.58,"",0,0.0,-1,-4.5,-1,-4.5,-2,-8.3,-24752,-18.7,13653,75.7,44,8.6,-61,-13.6
"36121","5","44314","77","0","2016","4","","Wyoming County, New York","Private","NAICS 44314 Electronics and appliance stores","County, NAICS 5-digit -- by ownership sector","All establishment sizes",3,17,17,18,128552,11440,201,570,"",0.69,0.34,0.34,0.36,0.30,0.30,0.17,0.87,"",-1,-25.0,-7,-29.2,-7,-29.2,-6,-25.0,-20374,-13.7,-10317,-47.4,-375,-65.1,93,19.5
"36121","5","443141","78","0","2016","1","N","Wyoming County, New York","Private","NAICS 443141 Household appliance stores","County, NAICS 6-digit -- by ownership sector","All establishment sizes",1,0,0,0,0,0,0,0,"N",1.61,0,0,0,0,0,0,0,"N",0,0.0,0,0,0,0,0,0,0,0,0,0,0,0,0,0
"36121","5","443141","78","0","2016","2","N","Wyoming County, New York","Private","NAICS 443141 Household appliance stores","County, NAICS 6-digit -- by ownership sector","All establishment sizes",1,0,0,0,0,0,0,0,"N",1.62,0,0,0,0,0,0,0,"N",0,0.0,0,0,0,0,0,0,0,0,0,0,0,0,0,0
"36121","5","443141","78","0","2016","3","N","Wyoming County, New York","Private","NAICS 443141 Household appliance stores","County, NAICS 6-digit -- by ownership sector","All establishment sizes",1,0,0,0,0,0,0,0,"N",1.65,0,0,0,0,0,0,0,"N",0,0.0,0,0,0,0,0,0,0,0,0,0,0,0,0,0
"36121","5","443141","78","0","2016","4","N","Wyoming County, New York","Private","NAICS 443141 Household appliance stores","County, NAICS 6-digit -- by ownership sector","All establishment sizes",1,0,0,0,0,0,0,0,"N",1.67,0,0,0,0,0,0,0,"N",0,0.0,0,0,0,0,0,0,0,0,0,0,0,0,0,0
"36121","5","443142","78","0","2016","1","N","Wyoming County, New York","Private","NAICS 443142 Electronics stores","County, NAICS 6-digit -- by ownership sector","All establishment sizes",3,0,0,0,0,0,0,0,"N",0.79,0,0,0,0,0,0,0,"N",0,0.0,0,0,0,0,0,0,0,0,0,0,0,0,0,0
"36121","5","443142","78","0","2016","2","N","Wyoming County, New York","Private","NAICS 443142 Electronics stores","County, NAICS 6-digit -- by ownership sector","All establishment sizes",3,0,0,0,0,0,0,0,"N",0.79,0,0,0,0,0,0,0,"N",0,0.0,0,0,0,0,0,0,0,0,0,0,0,0,0,0
"36121","5","443142","78","0","2016","3","N","Wyoming County, New York","Private","NAICS 443142 Electronics stores","County, NAICS 6-digit -- by ownership sector","All establishment sizes",3,0,0,0,0,0,0,0,"N",0.80,0,0,0,0,0,0,0,"N",0,0.0,0,0,0,0,0,0,0,0,0,0,0,0,0,0
"36121","5","443142","78","0","2016","4","N","Wyoming County, New York","Private","NAICS 443142 Electronics stores","County, NAICS 6-digit -- by ownership sector","All establishment sizes",2,0,0,0,0,0,0,0,"N",0.53,0,0,0,0,0,0,0,"N",-1,-33.3,0,0,0,0,0,0,0,0,0,0,0,0,0,0
"36121","5","444","75","0","2016","1","","Wyoming County, New York","Private","NAICS 444 Building material and garden supply stores","County, NAICS 3-digit -- by ownership sector","All establishment sizes",24,223,220,224,2041671,1673260,87219,706,"",3.69,1.96,1.90,1.86,2.92,3.06,5.65,1.53,"",1,4.3,1,0.5,-1,-0.5,-1,-0.4,57822,2.9,46685,2.9,-8563,-8.9,21,3.1
"36121","5","444","75","0","2016","2","","Wyoming County, New York","Private","NAICS 444 Building material and garden supply stores","County, NAICS 3-digit -- by ownership sector","All establishment sizes",24,253,272,275,2660749,831223,49432,768,"",3.71,2.01,2.08,2.09,3.34,2.74,4.83,1.62,"",1,4.3,3,1.2,6,2.3,12,4.6,136625,5.4,64112,8.4,32,0.1,20,2.7
"36121","5","444","75","0","2016","3","","Wyoming County, New York","Private","NAICS 444 Building material and garden supply stores","County, NAICS 3-digit -- by ownership sector","All establishment sizes",25,267,250,245,2381101,277437,10851,721,"",3.89,2.15,2.06,2.01,2.99,1.82,2.36,1.44,"",2,8.7,6,2.3,-2,-0.8,4,1.7,103659,4.6,37647,15.7,-181,-1.6,24,3.4
"36121","5","444","75","0","2016","4","","Wyoming County, New York","Private","NAICS 444 Building material and garden supply stores","County, NAICS 3-digit -- by ownership sector","All establishment sizes",23,246,233,233,2887429,123357,3326,936,"",3.60,2.03,1.99,2.01,3.99,1.48,1.46,1.98,"",0,0.0,1,0.4,-2,-0.9,4,1.7,-333174,-10.3,3488,2.9,-1267,-27.6,-112,-10.7
"36121","5","4441","76","0","2016","1","","Wyoming County, New York","Private","NAICS 4441 Building material and supplies dealers","County, NAICS 4-digit -- by ownership sector","All establishment sizes",12,77,75,78,543807,476305,10001,546,"",2.42,0.76,0.73,0.73,0.87,0.97,0.73,1.17,"",1,9.1,-1,-1.3,-2,-2.6,4,5.4,36172,7.1,28205,6.3,-6622,-39.8,34,6.6
"36121","5","4441","76","0","2016","2","","Wyoming County, New York","Private","NAICS 4441 Building material and supplies dealers","County, NAICS 4-digit -- by ownership sector","All establishment sizes",12,82,83,88,600817,211965,4361,548,"",2.43,0.74,0.73,0.76,0.86,0.81,0.53,1.15,"",1,9.1,4,5.1,8,10.7,11,14.3,85138,16.5,4838,2.3,-1891,-30.2,31,6.0
"36121","5","4441","76","0","2016","3","","Wyoming County, New York","Private","NAICS 4441 Building material and supplies dealers","County, NAICS 4-digit -- by ownership sector","All establishment sizes",12,85,82,85,641716,101194,2023,588,"",2.45,0.78,0.77,0.79,0.91,0.76,0.54,1.16,"",1,9.1,4,4.9,1,1.2,9,11.8,95182,17.4,24307,31.6,-232,-10.3,58,10.9
"36121","5","4441","76","0","2016","4","","Wyoming County, New York","Private","NAICS 4441 Building material and supplies dealers","County, NAICS 4-digit -- by ownership sector","All establishment sizes",12,86,83,85,647173,60224,1230,588,"",2.46,0.81,0.81,0.83,1.01,0.83,0.65,1.24,"",1,9.1,7,8.9,4,5.1,3,3.7,70465,12.2,13439,28.7,-220,-15.2,33,5.9
"36121","5","44411","77","0","2016","1","","Wyoming County, New York","Private","NAICS 44411 Home centers","County, NAICS 5-digit -- by ownership sector","All establishment sizes",6,52,50,52,361260,335243,6654,541,"",6.67,0.84,0.78,0.78,1.07,1.22,0.89,1.35,"",1,20.0,-3,-5.5,-4,-7.4,-2,-3.7,7421,2.1,8339,2.6,-5911,-47.0,40,8.0
"36121","5","44411","77","0","2016","2","","Wyoming County, New York","Private","NAICS 44411 Home centers","County, NAICS 5-digit -- by ownership sector","All establishment sizes",6,55,56,61,437623,145603,2931,587,"",6.72,0.79,0.77,0.84,1.18,0.87,0.56,1.47,"",1,20.0,1,1.9,5,9.8,7,13.0,64985,17.4,-2517,-1.7,-1722,-37.0,46,8.5
"36121","5","44411","77","0","2016","3","","Wyoming County, New York","Private","NAICS 44411 Home centers","County, NAICS 5-digit -- by ownership sector","All establishment sizes",6,58,57,60,486464,82876,1603,641,"",6.76,0.85,0.87,0.91,1.29,0.98,0.69,1.47,"",1,20.0,3,5.5,1,1.8,9,17.6,97968,25.2,27608,50.0,-18,-1.1,88,15.9
"36121","5","44411","77","0","2016","4","","Wyoming County, New York","Private","NAICS 44411 Home centers","County, NAICS 5-digit -- by ownership sector","All establishment sizes",6,58,56,58,481739,48091,952,646,"",6.80,0.89,0.89,0.93,1.56,1.10,0.86,1.73,"",1,20.0,6,11.5,3,5.7,3,5.5,52207,12.2,12832,36.4,-69,-6.8,26,4.2
"36121","5","444110","78","0","2016","1","","Wyoming County, New York","Private","NAICS 444110 Home centers","County, NAICS 6-digit -- by ownership sector","All establishment sizes",6,52,50,52,361260,335243,6654,541,"",6.67,0.84,0.78,0.78,1.07,1.22,0.89,1.35,"",1,20.0,-3,-5.5,-4,-7.4,-2,-3.7,7421,2.1,8339,2.6,-5911,-47.0,40,8.0
"36121","5","444110","78","0","2016","2","","Wyoming County, New York","Private","NAICS 444110 Home centers","County, NAICS 6-digit -- by ownership sector","All establishment sizes",6,55,56,61,437623,145603,2931,587,"",6.72,0.79,0.77,0.84,1.18,0.87,0.56,1.47,"",1,20.0,1,1.9,5,9.8,7,13.0,64985,17.4,-2517,-1.7,-1722,-37.0,46,8.5
"36121","5","444110","78","0","2016","3","","Wyoming County, New York","Private","NAICS 444110 Home centers","County, NAICS 6-digit -- by ownership sector","All establishment sizes",6,58,57,60,486464,82876,1603,641,"",6.76,0.85,0.87,0.91,1.29,0.98,0.69,1.47,"",1,20.0,3,5.5,1,1.8,9,17.6,97968,25.2,27608,50.0,-18,-1.1,88,15.9
"36121","5","444110","78","0","2016","4","","Wyoming County, New York","Private","NAICS 444110 Home centers","County, NAICS 6-digit -- by ownership sector","All establishment sizes",6,58,56,58,481739,48091,952,646,"",6.80,0.89,0.89,0.93,1.56,1.10,0.86,1.73,"",1,20.0,6,11.5,3,5.7,3,5.5,52207,12.2,12832,36.4,-69,-6.8,26,4.2
"36121","5","44413","77","0","2016","1","N","Wyoming County, New York","Private","NAICS 44413 Hardware stores","County, NAICS 5-digit -- by ownership sector","All establishment sizes",4,0,0,0,0,0,0,0,"N",2.91,0,0,0,0,0,0,0,"N",0,0.0,0,0,0,0,0,0,0,0,0,0,0,0,0,0
"36121","5","44413","77","0","2016","2","N","Wyoming County, New York","Private","NAICS 44413 Hardware stores","County, NAICS 5-digit -- by ownership sector","All establishment sizes",4,0,0,0,0,0,0,0,"N",2.92,0,0,0,0,0,0,0,"N",0,0.0,0,0,0,0,0,0,0,0,0,0,0,0,0,0
"36121","5","44413","77","0","2016","3","N","Wyoming County, New York","Private","NAICS 44413 Hardware stores","County, NAICS 5-digit -- by ownership sector","All establishment sizes",4,0,0,0,0,0,0,0,"N",2.95,0,0,0,0,0,0,0,"N",0,0.0,0,0,0,0,0,0,0,0,0,0,0,0,0,0
"36121","5","44413","77","0","2016","4","N","Wyoming County, New York","Private","NAICS 44413 Hardware stores","County, NAICS 5-digit -- by ownership sector","All establishment sizes",4,0,0,0,0,0,0,0,"N",2.96,0,0,0,0,0,0,0,"N",0,0.0,0,0,0,0,0,0,0,0,0,0,0,0,0,0
"36121","5","444130","78","0","2016","1","N","Wyoming County, New York","Private","NAICS 444130 Hardware stores","County, NAICS 6-digit -- by ownership sector","All establishment sizes",4,0,0,0,0,0,0,0,"N",2.91,0,0,0,0,0,0,0,"N",0,0.0,0,0,0,0,0,0,0,0,0,0,0,0,0,0
"36121","5","444130","78","0","2016","2","N","Wyoming County, New York","Private","NAICS 444130 Hardware stores","County, NAICS 6-digit -- by ownership sector","All establishment sizes",4,0,0,0,0,0,0,0,"N",2.92,0,0,0,0,0,0,0,"N",0,0.0,0,0,0,0,0,0,0,0,0,0,0,0,0,0
"36121","5","444130","78","0","2016","3","N","Wyoming County, New York","Private","NAICS 444130 Hardware stores","County, NAICS 6-digit -- by ownership sector","All establishment sizes",4,0,0,0,0,0,0,0,"N",2.95,0,0,0,0,0,0,0,"N",0,0.0,0,0,0,0,0,0,0,0,0,0,0,0,0,0
"36121","5","444130","78","0","2016","4","N","Wyoming County, New York","Private","NAICS 444130 Hardware stores","County, NAICS 6-digit -- by ownership sector","All establishment sizes",4,0,0,0,0,0,0,0,"N",2.96,0,0,0,0,0,0,0,"N",0,0.0,0,0,0,0,0,0,0,0,0,0,0,0,0,0
"36121","5","44419","77","0","2016","1","N","Wyoming County, New York","Private","NAICS 44419 Other building material dealers","County, NAICS 5-digit -- by ownership sector","All establishment sizes",2,0,0,0,0,0,0,0,"N",0.95,0,0,0,0,0,0,0,"N",0,0.0,0,0,0,0,0,0,0,0,0,0,0,0,0,0
"36121","5","44419","77","0","2016","2","N","Wyoming County, New York","Private","NAICS 44419 Other building material dealers","County, NAICS 5-digit -- by ownership sector","All establishment sizes",2,0,0,0,0,0,0,0,"N",0.95,0,0,0,0,0,0,0,"N",0,0.0,0,0,0,0,0,0,0,0,0,0,0,0,0,0
"36121","5","44419","77","0","2016","3","N","Wyoming County, New York","Private","NAICS 44419 Other building material dealers","County, NAICS 5-digit -- by ownership sector","All establishment sizes",2,0,0,0,0,0,0,0,"N",0.96,0,0,0,0,0,0,0,"N",0,0.0,0,0,0,0,0,0,0,0,0,0,0,0,0,0
"36121","5","44419","77","0","2016","4","N","Wyoming County, New York","Private","NAICS 44419 Other building material dealers","County, NAICS 5-digit -- by ownership sector","All establishment sizes",2,0,0,0,0,0,0,0,"N",0.96,0,0,0,0,0,0,0,"N",0,0.0,0,0,0,0,0,0,0,0,0,0,0,0,0,0
"36121","5","444190","78","0","2016","1","N","Wyoming County, New York","Private","NAICS 444190 Other building material dealers","County, NAICS 6-digit -- by ownership sector","All establishment sizes",2,0,0,0,0,0,0,0,"N",0.95,0,0,0,0,0,0,0,"N",0,0.0,0,0,0,0,0,0,0,0,0,0,0,0,0,0
"36121","5","444190","78","0","2016","2","N","Wyoming County, New York","Private","NAICS 444190 Other building material dealers","County, NAICS 6-digit -- by ownership sector","All establishment sizes",2,0,0,0,0,0,0,0,"N",0.95,0,0,0,0,0,0,0,"N",0,0.0,0,0,0,0,0,0,0,0,0,0,0,0,0,0
"36121","5","444190","78","0","2016","3","N","Wyoming County, New York","Private","NAICS 444190 Other building material dealers","County, NAICS 6-digit -- by ownership sector","All establishment sizes",2,0,0,0,0,0,0,0,"N",0.96,0,0,0,0,0,0,0,"N",0,0.0,0,0,0,0,0,0,0,0,0,0,0,0,0,0
"36121","5","444190","78","0","2016","4","N","Wyoming County, New York","Private","NAICS 444190 Other building material dealers","County, NAICS 6-digit -- by ownership sector","All establishment sizes",2,0,0,0,0,0,0,0,"N",0.96,0,0,0,0,0,0,0,"N",0,0.0,0,0,0,0,0,0,0,0,0,0,0,0,0,0
"36121","5","4442","76","0","2016","1","","Wyoming County, New York","Private","NAICS 4442 Lawn and garden equipment and supplies stores","County, NAICS 4-digit -- by ownership sector","All establishment sizes",12,146,145,146,1497864,1196955,77218,791,"",7.77,11.75,11.53,10.53,20.81,20.64,43.10,1.85,"",0,0.0,2,1.4,1,0.7,-5,-3.3,21650,1.5,18480,1.6,-1941,-2.5,15,1.9
"36121","5","4442","76","0","2016","2","","Wyoming County, New York","Private","NAICS 4442 Lawn and garden equipment and supplies stores","County, NAICS 4-digit -- by ownership sector","All establishment sizes",12,171,189,187,2059932,619258,45071,869,"",7.81,10.93,11.22,11.16,21.42,15.09,22.57,1.93,"",0,0.0,-1,-0.6,-2,-1.0,1,0.5,51487,2.6,59274,10.6,1923,4.5,25,3.0
"36121","5","4442","76","0","2016","3","","Wyoming County, New York","Private","NAICS 4442 Lawn and garden equipment and supplies stores","County, NAICS 4-digit -- by ownership sector","All establishment sizes",13,182,168,160,1739385,176243,8828,787,"",8.51,11.84,11.34,10.79,19.45,9.35,10.34,1.72,"",1,8.3,2,1.1,-3,-1.8,-5,-3.0,8477,0.5,13340,8.2,51,0.6,13,1.7
"36121","5","4442","76","0","2016","4","","Wyoming County, New York","Private","NAICS 4442 Lawn and garden equipment and supplies stores","County, NAICS 4-digit -- by ownership sector","All establishment sizes",11,160,150,148,2240256,63133,2096,1129,"",7.28,10.87,10.71,10.88,26.61,5.94,5.48,2.46,"",-1,-8.3,-6,-3.6,-6,-3.8,1,0.7,-403639,-15.3,-9951,-13.6,-1047,-33.3,-172,-13.2
"36121","5","44421","77","0","2016","1","N","Wyoming County, New York","Private","NAICS 44421 Outdoor power equipment stores","County, NAICS 5-digit -- by ownership sector","All establishment sizes",2,0,0,0,0,0,0,0,"N",5.06,0,0,0,0,0,0,0,"N",0,0.0,0,0,0,0,0,0,0,0,0,0,0,0,0,0
"36121","5","44421","77","0","2016","2","N","Wyoming County, New York","Private","NAICS 44421 Outdoor power equipment stores","County, NAICS 5-digit -- by ownership sector","All establishment sizes",2,0,0,0,0,0,0,0,"N",5.10,0,0,0,0,0,0,0,"N",0,0.0,0,0,0,0,0,0,0,0,0,0,0,0,0,0
"36121","5","44421","77","0","2016","3","N","Wyoming County, New York","Private","NAICS 44421 Outdoor power equipment stores","County, NAICS 5-digit -- by ownership sector","All establishment sizes",2,0,0,0,0,0,0,0,"N",5.15,0,0,0,0,0,0,0,"N",0,0.0,0,0,0,0,0,0,0,0,0,0,0,0,0,0
"36121","5","44421","77","0","2016","4","N","Wyoming County, New York","Private","NAICS 44421 Outdoor power equipment stores","County, NAICS 5-digit -- by ownership sector","All establishment sizes",2,0,0,0,0,0,0,0,"N",5.22,0,0,0,0,0,0,0,"N",0,0.0,0,0,0,0,0,0,0,0,0,0,0,0,0,0
"36121","5","444210","78","0","2016","1","N","Wyoming County, New York","Private","NAICS 444210 Outdoor power equipment stores","County, NAICS 6-digit -- by ownership sector","All establishment sizes",2,0,0,0,0,0,0,0,"N",5.06,0,0,0,0,0,0,0,"N",0,0.0,0,0,0,0,0,0,0,0,0,0,0,0,0,0
"36121","5","444210","78","0","2016","2","N","Wyoming County, New York","Private","NAICS 444210 Outdoor power equipment stores","County, NAICS 6-digit -- by ownership sector","All establishment sizes",2,0,0,0,0,0,0,0,"N",5.10,0,0,0,0,0,0,0,"N",0,0.0,0,0,0,0,0,0,0,0,0,0,0,0,0,0
"36121","5","444210","78","0","2016","3","N","Wyoming County, New York","Private","NAICS 444210 Outdoor power equipment stores","County, NAICS 6-digit -- by ownership sector","All establishment sizes",2,0,0,0,0,0,0,0,"N",5.15,0,0,0,0,0,0,0,"N",0,0.0,0,0,0,0,0,0,0,0,0,0,0,0,0,0
"36121","5","444210","78","0","2016","4","N","Wyoming County, New York","Private","NAICS 444210 Outdoor power equipment stores","County, NAICS 6-digit -- by ownership sector","All establishment sizes",2,0,0,0,0,0,0,0,"N",5.22,0,0,0,0,0,0,0,"N",0,0.0,0,0,0,0,0,0,0,0,0,0,0,0,0,0
"36121","5","44422","77","0","2016","1","N","Wyoming County, New York","Private","NAICS 44422 Nursery, garden, and farm supply stores","County, NAICS 5-digit -- by ownership sector","All establishment sizes",10,0,0,0,0,0,0,0,"N",8.70,0,0,0,0,0,0,0,"N",0,0.0,0,0,0,0,0,0,0,0,0,0,0,0,0,0
"36121","5","44422","77","0","2016","2","N","Wyoming County, New York","Private","NAICS 44422 Nursery, garden, and farm supply stores","County, NAICS 5-digit -- by ownership sector","All establishment sizes",10,0,0,0,0,0,0,0,"N",8.73,0,0,0,0,0,0,0,"N",0,0.0,0,0,0,0,0,0,0,0,0,0,0,0,0,0
"36121","5","44422","77","0","2016","3","N","Wyoming County, New York","Private","NAICS 44422 Nursery, garden, and farm supply stores","County, NAICS 5-digit -- by ownership sector","All establishment sizes",11,0,0,0,0,0,0,0,"N",9.66,0,0,0,0,0,0,0,"N",1,10.0,0,0,0,0,0,0,0,0,0,0,0,0,0,0
"36121","5","44422","77","0","2016","4","N","Wyoming County, New York","Private","NAICS 44422 Nursery, garden, and farm supply stores","County, NAICS 5-digit -- by ownership sector","All establishment sizes",9,0,0,0,0,0,0,0,"N",7.97,0,0,0,0,0,0,0,"N",-1,-10.0,0,0,0,0,0,0,0,0,0,0,0,0,0,0
"36121","5","444220","78","0","2016","1","N","Wyoming County, New York","Private","NAICS 444220 Nursery, garden, and farm supply stores","County, NAICS 6-digit -- by ownership sector","All establishment sizes",10,0,0,0,0,0,0,0,"N",8.70,0,0,0,0,0,0,0,"N",0,0.0,0,0,0,0,0,0,0,0,0,0,0,0,0,0
"36121","5","444220","78","0","2016","2","N","Wyoming County, New York","Private","NAICS 444220 Nursery, garden, and farm supply stores","County, NAICS 6-digit -- by ownership sector","All establishment sizes",10,0,0,0,0,0,0,0,"N",8.73,0,0,0,0,0,0,0,"N",0,0.0,0,0,0,0,0,0,0,0,0,0,0,0,0,0
"36121","5","444220","78","0","2016","3","N","Wyoming County, New York","Private","NAICS 444220 Nursery, garden, and farm supply stores","County, NAICS 6-digit -- by ownership sector","All establishment sizes",11,0,0,0,0,0,0,0,"N",9.66,0,0,0,0,0,0,0,"N",1,10.0,0,0,0,0,0,0,0,0,0,0,0,0,0,0
"36121","5","444220","78","0","2016","4","N","Wyoming County, New York","Private","NAICS 444220 Nursery, garden, and farm supply stores","County, NAICS 6-digit -- by ownership sector","All establishment sizes",9,0,0,0,0,0,0,0,"N",7.97,0,0,0,0,0,0,0,"N",-1,-10.0,0,0,0,0,0,0,0,0,0,0,0,0,0,0
"36121","5","445","75","0","2016","1","","Wyoming County, New York","Private","NAICS 445 Food and beverage stores","County, NAICS 3-digit -- by ownership sector","All establishment sizes",19,426,410,417,1987771,1656328,30033,366,"",1.41,1.47,1.42,1.44,1.60,1.56,1.39,1.11,"",0,0.0,-13,-3.0,-13,-3.1,-9,-2.1,149945,8.2,97384,6.2,-5652,-15.8,37,11.2
"36121","5","445","75","0","2016","2","","Wyoming County, New York","Private","NAICS 445 Food and beverage stores","County, NAICS 3-digit -- by ownership sector","All establishment sizes",19,417,423,429,1915743,1097613,19754,348,"",1.41,1.43,1.41,1.40,1.39,1.83,1.37,0.99,"",1,5.6,-2,-0.5,-8,-1.9,-5,-1.2,-92964,-4.6,-32874,-2.9,-6865,-25.8,-13,-3.6
"36121","5","445","75","0","2016","3","","Wyoming County, New York","Private","NAICS 445 Food and beverage stores","County, NAICS 3-digit -- by ownership sector","All establishment sizes",19,429,437,422,2125361,848899,15012,381,"",1.41,1.45,1.48,1.42,1.54,2.47,1.95,1.06,"",1,5.6,0,0.0,0,0.0,3,0.7,118656,5.9,-7317,-0.9,-5470,-26.7,21,5.8
"36121","5","445","75","0","2016","4","","Wyoming County, New York","Private","NAICS 445 Food and beverage stores","County, NAICS 3-digit -- by ownership sector","All establishment sizes",18,407,414,414,2048114,514526,9124,383,"",1.34,1.37,1.42,1.42,1.57,2.27,1.94,1.12,"",0,0.0,-26,-6.0,-13,-3.0,-19,-4.4,-127405,-5.9,-72917,-12.4,-4766,-34.3,-5,-1.3
"36121","5","4451","76","0","2016","1","","Wyoming County, New York","Private","NAICS 4451 Grocery stores","County, NAICS 4-digit -- by ownership sector","All establishment sizes",12,403,388,392,1923780,1592337,28518,375,"",1.45,1.58,1.53,1.54,1.76,1.71,1.57,1.14,"",-1,-7.7,-10,-2.4,-12,-3.0,-9,-2.2,136336,7.6,83775,5.6,-5661,-16.6,35,10.3
"36121","5","4451","76","0","2016","2","","Wyoming County, New York","Private","NAICS 4451 Grocery stores","County, NAICS 4-digit -- by ownership sector","All establishment sizes",12,392,398,402,1843110,1030523,18160,357,"",1.44,1.53,1.52,1.50,1.53,1.98,1.53,1.01,"",0,0.0,1,0.3,-3,-0.7,-2,-0.5,-107179,-5.5,-41966,-3.9,-6656,-26.8,-19,-5.1
"36121","5","4451","76","0","2016","3","","Wyoming County, New York","Private","NAICS 4451 Grocery stores","County, NAICS 4-digit -- by ownership sector","All establishment sizes",12,402,410,399,2044759,804614,14186,390,"",1.45,1.56,1.59,1.53,1.70,2.71,2.28,1.09,"",0,0.0,3,0.8,-1,-0.2,1,0.3,110421,5.7,7735,1.0,-4258,-23.1,20,5.4
"36121","5","4451","76","0","2016","4","","Wyoming County, New York","Private","NAICS 4451 Grocery stores","County, NAICS 4-digit -- by ownership sector","All establishment sizes",12,383,388,388,1973181,488731,8626,393,"",1.46,1.47,1.53,1.53,1.75,2.52,2.29,1.16,"",0,0.0,-24,-5.9,-13,-3.2,-22,-5.4,-146054,-6.9,-66678,-12.0,-4306,-33.3,-9,-2.2
"36121","5","44511","77","0","2016","1","","Wyoming County, New York","Private","NAICS 44511 Supermarkets and other grocery stores","County, NAICS 5-digit -- by ownership sector","All establishment sizes",8,375,363,365,1810703,1486799,25533,379,"",1.44,1.57,1.52,1.53,1.74,1.69,1.50,1.14,"",-1,-11.1,-13,-3.4,-12,-3.2,-10,-2.7,104903,6.1,53788,3.8,-6372,-20.0,33,9.5
"36121","5","44511","77","0","2016","2","","Wyoming County, New York","Private","NAICS 44511 Supermarkets and other grocery stores","County, NAICS 5-digit -- by ownership sector","All establishment sizes",8,362,367,372,1720357,931453,15970,361,"",1.44,1.51,1.49,1.48,1.50,1.91,1.47,1.01,"",0,0.0,-2,-0.5,-7,-1.9,-5,-1.3,-108699,-5.9,-37043,-3.8,-5529,-25.7,-18,-4.7
"36121","5","44511","77","0","2016","3","","Wyoming County, New York","Private","NAICS 44511 Supermarkets and other grocery stores","County, NAICS 5-digit -- by ownership sector","All establishment sizes",8,375,381,370,1917069,747462,12853,393,"",1.45,1.55,1.58,1.52,1.68,2.70,2.29,1.09,"",0,0.0,4,1.1,-1,-0.3,1,0.3,102422,5.6,22434,3.1,-3268,-20.3,20,5.4
"36121","5","44511","77","0","2016","4","","Wyoming County, New York","Private","NAICS 44511 Supermarkets and other grocery stores","County, NAICS 5-digit -- by ownership sector","All establishment sizes",8,353,355,354,1852486,445722,7658,403,"",1.45,1.44,1.49,1.48,1.73,2.48,2.26,1.18,"",0,0.0,-25,-6.6,-17,-4.6,-28,-7.3,-143132,-7.2,-61049,-12.0,-3716,-32.7,-4,-1.0
"36121","5","445110","78","0","2016","1","","Wyoming County, New York","Private","NAICS 445110 Supermarkets and other grocery stores","County, NAICS 6-digit -- by ownership sector","All establishment sizes",8,375,363,365,1810703,1486799,25533,379,"",1.44,1.57,1.52,1.53,1.74,1.69,1.50,1.14,"",-1,-11.1,-13,-3.4,-12,-3.2,-10,-2.7,104903,6.1,53788,3.8,-6372,-20.0,33,9.5
"36121","5","445110","78","0","2016","2","","Wyoming County, New York","Private","NAICS 445110 Supermarkets and other grocery stores","County, NAICS 6-digit -- by ownership sector","All establishment sizes",8,362,367,372,1720357,931453,15970,361,"",1.44,1.51,1.49,1.48,1.50,1.91,1.47,1.01,"",0,0.0,-2,-0.5,-7,-1.9,-5,-1.3,-108699,-5.9,-37043,-3.8,-5529,-25.7,-18,-4.7
"36121","5","445110","78","0","2016","3","","Wyoming County, New York","Private","NAICS 445110 Supermarkets and other grocery stores","County, NAICS 6-digit -- by ownership sector","All establishment sizes",8,375,381,370,1917069,747462,12853,393,"",1.45,1.55,1.58,1.52,1.68,2.70,2.29,1.09,"",0,0.0,4,1.1,-1,-0.3,1,0.3,102422,5.6,22434,3.1,-3268,-20.3,20,5.4
"36121","5","445110","78","0","2016","4","","Wyoming County, New York","Private","NAICS 445110 Supermarkets and other grocery stores","County, NAICS 6-digit -- by ownership sector","All establishment sizes",8,353,355,354,1852486,445722,7658,403,"",1.45,1.44,1.49,1.48,1.73,2.48,2.26,1.18,"",0,0.0,-25,-6.6,-17,-4.6,-28,-7.3,-143132,-7.2,-61049,-12.0,-3716,-32.7,-4,-1.0
"36121","5","44512","77","0","2016","1","","Wyoming County, New York","Private","NAICS 44512 Convenience stores","County, NAICS 5-digit -- by ownership sector","All establishment sizes",4,28,25,27,113077,105538,2985,326,"",1.46,1.90,1.67,1.78,2.17,2.22,2.50,1.22,"",0,0.0,3,12.0,0,0.0,1,3.8,31433,38.5,29987,39.7,711,31.3,78,31.5
"36121","5","44512","77","0","2016","2","","Wyoming County, New York","Private","NAICS 44512 Convenience stores","County, NAICS 5-digit -- by ownership sector","All establishment sizes",4,30,31,30,122753,99070,2190,311,"",1.46,1.97,1.95,1.84,2.11,2.94,2.09,1.10,"",0,0.0,3,11.1,4,14.8,3,11.1,1520,1.3,-4923,-4.7,-1127,-34.0,-34,-9.9
"36121","5","44512","77","0","2016","3","","Wyoming County, New York","Private","NAICS 44512 Convenience stores","County, NAICS 5-digit -- by ownership sector","All establishment sizes",4,27,29,29,127690,57152,1333,347,"",1.47,1.75,1.85,1.81,2.19,2.79,2.22,1.22,"",0,0.0,-1,-3.6,0,0.0,0,0.0,7999,6.7,-14699,-20.5,-990,-42.6,26,8.1
"36121","5","44512","77","0","2016","4","","Wyoming County, New York","Private","NAICS 44512 Convenience stores","County, NAICS 5-digit -- by ownership sector","All establishment sizes",4,30,33,34,120695,43009,968,287,"",1.47,1.93,2.17,2.24,2.21,3.06,2.52,1.04,"",0,0.0,1,3.4,4,13.8,6,21.4,-2922,-2.4,-5629,-11.6,-590,-37.9,-45,-13.6
"36121","5","445120","78","0","2016","1","","Wyoming County, New York","Private","NAICS 445120 Convenience stores","County, NAICS 6-digit -- by ownership sector","All establishment sizes",4,28,25,27,113077,105538,2985,326,"",1.46,1.90,1.67,1.78,2.17,2.22,2.50,1.22,"",0,0.0,3,12.0,0,0.0,1,3.8,31433,38.5,29987,39.7,711,31.3,78,31.5
"36121","5","445120","78","0","2016","2","","Wyoming County, New York","Private","NAICS 445120 Convenience stores","County, NAICS 6-digit -- by ownership sector","All establishment sizes",4,30,31,30,122753,99070,2190,311,"",1.46,1.97,1.95,1.84,2.11,2.94,2.09,1.10,"",0,0.0,3,11.1,4,14.8,3,11.1,1520,1.3,-4923,-4.7,-1127,-34.0,-34,-9.9
"36121","5","445120","78","0","2016","3","","Wyoming County, New York","Private","NAICS 445120 Convenience stores","County, NAICS 6-digit -- by ownership sector","All establishment sizes",4,27,29,29,127690,57152,1333,347,"",1.47,1.75,1.85,1.81,2.19,2.79,2.22,1.22,"",0,0.0,-1,-3.6,0,0.0,0,0.0,7999,6.7,-14699,-20.5,-990,-42.6,26,8.1
"36121","5","445120","78","0","2016","4","","Wyoming County, New York","Private","NAICS 445120 Convenience stores","County, NAICS 6-digit -- by ownership sector","All establishment sizes",4,30,33,34,120695,43009,968,287,"",1.47,1.93,2.17,2.24,2.21,3.06,2.52,1.04,"",0,0.0,1,3.4,4,13.8,6,21.4,-2922,-2.4,-5629,-11.6,-590,-37.9,-45,-13.6
"36121","5","4452","76","0","2016","1","N","Wyoming County, New York","Private","NAICS 4452 Specialty food stores","County, NAICS 4-digit -- by ownership sector","All establishment sizes",3,0,0,0,0,0,0,0,"N",1.25,0,0,0,0,0,0,0,"N",0,0.0,0,0,0,0,0,0,0,0,0,0,0,0,0,0
"36121","5","4452","76","0","2016","2","N","Wyoming County, New York","Private","NAICS 4452 Specialty food stores","County, NAICS 4-digit -- by ownership sector","All establishment sizes",3,0,0,0,0,0,0,0,"N",1.24,0,0,0,0,0,0,0,"N",0,0.0,0,0,0,0,0,0,0,0,0,0,0,0,0,0
"36121","5","4452","76","0","2016","3","N","Wyoming County, New York","Private","NAICS 4452 Specialty food stores","County, NAICS 4-digit -- by ownership sector","All establishment sizes",3,0,0,0,0,0,0,0,"N",1.25,0,0,0,0,0,0,0,"N",0,0.0,0,0,0,0,0,0,0,0,0,0,0,0,0,0
"36121","5","4452","76","0","2016","4","N","Wyoming County, New York","Private","NAICS 4452 Specialty food stores","County, NAICS 4-digit -- by ownership sector","All establishment sizes",2,0,0,0,0,0,0,0,"N",0.84,0,0,0,0,0,0,0,"N",-1,-33.3,0,0,0,0,0,0,0,0,0,0,0,0,0,0
"36121","5","44521","77","0","2016","1","N","Wyoming County, New York","Private","NAICS 44521 Meat markets","County, NAICS 5-digit -- by ownership sector","All establishment sizes",2,0,0,0,0,0,0,0,"N",3.64,0,0,0,0,0,0,0,"N",0,0.0,0,0,0,0,0,0,0,0,0,0,0,0,0,0
"36121","5","44521","77","0","2016","2","N","Wyoming County, New York","Private","NAICS 44521 Meat markets","County, NAICS 5-digit -- by ownership sector","All establishment sizes",2,0,0,0,0,0,0,0,"N",3.66,0,0,0,0,0,0,0,"N",0,0.0,0,0,0,0,0,0,0,0,0,0,0,0,0,0
"36121","5","44521","77","0","2016","3","N","Wyoming County, New York","Private","NAICS 44521 Meat markets","County, NAICS 5-digit -- by ownership sector","All establishment sizes",2,0,0,0,0,0,0,0,"N",3.67,0,0,0,0,0,0,0,"N",0,0.0,0,0,0,0,0,0,0,0,0,0,0,0,0,0
"36121","5","44521","77","0","2016","4","N","Wyoming County, New York","Private","NAICS 44521 Meat markets","County, NAICS 5-digit -- by ownership sector","All establishment sizes",1,0,0,0,0,0,0,0,"N",1.84,0,0,0,0,0,0,0,"N",-1,-50.0,0,0,0,0,0,0,0,0,0,0,0,0,0,0
"36121","5","445210","78","0","2016","1","N","Wyoming County, New York","Private","NAICS 445210 Meat markets","County, NAICS 6-digit -- by ownership sector","All establishment sizes",2,0,0,0,0,0,0,0,"N",3.64,0,0,0,0,0,0,0,"N",0,0.0,0,0,0,0,0,0,0,0,0,0,0,0,0,0
"36121","5","445210","78","0","2016","2","N","Wyoming County, New York","Private","NAICS 445210 Meat markets","County, NAICS 6-digit -- by ownership sector","All establishment sizes",2,0,0,0,0,0,0,0,"N",3.66,0,0,0,0,0,0,0,"N",0,0.0,0,0,0,0,0,0,0,0,0,0,0,0,0,0
"36121","5","445210","78","0","2016","3","N","Wyoming County, New York","Private","NAICS 445210 Meat markets","County, NAICS 6-digit -- by ownership sector","All establishment sizes",2,0,0,0,0,0,0,0,"N",3.67,0,0,0,0,0,0,0,"N",0,0.0,0,0,0,0,0,0,0,0,0,0,0,0,0,0
"36121","5","445210","78","0","2016","4","N","Wyoming County, New York","Private","NAICS 445210 Meat markets","County, NAICS 6-digit -- by ownership sector","All establishment sizes",1,0,0,0,0,0,0,0,"N",1.84,0,0,0,0,0,0,0,"N",-1,-50.0,0,0,0,0,0,0,0,0,0,0,0,0,0,0
"36121","5","44523","77","0","2016","1","N","Wyoming County, New York","Private","NAICS 44523 Fruit and vegetable markets","County, NAICS 5-digit -- by ownership sector","All establishment sizes",1,0,0,0,0,0,0,0,"N",3.03,0,0,0,0,0,0,0,"N",0,0.0,0,0,0,0,0,0,0,0,0,0,0,0,0,0
"36121","5","44523","77","0","2016","2","N","Wyoming County, New York","Private","NAICS 44523 Fruit and vegetable markets","County, NAICS 5-digit -- by ownership sector","All establishment sizes",1,0,0,0,0,0,0,0,"N",3.01,0,0,0,0,0,0,0,"N",0,0.0,0,0,0,0,0,0,0,0,0,0,0,0,0,0
"36121","5","44523","77","0","2016","3","N","Wyoming County, New York","Private","NAICS 44523 Fruit and vegetable markets","County, NAICS 5-digit -- by ownership sector","All establishment sizes",1,0,0,0,0,0,0,0,"N",3.05,0,0,0,0,0,0,0,"N",0,0.0,0,0,0,0,0,0,0,0,0,0,0,0,0,0
"36121","5","44523","77","0","2016","4","N","Wyoming County, New York","Private","NAICS 44523 Fruit and vegetable markets","County, NAICS 5-digit -- by ownership sector","All establishment sizes",1,0,0,0,0,0,0,0,"N",3.07,0,0,0,0,0,0,0,"N",0,0.0,0,0,0,0,0,0,0,0,0,0,0,0,0,0
"36121","5","445230","78","0","2016","1","N","Wyoming County, New York","Private","NAICS 445230 Fruit and vegetable markets","County, NAICS 6-digit -- by ownership sector","All establishment sizes",1,0,0,0,0,0,0,0,"N",3.03,0,0,0,0,0,0,0,"N",0,0.0,0,0,0,0,0,0,0,0,0,0,0,0,0,0
"36121","5","445230","78","0","2016","2","N","Wyoming County, New York","Private","NAICS 445230 Fruit and vegetable markets","County, NAICS 6-digit -- by ownership sector","All establishment sizes",1,0,0,0,0,0,0,0,"N",3.01,0,0,0,0,0,0,0,"N",0,0.0,0,0,0,0,0,0,0,0,0,0,0,0,0,0
"36121","5","445230","78","0","2016","3","N","Wyoming County, New York","Private","NAICS 445230 Fruit and vegetable markets","County, NAICS 6-digit -- by ownership sector","All establishment sizes",1,0,0,0,0,0,0,0,"N",3.05,0,0,0,0,0,0,0,"N",0,0.0,0,0,0,0,0,0,0,0,0,0,0,0,0,0
"36121","5","445230","78","0","2016","4","N","Wyoming County, New York","Private","NAICS 445230 Fruit and vegetable markets","County, NAICS 6-digit -- by ownership sector","All establishment sizes",1,0,0,0,0,0,0,0,"N",3.07,0,0,0,0,0,0,0,"N",0,0.0,0,0,0,0,0,0,0,0,0,0,0,0,0,0
"36121","5","4453","76","0","2016","1","N","Wyoming County, New York","Private","NAICS 4453 Beer, wine, and liquor stores","County, NAICS 4-digit -- by ownership sector","All establishment sizes",4,0,0,0,0,0,0,0,"N",1.43,0,0,0,0,0,0,0,"N",1,33.3,0,0,0,0,0,0,0,0,0,0,0,0,0,0
"36121","5","4453","76","0","2016","2","N","Wyoming County, New York","Private","NAICS 4453 Beer, wine, and liquor stores","County, NAICS 4-digit -- by ownership sector","All establishment sizes",4,0,0,0,0,0,0,0,"N",1.43,0,0,0,0,0,0,0,"N",1,33.3,0,0,0,0,0,0,0,0,0,0,0,0,0,0
"36121","5","4453","76","0","2016","3","N","Wyoming County, New York","Private","NAICS 4453 Beer, wine, and liquor stores","County, NAICS 4-digit -- by ownership sector","All establishment sizes",4,0,0,0,0,0,0,0,"N",1.44,0,0,0,0,0,0,0,"N",1,33.3,0,0,0,0,0,0,0,0,0,0,0,0,0,0
"36121","5","4453","76","0","2016","4","N","Wyoming County, New York","Private","NAICS 4453 Beer, wine, and liquor stores","County, NAICS 4-digit -- by ownership sector","All establishment sizes",4,0,0,0,0,0,0,0,"N",1.44,0,0,0,0,0,0,0,"N",1,33.3,0,0,0,0,0,0,0,0,0,0,0,0,0,0
"36121","5","44531","77","0","2016","1","N","Wyoming County, New York","Private","NAICS 44531 Beer, wine, and liquor stores","County, NAICS 5-digit -- by ownership sector","All establishment sizes",4,0,0,0,0,0,0,0,"N",1.43,0,0,0,0,0,0,0,"N",1,33.3,0,0,0,0,0,0,0,0,0,0,0,0,0,0
"36121","5","44531","77","0","2016","2","N","Wyoming County, New York","Private","NAICS 44531 Beer, wine, and liquor stores","County, NAICS 5-digit -- by ownership sector","All establishment sizes",4,0,0,0,0,0,0,0,"N",1.43,0,0,0,0,0,0,0,"N",1,33.3,0,0,0,0,0,0,0,0,0,0,0,0,0,0
"36121","5","44531","77","0","2016","3","N","Wyoming County, New York","Private","NAICS 44531 Beer, wine, and liquor stores","County, NAICS 5-digit -- by ownership sector","All establishment sizes",4,0,0,0,0,0,0,0,"N",1.44,0,0,0,0,0,0,0,"N",1,33.3,0,0,0,0,0,0,0,0,0,0,0,0,0,0
"36121","5","44531","77","0","2016","4","N","Wyoming County, New York","Private","NAICS 44531 Beer, wine, and liquor stores","County, NAICS 5-digit -- by ownership sector","All establishment sizes",4,0,0,0,0,0,0,0,"N",1.44,0,0,0,0,0,0,0,"N",1,33.3,0,0,0,0,0,0,0,0,0,0,0,0,0,0
"36121","5","445310","78","0","2016","1","N","Wyoming County, New York","Private","NAICS 445310 Beer, wine, and liquor stores","County, NAICS 6-digit -- by ownership sector","All establishment sizes",4,0,0,0,0,0,0,0,"N",1.43,0,0,0,0,0,0,0,"N",1,33.3,0,0,0,0,0,0,0,0,0,0,0,0,0,0
"36121","5","445310","78","0","2016","2","N","Wyoming County, New York","Private","NAICS 445310 Beer, wine, and liquor stores","County, NAICS 6-digit -- by ownership sector","All establishment sizes",4,0,0,0,0,0,0,0,"N",1.43,0,0,0,0,0,0,0,"N",1,33.3,0,0,0,0,0,0,0,0,0,0,0,0,0,0
"36121","5","445310","78","0","2016","3","N","Wyoming County, New York","Private","NAICS 445310 Beer, wine, and liquor stores","County, NAICS 6-digit -- by ownership sector","All establishment sizes",4,0,0,0,0,0,0,0,"N",1.44,0,0,0,0,0,0,0,"N",1,33.3,0,0,0,0,0,0,0,0,0,0,0,0,0,0
"36121","5","445310","78","0","2016","4","N","Wyoming County, New York","Private","NAICS 445310 Beer, wine, and liquor stores","County, NAICS 6-digit -- by ownership sector","All establishment sizes",4,0,0,0,0,0,0,0,"N",1.44,0,0,0,0,0,0,0,"N",1,33.3,0,0,0,0,0,0,0,0,0,0,0,0,0,0
"36121","5","446","75","0","2016","1","","Wyoming County, New York","Private","NAICS 446 Health and personal care stores","County, NAICS 3-digit -- by ownership sector","All establishment sizes",8,110,109,105,1227041,733454,16050,874,"",0.79,1.13,1.11,1.06,1.82,1.61,1.43,1.66,"",-1,-11.1,9,8.9,9,9.0,-2,-1.9,156117,14.6,78726,12.0,-801,-4.8,72,9.0
"36121","5","446","75","0","2016","2","","Wyoming County, New York","Private","NAICS 446 Health and personal care stores","County, NAICS 3-digit -- by ownership sector","All establishment sizes",8,108,113,105,1207076,230219,4268,854,"",0.79,1.08,1.11,1.02,1.58,1.12,0.75,1.47,"",0,0.0,-2,-1.8,5,4.6,-1,-0.9,-27704,-2.2,-45090,-16.4,-2759,-39.3,-25,-2.8
"36121","5","446","75","0","2016","3","","Wyoming County, New York","Private","NAICS 446 Health and personal care stores","County, NAICS 3-digit -- by ownership sector","All establishment sizes",8,106,111,107,1379375,150721,2855,982,"",0.79,1.07,1.13,1.06,1.87,1.38,1.01,1.72,"",0,0.0,1,1.0,6,5.7,1,0.9,-29540,-2.1,-8129,-5.1,-765,-21.1,-47,-4.6
"36121","5","446","75","0","2016","4","","Wyoming County, New York","Private","NAICS 446 Health and personal care stores","County, NAICS 3-digit -- by ownership sector","All establishment sizes",8,103,106,107,1245322,83490,1628,909,"",0.79,1.01,1.04,1.04,1.74,1.14,0.91,1.68,"",0,0.0,-5,-4.6,-5,-4.5,-3,-2.7,-93716,-7.0,-19844,-19.2,-732,-31.0,-30,-3.2
"36121","5","4461","76","0","2016","1","","Wyoming County, New York","Private","NAICS 4461 Health and personal care stores","County, NAICS 4-digit -- by ownership sector","All establishment sizes",8,110,109,105,1227041,733454,16050,874,"",0.79,1.13,1.11,1.06,1.82,1.61,1.43,1.66,"",-1,-11.1,9,8.9,9,9.0,-2,-1.9,156117,14.6,78726,12.0,-801,-4.8,72,9.0
"36121","5","4461","76","0","2016","2","","Wyoming County, New York","Private","NAICS 4461 Health and personal care stores","County, NAICS 4-digit -- by ownership sector","All establishment sizes",8,108,113,105,1207076,230219,4268,854,"",0.79,1.08,1.11,1.02,1.58,1.12,0.75,1.47,"",0,0.0,-2,-1.8,5,4.6,-1,-0.9,-27704,-2.2,-45090,-16.4,-2759,-39.3,-25,-2.8
"36121","5","4461","76","0","2016","3","","Wyoming County, New York","Private","NAICS 4461 Health and personal care stores","County, NAICS 4-digit -- by ownership sector","All establishment sizes",8,106,111,107,1379375,150721,2855,982,"",0.79,1.07,1.13,1.06,1.87,1.38,1.01,1.72,"",0,0.0,1,1.0,6,5.7,1,0.9,-29540,-2.1,-8129,-5.1,-765,-21.1,-47,-4.6
"36121","5","4461","76","0","2016","4","","Wyoming County, New York","Private","NAICS 4461 Health and personal care stores","County, NAICS 4-digit -- by ownership sector","All establishment sizes",8,103,106,107,1245322,83490,1628,909,"",0.79,1.01,1.04,1.04,1.74,1.14,0.91,1.68,"",0,0.0,-5,-4.6,-5,-4.5,-3,-2.7,-93716,-7.0,-19844,-19.2,-732,-31.0,-30,-3.2
"36121","5","44611","77","0","2016","1","","Wyoming County, New York","Private","NAICS 44611 Pharmacies and drug stores","County, NAICS 5-digit -- by ownership sector","All establishment sizes",5,90,90,87,1034006,558728,9498,894,"",0.85,1.33,1.31,1.26,2.07,1.70,1.28,1.60,"",0,0.0,7,8.4,7,8.4,2,2.4,165944,19.1,92239,19.8,-356,-3.6,96,12.0
"36121","5","44611","77","0","2016","2","","Wyoming County, New York","Private","NAICS 44611 Pharmacies and drug stores","County, NAICS 5-digit -- by ownership sector","All establishment sizes",5,91,96,88,974273,205660,3496,818,"",0.84,1.31,1.35,1.22,1.72,1.44,0.96,1.33,"",0,0.0,2,2.2,8,9.1,2,2.3,-20987,-2.1,-3856,-1.8,-921,-20.9,-55,-6.3
"36121","5","44611","77","0","2016","3","","Wyoming County, New York","Private","NAICS 44611 Pharmacies and drug stores","County, NAICS 5-digit -- by ownership sector","All establishment sizes",5,88,92,88,1187630,137959,2346,1023,"",0.85,1.27,1.34,1.26,2.18,1.85,1.34,1.69,"",0,0.0,3,3.5,7,8.2,2,2.3,688,0.1,-10053,-6.8,-775,-24.8,-47,-4.4
"36121","5","44611","77","0","2016","4","","Wyoming County, New York","Private","NAICS 44611 Pharmacies and drug stores","County, NAICS 5-digit -- by ownership sector","All establishment sizes",5,85,88,89,1021465,72702,1235,900,"",0.86,1.21,1.28,1.30,1.93,1.52,1.17,1.53,"",0,0.0,-2,-2.3,-2,-2.2,-1,-1.1,-98754,-8.8,-23763,-24.6,-809,-39.6,-68,-7.0
"36121","5","446110","78","0","2016","1","","Wyoming County, New York","Private","NAICS 446110 Pharmacies and drug stores","County, NAICS 6-digit -- by ownership sector","All establishment sizes",5,90,90,87,1034006,558728,9498,894,"",0.85,1.33,1.31,1.26,2.07,1.70,1.28,1.60,"",0,0.0,7,8.4,7,8.4,2,2.4,165944,19.1,92239,19.8,-356,-3.6,96,12.0
"36121","5","446110","78","0","2016","2","","Wyoming County, New York","Private","NAICS 446110 Pharmacies and drug stores","County, NAICS 6-digit -- by ownership sector","All establishment sizes",5,91,96,88,974273,205660,3496,818,"",0.84,1.31,1.35,1.22,1.72,1.44,0.96,1.33,"",0,0.0,2,2.2,8,9.1,2,2.3,-20987,-2.1,-3856,-1.8,-921,-20.9,-55,-6.3
"36121","5","446110","78","0","2016","3","","Wyoming County, New York","Private","NAICS 446110 Pharmacies and drug stores","County, NAICS 6-digit -- by ownership sector","All establishment sizes",5,88,92,88,1187630,137959,2346,1023,"",0.85,1.27,1.34,1.26,2.18,1.85,1.34,1.69,"",0,0.0,3,3.5,7,8.2,2,2.3,688,0.1,-10053,-6.8,-775,-24.8,-47,-4.4
"36121","5","446110","78","0","2016","4","","Wyoming County, New York","Private","NAICS 446110 Pharmacies and drug stores","County, NAICS 6-digit -- by ownership sector","All establishment sizes",5,85,88,89,1021465,72702,1235,900,"",0.86,1.21,1.28,1.30,1.93,1.52,1.17,1.53,"",0,0.0,-2,-2.3,-2,-2.2,-1,-1.1,-98754,-8.8,-23763,-24.6,-809,-39.6,-68,-7.0
"36121","5","44613","77","0","2016","1","N","Wyoming County, New York","Private","NAICS 44613 Optical goods stores","County, NAICS 5-digit -- by ownership sector","All establishment sizes",2,0,0,0,0,0,0,0,"N",1.92,0,0,0,0,0,0,0,"N",-1,-33.3,0,0,0,0,0,0,0,0,0,0,0,0,0,0
"36121","5","44613","77","0","2016","2","N","Wyoming County, New York","Private","NAICS 44613 Optical goods stores","County, NAICS 5-digit -- by ownership sector","All establishment sizes",2,0,0,0,0,0,0,0,"N",1.93,0,0,0,0,0,0,0,"N",0,0.0,0,0,0,0,0,0,0,0,0,0,0,0,0,0
"36121","5","44613","77","0","2016","3","N","Wyoming County, New York","Private","NAICS 44613 Optical goods stores","County, NAICS 5-digit -- by ownership sector","All establishment sizes",2,0,0,0,0,0,0,0,"N",1.94,0,0,0,0,0,0,0,"N",0,0.0,0,0,0,0,0,0,0,0,0,0,0,0,0,0
"36121","5","44613","77","0","2016","4","N","Wyoming County, New York","Private","NAICS 44613 Optical goods stores","County, NAICS 5-digit -- by ownership sector","All establishment sizes",2,0,0,0,0,0,0,0,"N",1.96,0,0,0,0,0,0,0,"N",0,0.0,0,0,0,0,0,0,0,0,0,0,0,0,0,0
"36121","5","446130","78","0","2016","1","N","Wyoming County, New York","Private","NAICS 446130 Optical goods stores","County, NAICS 6-digit -- by ownership sector","All establishment sizes",2,0,0,0,0,0,0,0,"N",1.92,0,0,0,0,0,0,0,"N",-1,-33.3,0,0,0,0,0,0,0,0,0,0,0,0,0,0
"36121","5","446130","78","0","2016","2","N","Wyoming County, New York","Private","NAICS 446130 Optical goods stores","County, NAICS 6-digit -- by ownership sector","All establishment sizes",2,0,0,0,0,0,0,0,"N",1.93,0,0,0,0,0,0,0,"N",0,0.0,0,0,0,0,0,0,0,0,0,0,0,0,0,0
"36121","5","446130","78","0","2016","3","N","Wyoming County, New York","Private","NAICS 446130 Optical goods stores","County, NAICS 6-digit -- by ownership sector","All establishment sizes",2,0,0,0,0,0,0,0,"N",1.94,0,0,0,0,0,0,0,"N",0,0.0,0,0,0,0,0,0,0,0,0,0,0,0,0,0
"36121","5","446130","78","0","2016","4","N","Wyoming County, New York","Private","NAICS 446130 Optical goods stores","County, NAICS 6-digit -- by ownership sector","All establishment sizes",2,0,0,0,0,0,0,0,"N",1.96,0,0,0,0,0,0,0,"N",0,0.0,0,0,0,0,0,0,0,0,0,0,0,0,0,0
"36121","5","44619","77","0","2016","1","N","Wyoming County, New York","Private","NAICS 44619 Other health and personal care stores","County, NAICS 5-digit -- by ownership sector","All establishment sizes",1,0,0,0,0,0,0,0,"N",0.56,0,0,0,0,0,0,0,"N",0,0.0,0,0,0,0,0,0,0,0,0,0,0,0,0,0
"36121","5","44619","77","0","2016","2","N","Wyoming County, New York","Private","NAICS 44619 Other health and personal care stores","County, NAICS 5-digit -- by ownership sector","All establishment sizes",1,0,0,0,0,0,0,0,"N",0.56,0,0,0,0,0,0,0,"N",0,0.0,0,0,0,0,0,0,0,0,0,0,0,0,0,0
"36121","5","44619","77","0","2016","3","N","Wyoming County, New York","Private","NAICS 44619 Other health and personal care stores","County, NAICS 5-digit -- by ownership sector","All establishment sizes",1,0,0,0,0,0,0,0,"N",0.56,0,0,0,0,0,0,0,"N",0,0.0,0,0,0,0,0,0,0,0,0,0,0,0,0,0
"36121","5","44619","77","0","2016","4","N","Wyoming County, New York","Private","NAICS 44619 Other health and personal care stores","County, NAICS 5-digit -- by ownership sector","All establishment sizes",1,0,0,0,0,0,0,0,"N",0.57,0,0,0,0,0,0,0,"N",0,0.0,0,0,0,0,0,0,0,0,0,0,0,0,0,0
"36121","5","446199","78","0","2016","1","N","Wyoming County, New York","Private","NAICS 446199 All other health and personal care stores","County, NAICS 6-digit -- by ownership sector","All establishment sizes",1,0,0,0,0,0,0,0,"N",1.15,0,0,0,0,0,0,0,"N",0,0.0,0,0,0,0,0,0,0,0,0,0,0,0,0,0
"36121","5","446199","78","0","2016","2","N","Wyoming County, New York","Private","NAICS 446199 All other health and personal care stores","County, NAICS 6-digit -- by ownership sector","All establishment sizes",1,0,0,0,0,0,0,0,"N",1.15,0,0,0,0,0,0,0,"N",0,0.0,0,0,0,0,0,0,0,0,0,0,0,0,0,0
"36121","5","446199","78","0","2016","3","N","Wyoming County, New York","Private","NAICS 446199 All other health and personal care stores","County, NAICS 6-digit -- by ownership sector","All establishment sizes",1,0,0,0,0,0,0,0,"N",1.14,0,0,0,0,0,0,0,"N",0,0.0,0,0,0,0,0,0,0,0,0,0,0,0,0,0
"36121","5","446199","78","0","2016","4","N","Wyoming County, New York","Private","NAICS 446199 All other health and personal care stores","County, NAICS 6-digit -- by ownership sector","All establishment sizes",1,0,0,0,0,0,0,0,"N",1.15,0,0,0,0,0,0,0,"N",0,0.0,0,0,0,0,0,0,0,0,0,0,0,0,0,0
"36121","5","447","75","0","2016","1","","Wyoming County, New York","Private","NAICS 447 Gasoline stations","County, NAICS 3-digit -- by ownership sector","All establishment sizes",16,139,139,135,506792,480622,12906,283,"",1.64,1.61,1.62,1.56,1.60,1.68,2.06,1.00,"",-1,-5.9,33,31.1,19,15.8,17,14.4,85832,20.4,73436,18.0,-1124,-8.0,1,0.4
"36121","5","447","75","0","2016","2","","Wyoming County, New York","Private","NAICS 447 Gasoline stations","County, NAICS 3-digit -- by ownership sector","All establishment sizes",16,138,142,143,557707,404569,11057,304,"",1.65,1.57,1.57,1.56,1.55,2.06,2.11,0.99,"",0,0.0,9,7.0,4,2.9,7,5.1,56969,11.4,22037,5.8,-2882,-20.7,17,5.9
"36121","5","447","75","0","2016","3","","Wyoming County, New York","Private","NAICS 447 Gasoline stations","County, NAICS 3-digit -- by ownership sector","All establishment sizes",16,135,138,133,563148,271105,7627,320,"",1.66,1.52,1.55,1.47,1.54,2.31,2.61,1.02,"",0,0.0,-2,-1.5,3,2.2,3,2.3,36341,6.9,-4024,-1.5,-2317,-23.3,18,6.0
"36121","5","447","75","0","2016","4","","Wyoming County, New York","Private","NAICS 447 Gasoline stations","County, NAICS 3-digit -- by ownership sector","All establishment sizes",16,135,135,133,531575,183296,5159,304,"",1.67,1.52,1.57,1.55,1.53,2.30,2.82,0.99,"",0,0.0,5,3.8,4,3.1,-1,-0.7,-13046,-2.4,-24049,-11.6,-2398,-31.7,-14,-4.4
"36121","5","4471","76","0","2016","1","","Wyoming County, New York","Private","NAICS 4471 Gasoline stations","County, NAICS 4-digit -- by ownership sector","All establishment sizes",16,139,139,135,506792,480622,12906,283,"",1.64,1.61,1.62,1.56,1.60,1.68,2.06,1.00,"",-1,-5.9,33,31.1,19,15.8,17,14.4,85832,20.4,73436,18.0,-1124,-8.0,1,0.4
"36121","5","4471","76","0","2016","2","","Wyoming County, New York","Private","NAICS 4471 Gasoline stations","County, NAICS 4-digit -- by ownership sector","All establishment sizes",16,138,142,143,557707,404569,11057,304,"",1.65,1.57,1.57,1.56,1.55,2.06,2.11,0.99,"",0,0.0,9,7.0,4,2.9,7,5.1,56969,11.4,22037,5.8,-2882,-20.7,17,5.9
"36121","5","4471","76","0","2016","3","","Wyoming County, New York","Private","NAICS 4471 Gasoline stations","County, NAICS 4-digit -- by ownership sector","All establishment sizes",16,135,138,133,563148,271105,7627,320,"",1.66,1.52,1.55,1.47,1.54,2.31,2.61,1.02,"",0,0.0,-2,-1.5,3,2.2,3,2.3,36341,6.9,-4024,-1.5,-2317,-23.3,18,6.0
"36121","5","4471","76","0","2016","4","","Wyoming County, New York","Private","NAICS 4471 Gasoline stations","County, NAICS 4-digit -- by ownership sector","All establishment sizes",16,135,135,133,531575,183296,5159,304,"",1.67,1.52,1.57,1.55,1.53,2.30,2.82,0.99,"",0,0.0,5,3.8,4,3.1,-1,-0.7,-13046,-2.4,-24049,-11.6,-2398,-31.7,-14,-4.4
"36121","5","44711","77","0","2016","1","","Wyoming County, New York","Private","NAICS 44711 Gasoline stations with convenience stores","County, NAICS 5-digit -- by ownership sector","All establishment sizes",16,139,139,135,506792,480622,12906,283,"",1.83,1.82,1.83,1.76,1.86,1.95,2.44,1.03,"",-1,-5.9,33,31.1,19,15.8,17,14.4,85832,20.4,73436,18.0,-1124,-8.0,1,0.4
"36121","5","44711","77","0","2016","2","","Wyoming County, New York","Private","NAICS 44711 Gasoline stations with convenience stores","County, NAICS 5-digit -- by ownership sector","All establishment sizes",16,138,142,143,557707,404569,11057,304,"",1.84,1.78,1.77,1.75,1.80,2.36,2.48,1.01,"",0,0.0,9,7.0,4,2.9,7,5.1,56969,11.4,22037,5.8,-2882,-20.7,17,5.9
"36121","5","44711","77","0","2016","3","","Wyoming County, New York","Private","NAICS 44711 Gasoline stations with convenience stores","County, NAICS 5-digit -- by ownership sector","All establishment sizes",16,135,138,133,563148,271105,7627,320,"",1.85,1.71,1.75,1.66,1.78,2.62,3.02,1.04,"",0,0.0,-2,-1.5,3,2.2,3,2.3,36341,6.9,-4024,-1.5,-2317,-23.3,18,6.0
"36121","5","44711","77","0","2016","4","","Wyoming County, New York","Private","NAICS 44711 Gasoline stations with convenience stores","County, NAICS 5-digit -- by ownership sector","All establishment sizes",16,135,135,133,531575,183296,5159,304,"",1.86,1.72,1.77,1.75,1.78,2.62,3.28,1.02,"",0,0.0,5,3.8,4,3.1,-1,-0.7,-13046,-2.4,-24049,-11.6,-2398,-31.7,-14,-4.4
"36121","5","447110","78","0","2016","1","","Wyoming County, New York","Private","NAICS 447110 Gasoline stations with convenience stores","County, NAICS 6-digit -- by ownership sector","All establishment sizes",16,139,139,135,506792,480622,12906,283,"",1.83,1.82,1.83,1.76,1.86,1.95,2.44,1.03,"",-1,-5.9,33,31.1,19,15.8,17,14.4,85832,20.4,73436,18.0,-1124,-8.0,1,0.4
"36121","5","447110","78","0","2016","2","","Wyoming County, New York","Private","NAICS 447110 Gasoline stations with convenience stores","County, NAICS 6-digit -- by ownership sector","All establishment sizes",16,138,142,143,557707,404569,11057,304,"",1.84,1.78,1.77,1.75,1.80,2.36,2.48,1.01,"",0,0.0,9,7.0,4,2.9,7,5.1,56969,11.4,22037,5.8,-2882,-20.7,17,5.9
"36121","5","447110","78","0","2016","3","","Wyoming County, New York","Private","NAICS 447110 Gasoline stations with convenience stores","County, NAICS 6-digit -- by ownership sector","All establishment sizes",16,135,138,133,563148,271105,7627,320,"",1.85,1.71,1.75,1.66,1.78,2.62,3.02,1.04,"",0,0.0,-2,-1.5,3,2.2,3,2.3,36341,6.9,-4024,-1.5,-2317,-23.3,18,6.0
"36121","5","447110","78","0","2016","4","","Wyoming County, New York","Private","NAICS 447110 Gasoline stations with convenience stores","County, NAICS 6-digit -- by ownership sector","All establishment sizes",16,135,135,133,531575,183296,5159,304,"",1.86,1.72,1.77,1.75,1.78,2.62,3.28,1.02,"",0,0.0,5,3.8,4,3.1,-1,-0.7,-13046,-2.4,-24049,-11.6,-2398,-31.7,-14,-4.4
"36121","5","448","75","0","2016","1","N","Wyoming County, New York","Private","NAICS 448 Clothing and clothing accessories stores","County, NAICS 3-digit -- by ownership sector","All establishment sizes",3,0,0,0,0,0,0,0,"N",0.25,0,0,0,0,0,0,0,"N",-1,-25.0,0,0,0,0,0,0,0,0,0,0,0,0,0,0
"36121","5","448","75","0","2016","2","","Wyoming County, New York","Private","NAICS 448 Clothing and clothing accessories stores","County, NAICS 3-digit -- by ownership sector","All establishment sizes",3,13,13,12,57967,36171,615,352,"",0.26,0.11,0.10,0.09,0.10,0.17,0.09,1.05,"",-2,-40.0,-1,-7.1,-71,-84.5,-74,-86.0,-217936,-79.0,-11955,-24.8,-775,-55.8,6,1.7
"36121","5","448","75","0","2016","3","N","Wyoming County, New York","Private","NAICS 448 Clothing and clothing accessories stores","County, NAICS 3-digit -- by ownership sector","All establishment sizes",3,0,0,0,0,0,0,0,"N",0.26,0,0,0,0,0,0,0,"N",-2,-40.0,0,0,0,0,0,0,0,0,0,0,0,0,0,0
"36121","5","448","75","0","2016","4","N","Wyoming County, New York","Private","NAICS 448 Clothing and clothing accessories stores","County, NAICS 3-digit -- by ownership sector","All establishment sizes",3,0,0,0,0,0,0,0,"N",0.26,0,0,0,0,0,0,0,"N",-2,-40.0,0,0,0,0,0,0,0,0,0,0,0,0,0,0
"36121","5","4481","76","0","2016","1","N","Wyoming County, New York","Private","NAICS 4481 Clothing stores","County, NAICS 4-digit -- by ownership sector","All establishment sizes",1,0,0,0,0,0,0,0,"N",0.13,0,0,0,0,0,0,0,"N",-1,-50.0,0,0,0,0,0,0,0,0,0,0,0,0,0,0
"36121","5","4481","76","0","2016","2","N","Wyoming County, New York","Private","NAICS 4481 Clothing stores","County, NAICS 4-digit -- by ownership sector","All establishment sizes",1,0,0,0,0,0,0,0,"N",0.13,0,0,0,0,0,0,0,"N",-2,-66.7,0,0,0,0,0,0,0,0,0,0,0,0,0,0
"36121","5","4481","76","0","2016","3","N","Wyoming County, New York","Private","NAICS 4481 Clothing stores","County, NAICS 4-digit -- by ownership sector","All establishment sizes",1,0,0,0,0,0,0,0,"N",0.13,0,0,0,0,0,0,0,"N",-2,-66.7,0,0,0,0,0,0,0,0,0,0,0,0,0,0
"36121","5","4481","76","0","2016","4","N","Wyoming County, New York","Private","NAICS 4481 Clothing stores","County, NAICS 4-digit -- by ownership sector","All establishment sizes",1,0,0,0,0,0,0,0,"N",0.13,0,0,0,0,0,0,0,"N",-2,-66.7,0,0,0,0,0,0,0,0,0,0,0,0,0,0
"36121","5","44814","77","0","2016","1","N","Wyoming County, New York","Private","NAICS 44814 Family clothing stores","County, NAICS 5-digit -- by ownership sector","All establishment sizes",1,0,0,0,0,0,0,0,"N",0.47,0,0,0,0,0,0,0,"N",0,0.0,0,0,0,0,0,0,0,0,0,0,0,0,0,0
"36121","5","44814","77","0","2016","2","N","Wyoming County, New York","Private","NAICS 44814 Family clothing stores","County, NAICS 5-digit -- by ownership sector","All establishment sizes",1,0,0,0,0,0,0,0,"N",0.48,0,0,0,0,0,0,0,"N",0,0.0,0,0,0,0,0,0,0,0,0,0,0,0,0,0
"36121","5","44814","77","0","2016","3","N","Wyoming County, New York","Private","NAICS 44814 Family clothing stores","County, NAICS 5-digit -- by ownership sector","All establishment sizes",1,0,0,0,0,0,0,0,"N",0.48,0,0,0,0,0,0,0,"N",0,0.0,0,0,0,0,0,0,0,0,0,0,0,0,0,0
"36121","5","44814","77","0","2016","4","N","Wyoming County, New York","Private","NAICS 44814 Family clothing stores","County, NAICS 5-digit -- by ownership sector","All establishment sizes",1,0,0,0,0,0,0,0,"N",0.48,0,0,0,0,0,0,0,"N",0,0.0,0,0,0,0,0,0,0,0,0,0,0,0,0,0
"36121","5","448140","78","0","2016","1","N","Wyoming County, New York","Private","NAICS 448140 Family clothing stores","County, NAICS 6-digit -- by ownership sector","All establishment sizes",1,0,0,0,0,0,0,0,"N",0.47,0,0,0,0,0,0,0,"N",0,0.0,0,0,0,0,0,0,0,0,0,0,0,0,0,0
"36121","5","448140","78","0","2016","2","N","Wyoming County, New York","Private","NAICS 448140 Family clothing stores","County, NAICS 6-digit -- by ownership sector","All establishment sizes",1,0,0,0,0,0,0,0,"N",0.48,0,0,0,0,0,0,0,"N",0,0.0,0,0,0,0,0,0,0,0,0,0,0,0,0,0
"36121","5","448140","78","0","2016","3","N","Wyoming County, New York","Private","NAICS 448140 Family clothing stores","County, NAICS 6-digit -- by ownership sector","All establishment sizes",1,0,0,0,0,0,0,0,"N",0.48,0,0,0,0,0,0,0,"N",0,0.0,0,0,0,0,0,0,0,0,0,0,0,0,0,0
"36121","5","448140","78","0","2016","4","N","Wyoming County, New York","Private","NAICS 448140 Family clothing stores","County, NAICS 6-digit -- by ownership sector","All establishment sizes",1,0,0,0,0,0,0,0,"N",0.48,0,0,0,0,0,0,0,"N",0,0.0,0,0,0,0,0,0,0,0,0,0,0,0,0,0
"36121","5","4482","76","0","2016","1","N","Wyoming County, New York","Private","NAICS 4482 Shoe stores","County, NAICS 4-digit -- by ownership sector","All establishment sizes",1,0,0,0,0,0,0,0,"N",0.51,0,0,0,0,0,0,0,"N",0,0.0,0,0,0,0,0,0,0,0,0,0,0,0,0,0
"36121","5","4482","76","0","2016","2","N","Wyoming County, New York","Private","NAICS 4482 Shoe stores","County, NAICS 4-digit -- by ownership sector","All establishment sizes",1,0,0,0,0,0,0,0,"N",0.51,0,0,0,0,0,0,0,"N",0,0.0,0,0,0,0,0,0,0,0,0,0,0,0,0,0
"36121","5","4482","76","0","2016","3","N","Wyoming County, New York","Private","NAICS 4482 Shoe stores","County, NAICS 4-digit -- by ownership sector","All establishment sizes",1,0,0,0,0,0,0,0,"N",0.52,0,0,0,0,0,0,0,"N",0,0.0,0,0,0,0,0,0,0,0,0,0,0,0,0,0
"36121","5","4482","76","0","2016","4","N","Wyoming County, New York","Private","NAICS 4482 Shoe stores","County, NAICS 4-digit -- by ownership sector","All establishment sizes",1,0,0,0,0,0,0,0,"N",0.52,0,0,0,0,0,0,0,"N",0,0.0,0,0,0,0,0,0,0,0,0,0,0,0,0,0
"36121","5","44821","77","0","2016","1","N","Wyoming County, New York","Private","NAICS 44821 Shoe stores","County, NAICS 5-digit -- by ownership sector","All establishment sizes",1,0,0,0,0,0,0,0,"N",0.51,0,0,0,0,0,0,0,"N",0,0.0,0,0,0,0,0,0,0,0,0,0,0,0,0,0
"36121","5","44821","77","0","2016","2","N","Wyoming County, New York","Private","NAICS 44821 Shoe stores","County, NAICS 5-digit -- by ownership sector","All establishment sizes",1,0,0,0,0,0,0,0,"N",0.51,0,0,0,0,0,0,0,"N",0,0.0,0,0,0,0,0,0,0,0,0,0,0,0,0,0
"36121","5","44821","77","0","2016","3","N","Wyoming County, New York","Private","NAICS 44821 Shoe stores","County, NAICS 5-digit -- by ownership sector","All establishment sizes",1,0,0,0,0,0,0,0,"N",0.52,0,0,0,0,0,0,0,"N",0,0.0,0,0,0,0,0,0,0,0,0,0,0,0,0,0
"36121","5","44821","77","0","2016","4","N","Wyoming County, New York","Private","NAICS 44821 Shoe stores","County, NAICS 5-digit -- by ownership sector","All establishment sizes",1,0,0,0,0,0,0,0,"N",0.52,0,0,0,0,0,0,0,"N",0,0.0,0,0,0,0,0,0,0,0,0,0,0,0,0,0
"36121","5","448210","78","0","2016","1","N","Wyoming County, New York","Private","NAICS 448210 Shoe stores","County, NAICS 6-digit -- by ownership sector","All establishment sizes",1,0,0,0,0,0,0,0,"N",0.51,0,0,0,0,0,0,0,"N",0,0.0,0,0,0,0,0,0,0,0,0,0,0,0,0,0
"36121","5","448210","78","0","2016","2","N","Wyoming County, New York","Private","NAICS 448210 Shoe stores","County, NAICS 6-digit -- by ownership sector","All establishment sizes",1,0,0,0,0,0,0,0,"N",0.51,0,0,0,0,0,0,0,"N",0,0.0,0,0,0,0,0,0,0,0,0,0,0,0,0,0
"36121","5","448210","78","0","2016","3","N","Wyoming County, New York","Private","NAICS 448210 Shoe stores","County, NAICS 6-digit -- by ownership sector","All establishment sizes",1,0,0,0,0,0,0,0,"N",0.52,0,0,0,0,0,0,0,"N",0,0.0,0,0,0,0,0,0,0,0,0,0,0,0,0,0
"36121","5","448210","78","0","2016","4","N","Wyoming County, New York","Private","NAICS 448210 Shoe stores","County, NAICS 6-digit -- by ownership sector","All establishment sizes",1,0,0,0,0,0,0,0,"N",0.52,0,0,0,0,0,0,0,"N",0,0.0,0,0,0,0,0,0,0,0,0,0,0,0,0,0
"36121","5","4483","76","0","2016","1","N","Wyoming County, New York","Private","NAICS 4483 Jewelry, luggage, and leather goods stores","County, NAICS 4-digit -- by ownership sector","All establishment sizes",1,0,0,0,0,0,0,0,"N",0.48,0,0,0,0,0,0,0,"N",0,0.0,0,0,0,0,0,0,0,0,0,0,0,0,0,0
"36121","5","4483","76","0","2016","2","N","Wyoming County, New York","Private","NAICS 4483 Jewelry, luggage, and leather goods stores","County, NAICS 4-digit -- by ownership sector","All establishment sizes",1,0,0,0,0,0,0,0,"N",0.49,0,0,0,0,0,0,0,"N",0,0.0,0,0,0,0,0,0,0,0,0,0,0,0,0,0
"36121","5","4483","76","0","2016","3","N","Wyoming County, New York","Private","NAICS 4483 Jewelry, luggage, and leather goods stores","County, NAICS 4-digit -- by ownership sector","All establishment sizes",1,0,0,0,0,0,0,0,"N",0.49,0,0,0,0,0,0,0,"N",0,0.0,0,0,0,0,0,0,0,0,0,0,0,0,0,0
"36121","5","4483","76","0","2016","4","N","Wyoming County, New York","Private","NAICS 4483 Jewelry, luggage, and leather goods stores","County, NAICS 4-digit -- by ownership sector","All establishment sizes",1,0,0,0,0,0,0,0,"N",0.50,0,0,0,0,0,0,0,"N",0,0.0,0,0,0,0,0,0,0,0,0,0,0,0,0,0
"36121","5","44831","77","0","2016","1","N","Wyoming County, New York","Private","NAICS 44831 Jewelry stores","County, NAICS 5-digit -- by ownership sector","All establishment sizes",1,0,0,0,0,0,0,0,"N",0.52,0,0,0,0,0,0,0,"N",0,0.0,0,0,0,0,0,0,0,0,0,0,0,0,0,0
"36121","5","44831","77","0","2016","2","N","Wyoming County, New York","Private","NAICS 44831 Jewelry stores","County, NAICS 5-digit -- by ownership sector","All establishment sizes",1,0,0,0,0,0,0,0,"N",0.52,0,0,0,0,0,0,0,"N",0,0.0,0,0,0,0,0,0,0,0,0,0,0,0,0,0
"36121","5","44831","77","0","2016","3","N","Wyoming County, New York","Private","NAICS 44831 Jewelry stores","County, NAICS 5-digit -- by ownership sector","All establishment sizes",1,0,0,0,0,0,0,0,"N",0.53,0,0,0,0,0,0,0,"N",0,0.0,0,0,0,0,0,0,0,0,0,0,0,0,0,0
"36121","5","44831","77","0","2016","4","N","Wyoming County, New York","Private","NAICS 44831 Jewelry stores","County, NAICS 5-digit -- by ownership sector","All establishment sizes",1,0,0,0,0,0,0,0,"N",0.53,0,0,0,0,0,0,0,"N",0,0.0,0,0,0,0,0,0,0,0,0,0,0,0,0,0
"36121","5","448310","78","0","2016","1","N","Wyoming County, New York","Private","NAICS 448310 Jewelry stores","County, NAICS 6-digit -- by ownership sector","All establishment sizes",1,0,0,0,0,0,0,0,"N",0.52,0,0,0,0,0,0,0,"N",0,0.0,0,0,0,0,0,0,0,0,0,0,0,0,0,0
"36121","5","448310","78","0","2016","2","N","Wyoming County, New York","Private","NAICS 448310 Jewelry stores","County, NAICS 6-digit -- by ownership sector","All establishment sizes",1,0,0,0,0,0,0,0,"N",0.52,0,0,0,0,0,0,0,"N",0,0.0,0,0,0,0,0,0,0,0,0,0,0,0,0,0
"36121","5","448310","78","0","2016","3","N","Wyoming County, New York","Private","NAICS 448310 Jewelry stores","County, NAICS 6-digit -- by ownership sector","All establishment sizes",1,0,0,0,0,0,0,0,"N",0.53,0,0,0,0,0,0,0,"N",0,0.0,0,0,0,0,0,0,0,0,0,0,0,0,0,0
"36121","5","448310","78","0","2016","4","N","Wyoming County, New York","Private","NAICS 448310 Jewelry stores","County, NAICS 6-digit -- by ownership sector","All establishment sizes",1,0,0,0,0,0,0,0,"N",0.53,0,0,0,0,0,0,0,"N",0,0.0,0,0,0,0,0,0,0,0,0,0,0,0,0,0
"36121","5","451","75","0","2016","1","","Wyoming County, New York","Private","NAICS 451 Sports, hobby, music instrument, book stores","County, NAICS 3-digit -- by ownership sector","All establishment sizes",3,20,18,20,48788,48543,979,194,"",0.62,0.33,0.31,0.34,0.23,0.27,0.23,0.70,"",-1,-25.0,-4,-16.7,-5,-21.7,-3,-13.0,-9799,-16.7,-9857,-16.9,-510,-34.3,1,0.5
"36121","5","451","75","0","2016","2","N","Wyoming County, New York","Private","NAICS 451 Sports, hobby, music instrument, book stores","County, NAICS 3-digit -- by ownership sector","All establishment sizes",4,0,0,0,0,0,0,0,"N",0.83,0,0,0,0,0,0,0,"N",0,0.0,0,0,0,0,0,0,0,0,0,0,0,0,0,0
"36121","5","451","75","0","2016","3","","Wyoming County, New York","Private","NAICS 451 Sports, hobby, music instrument, book stores","County, NAICS 3-digit -- by ownership sector","All establishment sizes",4,20,19,26,69373,44928,1024,246,"",0.83,0.35,0.33,0.45,0.29,0.67,0.58,0.76,"N",1,33.3,0,0,0,0,0,0,0,0,0,0,0,0,0,0
"36121","5","451","75","0","2016","4","N","Wyoming County, New York","Private","NAICS 451 Sports, hobby, music instrument, book stores","County, NAICS 3-digit -- by ownership sector","All establishment sizes",4,0,0,0,0,0,0,0,"N",0.85,0,0,0,0,0,0,0,"N",1,33.3,0,0,0,0,0,0,0,0,0,0,0,0,0,0
"36121","5","4511","76","0","2016","1","N","Wyoming County, New York","Private","NAICS 4511 Sporting goods and musical instrument stores","County, NAICS 4-digit -- by ownership sector","All establishment sizes",2,0,0,0,0,0,0,0,"N",0.48,0,0,0,0,0,0,0,"N",-1,-33.3,0,0,0,0,0,0,0,0,0,0,0,0,0,0
"36121","5","4511","76","0","2016","2","N","Wyoming County, New York","Private","NAICS 4511 Sporting goods and musical instrument stores","County, NAICS 4-digit -- by ownership sector","All establishment sizes",3,0,0,0,0,0,0,0,"N",0.73,0,0,0,0,0,0,0,"N",0,0.0,0,0,0,0,0,0,0,0,0,0,0,0,0,0
"36121","5","4511","76","0","2016","3","N","Wyoming County, New York","Private","NAICS 4511 Sporting goods and musical instrument stores","County, NAICS 4-digit -- by ownership sector","All establishment sizes",3,0,0,0,0,0,0,0,"N",0.74,0,0,0,0,0,0,0,"N",1,50.0,0,0,0,0,0,0,0,0,0,0,0,0,0,0
"36121","5","4511","76","0","2016","4","N","Wyoming County, New York","Private","NAICS 4511 Sporting goods and musical instrument stores","County, NAICS 4-digit -- by ownership sector","All establishment sizes",3,0,0,0,0,0,0,0,"N",0.75,0,0,0,0,0,0,0,"N",1,50.0,0,0,0,0,0,0,0,0,0,0,0,0,0,0
"36121","5","45111","77","0","2016","1","N","Wyoming County, New York","Private","NAICS 45111 Sporting goods stores","County, NAICS 5-digit -- by ownership sector","All establishment sizes",1,0,0,0,0,0,0,0,"N",0.44,0,0,0,0,0,0,0,"N",-1,-50.0,0,0,0,0,0,0,0,0,0,0,0,0,0,0
"36121","5","45111","77","0","2016","2","N","Wyoming County, New York","Private","NAICS 45111 Sporting goods stores","County, NAICS 5-digit -- by ownership sector","All establishment sizes",1,0,0,0,0,0,0,0,"N",0.45,0,0,0,0,0,0,0,"N",-1,-50.0,0,0,0,0,0,0,0,0,0,0,0,0,0,0
"36121","5","45111","77","0","2016","3","N","Wyoming County, New York","Private","NAICS 45111 Sporting goods stores","County, NAICS 5-digit -- by ownership sector","All establishment sizes",1,0,0,0,0,0,0,0,"N",0.45,0,0,0,0,0,0,0,"N",0,0.0,0,0,0,0,0,0,0,0,0,0,0,0,0,0
"36121","5","45111","77","0","2016","4","N","Wyoming County, New York","Private","NAICS 45111 Sporting goods stores","County, NAICS 5-digit -- by ownership sector","All establishment sizes",1,0,0,0,0,0,0,0,"N",0.46,0,0,0,0,0,0,0,"N",0,0.0,0,0,0,0,0,0,0,0,0,0,0,0,0,0
"36121","5","451110","78","0","2016","1","N","Wyoming County, New York","Private","NAICS 451110 Sporting goods stores","County, NAICS 6-digit -- by ownership sector","All establishment sizes",1,0,0,0,0,0,0,0,"N",0.44,0,0,0,0,0,0,0,"N",-1,-50.0,0,0,0,0,0,0,0,0,0,0,0,0,0,0
"36121","5","451110","78","0","2016","2","N","Wyoming County, New York","Private","NAICS 451110 Sporting goods stores","County, NAICS 6-digit -- by ownership sector","All establishment sizes",1,0,0,0,0,0,0,0,"N",0.45,0,0,0,0,0,0,0,"N",-1,-50.0,0,0,0,0,0,0,0,0,0,0,0,0,0,0
"36121","5","451110","78","0","2016","3","N","Wyoming County, New York","Private","NAICS 451110 Sporting goods stores","County, NAICS 6-digit -- by ownership sector","All establishment sizes",1,0,0,0,0,0,0,0,"N",0.45,0,0,0,0,0,0,0,"N",0,0.0,0,0,0,0,0,0,0,0,0,0,0,0,0,0
"36121","5","451110","78","0","2016","4","N","Wyoming County, New York","Private","NAICS 451110 Sporting goods stores","County, NAICS 6-digit -- by ownership sector","All establishment sizes",1,0,0,0,0,0,0,0,"N",0.46,0,0,0,0,0,0,0,"N",0,0.0,0,0,0,0,0,0,0,0,0,0,0,0,0,0
"36121","5","45112","77","0","2016","1","-","Wyoming County, New York","Private","NAICS 45112 Hobby, toy, and game stores","County, NAICS 5-digit -- by ownership sector","All establishment sizes",0,0,0,0,0,0,0,0,"N",0.00,0,0,0,0,0,0,0,"N",0,0,0,0,0,0,0,0,0,0,0,0,0,0,0,0
"36121","5","45112","77","0","2016","2","N","Wyoming County, New York","Private","NAICS 45112 Hobby, toy, and game stores","County, NAICS 5-digit -- by ownership sector","All establishment sizes",1,0,0,0,0,0,0,0,"N",0.93,0,0,0,0,0,0,0,"N",1,100.0,0,0,0,0,0,0,0,0,0,0,0,0,0,0
"36121","5","45112","77","0","2016","3","N","Wyoming County, New York","Private","NAICS 45112 Hobby, toy, and game stores","County, NAICS 5-digit -- by ownership sector","All establishment sizes",1,0,0,0,0,0,0,0,"N",0.94,0,0,0,0,0,0,0,"N",1,100.0,0,0,0,0,0,0,0,0,0,0,0,0,0,0
"36121","5","45112","77","0","2016","4","N","Wyoming County, New York","Private","NAICS 45112 Hobby, toy, and game stores","County, NAICS 5-digit -- by ownership sector","All establishment sizes",1,0,0,0,0,0,0,0,"N",0.94,0,0,0,0,0,0,0,"N",1,100.0,0,0,0,0,0,0,0,0,0,0,0,0,0,0
"36121","5","451120","78","0","2016","1","-","Wyoming County, New York","Private","NAICS 451120 Hobby, toy, and game stores","County, NAICS 6-digit -- by ownership sector","All establishment sizes",0,0,0,0,0,0,0,0,"N",0.00,0,0,0,0,0,0,0,"N",0,0,0,0,0,0,0,0,0,0,0,0,0,0,0,0
"36121","5","451120","78","0","2016","2","N","Wyoming County, New York","Private","NAICS 451120 Hobby, toy, and game stores","County, NAICS 6-digit -- by ownership sector","All establishment sizes",1,0,0,0,0,0,0,0,"N",0.93,0,0,0,0,0,0,0,"N",1,100.0,0,0,0,0,0,0,0,0,0,0,0,0,0,0
"36121","5","451120","78","0","2016","3","N","Wyoming County, New York","Private","NAICS 451120 Hobby, toy, and game stores","County, NAICS 6-digit -- by ownership sector","All establishment sizes",1,0,0,0,0,0,0,0,"N",0.94,0,0,0,0,0,0,0,"N",1,100.0,0,0,0,0,0,0,0,0,0,0,0,0,0,0
"36121","5","451120","78","0","2016","4","N","Wyoming County, New York","Private","NAICS 451120 Hobby, toy, and game stores","County, NAICS 6-digit -- by ownership sector","All establishment sizes",1,0,0,0,0,0,0,0,"N",0.94,0,0,0,0,0,0,0,"N",1,100.0,0,0,0,0,0,0,0,0,0,0,0,0,0,0
"36121","5","45113","77","0","2016","1","N","Wyoming County, New York","Private","NAICS 45113 Sewing, needlework, and piece goods stores","County, NAICS 5-digit -- by ownership sector","All establishment sizes",1,0,0,0,0,0,0,0,"N",2.27,0,0,0,0,0,0,0,"N",0,0.0,0,0,0,0,0,0,0,0,0,0,0,0,0,0
"36121","5","45113","77","0","2016","2","N","Wyoming County, New York","Private","NAICS 45113 Sewing, needlework, and piece goods stores","County, NAICS 5-digit -- by ownership sector","All establishment sizes",1,0,0,0,0,0,0,0,"N",2.32,0,0,0,0,0,0,0,"N",0,0.0,0,0,0,0,0,0,0,0,0,0,0,0,0,0
"36121","5","45113","77","0","2016","3","N","Wyoming County, New York","Private","NAICS 45113 Sewing, needlework, and piece goods stores","County, NAICS 5-digit -- by ownership sector","All establishment sizes",1,0,0,0,0,0,0,0,"N",2.37,0,0,0,0,0,0,0,"N",0,0.0,0,0,0,0,0,0,0,0,0,0,0,0,0,0
"36121","5","45113","77","0","2016","4","N","Wyoming County, New York","Private","NAICS 45113 Sewing, needlework, and piece goods stores","County, NAICS 5-digit -- by ownership sector","All establishment sizes",1,0,0,0,0,0,0,0,"N",2.50,0,0,0,0,0,0,0,"N",0,0.0,0,0,0,0,0,0,0,0,0,0,0,0,0,0
"36121","5","451130","78","0","2016","1","N","Wyoming County, New York","Private","NAICS 451130 Sewing, needlework, and piece goods stores","County, NAICS 6-digit -- by ownership sector","All establishment sizes",1,0,0,0,0,0,0,0,"N",2.27,0,0,0,0,0,0,0,"N",0,0.0,0,0,0,0,0,0,0,0,0,0,0,0,0,0
"36121","5","451130","78","0","2016","2","N","Wyoming County, New York","Private","NAICS 451130 Sewing, needlework, and piece goods stores","County, NAICS 6-digit -- by ownership sector","All establishment sizes",1,0,0,0,0,0,0,0,"N",2.32,0,0,0,0,0,0,0,"N",0,0.0,0,0,0,0,0,0,0,0,0,0,0,0,0,0
"36121","5","451130","78","0","2016","3","N","Wyoming County, New York","Private","NAICS 451130 Sewing, needlework, and piece goods stores","County, NAICS 6-digit -- by ownership sector","All establishment sizes",1,0,0,0,0,0,0,0,"N",2.37,0,0,0,0,0,0,0,"N",0,0.0,0,0,0,0,0,0,0,0,0,0,0,0,0,0
"36121","5","451130","78","0","2016","4","N","Wyoming County, New York","Private","NAICS 451130 Sewing, needlework, and piece goods stores","County, NAICS 6-digit -- by ownership sector","All establishment sizes",1,0,0,0,0,0,0,0,"N",2.50,0,0,0,0,0,0,0,"N",0,0.0,0,0,0,0,0,0,0,0,0,0,0,0,0,0
"36121","5","4512","76","0","2016","1","N","Wyoming County, New York","Private","NAICS 4512 Book stores and news dealers","County, NAICS 4-digit -- by ownership sector","All establishment sizes",1,0,0,0,0,0,0,0,"N",1.36,0,0,0,0,0,0,0,"N",0,0.0,0,0,0,0,0,0,0,0,0,0,0,0,0,0
"36121","5","4512","76","0","2016","2","N","Wyoming County, New York","Private","NAICS 4512 Book stores and news dealers","County, NAICS 4-digit -- by ownership sector","All establishment sizes",1,0,0,0,0,0,0,0,"N",1.36,0,0,0,0,0,0,0,"N",0,0.0,0,0,0,0,0,0,0,0,0,0,0,0,0,0
"36121","5","4512","76","0","2016","3","N","Wyoming County, New York","Private","NAICS 4512 Book stores and news dealers","County, NAICS 4-digit -- by ownership sector","All establishment sizes",1,0,0,0,0,0,0,0,"N",1.38,0,0,0,0,0,0,0,"N",0,0.0,0,0,0,0,0,0,0,0,0,0,0,0,0,0
"36121","5","4512","76","0","2016","4","N","Wyoming County, New York","Private","NAICS 4512 Book stores and news dealers","County, NAICS 4-digit -- by ownership sector","All establishment sizes",1,0,0,0,0,0,0,0,"N",1.40,0,0,0,0,0,0,0,"N",0,0.0,0,0,0,0,0,0,0,0,0,0,0,0,0,0
"36121","5","45121","77","0","2016","1","N","Wyoming County, New York","Private","NAICS 45121 Book stores and news dealers","County, NAICS 5-digit -- by ownership sector","All establishment sizes",1,0,0,0,0,0,0,0,"N",1.36,0,0,0,0,0,0,0,"N",0,0.0,0,0,0,0,0,0,0,0,0,0,0,0,0,0
"36121","5","45121","77","0","2016","2","N","Wyoming County, New York","Private","NAICS 45121 Book stores and news dealers","County, NAICS 5-digit -- by ownership sector","All establishment sizes",1,0,0,0,0,0,0,0,"N",1.36,0,0,0,0,0,0,0,"N",0,0.0,0,0,0,0,0,0,0,0,0,0,0,0,0,0
"36121","5","45121","77","0","2016","3","N","Wyoming County, New York","Private","NAICS 45121 Book stores and news dealers","County, NAICS 5-digit -- by ownership sector","All establishment sizes",1,0,0,0,0,0,0,0,"N",1.38,0,0,0,0,0,0,0,"N",0,0.0,0,0,0,0,0,0,0,0,0,0,0,0,0,0
"36121","5","45121","77","0","2016","4","N","Wyoming County, New York","Private","NAICS 45121 Book stores and news dealers","County, NAICS 5-digit -- by ownership sector","All establishment sizes",1,0,0,0,0,0,0,0,"N",1.40,0,0,0,0,0,0,0,"N",0,0.0,0,0,0,0,0,0,0,0,0,0,0,0,0,0
"36121","5","451211","78","0","2016","1","N","Wyoming County, New York","Private","NAICS 451211 Book stores","County, NAICS 6-digit -- by ownership sector","All establishment sizes",1,0,0,0,0,0,0,0,"N",1.55,0,0,0,0,0,0,0,"N",0,0.0,0,0,0,0,0,0,0,0,0,0,0,0,0,0
"36121","5","451211","78","0","2016","2","N","Wyoming County, New York","Private","NAICS 451211 Book stores","County, NAICS 6-digit -- by ownership sector","All establishment sizes",1,0,0,0,0,0,0,0,"N",1.55,0,0,0,0,0,0,0,"N",0,0.0,0,0,0,0,0,0,0,0,0,0,0,0,0,0
"36121","5","451211","78","0","2016","3","N","Wyoming County, New York","Private","NAICS 451211 Book stores","County, NAICS 6-digit -- by ownership sector","All establishment sizes",1,0,0,0,0,0,0,0,"N",1.57,0,0,0,0,0,0,0,"N",0,0.0,0,0,0,0,0,0,0,0,0,0,0,0,0,0
"36121","5","451211","78","0","2016","4","N","Wyoming County, New York","Private","NAICS 451211 Book stores","County, NAICS 6-digit -- by ownership sector","All establishment sizes",1,0,0,0,0,0,0,0,"N",1.59,0,0,0,0,0,0,0,"N",0,0.0,0,0,0,0,0,0,0,0,0,0,0,0,0,0
"36121","5","452","75","0","2016","1","","Wyoming County, New York","Private","NAICS 452 General merchandise stores","County, NAICS 3-digit -- by ownership sector","All establishment sizes",10,168,165,170,922328,786604,19207,423,"",1.74,0.55,0.56,0.57,0.75,0.76,0.84,1.34,"",1,11.1,12,7.7,10,6.5,14,9.0,816,0.1,-13416,-1.7,-6878,-26.4,-32,-7.0
"36121","5","452","75","0","2016","2","","Wyoming County, New York","Private","NAICS 452 General merchandise stores","County, NAICS 3-digit -- by ownership sector","All establishment sizes",10,172,172,167,1098660,612238,14926,496,"",1.75,0.57,0.56,0.53,0.77,0.91,0.86,1.38,"",1,11.1,10,6.2,3,1.8,-5,-2.9,181944,19.8,68634,12.6,-2838,-16.0,75,17.8
"36121","5","452","75","0","2016","3","","Wyoming County, New York","Private","NAICS 452 General merchandise stores","County, NAICS 3-digit -- by ownership sector","All establishment sizes",10,168,175,170,1001241,297240,7688,450,"",1.75,0.56,0.58,0.55,0.75,0.85,0.91,1.33,"",1,11.1,1,0.6,5,2.9,1,0.6,-79121,-7.3,-31380,-9.5,-3138,-29.0,-43,-8.7
"36121","5","452","75","0","2016","4","","Wyoming County, New York","Private","NAICS 452 General merchandise stores","County, NAICS 3-digit -- by ownership sector","All establishment sizes",10,169,180,177,1134302,253341,6513,498,"",1.75,0.54,0.56,0.55,0.83,0.93,1.04,1.51,"",1,11.1,-5,-2.9,4,2.3,8,4.7,34042,3.1,11459,4.7,-1540,-19.1,9,1.8
"36121","5","4521","76","0","2016","1","N","Wyoming County, New York","Private","NAICS12 4521 Department stores","County, NAICS 4-digit -- by ownership sector","All establishment sizes",1,0,0,0,0,0,0,0,"N",0.71,0,0,0,0,0,0,0,"N",0,0.0,0,0,0,0,0,0,0,0,0,0,0,0,0,0
"36121","5","4521","76","0","2016","2","N","Wyoming County, New York","Private","NAICS12 4521 Department stores","County, NAICS 4-digit -- by ownership sector","All establishment sizes",1,0,0,0,0,0,0,0,"N",0.71,0,0,0,0,0,0,0,"N",0,0.0,0,0,0,0,0,0,0,0,0,0,0,0,0,0
"36121","5","4521","76","0","2016","3","N","Wyoming County, New York","Private","NAICS12 4521 Department stores","County, NAICS 4-digit -- by ownership sector","All establishment sizes",1,0,0,0,0,0,0,0,"N",0.72,0,0,0,0,0,0,0,"N",0,0.0,0,0,0,0,0,0,0,0,0,0,0,0,0,0
"36121","5","4521","76","0","2016","4","N","Wyoming County, New York","Private","NAICS12 4521 Department stores","County, NAICS 4-digit -- by ownership sector","All establishment sizes",1,0,0,0,0,0,0,0,"N",0.73,0,0,0,0,0,0,0,"N",0,0.0,0,0,0,0,0,0,0,0,0,0,0,0,0,0
"36121","5","45211","77","0","2016","1","N","Wyoming County, New York","Private","NAICS12 45211 Department stores","County, NAICS 5-digit -- by ownership sector","All establishment sizes",1,0,0,0,0,0,0,0,"N",0.71,0,0,0,0,0,0,0,"N",0,0.0,0,0,0,0,0,0,0,0,0,0,0,0,0,0
"36121","5","45211","77","0","2016","2","N","Wyoming County, New York","Private","NAICS12 45211 Department stores","County, NAICS 5-digit -- by ownership sector","All establishment sizes",1,0,0,0,0,0,0,0,"N",0.71,0,0,0,0,0,0,0,"N",0,0.0,0,0,0,0,0,0,0,0,0,0,0,0,0,0
"36121","5","45211","77","0","2016","3","N","Wyoming County, New York","Private","NAICS12 45211 Department stores","County, NAICS 5-digit -- by ownership sector","All establishment sizes",1,0,0,0,0,0,0,0,"N",0.72,0,0,0,0,0,0,0,"N",0,0.0,0,0,0,0,0,0,0,0,0,0,0,0,0,0
"36121","5","45211","77","0","2016","4","N","Wyoming County, New York","Private","NAICS12 45211 Department stores","County, NAICS 5-digit -- by ownership sector","All establishment sizes",1,0,0,0,0,0,0,0,"N",0.73,0,0,0,0,0,0,0,"N",0,0.0,0,0,0,0,0,0,0,0,0,0,0,0,0,0
"36121","5","452112","78","0","2016","1","N","Wyoming County, New York","Private","NAICS12 452112 Discount department stores","County, NAICS 6-digit -- by ownership sector","All establishment sizes",1,0,0,0,0,0,0,0,"N",1.03,0,0,0,0,0,0,0,"N",0,0.0,0,0,0,0,0,0,0,0,0,0,0,0,0,0
"36121","5","452112","78","0","2016","2","N","Wyoming County, New York","Private","NAICS12 452112 Discount department stores","County, NAICS 6-digit -- by ownership sector","All establishment sizes",1,0,0,0,0,0,0,0,"N",1.03,0,0,0,0,0,0,0,"N",0,0.0,0,0,0,0,0,0,0,0,0,0,0,0,0,0
"36121","5","452112","78","0","2016","3","N","Wyoming County, New York","Private","NAICS12 452112 Discount department stores","County, NAICS 6-digit -- by ownership sector","All establishment sizes",1,0,0,0,0,0,0,0,"N",1.04,0,0,0,0,0,0,0,"N",0,0.0,0,0,0,0,0,0,0,0,0,0,0,0,0,0
"36121","5","452112","78","0","2016","4","N","Wyoming County, New York","Private","NAICS12 452112 Discount department stores","County, NAICS 6-digit -- by ownership sector","All establishment sizes",1,0,0,0,0,0,0,0,"N",1.05,0,0,0,0,0,0,0,"N",0,0.0,0,0,0,0,0,0,0,0,0,0,0,0,0,0
"36121","5","4529","76","0","2016","1","N","Wyoming County, New York","Private","NAICS12 4529 Other general merchandise stores","County, NAICS 4-digit -- by ownership sector","All establishment sizes",9,0,0,0,0,0,0,0,"N",2.07,0,0,0,0,0,0,0,"N",1,12.5,0,0,0,0,0,0,0,0,0,0,0,0,0,0
"36121","5","4529","76","0","2016","2","N","Wyoming County, New York","Private","NAICS12 4529 Other general merchandise stores","County, NAICS 4-digit -- by ownership sector","All establishment sizes",9,0,0,0,0,0,0,0,"N",2.08,0,0,0,0,0,0,0,"N",1,12.5,0,0,0,0,0,0,0,0,0,0,0,0,0,0
"36121","5","4529","76","0","2016","3","N","Wyoming County, New York","Private","NAICS12 4529 Other general merchandise stores","County, NAICS 4-digit -- by ownership sector","All establishment sizes",9,0,0,0,0,0,0,0,"N",2.08,0,0,0,0,0,0,0,"N",1,12.5,0,0,0,0,0,0,0,0,0,0,0,0,0,0
"36121","5","4529","76","0","2016","4","N","Wyoming County, New York","Private","NAICS12 4529 Other general merchandise stores","County, NAICS 4-digit -- by ownership sector","All establishment sizes",9,0,0,0,0,0,0,0,"N",2.07,0,0,0,0,0,0,0,"N",1,12.5,0,0,0,0,0,0,0,0,0,0,0,0,0,0
"36121","5","45299","77","0","2016","1","N","Wyoming County, New York","Private","NAICS12 45299 All other general merchandise stores","County, NAICS 5-digit -- by ownership sector","All establishment sizes",9,0,0,0,0,0,0,0,"N",2.38,0,0,0,0,0,0,0,"N",1,12.5,0,0,0,0,0,0,0,0,0,0,0,0,0,0
"36121","5","45299","77","0","2016","2","N","Wyoming County, New York","Private","NAICS12 45299 All other general merchandise stores","County, NAICS 5-digit -- by ownership sector","All establishment sizes",9,0,0,0,0,0,0,0,"N",2.39,0,0,0,0,0,0,0,"N",1,12.5,0,0,0,0,0,0,0,0,0,0,0,0,0,0
"36121","5","45299","77","0","2016","3","N","Wyoming County, New York","Private","NAICS12 45299 All other general merchandise stores","County, NAICS 5-digit -- by ownership sector","All establishment sizes",9,0,0,0,0,0,0,0,"N",2.39,0,0,0,0,0,0,0,"N",1,12.5,0,0,0,0,0,0,0,0,0,0,0,0,0,0
"36121","5","45299","77","0","2016","4","N","Wyoming County, New York","Private","NAICS12 45299 All other general merchandise stores","County, NAICS 5-digit -- by ownership sector","All establishment sizes",9,0,0,0,0,0,0,0,"N",2.38,0,0,0,0,0,0,0,"N",1,12.5,0,0,0,0,0,0,0,0,0,0,0,0,0,0
"36121","5","452990","78","0","2016","1","N","Wyoming County, New York","Private","NAICS12 452990 All other general merchandise stores","County, NAICS 6-digit -- by ownership sector","All establishment sizes",9,0,0,0,0,0,0,0,"N",2.38,0,0,0,0,0,0,0,"N",1,12.5,0,0,0,0,0,0,0,0,0,0,0,0,0,0
"36121","5","452990","78","0","2016","2","N","Wyoming County, New York","Private","NAICS12 452990 All other general merchandise stores","County, NAICS 6-digit -- by ownership sector","All establishment sizes",9,0,0,0,0,0,0,0,"N",2.39,0,0,0,0,0,0,0,"N",1,12.5,0,0,0,0,0,0,0,0,0,0,0,0,0,0
"36121","5","452990","78","0","2016","3","N","Wyoming County, New York","Private","NAICS12 452990 All other general merchandise stores","County, NAICS 6-digit -- by ownership sector","All establishment sizes",9,0,0,0,0,0,0,0,"N",2.39,0,0,0,0,0,0,0,"N",1,12.5,0,0,0,0,0,0,0,0,0,0,0,0,0,0
"36121","5","452990","78","0","2016","4","N","Wyoming County, New York","Private","NAICS12 452990 All other general merchandise stores","County, NAICS 6-digit -- by ownership sector","All establishment sizes",9,0,0,0,0,0,0,0,"N",2.38,0,0,0,0,0,0,0,"N",1,12.5,0,0,0,0,0,0,0,0,0,0,0,0,0,0
"36121","5","453","75","0","2016","1","","Wyoming County, New York","Private","NAICS 453 Miscellaneous store retailers","County, NAICS 3-digit -- by ownership sector","All establishment sizes",18,58,55,61,186547,156410,4511,247,"",1.71,0.76,0.72,0.80,0.54,0.60,0.58,0.71,"",-2,-10.0,-22,-27.5,-28,-33.7,-19,-23.8,-109134,-36.9,-90003,-36.5,-8210,-64.5,-34,-12.1
"36121","5","453","75","0","2016","2","","Wyoming County, New York","Private","NAICS 453 Miscellaneous store retailers","County, NAICS 3-digit -- by ownership sector","All establishment sizes",17,74,81,83,266312,191612,8363,258,"",1.63,0.95,1.00,1.01,0.66,1.23,1.52,0.67,"",-2,-10.5,-9,-10.8,-6,-6.9,-12,-12.6,-34599,-11.5,-5404,-2.7,-1635,-16.4,-4,-1.5
"36121","5","453","75","0","2016","3","","Wyoming County, New York","Private","NAICS 453 Miscellaneous store retailers","County, NAICS 3-digit -- by ownership sector","All establishment sizes",17,100,95,88,365112,197207,10037,298,"",1.63,1.26,1.20,1.09,0.91,2.16,3.31,0.77,"",-2,-10.5,0,0.0,-5,-5.0,-1,-1.1,11792,3.3,-9196,-4.5,-2478,-19.8,16,5.7
"36121","5","453","75","0","2016","4","","Wyoming County, New York","Private","NAICS 453 Miscellaneous store retailers","County, NAICS 3-digit -- by ownership sector","All establishment sizes",18,89,74,71,292196,116818,3589,288,"",1.74,1.08,0.93,0.90,0.74,1.83,1.92,0.76,"",-1,-5.3,-6,-6.3,-5,-6.3,-7,-9.0,-60557,-17.2,7165,6.5,-2199,-38.0,-35,-10.8
"36121","5","4531","76","0","2016","1","","Wyoming County, New York","Private","NAICS 4531 Florists","County, NAICS 4-digit -- by ownership sector","All establishment sizes",4,11,11,11,34705,34705,752,243,"",3.23,1.96,1.79,1.93,1.73,1.85,1.65,0.91,"",1,33.3,3,37.5,0,0.0,2,22.2,7899,29.5,7899,29.5,189,33.6,22,10.0
"36121","5","4531","76","0","2016","2","N","Wyoming County, New York","Private","NAICS 4531 Florists","County, NAICS 4-digit -- by ownership sector","All establishment sizes",4,0,0,0,0,0,0,0,"N",3.25,0,0,0,0,0,0,0,"N",0,0.0,0,0,0,0,0,0,0,0,0,0,0,0,0,0
"36121","5","4531","76","0","2016","3","","Wyoming County, New York","Private","NAICS 4531 Florists","County, NAICS 4-digit -- by ownership sector","All establishment sizes",4,11,11,10,29441,18155,343,212,"",3.30,1.95,1.98,1.75,1.34,2.94,2.01,0.71,"",0,0.0,0,0.0,0,0.0,-1,-9.1,-3637,-11.0,-8986,-33.1,-357,-51.0,-19,-8.2
"36121","5","4531","76","0","2016","4","N","Wyoming County, New York","Private","NAICS 4531 Florists","County, NAICS 4-digit -- by ownership sector","All establishment sizes",5,0,0,0,0,0,0,0,"N",4.17,0,0,0,0,0,0,0,"N",1,25.0,0,0,0,0,0,0,0,0,0,0,0,0,0,0
"36121","5","45311","77","0","2016","1","","Wyoming County, New York","Private","NAICS 45311 Florists","County, NAICS 5-digit -- by ownership sector","All establishment sizes",4,11,11,11,34705,34705,752,243,"",3.23,1.96,1.79,1.93,1.73,1.85,1.65,0.91,"",1,33.3,3,37.5,0,0.0,2,22.2,7899,29.5,7899,29.5,189,33.6,22,10.0
"36121","5","45311","77","0","2016","2","N","Wyoming County, New York","Private","NAICS 45311 Florists","County, NAICS 5-digit -- by ownership sector","All establishment sizes",4,0,0,0,0,0,0,0,"N",3.25,0,0,0,0,0,0,0,"N",0,0.0,0,0,0,0,0,0,0,0,0,0,0,0,0,0
"36121","5","45311","77","0","2016","3","","Wyoming County, New York","Private","NAICS 45311 Florists","County, NAICS 5-digit -- by ownership sector","All establishment sizes",4,11,11,10,29441,18155,343,212,"",3.30,1.95,1.98,1.75,1.34,2.94,2.01,0.71,"",0,0.0,0,0.0,0,0.0,-1,-9.1,-3637,-11.0,-8986,-33.1,-357,-51.0,-19,-8.2
"36121","5","45311","77","0","2016","4","N","Wyoming County, New York","Private","NAICS 45311 Florists","County, NAICS 5-digit -- by ownership sector","All establishment sizes",5,0,0,0,0,0,0,0,"N",4.17,0,0,0,0,0,0,0,"N",1,25.0,0,0,0,0,0,0,0,0,0,0,0,0,0,0
"36121","5","453110","78","0","2016","1","","Wyoming County, New York","Private","NAICS 453110 Florists","County, NAICS 6-digit -- by ownership sector","All establishment sizes",4,11,11,11,34705,34705,752,243,"",3.23,1.96,1.79,1.93,1.73,1.85,1.65,0.91,"",1,33.3,3,37.5,0,0.0,2,22.2,7899,29.5,7899,29.5,189,33.6,22,10.0
"36121","5","453110","78","0","2016","2","N","Wyoming County, New York","Private","NAICS 453110 Florists","County, NAICS 6-digit -- by ownership sector","All establishment sizes",4,0,0,0,0,0,0,0,"N",3.25,0,0,0,0,0,0,0,"N",0,0.0,0,0,0,0,0,0,0,0,0,0,0,0,0,0
"36121","5","453110","78","0","2016","3","","Wyoming County, New York","Private","NAICS 453110 Florists","County, NAICS 6-digit -- by ownership sector","All establishment sizes",4,11,11,10,29441,18155,343,212,"",3.30,1.95,1.98,1.75,1.34,2.94,2.01,0.71,"",0,0.0,0,0.0,0,0.0,-1,-9.1,-3637,-11.0,-8986,-33.1,-357,-51.0,-19,-8.2
"36121","5","453110","78","0","2016","4","N","Wyoming County, New York","Private","NAICS 453110 Florists","County, NAICS 6-digit -- by ownership sector","All establishment sizes",5,0,0,0,0,0,0,0,"N",4.17,0,0,0,0,0,0,0,"N",1,25.0,0,0,0,0,0,0,0,0,0,0,0,0,0,0
"36121","5","4532","76","0","2016","1","","Wyoming County, New York","Private","NAICS 4532 Office supplies, stationery, and gift stores","County, NAICS 4-digit -- by ownership sector","All establishment sizes",6,14,12,14,28330,28330,1045,163,"",2.16,0.55,0.48,0.57,0.25,0.32,0.38,0.46,"",0,0.0,-13,-48.1,-14,-53.8,-13,-48.1,-67587,-70.5,-65164,-69.7,-6359,-85.9,-114,-41.2
"36121","5","4532","76","0","2016","2","","Wyoming County, New York","Private","NAICS 4532 Office supplies, stationery, and gift stores","County, NAICS 4-digit -- by ownership sector","All establishment sizes",6,25,34,36,78191,68063,4400,190,"",2.19,1.01,1.32,1.38,0.63,1.42,2.66,0.51,"",0,0.0,0,0.0,6,21.4,0,0.0,-10486,-11.8,-6168,-8.3,-874,-16.6,-40,-17.4
"36121","5","4532","76","0","2016","3","","Wyoming County, New York","Private","NAICS 4532 Office supplies, stationery, and gift stores","County, NAICS 4-digit -- by ownership sector","All establishment sizes",6,52,49,43,137656,112053,7280,221,"",2.21,2.05,1.91,1.62,1.06,3.67,7.01,0.57,"",0,0.0,7,15.6,3,6.5,7,19.4,23602,20.7,9364,9.1,-957,-11.6,14,6.8
"36121","5","4532","76","0","2016","4","","Wyoming County, New York","Private","NAICS 4532 Office supplies, stationery, and gift stores","County, NAICS 4-digit -- by ownership sector","All establishment sizes",6,40,29,29,87225,55094,1960,205,"",2.24,1.42,1.07,1.12,0.69,2.47,2.82,0.57,"",0,0.0,-2,-4.8,0,0.0,0,0.0,-53467,-38.0,2548,4.8,-1762,-47.3,-120,-36.9
"36121","5","45321","77","0","2016","1","N","Wyoming County, New York","Private","NAICS 45321 Office supplies and stationery stores","County, NAICS 5-digit -- by ownership sector","All establishment sizes",1,0,0,0,0,0,0,0,"N",1.26,0,0,0,0,0,0,0,"N",0,0.0,0,0,0,0,0,0,0,0,0,0,0,0,0,0
"36121","5","45321","77","0","2016","2","N","Wyoming County, New York","Private","NAICS 45321 Office supplies and stationery stores","County, NAICS 5-digit -- by ownership sector","All establishment sizes",1,0,0,0,0,0,0,0,"N",1.28,0,0,0,0,0,0,0,"N",0,0.0,0,0,0,0,0,0,0,0,0,0,0,0,0,0
"36121","5","45321","77","0","2016","3","N","Wyoming County, New York","Private","NAICS 45321 Office supplies and stationery stores","County, NAICS 5-digit -- by ownership sector","All establishment sizes",1,0,0,0,0,0,0,0,"N",1.30,0,0,0,0,0,0,0,"N",0,0.0,0,0,0,0,0,0,0,0,0,0,0,0,0,0
"36121","5","45321","77","0","2016","4","N","Wyoming County, New York","Private","NAICS 45321 Office supplies and stationery stores","County, NAICS 5-digit -- by ownership sector","All establishment sizes",1,0,0,0,0,0,0,0,"N",1.32,0,0,0,0,0,0,0,"N",0,0.0,0,0,0,0,0,0,0,0,0,0,0,0,0,0
"36121","5","453210","78","0","2016","1","N","Wyoming County, New York","Private","NAICS 453210 Office supplies and stationery stores","County, NAICS 6-digit -- by ownership sector","All establishment sizes",1,0,0,0,0,0,0,0,"N",1.26,0,0,0,0,0,0,0,"N",0,0.0,0,0,0,0,0,0,0,0,0,0,0,0,0,0
"36121","5","453210","78","0","2016","2","N","Wyoming County, New York","Private","NAICS 453210 Office supplies and stationery stores","County, NAICS 6-digit -- by ownership sector","All establishment sizes",1,0,0,0,0,0,0,0,"N",1.28,0,0,0,0,0,0,0,"N",0,0.0,0,0,0,0,0,0,0,0,0,0,0,0,0,0
"36121","5","453210","78","0","2016","3","N","Wyoming County, New York","Private","NAICS 453210 Office supplies and stationery stores","County, NAICS 6-digit -- by ownership sector","All establishment sizes",1,0,0,0,0,0,0,0,"N",1.30,0,0,0,0,0,0,0,"N",0,0.0,0,0,0,0,0,0,0,0,0,0,0,0,0,0
"36121","5","453210","78","0","2016","4","N","Wyoming County, New York","Private","NAICS 453210 Office supplies and stationery stores","County, NAICS 6-digit -- by ownership sector","All establishment sizes",1,0,0,0,0,0,0,0,"N",1.32,0,0,0,0,0,0,0,"N",0,0.0,0,0,0,0,0,0,0,0,0,0,0,0,0,0
"36121","5","45322","77","0","2016","1","N","Wyoming County, New York","Private","NAICS 45322 Gift, novelty, and souvenir stores","County, NAICS 5-digit -- by ownership sector","All establishment sizes",5,0,0,0,0,0,0,0,"N",2.51,0,0,0,0,0,0,0,"N",0,0.0,0,0,0,0,0,0,0,0,0,0,0,0,0,0
"36121","5","45322","77","0","2016","2","N","Wyoming County, New York","Private","NAICS 45322 Gift, novelty, and souvenir stores","County, NAICS 5-digit -- by ownership sector","All establishment sizes",5,0,0,0,0,0,0,0,"N",2.56,0,0,0,0,0,0,0,"N",0,0.0,0,0,0,0,0,0,0,0,0,0,0,0,0,0
"36121","5","45322","77","0","2016","3","N","Wyoming County, New York","Private","NAICS 45322 Gift, novelty, and souvenir stores","County, NAICS 5-digit -- by ownership sector","All establishment sizes",5,0,0,0,0,0,0,0,"N",2.57,0,0,0,0,0,0,0,"N",0,0.0,0,0,0,0,0,0,0,0,0,0,0,0,0,0
"36121","5","45322","77","0","2016","4","N","Wyoming County, New York","Private","NAICS 45322 Gift, novelty, and souvenir stores","County, NAICS 5-digit -- by ownership sector","All establishment sizes",5,0,0,0,0,0,0,0,"N",2.60,0,0,0,0,0,0,0,"N",0,0.0,0,0,0,0,0,0,0,0,0,0,0,0,0,0
"36121","5","453220","78","0","2016","1","N","Wyoming County, New York","Private","NAICS 453220 Gift, novelty, and souvenir stores","County, NAICS 6-digit -- by ownership sector","All establishment sizes",5,0,0,0,0,0,0,0,"N",2.51,0,0,0,0,0,0,0,"N",0,0.0,0,0,0,0,0,0,0,0,0,0,0,0,0,0
"36121","5","453220","78","0","2016","2","N","Wyoming County, New York","Private","NAICS 453220 Gift, novelty, and souvenir stores","County, NAICS 6-digit -- by ownership sector","All establishment sizes",5,0,0,0,0,0,0,0,"N",2.56,0,0,0,0,0,0,0,"N",0,0.0,0,0,0,0,0,0,0,0,0,0,0,0,0,0
"36121","5","453220","78","0","2016","3","N","Wyoming County, New York","Private","NAICS 453220 Gift, novelty, and souvenir stores","County, NAICS 6-digit -- by ownership sector","All establishment sizes",5,0,0,0,0,0,0,0,"N",2.57,0,0,0,0,0,0,0,"N",0,0.0,0,0,0,0,0,0,0,0,0,0,0,0,0,0
"36121","5","453220","78","0","2016","4","N","Wyoming County, New York","Private","NAICS 453220 Gift, novelty, and souvenir stores","County, NAICS 6-digit -- by ownership sector","All establishment sizes",5,0,0,0,0,0,0,0,"N",2.60,0,0,0,0,0,0,0,"N",0,0.0,0,0,0,0,0,0,0,0,0,0,0,0,0,0
"36121","5","4533","76","0","2016","1","","Wyoming County, New York","Private","NAICS 4533 Used merchandise stores","County, NAICS 4-digit -- by ownership sector","All establishment sizes",4,23,23,27,84469,55632,1006,267,"",2.36,1.42,1.42,1.65,1.47,1.54,1.05,0.98,"",-2,-33.3,-10,-30.3,-11,-32.4,-5,-15.6,-38598,-31.4,-22090,-28.4,-1388,-58.0,-20,-7.0
"36121","5","4533","76","0","2016","2","","Wyoming County, New York","Private","NAICS 4533 Used merchandise stores","County, NAICS 4-digit -- by ownership sector","All establishment sizes",4,24,24,25,88066,51470,931,278,"",2.37,1.46,1.42,1.46,1.33,2.14,1.27,0.92,"",-1,-20.0,-9,-27.3,-9,-27.3,-10,-28.6,-27982,-24.1,-7340,-12.5,-896,-49.0,13,4.9
"36121","5","4533","76","0","2016","3","","Wyoming County, New York","Private","NAICS 4533 Used merchandise stores","County, NAICS 4-digit -- by ownership sector","All establishment sizes",4,22,22,24,94545,42171,763,321,"",2.40,1.33,1.33,1.42,1.41,2.88,1.83,1.03,"",-1,-20.0,-8,-26.7,-8,-26.7,-5,-17.2,-27460,-22.5,-4982,-10.6,-725,-48.7,5,1.6
"36121","5","4533","76","0","2016","4","","Wyoming County, New York","Private","NAICS 4533 Used merchandise stores","County, NAICS 4-digit -- by ownership sector","All establishment sizes",4,26,26,24,101466,25831,469,308,"",2.42,1.55,1.60,1.48,1.58,2.60,1.81,1.03,"",-1,-20.0,-4,-13.3,-3,-10.3,-5,-17.2,-7671,-7.0,4277,19.8,-184,-28.2,22,7.7
"36121","5","45331","77","0","2016","1","","Wyoming County, New York","Private","NAICS 45331 Used merchandise stores","County, NAICS 5-digit -- by ownership sector","All establishment sizes",4,23,23,27,84469,55632,1006,267,"",2.36,1.42,1.42,1.65,1.47,1.54,1.05,0.98,"",-2,-33.3,-10,-30.3,-11,-32.4,-5,-15.6,-38598,-31.4,-22090,-28.4,-1388,-58.0,-20,-7.0
"36121","5","45331","77","0","2016","2","","Wyoming County, New York","Private","NAICS 45331 Used merchandise stores","County, NAICS 5-digit -- by ownership sector","All establishment sizes",4,24,24,25,88066,51470,931,278,"",2.37,1.46,1.42,1.46,1.33,2.14,1.27,0.92,"",-1,-20.0,-9,-27.3,-9,-27.3,-10,-28.6,-27982,-24.1,-7340,-12.5,-896,-49.0,13,4.9
"36121","5","45331","77","0","2016","3","","Wyoming County, New York","Private","NAICS 45331 Used merchandise stores","County, NAICS 5-digit -- by ownership sector","All establishment sizes",4,22,22,24,94545,42171,763,321,"",2.40,1.33,1.33,1.42,1.41,2.88,1.83,1.03,"",-1,-20.0,-8,-26.7,-8,-26.7,-5,-17.2,-27460,-22.5,-4982,-10.6,-725,-48.7,5,1.6
"36121","5","45331","77","0","2016","4","","Wyoming County, New York","Private","NAICS 45331 Used merchandise stores","County, NAICS 5-digit -- by ownership sector","All establishment sizes",4,26,26,24,101466,25831,469,308,"",2.42,1.55,1.60,1.48,1.58,2.60,1.81,1.03,"",-1,-20.0,-4,-13.3,-3,-10.3,-5,-17.2,-7671,-7.0,4277,19.8,-184,-28.2,22,7.7
"36121","5","453310","78","0","2016","1","","Wyoming County, New York","Private","NAICS 453310 Used merchandise stores","County, NAICS 6-digit -- by ownership sector","All establishment sizes",4,23,23,27,84469,55632,1006,267,"",2.36,1.42,1.42,1.65,1.47,1.54,1.05,0.98,"",-2,-33.3,-10,-30.3,-11,-32.4,-5,-15.6,-38598,-31.4,-22090,-28.4,-1388,-58.0,-20,-7.0
"36121","5","453310","78","0","2016","2","","Wyoming County, New York","Private","NAICS 453310 Used merchandise stores","County, NAICS 6-digit -- by ownership sector","All establishment sizes",4,24,24,25,88066,51470,931,278,"",2.37,1.46,1.42,1.46,1.33,2.14,1.27,0.92,"",-1,-20.0,-9,-27.3,-9,-27.3,-10,-28.6,-27982,-24.1,-7340,-12.5,-896,-49.0,13,4.9
"36121","5","453310","78","0","2016","3","","Wyoming County, New York","Private","NAICS 453310 Used merchandise stores","County, NAICS 6-digit -- by ownership sector","All establishment sizes",4,22,22,24,94545,42171,763,321,"",2.40,1.33,1.33,1.42,1.41,2.88,1.83,1.03,"",-1,-20.0,-8,-26.7,-8,-26.7,-5,-17.2,-27460,-22.5,-4982,-10.6,-725,-48.7,5,1.6
"36121","5","453310","78","0","2016","4","","Wyoming County, New York","Private","NAICS 453310 Used merchandise stores","County, NAICS 6-digit -- by ownership sector","All establishment sizes",4,26,26,24,101466,25831,469,308,"",2.42,1.55,1.60,1.48,1.58,2.60,1.81,1.03,"",-1,-20.0,-4,-13.3,-3,-10.3,-5,-17.2,-7671,-7.0,4277,19.8,-184,-28.2,22,7.7
"36121","5","4539","76","0","2016","1","","Wyoming County, New York","Private","NAICS 4539 Other miscellaneous store retailers","County, NAICS 4-digit -- by ownership sector","All establishment sizes",4,10,9,9,39043,37743,1708,322,"",0.83,0.34,0.31,0.30,0.25,0.32,0.48,0.80,"",-1,-20.0,-2,-16.7,-3,-25.0,-3,-25.0,-10848,-21.7,-10648,-22.0,-652,-27.6,2,0.6
"36121","5","4539","76","0","2016","2","N","Wyoming County, New York","Private","NAICS 4539 Other miscellaneous store retailers","County, NAICS 4-digit -- by ownership sector","All establishment sizes",3,0,0,0,0,0,0,0,"N",0.62,0,0,0,0,0,0,0,"N",-1,-25.0,0,0,0,0,0,0,0,0,0,0,0,0,0,0
"36121","5","4539","76","0","2016","3","","Wyoming County, New York","Private","NAICS 4539 Other miscellaneous store retailers","County, NAICS 4-digit -- by ownership sector","All establishment sizes",3,15,13,11,103470,24828,1651,612,"",0.62,0.47,0.42,0.35,0.57,0.62,1.18,1.36,"",-1,-25.0,1,7.1,0,0.0,-2,-15.4,19287,22.9,-4592,-15.6,-439,-21.0,126,25.9
"36121","5","4539","76","0","2016","4","N","Wyoming County, New York","Private","NAICS 4539 Other miscellaneous store retailers","County, NAICS 4-digit -- by ownership sector","All establishment sizes",3,0,0,0,0,0,0,0,"N",0.62,0,0,0,0,0,0,0,"N",-1,-25.0,0,0,0,0,0,0,0,0,0,0,0,0,0,0
"36121","5","45391","77","0","2016","1","N","Wyoming County, New York","Private","NAICS 45391 Pet and pet supplies stores","County, NAICS 5-digit -- by ownership sector","All establishment sizes",1,0,0,0,0,0,0,0,"N",1.16,0,0,0,0,0,0,0,"N",0,0.0,0,0,0,0,0,0,0,0,0,0,0,0,0,0
"36121","5","45391","77","0","2016","2","-","Wyoming County, New York","Private","NAICS 45391 Pet and pet supplies stores","County, NAICS 5-digit -- by ownership sector","All establishment sizes",0,0,0,0,0,0,0,0,"N",0.00,0,0,0,0,0,0,0,"N",-1,-100.0,0,0,0,0,0,0,0,0,0,0,0,0,0,0
"36121","5","45391","77","0","2016","3","-","Wyoming County, New York","Private","NAICS 45391 Pet and pet supplies stores","County, NAICS 5-digit -- by ownership sector","All establishment sizes",0,0,0,0,0,0,0,0,"N",0.00,0,0,0,0,0,0,0,"N",-1,-100.0,0,0,0,0,0,0,0,0,0,0,0,0,0,0
"36121","5","45391","77","0","2016","4","-","Wyoming County, New York","Private","NAICS 45391 Pet and pet supplies stores","County, NAICS 5-digit -- by ownership sector","All establishment sizes",0,0,0,0,0,0,0,0,"N",0.00,0,0,0,0,0,0,0,"N",-1,-100.0,0,0,0,0,0,0,0,0,0,0,0,0,0,0
"36121","5","453910","78","0","2016","1","N","Wyoming County, New York","Private","NAICS 453910 Pet and pet supplies stores","County, NAICS 6-digit -- by ownership sector","All establishment sizes",1,0,0,0,0,0,0,0,"N",1.16,0,0,0,0,0,0,0,"N",0,0.0,0,0,0,0,0,0,0,0,0,0,0,0,0,0
"36121","5","453910","78","0","2016","2","-","Wyoming County, New York","Private","NAICS 453910 Pet and pet supplies stores","County, NAICS 6-digit -- by ownership sector","All establishment sizes",0,0,0,0,0,0,0,0,"N",0.00,0,0,0,0,0,0,0,"N",-1,-100.0,0,0,0,0,0,0,0,0,0,0,0,0,0,0
"36121","5","453910","78","0","2016","3","-","Wyoming County, New York","Private","NAICS 453910 Pet and pet supplies stores","County, NAICS 6-digit -- by ownership sector","All establishment sizes",0,0,0,0,0,0,0,0,"N",0.00,0,0,0,0,0,0,0,"N",-1,-100.0,0,0,0,0,0,0,0,0,0,0,0,0,0,0
"36121","5","453910","78","0","2016","4","-","Wyoming County, New York","Private","NAICS 453910 Pet and pet supplies stores","County, NAICS 6-digit -- by ownership sector","All establishment sizes",0,0,0,0,0,0,0,0,"N",0.00,0,0,0,0,0,0,0,"N",-1,-100.0,0,0,0,0,0,0,0,0,0,0,0,0,0,0
"36121","5","45399","77","0","2016","1","N","Wyoming County, New York","Private","NAICS 45399 All other miscellaneous store retailers","County, NAICS 5-digit -- by ownership sector","All establishment sizes",3,0,0,0,0,0,0,0,"N",0.92,0,0,0,0,0,0,0,"N",-1,-25.0,0,0,0,0,0,0,0,0,0,0,0,0,0,0
"36121","5","45399","77","0","2016","2","N","Wyoming County, New York","Private","NAICS 45399 All other miscellaneous store retailers","County, NAICS 5-digit -- by ownership sector","All establishment sizes",3,0,0,0,0,0,0,0,"N",0.92,0,0,0,0,0,0,0,"N",0,0.0,0,0,0,0,0,0,0,0,0,0,0,0,0,0
"36121","5","45399","77","0","2016","3","","Wyoming County, New York","Private","NAICS 45399 All other miscellaneous store retailers","County, NAICS 5-digit -- by ownership sector","All establishment sizes",3,15,13,11,103470,24828,1651,612,"",0.91,0.84,0.76,0.63,0.98,1.09,1.86,1.31,"N",0,0.0,0,0,0,0,0,0,0,0,0,0,0,0,0,0
"36121","5","45399","77","0","2016","4","N","Wyoming County, New York","Private","NAICS 45399 All other miscellaneous store retailers","County, NAICS 5-digit -- by ownership sector","All establishment sizes",3,0,0,0,0,0,0,0,"N",0.92,0,0,0,0,0,0,0,"N",0,0.0,0,0,0,0,0,0,0,0,0,0,0,0,0,0
"36121","5","453998","78","0","2016","1","N","Wyoming County, New York","Private","NAICS 453998 Store retailers not specified elsewhere","County, NAICS 6-digit -- by ownership sector","All establishment sizes",3,0,0,0,0,0,0,0,"N",1.28,0,0,0,0,0,0,0,"N",0,0.0,0,0,0,0,0,0,0,0,0,0,0,0,0,0
"36121","5","453998","78","0","2016","2","N","Wyoming County, New York","Private","NAICS 453998 Store retailers not specified elsewhere","County, NAICS 6-digit -- by ownership sector","All establishment sizes",3,0,0,0,0,0,0,0,"N",1.28,0,0,0,0,0,0,0,"N",0,0.0,0,0,0,0,0,0,0,0,0,0,0,0,0,0
"36121","5","453998","78","0","2016","3","","Wyoming County, New York","Private","NAICS 453998 Store retailers not specified elsewhere","County, NAICS 6-digit -- by ownership sector","All establishment sizes",3,15,13,11,103470,24828,1651,612,"",1.28,1.07,0.97,0.81,1.15,1.39,2.26,1.21,"N",0,0.0,0,0,0,0,0,0,0,0,0,0,0,0,0,0
"36121","5","453998","78","0","2016","4","N","Wyoming County, New York","Private","NAICS 453998 Store retailers not specified elsewhere","County, NAICS 6-digit -- by ownership sector","All establishment sizes",3,0,0,0,0,0,0,0,"N",1.28,0,0,0,0,0,0,0,"N",0,0.0,0,0,0,0,0,0,0,0,0,0,0,0,0,0
"36121","5","454","75","0","2016","1","N","Wyoming County, New York","Private","NAICS 454 Nonstore retailers","County, NAICS 3-digit -- by ownership sector","All establishment sizes",2,0,0,0,0,0,0,0,"N",0.46,0,0,0,0,0,0,0,"N",0,0.0,0,0,0,0,0,0,0,0,0,0,0,0,0,0
"36121","5","454","75","0","2016","2","N","Wyoming County, New York","Private","NAICS 454 Nonstore retailers","County, NAICS 3-digit -- by ownership sector","All establishment sizes",2,0,0,0,0,0,0,0,"N",0.46,0,0,0,0,0,0,0,"N",0,0.0,0,0,0,0,0,0,0,0,0,0,0,0,0,0
"36121","5","454","75","0","2016","3","N","Wyoming County, New York","Private","NAICS 454 Nonstore retailers","County, NAICS 3-digit -- by ownership sector","All establishment sizes",2,0,0,0,0,0,0,0,"N",0.46,0,0,0,0,0,0,0,"N",0,0.0,0,0,0,0,0,0,0,0,0,0,0,0,0,0
"36121","5","454","75","0","2016","4","N","Wyoming County, New York","Private","NAICS 454 Nonstore retailers","County, NAICS 3-digit -- by ownership sector","All establishment sizes",2,0,0,0,0,0,0,0,"N",0.46,0,0,0,0,0,0,0,"N",0,0.0,0,0,0,0,0,0,0,0,0,0,0,0,0,0
"36121","5","4543","76","0","2016","1","N","Wyoming County, New York","Private","NAICS 4543 Direct selling establishments","County, NAICS 4-digit -- by ownership sector","All establishment sizes",2,0,0,0,0,0,0,0,"N",1.18,0,0,0,0,0,0,0,"N",0,0.0,0,0,0,0,0,0,0,0,0,0,0,0,0,0
"36121","5","4543","76","0","2016","2","N","Wyoming County, New York","Private","NAICS 4543 Direct selling establishments","County, NAICS 4-digit -- by ownership sector","All establishment sizes",2,0,0,0,0,0,0,0,"N",1.18,0,0,0,0,0,0,0,"N",0,0.0,0,0,0,0,0,0,0,0,0,0,0,0,0,0
"36121","5","4543","76","0","2016","3","N","Wyoming County, New York","Private","NAICS 4543 Direct selling establishments","County, NAICS 4-digit -- by ownership sector","All establishment sizes",2,0,0,0,0,0,0,0,"N",1.17,0,0,0,0,0,0,0,"N",0,0.0,0,0,0,0,0,0,0,0,0,0,0,0,0,0
"36121","5","4543","76","0","2016","4","N","Wyoming County, New York","Private","NAICS 4543 Direct selling establishments","County, NAICS 4-digit -- by ownership sector","All establishment sizes",2,0,0,0,0,0,0,0,"N",1.16,0,0,0,0,0,0,0,"N",0,0.0,0,0,0,0,0,0,0,0,0,0,0,0,0,0
"36121","5","45431","77","0","2016","1","N","Wyoming County, New York","Private","NAICS 45431 Fuel dealers","County, NAICS 5-digit -- by ownership sector","All establishment sizes",1,0,0,0,0,0,0,0,"N",1.31,0,0,0,0,0,0,0,"N",0,0.0,0,0,0,0,0,0,0,0,0,0,0,0,0,0
"36121","5","45431","77","0","2016","2","N","Wyoming County, New York","Private","NAICS 45431 Fuel dealers","County, NAICS 5-digit -- by ownership sector","All establishment sizes",1,0,0,0,0,0,0,0,"N",1.33,0,0,0,0,0,0,0,"N",0,0.0,0,0,0,0,0,0,0,0,0,0,0,0,0,0
"36121","5","45431","77","0","2016","3","N","Wyoming County, New York","Private","NAICS 45431 Fuel dealers","County, NAICS 5-digit -- by ownership sector","All establishment sizes",1,0,0,0,0,0,0,0,"N",1.34,0,0,0,0,0,0,0,"N",0,0.0,0,0,0,0,0,0,0,0,0,0,0,0,0,0
"36121","5","45431","77","0","2016","4","N","Wyoming County, New York","Private","NAICS 45431 Fuel dealers","County, NAICS 5-digit -- by ownership sector","All establishment sizes",1,0,0,0,0,0,0,0,"N",1.35,0,0,0,0,0,0,0,"N",0,0.0,0,0,0,0,0,0,0,0,0,0,0,0,0,0
"36121","5","454310","78","0","2016","1","N","Wyoming County, New York","Private","NAICS 454310 Fuel dealers","County, NAICS 6-digit -- by ownership sector","All establishment sizes",1,0,0,0,0,0,0,0,"N",1.31,0,0,0,0,0,0,0,"N",0,0.0,0,0,0,0,0,0,0,0,0,0,0,0,0,0
"36121","5","454310","78","0","2016","2","N","Wyoming County, New York","Private","NAICS 454310 Fuel dealers","County, NAICS 6-digit -- by ownership sector","All establishment sizes",1,0,0,0,0,0,0,0,"N",1.33,0,0,0,0,0,0,0,"N",0,0.0,0,0,0,0,0,0,0,0,0,0,0,0,0,0
"36121","5","454310","78","0","2016","3","N","Wyoming County, New York","Private","NAICS 454310 Fuel dealers","County, NAICS 6-digit -- by ownership sector","All establishment sizes",1,0,0,0,0,0,0,0,"N",1.34,0,0,0,0,0,0,0,"N",0,0.0,0,0,0,0,0,0,0,0,0,0,0,0,0,0
"36121","5","454310","78","0","2016","4","N","Wyoming County, New York","Private","NAICS 454310 Fuel dealers","County, NAICS 6-digit -- by ownership sector","All establishment sizes",1,0,0,0,0,0,0,0,"N",1.35,0,0,0,0,0,0,0,"N",0,0.0,0,0,0,0,0,0,0,0,0,0,0,0,0,0
"36121","5","45439","77","0","2016","1","N","Wyoming County, New York","Private","NAICS 45439 Other direct selling establishments","County, NAICS 5-digit -- by ownership sector","All establishment sizes",1,0,0,0,0,0,0,0,"N",1.07,0,0,0,0,0,0,0,"N",0,0.0,0,0,0,0,0,0,0,0,0,0,0,0,0,0
"36121","5","45439","77","0","2016","2","N","Wyoming County, New York","Private","NAICS 45439 Other direct selling establishments","County, NAICS 5-digit -- by ownership sector","All establishment sizes",1,0,0,0,0,0,0,0,"N",1.06,0,0,0,0,0,0,0,"N",0,0.0,0,0,0,0,0,0,0,0,0,0,0,0,0,0
"36121","5","45439","77","0","2016","3","N","Wyoming County, New York","Private","NAICS 45439 Other direct selling establishments","County, NAICS 5-digit -- by ownership sector","All establishment sizes",1,0,0,0,0,0,0,0,"N",1.04,0,0,0,0,0,0,0,"N",0,0.0,0,0,0,0,0,0,0,0,0,0,0,0,0,0
"36121","5","45439","77","0","2016","4","N","Wyoming County, New York","Private","NAICS 45439 Other direct selling establishments","County, NAICS 5-digit -- by ownership sector","All establishment sizes",1,0,0,0,0,0,0,0,"N",1.02,0,0,0,0,0,0,0,"N",0,0.0,0,0,0,0,0,0,0,0,0,0,0,0,0,0
"36121","5","454390","78","0","2016","1","N","Wyoming County, New York","Private","NAICS 454390 Other direct selling establishments","County, NAICS 6-digit -- by ownership sector","All establishment sizes",1,0,0,0,0,0,0,0,"N",1.07,0,0,0,0,0,0,0,"N",0,0.0,0,0,0,0,0,0,0,0,0,0,0,0,0,0
"36121","5","454390","78","0","2016","2","N","Wyoming County, New York","Private","NAICS 454390 Other direct selling establishments","County, NAICS 6-digit -- by ownership sector","All establishment sizes",1,0,0,0,0,0,0,0,"N",1.06,0,0,0,0,0,0,0,"N",0,0.0,0,0,0,0,0,0,0,0,0,0,0,0,0,0
"36121","5","454390","78","0","2016","3","N","Wyoming County, New York","Private","NAICS 454390 Other direct selling establishments","County, NAICS 6-digit -- by ownership sector","All establishment sizes",1,0,0,0,0,0,0,0,"N",1.04,0,0,0,0,0,0,0,"N",0,0.0,0,0,0,0,0,0,0,0,0,0,0,0,0,0
"36121","5","454390","78","0","2016","4","N","Wyoming County, New York","Private","NAICS 454390 Other direct selling establishments","County, NAICS 6-digit -- by ownership sector","All establishment sizes",1,0,0,0,0,0,0,0,"N",1.02,0,0,0,0,0,0,0,"N",0,0.0,0,0,0,0,0,0,0,0,0,0,0,0,0,0
"36121","5","48-49","74","0","2016","1","","Wyoming County, New York","Private","NAICS 48-49 Transportation and warehousing","County, NAICS Sector -- by ownership sector","All establishment sizes",31,499,490,487,4098596,3512159,144079,641,"",1.40,1.12,1.11,1.09,0.98,1.28,1.69,0.89,"",-1,-3.1,19,4.0,-1,-0.2,3,0.6,91420,2.3,113163,3.3,-37176,-20.5,5,0.8
"36121","5","48-49","74","0","2016","2","","Wyoming County, New York","Private","NAICS 48-49 Transportation and warehousing","County, NAICS Sector -- by ownership sector","All establishment sizes",31,507,516,527,4615311,1664516,90294,687,"",1.40,1.13,1.12,1.13,1.04,1.56,2.19,0.92,"",-1,-3.1,60,13.4,14,2.8,23,4.6,276286,6.4,343861,26.0,175,0.2,-2,-0.3
"36121","5","48-49","74","0","2016","3","","Wyoming County, New York","Private","NAICS 48-49 Transportation and warehousing","County, NAICS Sector -- by ownership sector","All establishment sizes",31,442,435,515,4625468,822130,35344,767,"",1.40,0.99,0.98,1.11,1.04,1.52,1.83,1.01,"",0,0.0,6,1.4,12,2.8,19,3.8,536356,13.1,270790,49.1,1289,3.8,71,10.2
"36121","5","48-49","74","0","2016","4","","Wyoming County, New York","Private","NAICS 48-49 Transportation and warehousing","County, NAICS Sector -- by ownership sector","All establishment sizes",31,513,509,499,4794313,799091,35310,727,"",1.40,1.10,1.10,1.06,1.10,2.06,2.66,1.02,"",0,0.0,11,2.2,7,1.4,-4,-0.8,-110957,-2.3,261208,48.6,2150,6.5,-24,-3.2
"36121","5","484","75","0","2016","1","","Wyoming County, New York","Private","NAICS 484 Truck transportation","County, NAICS 3-digit -- by ownership sector","All establishment sizes",23,291,283,279,3027002,2520364,69366,819,"",1.99,2.15,2.10,2.06,2.65,2.81,2.57,1.26,"",0,0.0,25,9.4,4,1.4,5,1.8,84801,2.9,93734,3.9,-33964,-32.9,-10,-1.2
"36121","5","484","75","0","2016","2","","Wyoming County, New York","Private","NAICS 484 Truck transportation","County, NAICS 3-digit -- by ownership sector","All establishment sizes",23,299,309,305,3400216,961842,34367,859,"",1.98,2.18,2.19,2.12,2.56,2.71,2.71,1.18,"",-1,-4.2,20,7.2,16,5.5,15,5.2,225077,7.1,337574,54.1,2319,7.2,9,1.1
"36121","5","484","75","0","2016","3","","Wyoming County, New York","Private","NAICS 484 Truck transportation","County, NAICS 3-digit -- by ownership sector","All establishment sizes",23,308,311,309,3726774,563344,17665,927,"",1.98,2.22,2.24,2.18,2.75,3.05,2.71,1.24,"",0,0.0,13,4.4,14,4.7,16,5.5,436273,13.3,242426,75.5,971,5.8,69,8.0
"36121","5","484","75","0","2016","4","","Wyoming County, New York","Private","NAICS 484 Truck transportation","County, NAICS 3-digit -- by ownership sector","All establishment sizes",23,307,303,296,3533761,548275,17410,900,"",1.99,2.18,2.23,2.20,2.80,4.81,4.76,1.27,"",0,0.0,13,4.4,12,4.1,7,2.4,-8436,-0.2,288854,111.3,6201,55.3,-35,-3.7
"36121","5","4841","76","0","2016","1","","Wyoming County, New York","Private","NAICS 4841 General freight trucking","County, NAICS 4-digit -- by ownership sector","All establishment sizes",13,247,242,243,2666959,2192774,56192,841,"",1.81,2.63,2.58,2.58,3.34,3.46,3.15,1.29,"",-1,-7.1,24,10.8,6,2.5,11,4.7,90174,3.5,95278,4.5,-31732,-36.1,-20,-2.3
"36121","5","4841","76","0","2016","2","","Wyoming County, New York","Private","NAICS 4841 General freight trucking","County, NAICS 4-digit -- by ownership sector","All establishment sizes",13,254,259,253,2911473,744924,19463,877,"",1.80,2.68,2.67,2.57,3.14,3.15,2.63,1.19,"",-1,-7.1,22,9.5,17,7.0,15,6.3,231919,8.7,284195,61.7,-1865,-8.7,9,1.0
"36121","5","4841","76","0","2016","3","","Wyoming County, New York","Private","NAICS 4841 General freight trucking","County, NAICS 4-digit -- by ownership sector","All establishment sizes",13,254,254,254,3144900,462911,12035,952,"",1.80,2.68,2.68,2.61,3.36,3.88,3.26,1.26,"",0,0.0,11,4.5,11,4.5,14,5.8,405592,14.8,200036,76.1,-904,-7.0,81,9.3
"36121","5","4841","76","0","2016","4","","Wyoming County, New York","Private","NAICS 4841 General freight trucking","County, NAICS 4-digit -- by ownership sector","All establishment sizes",13,252,248,251,3014553,427058,9282,926,"",1.80,2.60,2.64,2.69,3.44,5.61,4.12,1.30,"",0,0.0,6,2.4,7,2.9,10,4.1,-22584,-0.7,208883,95.7,265,2.9,-37,-3.8
"36121","5","48411","77","0","2016","1","","Wyoming County, New York","Private","NAICS 48411 General freight trucking, local","County, NAICS 5-digit -- by ownership sector","All establishment sizes",9,87,87,86,964218,753748,16780,856,"",2.97,3.80,3.81,3.74,5.34,5.18,3.10,1.41,"",-1,-10.0,3,3.6,-2,-2.2,-1,-1.1,-100962,-9.5,-94066,-11.1,-22520,-57.3,-89,-9.4
"36121","5","48411","77","0","2016","2","","Wyoming County, New York","Private","NAICS 48411 General freight trucking, local","County, NAICS 5-digit -- by ownership sector","All establishment sizes",9,89,95,93,1172472,400480,9823,977,"",2.92,3.80,3.95,3.80,5.48,6.55,3.79,1.42,"",-1,-10.0,0,0.0,2,2.2,3,3.3,102117,9.5,261867,188.9,2003,25.6,69,7.6
"36121","5","48411","77","0","2016","3","","Wyoming County, New York","Private","NAICS 48411 General freight trucking, local","County, NAICS 5-digit -- by ownership sector","All establishment sizes",9,95,96,99,1338160,287431,6927,1065,"",2.91,4.02,4.06,4.09,6.04,8.77,5.20,1.49,"",0,0.0,0,0.0,3,3.2,7,7.6,224411,20.1,179080,165.3,535,8.4,147,16.0
"36121","5","48411","77","0","2016","4","","Wyoming County, New York","Private","NAICS 48411 General freight trucking, local","County, NAICS 5-digit -- by ownership sector","All establishment sizes",9,97,95,92,1197110,275100,5009,973,"",2.92,4.01,4.04,3.94,5.74,13.13,6.31,1.44,"",0,0.0,2,2.1,4,4.4,4,4.5,512,0.0,187005,212.3,887,21.5,-35,-3.5
"36121","5","484110","78","0","2016","1","","Wyoming County, New York","Private","NAICS 484110 General freight trucking, local","County, NAICS 6-digit -- by ownership sector","All establishment sizes",9,87,87,86,964218,753748,16780,856,"",2.97,3.80,3.81,3.74,5.34,5.18,3.10,1.41,"",-1,-10.0,3,3.6,-2,-2.2,-1,-1.1,-100962,-9.5,-94066,-11.1,-22520,-57.3,-89,-9.4
"36121","5","484110","78","0","2016","2","","Wyoming County, New York","Private","NAICS 484110 General freight trucking, local","County, NAICS 6-digit -- by ownership sector","All establishment sizes",9,89,95,93,1172472,400480,9823,977,"",2.92,3.80,3.95,3.80,5.48,6.55,3.79,1.42,"",-1,-10.0,0,0.0,2,2.2,3,3.3,102117,9.5,261867,188.9,2003,25.6,69,7.6
"36121","5","484110","78","0","2016","3","","Wyoming County, New York","Private","NAICS 484110 General freight trucking, local","County, NAICS 6-digit -- by ownership sector","All establishment sizes",9,95,96,99,1338160,287431,6927,1065,"",2.91,4.02,4.06,4.09,6.04,8.77,5.20,1.49,"",0,0.0,0,0.0,3,3.2,7,7.6,224411,20.1,179080,165.3,535,8.4,147,16.0
"36121","5","484110","78","0","2016","4","","Wyoming County, New York","Private","NAICS 484110 General freight trucking, local","County, NAICS 6-digit -- by ownership sector","All establishment sizes",9,97,95,92,1197110,275100,5009,973,"",2.92,4.01,4.04,3.94,5.74,13.13,6.31,1.44,"",0,0.0,2,2.1,4,4.4,4,4.5,512,0.0,187005,212.3,887,21.5,-35,-3.5
"36121","5","48412","77","0","2016","1","","Wyoming County, New York","Private","NAICS 48412 General freight trucking, long-distance","County, NAICS 5-digit -- by ownership sector","All establishment sizes",4,160,155,157,1702741,1439026,39412,833,"",0.97,2.25,2.19,2.21,2.76,2.95,3.17,1.25,"",0,0.0,21,15.1,8,5.4,12,8.3,191136,12.6,189344,15.2,-9212,-18.9,24,3.0
"36121","5","48412","77","0","2016","2","","Wyoming County, New York","Private","NAICS 48412 General freight trucking, long-distance","County, NAICS 5-digit -- by ownership sector","All establishment sizes",4,165,164,160,1739001,344444,9640,821,"",0.97,2.31,2.25,2.17,2.44,1.96,2.01,1.09,"",0,0.0,22,15.4,15,10.1,12,8.1,129802,8.1,22328,6.9,-3868,-28.6,-23,-2.7
"36121","5","48412","77","0","2016","3","","Wyoming County, New York","Private","NAICS 48412 General freight trucking, long-distance","County, NAICS 5-digit -- by ownership sector","All establishment sizes",4,159,158,155,1806740,175480,5108,883,"",0.97,2.24,2.22,2.13,2.53,2.03,2.16,1.15,"",0,0.0,11,7.4,8,5.3,7,4.7,181181,11.1,20956,13.6,-1439,-22.0,42,5.0
"36121","5","48412","77","0","2016","4","","Wyoming County, New York","Private","NAICS 48412 General freight trucking, long-distance","County, NAICS 5-digit -- by ownership sector","All establishment sizes",4,155,153,159,1817443,151958,4273,898,"",0.97,2.13,2.17,2.27,2.73,2.76,2.93,1.24,"",0,0.0,4,2.6,3,2.0,6,3.9,-23096,-1.3,21878,16.8,-622,-12.7,-38,-4.1
"36121","5","484121","78","0","2016","1","N","Wyoming County, New York","Private","NAICS 484121 General freight trucking, long-distance tl","County, NAICS 6-digit -- by ownership sector","All establishment sizes",3,0,0,0,0,0,0,0,"N",0.91,0,0,0,0,0,0,0,"N",0,0.0,0,0,0,0,0,0,0,0,0,0,0,0,0,0
"36121","5","484121","78","0","2016","2","N","Wyoming County, New York","Private","NAICS 484121 General freight trucking, long-distance tl","County, NAICS 6-digit -- by ownership sector","All establishment sizes",3,0,0,0,0,0,0,0,"N",0.91,0,0,0,0,0,0,0,"N",0,0.0,0,0,0,0,0,0,0,0,0,0,0,0,0,0
"36121","5","484121","78","0","2016","3","N","Wyoming County, New York","Private","NAICS 484121 General freight trucking, long-distance tl","County, NAICS 6-digit -- by ownership sector","All establishment sizes",3,0,0,0,0,0,0,0,"N",0.91,0,0,0,0,0,0,0,"N",0,0.0,0,0,0,0,0,0,0,0,0,0,0,0,0,0
"36121","5","484121","78","0","2016","4","N","Wyoming County, New York","Private","NAICS 484121 General freight trucking, long-distance tl","County, NAICS 6-digit -- by ownership sector","All establishment sizes",3,0,0,0,0,0,0,0,"N",0.91,0,0,0,0,0,0,0,"N",0,0.0,0,0,0,0,0,0,0,0,0,0,0,0,0,0
"36121","5","484122","78","0","2016","1","N","Wyoming County, New York","Private","NAICS 484122 General freight trucking, long-distance ltl","County, NAICS 6-digit -- by ownership sector","All establishment sizes",1,0,0,0,0,0,0,0,"N",1.19,0,0,0,0,0,0,0,"N",0,0.0,0,0,0,0,0,0,0,0,0,0,0,0,0,0
"36121","5","484122","78","0","2016","2","N","Wyoming County, New York","Private","NAICS 484122 General freight trucking, long-distance ltl","County, NAICS 6-digit -- by ownership sector","All establishment sizes",1,0,0,0,0,0,0,0,"N",1.19,0,0,0,0,0,0,0,"N",0,0.0,0,0,0,0,0,0,0,0,0,0,0,0,0,0
"36121","5","484122","78","0","2016","3","N","Wyoming County, New York","Private","NAICS 484122 General freight trucking, long-distance ltl","County, NAICS 6-digit -- by ownership sector","All establishment sizes",1,0,0,0,0,0,0,0,"N",1.21,0,0,0,0,0,0,0,"N",0,0.0,0,0,0,0,0,0,0,0,0,0,0,0,0,0
"36121","5","484122","78","0","2016","4","N","Wyoming County, New York","Private","NAICS 484122 General freight trucking, long-distance ltl","County, NAICS 6-digit -- by ownership sector","All establishment sizes",1,0,0,0,0,0,0,0,"N",1.22,0,0,0,0,0,0,0,"N",0,0.0,0,0,0,0,0,0,0,0,0,0,0,0,0,0
"36121","5","4842","76","0","2016","1","","Wyoming County, New York","Private","NAICS 4842 Specialized freight trucking","County, NAICS 4-digit -- by ownership sector","All establishment sizes",10,44,41,36,360043,327590,13174,687,"",2.27,1.07,1.00,0.87,1.05,1.24,1.44,1.07,"",1,11.1,1,2.3,-2,-4.7,-6,-14.3,-5373,-1.5,-1544,-0.5,-2232,-14.5,28,4.2
"36121","5","4842","76","0","2016","2","","Wyoming County, New York","Private","NAICS 4842 Specialized freight trucking","County, NAICS 4-digit -- by ownership sector","All establishment sizes",10,45,50,52,488743,216918,14904,767,"",2.28,1.06,1.13,1.14,1.22,1.83,2.82,1.09,"",0,0.0,-2,-4.3,-1,-2.0,0,0.0,-6842,-1.4,53379,32.6,4184,39.0,5,0.7
"36121","5","4842","76","0","2016","3","","Wyoming County, New York","Private","NAICS 4842 Specialized freight trucking","County, NAICS 4-digit -- by ownership sector","All establishment sizes",10,54,57,55,581874,100433,5630,809,"",2.29,1.22,1.30,1.24,1.39,1.53,1.99,1.11,"",0,0.0,2,3.8,3,5.6,2,3.8,30681,5.6,42390,73.0,1875,49.9,9,1.1
"36121","5","4842","76","0","2016","4","","Wyoming County, New York","Private","NAICS 4842 Specialized freight trucking","County, NAICS 4-digit -- by ownership sector","All establishment sizes",10,55,55,45,519208,121217,8128,773,"",2.30,1.25,1.31,1.09,1.34,3.19,5.80,1.10,"",0,0.0,7,14.6,5,10.0,-3,-6.2,14148,2.8,79971,193.9,5936,270.8,-25,-3.1
"36121","5","48422","77","0","2016","1","","Wyoming County, New York","Private","NAICS 48422 Other specialized trucking, local","County, NAICS 5-digit -- by ownership sector","All establishment sizes",10,44,41,36,360043,327590,13174,687,"",3.74,2.23,2.10,1.83,2.22,2.49,2.55,1.08,"",1,11.1,1,2.3,-2,-4.7,-6,-14.3,-5373,-1.5,-1544,-0.5,-2232,-14.5,28,4.2
"36121","5","48422","77","0","2016","2","","Wyoming County, New York","Private","NAICS 48422 Other specialized trucking, local","County, NAICS 5-digit -- by ownership sector","All establishment sizes",10,45,50,52,488743,216918,14904,767,"",3.76,2.22,2.38,2.42,2.52,3.56,4.57,1.07,"",0,0.0,-2,-4.3,-1,-2.0,0,0.0,-6842,-1.4,53379,32.6,4184,39.0,5,0.7
"36121","5","48422","77","0","2016","3","","Wyoming County, New York","Private","NAICS 48422 Other specialized trucking, local","County, NAICS 5-digit -- by ownership sector","All establishment sizes",10,54,57,55,581874,100433,5630,809,"",3.78,2.60,2.73,2.57,2.84,3.09,3.28,1.08,"",0,0.0,2,3.8,3,5.6,2,3.8,30681,5.6,42390,73.0,1875,49.9,9,1.1
"36121","5","48422","77","0","2016","4","","Wyoming County, New York","Private","NAICS 48422 Other specialized trucking, local","County, NAICS 5-digit -- by ownership sector","All establishment sizes",10,55,55,45,519208,121217,8128,773,"",3.81,2.58,2.69,2.27,2.70,6.32,9.79,1.07,"",0,0.0,7,14.6,5,10.0,-3,-6.2,14148,2.8,79971,193.9,5936,270.8,-25,-3.1
"36121","5","484220","78","0","2016","1","","Wyoming County, New York","Private","NAICS 484220 Other specialized trucking, local","County, NAICS 6-digit -- by ownership sector","All establishment sizes",10,44,41,36,360043,327590,13174,687,"",3.74,2.23,2.10,1.83,2.22,2.49,2.55,1.08,"",1,11.1,1,2.3,-2,-4.7,-6,-14.3,-5373,-1.5,-1544,-0.5,-2232,-14.5,28,4.2
"36121","5","484220","78","0","2016","2","","Wyoming County, New York","Private","NAICS 484220 Other specialized trucking, local","County, NAICS 6-digit -- by ownership sector","All establishment sizes",10,45,50,52,488743,216918,14904,767,"",3.76,2.22,2.38,2.42,2.52,3.56,4.57,1.07,"",0,0.0,-2,-4.3,-1,-2.0,0,0.0,-6842,-1.4,53379,32.6,4184,39.0,5,0.7
"36121","5","484220","78","0","2016","3","","Wyoming County, New York","Private","NAICS 484220 Other specialized trucking, local","County, NAICS 6-digit -- by ownership sector","All establishment sizes",10,54,57,55,581874,100433,5630,809,"",3.78,2.60,2.73,2.57,2.84,3.09,3.28,1.08,"",0,0.0,2,3.8,3,5.6,2,3.8,30681,5.6,42390,73.0,1875,49.9,9,1.1
"36121","5","484220","78","0","2016","4","","Wyoming County, New York","Private","NAICS 484220 Other specialized trucking, local","County, NAICS 6-digit -- by ownership sector","All establishment sizes",10,55,55,45,519208,121217,8128,773,"",3.81,2.58,2.69,2.27,2.70,6.32,9.79,1.07,"",0,0.0,7,14.6,5,10.0,-3,-6.2,14148,2.8,79971,193.9,5936,270.8,-25,-3.1
"36121","5","485","75","0","2016","1","","Wyoming County, New York","Private","NAICS 485 Transit and ground passenger transportation","County, NAICS 3-digit -- by ownership sector","All establishment sizes",6,200,199,200,902158,896375,73091,348,"",3.17,4.34,4.30,4.28,3.79,4.48,6.19,0.88,"",-1,-14.3,-8,-3.8,-7,-3.4,-4,-2.0,-9283,-1.0,-6851,-0.8,-3382,-4.4,8,2.4
"36121","5","485","75","0","2016","2","","Wyoming County, New York","Private","NAICS 485 Transit and ground passenger transportation","County, NAICS 3-digit -- by ownership sector","All establishment sizes",6,200,199,202,1039353,699160,55867,399,"",3.17,4.25,4.13,4.41,3.68,5.82,6.22,0.86,"",0,0.0,38,23.5,-1,-0.5,-3,-1.5,10568,1.0,7495,1.1,-2105,-3.6,-20,-4.8
"36121","5","485","75","0","2016","3","","Wyoming County, New York","Private","NAICS 485 Transit and ground passenger transportation","County, NAICS 3-digit -- by ownership sector","All establishment sizes",6,120,110,193,672543,249726,17525,367,"",3.18,3.13,2.84,4.09,2.74,4.73,5.73,0.80,"",0,0.0,-11,-8.4,-6,-5.2,1,0.5,57780,9.4,27930,12.6,346,2.0,44,13.6
"36121","5","485","75","0","2016","4","","Wyoming County, New York","Private","NAICS 485 Transit and ground passenger transportation","County, NAICS 3-digit -- by ownership sector","All establishment sizes",6,194,198,195,1064393,248480,17860,418,"",3.20,4.08,4.30,4.27,3.97,5.65,6.67,0.94,"",0,0.0,-5,-2.5,-4,-2.0,-10,-4.9,-96442,-8.3,-26965,-9.8,-4027,-18.4,-24,-5.4
"36121","5","4854","76","0","2016","1","N","Wyoming County, New York","Private","NAICS 4854 School and employee bus transportation","County, NAICS 4-digit -- by ownership sector","All establishment sizes",5,0,0,0,0,0,0,0,"N",12.34,0,0,0,0,0,0,0,"N",-1,-16.7,0,0,0,0,0,0,0,0,0,0,0,0,0,0
"36121","5","4854","76","0","2016","2","N","Wyoming County, New York","Private","NAICS 4854 School and employee bus transportation","County, NAICS 4-digit -- by ownership sector","All establishment sizes",5,0,0,0,0,0,0,0,"N",12.40,0,0,0,0,0,0,0,"N",0,0.0,0,0,0,0,0,0,0,0,0,0,0,0,0,0
"36121","5","4854","76","0","2016","3","N","Wyoming County, New York","Private","NAICS 4854 School and employee bus transportation","County, NAICS 4-digit -- by ownership sector","All establishment sizes",5,0,0,0,0,0,0,0,"N",12.47,0,0,0,0,0,0,0,"N",0,0.0,0,0,0,0,0,0,0,0,0,0,0,0,0,0
"36121","5","4854","76","0","2016","4","N","Wyoming County, New York","Private","NAICS 4854 School and employee bus transportation","County, NAICS 4-digit -- by ownership sector","All establishment sizes",5,0,0,0,0,0,0,0,"N",12.58,0,0,0,0,0,0,0,"N",0,0.0,0,0,0,0,0,0,0,0,0,0,0,0,0,0
"36121","5","48541","77","0","2016","1","N","Wyoming County, New York","Private","NAICS 48541 School and employee bus transportation","County, NAICS 5-digit -- by ownership sector","All establishment sizes",5,0,0,0,0,0,0,0,"N",12.34,0,0,0,0,0,0,0,"N",-1,-16.7,0,0,0,0,0,0,0,0,0,0,0,0,0,0
"36121","5","48541","77","0","2016","2","N","Wyoming County, New York","Private","NAICS 48541 School and employee bus transportation","County, NAICS 5-digit -- by ownership sector","All establishment sizes",5,0,0,0,0,0,0,0,"N",12.40,0,0,0,0,0,0,0,"N",0,0.0,0,0,0,0,0,0,0,0,0,0,0,0,0,0
"36121","5","48541","77","0","2016","3","N","Wyoming County, New York","Private","NAICS 48541 School and employee bus transportation","County, NAICS 5-digit -- by ownership sector","All establishment sizes",5,0,0,0,0,0,0,0,"N",12.47,0,0,0,0,0,0,0,"N",0,0.0,0,0,0,0,0,0,0,0,0,0,0,0,0,0
"36121","5","48541","77","0","2016","4","N","Wyoming County, New York","Private","NAICS 48541 School and employee bus transportation","County, NAICS 5-digit -- by ownership sector","All establishment sizes",5,0,0,0,0,0,0,0,"N",12.58,0,0,0,0,0,0,0,"N",0,0.0,0,0,0,0,0,0,0,0,0,0,0,0,0,0
"36121","5","485410","78","0","2016","1","N","Wyoming County, New York","Private","NAICS 485410 School and employee bus transportation","County, NAICS 6-digit -- by ownership sector","All establishment sizes",5,0,0,0,0,0,0,0,"N",12.34,0,0,0,0,0,0,0,"N",-1,-16.7,0,0,0,0,0,0,0,0,0,0,0,0,0,0
"36121","5","485410","78","0","2016","2","N","Wyoming County, New York","Private","NAICS 485410 School and employee bus transportation","County, NAICS 6-digit -- by ownership sector","All establishment sizes",5,0,0,0,0,0,0,0,"N",12.40,0,0,0,0,0,0,0,"N",0,0.0,0,0,0,0,0,0,0,0,0,0,0,0,0,0
"36121","5","485410","78","0","2016","3","N","Wyoming County, New York","Private","NAICS 485410 School and employee bus transportation","County, NAICS 6-digit -- by ownership sector","All establishment sizes",5,0,0,0,0,0,0,0,"N",12.47,0,0,0,0,0,0,0,"N",0,0.0,0,0,0,0,0,0,0,0,0,0,0,0,0,0
"36121","5","485410","78","0","2016","4","N","Wyoming County, New York","Private","NAICS 485410 School and employee bus transportation","County, NAICS 6-digit -- by ownership sector","All establishment sizes",5,0,0,0,0,0,0,0,"N",12.58,0,0,0,0,0,0,0,"N",0,0.0,0,0,0,0,0,0,0,0,0,0,0,0,0,0
"36121","5","4859","76","0","2016","1","N","Wyoming County, New York","Private","NAICS 4859 Other ground passenger transportation","County, NAICS 4-digit -- by ownership sector","All establishment sizes",1,0,0,0,0,0,0,0,"N",2.14,0,0,0,0,0,0,0,"N",0,0.0,0,0,0,0,0,0,0,0,0,0,0,0,0,0
"36121","5","4859","76","0","2016","2","N","Wyoming County, New York","Private","NAICS 4859 Other ground passenger transportation","County, NAICS 4-digit -- by ownership sector","All establishment sizes",1,0,0,0,0,0,0,0,"N",2.12,0,0,0,0,0,0,0,"N",0,0.0,0,0,0,0,0,0,0,0,0,0,0,0,0,0
"36121","5","4859","76","0","2016","3","N","Wyoming County, New York","Private","NAICS 4859 Other ground passenger transportation","County, NAICS 4-digit -- by ownership sector","All establishment sizes",1,0,0,0,0,0,0,0,"N",2.11,0,0,0,0,0,0,0,"N",0,0.0,0,0,0,0,0,0,0,0,0,0,0,0,0,0
"36121","5","4859","76","0","2016","4","N","Wyoming County, New York","Private","NAICS 4859 Other ground passenger transportation","County, NAICS 4-digit -- by ownership sector","All establishment sizes",1,0,0,0,0,0,0,0,"N",2.11,0,0,0,0,0,0,0,"N",0,0.0,0,0,0,0,0,0,0,0,0,0,0,0,0,0
"36121","5","48599","77","0","2016","1","N","Wyoming County, New York","Private","NAICS 48599 Other ground passenger transportation","County, NAICS 5-digit -- by ownership sector","All establishment sizes",1,0,0,0,0,0,0,0,"N",2.14,0,0,0,0,0,0,0,"N",0,0.0,0,0,0,0,0,0,0,0,0,0,0,0,0,0
"36121","5","48599","77","0","2016","2","N","Wyoming County, New York","Private","NAICS 48599 Other ground passenger transportation","County, NAICS 5-digit -- by ownership sector","All establishment sizes",1,0,0,0,0,0,0,0,"N",2.12,0,0,0,0,0,0,0,"N",0,0.0,0,0,0,0,0,0,0,0,0,0,0,0,0,0
"36121","5","48599","77","0","2016","3","N","Wyoming County, New York","Private","NAICS 48599 Other ground passenger transportation","County, NAICS 5-digit -- by ownership sector","All establishment sizes",1,0,0,0,0,0,0,0,"N",2.11,0,0,0,0,0,0,0,"N",0,0.0,0,0,0,0,0,0,0,0,0,0,0,0,0,0
"36121","5","48599","77","0","2016","4","N","Wyoming County, New York","Private","NAICS 48599 Other ground passenger transportation","County, NAICS 5-digit -- by ownership sector","All establishment sizes",1,0,0,0,0,0,0,0,"N",2.11,0,0,0,0,0,0,0,"N",0,0.0,0,0,0,0,0,0,0,0,0,0,0,0,0,0
"36121","5","485991","78","0","2016","1","N","Wyoming County, New York","Private","NAICS 485991 Special needs transportation","County, NAICS 6-digit -- by ownership sector","All establishment sizes",1,0,0,0,0,0,0,0,"N",3.62,0,0,0,0,0,0,0,"N",0,0.0,0,0,0,0,0,0,0,0,0,0,0,0,0,0
"36121","5","485991","78","0","2016","2","N","Wyoming County, New York","Private","NAICS 485991 Special needs transportation","County, NAICS 6-digit -- by ownership sector","All establishment sizes",1,0,0,0,0,0,0,0,"N",3.58,0,0,0,0,0,0,0,"N",0,0.0,0,0,0,0,0,0,0,0,0,0,0,0,0,0
"36121","5","485991","78","0","2016","3","N","Wyoming County, New York","Private","NAICS 485991 Special needs transportation","County, NAICS 6-digit -- by ownership sector","All establishment sizes",1,0,0,0,0,0,0,0,"N",3.59,0,0,0,0,0,0,0,"N",0,0.0,0,0,0,0,0,0,0,0,0,0,0,0,0,0
"36121","5","485991","78","0","2016","4","N","Wyoming County, New York","Private","NAICS 485991 Special needs transportation","County, NAICS 6-digit -- by ownership sector","All establishment sizes",1,0,0,0,0,0,0,0,"N",3.59,0,0,0,0,0,0,0,"N",0,0.0,0,0,0,0,0,0,0,0,0,0,0,0,0,0
"36121","5","486","75","0","2016","1","N","Wyoming County, New York","Private","NAICS 486 Pipeline transportation","County, NAICS 3-digit -- by ownership sector","All establishment sizes",1,0,0,0,0,0,0,0,"N",3.73,0,0,0,0,0,0,0,"N",0,0.0,0,0,0,0,0,0,0,0,0,0,0,0,0,0
"36121","5","486","75","0","2016","2","N","Wyoming County, New York","Private","NAICS 486 Pipeline transportation","County, NAICS 3-digit -- by ownership sector","All establishment sizes",1,0,0,0,0,0,0,0,"N",3.77,0,0,0,0,0,0,0,"N",0,0.0,0,0,0,0,0,0,0,0,0,0,0,0,0,0
"36121","5","486","75","0","2016","3","N","Wyoming County, New York","Private","NAICS 486 Pipeline transportation","County, NAICS 3-digit -- by ownership sector","All establishment sizes",1,0,0,0,0,0,0,0,"N",3.84,0,0,0,0,0,0,0,"N",0,0.0,0,0,0,0,0,0,0,0,0,0,0,0,0,0
"36121","5","486","75","0","2016","4","N","Wyoming County, New York","Private","NAICS 486 Pipeline transportation","County, NAICS 3-digit -- by ownership sector","All establishment sizes",1,0,0,0,0,0,0,0,"N",3.80,0,0,0,0,0,0,0,"N",0,0.0,0,0,0,0,0,0,0,0,0,0,0,0,0,0
"36121","5","4862","76","0","2016","1","N","Wyoming County, New York","Private","NAICS 4862 Pipeline transportation of natural gas","County, NAICS 4-digit -- by ownership sector","All establishment sizes",1,0,0,0,0,0,0,0,"N",6.06,0,0,0,0,0,0,0,"N",0,0.0,0,0,0,0,0,0,0,0,0,0,0,0,0,0
"36121","5","4862","76","0","2016","2","N","Wyoming County, New York","Private","NAICS 4862 Pipeline transportation of natural gas","County, NAICS 4-digit -- by ownership sector","All establishment sizes",1,0,0,0,0,0,0,0,"N",6.09,0,0,0,0,0,0,0,"N",0,0.0,0,0,0,0,0,0,0,0,0,0,0,0,0,0
"36121","5","4862","76","0","2016","3","N","Wyoming County, New York","Private","NAICS 4862 Pipeline transportation of natural gas","County, NAICS 4-digit -- by ownership sector","All establishment sizes",1,0,0,0,0,0,0,0,"N",6.17,0,0,0,0,0,0,0,"N",0,0.0,0,0,0,0,0,0,0,0,0,0,0,0,0,0
"36121","5","4862","76","0","2016","4","N","Wyoming County, New York","Private","NAICS 4862 Pipeline transportation of natural gas","County, NAICS 4-digit -- by ownership sector","All establishment sizes",1,0,0,0,0,0,0,0,"N",6.11,0,0,0,0,0,0,0,"N",0,0.0,0,0,0,0,0,0,0,0,0,0,0,0,0,0
"36121","5","48621","77","0","2016","1","N","Wyoming County, New York","Private","NAICS 48621 Pipeline transportation of natural gas","County, NAICS 5-digit -- by ownership sector","All establishment sizes",1,0,0,0,0,0,0,0,"N",6.06,0,0,0,0,0,0,0,"N",0,0.0,0,0,0,0,0,0,0,0,0,0,0,0,0,0
"36121","5","48621","77","0","2016","2","N","Wyoming County, New York","Private","NAICS 48621 Pipeline transportation of natural gas","County, NAICS 5-digit -- by ownership sector","All establishment sizes",1,0,0,0,0,0,0,0,"N",6.09,0,0,0,0,0,0,0,"N",0,0.0,0,0,0,0,0,0,0,0,0,0,0,0,0,0
"36121","5","48621","77","0","2016","3","N","Wyoming County, New York","Private","NAICS 48621 Pipeline transportation of natural gas","County, NAICS 5-digit -- by ownership sector","All establishment sizes",1,0,0,0,0,0,0,0,"N",6.17,0,0,0,0,0,0,0,"N",0,0.0,0,0,0,0,0,0,0,0,0,0,0,0,0,0
"36121","5","48621","77","0","2016","4","N","Wyoming County, New York","Private","NAICS 48621 Pipeline transportation of natural gas","County, NAICS 5-digit -- by ownership sector","All establishment sizes",1,0,0,0,0,0,0,0,"N",6.11,0,0,0,0,0,0,0,"N",0,0.0,0,0,0,0,0,0,0,0,0,0,0,0,0,0
"36121","5","486210","78","0","2016","1","N","Wyoming County, New York","Private","NAICS 486210 Pipeline transportation of natural gas","County, NAICS 6-digit -- by ownership sector","All establishment sizes",1,0,0,0,0,0,0,0,"N",6.06,0,0,0,0,0,0,0,"N",0,0.0,0,0,0,0,0,0,0,0,0,0,0,0,0,0
"36121","5","486210","78","0","2016","2","N","Wyoming County, New York","Private","NAICS 486210 Pipeline transportation of natural gas","County, NAICS 6-digit -- by ownership sector","All establishment sizes",1,0,0,0,0,0,0,0,"N",6.09,0,0,0,0,0,0,0,"N",0,0.0,0,0,0,0,0,0,0,0,0,0,0,0,0,0
"36121","5","486210","78","0","2016","3","N","Wyoming County, New York","Private","NAICS 486210 Pipeline transportation of natural gas","County, NAICS 6-digit -- by ownership sector","All establishment sizes",1,0,0,0,0,0,0,0,"N",6.17,0,0,0,0,0,0,0,"N",0,0.0,0,0,0,0,0,0,0,0,0,0,0,0,0,0
"36121","5","486210","78","0","2016","4","N","Wyoming County, New York","Private","NAICS 486210 Pipeline transportation of natural gas","County, NAICS 6-digit -- by ownership sector","All establishment sizes",1,0,0,0,0,0,0,0,"N",6.11,0,0,0,0,0,0,0,"N",0,0.0,0,0,0,0,0,0,0,0,0,0,0,0,0,0
"36121","5","487","75","0","2016","1","N","Wyoming County, New York","Private","NAICS 487 Scenic and sightseeing transportation","County, NAICS 3-digit -- by ownership sector","All establishment sizes",1,0,0,0,0,0,0,0,"N",3.55,0,0,0,0,0,0,0,"N",0,0.0,0,0,0,0,0,0,0,0,0,0,0,0,0,0
"36121","5","487","75","0","2016","2","N","Wyoming County, New York","Private","NAICS 487 Scenic and sightseeing transportation","County, NAICS 3-digit -- by ownership sector","All establishment sizes",1,0,0,0,0,0,0,0,"N",3.51,0,0,0,0,0,0,0,"N",0,0.0,0,0,0,0,0,0,0,0,0,0,0,0,0,0
"36121","5","487","75","0","2016","3","N","Wyoming County, New York","Private","NAICS 487 Scenic and sightseeing transportation","County, NAICS 3-digit -- by ownership sector","All establishment sizes",1,0,0,0,0,0,0,0,"N",3.51,0,0,0,0,0,0,0,"N",0,0.0,0,0,0,0,0,0,0,0,0,0,0,0,0,0
"36121","5","487","75","0","2016","4","N","Wyoming County, New York","Private","NAICS 487 Scenic and sightseeing transportation","County, NAICS 3-digit -- by ownership sector","All establishment sizes",1,0,0,0,0,0,0,0,"N",3.51,0,0,0,0,0,0,0,"N",0,0.0,0,0,0,0,0,0,0,0,0,0,0,0,0,0
"36121","5","4879","76","0","2016","1","N","Wyoming County, New York","Private","NAICS 4879 Scenic and sightseeing transportation, other","County, NAICS 4-digit -- by ownership sector","All establishment sizes",1,0,0,0,0,0,0,0,"N",41.74,0,0,0,0,0,0,0,"N",0,0.0,0,0,0,0,0,0,0,0,0,0,0,0,0,0
"36121","5","4879","76","0","2016","2","N","Wyoming County, New York","Private","NAICS 4879 Scenic and sightseeing transportation, other","County, NAICS 4-digit -- by ownership sector","All establishment sizes",1,0,0,0,0,0,0,0,"N",42.03,0,0,0,0,0,0,0,"N",0,0.0,0,0,0,0,0,0,0,0,0,0,0,0,0,0
"36121","5","4879","76","0","2016","3","N","Wyoming County, New York","Private","NAICS 4879 Scenic and sightseeing transportation, other","County, NAICS 4-digit -- by ownership sector","All establishment sizes",1,0,0,0,0,0,0,0,"N",42.17,0,0,0,0,0,0,0,"N",0,0.0,0,0,0,0,0,0,0,0,0,0,0,0,0,0
"36121","5","4879","76","0","2016","4","N","Wyoming County, New York","Private","NAICS 4879 Scenic and sightseeing transportation, other","County, NAICS 4-digit -- by ownership sector","All establishment sizes",1,0,0,0,0,0,0,0,"N",41.62,0,0,0,0,0,0,0,"N",0,0.0,0,0,0,0,0,0,0,0,0,0,0,0,0,0
"36121","5","48799","77","0","2016","1","N","Wyoming County, New York","Private","NAICS 48799 Scenic and sightseeing transportation, other","County, NAICS 5-digit -- by ownership sector","All establishment sizes",1,0,0,0,0,0,0,0,"N",41.74,0,0,0,0,0,0,0,"N",0,0.0,0,0,0,0,0,0,0,0,0,0,0,0,0,0
"36121","5","48799","77","0","2016","2","N","Wyoming County, New York","Private","NAICS 48799 Scenic and sightseeing transportation, other","County, NAICS 5-digit -- by ownership sector","All establishment sizes",1,0,0,0,0,0,0,0,"N",42.03,0,0,0,0,0,0,0,"N",0,0.0,0,0,0,0,0,0,0,0,0,0,0,0,0,0
"36121","5","48799","77","0","2016","3","N","Wyoming County, New York","Private","NAICS 48799 Scenic and sightseeing transportation, other","County, NAICS 5-digit -- by ownership sector","All establishment sizes",1,0,0,0,0,0,0,0,"N",42.17,0,0,0,0,0,0,0,"N",0,0.0,0,0,0,0,0,0,0,0,0,0,0,0,0,0
"36121","5","48799","77","0","2016","4","N","Wyoming County, New York","Private","NAICS 48799 Scenic and sightseeing transportation, other","County, NAICS 5-digit -- by ownership sector","All establishment sizes",1,0,0,0,0,0,0,0,"N",41.62,0,0,0,0,0,0,0,"N",0,0.0,0,0,0,0,0,0,0,0,0,0,0,0,0,0
"36121","5","487990","78","0","2016","1","N","Wyoming County, New York","Private","NAICS 487990 Scenic and sightseeing transportation, other","County, NAICS 6-digit -- by ownership sector","All establishment sizes",1,0,0,0,0,0,0,0,"N",41.74,0,0,0,0,0,0,0,"N",0,0.0,0,0,0,0,0,0,0,0,0,0,0,0,0,0
"36121","5","487990","78","0","2016","2","N","Wyoming County, New York","Private","NAICS 487990 Scenic and sightseeing transportation, other","County, NAICS 6-digit -- by ownership sector","All establishment sizes",1,0,0,0,0,0,0,0,"N",42.03,0,0,0,0,0,0,0,"N",0,0.0,0,0,0,0,0,0,0,0,0,0,0,0,0,0
"36121","5","487990","78","0","2016","3","N","Wyoming County, New York","Private","NAICS 487990 Scenic and sightseeing transportation, other","County, NAICS 6-digit -- by ownership sector","All establishment sizes",1,0,0,0,0,0,0,0,"N",42.17,0,0,0,0,0,0,0,"N",0,0.0,0,0,0,0,0,0,0,0,0,0,0,0,0,0
"36121","5","487990","78","0","2016","4","N","Wyoming County, New York","Private","NAICS 487990 Scenic and sightseeing transportation, other","County, NAICS 6-digit -- by ownership sector","All establishment sizes",1,0,0,0,0,0,0,0,"N",41.62,0,0,0,0,0,0,0,"N",0,0.0,0,0,0,0,0,0,0,0,0,0,0,0,0,0
"36121","5","51","74","0","2016","1","","Wyoming County, New York","Private","NAICS 51 Information","County, NAICS Sector -- by ownership sector","All establishment sizes",14,101,101,98,524450,352042,6806,403,"",0.97,0.38,0.38,0.37,0.10,0.17,0.09,0.27,"",1,7.7,-2,-1.9,-3,-2.9,-2,-2.0,23843,4.8,3675,1.1,-1631,-19.3,27,7.2
"36121","5","51","74","0","2016","2","","Wyoming County, New York","Private","NAICS 51 Information","County, NAICS Sector -- by ownership sector","All establishment sizes",14,79,94,73,508444,140025,2650,477,"",0.97,0.30,0.35,0.26,0.10,0.27,0.13,0.34,"",1,7.7,2,2.6,19,25.3,-3,-3.9,19040,3.9,128,0.1,-805,-23.3,-18,-3.6
"36121","5","51","74","0","2016","3","","Wyoming County, New York","Private","NAICS 51 Information","County, NAICS Sector -- by ownership sector","All establishment sizes",13,98,98,101,806736,85739,1477,627,"",0.90,0.37,0.37,0.37,0.16,0.33,0.13,0.42,"",0,0.0,-5,-4.9,-1,-1.0,25,32.9,29042,3.7,13080,18.0,-290,-16.4,-19,-2.9
"36121","5","51","74","0","2016","4","","Wyoming County, New York","Private","NAICS 51 Information","County, NAICS Sector -- by ownership sector","All establishment sizes",13,96,93,97,550301,63423,1096,444,"",0.89,0.36,0.35,0.37,0.12,0.39,0.16,0.32,"",0,0.0,-1,-1.0,-4,-4.1,-8,-7.6,8961,1.7,-6767,-9.6,-605,-35.6,26,6.2
"36121","5","511","75","0","2016","1","","Wyoming County, New York","Private","NAICS 511 Publishing industries, except internet","County, NAICS 3-digit -- by ownership sector","All establishment sizes",3,41,39,39,149866,125712,2658,291,"",0.79,0.59,0.57,0.56,0.11,0.20,0.14,0.19,"",0,0.0,-2,-4.7,-4,-9.3,-4,-9.3,16273,12.2,4617,3.8,-35,-1.3,52,21.8
"36121","5","511","75","0","2016","2","","Wyoming County, New York","Private","NAICS 511 Publishing industries, except internet","County, NAICS 3-digit -- by ownership sector","All establishment sizes",3,16,40,17,138794,58891,1237,439,"",0.78,0.23,0.57,0.24,0.10,0.39,0.26,0.29,"",0,0.0,-3,-15.8,21,110.5,-2,-10.5,-2507,-1.8,-7110,-10.8,-204,-14.2,-133,-23.3
"36121","5","511","75","0","2016","3","N","Wyoming County, New York","Private","NAICS 511 Publishing industries, except internet","County, NAICS 3-digit -- by ownership sector","All establishment sizes",2,0,0,0,0,0,0,0,"N",0.52,0,0,0,0,0,0,0,"N",-1,-33.3,0,0,0,0,0,0,0,0,0,0,0,0,0,0
"36121","5","511","75","0","2016","4","N","Wyoming County, New York","Private","NAICS 511 Publishing industries, except internet","County, NAICS 3-digit -- by ownership sector","All establishment sizes",2,0,0,0,0,0,0,0,"N",0.52,0,0,0,0,0,0,0,"N",-1,-33.3,0,0,0,0,0,0,0,0,0,0,0,0,0,0
"36121","5","5111","76","0","2016","1","","Wyoming County, New York","Private","NAICS 5111 Newspaper, book, and directory publishers","County, NAICS 4-digit -- by ownership sector","All establishment sizes",3,41,39,39,149866,125712,2658,291,"",1.51,1.14,1.09,1.09,0.32,0.52,0.27,0.29,"",0,0.0,-2,-4.7,-4,-9.3,-4,-9.3,16273,12.2,4617,3.8,-35,-1.3,52,21.8
"36121","5","5111","76","0","2016","2","","Wyoming County, New York","Private","NAICS 5111 Newspaper, book, and directory publishers","County, NAICS 4-digit -- by ownership sector","All establishment sizes",3,16,40,17,138794,58891,1237,439,"",1.52,0.45,1.10,0.47,0.30,0.83,0.43,0.45,"",0,0.0,-3,-15.8,21,110.5,-2,-10.5,-2507,-1.8,-7110,-10.8,-204,-14.2,-133,-23.3
"36121","5","5111","76","0","2016","3","N","Wyoming County, New York","Private","NAICS 5111 Newspaper, book, and directory publishers","County, NAICS 4-digit -- by ownership sector","All establishment sizes",2,0,0,0,0,0,0,0,"N",1.02,0,0,0,0,0,0,0,"N",-1,-33.3,0,0,0,0,0,0,0,0,0,0,0,0,0,0
"36121","5","5111","76","0","2016","4","N","Wyoming County, New York","Private","NAICS 5111 Newspaper, book, and directory publishers","County, NAICS 4-digit -- by ownership sector","All establishment sizes",2,0,0,0,0,0,0,0,"N",1.03,0,0,0,0,0,0,0,"N",-1,-33.3,0,0,0,0,0,0,0,0,0,0,0,0,0,0
"36121","5","51111","77","0","2016","1","N","Wyoming County, New York","Private","NAICS 51111 Newspaper publishers","County, NAICS 5-digit -- by ownership sector","All establishment sizes",1,0,0,0,0,0,0,0,"N",1.41,0,0,0,0,0,0,0,"N",0,0.0,0,0,0,0,0,0,0,0,0,0,0,0,0,0
"36121","5","51111","77","0","2016","2","N","Wyoming County, New York","Private","NAICS 51111 Newspaper publishers","County, NAICS 5-digit -- by ownership sector","All establishment sizes",1,0,0,0,0,0,0,0,"N",1.42,0,0,0,0,0,0,0,"N",0,0.0,0,0,0,0,0,0,0,0,0,0,0,0,0,0
"36121","5","51111","77","0","2016","3","-","Wyoming County, New York","Private","NAICS 51111 Newspaper publishers","County, NAICS 5-digit -- by ownership sector","All establishment sizes",0,0,0,0,0,0,0,0,"N",0.00,0,0,0,0,0,0,0,"N",-1,-100.0,0,0,0,0,0,0,0,0,0,0,0,0,0,0
"36121","5","51111","77","0","2016","4","-","Wyoming County, New York","Private","NAICS 51111 Newspaper publishers","County, NAICS 5-digit -- by ownership sector","All establishment sizes",0,0,0,0,0,0,0,0,"N",0.00,0,0,0,0,0,0,0,"N",-1,-100.0,0,0,0,0,0,0,0,0,0,0,0,0,0,0
"36121","5","511110","78","0","2016","1","N","Wyoming County, New York","Private","NAICS 511110 Newspaper publishers","County, NAICS 6-digit -- by ownership sector","All establishment sizes",1,0,0,0,0,0,0,0,"N",1.41,0,0,0,0,0,0,0,"N",0,0.0,0,0,0,0,0,0,0,0,0,0,0,0,0,0
"36121","5","511110","78","0","2016","2","N","Wyoming County, New York","Private","NAICS 511110 Newspaper publishers","County, NAICS 6-digit -- by ownership sector","All establishment sizes",1,0,0,0,0,0,0,0,"N",1.42,0,0,0,0,0,0,0,"N",0,0.0,0,0,0,0,0,0,0,0,0,0,0,0,0,0
"36121","5","511110","78","0","2016","3","-","Wyoming County, New York","Private","NAICS 511110 Newspaper publishers","County, NAICS 6-digit -- by ownership sector","All establishment sizes",0,0,0,0,0,0,0,0,"N",0.00,0,0,0,0,0,0,0,"N",-1,-100.0,0,0,0,0,0,0,0,0,0,0,0,0,0,0
"36121","5","511110","78","0","2016","4","-","Wyoming County, New York","Private","NAICS 511110 Newspaper publishers","County, NAICS 6-digit -- by ownership sector","All establishment sizes",0,0,0,0,0,0,0,0,"N",0.00,0,0,0,0,0,0,0,"N",-1,-100.0,0,0,0,0,0,0,0,0,0,0,0,0,0,0
"36121","5","51112","77","0","2016","1","N","Wyoming County, New York","Private","NAICS 51112 Periodical publishers","County, NAICS 5-digit -- by ownership sector","All establishment sizes",2,0,0,0,0,0,0,0,"N",2.84,0,0,0,0,0,0,0,"N",0,0.0,0,0,0,0,0,0,0,0,0,0,0,0,0,0
"36121","5","51112","77","0","2016","2","N","Wyoming County, New York","Private","NAICS 51112 Periodical publishers","County, NAICS 5-digit -- by ownership sector","All establishment sizes",2,0,0,0,0,0,0,0,"N",2.86,0,0,0,0,0,0,0,"N",0,0.0,0,0,0,0,0,0,0,0,0,0,0,0,0,0
"36121","5","51112","77","0","2016","3","N","Wyoming County, New York","Private","NAICS 51112 Periodical publishers","County, NAICS 5-digit -- by ownership sector","All establishment sizes",2,0,0,0,0,0,0,0,"N",2.88,0,0,0,0,0,0,0,"N",0,0.0,0,0,0,0,0,0,0,0,0,0,0,0,0,0
"36121","5","51112","77","0","2016","4","N","Wyoming County, New York","Private","NAICS 51112 Periodical publishers","County, NAICS 5-digit -- by ownership sector","All establishment sizes",2,0,0,0,0,0,0,0,"N",2.91,0,0,0,0,0,0,0,"N",0,0.0,0,0,0,0,0,0,0,0,0,0,0,0,0,0
"36121","5","511120","78","0","2016","1","N","Wyoming County, New York","Private","NAICS 511120 Periodical publishers","County, NAICS 6-digit -- by ownership sector","All establishment sizes",2,0,0,0,0,0,0,0,"N",2.84,0,0,0,0,0,0,0,"N",0,0.0,0,0,0,0,0,0,0,0,0,0,0,0,0,0
"36121","5","511120","78","0","2016","2","N","Wyoming County, New York","Private","NAICS 511120 Periodical publishers","County, NAICS 6-digit -- by ownership sector","All establishment sizes",2,0,0,0,0,0,0,0,"N",2.86,0,0,0,0,0,0,0,"N",0,0.0,0,0,0,0,0,0,0,0,0,0,0,0,0,0
"36121","5","511120","78","0","2016","3","N","Wyoming County, New York","Private","NAICS 511120 Periodical publishers","County, NAICS 6-digit -- by ownership sector","All establishment sizes",2,0,0,0,0,0,0,0,"N",2.88,0,0,0,0,0,0,0,"N",0,0.0,0,0,0,0,0,0,0,0,0,0,0,0,0,0
"36121","5","511120","78","0","2016","4","N","Wyoming County, New York","Private","NAICS 511120 Periodical publishers","County, NAICS 6-digit -- by ownership sector","All establishment sizes",2,0,0,0,0,0,0,0,"N",2.91,0,0,0,0,0,0,0,"N",0,0.0,0,0,0,0,0,0,0,0,0,0,0,0,0,0
"36121","5","512","75","0","2016","1","N","Wyoming County, New York","Private","NAICS 512 Motion picture and sound recording industries","County, NAICS 3-digit -- by ownership sector","All establishment sizes",1,0,0,0,0,0,0,0,"N",0.37,0,0,0,0,0,0,0,"N",0,0.0,0,0,0,0,0,0,0,0,0,0,0,0,0,0
"36121","5","512","75","0","2016","2","N","Wyoming County, New York","Private","NAICS 512 Motion picture and sound recording industries","County, NAICS 3-digit -- by ownership sector","All establishment sizes",1,0,0,0,0,0,0,0,"N",0.37,0,0,0,0,0,0,0,"N",0,0.0,0,0,0,0,0,0,0,0,0,0,0,0,0,0
"36121","5","512","75","0","2016","3","N","Wyoming County, New York","Private","NAICS 512 Motion picture and sound recording industries","County, NAICS 3-digit -- by ownership sector","All establishment sizes",1,0,0,0,0,0,0,0,"N",0.37,0,0,0,0,0,0,0,"N",0,0.0,0,0,0,0,0,0,0,0,0,0,0,0,0,0
"36121","5","512","75","0","2016","4","N","Wyoming County, New York","Private","NAICS 512 Motion picture and sound recording industries","County, NAICS 3-digit -- by ownership sector","All establishment sizes",1,0,0,0,0,0,0,0,"N",0.37,0,0,0,0,0,0,0,"N",0,0.0,0,0,0,0,0,0,0,0,0,0,0,0,0,0
"36121","5","5121","76","0","2016","1","N","Wyoming County, New York","Private","NAICS 5121 Motion picture and video industries","County, NAICS 4-digit -- by ownership sector","All establishment sizes",1,0,0,0,0,0,0,0,"N",0.42,0,0,0,0,0,0,0,"N",0,0.0,0,0,0,0,0,0,0,0,0,0,0,0,0,0
"36121","5","5121","76","0","2016","2","N","Wyoming County, New York","Private","NAICS 5121 Motion picture and video industries","County, NAICS 4-digit -- by ownership sector","All establishment sizes",1,0,0,0,0,0,0,0,"N",0.42,0,0,0,0,0,0,0,"N",0,0.0,0,0,0,0,0,0,0,0,0,0,0,0,0,0
"36121","5","5121","76","0","2016","3","N","Wyoming County, New York","Private","NAICS 5121 Motion picture and video industries","County, NAICS 4-digit -- by ownership sector","All establishment sizes",1,0,0,0,0,0,0,0,"N",0.43,0,0,0,0,0,0,0,"N",0,0.0,0,0,0,0,0,0,0,0,0,0,0,0,0,0
"36121","5","5121","76","0","2016","4","N","Wyoming County, New York","Private","NAICS 5121 Motion picture and video industries","County, NAICS 4-digit -- by ownership sector","All establishment sizes",1,0,0,0,0,0,0,0,"N",0.42,0,0,0,0,0,0,0,"N",0,0.0,0,0,0,0,0,0,0,0,0,0,0,0,0,0
"36121","5","51213","77","0","2016","1","N","Wyoming County, New York","Private","NAICS 51213 Motion picture and video exhibition","County, NAICS 5-digit -- by ownership sector","All establishment sizes",1,0,0,0,0,0,0,0,"N",2.34,0,0,0,0,0,0,0,"N",0,0.0,0,0,0,0,0,0,0,0,0,0,0,0,0,0
"36121","5","51213","77","0","2016","2","N","Wyoming County, New York","Private","NAICS 51213 Motion picture and video exhibition","County, NAICS 5-digit -- by ownership sector","All establishment sizes",1,0,0,0,0,0,0,0,"N",2.34,0,0,0,0,0,0,0,"N",0,0.0,0,0,0,0,0,0,0,0,0,0,0,0,0,0
"36121","5","51213","77","0","2016","3","N","Wyoming County, New York","Private","NAICS 51213 Motion picture and video exhibition","County, NAICS 5-digit -- by ownership sector","All establishment sizes",1,0,0,0,0,0,0,0,"N",2.36,0,0,0,0,0,0,0,"N",0,0.0,0,0,0,0,0,0,0,0,0,0,0,0,0,0
"36121","5","51213","77","0","2016","4","N","Wyoming County, New York","Private","NAICS 51213 Motion picture and video exhibition","County, NAICS 5-digit -- by ownership sector","All establishment sizes",1,0,0,0,0,0,0,0,"N",2.34,0,0,0,0,0,0,0,"N",0,0.0,0,0,0,0,0,0,0,0,0,0,0,0,0,0
"36121","5","512131","78","0","2016","1","N","Wyoming County, New York","Private","NAICS 512131 Motion picture theaters, except drive-ins","County, NAICS 6-digit -- by ownership sector","All establishment sizes",1,0,0,0,0,0,0,0,"N",2.46,0,0,0,0,0,0,0,"N",0,0.0,0,0,0,0,0,0,0,0,0,0,0,0,0,0
"36121","5","512131","78","0","2016","2","N","Wyoming County, New York","Private","NAICS 512131 Motion picture theaters, except drive-ins","County, NAICS 6-digit -- by ownership sector","All establishment sizes",1,0,0,0,0,0,0,0,"N",2.46,0,0,0,0,0,0,0,"N",0,0.0,0,0,0,0,0,0,0,0,0,0,0,0,0,0
"36121","5","512131","78","0","2016","3","N","Wyoming County, New York","Private","NAICS 512131 Motion picture theaters, except drive-ins","County, NAICS 6-digit -- by ownership sector","All establishment sizes",1,0,0,0,0,0,0,0,"N",2.48,0,0,0,0,0,0,0,"N",0,0.0,0,0,0,0,0,0,0,0,0,0,0,0,0,0
"36121","5","512131","78","0","2016","4","N","Wyoming County, New York","Private","NAICS 512131 Motion picture theaters, except drive-ins","County, NAICS 6-digit -- by ownership sector","All establishment sizes",1,0,0,0,0,0,0,0,"N",2.46,0,0,0,0,0,0,0,"N",0,0.0,0,0,0,0,0,0,0,0,0,0,0,0,0,0
"36121","5","515","75","0","2016","1","N","Wyoming County, New York","Private","NAICS 515 Broadcasting, except internet","County, NAICS 3-digit -- by ownership sector","All establishment sizes",1,0,0,0,0,0,0,0,"N",1.11,0,0,0,0,0,0,0,"N",0,0.0,0,0,0,0,0,0,0,0,0,0,0,0,0,0
"36121","5","515","75","0","2016","2","N","Wyoming County, New York","Private","NAICS 515 Broadcasting, except internet","County, NAICS 3-digit -- by ownership sector","All establishment sizes",1,0,0,0,0,0,0,0,"N",1.12,0,0,0,0,0,0,0,"N",0,0.0,0,0,0,0,0,0,0,0,0,0,0,0,0,0
"36121","5","515","75","0","2016","3","N","Wyoming County, New York","Private","NAICS 515 Broadcasting, except internet","County, NAICS 3-digit -- by ownership sector","All establishment sizes",1,0,0,0,0,0,0,0,"N",1.12,0,0,0,0,0,0,0,"N",0,0.0,0,0,0,0,0,0,0,0,0,0,0,0,0,0
"36121","5","515","75","0","2016","4","N","Wyoming County, New York","Private","NAICS 515 Broadcasting, except internet","County, NAICS 3-digit -- by ownership sector","All establishment sizes",1,0,0,0,0,0,0,0,"N",1.13,0,0,0,0,0,0,0,"N",0,0.0,0,0,0,0,0,0,0,0,0,0,0,0,0,0
"36121","5","5151","76","0","2016","1","N","Wyoming County, New York","Private","NAICS 5151 Radio and television broadcasting","County, NAICS 4-digit -- by ownership sector","All establishment sizes",1,0,0,0,0,0,0,0,"N",1.29,0,0,0,0,0,0,0,"N",0,0.0,0,0,0,0,0,0,0,0,0,0,0,0,0,0
"36121","5","5151","76","0","2016","2","N","Wyoming County, New York","Private","NAICS 5151 Radio and television broadcasting","County, NAICS 4-digit -- by ownership sector","All establishment sizes",1,0,0,0,0,0,0,0,"N",1.30,0,0,0,0,0,0,0,"N",0,0.0,0,0,0,0,0,0,0,0,0,0,0,0,0,0
"36121","5","5151","76","0","2016","3","N","Wyoming County, New York","Private","NAICS 5151 Radio and television broadcasting","County, NAICS 4-digit -- by ownership sector","All establishment sizes",1,0,0,0,0,0,0,0,"N",1.31,0,0,0,0,0,0,0,"N",0,0.0,0,0,0,0,0,0,0,0,0,0,0,0,0,0
"36121","5","5151","76","0","2016","4","N","Wyoming County, New York","Private","NAICS 5151 Radio and television broadcasting","County, NAICS 4-digit -- by ownership sector","All establishment sizes",1,0,0,0,0,0,0,0,"N",1.31,0,0,0,0,0,0,0,"N",0,0.0,0,0,0,0,0,0,0,0,0,0,0,0,0,0
"36121","5","51511","77","0","2016","1","N","Wyoming County, New York","Private","NAICS 51511 Radio broadcasting","County, NAICS 5-digit -- by ownership sector","All establishment sizes",1,0,0,0,0,0,0,0,"N",1.94,0,0,0,0,0,0,0,"N",0,0.0,0,0,0,0,0,0,0,0,0,0,0,0,0,0
"36121","5","51511","77","0","2016","2","N","Wyoming County, New York","Private","NAICS 51511 Radio broadcasting","County, NAICS 5-digit -- by ownership sector","All establishment sizes",1,0,0,0,0,0,0,0,"N",1.95,0,0,0,0,0,0,0,"N",0,0.0,0,0,0,0,0,0,0,0,0,0,0,0,0,0
"36121","5","51511","77","0","2016","3","N","Wyoming County, New York","Private","NAICS 51511 Radio broadcasting","County, NAICS 5-digit -- by ownership sector","All establishment sizes",1,0,0,0,0,0,0,0,"N",1.97,0,0,0,0,0,0,0,"N",0,0.0,0,0,0,0,0,0,0,0,0,0,0,0,0,0
"36121","5","51511","77","0","2016","4","N","Wyoming County, New York","Private","NAICS 51511 Radio broadcasting","County, NAICS 5-digit -- by ownership sector","All establishment sizes",1,0,0,0,0,0,0,0,"N",1.98,0,0,0,0,0,0,0,"N",0,0.0,0,0,0,0,0,0,0,0,0,0,0,0,0,0
"36121","5","515112","78","0","2016","1","N","Wyoming County, New York","Private","NAICS 515112 Radio stations","County, NAICS 6-digit -- by ownership sector","All establishment sizes",1,0,0,0,0,0,0,0,"N",2.56,0,0,0,0,0,0,0,"N",0,0.0,0,0,0,0,0,0,0,0,0,0,0,0,0,0
"36121","5","515112","78","0","2016","2","N","Wyoming County, New York","Private","NAICS 515112 Radio stations","County, NAICS 6-digit -- by ownership sector","All establishment sizes",1,0,0,0,0,0,0,0,"N",2.58,0,0,0,0,0,0,0,"N",0,0.0,0,0,0,0,0,0,0,0,0,0,0,0,0,0
"36121","5","515112","78","0","2016","3","N","Wyoming County, New York","Private","NAICS 515112 Radio stations","County, NAICS 6-digit -- by ownership sector","All establishment sizes",1,0,0,0,0,0,0,0,"N",2.60,0,0,0,0,0,0,0,"N",0,0.0,0,0,0,0,0,0,0,0,0,0,0,0,0,0
"36121","5","515112","78","0","2016","4","N","Wyoming County, New York","Private","NAICS 515112 Radio stations","County, NAICS 6-digit -- by ownership sector","All establishment sizes",1,0,0,0,0,0,0,0,"N",2.62,0,0,0,0,0,0,0,"N",0,0.0,0,0,0,0,0,0,0,0,0,0,0,0,0,0
"36121","5","517","75","0","2016","1","N","Wyoming County, New York","Private","NAICS 517 Telecommunications","County, NAICS 3-digit -- by ownership sector","All establishment sizes",2,0,0,0,0,0,0,0,"N",0.61,0,0,0,0,0,0,0,"N",0,0.0,0,0,0,0,0,0,0,0,0,0,0,0,0,0
"36121","5","517","75","0","2016","2","N","Wyoming County, New York","Private","NAICS 517 Telecommunications","County, NAICS 3-digit -- by ownership sector","All establishment sizes",2,0,0,0,0,0,0,0,"N",0.61,0,0,0,0,0,0,0,"N",0,0.0,0,0,0,0,0,0,0,0,0,0,0,0,0,0
"36121","5","517","75","0","2016","3","N","Wyoming County, New York","Private","NAICS 517 Telecommunications","County, NAICS 3-digit -- by ownership sector","All establishment sizes",2,0,0,0,0,0,0,0,"N",0.61,0,0,0,0,0,0,0,"N",0,0.0,0,0,0,0,0,0,0,0,0,0,0,0,0,0
"36121","5","517","75","0","2016","4","N","Wyoming County, New York","Private","NAICS 517 Telecommunications","County, NAICS 3-digit -- by ownership sector","All establishment sizes",2,0,0,0,0,0,0,0,"N",0.61,0,0,0,0,0,0,0,"N",0,0.0,0,0,0,0,0,0,0,0,0,0,0,0,0,0
"36121","5","5171","76","0","2016","1","N","Wyoming County, New York","Private","NAICS12 5171 Wired telecommunications carriers","County, NAICS 4-digit -- by ownership sector","All establishment sizes",1,0,0,0,0,0,0,0,"N",0.55,0,0,0,0,0,0,0,"N",0,0.0,0,0,0,0,0,0,0,0,0,0,0,0,0,0
"36121","5","5171","76","0","2016","2","N","Wyoming County, New York","Private","NAICS12 5171 Wired telecommunications carriers","County, NAICS 4-digit -- by ownership sector","All establishment sizes",1,0,0,0,0,0,0,0,"N",0.55,0,0,0,0,0,0,0,"N",0,0.0,0,0,0,0,0,0,0,0,0,0,0,0,0,0
"36121","5","5171","76","0","2016","3","N","Wyoming County, New York","Private","NAICS12 5171 Wired telecommunications carriers","County, NAICS 4-digit -- by ownership sector","All establishment sizes",1,0,0,0,0,0,0,0,"N",0.55,0,0,0,0,0,0,0,"N",0,0.0,0,0,0,0,0,0,0,0,0,0,0,0,0,0
"36121","5","5171","76","0","2016","4","N","Wyoming County, New York","Private","NAICS12 5171 Wired telecommunications carriers","County, NAICS 4-digit -- by ownership sector","All establishment sizes",1,0,0,0,0,0,0,0,"N",0.56,0,0,0,0,0,0,0,"N",0,0.0,0,0,0,0,0,0,0,0,0,0,0,0,0,0
"36121","5","51711","77","0","2016","1","N","Wyoming County, New York","Private","NAICS12 51711 Wired telecommunications carriers","County, NAICS 5-digit -- by ownership sector","All establishment sizes",1,0,0,0,0,0,0,0,"N",0.55,0,0,0,0,0,0,0,"N",0,0.0,0,0,0,0,0,0,0,0,0,0,0,0,0,0
"36121","5","51711","77","0","2016","2","N","Wyoming County, New York","Private","NAICS12 51711 Wired telecommunications carriers","County, NAICS 5-digit -- by ownership sector","All establishment sizes",1,0,0,0,0,0,0,0,"N",0.55,0,0,0,0,0,0,0,"N",0,0.0,0,0,0,0,0,0,0,0,0,0,0,0,0,0
"36121","5","51711","77","0","2016","3","N","Wyoming County, New York","Private","NAICS12 51711 Wired telecommunications carriers","County, NAICS 5-digit -- by ownership sector","All establishment sizes",1,0,0,0,0,0,0,0,"N",0.55,0,0,0,0,0,0,0,"N",0,0.0,0,0,0,0,0,0,0,0,0,0,0,0,0,0
"36121","5","51711","77","0","2016","4","N","Wyoming County, New York","Private","NAICS12 51711 Wired telecommunications carriers","County, NAICS 5-digit -- by ownership sector","All establishment sizes",1,0,0,0,0,0,0,0,"N",0.56,0,0,0,0,0,0,0,"N",0,0.0,0,0,0,0,0,0,0,0,0,0,0,0,0,0
"36121","5","517110","78","0","2016","1","N","Wyoming County, New York","Private","NAICS12 517110 Wired telecommunications carriers","County, NAICS 6-digit -- by ownership sector","All establishment sizes",1,0,0,0,0,0,0,0,"N",0.55,0,0,0,0,0,0,0,"N",0,0.0,0,0,0,0,0,0,0,0,0,0,0,0,0,0
"36121","5","517110","78","0","2016","2","N","Wyoming County, New York","Private","NAICS12 517110 Wired telecommunications carriers","County, NAICS 6-digit -- by ownership sector","All establishment sizes",1,0,0,0,0,0,0,0,"N",0.55,0,0,0,0,0,0,0,"N",0,0.0,0,0,0,0,0,0,0,0,0,0,0,0,0,0
"36121","5","517110","78","0","2016","3","N","Wyoming County, New York","Private","NAICS12 517110 Wired telecommunications carriers","County, NAICS 6-digit -- by ownership sector","All establishment sizes",1,0,0,0,0,0,0,0,"N",0.55,0,0,0,0,0,0,0,"N",0,0.0,0,0,0,0,0,0,0,0,0,0,0,0,0,0
"36121","5","517110","78","0","2016","4","N","Wyoming County, New York","Private","NAICS12 517110 Wired telecommunications carriers","County, NAICS 6-digit -- by ownership sector","All establishment sizes",1,0,0,0,0,0,0,0,"N",0.56,0,0,0,0,0,0,0,"N",0,0.0,0,0,0,0,0,0,0,0,0,0,0,0,0,0
"36121","5","5172","76","0","2016","1","N","Wyoming County, New York","Private","NAICS12 5172 Wireless telecommunications carriers","County, NAICS 4-digit -- by ownership sector","All establishment sizes",1,0,0,0,0,0,0,0,"N",1.36,0,0,0,0,0,0,0,"N",0,0.0,0,0,0,0,0,0,0,0,0,0,0,0,0,0
"36121","5","5172","76","0","2016","2","N","Wyoming County, New York","Private","NAICS12 5172 Wireless telecommunications carriers","County, NAICS 4-digit -- by ownership sector","All establishment sizes",1,0,0,0,0,0,0,0,"N",1.37,0,0,0,0,0,0,0,"N",0,0.0,0,0,0,0,0,0,0,0,0,0,0,0,0,0
"36121","5","5172","76","0","2016","3","N","Wyoming County, New York","Private","NAICS12 5172 Wireless telecommunications carriers","County, NAICS 4-digit -- by ownership sector","All establishment sizes",1,0,0,0,0,0,0,0,"N",1.38,0,0,0,0,0,0,0,"N",0,0.0,0,0,0,0,0,0,0,0,0,0,0,0,0,0
"36121","5","5172","76","0","2016","4","N","Wyoming County, New York","Private","NAICS12 5172 Wireless telecommunications carriers","County, NAICS 4-digit -- by ownership sector","All establishment sizes",1,0,0,0,0,0,0,0,"N",1.39,0,0,0,0,0,0,0,"N",0,0.0,0,0,0,0,0,0,0,0,0,0,0,0,0,0
"36121","5","51721","77","0","2016","1","N","Wyoming County, New York","Private","NAICS12 51721 Wireless telecommunications carriers","County, NAICS 5-digit -- by ownership sector","All establishment sizes",1,0,0,0,0,0,0,0,"N",1.36,0,0,0,0,0,0,0,"N",0,0.0,0,0,0,0,0,0,0,0,0,0,0,0,0,0
"36121","5","51721","77","0","2016","2","N","Wyoming County, New York","Private","NAICS12 51721 Wireless telecommunications carriers","County, NAICS 5-digit -- by ownership sector","All establishment sizes",1,0,0,0,0,0,0,0,"N",1.37,0,0,0,0,0,0,0,"N",0,0.0,0,0,0,0,0,0,0,0,0,0,0,0,0,0
"36121","5","51721","77","0","2016","3","N","Wyoming County, New York","Private","NAICS12 51721 Wireless telecommunications carriers","County, NAICS 5-digit -- by ownership sector","All establishment sizes",1,0,0,0,0,0,0,0,"N",1.38,0,0,0,0,0,0,0,"N",0,0.0,0,0,0,0,0,0,0,0,0,0,0,0,0,0
"36121","5","51721","77","0","2016","4","N","Wyoming County, New York","Private","NAICS12 51721 Wireless telecommunications carriers","County, NAICS 5-digit -- by ownership sector","All establishment sizes",1,0,0,0,0,0,0,0,"N",1.39,0,0,0,0,0,0,0,"N",0,0.0,0,0,0,0,0,0,0,0,0,0,0,0,0,0
"36121","5","517210","78","0","2016","1","N","Wyoming County, New York","Private","NAICS12 517210 Wireless telecommunications carriers","County, NAICS 6-digit -- by ownership sector","All establishment sizes",1,0,0,0,0,0,0,0,"N",1.36,0,0,0,0,0,0,0,"N",0,0.0,0,0,0,0,0,0,0,0,0,0,0,0,0,0
"36121","5","517210","78","0","2016","2","N","Wyoming County, New York","Private","NAICS12 517210 Wireless telecommunications carriers","County, NAICS 6-digit -- by ownership sector","All establishment sizes",1,0,0,0,0,0,0,0,"N",1.37,0,0,0,0,0,0,0,"N",0,0.0,0,0,0,0,0,0,0,0,0,0,0,0,0,0
"36121","5","517210","78","0","2016","3","N","Wyoming County, New York","Private","NAICS12 517210 Wireless telecommunications carriers","County, NAICS 6-digit -- by ownership sector","All establishment sizes",1,0,0,0,0,0,0,0,"N",1.38,0,0,0,0,0,0,0,"N",0,0.0,0,0,0,0,0,0,0,0,0,0,0,0,0,0
"36121","5","517210","78","0","2016","4","N","Wyoming County, New York","Private","NAICS12 517210 Wireless telecommunications carriers","County, NAICS 6-digit -- by ownership sector","All establishment sizes",1,0,0,0,0,0,0,0,"N",1.39,0,0,0,0,0,0,0,"N",0,0.0,0,0,0,0,0,0,0,0,0,0,0,0,0,0
"36121","5","519","75","0","2016","1","","Wyoming County, New York","Private","NAICS 519 Other information services","County, NAICS 3-digit -- by ownership sector","All establishment sizes",7,26,26,26,96145,39634,931,284,"",3.60,1.09,1.08,1.08,0.11,0.22,0.14,0.10,"",1,16.7,0,0.0,-1,-3.7,0,0.0,-6549,-6.4,-9527,-19.4,-522,-35.9,-16,-5.3
"36121","5","519","75","0","2016","2","","Wyoming County, New York","Private","NAICS 519 Other information services","County, NAICS 3-digit -- by ownership sector","All establishment sizes",7,28,29,23,96499,11985,204,278,"",3.55,1.14,1.15,0.89,0.12,0.31,0.15,0.12,"",1,16.7,1,3.7,4,16.0,-3,-11.5,-2247,-2.3,-3086,-20.5,-113,-35.6,-14,-4.8
"36121","5","519","75","0","2016","3","","Wyoming County, New York","Private","NAICS 519 Other information services","County, NAICS 3-digit -- by ownership sector","All establishment sizes",7,29,29,29,104225,10896,185,276,"",3.51,1.15,1.15,1.13,0.12,0.46,0.22,0.11,"",1,16.7,2,7.4,3,11.5,4,16.0,17728,20.5,-3725,-25.5,-122,-39.7,20,7.8
"36121","5","519","75","0","2016","4","","Wyoming County, New York","Private","NAICS 519 Other information services","County, NAICS 3-digit -- by ownership sector","All establishment sizes",7,28,28,28,100515,7045,119,276,"",3.49,1.09,1.11,1.12,0.13,0.44,0.22,0.11,"",1,16.7,3,12.0,2,7.7,2,7.7,10890,12.2,-135,-1.9,-32,-21.2,7,2.6
"36121","5","5191","76","0","2016","1","","Wyoming County, New York","Private","NAICS 5191 Other information services","County, NAICS 4-digit -- by ownership sector","All establishment sizes",7,26,26,26,96145,39634,931,284,"",3.60,1.09,1.08,1.08,0.11,0.22,0.14,0.10,"",1,16.7,0,0.0,-1,-3.7,0,0.0,-6549,-6.4,-9527,-19.4,-522,-35.9,-16,-5.3
"36121","5","5191","76","0","2016","2","","Wyoming County, New York","Private","NAICS 5191 Other information services","County, NAICS 4-digit -- by ownership sector","All establishment sizes",7,28,29,23,96499,11985,204,278,"",3.55,1.14,1.15,0.89,0.12,0.31,0.15,0.12,"",1,16.7,1,3.7,4,16.0,-3,-11.5,-2247,-2.3,-3086,-20.5,-113,-35.6,-14,-4.8
"36121","5","5191","76","0","2016","3","","Wyoming County, New York","Private","NAICS 5191 Other information services","County, NAICS 4-digit -- by ownership sector","All establishment sizes",7,29,29,29,104225,10896,185,276,"",3.51,1.15,1.15,1.13,0.12,0.46,0.22,0.11,"",1,16.7,2,7.4,3,11.5,4,16.0,17728,20.5,-3725,-25.5,-122,-39.7,20,7.8
"36121","5","5191","76","0","2016","4","","Wyoming County, New York","Private","NAICS 5191 Other information services","County, NAICS 4-digit -- by ownership sector","All establishment sizes",7,28,28,28,100515,7045,119,276,"",3.49,1.09,1.11,1.12,0.13,0.44,0.22,0.11,"",1,16.7,3,12.0,2,7.7,2,7.7,10890,12.2,-135,-1.9,-32,-21.2,7,2.6
"36121","5","51912","77","0","2016","1","N","Wyoming County, New York","Private","NAICS 51912 Libraries and archives","County, NAICS 5-digit -- by ownership sector","All establishment sizes",6,0,0,0,0,0,0,0,"N",30.58,0,0,0,0,0,0,0,"N",1,20.0,0,0,0,0,0,0,0,0,0,0,0,0,0,0
"36121","5","51912","77","0","2016","2","N","Wyoming County, New York","Private","NAICS 51912 Libraries and archives","County, NAICS 5-digit -- by ownership sector","All establishment sizes",6,0,0,0,0,0,0,0,"N",30.87,0,0,0,0,0,0,0,"N",1,20.0,0,0,0,0,0,0,0,0,0,0,0,0,0,0
"36121","5","51912","77","0","2016","3","N","Wyoming County, New York","Private","NAICS 51912 Libraries and archives","County, NAICS 5-digit -- by ownership sector","All establishment sizes",6,0,0,0,0,0,0,0,"N",31.01,0,0,0,0,0,0,0,"N",1,20.0,0,0,0,0,0,0,0,0,0,0,0,0,0,0
"36121","5","51912","77","0","2016","4","N","Wyoming County, New York","Private","NAICS 51912 Libraries and archives","County, NAICS 5-digit -- by ownership sector","All establishment sizes",6,0,0,0,0,0,0,0,"N",31.15,0,0,0,0,0,0,0,"N",1,20.0,0,0,0,0,0,0,0,0,0,0,0,0,0,0
"36121","5","519120","78","0","2016","1","N","Wyoming County, New York","Private","NAICS 519120 Libraries and archives","County, NAICS 6-digit -- by ownership sector","All establishment sizes",6,0,0,0,0,0,0,0,"N",30.58,0,0,0,0,0,0,0,"N",1,20.0,0,0,0,0,0,0,0,0,0,0,0,0,0,0
"36121","5","519120","78","0","2016","2","N","Wyoming County, New York","Private","NAICS 519120 Libraries and archives","County, NAICS 6-digit -- by ownership sector","All establishment sizes",6,0,0,0,0,0,0,0,"N",30.87,0,0,0,0,0,0,0,"N",1,20.0,0,0,0,0,0,0,0,0,0,0,0,0,0,0
"36121","5","519120","78","0","2016","3","N","Wyoming County, New York","Private","NAICS 519120 Libraries and archives","County, NAICS 6-digit -- by ownership sector","All establishment sizes",6,0,0,0,0,0,0,0,"N",31.01,0,0,0,0,0,0,0,"N",1,20.0,0,0,0,0,0,0,0,0,0,0,0,0,0,0
"36121","5","519120","78","0","2016","4","N","Wyoming County, New York","Private","NAICS 519120 Libraries and archives","County, NAICS 6-digit -- by ownership sector","All establishment sizes",6,0,0,0,0,0,0,0,"N",31.15,0,0,0,0,0,0,0,"N",1,20.0,0,0,0,0,0,0,0,0,0,0,0,0,0,0
"36121","5","51913","77","0","2016","1","N","Wyoming County, New York","Private","NAICS 51913 Internet publishing and web search portals","County, NAICS 5-digit -- by ownership sector","All establishment sizes",1,0,0,0,0,0,0,0,"N",0.80,0,0,0,0,0,0,0,"N",0,0.0,0,0,0,0,0,0,0,0,0,0,0,0,0,0
"36121","5","51913","77","0","2016","2","N","Wyoming County, New York","Private","NAICS 51913 Internet publishing and web search portals","County, NAICS 5-digit -- by ownership sector","All establishment sizes",1,0,0,0,0,0,0,0,"N",0.79,0,0,0,0,0,0,0,"N",0,0.0,0,0,0,0,0,0,0,0,0,0,0,0,0,0
"36121","5","51913","77","0","2016","3","N","Wyoming County, New York","Private","NAICS 51913 Internet publishing and web search portals","County, NAICS 5-digit -- by ownership sector","All establishment sizes",1,0,0,0,0,0,0,0,"N",0.78,0,0,0,0,0,0,0,"N",0,0.0,0,0,0,0,0,0,0,0,0,0,0,0,0,0
"36121","5","51913","77","0","2016","4","N","Wyoming County, New York","Private","NAICS 51913 Internet publishing and web search portals","County, NAICS 5-digit -- by ownership sector","All establishment sizes",1,0,0,0,0,0,0,0,"N",0.78,0,0,0,0,0,0,0,"N",0,0.0,0,0,0,0,0,0,0,0,0,0,0,0,0,0
"36121","5","519130","78","0","2016","1","N","Wyoming County, New York","Private","NAICS 519130 Internet publishing and web search portals","County, NAICS 6-digit -- by ownership sector","All establishment sizes",1,0,0,0,0,0,0,0,"N",0.80,0,0,0,0,0,0,0,"N",0,0.0,0,0,0,0,0,0,0,0,0,0,0,0,0,0
"36121","5","519130","78","0","2016","2","N","Wyoming County, New York","Private","NAICS 519130 Internet publishing and web search portals","County, NAICS 6-digit -- by ownership sector","All establishment sizes",1,0,0,0,0,0,0,0,"N",0.79,0,0,0,0,0,0,0,"N",0,0.0,0,0,0,0,0,0,0,0,0,0,0,0,0,0
"36121","5","519130","78","0","2016","3","N","Wyoming County, New York","Private","NAICS 519130 Internet publishing and web search portals","County, NAICS 6-digit -- by ownership sector","All establishment sizes",1,0,0,0,0,0,0,0,"N",0.78,0,0,0,0,0,0,0,"N",0,0.0,0,0,0,0,0,0,0,0,0,0,0,0,0,0
"36121","5","519130","78","0","2016","4","N","Wyoming County, New York","Private","NAICS 519130 Internet publishing and web search portals","County, NAICS 6-digit -- by ownership sector","All establishment sizes",1,0,0,0,0,0,0,0,"N",0.78,0,0,0,0,0,0,0,"N",0,0.0,0,0,0,0,0,0,0,0,0,0,0,0,0,0
"36121","5","52","74","0","2016","1","","Wyoming County, New York","Private","NAICS 52 Finance and insurance","County, NAICS Sector -- by ownership sector","All establishment sizes",35,152,153,152,1826315,1064914,19011,922,"",0.79,0.28,0.28,0.28,0.14,0.25,0.15,0.50,"",-1,-2.8,-28,-15.6,-30,-16.4,-29,-16.0,-615412,-25.2,-326185,-23.4,-11839,-38.4,-114,-11.0
"36121","5","52","74","0","2016","2","","Wyoming County, New York","Private","NAICS 52 Finance and insurance","County, NAICS Sector -- by ownership sector","All establishment sizes",34,148,147,149,1774492,393771,7031,922,"",0.77,0.27,0.26,0.26,0.18,0.40,0.23,0.70,"",-3,-8.1,-29,-16.4,-27,-15.5,-24,-13.9,-299069,-14.4,60043,18.0,-478,-6.4,9,1.0
"36121","5","52","74","0","2016","3","","Wyoming County, New York","Private","NAICS 52 Finance and insurance","County, NAICS Sector -- by ownership sector","All establishment sizes",33,150,151,151,1888307,112975,2057,964,"",0.75,0.27,0.27,0.27,0.20,0.24,0.14,0.73,"",-4,-10.8,-17,-10.2,-11,-6.8,-13,-7.9,101672,5.7,16826,17.5,-92,-4.3,128,15.3
"36121","5","52","74","0","2016","4","","Wyoming County, New York","Private","NAICS 52 Finance and insurance","County, NAICS Sector -- by ownership sector","All establishment sizes",34,150,146,149,1884807,82497,1563,977,"",0.77,0.27,0.27,0.27,0.19,0.28,0.18,0.70,"",-2,-5.6,-16,-9.6,-16,-9.9,-10,-6.3,-315955,-14.4,1727,2.1,-272,-14.8,-66,-6.3
"36121","5","522","75","0","2016","1","N","Wyoming County, New York","Private","NAICS 522 Credit intermediation and related activities","County, NAICS 3-digit -- by ownership sector","All establishment sizes",17,0,0,0,0,0,0,0,"N",1.01,0,0,0,0,0,0,0,"N",-1,-5.6,0,0,0,0,0,0,0,0,0,0,0,0,0,0
"36121","5","522","75","0","2016","2","","Wyoming County, New York","Private","NAICS 522 Credit intermediation and related activities","County, NAICS 3-digit -- by ownership sector","All establishment sizes",17,113,112,114,1318226,331831,5856,897,"",1.02,0.46,0.44,0.44,0.37,0.68,0.38,0.83,"",-2,-10.5,-24,-17.5,-22,-16.4,-19,-14.3,-294472,-18.3,64544,24.1,-149,-2.5,-24,-2.6
"36121","5","522","75","0","2016","3","","Wyoming County, New York","Private","NAICS 522 Credit intermediation and related activities","County, NAICS 3-digit -- by ownership sector","All establishment sizes",17,112,113,113,1382492,92584,1610,944,"",1.03,0.45,0.46,0.45,0.39,0.41,0.23,0.86,"",-2,-10.5,-16,-12.5,-10,-8.1,-12,-9.6,65964,5.0,8250,9.8,-279,-14.8,136,16.8
"36121","5","522","75","0","2016","4","N","Wyoming County, New York","Private","NAICS 522 Credit intermediation and related activities","County, NAICS 3-digit -- by ownership sector","All establishment sizes",18,0,0,0,0,0,0,0,"N",1.09,0,0,0,0,0,0,0,"N",0,0.0,0,0,0,0,0,0,0,0,0,0,0,0,0,0
"36121","5","5221","76","0","2016","1","N","Wyoming County, New York","Private","NAICS 5221 Depository credit intermediation","County, NAICS 4-digit -- by ownership sector","All establishment sizes",17,0,0,0,0,0,0,0,"N",1.68,0,0,0,0,0,0,0,"N",-1,-5.6,0,0,0,0,0,0,0,0,0,0,0,0,0,0
"36121","5","5221","76","0","2016","2","","Wyoming County, New York","Private","NAICS 5221 Depository credit intermediation","County, NAICS 4-digit -- by ownership sector","All establishment sizes",17,113,112,114,1318226,331831,5856,897,"",1.69,0.70,0.68,0.68,0.63,1.02,0.65,0.91,"N",-1,-5.6,0,0,0,0,0,0,0,0,0,0,0,0,0,0
"36121","5","5221","76","0","2016","3","","Wyoming County, New York","Private","NAICS 5221 Depository credit intermediation","County, NAICS 4-digit -- by ownership sector","All establishment sizes",17,112,113,113,1382492,92584,1610,944,"",1.71,0.69,0.70,0.69,0.66,0.63,0.42,0.95,"N",-1,-5.6,0,0,0,0,0,0,0,0,0,0,0,0,0,0
"36121","5","5221","76","0","2016","4","N","Wyoming County, New York","Private","NAICS 5221 Depository credit intermediation","County, NAICS 4-digit -- by ownership sector","All establishment sizes",18,0,0,0,0,0,0,0,"N",1.82,0,0,0,0,0,0,0,"N",1,5.9,0,0,0,0,0,0,0,0,0,0,0,0,0,0
"36121","5","52211","77","0","2016","1","","Wyoming County, New York","Private","NAICS 52211 Commercial banking","County, NAICS 5-digit -- by ownership sector","All establishment sizes",16,113,112,111,1363944,758714,13253,937,"",2.09,0.91,0.90,0.89,0.62,0.84,0.49,0.69,"N",-1,-5.9,0,0,0,0,0,0,0,0,0,0,0,0,0,0
"36121","5","52211","77","0","2016","2","N","Wyoming County, New York","Private","NAICS 52211 Commercial banking","County, NAICS 5-digit -- by ownership sector","All establishment sizes",16,0,0,0,0,0,0,0,"N",2.11,0,0,0,0,0,0,0,"N",-1,-5.9,0,0,0,0,0,0,0,0,0,0,0,0,0,0
"36121","5","52211","77","0","2016","3","N","Wyoming County, New York","Private","NAICS 52211 Commercial banking","County, NAICS 5-digit -- by ownership sector","All establishment sizes",16,0,0,0,0,0,0,0,"N",2.13,0,0,0,0,0,0,0,"N",-1,-5.9,0,0,0,0,0,0,0,0,0,0,0,0,0,0
"36121","5","52211","77","0","2016","4","N","Wyoming County, New York","Private","NAICS 52211 Commercial banking","County, NAICS 5-digit -- by ownership sector","All establishment sizes",17,0,0,0,0,0,0,0,"N",2.28,0,0,0,0,0,0,0,"N",1,6.2,0,0,0,0,0,0,0,0,0,0,0,0,0,0
"36121","5","522110","78","0","2016","1","","Wyoming County, New York","Private","NAICS 522110 Commercial banking","County, NAICS 6-digit -- by ownership sector","All establishment sizes",16,113,112,111,1363944,758714,13253,937,"",2.09,0.91,0.90,0.89,0.62,0.84,0.49,0.69,"N",-1,-5.9,0,0,0,0,0,0,0,0,0,0,0,0,0,0
"36121","5","522110","78","0","2016","2","N","Wyoming County, New York","Private","NAICS 522110 Commercial banking","County, NAICS 6-digit -- by ownership sector","All establishment sizes",16,0,0,0,0,0,0,0,"N",2.11,0,0,0,0,0,0,0,"N",-1,-5.9,0,0,0,0,0,0,0,0,0,0,0,0,0,0
"36121","5","522110","78","0","2016","3","N","Wyoming County, New York","Private","NAICS 522110 Commercial banking","County, NAICS 6-digit -- by ownership sector","All establishment sizes",16,0,0,0,0,0,0,0,"N",2.13,0,0,0,0,0,0,0,"N",-1,-5.9,0,0,0,0,0,0,0,0,0,0,0,0,0,0
"36121","5","522110","78","0","2016","4","N","Wyoming County, New York","Private","NAICS 522110 Commercial banking","County, NAICS 6-digit -- by ownership sector","All establishment sizes",17,0,0,0,0,0,0,0,"N",2.28,0,0,0,0,0,0,0,"N",1,6.2,0,0,0,0,0,0,0,0,0,0,0,0,0,0
"36121","5","52213","77","0","2016","1","N","Wyoming County, New York","Private","NAICS 52213 Credit unions","County, NAICS 5-digit -- by ownership sector","All establishment sizes",1,0,0,0,0,0,0,0,"N",0.66,0,0,0,0,0,0,0,"N",0,0.0,0,0,0,0,0,0,0,0,0,0,0,0,0,0
"36121","5","52213","77","0","2016","2","N","Wyoming County, New York","Private","NAICS 52213 Credit unions","County, NAICS 5-digit -- by ownership sector","All establishment sizes",1,0,0,0,0,0,0,0,"N",0.66,0,0,0,0,0,0,0,"N",0,0.0,0,0,0,0,0,0,0,0,0,0,0,0,0,0
"36121","5","52213","77","0","2016","3","N","Wyoming County, New York","Private","NAICS 52213 Credit unions","County, NAICS 5-digit -- by ownership sector","All establishment sizes",1,0,0,0,0,0,0,0,"N",0.66,0,0,0,0,0,0,0,"N",0,0.0,0,0,0,0,0,0,0,0,0,0,0,0,0,0
"36121","5","52213","77","0","2016","4","N","Wyoming County, New York","Private","NAICS 52213 Credit unions","County, NAICS 5-digit -- by ownership sector","All establishment sizes",1,0,0,0,0,0,0,0,"N",0.67,0,0,0,0,0,0,0,"N",0,0.0,0,0,0,0,0,0,0,0,0,0,0,0,0,0
"36121","5","522130","78","0","2016","1","N","Wyoming County, New York","Private","NAICS 522130 Credit unions","County, NAICS 6-digit -- by ownership sector","All establishment sizes",1,0,0,0,0,0,0,0,"N",0.66,0,0,0,0,0,0,0,"N",0,0.0,0,0,0,0,0,0,0,0,0,0,0,0,0,0
"36121","5","522130","78","0","2016","2","N","Wyoming County, New York","Private","NAICS 522130 Credit unions","County, NAICS 6-digit -- by ownership sector","All establishment sizes",1,0,0,0,0,0,0,0,"N",0.66,0,0,0,0,0,0,0,"N",0,0.0,0,0,0,0,0,0,0,0,0,0,0,0,0,0
"36121","5","522130","78","0","2016","3","N","Wyoming County, New York","Private","NAICS 522130 Credit unions","County, NAICS 6-digit -- by ownership sector","All establishment sizes",1,0,0,0,0,0,0,0,"N",0.66,0,0,0,0,0,0,0,"N",0,0.0,0,0,0,0,0,0,0,0,0,0,0,0,0,0
"36121","5","522130","78","0","2016","4","N","Wyoming County, New York","Private","NAICS 522130 Credit unions","County, NAICS 6-digit -- by ownership sector","All establishment sizes",1,0,0,0,0,0,0,0,"N",0.67,0,0,0,0,0,0,0,"N",0,0.0,0,0,0,0,0,0,0,0,0,0,0,0,0,0
"36121","5","524","75","0","2016","1","N","Wyoming County, New York","Private","NAICS 524 Insurance carriers and related activities","County, NAICS 3-digit -- by ownership sector","All establishment sizes",18,0,0,0,0,0,0,0,"N",1.01,0,0,0,0,0,0,0,"N",0,0.0,0,0,0,0,0,0,0,0,0,0,0,0,0,0
"36121","5","524","75","0","2016","2","","Wyoming County, New York","Private","NAICS 524 Insurance carriers and related activities","County, NAICS 3-digit -- by ownership sector","All establishment sizes",17,35,35,35,456266,61940,1175,1003,"",0.96,0.16,0.16,0.16,0.14,0.16,0.10,0.86,"",-1,-5.6,-5,-12.5,-5,-12.5,-5,-12.5,-4597,-1.0,-4501,-6.8,-329,-21.9,117,13.2
"36121","5","524","75","0","2016","3","","Wyoming County, New York","Private","NAICS 524 Insurance carriers and related activities","County, NAICS 3-digit -- by ownership sector","All establishment sizes",16,38,38,38,505815,20391,447,1024,"",0.91,0.17,0.18,0.17,0.16,0.12,0.09,0.92,"",-2,-11.1,-1,-2.6,-1,-2.6,-1,-2.6,35708,7.6,8576,72.6,187,71.9,97,10.5
"36121","5","524","75","0","2016","4","N","Wyoming County, New York","Private","NAICS 524 Insurance carriers and related activities","County, NAICS 3-digit -- by ownership sector","All establishment sizes",16,0,0,0,0,0,0,0,"N",0.91,0,0,0,0,0,0,0,"N",-2,-11.1,0,0,0,0,0,0,0,0,0,0,0,0,0,0
"36121","5","5241","76","0","2016","1","N","Wyoming County, New York","Private","NAICS 5241 Insurance carriers","County, NAICS 4-digit -- by ownership sector","All establishment sizes",3,0,0,0,0,0,0,0,"N",1.10,0,0,0,0,0,0,0,"N",-1,-25.0,0,0,0,0,0,0,0,0,0,0,0,0,0,0
"36121","5","5241","76","0","2016","2","N","Wyoming County, New York","Private","NAICS 5241 Insurance carriers","County, NAICS 4-digit -- by ownership sector","All establishment sizes",3,0,0,0,0,0,0,0,"N",1.10,0,0,0,0,0,0,0,"N",-1,-25.0,0,0,0,0,0,0,0,0,0,0,0,0,0,0
"36121","5","5241","76","0","2016","3","N","Wyoming County, New York","Private","NAICS 5241 Insurance carriers","County, NAICS 4-digit -- by ownership sector","All establishment sizes",3,0,0,0,0,0,0,0,"N",1.11,0,0,0,0,0,0,0,"N",-1,-25.0,0,0,0,0,0,0,0,0,0,0,0,0,0,0
"36121","5","5241","76","0","2016","4","N","Wyoming County, New York","Private","NAICS 5241 Insurance carriers","County, NAICS 4-digit -- by ownership sector","All establishment sizes",3,0,0,0,0,0,0,0,"N",1.11,0,0,0,0,0,0,0,"N",-1,-25.0,0,0,0,0,0,0,0,0,0,0,0,0,0,0
"36121","5","52412","77","0","2016","1","N","Wyoming County, New York","Private","NAICS 52412 Direct insurers, except life and health","County, NAICS 5-digit -- by ownership sector","All establishment sizes",3,0,0,0,0,0,0,0,"N",1.73,0,0,0,0,0,0,0,"N",-1,-25.0,0,0,0,0,0,0,0,0,0,0,0,0,0,0
"36121","5","52412","77","0","2016","2","N","Wyoming County, New York","Private","NAICS 52412 Direct insurers, except life and health","County, NAICS 5-digit -- by ownership sector","All establishment sizes",3,0,0,0,0,0,0,0,"N",1.73,0,0,0,0,0,0,0,"N",-1,-25.0,0,0,0,0,0,0,0,0,0,0,0,0,0,0
"36121","5","52412","77","0","2016","3","N","Wyoming County, New York","Private","NAICS 52412 Direct insurers, except life and health","County, NAICS 5-digit -- by ownership sector","All establishment sizes",3,0,0,0,0,0,0,0,"N",1.74,0,0,0,0,0,0,0,"N",-1,-25.0,0,0,0,0,0,0,0,0,0,0,0,0,0,0
"36121","5","52412","77","0","2016","4","N","Wyoming County, New York","Private","NAICS 52412 Direct insurers, except life and health","County, NAICS 5-digit -- by ownership sector","All establishment sizes",3,0,0,0,0,0,0,0,"N",1.75,0,0,0,0,0,0,0,"N",-1,-25.0,0,0,0,0,0,0,0,0,0,0,0,0,0,0
"36121","5","524126","78","0","2016","1","N","Wyoming County, New York","Private","NAICS 524126 Direct property and casualty insurers","County, NAICS 6-digit -- by ownership sector","All establishment sizes",1,0,0,0,0,0,0,0,"N",0.89,0,0,0,0,0,0,0,"N",-1,-50.0,0,0,0,0,0,0,0,0,0,0,0,0,0,0
"36121","5","524126","78","0","2016","2","N","Wyoming County, New York","Private","NAICS 524126 Direct property and casualty insurers","County, NAICS 6-digit -- by ownership sector","All establishment sizes",1,0,0,0,0,0,0,0,"N",0.89,0,0,0,0,0,0,0,"N",-1,-50.0,0,0,0,0,0,0,0,0,0,0,0,0,0,0
"36121","5","524126","78","0","2016","3","N","Wyoming County, New York","Private","NAICS 524126 Direct property and casualty insurers","County, NAICS 6-digit -- by ownership sector","All establishment sizes",1,0,0,0,0,0,0,0,"N",0.90,0,0,0,0,0,0,0,"N",-1,-50.0,0,0,0,0,0,0,0,0,0,0,0,0,0,0
"36121","5","524126","78","0","2016","4","N","Wyoming County, New York","Private","NAICS 524126 Direct property and casualty insurers","County, NAICS 6-digit -- by ownership sector","All establishment sizes",1,0,0,0,0,0,0,0,"N",0.90,0,0,0,0,0,0,0,"N",-1,-50.0,0,0,0,0,0,0,0,0,0,0,0,0,0,0
"36121","5","524127","78","0","2016","1","N","Wyoming County, New York","Private","NAICS 524127 Direct title insurance carriers","County, NAICS 6-digit -- by ownership sector","All establishment sizes",2,0,0,0,0,0,0,0,"N",3.91,0,0,0,0,0,0,0,"N",0,0.0,0,0,0,0,0,0,0,0,0,0,0,0,0,0
"36121","5","524127","78","0","2016","2","N","Wyoming County, New York","Private","NAICS 524127 Direct title insurance carriers","County, NAICS 6-digit -- by ownership sector","All establishment sizes",2,0,0,0,0,0,0,0,"N",3.92,0,0,0,0,0,0,0,"N",0,0.0,0,0,0,0,0,0,0,0,0,0,0,0,0,0
"36121","5","524127","78","0","2016","3","N","Wyoming County, New York","Private","NAICS 524127 Direct title insurance carriers","County, NAICS 6-digit -- by ownership sector","All establishment sizes",2,0,0,0,0,0,0,0,"N",3.94,0,0,0,0,0,0,0,"N",0,0.0,0,0,0,0,0,0,0,0,0,0,0,0,0,0
"36121","5","524127","78","0","2016","4","N","Wyoming County, New York","Private","NAICS 524127 Direct title insurance carriers","County, NAICS 6-digit -- by ownership sector","All establishment sizes",2,0,0,0,0,0,0,0,"N",3.98,0,0,0,0,0,0,0,"N",0,0.0,0,0,0,0,0,0,0,0,0,0,0,0,0,0
"36121","5","5242","76","0","2016","1","N","Wyoming County, New York","Private","NAICS 5242 Insurance agencies and brokerages","County, NAICS 4-digit -- by ownership sector","All establishment sizes",15,0,0,0,0,0,0,0,"N",0.99,0,0,0,0,0,0,0,"N",1,7.1,0,0,0,0,0,0,0,0,0,0,0,0,0,0
"36121","5","5242","76","0","2016","2","N","Wyoming County, New York","Private","NAICS 5242 Insurance agencies and brokerages","County, NAICS 4-digit -- by ownership sector","All establishment sizes",14,0,0,0,0,0,0,0,"N",0.93,0,0,0,0,0,0,0,"N",0,0.0,0,0,0,0,0,0,0,0,0,0,0,0,0,0
"36121","5","5242","76","0","2016","3","N","Wyoming County, New York","Private","NAICS 5242 Insurance agencies and brokerages","County, NAICS 4-digit -- by ownership sector","All establishment sizes",13,0,0,0,0,0,0,0,"N",0.87,0,0,0,0,0,0,0,"N",-1,-7.1,0,0,0,0,0,0,0,0,0,0,0,0,0,0
"36121","5","5242","76","0","2016","4","N","Wyoming County, New York","Private","NAICS 5242 Insurance agencies and brokerages","County, NAICS 4-digit -- by ownership sector","All establishment sizes",13,0,0,0,0,0,0,0,"N",0.87,0,0,0,0,0,0,0,"N",-1,-7.1,0,0,0,0,0,0,0,0,0,0,0,0,0,0
"36121","5","52421","77","0","2016","1","N","Wyoming County, New York","Private","NAICS 52421 Insurance agencies and brokerages","County, NAICS 5-digit -- by ownership sector","All establishment sizes",15,0,0,0,0,0,0,0,"N",1.14,0,0,0,0,0,0,0,"N",1,7.1,0,0,0,0,0,0,0,0,0,0,0,0,0,0
"36121","5","52421","77","0","2016","2","N","Wyoming County, New York","Private","NAICS 52421 Insurance agencies and brokerages","County, NAICS 5-digit -- by ownership sector","All establishment sizes",14,0,0,0,0,0,0,0,"N",1.07,0,0,0,0,0,0,0,"N",0,0.0,0,0,0,0,0,0,0,0,0,0,0,0,0,0
"36121","5","52421","77","0","2016","3","N","Wyoming County, New York","Private","NAICS 52421 Insurance agencies and brokerages","County, NAICS 5-digit -- by ownership sector","All establishment sizes",13,0,0,0,0,0,0,0,"N",1.00,0,0,0,0,0,0,0,"N",-1,-7.1,0,0,0,0,0,0,0,0,0,0,0,0,0,0
"36121","5","52421","77","0","2016","4","N","Wyoming County, New York","Private","NAICS 52421 Insurance agencies and brokerages","County, NAICS 5-digit -- by ownership sector","All establishment sizes",13,0,0,0,0,0,0,0,"N",1.00,0,0,0,0,0,0,0,"N",-1,-7.1,0,0,0,0,0,0,0,0,0,0,0,0,0,0
"36121","5","524210","78","0","2016","1","N","Wyoming County, New York","Private","NAICS 524210 Insurance agencies and brokerages","County, NAICS 6-digit -- by ownership sector","All establishment sizes",15,0,0,0,0,0,0,0,"N",1.14,0,0,0,0,0,0,0,"N",1,7.1,0,0,0,0,0,0,0,0,0,0,0,0,0,0
"36121","5","524210","78","0","2016","2","N","Wyoming County, New York","Private","NAICS 524210 Insurance agencies and brokerages","County, NAICS 6-digit -- by ownership sector","All establishment sizes",14,0,0,0,0,0,0,0,"N",1.07,0,0,0,0,0,0,0,"N",0,0.0,0,0,0,0,0,0,0,0,0,0,0,0,0,0
"36121","5","524210","78","0","2016","3","N","Wyoming County, New York","Private","NAICS 524210 Insurance agencies and brokerages","County, NAICS 6-digit -- by ownership sector","All establishment sizes",13,0,0,0,0,0,0,0,"N",1.00,0,0,0,0,0,0,0,"N",-1,-7.1,0,0,0,0,0,0,0,0,0,0,0,0,0,0
"36121","5","524210","78","0","2016","4","N","Wyoming County, New York","Private","NAICS 524210 Insurance agencies and brokerages","County, NAICS 6-digit -- by ownership sector","All establishment sizes",13,0,0,0,0,0,0,0,"N",1.00,0,0,0,0,0,0,0,"N",-1,-7.1,0,0,0,0,0,0,0,0,0,0,0,0,0,0
"36121","5","53","74","0","2016","1","","Wyoming County, New York","Private","NAICS 53 Real estate and rental and leasing","County, NAICS Sector -- by ownership sector","All establishment sizes",19,121,119,113,1053842,696466,26675,689,"",0.55,0.61,0.60,0.57,0.51,0.60,0.65,0.85,"",0,0.0,-11,-8.3,-9,-7.0,-10,-8.1,74052,7.6,-3910,-0.6,-4872,-15.4,99,16.8
"36121","5","53","74","0","2016","2","","Wyoming County, New York","Private","NAICS 53 Real estate and rental and leasing","County, NAICS Sector -- by ownership sector","All establishment sizes",20,117,134,148,1249313,333160,13704,723,"",0.58,0.58,0.65,0.70,0.60,0.79,0.83,0.94,"",1,5.3,2,1.7,7,5.5,-3,-2.0,137779,12.4,1088,0.3,-1279,-8.5,70,10.7
"36121","5","53","74","0","2016","3","","Wyoming County, New York","Private","NAICS 53 Real estate and rental and leasing","County, NAICS Sector -- by ownership sector","All establishment sizes",20,149,154,139,1429742,265226,9681,746,"",0.58,0.72,0.75,0.67,0.68,1.14,1.11,0.95,"",1,5.3,-1,-0.7,0,0.0,1,0.7,183808,14.8,-24115,-8.3,-1532,-13.7,95,14.6
"36121","5","53","74","0","2016","4","","Wyoming County, New York","Private","NAICS 53 Real estate and rental and leasing","County, NAICS Sector -- by ownership sector","All establishment sizes",20,135,115,99,1242623,83812,3437,822,"",0.57,0.65,0.57,0.49,0.57,0.54,0.64,0.99,"",1,5.3,-9,-6.2,-17,-12.9,-25,-20.2,54511,4.6,-70594,-45.7,-3804,-52.5,137,20.0
"36121","5","531","75","0","2016","1","","Wyoming County, New York","Private","NAICS 531 Real estate","County, NAICS 3-digit -- by ownership sector","All establishment sizes",14,105,102,96,928595,585790,18153,707,"",0.48,0.73,0.71,0.66,0.59,0.69,0.60,0.84,"",0,0.0,-16,-13.2,-14,-12.1,-15,-13.5,65453,7.6,-10146,-1.7,-3644,-16.7,135,23.6
"36121","5","531","75","0","2016","2","","Wyoming County, New York","Private","NAICS 531 Real estate","County, NAICS 3-digit -- by ownership sector","All establishment sizes",15,99,116,129,1101905,279119,9515,739,"",0.51,0.67,0.77,0.83,0.72,0.91,0.81,0.94,"",1,7.1,-1,-1.0,6,5.5,-6,-4.4,137794,14.3,-7272,-2.5,-1136,-10.7,94,14.6
"36121","5","531","75","0","2016","3","","Wyoming County, New York","Private","NAICS 531 Real estate","County, NAICS 3-digit -- by ownership sector","All establishment sizes",15,130,135,121,1276836,242843,7954,763,"",0.51,0.86,0.90,0.80,0.81,1.45,1.30,0.95,"",1,7.1,-3,-2.3,-2,-1.5,0,0.0,179084,16.3,-22903,-8.6,-922,-10.4,115,17.7
"36121","5","531","75","0","2016","4","","Wyoming County, New York","Private","NAICS 531 Real estate","County, NAICS 3-digit -- by ownership sector","All establishment sizes",15,119,100,85,1108798,70562,2496,842,"",0.51,0.78,0.68,0.58,0.67,0.61,0.64,0.98,"",1,7.1,-8,-6.3,-12,-10.7,-19,-18.3,62679,6.0,-67468,-48.9,-3124,-55.6,138,19.6
"36121","5","5311","76","0","2016","1","","Wyoming County, New York","Private","NAICS 5311 Lessors of real estate","County, NAICS 4-digit -- by ownership sector","All establishment sizes",6,81,78,72,576335,387737,14277,576,"",0.59,1.48,1.42,1.31,1.03,1.29,1.34,0.74,"",0,0.0,-17,-17.3,-15,-16.1,-15,-17.2,-27370,-4.5,-38558,-9.0,-3410,-19.3,75,15.0
"36121","5","5311","76","0","2016","2","","Wyoming County, New York","Private","NAICS 5311 Lessors of real estate","County, NAICS 4-digit -- by ownership sector","All establishment sizes",6,76,81,88,670549,218158,8093,632,"",0.59,1.36,1.42,1.51,1.29,1.99,1.88,0.90,"",0,0.0,-5,-6.2,2,2.5,-4,-4.3,5545,0.8,-9816,-4.3,-1223,-13.1,23,3.8
"36121","5","5311","76","0","2016","3","","Wyoming County, New York","Private","NAICS 5311 Lessors of real estate","County, NAICS 4-digit -- by ownership sector","All establishment sizes",6,83,89,78,740423,147159,5812,683,"",0.59,1.47,1.58,1.37,1.42,2.45,2.64,0.96,"",0,0.0,-5,-5.7,-8,-8.2,-2,-2.5,23282,3.2,2560,1.8,-384,-6.2,58,9.3
"36121","5","5311","76","0","2016","4","","Wyoming County, New York","Private","NAICS 5311 Lessors of real estate","County, NAICS 4-digit -- by ownership sector","All establishment sizes",6,80,74,59,694951,58788,2210,753,"",0.60,1.41,1.35,1.08,1.31,1.50,1.65,1.02,"",0,0.0,-11,-12.1,-17,-18.7,-25,-29.8,-47209,-6.4,-57843,-49.6,-2812,-56.0,109,16.9
"36121","5","53111","77","0","2016","1","","Wyoming County, New York","Private","NAICS 53111 Lessors of residential buildings","County, NAICS 5-digit -- by ownership sector","All establishment sizes",3,6,5,5,118525,32463,616,1709,"",0.53,0.18,0.15,0.15,0.46,0.18,0.10,2.86,"",0,0.0,-1,-14.3,-2,-28.6,-2,-28.6,28137,31.1,-6535,-16.8,-203,-24.8,716,72.1
"36121","5","53111","77","0","2016","2","","Wyoming County, New York","Private","NAICS 53111 Lessors of residential buildings","County, NAICS 5-digit -- by ownership sector","All establishment sizes",3,5,5,5,119777,13702,233,1843,"",0.54,0.15,0.15,0.14,0.44,0.20,0.09,3.00,"",0,0.0,-2,-28.6,-2,-28.6,-2,-28.6,-6543,-5.2,-5862,-30.0,-178,-43.3,455,32.8
"36121","5","53111","77","0","2016","3","","Wyoming County, New York","Private","NAICS 53111 Lessors of residential buildings","County, NAICS 5-digit -- by ownership sector","All establishment sizes",3,5,5,5,122029,4003,68,1877,"",0.54,0.15,0.15,0.15,0.44,0.11,0.05,3.01,"",0,0.0,-2,-28.6,-1,-16.7,-1,-16.7,-4134,-3.3,-2220,-35.7,-63,-48.1,345,22.5
"36121","5","53111","77","0","2016","4","","Wyoming County, New York","Private","NAICS 53111 Lessors of residential buildings","County, NAICS 5-digit -- by ownership sector","All establishment sizes",3,5,5,5,191451,3458,59,2945,"",0.54,0.15,0.15,0.15,0.70,0.15,0.07,4.61,"",0,0.0,-1,-16.7,-1,-16.7,-1,-16.7,68728,56.0,508,17.2,-3,-4.8,1372,87.2
"36121","5","531110","78","0","2016","1","","Wyoming County, New York","Private","NAICS 531110 Lessors of residential buildings","County, NAICS 6-digit -- by ownership sector","All establishment sizes",3,6,5,5,118525,32463,616,1709,"",0.53,0.18,0.15,0.15,0.46,0.18,0.10,2.86,"",0,0.0,-1,-14.3,-2,-28.6,-2,-28.6,28137,31.1,-6535,-16.8,-203,-24.8,716,72.1
"36121","5","531110","78","0","2016","2","","Wyoming County, New York","Private","NAICS 531110 Lessors of residential buildings","County, NAICS 6-digit -- by ownership sector","All establishment sizes",3,5,5,5,119777,13702,233,1843,"",0.54,0.15,0.15,0.14,0.44,0.20,0.09,3.00,"",0,0.0,-2,-28.6,-2,-28.6,-2,-28.6,-6543,-5.2,-5862,-30.0,-178,-43.3,455,32.8
"36121","5","531110","78","0","2016","3","","Wyoming County, New York","Private","NAICS 531110 Lessors of residential buildings","County, NAICS 6-digit -- by ownership sector","All establishment sizes",3,5,5,5,122029,4003,68,1877,"",0.54,0.15,0.15,0.15,0.44,0.11,0.05,3.01,"",0,0.0,-2,-28.6,-1,-16.7,-1,-16.7,-4134,-3.3,-2220,-35.7,-63,-48.1,345,22.5
"36121","5","531110","78","0","2016","4","","Wyoming County, New York","Private","NAICS 531110 Lessors of residential buildings","County, NAICS 6-digit -- by ownership sector","All establishment sizes",3,5,5,5,191451,3458,59,2945,"",0.54,0.15,0.15,0.15,0.70,0.15,0.07,4.61,"",0,0.0,-1,-16.7,-1,-16.7,-1,-16.7,68728,56.0,508,17.2,-3,-4.8,1372,87.2
"36121","5","53112","77","0","2016","1","N","Wyoming County, New York","Private","NAICS 53112 Lessors of nonresidential buildings","County, NAICS 5-digit -- by ownership sector","All establishment sizes",1,0,0,0,0,0,0,0,"N",0.44,0,0,0,0,0,0,0,"N",0,0.0,0,0,0,0,0,0,0,0,0,0,0,0,0,0
"36121","5","53112","77","0","2016","2","N","Wyoming County, New York","Private","NAICS 53112 Lessors of nonresidential buildings","County, NAICS 5-digit -- by ownership sector","All establishment sizes",1,0,0,0,0,0,0,0,"N",0.45,0,0,0,0,0,0,0,"N",0,0.0,0,0,0,0,0,0,0,0,0,0,0,0,0,0
"36121","5","53112","77","0","2016","3","N","Wyoming County, New York","Private","NAICS 53112 Lessors of nonresidential buildings","County, NAICS 5-digit -- by ownership sector","All establishment sizes",1,0,0,0,0,0,0,0,"N",0.45,0,0,0,0,0,0,0,"N",0,0.0,0,0,0,0,0,0,0,0,0,0,0,0,0,0
"36121","5","53112","77","0","2016","4","N","Wyoming County, New York","Private","NAICS 53112 Lessors of nonresidential buildings","County, NAICS 5-digit -- by ownership sector","All establishment sizes",1,0,0,0,0,0,0,0,"N",0.45,0,0,0,0,0,0,0,"N",0,0.0,0,0,0,0,0,0,0,0,0,0,0,0,0,0
"36121","5","531120","78","0","2016","1","N","Wyoming County, New York","Private","NAICS 531120 Lessors of nonresidential buildings","County, NAICS 6-digit -- by ownership sector","All establishment sizes",1,0,0,0,0,0,0,0,"N",0.44,0,0,0,0,0,0,0,"N",0,0.0,0,0,0,0,0,0,0,0,0,0,0,0,0,0
"36121","5","531120","78","0","2016","2","N","Wyoming County, New York","Private","NAICS 531120 Lessors of nonresidential buildings","County, NAICS 6-digit -- by ownership sector","All establishment sizes",1,0,0,0,0,0,0,0,"N",0.45,0,0,0,0,0,0,0,"N",0,0.0,0,0,0,0,0,0,0,0,0,0,0,0,0,0
"36121","5","531120","78","0","2016","3","N","Wyoming County, New York","Private","NAICS 531120 Lessors of nonresidential buildings","County, NAICS 6-digit -- by ownership sector","All establishment sizes",1,0,0,0,0,0,0,0,"N",0.45,0,0,0,0,0,0,0,"N",0,0.0,0,0,0,0,0,0,0,0,0,0,0,0,0,0
"36121","5","531120","78","0","2016","4","N","Wyoming County, New York","Private","NAICS 531120 Lessors of nonresidential buildings","County, NAICS 6-digit -- by ownership sector","All establishment sizes",1,0,0,0,0,0,0,0,"N",0.45,0,0,0,0,0,0,0,"N",0,0.0,0,0,0,0,0,0,0,0,0,0,0,0,0,0
"36121","5","53113","77","0","2016","1","N","Wyoming County, New York","Private","NAICS 53113 Miniwarehouse and self-storage unit operators","County, NAICS 5-digit -- by ownership sector","All establishment sizes",1,0,0,0,0,0,0,0,"N",0.73,0,0,0,0,0,0,0,"N",0,0.0,0,0,0,0,0,0,0,0,0,0,0,0,0,0
"36121","5","53113","77","0","2016","2","N","Wyoming County, New York","Private","NAICS 53113 Miniwarehouse and self-storage unit operators","County, NAICS 5-digit -- by ownership sector","All establishment sizes",1,0,0,0,0,0,0,0,"N",0.73,0,0,0,0,0,0,0,"N",0,0.0,0,0,0,0,0,0,0,0,0,0,0,0,0,0
"36121","5","53113","77","0","2016","3","N","Wyoming County, New York","Private","NAICS 53113 Miniwarehouse and self-storage unit operators","County, NAICS 5-digit -- by ownership sector","All establishment sizes",1,0,0,0,0,0,0,0,"N",0.73,0,0,0,0,0,0,0,"N",0,0.0,0,0,0,0,0,0,0,0,0,0,0,0,0,0
"36121","5","53113","77","0","2016","4","N","Wyoming County, New York","Private","NAICS 53113 Miniwarehouse and self-storage unit operators","County, NAICS 5-digit -- by ownership sector","All establishment sizes",1,0,0,0,0,0,0,0,"N",0.74,0,0,0,0,0,0,0,"N",0,0.0,0,0,0,0,0,0,0,0,0,0,0,0,0,0
"36121","5","531130","78","0","2016","1","N","Wyoming County, New York","Private","NAICS 531130 Miniwarehouse and self-storage unit operators","County, NAICS 6-digit -- by ownership sector","All establishment sizes",1,0,0,0,0,0,0,0,"N",0.73,0,0,0,0,0,0,0,"N",0,0.0,0,0,0,0,0,0,0,0,0,0,0,0,0,0
"36121","5","531130","78","0","2016","2","N","Wyoming County, New York","Private","NAICS 531130 Miniwarehouse and self-storage unit operators","County, NAICS 6-digit -- by ownership sector","All establishment sizes",1,0,0,0,0,0,0,0,"N",0.73,0,0,0,0,0,0,0,"N",0,0.0,0,0,0,0,0,0,0,0,0,0,0,0,0,0
"36121","5","531130","78","0","2016","3","N","Wyoming County, New York","Private","NAICS 531130 Miniwarehouse and self-storage unit operators","County, NAICS 6-digit -- by ownership sector","All establishment sizes",1,0,0,0,0,0,0,0,"N",0.73,0,0,0,0,0,0,0,"N",0,0.0,0,0,0,0,0,0,0,0,0,0,0,0,0,0
"36121","5","531130","78","0","2016","4","N","Wyoming County, New York","Private","NAICS 531130 Miniwarehouse and self-storage unit operators","County, NAICS 6-digit -- by ownership sector","All establishment sizes",1,0,0,0,0,0,0,0,"N",0.74,0,0,0,0,0,0,0,"N",0,0.0,0,0,0,0,0,0,0,0,0,0,0,0,0,0
"36121","5","53119","77","0","2016","1","N","Wyoming County, New York","Private","NAICS 53119 Lessors of other real estate property","County, NAICS 5-digit -- by ownership sector","All establishment sizes",1,0,0,0,0,0,0,0,"N",1.07,0,0,0,0,0,0,0,"N",0,0.0,0,0,0,0,0,0,0,0,0,0,0,0,0,0
"36121","5","53119","77","0","2016","2","N","Wyoming County, New York","Private","NAICS 53119 Lessors of other real estate property","County, NAICS 5-digit -- by ownership sector","All establishment sizes",1,0,0,0,0,0,0,0,"N",1.08,0,0,0,0,0,0,0,"N",0,0.0,0,0,0,0,0,0,0,0,0,0,0,0,0,0
"36121","5","53119","77","0","2016","3","N","Wyoming County, New York","Private","NAICS 53119 Lessors of other real estate property","County, NAICS 5-digit -- by ownership sector","All establishment sizes",1,0,0,0,0,0,0,0,"N",1.08,0,0,0,0,0,0,0,"N",0,0.0,0,0,0,0,0,0,0,0,0,0,0,0,0,0
"36121","5","53119","77","0","2016","4","N","Wyoming County, New York","Private","NAICS 53119 Lessors of other real estate property","County, NAICS 5-digit -- by ownership sector","All establishment sizes",1,0,0,0,0,0,0,0,"N",1.07,0,0,0,0,0,0,0,"N",0,0.0,0,0,0,0,0,0,0,0,0,0,0,0,0,0
"36121","5","531190","78","0","2016","1","N","Wyoming County, New York","Private","NAICS 531190 Lessors of other real estate property","County, NAICS 6-digit -- by ownership sector","All establishment sizes",1,0,0,0,0,0,0,0,"N",1.07,0,0,0,0,0,0,0,"N",0,0.0,0,0,0,0,0,0,0,0,0,0,0,0,0,0
"36121","5","531190","78","0","2016","2","N","Wyoming County, New York","Private","NAICS 531190 Lessors of other real estate property","County, NAICS 6-digit -- by ownership sector","All establishment sizes",1,0,0,0,0,0,0,0,"N",1.08,0,0,0,0,0,0,0,"N",0,0.0,0,0,0,0,0,0,0,0,0,0,0,0,0,0
"36121","5","531190","78","0","2016","3","N","Wyoming County, New York","Private","NAICS 531190 Lessors of other real estate property","County, NAICS 6-digit -- by ownership sector","All establishment sizes",1,0,0,0,0,0,0,0,"N",1.08,0,0,0,0,0,0,0,"N",0,0.0,0,0,0,0,0,0,0,0,0,0,0,0,0,0
"36121","5","531190","78","0","2016","4","N","Wyoming County, New York","Private","NAICS 531190 Lessors of other real estate property","County, NAICS 6-digit -- by ownership sector","All establishment sizes",1,0,0,0,0,0,0,0,"N",1.07,0,0,0,0,0,0,0,"N",0,0.0,0,0,0,0,0,0,0,0,0,0,0,0,0,0
"36121","5","5312","76","0","2016","1","","Wyoming County, New York","Private","NAICS 5312 Offices of real estate agents and brokers","County, NAICS 4-digit -- by ownership sector","All establishment sizes",5,19,19,19,329777,175987,3201,1335,"",0.52,0.68,0.68,0.68,0.88,1.02,0.58,1.30,"",0,0.0,3,18.8,3,18.8,3,18.8,100304,43.7,36236,25.9,-220,-6.4,232,21.0
"36121","5","5312","76","0","2016","2","N","Wyoming County, New York","Private","NAICS 5312 Offices of real estate agents and brokers","County, NAICS 4-digit -- by ownership sector","All establishment sizes",6,0,0,0,0,0,0,0,"N",0.62,0,0,0,0,0,0,0,"N",1,20.0,0,0,0,0,0,0,0,0,0,0,0,0,0,0
"36121","5","5312","76","0","2016","3","","Wyoming County, New York","Private","NAICS 5312 Offices of real estate agents and brokers","County, NAICS 4-digit -- by ownership sector","All establishment sizes",6,42,41,37,513476,86494,1897,987,"",0.61,1.42,1.39,1.24,1.37,2.51,1.66,1.02,"",1,20.0,4,10.5,6,17.1,2,5.7,167387,48.4,-29412,-25.4,-648,-25.5,247,33.4
"36121","5","5312","76","0","2016","4","N","Wyoming County, New York","Private","NAICS 5312 Offices of real estate agents and brokers","County, NAICS 4-digit -- by ownership sector","All establishment sizes",6,0,0,0,0,0,0,0,"N",0.61,0,0,0,0,0,0,0,"N",1,20.0,0,0,0,0,0,0,0,0,0,0,0,0,0,0
"36121","5","53121","77","0","2016","1","","Wyoming County, New York","Private","NAICS 53121 Offices of real estate agents and brokers","County, NAICS 5-digit -- by ownership sector","All establishment sizes",5,19,19,19,329777,175987,3201,1335,"",0.52,0.68,0.68,0.68,0.88,1.02,0.58,1.30,"",0,0.0,3,18.8,3,18.8,3,18.8,100304,43.7,36236,25.9,-220,-6.4,232,21.0
"36121","5","53121","77","0","2016","2","N","Wyoming County, New York","Private","NAICS 53121 Offices of real estate agents and brokers","County, NAICS 5-digit -- by ownership sector","All establishment sizes",6,0,0,0,0,0,0,0,"N",0.62,0,0,0,0,0,0,0,"N",1,20.0,0,0,0,0,0,0,0,0,0,0,0,0,0,0
"36121","5","53121","77","0","2016","3","","Wyoming County, New York","Private","NAICS 53121 Offices of real estate agents and brokers","County, NAICS 5-digit -- by ownership sector","All establishment sizes",6,42,41,37,513476,86494,1897,987,"",0.61,1.42,1.39,1.24,1.37,2.51,1.66,1.02,"",1,20.0,4,10.5,6,17.1,2,5.7,167387,48.4,-29412,-25.4,-648,-25.5,247,33.4
"36121","5","53121","77","0","2016","4","N","Wyoming County, New York","Private","NAICS 53121 Offices of real estate agents and brokers","County, NAICS 5-digit -- by ownership sector","All establishment sizes",6,0,0,0,0,0,0,0,"N",0.61,0,0,0,0,0,0,0,"N",1,20.0,0,0,0,0,0,0,0,0,0,0,0,0,0,0
"36121","5","531210","78","0","2016","1","","Wyoming County, New York","Private","NAICS 531210 Offices of real estate agents and brokers","County, NAICS 6-digit -- by ownership sector","All establishment sizes",5,19,19,19,329777,175987,3201,1335,"",0.52,0.68,0.68,0.68,0.88,1.02,0.58,1.30,"",0,0.0,3,18.8,3,18.8,3,18.8,100304,43.7,36236,25.9,-220,-6.4,232,21.0
"36121","5","531210","78","0","2016","2","N","Wyoming County, New York","Private","NAICS 531210 Offices of real estate agents and brokers","County, NAICS 6-digit -- by ownership sector","All establishment sizes",6,0,0,0,0,0,0,0,"N",0.62,0,0,0,0,0,0,0,"N",1,20.0,0,0,0,0,0,0,0,0,0,0,0,0,0,0
"36121","5","531210","78","0","2016","3","","Wyoming County, New York","Private","NAICS 531210 Offices of real estate agents and brokers","County, NAICS 6-digit -- by ownership sector","All establishment sizes",6,42,41,37,513476,86494,1897,987,"",0.61,1.42,1.39,1.24,1.37,2.51,1.66,1.02,"",1,20.0,4,10.5,6,17.1,2,5.7,167387,48.4,-29412,-25.4,-648,-25.5,247,33.4
"36121","5","531210","78","0","2016","4","N","Wyoming County, New York","Private","NAICS 531210 Offices of real estate agents and brokers","County, NAICS 6-digit -- by ownership sector","All establishment sizes",6,0,0,0,0,0,0,0,"N",0.61,0,0,0,0,0,0,0,"N",1,20.0,0,0,0,0,0,0,0,0,0,0,0,0,0,0
"36121","5","5313","76","0","2016","1","","Wyoming County, New York","Private","NAICS 5313 Activities related to real estate","County, NAICS 4-digit -- by ownership sector","All establishment sizes",3,5,5,5,22483,22066,675,346,"",0.32,0.08,0.08,0.08,0.03,0.06,0.05,0.43,"",0,0.0,-2,-28.6,-2,-28.6,-3,-37.5,-7481,-25.0,-7824,-26.2,-14,-2.0,32,10.2
"36121","5","5313","76","0","2016","2","N","Wyoming County, New York","Private","NAICS 5313 Activities related to real estate","County, NAICS 4-digit -- by ownership sector","All establishment sizes",3,0,0,0,0,0,0,0,"N",0.32,0,0,0,0,0,0,0,"N",0,0.0,0,0,0,0,0,0,0,0,0,0,0,0,0,0
"36121","5","5313","76","0","2016","3","","Wyoming County, New York","Private","NAICS 5313 Activities related to real estate","County, NAICS 4-digit -- by ownership sector","All establishment sizes",3,5,5,6,22937,9190,245,331,"",0.31,0.08,0.08,0.09,0.03,0.13,0.09,0.41,"",0,0.0,-2,-28.6,0,0.0,0,0.0,-11585,-33.6,3949,75.3,110,81.5,-112,-25.3
"36121","5","5313","76","0","2016","4","N","Wyoming County, New York","Private","NAICS 5313 Activities related to real estate","County, NAICS 4-digit -- by ownership sector","All establishment sizes",3,0,0,0,0,0,0,0,"N",0.31,0,0,0,0,0,0,0,"N",0,0.0,0,0,0,0,0,0,0,0,0,0,0,0,0,0
"36121","5","53131","77","0","2016","1","N","Wyoming County, New York","Private","NAICS 53131 Real estate property managers","County, NAICS 5-digit -- by ownership sector","All establishment sizes",2,0,0,0,0,0,0,0,"N",0.29,0,0,0,0,0,0,0,"N",0,0.0,0,0,0,0,0,0,0,0,0,0,0,0,0,0
"36121","5","53131","77","0","2016","2","N","Wyoming County, New York","Private","NAICS 53131 Real estate property managers","County, NAICS 5-digit -- by ownership sector","All establishment sizes",2,0,0,0,0,0,0,0,"N",0.29,0,0,0,0,0,0,0,"N",0,0.0,0,0,0,0,0,0,0,0,0,0,0,0,0,0
"36121","5","53131","77","0","2016","3","N","Wyoming County, New York","Private","NAICS 53131 Real estate property managers","County, NAICS 5-digit -- by ownership sector","All establishment sizes",2,0,0,0,0,0,0,0,"N",0.29,0,0,0,0,0,0,0,"N",0,0.0,0,0,0,0,0,0,0,0,0,0,0,0,0,0
"36121","5","53131","77","0","2016","4","N","Wyoming County, New York","Private","NAICS 53131 Real estate property managers","County, NAICS 5-digit -- by ownership sector","All establishment sizes",2,0,0,0,0,0,0,0,"N",0.29,0,0,0,0,0,0,0,"N",0,0.0,0,0,0,0,0,0,0,0,0,0,0,0,0,0
"36121","5","531311","78","0","2016","1","N","Wyoming County, New York","Private","NAICS 531311 Residential property managers","County, NAICS 6-digit -- by ownership sector","All establishment sizes",2,0,0,0,0,0,0,0,"N",0.39,0,0,0,0,0,0,0,"N",0,0.0,0,0,0,0,0,0,0,0,0,0,0,0,0,0
"36121","5","531311","78","0","2016","2","N","Wyoming County, New York","Private","NAICS 531311 Residential property managers","County, NAICS 6-digit -- by ownership sector","All establishment sizes",2,0,0,0,0,0,0,0,"N",0.39,0,0,0,0,0,0,0,"N",0,0.0,0,0,0,0,0,0,0,0,0,0,0,0,0,0
"36121","5","531311","78","0","2016","3","N","Wyoming County, New York","Private","NAICS 531311 Residential property managers","County, NAICS 6-digit -- by ownership sector","All establishment sizes",2,0,0,0,0,0,0,0,"N",0.39,0,0,0,0,0,0,0,"N",0,0.0,0,0,0,0,0,0,0,0,0,0,0,0,0,0
"36121","5","531311","78","0","2016","4","N","Wyoming County, New York","Private","NAICS 531311 Residential property managers","County, NAICS 6-digit -- by ownership sector","All establishment sizes",2,0,0,0,0,0,0,0,"N",0.39,0,0,0,0,0,0,0,"N",0,0.0,0,0,0,0,0,0,0,0,0,0,0,0,0,0
"36121","5","53132","77","0","2016","1","N","Wyoming County, New York","Private","NAICS 53132 Offices of real estate appraisers","County, NAICS 5-digit -- by ownership sector","All establishment sizes",1,0,0,0,0,0,0,0,"N",0.82,0,0,0,0,0,0,0,"N",0,0.0,0,0,0,0,0,0,0,0,0,0,0,0,0,0
"36121","5","53132","77","0","2016","2","N","Wyoming County, New York","Private","NAICS 53132 Offices of real estate appraisers","County, NAICS 5-digit -- by ownership sector","All establishment sizes",1,0,0,0,0,0,0,0,"N",0.82,0,0,0,0,0,0,0,"N",0,0.0,0,0,0,0,0,0,0,0,0,0,0,0,0,0
"36121","5","53132","77","0","2016","3","N","Wyoming County, New York","Private","NAICS 53132 Offices of real estate appraisers","County, NAICS 5-digit -- by ownership sector","All establishment sizes",1,0,0,0,0,0,0,0,"N",0.83,0,0,0,0,0,0,0,"N",0,0.0,0,0,0,0,0,0,0,0,0,0,0,0,0,0
"36121","5","53132","77","0","2016","4","N","Wyoming County, New York","Private","NAICS 53132 Offices of real estate appraisers","County, NAICS 5-digit -- by ownership sector","All establishment sizes",1,0,0,0,0,0,0,0,"N",0.83,0,0,0,0,0,0,0,"N",0,0.0,0,0,0,0,0,0,0,0,0,0,0,0,0,0
"36121","5","531320","78","0","2016","1","N","Wyoming County, New York","Private","NAICS 531320 Offices of real estate appraisers","County, NAICS 6-digit -- by ownership sector","All establishment sizes",1,0,0,0,0,0,0,0,"N",0.82,0,0,0,0,0,0,0,"N",0,0.0,0,0,0,0,0,0,0,0,0,0,0,0,0,0
"36121","5","531320","78","0","2016","2","N","Wyoming County, New York","Private","NAICS 531320 Offices of real estate appraisers","County, NAICS 6-digit -- by ownership sector","All establishment sizes",1,0,0,0,0,0,0,0,"N",0.82,0,0,0,0,0,0,0,"N",0,0.0,0,0,0,0,0,0,0,0,0,0,0,0,0,0
"36121","5","531320","78","0","2016","3","N","Wyoming County, New York","Private","NAICS 531320 Offices of real estate appraisers","County, NAICS 6-digit -- by ownership sector","All establishment sizes",1,0,0,0,0,0,0,0,"N",0.83,0,0,0,0,0,0,0,"N",0,0.0,0,0,0,0,0,0,0,0,0,0,0,0,0,0
"36121","5","531320","78","0","2016","4","N","Wyoming County, New York","Private","NAICS 531320 Offices of real estate appraisers","County, NAICS 6-digit -- by ownership sector","All establishment sizes",1,0,0,0,0,0,0,0,"N",0.83,0,0,0,0,0,0,0,"N",0,0.0,0,0,0,0,0,0,0,0,0,0,0,0,0,0
"36121","5","532","75","0","2016","1","","Wyoming County, New York","Private","NAICS 532 Rental and leasing services","County, NAICS 3-digit -- by ownership sector","All establishment sizes",5,16,17,17,125247,110676,8522,578,"",0.98,0.32,0.34,0.33,0.27,0.38,0.80,0.83,"",0,0.0,5,45.5,5,41.7,5,41.7,8599,7.4,6236,6.0,-1228,-12.6,-191,-24.8
"36121","5","532","75","0","2016","2","","Wyoming County, New York","Private","NAICS 532 Rental and leasing services","County, NAICS 3-digit -- by ownership sector","All establishment sizes",5,18,18,19,147408,54041,4189,618,"",0.98,0.35,0.33,0.34,0.30,0.48,0.89,0.87,"",0,0.0,3,20.0,1,5.9,3,18.8,-15,0.0,8360,18.3,-143,-3.3,-91,-12.8
"36121","5","532","75","0","2016","3","","Wyoming County, New York","Private","NAICS 532 Rental and leasing services","County, NAICS 3-digit -- by ownership sector","All establishment sizes",5,19,19,18,152906,22383,1727,630,"",0.99,0.35,0.36,0.33,0.30,0.36,0.69,0.87,"",0,0.0,2,11.8,2,11.8,1,5.9,4724,3.2,-1212,-5.1,-610,-26.1,-41,-6.1
"36121","5","532","75","0","2016","4","","Wyoming County, New York","Private","NAICS 532 Rental and leasing services","County, NAICS 3-digit -- by ownership sector","All establishment sizes",5,16,15,14,133825,13250,941,686,"",1.00,0.30,0.29,0.28,0.28,0.36,0.67,0.97,"",0,0.0,-1,-5.9,-5,-25.0,-6,-30.0,-8168,-5.8,-3126,-19.1,-680,-41.9,111,19.3
"36121","5","5322","76","0","2016","1","N","Wyoming County, New York","Private","NAICS 5322 Consumer goods rental","County, NAICS 4-digit -- by ownership sector","All establishment sizes",3,0,0,0,0,0,0,0,"N",1.61,0,0,0,0,0,0,0,"N",0,0.0,0,0,0,0,0,0,0,0,0,0,0,0,0,0
"36121","5","5322","76","0","2016","2","N","Wyoming County, New York","Private","NAICS 5322 Consumer goods rental","County, NAICS 4-digit -- by ownership sector","All establishment sizes",3,0,0,0,0,0,0,0,"N",1.62,0,0,0,0,0,0,0,"N",0,0.0,0,0,0,0,0,0,0,0,0,0,0,0,0,0
"36121","5","5322","76","0","2016","3","N","Wyoming County, New York","Private","NAICS 5322 Consumer goods rental","County, NAICS 4-digit -- by ownership sector","All establishment sizes",3,0,0,0,0,0,0,0,"N",1.63,0,0,0,0,0,0,0,"N",0,0.0,0,0,0,0,0,0,0,0,0,0,0,0,0,0
"36121","5","5322","76","0","2016","4","N","Wyoming County, New York","Private","NAICS 5322 Consumer goods rental","County, NAICS 4-digit -- by ownership sector","All establishment sizes",3,0,0,0,0,0,0,0,"N",1.66,0,0,0,0,0,0,0,"N",0,0.0,0,0,0,0,0,0,0,0,0,0,0,0,0,0
"36121","5","53221","77","0","2016","1","N","Wyoming County, New York","Private","NAICS 53221 Consumer electronics and appliances rental","County, NAICS 5-digit -- by ownership sector","All establishment sizes",2,0,0,0,0,0,0,0,"N",6.09,0,0,0,0,0,0,0,"N",0,0.0,0,0,0,0,0,0,0,0,0,0,0,0,0,0
"36121","5","53221","77","0","2016","2","N","Wyoming County, New York","Private","NAICS 53221 Consumer electronics and appliances rental","County, NAICS 5-digit -- by ownership sector","All establishment sizes",2,0,0,0,0,0,0,0,"N",6.10,0,0,0,0,0,0,0,"N",0,0.0,0,0,0,0,0,0,0,0,0,0,0,0,0,0
"36121","5","53221","77","0","2016","3","N","Wyoming County, New York","Private","NAICS 53221 Consumer electronics and appliances rental","County, NAICS 5-digit -- by ownership sector","All establishment sizes",2,0,0,0,0,0,0,0,"N",6.16,0,0,0,0,0,0,0,"N",0,0.0,0,0,0,0,0,0,0,0,0,0,0,0,0,0
"36121","5","53221","77","0","2016","4","N","Wyoming County, New York","Private","NAICS 53221 Consumer electronics and appliances rental","County, NAICS 5-digit -- by ownership sector","All establishment sizes",2,0,0,0,0,0,0,0,"N",6.23,0,0,0,0,0,0,0,"N",0,0.0,0,0,0,0,0,0,0,0,0,0,0,0,0,0
"36121","5","532210","78","0","2016","1","N","Wyoming County, New York","Private","NAICS 532210 Consumer electronics and appliances rental","County, NAICS 6-digit -- by ownership sector","All establishment sizes",2,0,0,0,0,0,0,0,"N",6.09,0,0,0,0,0,0,0,"N",0,0.0,0,0,0,0,0,0,0,0,0,0,0,0,0,0
"36121","5","532210","78","0","2016","2","N","Wyoming County, New York","Private","NAICS 532210 Consumer electronics and appliances rental","County, NAICS 6-digit -- by ownership sector","All establishment sizes",2,0,0,0,0,0,0,0,"N",6.10,0,0,0,0,0,0,0,"N",0,0.0,0,0,0,0,0,0,0,0,0,0,0,0,0,0
"36121","5","532210","78","0","2016","3","N","Wyoming County, New York","Private","NAICS 532210 Consumer electronics and appliances rental","County, NAICS 6-digit -- by ownership sector","All establishment sizes",2,0,0,0,0,0,0,0,"N",6.16,0,0,0,0,0,0,0,"N",0,0.0,0,0,0,0,0,0,0,0,0,0,0,0,0,0
"36121","5","532210","78","0","2016","4","N","Wyoming County, New York","Private","NAICS 532210 Consumer electronics and appliances rental","County, NAICS 6-digit -- by ownership sector","All establishment sizes",2,0,0,0,0,0,0,0,"N",6.23,0,0,0,0,0,0,0,"N",0,0.0,0,0,0,0,0,0,0,0,0,0,0,0,0,0
"36121","5","53229","77","0","2016","1","N","Wyoming County, New York","Private","NAICS 53229 Other consumer goods rental","County, NAICS 5-digit -- by ownership sector","All establishment sizes",1,0,0,0,0,0,0,0,"N",0.82,0,0,0,0,0,0,0,"N",0,0.0,0,0,0,0,0,0,0,0,0,0,0,0,0,0
"36121","5","53229","77","0","2016","2","N","Wyoming County, New York","Private","NAICS 53229 Other consumer goods rental","County, NAICS 5-digit -- by ownership sector","All establishment sizes",1,0,0,0,0,0,0,0,"N",0.82,0,0,0,0,0,0,0,"N",0,0.0,0,0,0,0,0,0,0,0,0,0,0,0,0,0
"36121","5","53229","77","0","2016","3","N","Wyoming County, New York","Private","NAICS 53229 Other consumer goods rental","County, NAICS 5-digit -- by ownership sector","All establishment sizes",1,0,0,0,0,0,0,0,"N",0.82,0,0,0,0,0,0,0,"N",0,0.0,0,0,0,0,0,0,0,0,0,0,0,0,0,0
"36121","5","53229","77","0","2016","4","N","Wyoming County, New York","Private","NAICS 53229 Other consumer goods rental","County, NAICS 5-digit -- by ownership sector","All establishment sizes",1,0,0,0,0,0,0,0,"N",0.84,0,0,0,0,0,0,0,"N",0,0.0,0,0,0,0,0,0,0,0,0,0,0,0,0,0
"36121","5","532299","78","0","2016","1","N","Wyoming County, New York","Private","NAICS12 532299 All other consumer goods rental","County, NAICS 6-digit -- by ownership sector","All establishment sizes",1,0,0,0,0,0,0,0,"N",1.42,0,0,0,0,0,0,0,"N",0,0.0,0,0,0,0,0,0,0,0,0,0,0,0,0,0
"36121","5","532299","78","0","2016","2","N","Wyoming County, New York","Private","NAICS12 532299 All other consumer goods rental","County, NAICS 6-digit -- by ownership sector","All establishment sizes",1,0,0,0,0,0,0,0,"N",1.42,0,0,0,0,0,0,0,"N",0,0.0,0,0,0,0,0,0,0,0,0,0,0,0,0,0
"36121","5","532299","78","0","2016","3","N","Wyoming County, New York","Private","NAICS12 532299 All other consumer goods rental","County, NAICS 6-digit -- by ownership sector","All establishment sizes",1,0,0,0,0,0,0,0,"N",1.43,0,0,0,0,0,0,0,"N",0,0.0,0,0,0,0,0,0,0,0,0,0,0,0,0,0
"36121","5","532299","78","0","2016","4","N","Wyoming County, New York","Private","NAICS12 532299 All other consumer goods rental","County, NAICS 6-digit -- by ownership sector","All establishment sizes",1,0,0,0,0,0,0,0,"N",1.46,0,0,0,0,0,0,0,"N",0,0.0,0,0,0,0,0,0,0,0,0,0,0,0,0,0
"36121","5","5323","76","0","2016","1","N","Wyoming County, New York","Private","NAICS 5323 General rental centers","County, NAICS 4-digit -- by ownership sector","All establishment sizes",1,0,0,0,0,0,0,0,"N",2.77,0,0,0,0,0,0,0,"N",0,0.0,0,0,0,0,0,0,0,0,0,0,0,0,0,0
"36121","5","5323","76","0","2016","2","N","Wyoming County, New York","Private","NAICS 5323 General rental centers","County, NAICS 4-digit -- by ownership sector","All establishment sizes",1,0,0,0,0,0,0,0,"N",2.77,0,0,0,0,0,0,0,"N",0,0.0,0,0,0,0,0,0,0,0,0,0,0,0,0,0
"36121","5","5323","76","0","2016","3","N","Wyoming County, New York","Private","NAICS 5323 General rental centers","County, NAICS 4-digit -- by ownership sector","All establishment sizes",1,0,0,0,0,0,0,0,"N",2.80,0,0,0,0,0,0,0,"N",0,0.0,0,0,0,0,0,0,0,0,0,0,0,0,0,0
"36121","5","5323","76","0","2016","4","N","Wyoming County, New York","Private","NAICS 5323 General rental centers","County, NAICS 4-digit -- by ownership sector","All establishment sizes",1,0,0,0,0,0,0,0,"N",2.81,0,0,0,0,0,0,0,"N",0,0.0,0,0,0,0,0,0,0,0,0,0,0,0,0,0
"36121","5","53231","77","0","2016","1","N","Wyoming County, New York","Private","NAICS 53231 General rental centers","County, NAICS 5-digit -- by ownership sector","All establishment sizes",1,0,0,0,0,0,0,0,"N",2.77,0,0,0,0,0,0,0,"N",0,0.0,0,0,0,0,0,0,0,0,0,0,0,0,0,0
"36121","5","53231","77","0","2016","2","N","Wyoming County, New York","Private","NAICS 53231 General rental centers","County, NAICS 5-digit -- by ownership sector","All establishment sizes",1,0,0,0,0,0,0,0,"N",2.77,0,0,0,0,0,0,0,"N",0,0.0,0,0,0,0,0,0,0,0,0,0,0,0,0,0
"36121","5","53231","77","0","2016","3","N","Wyoming County, New York","Private","NAICS 53231 General rental centers","County, NAICS 5-digit -- by ownership sector","All establishment sizes",1,0,0,0,0,0,0,0,"N",2.80,0,0,0,0,0,0,0,"N",0,0.0,0,0,0,0,0,0,0,0,0,0,0,0,0,0
"36121","5","53231","77","0","2016","4","N","Wyoming County, New York","Private","NAICS 53231 General rental centers","County, NAICS 5-digit -- by ownership sector","All establishment sizes",1,0,0,0,0,0,0,0,"N",2.81,0,0,0,0,0,0,0,"N",0,0.0,0,0,0,0,0,0,0,0,0,0,0,0,0,0
"36121","5","532310","78","0","2016","1","N","Wyoming County, New York","Private","NAICS 532310 General rental centers","County, NAICS 6-digit -- by ownership sector","All establishment sizes",1,0,0,0,0,0,0,0,"N",2.77,0,0,0,0,0,0,0,"N",0,0.0,0,0,0,0,0,0,0,0,0,0,0,0,0,0
"36121","5","532310","78","0","2016","2","N","Wyoming County, New York","Private","NAICS 532310 General rental centers","County, NAICS 6-digit -- by ownership sector","All establishment sizes",1,0,0,0,0,0,0,0,"N",2.77,0,0,0,0,0,0,0,"N",0,0.0,0,0,0,0,0,0,0,0,0,0,0,0,0,0
"36121","5","532310","78","0","2016","3","N","Wyoming County, New York","Private","NAICS 532310 General rental centers","County, NAICS 6-digit -- by ownership sector","All establishment sizes",1,0,0,0,0,0,0,0,"N",2.80,0,0,0,0,0,0,0,"N",0,0.0,0,0,0,0,0,0,0,0,0,0,0,0,0,0
"36121","5","532310","78","0","2016","4","N","Wyoming County, New York","Private","NAICS 532310 General rental centers","County, NAICS 6-digit -- by ownership sector","All establishment sizes",1,0,0,0,0,0,0,0,"N",2.81,0,0,0,0,0,0,0,"N",0,0.0,0,0,0,0,0,0,0,0,0,0,0,0,0,0
"36121","5","5324","76","0","2016","1","N","Wyoming County, New York","Private","NAICS 5324 Machinery and equipment rental and leasing","County, NAICS 4-digit -- by ownership sector","All establishment sizes",1,0,0,0,0,0,0,0,"N",0.73,0,0,0,0,0,0,0,"N",0,0.0,0,0,0,0,0,0,0,0,0,0,0,0,0,0
"36121","5","5324","76","0","2016","2","N","Wyoming County, New York","Private","NAICS 5324 Machinery and equipment rental and leasing","County, NAICS 4-digit -- by ownership sector","All establishment sizes",1,0,0,0,0,0,0,0,"N",0.73,0,0,0,0,0,0,0,"N",0,0.0,0,0,0,0,0,0,0,0,0,0,0,0,0,0
"36121","5","5324","76","0","2016","3","N","Wyoming County, New York","Private","NAICS 5324 Machinery and equipment rental and leasing","County, NAICS 4-digit -- by ownership sector","All establishment sizes",1,0,0,0,0,0,0,0,"N",0.74,0,0,0,0,0,0,0,"N",0,0.0,0,0,0,0,0,0,0,0,0,0,0,0,0,0
"36121","5","5324","76","0","2016","4","N","Wyoming County, New York","Private","NAICS 5324 Machinery and equipment rental and leasing","County, NAICS 4-digit -- by ownership sector","All establishment sizes",1,0,0,0,0,0,0,0,"N",0.74,0,0,0,0,0,0,0,"N",0,0.0,0,0,0,0,0,0,0,0,0,0,0,0,0,0
"36121","5","53249","77","0","2016","1","N","Wyoming County, New York","Private","NAICS 53249 Other machinery rental and leasing","County, NAICS 5-digit -- by ownership sector","All establishment sizes",1,0,0,0,0,0,0,0,"N",1.50,0,0,0,0,0,0,0,"N",0,0.0,0,0,0,0,0,0,0,0,0,0,0,0,0,0
"36121","5","53249","77","0","2016","2","N","Wyoming County, New York","Private","NAICS 53249 Other machinery rental and leasing","County, NAICS 5-digit -- by ownership sector","All establishment sizes",1,0,0,0,0,0,0,0,"N",1.49,0,0,0,0,0,0,0,"N",0,0.0,0,0,0,0,0,0,0,0,0,0,0,0,0,0
"36121","5","53249","77","0","2016","3","N","Wyoming County, New York","Private","NAICS 53249 Other machinery rental and leasing","County, NAICS 5-digit -- by ownership sector","All establishment sizes",1,0,0,0,0,0,0,0,"N",1.50,0,0,0,0,0,0,0,"N",0,0.0,0,0,0,0,0,0,0,0,0,0,0,0,0,0
"36121","5","53249","77","0","2016","4","N","Wyoming County, New York","Private","NAICS 53249 Other machinery rental and leasing","County, NAICS 5-digit -- by ownership sector","All establishment sizes",1,0,0,0,0,0,0,0,"N",1.50,0,0,0,0,0,0,0,"N",0,0.0,0,0,0,0,0,0,0,0,0,0,0,0,0,0
"36121","5","532490","78","0","2016","1","N","Wyoming County, New York","Private","NAICS 532490 Other machinery rental and leasing","County, NAICS 6-digit -- by ownership sector","All establishment sizes",1,0,0,0,0,0,0,0,"N",1.50,0,0,0,0,0,0,0,"N",0,0.0,0,0,0,0,0,0,0,0,0,0,0,0,0,0
"36121","5","532490","78","0","2016","2","N","Wyoming County, New York","Private","NAICS 532490 Other machinery rental and leasing","County, NAICS 6-digit -- by ownership sector","All establishment sizes",1,0,0,0,0,0,0,0,"N",1.49,0,0,0,0,0,0,0,"N",0,0.0,0,0,0,0,0,0,0,0,0,0,0,0,0,0
"36121","5","532490","78","0","2016","3","N","Wyoming County, New York","Private","NAICS 532490 Other machinery rental and leasing","County, NAICS 6-digit -- by ownership sector","All establishment sizes",1,0,0,0,0,0,0,0,"N",1.50,0,0,0,0,0,0,0,"N",0,0.0,0,0,0,0,0,0,0,0,0,0,0,0,0,0
"36121","5","532490","78","0","2016","4","N","Wyoming County, New York","Private","NAICS 532490 Other machinery rental and leasing","County, NAICS 6-digit -- by ownership sector","All establishment sizes",1,0,0,0,0,0,0,0,"N",1.50,0,0,0,0,0,0,0,"N",0,0.0,0,0,0,0,0,0,0,0,0,0,0,0,0,0
"36121","5","54","74","0","2016","1","N","Wyoming County, New York","Private","NAICS 54 Professional and technical services","County, NAICS Sector -- by ownership sector","All establishment sizes",45,0,0,0,0,0,0,0,"N",0.42,0,0,0,0,0,0,0,"N",-1,-2.2,0,0,0,0,0,0,0,0,0,0,0,0,0,0
"36121","5","54","74","0","2016","2","N","Wyoming County, New York","Private","NAICS 54 Professional and technical services","County, NAICS Sector -- by ownership sector","All establishment sizes",45,0,0,0,0,0,0,0,"N",0.42,0,0,0,0,0,0,0,"N",-2,-4.3,0,0,0,0,0,0,0,0,0,0,0,0,0,0
"36121","5","54","74","0","2016","3","N","Wyoming County, New York","Private","NAICS 54 Professional and technical services","County, NAICS Sector -- by ownership sector","All establishment sizes",44,0,0,0,0,0,0,0,"N",0.41,0,0,0,0,0,0,0,"N",-3,-6.4,0,0,0,0,0,0,0,0,0,0,0,0,0,0
"36121","5","54","74","0","2016","4","N","Wyoming County, New York","Private","NAICS 54 Professional and technical services","County, NAICS Sector -- by ownership sector","All establishment sizes",44,0,0,0,0,0,0,0,"N",0.41,0,0,0,0,0,0,0,"N",-3,-6.4,0,0,0,0,0,0,0,0,0,0,0,0,0,0
"36121","5","541","75","0","2016","1","N","Wyoming County, New York","Private","NAICS 541 Professional and technical services","County, NAICS 3-digit -- by ownership sector","All establishment sizes",45,0,0,0,0,0,0,0,"N",0.42,0,0,0,0,0,0,0,"N",-1,-2.2,0,0,0,0,0,0,0,0,0,0,0,0,0,0
"36121","5","541","75","0","2016","2","N","Wyoming County, New York","Private","NAICS 541 Professional and technical services","County, NAICS 3-digit -- by ownership sector","All establishment sizes",45,0,0,0,0,0,0,0,"N",0.42,0,0,0,0,0,0,0,"N",-2,-4.3,0,0,0,0,0,0,0,0,0,0,0,0,0,0
"36121","5","541","75","0","2016","3","N","Wyoming County, New York","Private","NAICS 541 Professional and technical services","County, NAICS 3-digit -- by ownership sector","All establishment sizes",44,0,0,0,0,0,0,0,"N",0.41,0,0,0,0,0,0,0,"N",-3,-6.4,0,0,0,0,0,0,0,0,0,0,0,0,0,0
"36121","5","541","75","0","2016","4","N","Wyoming County, New York","Private","NAICS 541 Professional and technical services","County, NAICS 3-digit -- by ownership sector","All establishment sizes",44,0,0,0,0,0,0,0,"N",0.41,0,0,0,0,0,0,0,"N",-3,-6.4,0,0,0,0,0,0,0,0,0,0,0,0,0,0
"36121","5","5411","76","0","2016","1","","Wyoming County, New York","Private","NAICS 5411 Legal services","County, NAICS 4-digit -- by ownership sector","All establishment sizes",12,27,28,28,209183,180603,3199,582,"",0.68,0.26,0.27,0.26,0.13,0.24,0.14,0.49,"",1,9.1,-7,-20.6,-6,-17.6,-7,-20.0,-50292,-19.4,-61726,-25.5,-2017,-38.7,1,0.2
"36121","5","5411","76","0","2016","2","","Wyoming County, New York","Private","NAICS 5411 Legal services","County, NAICS 4-digit -- by ownership sector","All establishment sizes",13,38,39,37,310266,105597,1925,628,"",0.74,0.36,0.36,0.33,0.17,0.54,0.30,0.50,"",1,8.3,0,0.0,1,2.6,-3,-7.5,23086,8.0,-5804,-5.2,-534,-21.7,57,10.0
"36121","5","5411","76","0","2016","3","","Wyoming County, New York","Private","NAICS 5411 Legal services","County, NAICS 4-digit -- by ownership sector","All establishment sizes",13,37,36,35,323483,39625,803,691,"",0.74,0.34,0.34,0.32,0.18,0.42,0.27,0.54,"",1,8.3,0,0.0,0,0.0,-2,-5.4,19488,6.4,4348,12.3,-48,-5.6,53,8.3
"36121","5","5411","76","0","2016","4","","Wyoming County, New York","Private","NAICS 5411 Legal services","County, NAICS 4-digit -- by ownership sector","All establishment sizes",13,38,42,41,400632,21543,498,764,"",0.74,0.35,0.40,0.39,0.17,0.35,0.26,0.45,"",1,8.3,0,0.0,4,10.5,3,7.9,61103,18.0,-2693,-11.1,-119,-19.3,77,11.2
"36121","5","54111","77","0","2016","1","N","Wyoming County, New York","Private","NAICS 54111 Offices of lawyers","County, NAICS 5-digit -- by ownership sector","All establishment sizes",11,0,0,0,0,0,0,0,"N",0.67,0,0,0,0,0,0,0,"N",1,10.0,0,0,0,0,0,0,0,0,0,0,0,0,0,0
"36121","5","54111","77","0","2016","2","N","Wyoming County, New York","Private","NAICS 54111 Offices of lawyers","County, NAICS 5-digit -- by ownership sector","All establishment sizes",12,0,0,0,0,0,0,0,"N",0.74,0,0,0,0,0,0,0,"N",1,9.1,0,0,0,0,0,0,0,0,0,0,0,0,0,0
"36121","5","54111","77","0","2016","3","N","Wyoming County, New York","Private","NAICS 54111 Offices of lawyers","County, NAICS 5-digit -- by ownership sector","All establishment sizes",12,0,0,0,0,0,0,0,"N",0.74,0,0,0,0,0,0,0,"N",1,9.1,0,0,0,0,0,0,0,0,0,0,0,0,0,0
"36121","5","54111","77","0","2016","4","N","Wyoming County, New York","Private","NAICS 54111 Offices of lawyers","County, NAICS 5-digit -- by ownership sector","All establishment sizes",12,0,0,0,0,0,0,0,"N",0.74,0,0,0,0,0,0,0,"N",1,9.1,0,0,0,0,0,0,0,0,0,0,0,0,0,0
"36121","5","541110","78","0","2016","1","N","Wyoming County, New York","Private","NAICS 541110 Offices of lawyers","County, NAICS 6-digit -- by ownership sector","All establishment sizes",11,0,0,0,0,0,0,0,"N",0.67,0,0,0,0,0,0,0,"N",1,10.0,0,0,0,0,0,0,0,0,0,0,0,0,0,0
"36121","5","541110","78","0","2016","2","N","Wyoming County, New York","Private","NAICS 541110 Offices of lawyers","County, NAICS 6-digit -- by ownership sector","All establishment sizes",12,0,0,0,0,0,0,0,"N",0.74,0,0,0,0,0,0,0,"N",1,9.1,0,0,0,0,0,0,0,0,0,0,0,0,0,0
"36121","5","541110","78","0","2016","3","N","Wyoming County, New York","Private","NAICS 541110 Offices of lawyers","County, NAICS 6-digit -- by ownership sector","All establishment sizes",12,0,0,0,0,0,0,0,"N",0.74,0,0,0,0,0,0,0,"N",1,9.1,0,0,0,0,0,0,0,0,0,0,0,0,0,0
"36121","5","541110","78","0","2016","4","N","Wyoming County, New York","Private","NAICS 541110 Offices of lawyers","County, NAICS 6-digit -- by ownership sector","All establishment sizes",12,0,0,0,0,0,0,0,"N",0.74,0,0,0,0,0,0,0,"N",1,9.1,0,0,0,0,0,0,0,0,0,0,0,0,0,0
"36121","5","54119","77","0","2016","1","N","Wyoming County, New York","Private","NAICS 54119 Other legal services","County, NAICS 5-digit -- by ownership sector","All establishment sizes",1,0,0,0,0,0,0,0,"N",0.78,0,0,0,0,0,0,0,"N",0,0.0,0,0,0,0,0,0,0,0,0,0,0,0,0,0
"36121","5","54119","77","0","2016","2","N","Wyoming County, New York","Private","NAICS 54119 Other legal services","County, NAICS 5-digit -- by ownership sector","All establishment sizes",1,0,0,0,0,0,0,0,"N",0.78,0,0,0,0,0,0,0,"N",0,0.0,0,0,0,0,0,0,0,0,0,0,0,0,0,0
"36121","5","54119","77","0","2016","3","N","Wyoming County, New York","Private","NAICS 54119 Other legal services","County, NAICS 5-digit -- by ownership sector","All establishment sizes",1,0,0,0,0,0,0,0,"N",0.78,0,0,0,0,0,0,0,"N",0,0.0,0,0,0,0,0,0,0,0,0,0,0,0,0,0
"36121","5","54119","77","0","2016","4","N","Wyoming County, New York","Private","NAICS 54119 Other legal services","County, NAICS 5-digit -- by ownership sector","All establishment sizes",1,0,0,0,0,0,0,0,"N",0.78,0,0,0,0,0,0,0,"N",0,0.0,0,0,0,0,0,0,0,0,0,0,0,0,0,0
"36121","5","541191","78","0","2016","1","N","Wyoming County, New York","Private","NAICS 541191 Title abstract and settlement offices","County, NAICS 6-digit -- by ownership sector","All establishment sizes",1,0,0,0,0,0,0,0,"N",1.24,0,0,0,0,0,0,0,"N",0,0.0,0,0,0,0,0,0,0,0,0,0,0,0,0,0
"36121","5","541191","78","0","2016","2","N","Wyoming County, New York","Private","NAICS 541191 Title abstract and settlement offices","County, NAICS 6-digit -- by ownership sector","All establishment sizes",1,0,0,0,0,0,0,0,"N",1.26,0,0,0,0,0,0,0,"N",0,0.0,0,0,0,0,0,0,0,0,0,0,0,0,0,0
"36121","5","541191","78","0","2016","3","N","Wyoming County, New York","Private","NAICS 541191 Title abstract and settlement offices","County, NAICS 6-digit -- by ownership sector","All establishment sizes",1,0,0,0,0,0,0,0,"N",1.27,0,0,0,0,0,0,0,"N",0,0.0,0,0,0,0,0,0,0,0,0,0,0,0,0,0
"36121","5","541191","78","0","2016","4","N","Wyoming County, New York","Private","NAICS 541191 Title abstract and settlement offices","County, NAICS 6-digit -- by ownership sector","All establishment sizes",1,0,0,0,0,0,0,0,"N",1.27,0,0,0,0,0,0,0,"N",0,0.0,0,0,0,0,0,0,0,0,0,0,0,0,0,0
"36121","5","5412","76","0","2016","1","","Wyoming County, New York","Private","NAICS 5412 Accounting and bookkeeping services","County, NAICS 4-digit -- by ownership sector","All establishment sizes",12,82,87,89,883565,666383,24975,790,"",0.92,0.82,0.84,0.86,0.74,1.03,1.23,0.89,"",1,9.1,0,0.0,0,0.0,2,2.3,34012,4.0,47793,7.7,-9601,-27.8,24,3.1
"36121","5","5412","76","0","2016","2","","Wyoming County, New York","Private","NAICS 5412 Accounting and bookkeeping services","County, NAICS 4-digit -- by ownership sector","All establishment sizes",12,86,75,74,913104,175421,6471,897,"",0.92,0.84,0.82,0.81,0.70,0.93,0.89,0.85,"",1,9.1,-1,-1.1,0,0.0,1,1.4,98224,12.1,20276,13.1,-1862,-22.3,97,12.1
"36121","5","5412","76","0","2016","3","","Wyoming County, New York","Private","NAICS 5412 Accounting and bookkeeping services","County, NAICS 4-digit -- by ownership sector","All establishment sizes",12,73,72,73,895422,56936,2391,948,"",0.93,0.82,0.81,0.81,0.69,0.64,0.76,0.85,"",1,9.1,4,5.8,7,10.8,2,2.8,66447,8.0,9715,20.6,-156,-6.1,15,1.6
"36121","5","5412","76","0","2016","4","","Wyoming County, New York","Private","NAICS 5412 Accounting and bookkeeping services","County, NAICS 4-digit -- by ownership sector","All establishment sizes",12,72,76,75,937507,38272,1474,970,"",0.93,0.79,0.84,0.82,0.70,0.61,0.68,0.86,"",1,9.1,-1,-1.4,-1,-1.3,-3,-3.8,-23324,-2.4,-34370,-47.3,-2478,-62.7,-3,-0.3
"36121","5","54121","77","0","2016","1","","Wyoming County, New York","Private","NAICS 54121 Accounting and bookkeeping services","County, NAICS 5-digit -- by ownership sector","All establishment sizes",12,82,87,89,883565,666383,24975,790,"",0.92,0.82,0.84,0.86,0.74,1.03,1.23,0.89,"",1,9.1,0,0.0,0,0.0,2,2.3,34012,4.0,47793,7.7,-9601,-27.8,24,3.1
"36121","5","54121","77","0","2016","2","","Wyoming County, New York","Private","NAICS 54121 Accounting and bookkeeping services","County, NAICS 5-digit -- by ownership sector","All establishment sizes",12,86,75,74,913104,175421,6471,897,"",0.92,0.84,0.82,0.81,0.70,0.93,0.89,0.85,"",1,9.1,-1,-1.1,0,0.0,1,1.4,98224,12.1,20276,13.1,-1862,-22.3,97,12.1
"36121","5","54121","77","0","2016","3","","Wyoming County, New York","Private","NAICS 54121 Accounting and bookkeeping services","County, NAICS 5-digit -- by ownership sector","All establishment sizes",12,73,72,73,895422,56936,2391,948,"",0.93,0.82,0.81,0.81,0.69,0.64,0.76,0.85,"",1,9.1,4,5.8,7,10.8,2,2.8,66447,8.0,9715,20.6,-156,-6.1,15,1.6
"36121","5","54121","77","0","2016","4","","Wyoming County, New York","Private","NAICS 54121 Accounting and bookkeeping services","County, NAICS 5-digit -- by ownership sector","All establishment sizes",12,72,76,75,937507,38272,1474,970,"",0.93,0.79,0.84,0.82,0.70,0.61,0.68,0.86,"",1,9.1,-1,-1.4,-1,-1.3,-3,-3.8,-23324,-2.4,-34370,-47.3,-2478,-62.7,-3,-0.3
"36121","5","541211","78","0","2016","1","","Wyoming County, New York","Private","NAICS 541211 Offices of certified public accountants","County, NAICS 6-digit -- by ownership sector","All establishment sizes",3,17,19,20,161272,140419,2388,665,"",0.59,0.39,0.42,0.43,0.25,0.41,0.28,0.61,"",0,0.0,2,13.3,1,5.6,1,5.3,6937,4.5,5580,4.1,-1461,-38.0,-20,-2.9
"36121","5","541211","78","0","2016","2","","Wyoming County, New York","Private","NAICS 541211 Offices of certified public accountants","County, NAICS 6-digit -- by ownership sector","All establishment sizes",3,19,15,15,190982,36729,624,899,"",0.59,0.41,0.34,0.33,0.26,0.49,0.32,0.72,"",0,0.0,-2,-9.5,0,0.0,0,0.0,5464,2.9,-105,-0.3,-375,-37.5,60,7.2
"36121","5","541211","78","0","2016","3","","Wyoming County, New York","Private","NAICS 541211 Offices of certified public accountants","County, NAICS 6-digit -- by ownership sector","All establishment sizes",3,14,14,12,137180,957,16,791,"",0.60,0.32,0.32,0.27,0.18,0.03,0.02,0.60,"",0,0.0,-1,-6.7,-1,-6.7,-3,-20.0,-30153,-18.0,-940,-49.6,-33,-67.3,-67,-7.8
"36121","5","541211","78","0","2016","4","","Wyoming County, New York","Private","NAICS 541211 Offices of certified public accountants","County, NAICS 6-digit -- by ownership sector","All establishment sizes",3,12,12,12,163739,0,0,1050,"",0.60,0.27,0.28,0.28,0.22,0.00,0.00,0.78,"",0,0.0,-3,-20.0,-3,-20.0,-3,-20.0,-5170,-3.1,-2197,-100.0,-57,-100.0,184,21.2
"36121","5","541213","78","0","2016","1","N","Wyoming County, New York","Private","NAICS 541213 Tax preparation services","County, NAICS 6-digit -- by ownership sector","All establishment sizes",2,0,0,0,0,0,0,0,"N",0.69,0,0,0,0,0,0,0,"N",1,100.0,0,0,0,0,0,0,0,0,0,0,0,0,0,0
"36121","5","541213","78","0","2016","2","N","Wyoming County, New York","Private","NAICS 541213 Tax preparation services","County, NAICS 6-digit -- by ownership sector","All establishment sizes",2,0,0,0,0,0,0,0,"N",0.69,0,0,0,0,0,0,0,"N",1,100.0,0,0,0,0,0,0,0,0,0,0,0,0,0,0
"36121","5","541213","78","0","2016","3","N","Wyoming County, New York","Private","NAICS 541213 Tax preparation services","County, NAICS 6-digit -- by ownership sector","All establishment sizes",2,0,0,0,0,0,0,0,"N",0.70,0,0,0,0,0,0,0,"N",1,100.0,0,0,0,0,0,0,0,0,0,0,0,0,0,0
"36121","5","541213","78","0","2016","4","N","Wyoming County, New York","Private","NAICS 541213 Tax preparation services","County, NAICS 6-digit -- by ownership sector","All establishment sizes",2,0,0,0,0,0,0,0,"N",0.69,0,0,0,0,0,0,0,"N",1,100.0,0,0,0,0,0,0,0,0,0,0,0,0,0,0
"36121","5","541214","78","0","2016","1","N","Wyoming County, New York","Private","NAICS 541214 Payroll services","County, NAICS 6-digit -- by ownership sector","All establishment sizes",3,0,0,0,0,0,0,0,"N",3.61,0,0,0,0,0,0,0,"N",0,0.0,0,0,0,0,0,0,0,0,0,0,0,0,0,0
"36121","5","541214","78","0","2016","2","N","Wyoming County, New York","Private","NAICS 541214 Payroll services","County, NAICS 6-digit -- by ownership sector","All establishment sizes",3,0,0,0,0,0,0,0,"N",3.67,0,0,0,0,0,0,0,"N",0,0.0,0,0,0,0,0,0,0,0,0,0,0,0,0,0
"36121","5","541214","78","0","2016","3","N","Wyoming County, New York","Private","NAICS 541214 Payroll services","County, NAICS 6-digit -- by ownership sector","All establishment sizes",3,0,0,0,0,0,0,0,"N",3.69,0,0,0,0,0,0,0,"N",0,0.0,0,0,0,0,0,0,0,0,0,0,0,0,0,0
"36121","5","541214","78","0","2016","4","N","Wyoming County, New York","Private","NAICS 541214 Payroll services","County, NAICS 6-digit -- by ownership sector","All establishment sizes",3,0,0,0,0,0,0,0,"N",3.69,0,0,0,0,0,0,0,"N",0,0.0,0,0,0,0,0,0,0,0,0,0,0,0,0,0
"36121","5","541219","78","0","2016","1","","Wyoming County, New York","Private","NAICS 541219 Other accounting services","County, NAICS 6-digit -- by ownership sector","All establishment sizes",4,5,7,6,24718,24718,728,317,"",0.93,0.20,0.28,0.24,0.10,0.17,0.16,0.40,"",0,0.0,-5,-50.0,-4,-36.4,-3,-33.3,-1685,-6.4,-1685,-6.4,-139,-16.0,114,56.2
"36121","5","541219","78","0","2016","2","","Wyoming County, New York","Private","NAICS 541219 Other accounting services","County, NAICS 6-digit -- by ownership sector","All establishment sizes",4,5,5,5,27750,15311,528,427,"",0.94,0.20,0.20,0.20,0.10,0.29,0.30,0.52,"",0,0.0,-4,-44.4,1,25.0,0,0.0,-2534,-8.4,-3522,-18.7,-93,-15.0,39,10.1
"36121","5","541219","78","0","2016","3","","Wyoming County, New York","Private","NAICS 541219 Other accounting services","County, NAICS 6-digit -- by ownership sector","All establishment sizes",4,4,5,4,19409,5107,430,345,"",0.94,0.17,0.21,0.16,0.07,0.20,0.54,0.41,"",0,0.0,-2,-33.3,0,0.0,-2,-33.3,-1298,-6.3,-7337,-59.0,20,4.9,64,22.8
"36121","5","541219","78","0","2016","4","","Wyoming County, New York","Private","NAICS 541219 Other accounting services","County, NAICS 6-digit -- by ownership sector","All establishment sizes",4,6,6,6,24745,2893,119,317,"",0.94,0.24,0.25,0.25,0.09,0.16,0.21,0.37,"",0,0.0,0,0.0,0,0.0,0,0.0,-2071,-7.7,-8348,-74.3,-270,-69.4,-27,-7.8
"36121","5","5413","76","0","2016","1","","Wyoming County, New York","Private","NAICS 5413 Architectural and engineering services","County, NAICS 4-digit -- by ownership sector","All establishment sizes",7,29,28,28,236449,175479,5384,642,"",0.58,0.22,0.21,0.21,0.12,0.17,0.13,0.55,"",-1,-12.5,1,3.6,5,21.7,9,47.4,409,0.2,13381,8.3,-1332,-19.8,-136,-17.5
"36121","5","5413","76","0","2016","2","","Wyoming County, New York","Private","NAICS 5413 Architectural and engineering services","County, NAICS 4-digit -- by ownership sector","All establishment sizes",6,28,29,29,267384,64246,1812,717,"",0.50,0.21,0.21,0.21,0.12,0.26,0.17,0.57,"",-1,-14.3,1,3.7,0,0.0,0,0.0,28987,12.2,-4012,-5.9,-1577,-46.5,70,10.8
"36121","5","5413","76","0","2016","3","","Wyoming County, New York","Private","NAICS 5413 Architectural and engineering services","County, NAICS 4-digit -- by ownership sector","All establishment sizes",6,29,28,29,268157,24398,1129,720,"",0.50,0.21,0.21,0.21,0.12,0.20,0.21,0.58,"",-1,-14.3,0,0.0,-2,-6.7,1,3.6,-18225,-6.4,-12685,-34.2,168,17.5,-40,-5.3
"36121","5","5413","76","0","2016","4","","Wyoming County, New York","Private","NAICS 5413 Architectural and engineering services","County, NAICS 4-digit -- by ownership sector","All establishment sizes",6,29,28,27,279448,14906,801,768,"",0.50,0.21,0.21,0.21,0.12,0.20,0.26,0.56,"",-1,-14.3,0,0.0,0,0.0,-3,-10.0,-31973,-10.3,-17379,-53.8,-199,-19.9,-58,-7.0
"36121","5","54131","77","0","2016","1","N","Wyoming County, New York","Private","NAICS 54131 Architectural services","County, NAICS 5-digit -- by ownership sector","All establishment sizes",1,0,0,0,0,0,0,0,"N",0.47,0,0,0,0,0,0,0,"N",0,0.0,0,0,0,0,0,0,0,0,0,0,0,0,0,0
"36121","5","54131","77","0","2016","2","N","Wyoming County, New York","Private","NAICS 54131 Architectural services","County, NAICS 5-digit -- by ownership sector","All establishment sizes",1,0,0,0,0,0,0,0,"N",0.47,0,0,0,0,0,0,0,"N",0,0.0,0,0,0,0,0,0,0,0,0,0,0,0,0,0
"36121","5","54131","77","0","2016","3","N","Wyoming County, New York","Private","NAICS 54131 Architectural services","County, NAICS 5-digit -- by ownership sector","All establishment sizes",1,0,0,0,0,0,0,0,"N",0.46,0,0,0,0,0,0,0,"N",0,0.0,0,0,0,0,0,0,0,0,0,0,0,0,0,0
"36121","5","54131","77","0","2016","4","N","Wyoming County, New York","Private","NAICS 54131 Architectural services","County, NAICS 5-digit -- by ownership sector","All establishment sizes",1,0,0,0,0,0,0,0,"N",0.47,0,0,0,0,0,0,0,"N",0,0.0,0,0,0,0,0,0,0,0,0,0,0,0,0,0
"36121","5","541310","78","0","2016","1","N","Wyoming County, New York","Private","NAICS 541310 Architectural services","County, NAICS 6-digit -- by ownership sector","All establishment sizes",1,0,0,0,0,0,0,0,"N",0.47,0,0,0,0,0,0,0,"N",0,0.0,0,0,0,0,0,0,0,0,0,0,0,0,0,0
"36121","5","541310","78","0","2016","2","N","Wyoming County, New York","Private","NAICS 541310 Architectural services","County, NAICS 6-digit -- by ownership sector","All establishment sizes",1,0,0,0,0,0,0,0,"N",0.47,0,0,0,0,0,0,0,"N",0,0.0,0,0,0,0,0,0,0,0,0,0,0,0,0,0
"36121","5","541310","78","0","2016","3","N","Wyoming County, New York","Private","NAICS 541310 Architectural services","County, NAICS 6-digit -- by ownership sector","All establishment sizes",1,0,0,0,0,0,0,0,"N",0.46,0,0,0,0,0,0,0,"N",0,0.0,0,0,0,0,0,0,0,0,0,0,0,0,0,0
"36121","5","541310","78","0","2016","4","N","Wyoming County, New York","Private","NAICS 541310 Architectural services","County, NAICS 6-digit -- by ownership sector","All establishment sizes",1,0,0,0,0,0,0,0,"N",0.47,0,0,0,0,0,0,0,"N",0,0.0,0,0,0,0,0,0,0,0,0,0,0,0,0,0
"36121","5","54133","77","0","2016","1","N","Wyoming County, New York","Private","NAICS 54133 Engineering services","County, NAICS 5-digit -- by ownership sector","All establishment sizes",2,0,0,0,0,0,0,0,"N",0.30,0,0,0,0,0,0,0,"N",-1,-33.3,0,0,0,0,0,0,0,0,0,0,0,0,0,0
"36121","5","54133","77","0","2016","2","N","Wyoming County, New York","Private","NAICS 54133 Engineering services","County, NAICS 5-digit -- by ownership sector","All establishment sizes",2,0,0,0,0,0,0,0,"N",0.30,0,0,0,0,0,0,0,"N",0,0.0,0,0,0,0,0,0,0,0,0,0,0,0,0,0
"36121","5","54133","77","0","2016","3","N","Wyoming County, New York","Private","NAICS 54133 Engineering services","County, NAICS 5-digit -- by ownership sector","All establishment sizes",2,0,0,0,0,0,0,0,"N",0.30,0,0,0,0,0,0,0,"N",0,0.0,0,0,0,0,0,0,0,0,0,0,0,0,0,0
"36121","5","54133","77","0","2016","4","N","Wyoming County, New York","Private","NAICS 54133 Engineering services","County, NAICS 5-digit -- by ownership sector","All establishment sizes",2,0,0,0,0,0,0,0,"N",0.30,0,0,0,0,0,0,0,"N",0,0.0,0,0,0,0,0,0,0,0,0,0,0,0,0,0
"36121","5","541330","78","0","2016","1","N","Wyoming County, New York","Private","NAICS 541330 Engineering services","County, NAICS 6-digit -- by ownership sector","All establishment sizes",2,0,0,0,0,0,0,0,"N",0.30,0,0,0,0,0,0,0,"N",-1,-33.3,0,0,0,0,0,0,0,0,0,0,0,0,0,0
"36121","5","541330","78","0","2016","2","N","Wyoming County, New York","Private","NAICS 541330 Engineering services","County, NAICS 6-digit -- by ownership sector","All establishment sizes",2,0,0,0,0,0,0,0,"N",0.30,0,0,0,0,0,0,0,"N",0,0.0,0,0,0,0,0,0,0,0,0,0,0,0,0,0
"36121","5","541330","78","0","2016","3","N","Wyoming County, New York","Private","NAICS 541330 Engineering services","County, NAICS 6-digit -- by ownership sector","All establishment sizes",2,0,0,0,0,0,0,0,"N",0.30,0,0,0,0,0,0,0,"N",0,0.0,0,0,0,0,0,0,0,0,0,0,0,0,0,0
"36121","5","541330","78","0","2016","4","N","Wyoming County, New York","Private","NAICS 541330 Engineering services","County, NAICS 6-digit -- by ownership sector","All establishment sizes",2,0,0,0,0,0,0,0,"N",0.30,0,0,0,0,0,0,0,"N",0,0.0,0,0,0,0,0,0,0,0,0,0,0,0,0,0
"36121","5","54137","77","0","2016","1","","Wyoming County, New York","Private","NAICS 54137 Other surveying and mapping services","County, NAICS 5-digit -- by ownership sector","All establishment sizes",4,14,13,13,63767,63767,2616,368,"",5.45,3.28,3.07,3.05,1.57,2.33,2.49,0.50,"N",0,0.0,0,0,0,0,0,0,0,0,0,0,0,0,0,0
"36121","5","54137","77","0","2016","2","","Wyoming County, New York","Private","NAICS 54137 Other surveying and mapping services","County, NAICS 5-digit -- by ownership sector","All establishment sizes",3,12,13,13,74317,39245,1287,451,"",4.11,2.77,2.90,2.83,1.57,4.00,2.96,0.55,"",-1,-25.0,-2,-14.3,-2,-13.3,-2,-13.3,-9834,-11.7,-6166,-13.6,-1453,-53.0,10,2.3
"36121","5","54137","77","0","2016","3","","Wyoming County, New York","Private","NAICS 54137 Other surveying and mapping services","County, NAICS 5-digit -- by ownership sector","All establishment sizes",3,12,11,12,81360,18778,951,536,"",4.14,2.68,2.48,2.68,1.69,3.91,4.74,0.65,"",-1,-25.0,-3,-20.0,-6,-35.3,-2,-14.3,-29863,-26.8,-10765,-36.4,221,30.3,-22,-3.9
"36121","5","54137","77","0","2016","4","","Wyoming County, New York","Private","NAICS 54137 Other surveying and mapping services","County, NAICS 5-digit -- by ownership sector","All establishment sizes",3,13,11,10,78061,12769,729,530,"",4.16,2.92,2.56,2.33,1.55,4.67,6.98,0.60,"N",-1,-25.0,0,0,0,0,0,0,0,0,0,0,0,0,0,0
"36121","5","541370","78","0","2016","1","","Wyoming County, New York","Private","NAICS 541370 Other surveying and mapping services","County, NAICS 6-digit -- by ownership sector","All establishment sizes",4,14,13,13,63767,63767,2616,368,"",5.45,3.28,3.07,3.05,1.57,2.33,2.49,0.50,"N",0,0.0,0,0,0,0,0,0,0,0,0,0,0,0,0,0
"36121","5","541370","78","0","2016","2","","Wyoming County, New York","Private","NAICS 541370 Other surveying and mapping services","County, NAICS 6-digit -- by ownership sector","All establishment sizes",3,12,13,13,74317,39245,1287,451,"",4.11,2.77,2.90,2.83,1.57,4.00,2.96,0.55,"",-1,-25.0,-2,-14.3,-2,-13.3,-2,-13.3,-9834,-11.7,-6166,-13.6,-1453,-53.0,10,2.3
"36121","5","541370","78","0","2016","3","","Wyoming County, New York","Private","NAICS 541370 Other surveying and mapping services","County, NAICS 6-digit -- by ownership sector","All establishment sizes",3,12,11,12,81360,18778,951,536,"",4.14,2.68,2.48,2.68,1.69,3.91,4.74,0.65,"",-1,-25.0,-3,-20.0,-6,-35.3,-2,-14.3,-29863,-26.8,-10765,-36.4,221,30.3,-22,-3.9
"36121","5","541370","78","0","2016","4","","Wyoming County, New York","Private","NAICS 541370 Other surveying and mapping services","County, NAICS 6-digit -- by ownership sector","All establishment sizes",3,13,11,10,78061,12769,729,530,"",4.16,2.92,2.56,2.33,1.55,4.67,6.98,0.60,"N",-1,-25.0,0,0,0,0,0,0,0,0,0,0,0,0,0,0
"36121","5","5414","76","0","2016","1","N","Wyoming County, New York","Private","NAICS 5414 Specialized design services","County, NAICS 4-digit -- by ownership sector","All establishment sizes",1,0,0,0,0,0,0,0,"N",0.31,0,0,0,0,0,0,0,"N",0,0.0,0,0,0,0,0,0,0,0,0,0,0,0,0,0
"36121","5","5414","76","0","2016","2","N","Wyoming County, New York","Private","NAICS 5414 Specialized design services","County, NAICS 4-digit -- by ownership sector","All establishment sizes",1,0,0,0,0,0,0,0,"N",0.31,0,0,0,0,0,0,0,"N",0,0.0,0,0,0,0,0,0,0,0,0,0,0,0,0,0
"36121","5","5414","76","0","2016","3","N","Wyoming County, New York","Private","NAICS 5414 Specialized design services","County, NAICS 4-digit -- by ownership sector","All establishment sizes",1,0,0,0,0,0,0,0,"N",0.31,0,0,0,0,0,0,0,"N",0,0.0,0,0,0,0,0,0,0,0,0,0,0,0,0,0
"36121","5","5414","76","0","2016","4","N","Wyoming County, New York","Private","NAICS 5414 Specialized design services","County, NAICS 4-digit -- by ownership sector","All establishment sizes",1,0,0,0,0,0,0,0,"N",0.31,0,0,0,0,0,0,0,"N",0,0.0,0,0,0,0,0,0,0,0,0,0,0,0,0,0
"36121","5","54143","77","0","2016","1","N","Wyoming County, New York","Private","NAICS 54143 Graphic design services","County, NAICS 5-digit -- by ownership sector","All establishment sizes",1,0,0,0,0,0,0,0,"N",0.65,0,0,0,0,0,0,0,"N",0,0.0,0,0,0,0,0,0,0,0,0,0,0,0,0,0
"36121","5","54143","77","0","2016","2","N","Wyoming County, New York","Private","NAICS 54143 Graphic design services","County, NAICS 5-digit -- by ownership sector","All establishment sizes",1,0,0,0,0,0,0,0,"N",0.65,0,0,0,0,0,0,0,"N",0,0.0,0,0,0,0,0,0,0,0,0,0,0,0,0,0
"36121","5","54143","77","0","2016","3","N","Wyoming County, New York","Private","NAICS 54143 Graphic design services","County, NAICS 5-digit -- by ownership sector","All establishment sizes",1,0,0,0,0,0,0,0,"N",0.66,0,0,0,0,0,0,0,"N",0,0.0,0,0,0,0,0,0,0,0,0,0,0,0,0,0
"36121","5","54143","77","0","2016","4","N","Wyoming County, New York","Private","NAICS 54143 Graphic design services","County, NAICS 5-digit -- by ownership sector","All establishment sizes",1,0,0,0,0,0,0,0,"N",0.66,0,0,0,0,0,0,0,"N",0,0.0,0,0,0,0,0,0,0,0,0,0,0,0,0,0
"36121","5","541430","78","0","2016","1","N","Wyoming County, New York","Private","NAICS 541430 Graphic design services","County, NAICS 6-digit -- by ownership sector","All establishment sizes",1,0,0,0,0,0,0,0,"N",0.65,0,0,0,0,0,0,0,"N",0,0.0,0,0,0,0,0,0,0,0,0,0,0,0,0,0
"36121","5","541430","78","0","2016","2","N","Wyoming County, New York","Private","NAICS 541430 Graphic design services","County, NAICS 6-digit -- by ownership sector","All establishment sizes",1,0,0,0,0,0,0,0,"N",0.65,0,0,0,0,0,0,0,"N",0,0.0,0,0,0,0,0,0,0,0,0,0,0,0,0,0
"36121","5","541430","78","0","2016","3","N","Wyoming County, New York","Private","NAICS 541430 Graphic design services","County, NAICS 6-digit -- by ownership sector","All establishment sizes",1,0,0,0,0,0,0,0,"N",0.66,0,0,0,0,0,0,0,"N",0,0.0,0,0,0,0,0,0,0,0,0,0,0,0,0,0
"36121","5","541430","78","0","2016","4","N","Wyoming County, New York","Private","NAICS 541430 Graphic design services","County, NAICS 6-digit -- by ownership sector","All establishment sizes",1,0,0,0,0,0,0,0,"N",0.66,0,0,0,0,0,0,0,"N",0,0.0,0,0,0,0,0,0,0,0,0,0,0,0,0,0
"36121","5","5415","76","0","2016","1","N","Wyoming County, New York","Private","NAICS 5415 Computer systems design and related services","County, NAICS 4-digit -- by ownership sector","All establishment sizes",3,0,0,0,0,0,0,0,"N",0.13,0,0,0,0,0,0,0,"N",0,0.0,0,0,0,0,0,0,0,0,0,0,0,0,0,0
"36121","5","5415","76","0","2016","2","N","Wyoming County, New York","Private","NAICS 5415 Computer systems design and related services","County, NAICS 4-digit -- by ownership sector","All establishment sizes",3,0,0,0,0,0,0,0,"N",0.13,0,0,0,0,0,0,0,"N",-1,-25.0,0,0,0,0,0,0,0,0,0,0,0,0,0,0
"36121","5","5415","76","0","2016","3","N","Wyoming County, New York","Private","NAICS 5415 Computer systems design and related services","County, NAICS 4-digit -- by ownership sector","All establishment sizes",3,0,0,0,0,0,0,0,"N",0.13,0,0,0,0,0,0,0,"N",-1,-25.0,0,0,0,0,0,0,0,0,0,0,0,0,0,0
"36121","5","5415","76","0","2016","4","N","Wyoming County, New York","Private","NAICS 5415 Computer systems design and related services","County, NAICS 4-digit -- by ownership sector","All establishment sizes",3,0,0,0,0,0,0,0,"N",0.13,0,0,0,0,0,0,0,"N",-1,-25.0,0,0,0,0,0,0,0,0,0,0,0,0,0,0
"36121","5","54151","77","0","2016","1","N","Wyoming County, New York","Private","NAICS 54151 Computer systems design and related services","County, NAICS 5-digit -- by ownership sector","All establishment sizes",3,0,0,0,0,0,0,0,"N",0.13,0,0,0,0,0,0,0,"N",0,0.0,0,0,0,0,0,0,0,0,0,0,0,0,0,0
"36121","5","54151","77","0","2016","2","N","Wyoming County, New York","Private","NAICS 54151 Computer systems design and related services","County, NAICS 5-digit -- by ownership sector","All establishment sizes",3,0,0,0,0,0,0,0,"N",0.13,0,0,0,0,0,0,0,"N",-1,-25.0,0,0,0,0,0,0,0,0,0,0,0,0,0,0
"36121","5","54151","77","0","2016","3","N","Wyoming County, New York","Private","NAICS 54151 Computer systems design and related services","County, NAICS 5-digit -- by ownership sector","All establishment sizes",3,0,0,0,0,0,0,0,"N",0.13,0,0,0,0,0,0,0,"N",-1,-25.0,0,0,0,0,0,0,0,0,0,0,0,0,0,0
"36121","5","54151","77","0","2016","4","N","Wyoming County, New York","Private","NAICS 54151 Computer systems design and related services","County, NAICS 5-digit -- by ownership sector","All establishment sizes",3,0,0,0,0,0,0,0,"N",0.13,0,0,0,0,0,0,0,"N",-1,-25.0,0,0,0,0,0,0,0,0,0,0,0,0,0,0
"36121","5","541511","78","0","2016","1","N","Wyoming County, New York","Private","NAICS 541511 Custom computer programming services","County, NAICS 6-digit -- by ownership sector","All establishment sizes",1,0,0,0,0,0,0,0,"N",0.10,0,0,0,0,0,0,0,"N",0,0.0,0,0,0,0,0,0,0,0,0,0,0,0,0,0
"36121","5","541511","78","0","2016","2","N","Wyoming County, New York","Private","NAICS 541511 Custom computer programming services","County, NAICS 6-digit -- by ownership sector","All establishment sizes",1,0,0,0,0,0,0,0,"N",0.10,0,0,0,0,0,0,0,"N",-1,-50.0,0,0,0,0,0,0,0,0,0,0,0,0,0,0
"36121","5","541511","78","0","2016","3","N","Wyoming County, New York","Private","NAICS 541511 Custom computer programming services","County, NAICS 6-digit -- by ownership sector","All establishment sizes",1,0,0,0,0,0,0,0,"N",0.10,0,0,0,0,0,0,0,"N",-1,-50.0,0,0,0,0,0,0,0,0,0,0,0,0,0,0
"36121","5","541511","78","0","2016","4","N","Wyoming County, New York","Private","NAICS 541511 Custom computer programming services","County, NAICS 6-digit -- by ownership sector","All establishment sizes",1,0,0,0,0,0,0,0,"N",0.10,0,0,0,0,0,0,0,"N",-1,-50.0,0,0,0,0,0,0,0,0,0,0,0,0,0,0
"36121","5","541512","78","0","2016","1","N","Wyoming County, New York","Private","NAICS 541512 Computer systems design services","County, NAICS 6-digit -- by ownership sector","All establishment sizes",2,0,0,0,0,0,0,0,"N",0.18,0,0,0,0,0,0,0,"N",0,0.0,0,0,0,0,0,0,0,0,0,0,0,0,0,0
"36121","5","541512","78","0","2016","2","N","Wyoming County, New York","Private","NAICS 541512 Computer systems design services","County, NAICS 6-digit -- by ownership sector","All establishment sizes",2,0,0,0,0,0,0,0,"N",0.18,0,0,0,0,0,0,0,"N",0,0.0,0,0,0,0,0,0,0,0,0,0,0,0,0,0
"36121","5","541512","78","0","2016","3","N","Wyoming County, New York","Private","NAICS 541512 Computer systems design services","County, NAICS 6-digit -- by ownership sector","All establishment sizes",2,0,0,0,0,0,0,0,"N",0.18,0,0,0,0,0,0,0,"N",0,0.0,0,0,0,0,0,0,0,0,0,0,0,0,0,0
"36121","5","541512","78","0","2016","4","N","Wyoming County, New York","Private","NAICS 541512 Computer systems design services","County, NAICS 6-digit -- by ownership sector","All establishment sizes",2,0,0,0,0,0,0,0,"N",0.18,0,0,0,0,0,0,0,"N",0,0.0,0,0,0,0,0,0,0,0,0,0,0,0,0,0
"36121","5","5416","76","0","2016","1","","Wyoming County, New York","Private","NAICS 5416 Management and technical consulting services","County, NAICS 4-digit -- by ownership sector","All establishment sizes",6,23,23,25,278700,207442,6907,906,"",0.26,0.18,0.18,0.20,0.13,0.22,0.21,0.69,"",-1,-14.3,0,0.0,1,4.5,2,8.7,108739,64.0,53778,35.0,1853,36.7,329,57.0
"36121","5","5416","76","0","2016","2","","Wyoming County, New York","Private","NAICS 5416 Management and technical consulting services","County, NAICS 4-digit -- by ownership sector","All establishment sizes",6,26,26,24,270035,59160,2037,820,"",0.26,0.20,0.20,0.18,0.12,0.24,0.21,0.63,"",-1,-14.3,4,18.2,4,18.2,1,4.3,82175,43.7,18975,47.2,543,36.3,173,26.7
"36121","5","5416","76","0","2016","3","","Wyoming County, New York","Private","NAICS 5416 Management and technical consulting services","County, NAICS 4-digit -- by ownership sector","All establishment sizes",6,23,24,26,283713,15828,500,897,"",0.26,0.18,0.19,0.20,0.13,0.12,0.09,0.69,"",-1,-14.3,3,15.0,2,9.1,5,23.8,35903,14.5,-28796,-64.5,-1210,-70.8,-11,-1.2
"36121","5","5416","76","0","2016","4","","Wyoming County, New York","Private","NAICS 5416 Management and technical consulting services","County, NAICS 4-digit -- by ownership sector","All establishment sizes",6,23,24,20,256055,11916,435,882,"",0.26,0.17,0.18,0.15,0.10,0.12,0.11,0.61,"",-1,-14.3,0,0.0,1,4.3,-3,-13.0,-22336,-8.0,-23893,-66.7,-914,-67.8,-49,-5.3
"36121","5","54161","77","0","2016","1","N","Wyoming County, New York","Private","NAICS 54161 Management consulting services","County, NAICS 5-digit -- by ownership sector","All establishment sizes",3,0,0,0,0,0,0,0,"N",0.17,0,0,0,0,0,0,0,"N",-1,-25.0,0,0,0,0,0,0,0,0,0,0,0,0,0,0
"36121","5","54161","77","0","2016","2","N","Wyoming County, New York","Private","NAICS 54161 Management consulting services","County, NAICS 5-digit -- by ownership sector","All establishment sizes",3,0,0,0,0,0,0,0,"N",0.17,0,0,0,0,0,0,0,"N",-1,-25.0,0,0,0,0,0,0,0,0,0,0,0,0,0,0
"36121","5","54161","77","0","2016","3","N","Wyoming County, New York","Private","NAICS 54161 Management consulting services","County, NAICS 5-digit -- by ownership sector","All establishment sizes",3,0,0,0,0,0,0,0,"N",0.17,0,0,0,0,0,0,0,"N",-1,-25.0,0,0,0,0,0,0,0,0,0,0,0,0,0,0
"36121","5","54161","77","0","2016","4","N","Wyoming County, New York","Private","NAICS 54161 Management consulting services","County, NAICS 5-digit -- by ownership sector","All establishment sizes",3,0,0,0,0,0,0,0,"N",0.17,0,0,0,0,0,0,0,"N",-1,-25.0,0,0,0,0,0,0,0,0,0,0,0,0,0,0
"36121","5","541611","78","0","2016","1","N","Wyoming County, New York","Private","NAICS 541611 Administrative management consulting services","County, NAICS 6-digit -- by ownership sector","All establishment sizes",3,0,0,0,0,0,0,0,"N",0.34,0,0,0,0,0,0,0,"N",0,0.0,0,0,0,0,0,0,0,0,0,0,0,0,0,0
"36121","5","541611","78","0","2016","2","N","Wyoming County, New York","Private","NAICS 541611 Administrative management consulting services","County, NAICS 6-digit -- by ownership sector","All establishment sizes",3,0,0,0,0,0,0,0,"N",0.33,0,0,0,0,0,0,0,"N",0,0.0,0,0,0,0,0,0,0,0,0,0,0,0,0,0
"36121","5","541611","78","0","2016","3","N","Wyoming County, New York","Private","NAICS 541611 Administrative management consulting services","County, NAICS 6-digit -- by ownership sector","All establishment sizes",3,0,0,0,0,0,0,0,"N",0.33,0,0,0,0,0,0,0,"N",0,0.0,0,0,0,0,0,0,0,0,0,0,0,0,0,0
"36121","5","541611","78","0","2016","4","N","Wyoming County, New York","Private","NAICS 541611 Administrative management consulting services","County, NAICS 6-digit -- by ownership sector","All establishment sizes",3,0,0,0,0,0,0,0,"N",0.33,0,0,0,0,0,0,0,"N",0,0.0,0,0,0,0,0,0,0,0,0,0,0,0,0,0
"36121","5","54162","77","0","2016","1","N","Wyoming County, New York","Private","NAICS 54162 Environmental consulting services","County, NAICS 5-digit -- by ownership sector","All establishment sizes",1,0,0,0,0,0,0,0,"N",0.92,0,0,0,0,0,0,0,"N",0,0.0,0,0,0,0,0,0,0,0,0,0,0,0,0,0
"36121","5","54162","77","0","2016","2","N","Wyoming County, New York","Private","NAICS 54162 Environmental consulting services","County, NAICS 5-digit -- by ownership sector","All establishment sizes",1,0,0,0,0,0,0,0,"N",0.91,0,0,0,0,0,0,0,"N",0,0.0,0,0,0,0,0,0,0,0,0,0,0,0,0,0
"36121","5","54162","77","0","2016","3","N","Wyoming County, New York","Private","NAICS 54162 Environmental consulting services","County, NAICS 5-digit -- by ownership sector","All establishment sizes",1,0,0,0,0,0,0,0,"N",0.92,0,0,0,0,0,0,0,"N",0,0.0,0,0,0,0,0,0,0,0,0,0,0,0,0,0
"36121","5","54162","77","0","2016","4","N","Wyoming County, New York","Private","NAICS 54162 Environmental consulting services","County, NAICS 5-digit -- by ownership sector","All establishment sizes",1,0,0,0,0,0,0,0,"N",0.92,0,0,0,0,0,0,0,"N",0,0.0,0,0,0,0,0,0,0,0,0,0,0,0,0,0
"36121","5","541620","78","0","2016","1","N","Wyoming County, New York","Private","NAICS 541620 Environmental consulting services","County, NAICS 6-digit -- by ownership sector","All establishment sizes",1,0,0,0,0,0,0,0,"N",0.92,0,0,0,0,0,0,0,"N",0,0.0,0,0,0,0,0,0,0,0,0,0,0,0,0,0
"36121","5","541620","78","0","2016","2","N","Wyoming County, New York","Private","NAICS 541620 Environmental consulting services","County, NAICS 6-digit -- by ownership sector","All establishment sizes",1,0,0,0,0,0,0,0,"N",0.91,0,0,0,0,0,0,0,"N",0,0.0,0,0,0,0,0,0,0,0,0,0,0,0,0,0
"36121","5","541620","78","0","2016","3","N","Wyoming County, New York","Private","NAICS 541620 Environmental consulting services","County, NAICS 6-digit -- by ownership sector","All establishment sizes",1,0,0,0,0,0,0,0,"N",0.92,0,0,0,0,0,0,0,"N",0,0.0,0,0,0,0,0,0,0,0,0,0,0,0,0,0
"36121","5","541620","78","0","2016","4","N","Wyoming County, New York","Private","NAICS 541620 Environmental consulting services","County, NAICS 6-digit -- by ownership sector","All establishment sizes",1,0,0,0,0,0,0,0,"N",0.92,0,0,0,0,0,0,0,"N",0,0.0,0,0,0,0,0,0,0,0,0,0,0,0,0,0
"36121","5","54169","77","0","2016","1","N","Wyoming County, New York","Private","NAICS 54169 Other technical consulting services","County, NAICS 5-digit -- by ownership sector","All establishment sizes",2,0,0,0,0,0,0,0,"N",0.46,0,0,0,0,0,0,0,"N",0,0.0,0,0,0,0,0,0,0,0,0,0,0,0,0,0
"36121","5","54169","77","0","2016","2","N","Wyoming County, New York","Private","NAICS 54169 Other technical consulting services","County, NAICS 5-digit -- by ownership sector","All establishment sizes",2,0,0,0,0,0,0,0,"N",0.47,0,0,0,0,0,0,0,"N",0,0.0,0,0,0,0,0,0,0,0,0,0,0,0,0,0
"36121","5","54169","77","0","2016","3","N","Wyoming County, New York","Private","NAICS 54169 Other technical consulting services","County, NAICS 5-digit -- by ownership sector","All establishment sizes",2,0,0,0,0,0,0,0,"N",0.47,0,0,0,0,0,0,0,"N",0,0.0,0,0,0,0,0,0,0,0,0,0,0,0,0,0
"36121","5","54169","77","0","2016","4","N","Wyoming County, New York","Private","NAICS 54169 Other technical consulting services","County, NAICS 5-digit -- by ownership sector","All establishment sizes",2,0,0,0,0,0,0,0,"N",0.47,0,0,0,0,0,0,0,"N",0,0.0,0,0,0,0,0,0,0,0,0,0,0,0,0,0
"36121","5","541690","78","0","2016","1","N","Wyoming County, New York","Private","NAICS 541690 Other technical consulting services","County, NAICS 6-digit -- by ownership sector","All establishment sizes",2,0,0,0,0,0,0,0,"N",0.46,0,0,0,0,0,0,0,"N",0,0.0,0,0,0,0,0,0,0,0,0,0,0,0,0,0
"36121","5","541690","78","0","2016","2","N","Wyoming County, New York","Private","NAICS 541690 Other technical consulting services","County, NAICS 6-digit -- by ownership sector","All establishment sizes",2,0,0,0,0,0,0,0,"N",0.47,0,0,0,0,0,0,0,"N",0,0.0,0,0,0,0,0,0,0,0,0,0,0,0,0,0
"36121","5","541690","78","0","2016","3","N","Wyoming County, New York","Private","NAICS 541690 Other technical consulting services","County, NAICS 6-digit -- by ownership sector","All establishment sizes",2,0,0,0,0,0,0,0,"N",0.47,0,0,0,0,0,0,0,"N",0,0.0,0,0,0,0,0,0,0,0,0,0,0,0,0,0
"36121","5","541690","78","0","2016","4","N","Wyoming County, New York","Private","NAICS 541690 Other technical consulting services","County, NAICS 6-digit -- by ownership sector","All establishment sizes",2,0,0,0,0,0,0,0,"N",0.47,0,0,0,0,0,0,0,"N",0,0.0,0,0,0,0,0,0,0,0,0,0,0,0,0,0
"36121","5","5419","76","0","2016","1","N","Wyoming County, New York","Private","NAICS 5419 Other professional and technical services","County, NAICS 4-digit -- by ownership sector","All establishment sizes",4,0,0,0,0,0,0,0,"N",0.49,0,0,0,0,0,0,0,"N",-1,-20.0,0,0,0,0,0,0,0,0,0,0,0,0,0,0
"36121","5","5419","76","0","2016","2","N","Wyoming County, New York","Private","NAICS 5419 Other professional and technical services","County, NAICS 4-digit -- by ownership sector","All establishment sizes",4,0,0,0,0,0,0,0,"N",0.49,0,0,0,0,0,0,0,"N",-1,-20.0,0,0,0,0,0,0,0,0,0,0,0,0,0,0
"36121","5","5419","76","0","2016","3","N","Wyoming County, New York","Private","NAICS 5419 Other professional and technical services","County, NAICS 4-digit -- by ownership sector","All establishment sizes",3,0,0,0,0,0,0,0,"N",0.37,0,0,0,0,0,0,0,"N",-2,-40.0,0,0,0,0,0,0,0,0,0,0,0,0,0,0
"36121","5","5419","76","0","2016","4","N","Wyoming County, New York","Private","NAICS 5419 Other professional and technical services","County, NAICS 4-digit -- by ownership sector","All establishment sizes",3,0,0,0,0,0,0,0,"N",0.36,0,0,0,0,0,0,0,"N",-2,-40.0,0,0,0,0,0,0,0,0,0,0,0,0,0,0
"36121","5","54192","77","0","2016","1","N","Wyoming County, New York","Private","NAICS 54192 Photographic services","County, NAICS 5-digit -- by ownership sector","All establishment sizes",2,0,0,0,0,0,0,0,"N",1.59,0,0,0,0,0,0,0,"N",-1,-33.3,0,0,0,0,0,0,0,0,0,0,0,0,0,0
"36121","5","54192","77","0","2016","2","N","Wyoming County, New York","Private","NAICS 54192 Photographic services","County, NAICS 5-digit -- by ownership sector","All establishment sizes",2,0,0,0,0,0,0,0,"N",1.59,0,0,0,0,0,0,0,"N",-1,-33.3,0,0,0,0,0,0,0,0,0,0,0,0,0,0
"36121","5","54192","77","0","2016","3","N","Wyoming County, New York","Private","NAICS 54192 Photographic services","County, NAICS 5-digit -- by ownership sector","All establishment sizes",1,0,0,0,0,0,0,0,"N",0.80,0,0,0,0,0,0,0,"N",-2,-66.7,0,0,0,0,0,0,0,0,0,0,0,0,0,0
"36121","5","54192","77","0","2016","4","N","Wyoming County, New York","Private","NAICS 54192 Photographic services","County, NAICS 5-digit -- by ownership sector","All establishment sizes",1,0,0,0,0,0,0,0,"N",0.79,0,0,0,0,0,0,0,"N",-2,-66.7,0,0,0,0,0,0,0,0,0,0,0,0,0,0
"36121","5","541921","78","0","2016","1","N","Wyoming County, New York","Private","NAICS 541921 Photography studios, portrait","County, NAICS 6-digit -- by ownership sector","All establishment sizes",2,0,0,0,0,0,0,0,"N",2.12,0,0,0,0,0,0,0,"N",-1,-33.3,0,0,0,0,0,0,0,0,0,0,0,0,0,0
"36121","5","541921","78","0","2016","2","N","Wyoming County, New York","Private","NAICS 541921 Photography studios, portrait","County, NAICS 6-digit -- by ownership sector","All establishment sizes",2,0,0,0,0,0,0,0,"N",2.13,0,0,0,0,0,0,0,"N",-1,-33.3,0,0,0,0,0,0,0,0,0,0,0,0,0,0
"36121","5","541921","78","0","2016","3","N","Wyoming County, New York","Private","NAICS 541921 Photography studios, portrait","County, NAICS 6-digit -- by ownership sector","All establishment sizes",1,0,0,0,0,0,0,0,"N",1.07,0,0,0,0,0,0,0,"N",-2,-66.7,0,0,0,0,0,0,0,0,0,0,0,0,0,0
"36121","5","541921","78","0","2016","4","N","Wyoming County, New York","Private","NAICS 541921 Photography studios, portrait","County, NAICS 6-digit -- by ownership sector","All establishment sizes",1,0,0,0,0,0,0,0,"N",1.06,0,0,0,0,0,0,0,"N",-2,-66.7,0,0,0,0,0,0,0,0,0,0,0,0,0,0
"36121","5","54194","77","0","2016","1","N","Wyoming County, New York","Private","NAICS 54194 Veterinary services","County, NAICS 5-digit -- by ownership sector","All establishment sizes",2,0,0,0,0,0,0,0,"N",0.70,0,0,0,0,0,0,0,"N",0,0.0,0,0,0,0,0,0,0,0,0,0,0,0,0,0
"36121","5","54194","77","0","2016","2","N","Wyoming County, New York","Private","NAICS 54194 Veterinary services","County, NAICS 5-digit -- by ownership sector","All establishment sizes",2,0,0,0,0,0,0,0,"N",0.71,0,0,0,0,0,0,0,"N",0,0.0,0,0,0,0,0,0,0,0,0,0,0,0,0,0
"36121","5","54194","77","0","2016","3","N","Wyoming County, New York","Private","NAICS 54194 Veterinary services","County, NAICS 5-digit -- by ownership sector","All establishment sizes",2,0,0,0,0,0,0,0,"N",0.71,0,0,0,0,0,0,0,"N",0,0.0,0,0,0,0,0,0,0,0,0,0,0,0,0,0
"36121","5","54194","77","0","2016","4","N","Wyoming County, New York","Private","NAICS 54194 Veterinary services","County, NAICS 5-digit -- by ownership sector","All establishment sizes",2,0,0,0,0,0,0,0,"N",0.71,0,0,0,0,0,0,0,"N",0,0.0,0,0,0,0,0,0,0,0,0,0,0,0,0,0
"36121","5","541940","78","0","2016","1","N","Wyoming County, New York","Private","NAICS 541940 Veterinary services","County, NAICS 6-digit -- by ownership sector","All establishment sizes",2,0,0,0,0,0,0,0,"N",0.70,0,0,0,0,0,0,0,"N",0,0.0,0,0,0,0,0,0,0,0,0,0,0,0,0,0
"36121","5","541940","78","0","2016","2","N","Wyoming County, New York","Private","NAICS 541940 Veterinary services","County, NAICS 6-digit -- by ownership sector","All establishment sizes",2,0,0,0,0,0,0,0,"N",0.71,0,0,0,0,0,0,0,"N",0,0.0,0,0,0,0,0,0,0,0,0,0,0,0,0,0
"36121","5","541940","78","0","2016","3","N","Wyoming County, New York","Private","NAICS 541940 Veterinary services","County, NAICS 6-digit -- by ownership sector","All establishment sizes",2,0,0,0,0,0,0,0,"N",0.71,0,0,0,0,0,0,0,"N",0,0.0,0,0,0,0,0,0,0,0,0,0,0,0,0,0
"36121","5","541940","78","0","2016","4","N","Wyoming County, New York","Private","NAICS 541940 Veterinary services","County, NAICS 6-digit -- by ownership sector","All establishment sizes",2,0,0,0,0,0,0,0,"N",0.71,0,0,0,0,0,0,0,"N",0,0.0,0,0,0,0,0,0,0,0,0,0,0,0,0,0
"36121","5","55","74","0","2016","1","N","Wyoming County, New York","Private","NAICS 55 Management of companies and enterprises","County, NAICS Sector -- by ownership sector","All establishment sizes",2,0,0,0,0,0,0,0,"N",0.34,0,0,0,0,0,0,0,"N",0,0.0,0,0,0,0,0,0,0,0,0,0,0,0,0,0
"36121","5","55","74","0","2016","2","N","Wyoming County, New York","Private","NAICS 55 Management of companies and enterprises","County, NAICS Sector -- by ownership sector","All establishment sizes",2,0,0,0,0,0,0,0,"N",0.34,0,0,0,0,0,0,0,"N",0,0.0,0,0,0,0,0,0,0,0,0,0,0,0,0,0
"36121","5","55","74","0","2016","3","N","Wyoming County, New York","Private","NAICS 55 Management of companies and enterprises","County, NAICS Sector -- by ownership sector","All establishment sizes",2,0,0,0,0,0,0,0,"N",0.34,0,0,0,0,0,0,0,"N",0,0.0,0,0,0,0,0,0,0,0,0,0,0,0,0,0
"36121","5","55","74","0","2016","4","N","Wyoming County, New York","Private","NAICS 55 Management of companies and enterprises","County, NAICS Sector -- by ownership sector","All establishment sizes",2,0,0,0,0,0,0,0,"N",0.34,0,0,0,0,0,0,0,"N",0,0.0,0,0,0,0,0,0,0,0,0,0,0,0,0,0
"36121","5","551","75","0","2016","1","N","Wyoming County, New York","Private","NAICS 551 Management of companies and enterprises","County, NAICS 3-digit -- by ownership sector","All establishment sizes",2,0,0,0,0,0,0,0,"N",0.34,0,0,0,0,0,0,0,"N",0,0.0,0,0,0,0,0,0,0,0,0,0,0,0,0,0
"36121","5","551","75","0","2016","2","N","Wyoming County, New York","Private","NAICS 551 Management of companies and enterprises","County, NAICS 3-digit -- by ownership sector","All establishment sizes",2,0,0,0,0,0,0,0,"N",0.34,0,0,0,0,0,0,0,"N",0,0.0,0,0,0,0,0,0,0,0,0,0,0,0,0,0
"36121","5","551","75","0","2016","3","N","Wyoming County, New York","Private","NAICS 551 Management of companies and enterprises","County, NAICS 3-digit -- by ownership sector","All establishment sizes",2,0,0,0,0,0,0,0,"N",0.34,0,0,0,0,0,0,0,"N",0,0.0,0,0,0,0,0,0,0,0,0,0,0,0,0,0
"36121","5","551","75","0","2016","4","N","Wyoming County, New York","Private","NAICS 551 Management of companies and enterprises","County, NAICS 3-digit -- by ownership sector","All establishment sizes",2,0,0,0,0,0,0,0,"N",0.34,0,0,0,0,0,0,0,"N",0,0.0,0,0,0,0,0,0,0,0,0,0,0,0,0,0
"36121","5","5511","76","0","2016","1","N","Wyoming County, New York","Private","NAICS 5511 Management of companies and enterprises","County, NAICS 4-digit -- by ownership sector","All establishment sizes",2,0,0,0,0,0,0,0,"N",0.34,0,0,0,0,0,0,0,"N",0,0.0,0,0,0,0,0,0,0,0,0,0,0,0,0,0
"36121","5","5511","76","0","2016","2","N","Wyoming County, New York","Private","NAICS 5511 Management of companies and enterprises","County, NAICS 4-digit -- by ownership sector","All establishment sizes",2,0,0,0,0,0,0,0,"N",0.34,0,0,0,0,0,0,0,"N",0,0.0,0,0,0,0,0,0,0,0,0,0,0,0,0,0
"36121","5","5511","76","0","2016","3","N","Wyoming County, New York","Private","NAICS 5511 Management of companies and enterprises","County, NAICS 4-digit -- by ownership sector","All establishment sizes",2,0,0,0,0,0,0,0,"N",0.34,0,0,0,0,0,0,0,"N",0,0.0,0,0,0,0,0,0,0,0,0,0,0,0,0,0
"36121","5","5511","76","0","2016","4","N","Wyoming County, New York","Private","NAICS 5511 Management of companies and enterprises","County, NAICS 4-digit -- by ownership sector","All establishment sizes",2,0,0,0,0,0,0,0,"N",0.34,0,0,0,0,0,0,0,"N",0,0.0,0,0,0,0,0,0,0,0,0,0,0,0,0,0
"36121","5","55111","77","0","2016","1","N","Wyoming County, New York","Private","NAICS 55111 Management of companies and enterprises","County, NAICS 5-digit -- by ownership sector","All establishment sizes",2,0,0,0,0,0,0,0,"N",0.34,0,0,0,0,0,0,0,"N",0,0.0,0,0,0,0,0,0,0,0,0,0,0,0,0,0
"36121","5","55111","77","0","2016","2","N","Wyoming County, New York","Private","NAICS 55111 Management of companies and enterprises","County, NAICS 5-digit -- by ownership sector","All establishment sizes",2,0,0,0,0,0,0,0,"N",0.34,0,0,0,0,0,0,0,"N",0,0.0,0,0,0,0,0,0,0,0,0,0,0,0,0,0
"36121","5","55111","77","0","2016","3","N","Wyoming County, New York","Private","NAICS 55111 Management of companies and enterprises","County, NAICS 5-digit -- by ownership sector","All establishment sizes",2,0,0,0,0,0,0,0,"N",0.34,0,0,0,0,0,0,0,"N",0,0.0,0,0,0,0,0,0,0,0,0,0,0,0,0,0
"36121","5","55111","77","0","2016","4","N","Wyoming County, New York","Private","NAICS 55111 Management of companies and enterprises","County, NAICS 5-digit -- by ownership sector","All establishment sizes",2,0,0,0,0,0,0,0,"N",0.34,0,0,0,0,0,0,0,"N",0,0.0,0,0,0,0,0,0,0,0,0,0,0,0,0,0
"36121","5","551114","78","0","2016","1","N","Wyoming County, New York","Private","NAICS 551114 Managing offices","County, NAICS 6-digit -- by ownership sector","All establishment sizes",2,0,0,0,0,0,0,0,"N",0.41,0,0,0,0,0,0,0,"N",0,0.0,0,0,0,0,0,0,0,0,0,0,0,0,0,0
"36121","5","551114","78","0","2016","2","N","Wyoming County, New York","Private","NAICS 551114 Managing offices","County, NAICS 6-digit -- by ownership sector","All establishment sizes",2,0,0,0,0,0,0,0,"N",0.41,0,0,0,0,0,0,0,"N",0,0.0,0,0,0,0,0,0,0,0,0,0,0,0,0,0
"36121","5","551114","78","0","2016","3","N","Wyoming County, New York","Private","NAICS 551114 Managing offices","County, NAICS 6-digit -- by ownership sector","All establishment sizes",2,0,0,0,0,0,0,0,"N",0.41,0,0,0,0,0,0,0,"N",0,0.0,0,0,0,0,0,0,0,0,0,0,0,0,0,0
"36121","5","551114","78","0","2016","4","N","Wyoming County, New York","Private","NAICS 551114 Managing offices","County, NAICS 6-digit -- by ownership sector","All establishment sizes",2,0,0,0,0,0,0,0,"N",0.41,0,0,0,0,0,0,0,"N",0,0.0,0,0,0,0,0,0,0,0,0,0,0,0,0,0
"36121","5","56","74","0","2016","1","","Wyoming County, New York","Private","NAICS 56 Administrative and waste services","County, NAICS Sector -- by ownership sector","All establishment sizes",32,1084,1093,1044,11888577,8366977,375408,852,"",0.66,1.33,1.34,1.27,2.11,2.11,2.26,1.61,"",-3,-8.6,-247,-18.6,-195,-15.1,-241,-18.8,-3574683,-23.1,-1699158,-16.9,-109736,-22.6,-62,-6.8
"36121","5","56","74","0","2016","2","","Wyoming County, New York","Private","NAICS 56 Administrative and waste services","County, NAICS Sector -- by ownership sector","All establishment sizes",33,1034,1049,1070,10970092,2451276,122479,803,"",0.68,1.22,1.20,1.20,1.73,1.11,1.07,1.43,"",-2,-5.7,-170,-14.1,-176,-14.4,-131,-10.9,-2606142,-19.2,-72212,-2.9,-12051,-9.0,-60,-7.0
"36121","5","56","74","0","2016","3","","Wyoming County, New York","Private","NAICS 56 Administrative and waste services","County, NAICS Sector -- by ownership sector","All establishment sizes",35,1034,983,956,10964169,1075818,59957,851,"",0.72,1.21,1.14,1.07,1.71,0.78,0.89,1.49,"",1,2.9,-173,-14.3,-219,-18.2,-212,-18.2,-946647,-7.9,-44382,-4.0,-11129,-15.7,83,10.8
"36121","5","56","74","0","2016","4","","Wyoming County, New York","Private","NAICS 56 Administrative and waste services","County, NAICS Sector -- by ownership sector","All establishment sizes",35,974,970,974,9866916,773035,44786,780,"",0.72,1.10,1.13,1.15,1.59,0.77,0.97,1.41,"",2,6.1,-184,-15.9,-145,-13.0,-117,-10.7,-3540638,-26.4,-474876,-38.1,-26809,-37.4,-140,-15.2
"36121","5","561","75","0","2016","1","N","Wyoming County, New York","Private","NAICS 561 Administrative and support services","County, NAICS 3-digit -- by ownership sector","All establishment sizes",31,0,0,0,0,0,0,0,"N",0.68,0,0,0,0,0,0,0,"N",-3,-8.8,0,0,0,0,0,0,0,0,0,0,0,0,0,0
"36121","5","561","75","0","2016","2","N","Wyoming County, New York","Private","NAICS 561 Administrative and support services","County, NAICS 3-digit -- by ownership sector","All establishment sizes",32,0,0,0,0,0,0,0,"N",0.69,0,0,0,0,0,0,0,"N",-2,-5.9,0,0,0,0,0,0,0,0,0,0,0,0,0,0
"36121","5","561","75","0","2016","3","N","Wyoming County, New York","Private","NAICS 561 Administrative and support services","County, NAICS 3-digit -- by ownership sector","All establishment sizes",34,0,0,0,0,0,0,0,"N",0.74,0,0,0,0,0,0,0,"N",1,3.0,0,0,0,0,0,0,0,0,0,0,0,0,0,0
"36121","5","561","75","0","2016","4","N","Wyoming County, New York","Private","NAICS 561 Administrative and support services","County, NAICS 3-digit -- by ownership sector","All establishment sizes",34,0,0,0,0,0,0,0,"N",0.74,0,0,0,0,0,0,0,"N",2,6.2,0,0,0,0,0,0,0,0,0,0,0,0,0,0
"36121","5","5613","76","0","2016","1","N","Wyoming County, New York","Private","NAICS 5613 Employment services","County, NAICS 4-digit -- by ownership sector","All establishment sizes",1,0,0,0,0,0,0,0,"N",0.11,0,0,0,0,0,0,0,"N",-1,-50.0,0,0,0,0,0,0,0,0,0,0,0,0,0,0
"36121","5","5613","76","0","2016","2","N","Wyoming County, New York","Private","NAICS 5613 Employment services","County, NAICS 4-digit -- by ownership sector","All establishment sizes",2,0,0,0,0,0,0,0,"N",0.22,0,0,0,0,0,0,0,"N",1,100.0,0,0,0,0,0,0,0,0,0,0,0,0,0,0
"36121","5","5613","76","0","2016","3","N","Wyoming County, New York","Private","NAICS 5613 Employment services","County, NAICS 4-digit -- by ownership sector","All establishment sizes",2,0,0,0,0,0,0,0,"N",0.21,0,0,0,0,0,0,0,"N",1,100.0,0,0,0,0,0,0,0,0,0,0,0,0,0,0
"36121","5","5613","76","0","2016","4","N","Wyoming County, New York","Private","NAICS 5613 Employment services","County, NAICS 4-digit -- by ownership sector","All establishment sizes",2,0,0,0,0,0,0,0,"N",0.21,0,0,0,0,0,0,0,"N",1,100.0,0,0,0,0,0,0,0,0,0,0,0,0,0,0
"36121","5","56132","77","0","2016","1","N","Wyoming County, New York","Private","NAICS 56132 Temporary help services","County, NAICS 5-digit -- by ownership sector","All establishment sizes",1,0,0,0,0,0,0,0,"N",0.16,0,0,0,0,0,0,0,"N",-1,-50.0,0,0,0,0,0,0,0,0,0,0,0,0,0,0
"36121","5","56132","77","0","2016","2","N","Wyoming County, New York","Private","NAICS 56132 Temporary help services","County, NAICS 5-digit -- by ownership sector","All establishment sizes",2,0,0,0,0,0,0,0,"N",0.33,0,0,0,0,0,0,0,"N",1,100.0,0,0,0,0,0,0,0,0,0,0,0,0,0,0
"36121","5","56132","77","0","2016","3","N","Wyoming County, New York","Private","NAICS 56132 Temporary help services","County, NAICS 5-digit -- by ownership sector","All establishment sizes",2,0,0,0,0,0,0,0,"N",0.32,0,0,0,0,0,0,0,"N",1,100.0,0,0,0,0,0,0,0,0,0,0,0,0,0,0
"36121","5","56132","77","0","2016","4","N","Wyoming County, New York","Private","NAICS 56132 Temporary help services","County, NAICS 5-digit -- by ownership sector","All establishment sizes",2,0,0,0,0,0,0,0,"N",0.32,0,0,0,0,0,0,0,"N",1,100.0,0,0,0,0,0,0,0,0,0,0,0,0,0,0
"36121","5","561320","78","0","2016","1","N","Wyoming County, New York","Private","NAICS 561320 Temporary help services","County, NAICS 6-digit -- by ownership sector","All establishment sizes",1,0,0,0,0,0,0,0,"N",0.16,0,0,0,0,0,0,0,"N",-1,-50.0,0,0,0,0,0,0,0,0,0,0,0,0,0,0
"36121","5","561320","78","0","2016","2","N","Wyoming County, New York","Private","NAICS 561320 Temporary help services","County, NAICS 6-digit -- by ownership sector","All establishment sizes",2,0,0,0,0,0,0,0,"N",0.33,0,0,0,0,0,0,0,"N",1,100.0,0,0,0,0,0,0,0,0,0,0,0,0,0,0
"36121","5","561320","78","0","2016","3","N","Wyoming County, New York","Private","NAICS 561320 Temporary help services","County, NAICS 6-digit -- by ownership sector","All establishment sizes",2,0,0,0,0,0,0,0,"N",0.32,0,0,0,0,0,0,0,"N",1,100.0,0,0,0,0,0,0,0,0,0,0,0,0,0,0
"36121","5","561320","78","0","2016","4","N","Wyoming County, New York","Private","NAICS 561320 Temporary help services","County, NAICS 6-digit -- by ownership sector","All establishment sizes",2,0,0,0,0,0,0,0,"N",0.32,0,0,0,0,0,0,0,"N",1,100.0,0,0,0,0,0,0,0,0,0,0,0,0,0,0
"36121","5","5614","76","0","2016","1","","Wyoming County, New York","Private","NAICS 5614 Business support services","County, NAICS 4-digit -- by ownership sector","All establishment sizes",6,881,892,843,10990030,7646641,323530,969,"",1.30,10.18,10.36,9.86,17.20,17.99,20.02,1.70,"",-1,-14.3,-247,-21.9,-225,-20.1,-267,-24.1,-3765692,-25.5,-1823637,-19.3,-117947,-26.7,-46,-4.5
"36121","5","5614","76","0","2016","2","","Wyoming County, New York","Private","NAICS 5614 Business support services","County, NAICS 4-digit -- by ownership sector","All establishment sizes",6,844,847,839,10000327,1875452,82244,912,"",1.30,9.85,9.74,9.58,15.01,9.40,9.31,1.54,"",-1,-14.3,-162,-16.1,-145,-14.6,-131,-13.5,-2573736,-20.5,-22897,-1.2,-4953,-5.7,-66,-6.7
"36121","5","5614","76","0","2016","3","","Wyoming County, New York","Private","NAICS 5614 Business support services","County, NAICS 4-digit -- by ownership sector","All establishment sizes",7,810,791,781,10001449,625792,28354,969,"",1.53,9.53,9.27,8.89,14.76,5.66,6.24,1.60,"",0,0.0,-154,-16.0,-171,-17.8,-158,-16.8,-622767,-5.9,153247,32.4,7146,33.7,113,13.2
"36121","5","5614","76","0","2016","4","","Wyoming County, New York","Private","NAICS 5614 Business support services","County, NAICS 4-digit -- by ownership sector","All establishment sizes",7,791,793,806,8955108,493395,24503,865,"",1.54,8.91,9.11,9.33,13.87,6.06,7.71,1.52,"",1,16.7,-126,-13.7,-103,-11.5,-84,-9.4,-3140482,-26.0,-290031,-37.0,-11292,-31.5,-168,-16.3
"36121","5","56142","77","0","2016","1","N","Wyoming County, New York","Private","NAICS 56142 Telephone call centers","County, NAICS 5-digit -- by ownership sector","All establishment sizes",1,0,0,0,0,0,0,0,"N",1.14,0,0,0,0,0,0,0,"N",0,0.0,0,0,0,0,0,0,0,0,0,0,0,0,0,0
"36121","5","56142","77","0","2016","2","N","Wyoming County, New York","Private","NAICS 56142 Telephone call centers","County, NAICS 5-digit -- by ownership sector","All establishment sizes",1,0,0,0,0,0,0,0,"N",1.15,0,0,0,0,0,0,0,"N",0,0.0,0,0,0,0,0,0,0,0,0,0,0,0,0,0
"36121","5","56142","77","0","2016","3","N","Wyoming County, New York","Private","NAICS 56142 Telephone call centers","County, NAICS 5-digit -- by ownership sector","All establishment sizes",1,0,0,0,0,0,0,0,"N",1.15,0,0,0,0,0,0,0,"N",0,0.0,0,0,0,0,0,0,0,0,0,0,0,0,0,0
"36121","5","56142","77","0","2016","4","N","Wyoming County, New York","Private","NAICS 56142 Telephone call centers","County, NAICS 5-digit -- by ownership sector","All establishment sizes",1,0,0,0,0,0,0,0,"N",1.15,0,0,0,0,0,0,0,"N",0,0.0,0,0,0,0,0,0,0,0,0,0,0,0,0,0
"36121","5","561422","78","0","2016","1","N","Wyoming County, New York","Private","NAICS 561422 Telemarketing and other contact centers","County, NAICS 6-digit -- by ownership sector","All establishment sizes",1,0,0,0,0,0,0,0,"N",1.45,0,0,0,0,0,0,0,"N",0,0.0,0,0,0,0,0,0,0,0,0,0,0,0,0,0
"36121","5","561422","78","0","2016","2","N","Wyoming County, New York","Private","NAICS 561422 Telemarketing and other contact centers","County, NAICS 6-digit -- by ownership sector","All establishment sizes",1,0,0,0,0,0,0,0,"N",1.45,0,0,0,0,0,0,0,"N",0,0.0,0,0,0,0,0,0,0,0,0,0,0,0,0,0
"36121","5","561422","78","0","2016","3","N","Wyoming County, New York","Private","NAICS 561422 Telemarketing and other contact centers","County, NAICS 6-digit -- by ownership sector","All establishment sizes",1,0,0,0,0,0,0,0,"N",1.46,0,0,0,0,0,0,0,"N",0,0.0,0,0,0,0,0,0,0,0,0,0,0,0,0,0
"36121","5","561422","78","0","2016","4","N","Wyoming County, New York","Private","NAICS 561422 Telemarketing and other contact centers","County, NAICS 6-digit -- by ownership sector","All establishment sizes",1,0,0,0,0,0,0,0,"N",1.46,0,0,0,0,0,0,0,"N",0,0.0,0,0,0,0,0,0,0,0,0,0,0,0,0,0
"36121","5","56144","77","0","2016","1","","Wyoming County, New York","Private","NAICS 56144 Collection agencies","County, NAICS 5-digit -- by ownership sector","All establishment sizes",4,866,872,825,10830406,7491547,310857,975,"",7.68,68.57,69.08,65.53,105.41,104.37,102.84,1.56,"N",-1,-20.0,0,0,0,0,0,0,0,0,0,0,0,0,0,0
"36121","5","56144","77","0","2016","2","","Wyoming County, New York","Private","NAICS 56144 Collection agencies","County, NAICS 5-digit -- by ownership sector","All establishment sizes",4,825,819,811,9724657,1749534,71759,914,"",7.73,65.64,63.95,62.92,89.54,56.15,48.30,1.39,"",-1,-20.0,-164,-16.6,-162,-16.5,-152,-15.8,-2688348,-21.7,-117984,-6.3,-14234,-16.6,-63,-6.4
"36121","5","56144","77","0","2016","3","","Wyoming County, New York","Private","NAICS 56144 Collection agencies","County, NAICS 5-digit -- by ownership sector","All establishment sizes",5,782,762,756,9656653,553120,22177,969,"",9.79,63.34,62.06,60.45,90.25,36.40,33.44,1.46,"",0,0.0,-175,-18.3,-193,-20.2,-176,-18.9,-890745,-8.4,80575,17.1,969,4.6,113,13.2
"36121","5","56144","77","0","2016","4","","Wyoming County, New York","Private","NAICS 56144 Collection agencies","County, NAICS 5-digit -- by ownership sector","All establishment sizes",5,758,763,770,8601313,400487,16606,866,"",9.89,60.73,62.87,63.40,84.93,39.38,38.37,1.36,"N",1,25.0,0,0,0,0,0,0,0,0,0,0,0,0,0,0
"36121","5","561440","78","0","2016","1","","Wyoming County, New York","Private","NAICS 561440 Collection agencies","County, NAICS 6-digit -- by ownership sector","All establishment sizes",4,866,872,825,10830406,7491547,310857,975,"",7.68,68.57,69.08,65.53,105.41,104.37,102.84,1.56,"N",-1,-20.0,0,0,0,0,0,0,0,0,0,0,0,0,0,0
"36121","5","561440","78","0","2016","2","","Wyoming County, New York","Private","NAICS 561440 Collection agencies","County, NAICS 6-digit -- by ownership sector","All establishment sizes",4,825,819,811,9724657,1749534,71759,914,"",7.73,65.64,63.95,62.92,89.54,56.15,48.30,1.39,"",-1,-20.0,-164,-16.6,-162,-16.5,-152,-15.8,-2688348,-21.7,-117984,-6.3,-14234,-16.6,-63,-6.4
"36121","5","561440","78","0","2016","3","","Wyoming County, New York","Private","NAICS 561440 Collection agencies","County, NAICS 6-digit -- by ownership sector","All establishment sizes",5,782,762,756,9656653,553120,22177,969,"",9.79,63.34,62.06,60.45,90.25,36.40,33.44,1.46,"",0,0.0,-175,-18.3,-193,-20.2,-176,-18.9,-890745,-8.4,80575,17.1,969,4.6,113,13.2
"36121","5","561440","78","0","2016","4","","Wyoming County, New York","Private","NAICS 561440 Collection agencies","County, NAICS 6-digit -- by ownership sector","All establishment sizes",5,758,763,770,8601313,400487,16606,866,"",9.89,60.73,62.87,63.40,84.93,39.38,38.37,1.36,"N",1,25.0,0,0,0,0,0,0,0,0,0,0,0,0,0,0
"36121","5","56149","77","0","2016","1","N","Wyoming County, New York","Private","NAICS 56149 Other business support services","County, NAICS 5-digit -- by ownership sector","All establishment sizes",1,0,0,0,0,0,0,0,"N",0.70,0,0,0,0,0,0,0,"N",0,0.0,0,0,0,0,0,0,0,0,0,0,0,0,0,0
"36121","5","56149","77","0","2016","2","N","Wyoming County, New York","Private","NAICS 56149 Other business support services","County, NAICS 5-digit -- by ownership sector","All establishment sizes",1,0,0,0,0,0,0,0,"N",0.70,0,0,0,0,0,0,0,"N",0,0.0,0,0,0,0,0,0,0,0,0,0,0,0,0,0
"36121","5","56149","77","0","2016","3","N","Wyoming County, New York","Private","NAICS 56149 Other business support services","County, NAICS 5-digit -- by ownership sector","All establishment sizes",1,0,0,0,0,0,0,0,"N",0.70,0,0,0,0,0,0,0,"N",0,0.0,0,0,0,0,0,0,0,0,0,0,0,0,0,0
"36121","5","56149","77","0","2016","4","N","Wyoming County, New York","Private","NAICS 56149 Other business support services","County, NAICS 5-digit -- by ownership sector","All establishment sizes",1,0,0,0,0,0,0,0,"N",0.71,0,0,0,0,0,0,0,"N",0,0.0,0,0,0,0,0,0,0,0,0,0,0,0,0,0
"36121","5","561499","78","0","2016","1","N","Wyoming County, New York","Private","NAICS 561499 All other business support services","County, NAICS 6-digit -- by ownership sector","All establishment sizes",1,0,0,0,0,0,0,0,"N",0.94,0,0,0,0,0,0,0,"N",0,0.0,0,0,0,0,0,0,0,0,0,0,0,0,0,0
"36121","5","561499","78","0","2016","2","N","Wyoming County, New York","Private","NAICS 561499 All other business support services","County, NAICS 6-digit -- by ownership sector","All establishment sizes",1,0,0,0,0,0,0,0,"N",0.94,0,0,0,0,0,0,0,"N",0,0.0,0,0,0,0,0,0,0,0,0,0,0,0,0,0
"36121","5","561499","78","0","2016","3","N","Wyoming County, New York","Private","NAICS 561499 All other business support services","County, NAICS 6-digit -- by ownership sector","All establishment sizes",1,0,0,0,0,0,0,0,"N",0.95,0,0,0,0,0,0,0,"N",0,0.0,0,0,0,0,0,0,0,0,0,0,0,0,0,0
"36121","5","561499","78","0","2016","4","N","Wyoming County, New York","Private","NAICS 561499 All other business support services","County, NAICS 6-digit -- by ownership sector","All establishment sizes",1,0,0,0,0,0,0,0,"N",0.96,0,0,0,0,0,0,0,"N",0,0.0,0,0,0,0,0,0,0,0,0,0,0,0,0,0
"36121","5","5617","76","0","2016","1","","Wyoming County, New York","Private","NAICS 5617 Services to buildings and dwellings","County, NAICS 4-digit -- by ownership sector","All establishment sizes",20,84,84,80,228566,218787,6527,213,"",1.03,0.48,0.47,0.44,0.27,0.30,0.24,0.59,"",-1,-4.8,9,12.0,9,12.0,2,2.6,-14206,-5.9,-13096,-5.6,-3126,-32.4,-33,-13.4
"36121","5","5617","76","0","2016","2","","Wyoming County, New York","Private","NAICS 5617 Services to buildings and dwellings","County, NAICS 4-digit -- by ownership sector","All establishment sizes",20,82,102,96,374496,290393,15628,309,"",1.02,0.41,0.49,0.45,0.33,0.55,0.55,0.73,"",-1,-4.8,-4,-4.7,-3,-2.9,-8,-7.7,-30993,-7.6,-29037,-9.1,-3731,-19.3,-8,-2.5
"36121","5","5617","76","0","2016","3","","Wyoming County, New York","Private","NAICS 5617 Services to buildings and dwellings","County, NAICS 4-digit -- by ownership sector","All establishment sizes",21,90,94,95,444376,259179,14306,368,"",1.07,0.44,0.46,0.46,0.38,0.86,1.00,0.84,"",0,0.0,-17,-15.9,-2,-2.1,1,1.1,-77671,-14.9,-93772,-26.6,-7513,-34.4,-38,-9.4
"36121","5","5617","76","0","2016","4","","Wyoming County, New York","Private","NAICS 5617 Services to buildings and dwellings","County, NAICS 4-digit -- by ownership sector","All establishment sizes",21,96,97,92,376039,110626,4553,304,"",1.08,0.47,0.50,0.50,0.35,0.63,0.68,0.72,"",0,0.0,-5,-5.0,10,11.5,23,33.3,-121451,-24.4,-71683,-39.3,-4271,-48.4,-143,-32.0
"36121","5","56171","77","0","2016","1","N","Wyoming County, New York","Private","NAICS 56171 Exterminating and pest control services","County, NAICS 5-digit -- by ownership sector","All establishment sizes",1,0,0,0,0,0,0,0,"N",0.77,0,0,0,0,0,0,0,"N",0,0.0,0,0,0,0,0,0,0,0,0,0,0,0,0,0
"36121","5","56171","77","0","2016","2","N","Wyoming County, New York","Private","NAICS 56171 Exterminating and pest control services","County, NAICS 5-digit -- by ownership sector","All establishment sizes",1,0,0,0,0,0,0,0,"N",0.76,0,0,0,0,0,0,0,"N",0,0.0,0,0,0,0,0,0,0,0,0,0,0,0,0,0
"36121","5","56171","77","0","2016","3","N","Wyoming County, New York","Private","NAICS 56171 Exterminating and pest control services","County, NAICS 5-digit -- by ownership sector","All establishment sizes",1,0,0,0,0,0,0,0,"N",0.77,0,0,0,0,0,0,0,"N",0,0.0,0,0,0,0,0,0,0,0,0,0,0,0,0,0
"36121","5","56171","77","0","2016","4","N","Wyoming County, New York","Private","NAICS 56171 Exterminating and pest control services","County, NAICS 5-digit -- by ownership sector","All establishment sizes",1,0,0,0,0,0,0,0,"N",0.77,0,0,0,0,0,0,0,"N",0,0.0,0,0,0,0,0,0,0,0,0,0,0,0,0,0
"36121","5","561710","78","0","2016","1","N","Wyoming County, New York","Private","NAICS 561710 Exterminating and pest control services","County, NAICS 6-digit -- by ownership sector","All establishment sizes",1,0,0,0,0,0,0,0,"N",0.77,0,0,0,0,0,0,0,"N",0,0.0,0,0,0,0,0,0,0,0,0,0,0,0,0,0
"36121","5","561710","78","0","2016","2","N","Wyoming County, New York","Private","NAICS 561710 Exterminating and pest control services","County, NAICS 6-digit -- by ownership sector","All establishment sizes",1,0,0,0,0,0,0,0,"N",0.76,0,0,0,0,0,0,0,"N",0,0.0,0,0,0,0,0,0,0,0,0,0,0,0,0,0
"36121","5","561710","78","0","2016","3","N","Wyoming County, New York","Private","NAICS 561710 Exterminating and pest control services","County, NAICS 6-digit -- by ownership sector","All establishment sizes",1,0,0,0,0,0,0,0,"N",0.77,0,0,0,0,0,0,0,"N",0,0.0,0,0,0,0,0,0,0,0,0,0,0,0,0,0
"36121","5","561710","78","0","2016","4","N","Wyoming County, New York","Private","NAICS 561710 Exterminating and pest control services","County, NAICS 6-digit -- by ownership sector","All establishment sizes",1,0,0,0,0,0,0,0,"N",0.77,0,0,0,0,0,0,0,"N",0,0.0,0,0,0,0,0,0,0,0,0,0,0,0,0,0
"36121","5","56172","77","0","2016","1","","Wyoming County, New York","Private","NAICS 56172 Janitorial services","County, NAICS 5-digit -- by ownership sector","All establishment sizes",8,24,22,22,67275,57596,1433,228,"",1.26,0.24,0.22,0.22,0.18,0.17,0.13,0.78,"",0,0.0,2,9.1,1,4.8,1,4.8,-5799,-7.9,-4589,-7.4,-1206,-45.7,-35,-13.3
"36121","5","56172","77","0","2016","2","","Wyoming County, New York","Private","NAICS 56172 Janitorial services","County, NAICS 5-digit -- by ownership sector","All establishment sizes",8,28,32,26,76765,48499,971,206,"",1.25,0.27,0.31,0.25,0.17,0.21,0.12,0.63,"",0,0.0,6,27.3,5,18.5,5,23.8,394,0.5,-816,-1.7,-595,-38.0,-46,-18.3
"36121","5","56172","77","0","2016","3","","Wyoming County, New York","Private","NAICS 56172 Janitorial services","County, NAICS 5-digit -- by ownership sector","All establishment sizes",9,27,26,25,81975,41467,799,243,"",1.40,0.27,0.25,0.24,0.18,0.31,0.18,0.73,"",1,12.5,4,17.4,2,8.3,5,25.0,12014,17.2,9206,28.5,-218,-21.4,2,0.8
"36121","5","56172","77","0","2016","4","","Wyoming County, New York","Private","NAICS 56172 Janitorial services","County, NAICS 5-digit -- by ownership sector","All establishment sizes",9,28,26,25,80490,24240,550,235,"",1.40,0.27,0.26,0.25,0.19,0.26,0.20,0.73,"",1,12.5,6,27.3,4,18.2,3,13.6,3782,4.9,961,4.1,-271,-33.0,-33,-12.3
"36121","5","561720","78","0","2016","1","","Wyoming County, New York","Private","NAICS 561720 Janitorial services","County, NAICS 6-digit -- by ownership sector","All establishment sizes",8,24,22,22,67275,57596,1433,228,"",1.26,0.24,0.22,0.22,0.18,0.17,0.13,0.78,"",0,0.0,2,9.1,1,4.8,1,4.8,-5799,-7.9,-4589,-7.4,-1206,-45.7,-35,-13.3
"36121","5","561720","78","0","2016","2","","Wyoming County, New York","Private","NAICS 561720 Janitorial services","County, NAICS 6-digit -- by ownership sector","All establishment sizes",8,28,32,26,76765,48499,971,206,"",1.25,0.27,0.31,0.25,0.17,0.21,0.12,0.63,"",0,0.0,6,27.3,5,18.5,5,23.8,394,0.5,-816,-1.7,-595,-38.0,-46,-18.3
"36121","5","561720","78","0","2016","3","","Wyoming County, New York","Private","NAICS 561720 Janitorial services","County, NAICS 6-digit -- by ownership sector","All establishment sizes",9,27,26,25,81975,41467,799,243,"",1.40,0.27,0.25,0.24,0.18,0.31,0.18,0.73,"",1,12.5,4,17.4,2,8.3,5,25.0,12014,17.2,9206,28.5,-218,-21.4,2,0.8
"36121","5","561720","78","0","2016","4","","Wyoming County, New York","Private","NAICS 561720 Janitorial services","County, NAICS 6-digit -- by ownership sector","All establishment sizes",9,28,26,25,80490,24240,550,235,"",1.40,0.27,0.26,0.25,0.19,0.26,0.20,0.73,"",1,12.5,6,27.3,4,18.2,3,13.6,3782,4.9,961,4.1,-271,-33.0,-33,-12.3
"36121","5","56173","77","0","2016","1","","Wyoming County, New York","Private","NAICS 56173 Landscaping services","County, NAICS 5-digit -- by ownership sector","All establishment sizes",9,35,36,32,73969,73969,3496,166,"",0.94,0.63,0.65,0.53,0.23,0.27,0.29,0.39,"",-1,-10.0,8,29.6,7,24.1,1,3.2,-13993,-15.9,-13993,-15.9,-1033,-22.8,-67,-28.8
"36121","5","56173","77","0","2016","2","","Wyoming County, New York","Private","NAICS 56173 Landscaping services","County, NAICS 5-digit -- by ownership sector","All establishment sizes",9,26,37,38,186622,160202,11598,426,"",0.93,0.36,0.46,0.46,0.37,0.65,0.67,0.85,"",-1,-10.0,-7,-21.2,-9,-19.6,-12,-24.0,-26293,-12.3,-14041,-8.1,-1082,-8.5,45,11.8
"36121","5","56173","77","0","2016","3","","Wyoming County, New York","Private","NAICS 56173 Landscaping services","County, NAICS 5-digit -- by ownership sector","All establishment sizes",9,33,35,36,254182,159104,11460,564,"",0.93,0.42,0.45,0.46,0.48,1.16,1.34,1.08,"",-1,-10.0,-17,-34.0,-6,-14.6,-8,-18.2,-92523,-26.7,-98568,-38.3,-6202,-35.1,-29,-4.9
"36121","5","56173","77","0","2016","4","","Wyoming County, New York","Private","NAICS 56173 Landscaping services","County, NAICS 5-digit -- by ownership sector","All establishment sizes",9,35,40,36,199378,48752,3184,415,"",0.93,0.46,0.57,0.56,0.43,0.74,0.98,0.82,"",-1,-10.0,-12,-25.5,5,14.3,14,63.6,-123865,-38.3,-61739,-55.9,-3206,-50.2,-302,-42.1
"36121","5","561730","78","0","2016","1","","Wyoming County, New York","Private","NAICS 561730 Landscaping services","County, NAICS 6-digit -- by ownership sector","All establishment sizes",9,35,36,32,73969,73969,3496,166,"",0.94,0.63,0.65,0.53,0.23,0.27,0.29,0.39,"",-1,-10.0,8,29.6,7,24.1,1,3.2,-13993,-15.9,-13993,-15.9,-1033,-22.8,-67,-28.8
"36121","5","561730","78","0","2016","2","","Wyoming County, New York","Private","NAICS 561730 Landscaping services","County, NAICS 6-digit -- by ownership sector","All establishment sizes",9,26,37,38,186622,160202,11598,426,"",0.93,0.36,0.46,0.46,0.37,0.65,0.67,0.85,"",-1,-10.0,-7,-21.2,-9,-19.6,-12,-24.0,-26293,-12.3,-14041,-8.1,-1082,-8.5,45,11.8
"36121","5","561730","78","0","2016","3","","Wyoming County, New York","Private","NAICS 561730 Landscaping services","County, NAICS 6-digit -- by ownership sector","All establishment sizes",9,33,35,36,254182,159104,11460,564,"",0.93,0.42,0.45,0.46,0.48,1.16,1.34,1.08,"",-1,-10.0,-17,-34.0,-6,-14.6,-8,-18.2,-92523,-26.7,-98568,-38.3,-6202,-35.1,-29,-4.9
"36121","5","561730","78","0","2016","4","","Wyoming County, New York","Private","NAICS 561730 Landscaping services","County, NAICS 6-digit -- by ownership sector","All establishment sizes",9,35,40,36,199378,48752,3184,415,"",0.93,0.46,0.57,0.56,0.43,0.74,0.98,0.82,"",-1,-10.0,-12,-25.5,5,14.3,14,63.6,-123865,-38.3,-61739,-55.9,-3206,-50.2,-302,-42.1
"36121","5","56174","77","0","2016","1","N","Wyoming County, New York","Private","NAICS 56174 Carpet and upholstery cleaning services","County, NAICS 5-digit -- by ownership sector","All establishment sizes",1,0,0,0,0,0,0,0,"N",1.33,0,0,0,0,0,0,0,"N",0,0.0,0,0,0,0,0,0,0,0,0,0,0,0,0,0
"36121","5","56174","77","0","2016","2","N","Wyoming County, New York","Private","NAICS 56174 Carpet and upholstery cleaning services","County, NAICS 5-digit -- by ownership sector","All establishment sizes",1,0,0,0,0,0,0,0,"N",1.34,0,0,0,0,0,0,0,"N",0,0.0,0,0,0,0,0,0,0,0,0,0,0,0,0,0
"36121","5","56174","77","0","2016","3","N","Wyoming County, New York","Private","NAICS 56174 Carpet and upholstery cleaning services","County, NAICS 5-digit -- by ownership sector","All establishment sizes",1,0,0,0,0,0,0,0,"N",1.35,0,0,0,0,0,0,0,"N",0,0.0,0,0,0,0,0,0,0,0,0,0,0,0,0,0
"36121","5","56174","77","0","2016","4","N","Wyoming County, New York","Private","NAICS 56174 Carpet and upholstery cleaning services","County, NAICS 5-digit -- by ownership sector","All establishment sizes",1,0,0,0,0,0,0,0,"N",1.36,0,0,0,0,0,0,0,"N",0,0.0,0,0,0,0,0,0,0,0,0,0,0,0,0,0
"36121","5","561740","78","0","2016","1","N","Wyoming County, New York","Private","NAICS 561740 Carpet and upholstery cleaning services","County, NAICS 6-digit -- by ownership sector","All establishment sizes",1,0,0,0,0,0,0,0,"N",1.33,0,0,0,0,0,0,0,"N",0,0.0,0,0,0,0,0,0,0,0,0,0,0,0,0,0
"36121","5","561740","78","0","2016","2","N","Wyoming County, New York","Private","NAICS 561740 Carpet and upholstery cleaning services","County, NAICS 6-digit -- by ownership sector","All establishment sizes",1,0,0,0,0,0,0,0,"N",1.34,0,0,0,0,0,0,0,"N",0,0.0,0,0,0,0,0,0,0,0,0,0,0,0,0,0
"36121","5","561740","78","0","2016","3","N","Wyoming County, New York","Private","NAICS 561740 Carpet and upholstery cleaning services","County, NAICS 6-digit -- by ownership sector","All establishment sizes",1,0,0,0,0,0,0,0,"N",1.35,0,0,0,0,0,0,0,"N",0,0.0,0,0,0,0,0,0,0,0,0,0,0,0,0,0
"36121","5","561740","78","0","2016","4","N","Wyoming County, New York","Private","NAICS 561740 Carpet and upholstery cleaning services","County, NAICS 6-digit -- by ownership sector","All establishment sizes",1,0,0,0,0,0,0,0,"N",1.36,0,0,0,0,0,0,0,"N",0,0.0,0,0,0,0,0,0,0,0,0,0,0,0,0,0
"36121","5","56179","77","0","2016","1","N","Wyoming County, New York","Private","NAICS 56179 Other services to buildings and dwellings","County, NAICS 5-digit -- by ownership sector","All establishment sizes",1,0,0,0,0,0,0,0,"N",0.73,0,0,0,0,0,0,0,"N",0,0.0,0,0,0,0,0,0,0,0,0,0,0,0,0,0
"36121","5","56179","77","0","2016","2","N","Wyoming County, New York","Private","NAICS 56179 Other services to buildings and dwellings","County, NAICS 5-digit -- by ownership sector","All establishment sizes",1,0,0,0,0,0,0,0,"N",0.72,0,0,0,0,0,0,0,"N",0,0.0,0,0,0,0,0,0,0,0,0,0,0,0,0,0
"36121","5","56179","77","0","2016","3","N","Wyoming County, New York","Private","NAICS 56179 Other services to buildings and dwellings","County, NAICS 5-digit -- by ownership sector","All establishment sizes",1,0,0,0,0,0,0,0,"N",0.72,0,0,0,0,0,0,0,"N",0,0.0,0,0,0,0,0,0,0,0,0,0,0,0,0,0
"36121","5","56179","77","0","2016","4","N","Wyoming County, New York","Private","NAICS 56179 Other services to buildings and dwellings","County, NAICS 5-digit -- by ownership sector","All establishment sizes",1,0,0,0,0,0,0,0,"N",0.72,0,0,0,0,0,0,0,"N",0,0.0,0,0,0,0,0,0,0,0,0,0,0,0,0,0
"36121","5","561790","78","0","2016","1","N","Wyoming County, New York","Private","NAICS 561790 Other services to buildings and dwellings","County, NAICS 6-digit -- by ownership sector","All establishment sizes",1,0,0,0,0,0,0,0,"N",0.73,0,0,0,0,0,0,0,"N",0,0.0,0,0,0,0,0,0,0,0,0,0,0,0,0,0
"36121","5","561790","78","0","2016","2","N","Wyoming County, New York","Private","NAICS 561790 Other services to buildings and dwellings","County, NAICS 6-digit -- by ownership sector","All establishment sizes",1,0,0,0,0,0,0,0,"N",0.72,0,0,0,0,0,0,0,"N",0,0.0,0,0,0,0,0,0,0,0,0,0,0,0,0,0
"36121","5","561790","78","0","2016","3","N","Wyoming County, New York","Private","NAICS 561790 Other services to buildings and dwellings","County, NAICS 6-digit -- by ownership sector","All establishment sizes",1,0,0,0,0,0,0,0,"N",0.72,0,0,0,0,0,0,0,"N",0,0.0,0,0,0,0,0,0,0,0,0,0,0,0,0,0
"36121","5","561790","78","0","2016","4","N","Wyoming County, New York","Private","NAICS 561790 Other services to buildings and dwellings","County, NAICS 6-digit -- by ownership sector","All establishment sizes",1,0,0,0,0,0,0,0,"N",0.72,0,0,0,0,0,0,0,"N",0,0.0,0,0,0,0,0,0,0,0,0,0,0,0,0,0
"36121","5","5619","76","0","2016","1","","Wyoming County, New York","Private","NAICS 5619 Other support services","County, NAICS 4-digit -- by ownership sector","All establishment sizes",4,9,10,12,25169,25169,849,187,"",1.58,0.31,0.35,0.41,0.11,0.16,0.13,0.30,"",0,0.0,5,125.0,5,100.0,7,140.0,13875,122.9,13875,122.9,580,215.6,1,0.5
"36121","5","5619","76","0","2016","2","","Wyoming County, New York","Private","NAICS 5619 Other support services","County, NAICS 4-digit -- by ownership sector","All establishment sizes",4,12,11,11,26081,26081,887,177,"",1.58,0.41,0.36,0.36,0.10,0.37,0.23,0.27,"",-1,-20.0,3,33.3,2,22.2,0,0.0,-295,-1.1,-295,-1.1,99,12.6,-33,-15.7
"36121","5","5619","76","0","2016","3","","Wyoming County, New York","Private","NAICS 5619 Other support services","County, NAICS 4-digit -- by ownership sector","All establishment sizes",4,9,9,9,22025,12959,399,188,"",1.59,0.31,0.31,0.30,0.08,0.33,0.20,0.28,"N",0,0.0,0,0,0,0,0,0,0,0,0,0,0,0,0,0
"36121","5","5619","76","0","2016","4","N","Wyoming County, New York","Private","NAICS 5619 Other support services","County, NAICS 4-digit -- by ownership sector","All establishment sizes",4,0,0,0,0,0,0,0,"N",1.59,0,0,0,0,0,0,0,"N",0,0.0,0,0,0,0,0,0,0,0,0,0,0,0,0,0
"36121","5","56199","77","0","2016","1","","Wyoming County, New York","Private","NAICS 56199 All other support services","County, NAICS 5-digit -- by ownership sector","All establishment sizes",4,9,10,12,25169,25169,849,187,"",2.12,0.48,0.54,0.64,0.17,0.26,0.25,0.31,"",0,0.0,5,125.0,5,100.0,7,140.0,13875,122.9,13875,122.9,580,215.6,1,0.5
"36121","5","56199","77","0","2016","2","","Wyoming County, New York","Private","NAICS 56199 All other support services","County, NAICS 5-digit -- by ownership sector","All establishment sizes",4,12,11,11,26081,26081,887,177,"",2.12,0.62,0.56,0.54,0.16,0.58,0.37,0.28,"",-1,-20.0,3,33.3,2,22.2,0,0.0,-295,-1.1,-295,-1.1,99,12.6,-33,-15.7
"36121","5","56199","77","0","2016","3","","Wyoming County, New York","Private","NAICS 56199 All other support services","County, NAICS 5-digit -- by ownership sector","All establishment sizes",4,9,9,9,22025,12959,399,188,"",2.13,0.46,0.47,0.46,0.13,0.51,0.31,0.28,"N",0,0.0,0,0,0,0,0,0,0,0,0,0,0,0,0,0
"36121","5","56199","77","0","2016","4","N","Wyoming County, New York","Private","NAICS 56199 All other support services","County, NAICS 5-digit -- by ownership sector","All establishment sizes",4,0,0,0,0,0,0,0,"N",2.13,0,0,0,0,0,0,0,"N",0,0.0,0,0,0,0,0,0,0,0,0,0,0,0,0,0
"36121","5","561990","78","0","2016","1","","Wyoming County, New York","Private","NAICS 561990 All other support services","County, NAICS 6-digit -- by ownership sector","All establishment sizes",4,9,10,12,25169,25169,849,187,"",2.12,0.48,0.54,0.64,0.17,0.26,0.25,0.31,"",0,0.0,5,125.0,5,100.0,7,140.0,13875,122.9,13875,122.9,580,215.6,1,0.5
"36121","5","561990","78","0","2016","2","","Wyoming County, New York","Private","NAICS 561990 All other support services","County, NAICS 6-digit -- by ownership sector","All establishment sizes",4,12,11,11,26081,26081,887,177,"",2.12,0.62,0.56,0.54,0.16,0.58,0.37,0.28,"",-1,-20.0,3,33.3,2,22.2,0,0.0,-295,-1.1,-295,-1.1,99,12.6,-33,-15.7
"36121","5","561990","78","0","2016","3","","Wyoming County, New York","Private","NAICS 561990 All other support services","County, NAICS 6-digit -- by ownership sector","All establishment sizes",4,9,9,9,22025,12959,399,188,"",2.13,0.46,0.47,0.46,0.13,0.51,0.31,0.28,"N",0,0.0,0,0,0,0,0,0,0,0,0,0,0,0,0,0
"36121","5","561990","78","0","2016","4","N","Wyoming County, New York","Private","NAICS 561990 All other support services","County, NAICS 6-digit -- by ownership sector","All establishment sizes",4,0,0,0,0,0,0,0,"N",2.13,0,0,0,0,0,0,0,"N",0,0.0,0,0,0,0,0,0,0,0,0,0,0,0,0,0
"36121","5","562","75","0","2016","1","N","Wyoming County, New York","Private","NAICS 562 Waste management and remediation services","County, NAICS 3-digit -- by ownership sector","All establishment sizes",1,0,0,0,0,0,0,0,"N",0.39,0,0,0,0,0,0,0,"N",0,0.0,0,0,0,0,0,0,0,0,0,0,0,0,0,0
"36121","5","562","75","0","2016","2","N","Wyoming County, New York","Private","NAICS 562 Waste management and remediation services","County, NAICS 3-digit -- by ownership sector","All establishment sizes",1,0,0,0,0,0,0,0,"N",0.39,0,0,0,0,0,0,0,"N",0,0.0,0,0,0,0,0,0,0,0,0,0,0,0,0,0
"36121","5","562","75","0","2016","3","N","Wyoming County, New York","Private","NAICS 562 Waste management and remediation services","County, NAICS 3-digit -- by ownership sector","All establishment sizes",1,0,0,0,0,0,0,0,"N",0.40,0,0,0,0,0,0,0,"N",0,0.0,0,0,0,0,0,0,0,0,0,0,0,0,0,0
"36121","5","562","75","0","2016","4","N","Wyoming County, New York","Private","NAICS 562 Waste management and remediation services","County, NAICS 3-digit -- by ownership sector","All establishment sizes",1,0,0,0,0,0,0,0,"N",0.40,0,0,0,0,0,0,0,"N",0,0.0,0,0,0,0,0,0,0,0,0,0,0,0,0,0
"36121","5","5621","76","0","2016","1","N","Wyoming County, New York","Private","NAICS 5621 Waste collection","County, NAICS 4-digit -- by ownership sector","All establishment sizes",1,0,0,0,0,0,0,0,"N",0.99,0,0,0,0,0,0,0,"N",0,0.0,0,0,0,0,0,0,0,0,0,0,0,0,0,0
"36121","5","5621","76","0","2016","2","N","Wyoming County, New York","Private","NAICS 5621 Waste collection","County, NAICS 4-digit -- by ownership sector","All establishment sizes",1,0,0,0,0,0,0,0,"N",0.99,0,0,0,0,0,0,0,"N",0,0.0,0,0,0,0,0,0,0,0,0,0,0,0,0,0
"36121","5","5621","76","0","2016","3","N","Wyoming County, New York","Private","NAICS 5621 Waste collection","County, NAICS 4-digit -- by ownership sector","All establishment sizes",1,0,0,0,0,0,0,0,"N",1.00,0,0,0,0,0,0,0,"N",0,0.0,0,0,0,0,0,0,0,0,0,0,0,0,0,0
"36121","5","5621","76","0","2016","4","N","Wyoming County, New York","Private","NAICS 5621 Waste collection","County, NAICS 4-digit -- by ownership sector","All establishment sizes",1,0,0,0,0,0,0,0,"N",1.00,0,0,0,0,0,0,0,"N",0,0.0,0,0,0,0,0,0,0,0,0,0,0,0,0,0
"36121","5","56211","77","0","2016","1","N","Wyoming County, New York","Private","NAICS 56211 Waste collection","County, NAICS 5-digit -- by ownership sector","All establishment sizes",1,0,0,0,0,0,0,0,"N",0.99,0,0,0,0,0,0,0,"N",0,0.0,0,0,0,0,0,0,0,0,0,0,0,0,0,0
"36121","5","56211","77","0","2016","2","N","Wyoming County, New York","Private","NAICS 56211 Waste collection","County, NAICS 5-digit -- by ownership sector","All establishment sizes",1,0,0,0,0,0,0,0,"N",0.99,0,0,0,0,0,0,0,"N",0,0.0,0,0,0,0,0,0,0,0,0,0,0,0,0,0
"36121","5","56211","77","0","2016","3","N","Wyoming County, New York","Private","NAICS 56211 Waste collection","County, NAICS 5-digit -- by ownership sector","All establishment sizes",1,0,0,0,0,0,0,0,"N",1.00,0,0,0,0,0,0,0,"N",0,0.0,0,0,0,0,0,0,0,0,0,0,0,0,0,0
"36121","5","56211","77","0","2016","4","N","Wyoming County, New York","Private","NAICS 56211 Waste collection","County, NAICS 5-digit -- by ownership sector","All establishment sizes",1,0,0,0,0,0,0,0,"N",1.00,0,0,0,0,0,0,0,"N",0,0.0,0,0,0,0,0,0,0,0,0,0,0,0,0,0
"36121","5","562119","78","0","2016","1","N","Wyoming County, New York","Private","NAICS 562119 Other waste collection","County, NAICS 6-digit -- by ownership sector","All establishment sizes",1,0,0,0,0,0,0,0,"N",8.05,0,0,0,0,0,0,0,"N",0,0.0,0,0,0,0,0,0,0,0,0,0,0,0,0,0
"36121","5","562119","78","0","2016","2","N","Wyoming County, New York","Private","NAICS 562119 Other waste collection","County, NAICS 6-digit -- by ownership sector","All establishment sizes",1,0,0,0,0,0,0,0,"N",8.00,0,0,0,0,0,0,0,"N",0,0.0,0,0,0,0,0,0,0,0,0,0,0,0,0,0
"36121","5","562119","78","0","2016","3","N","Wyoming County, New York","Private","NAICS 562119 Other waste collection","County, NAICS 6-digit -- by ownership sector","All establishment sizes",1,0,0,0,0,0,0,0,"N",8.04,0,0,0,0,0,0,0,"N",0,0.0,0,0,0,0,0,0,0,0,0,0,0,0,0,0
"36121","5","562119","78","0","2016","4","N","Wyoming County, New York","Private","NAICS 562119 Other waste collection","County, NAICS 6-digit -- by ownership sector","All establishment sizes",1,0,0,0,0,0,0,0,"N",8.04,0,0,0,0,0,0,0,"N",0,0.0,0,0,0,0,0,0,0,0,0,0,0,0,0,0
"36121","5","61","74","0","2016","1","N","Wyoming County, New York","Private","NAICS 61 Educational services","County, NAICS Sector -- by ownership sector","All establishment sizes",2,0,0,0,0,0,0,0,"N",0.19,0,0,0,0,0,0,0,"N",0,0.0,0,0,0,0,0,0,0,0,0,0,0,0,0,0
"36121","5","61","74","0","2016","2","N","Wyoming County, New York","Private","NAICS 61 Educational services","County, NAICS Sector -- by ownership sector","All establishment sizes",2,0,0,0,0,0,0,0,"N",0.19,0,0,0,0,0,0,0,"N",0,0.0,0,0,0,0,0,0,0,0,0,0,0,0,0,0
"36121","5","61","74","0","2016","3","N","Wyoming County, New York","Private","NAICS 61 Educational services","County, NAICS Sector -- by ownership sector","All establishment sizes",2,0,0,0,0,0,0,0,"N",0.19,0,0,0,0,0,0,0,"N",0,0.0,0,0,0,0,0,0,0,0,0,0,0,0,0,0
"36121","5","61","74","0","2016","4","N","Wyoming County, New York","Private","NAICS 61 Educational services","County, NAICS Sector -- by ownership sector","All establishment sizes",2,0,0,0,0,0,0,0,"N",0.19,0,0,0,0,0,0,0,"N",0,0.0,0,0,0,0,0,0,0,0,0,0,0,0,0,0
"36121","5","611","75","0","2016","1","N","Wyoming County, New York","Private","NAICS 611 Educational services","County, NAICS 3-digit -- by ownership sector","All establishment sizes",2,0,0,0,0,0,0,0,"N",0.19,0,0,0,0,0,0,0,"N",0,0.0,0,0,0,0,0,0,0,0,0,0,0,0,0,0
"36121","5","611","75","0","2016","2","N","Wyoming County, New York","Private","NAICS 611 Educational services","County, NAICS 3-digit -- by ownership sector","All establishment sizes",2,0,0,0,0,0,0,0,"N",0.19,0,0,0,0,0,0,0,"N",0,0.0,0,0,0,0,0,0,0,0,0,0,0,0,0,0
"36121","5","611","75","0","2016","3","N","Wyoming County, New York","Private","NAICS 611 Educational services","County, NAICS 3-digit -- by ownership sector","All establishment sizes",2,0,0,0,0,0,0,0,"N",0.19,0,0,0,0,0,0,0,"N",0,0.0,0,0,0,0,0,0,0,0,0,0,0,0,0,0
"36121","5","611","75","0","2016","4","N","Wyoming County, New York","Private","NAICS 611 Educational services","County, NAICS 3-digit -- by ownership sector","All establishment sizes",2,0,0,0,0,0,0,0,"N",0.19,0,0,0,0,0,0,0,"N",0,0.0,0,0,0,0,0,0,0,0,0,0,0,0,0,0
"36121","5","6114","76","0","2016","1","N","Wyoming County, New York","Private","NAICS 6114 Business, computer and management training","County, NAICS 4-digit -- by ownership sector","All establishment sizes",1,0,0,0,0,0,0,0,"N",1.01,0,0,0,0,0,0,0,"N",0,0.0,0,0,0,0,0,0,0,0,0,0,0,0,0,0
"36121","5","6114","76","0","2016","2","N","Wyoming County, New York","Private","NAICS 6114 Business, computer and management training","County, NAICS 4-digit -- by ownership sector","All establishment sizes",1,0,0,0,0,0,0,0,"N",1.01,0,0,0,0,0,0,0,"N",0,0.0,0,0,0,0,0,0,0,0,0,0,0,0,0,0
"36121","5","6114","76","0","2016","3","N","Wyoming County, New York","Private","NAICS 6114 Business, computer and management training","County, NAICS 4-digit -- by ownership sector","All establishment sizes",1,0,0,0,0,0,0,0,"N",1.01,0,0,0,0,0,0,0,"N",0,0.0,0,0,0,0,0,0,0,0,0,0,0,0,0,0
"36121","5","6114","76","0","2016","4","N","Wyoming County, New York","Private","NAICS 6114 Business, computer and management training","County, NAICS 4-digit -- by ownership sector","All establishment sizes",1,0,0,0,0,0,0,0,"N",1.02,0,0,0,0,0,0,0,"N",0,0.0,0,0,0,0,0,0,0,0,0,0,0,0,0,0
"36121","5","61143","77","0","2016","1","N","Wyoming County, New York","Private","NAICS 61143 Management training","County, NAICS 5-digit -- by ownership sector","All establishment sizes",1,0,0,0,0,0,0,0,"N",1.40,0,0,0,0,0,0,0,"N",0,0.0,0,0,0,0,0,0,0,0,0,0,0,0,0,0
"36121","5","61143","77","0","2016","2","N","Wyoming County, New York","Private","NAICS 61143 Management training","County, NAICS 5-digit -- by ownership sector","All establishment sizes",1,0,0,0,0,0,0,0,"N",1.40,0,0,0,0,0,0,0,"N",0,0.0,0,0,0,0,0,0,0,0,0,0,0,0,0,0
"36121","5","61143","77","0","2016","3","N","Wyoming County, New York","Private","NAICS 61143 Management training","County, NAICS 5-digit -- by ownership sector","All establishment sizes",1,0,0,0,0,0,0,0,"N",1.40,0,0,0,0,0,0,0,"N",0,0.0,0,0,0,0,0,0,0,0,0,0,0,0,0,0
"36121","5","61143","77","0","2016","4","N","Wyoming County, New York","Private","NAICS 61143 Management training","County, NAICS 5-digit -- by ownership sector","All establishment sizes",1,0,0,0,0,0,0,0,"N",1.40,0,0,0,0,0,0,0,"N",0,0.0,0,0,0,0,0,0,0,0,0,0,0,0,0,0
"36121","5","611430","78","0","2016","1","N","Wyoming County, New York","Private","NAICS 611430 Management training","County, NAICS 6-digit -- by ownership sector","All establishment sizes",1,0,0,0,0,0,0,0,"N",1.40,0,0,0,0,0,0,0,"N",0,0.0,0,0,0,0,0,0,0,0,0,0,0,0,0,0
"36121","5","611430","78","0","2016","2","N","Wyoming County, New York","Private","NAICS 611430 Management training","County, NAICS 6-digit -- by ownership sector","All establishment sizes",1,0,0,0,0,0,0,0,"N",1.40,0,0,0,0,0,0,0,"N",0,0.0,0,0,0,0,0,0,0,0,0,0,0,0,0,0
"36121","5","611430","78","0","2016","3","N","Wyoming County, New York","Private","NAICS 611430 Management training","County, NAICS 6-digit -- by ownership sector","All establishment sizes",1,0,0,0,0,0,0,0,"N",1.40,0,0,0,0,0,0,0,"N",0,0.0,0,0,0,0,0,0,0,0,0,0,0,0,0,0
"36121","5","611430","78","0","2016","4","N","Wyoming County, New York","Private","NAICS 611430 Management training","County, NAICS 6-digit -- by ownership sector","All establishment sizes",1,0,0,0,0,0,0,0,"N",1.40,0,0,0,0,0,0,0,"N",0,0.0,0,0,0,0,0,0,0,0,0,0,0,0,0,0
"36121","5","6116","76","0","2016","1","N","Wyoming County, New York","Private","NAICS 6116 Other schools and instruction","County, NAICS 4-digit -- by ownership sector","All establishment sizes",1,0,0,0,0,0,0,0,"N",0.22,0,0,0,0,0,0,0,"N",0,0.0,0,0,0,0,0,0,0,0,0,0,0,0,0,0
"36121","5","6116","76","0","2016","2","N","Wyoming County, New York","Private","NAICS 6116 Other schools and instruction","County, NAICS 4-digit -- by ownership sector","All establishment sizes",1,0,0,0,0,0,0,0,"N",0.21,0,0,0,0,0,0,0,"N",0,0.0,0,0,0,0,0,0,0,0,0,0,0,0,0,0
"36121","5","6116","76","0","2016","3","N","Wyoming County, New York","Private","NAICS 6116 Other schools and instruction","County, NAICS 4-digit -- by ownership sector","All establishment sizes",1,0,0,0,0,0,0,0,"N",0.21,0,0,0,0,0,0,0,"N",0,0.0,0,0,0,0,0,0,0,0,0,0,0,0,0,0
"36121","5","6116","76","0","2016","4","N","Wyoming County, New York","Private","NAICS 6116 Other schools and instruction","County, NAICS 4-digit -- by ownership sector","All establishment sizes",1,0,0,0,0,0,0,0,"N",0.21,0,0,0,0,0,0,0,"N",0,0.0,0,0,0,0,0,0,0,0,0,0,0,0,0,0
"36121","5","61161","77","0","2016","1","N","Wyoming County, New York","Private","NAICS 61161 Fine arts schools","County, NAICS 5-digit -- by ownership sector","All establishment sizes",1,0,0,0,0,0,0,0,"N",0.84,0,0,0,0,0,0,0,"N",0,0.0,0,0,0,0,0,0,0,0,0,0,0,0,0,0
"36121","5","61161","77","0","2016","2","N","Wyoming County, New York","Private","NAICS 61161 Fine arts schools","County, NAICS 5-digit -- by ownership sector","All establishment sizes",1,0,0,0,0,0,0,0,"N",0.84,0,0,0,0,0,0,0,"N",0,0.0,0,0,0,0,0,0,0,0,0,0,0,0,0,0
"36121","5","61161","77","0","2016","3","N","Wyoming County, New York","Private","NAICS 61161 Fine arts schools","County, NAICS 5-digit -- by ownership sector","All establishment sizes",1,0,0,0,0,0,0,0,"N",0.83,0,0,0,0,0,0,0,"N",0,0.0,0,0,0,0,0,0,0,0,0,0,0,0,0,0
"36121","5","61161","77","0","2016","4","N","Wyoming County, New York","Private","NAICS 61161 Fine arts schools","County, NAICS 5-digit -- by ownership sector","All establishment sizes",1,0,0,0,0,0,0,0,"N",0.83,0,0,0,0,0,0,0,"N",0,0.0,0,0,0,0,0,0,0,0,0,0,0,0,0,0
"36121","5","611610","78","0","2016","1","N","Wyoming County, New York","Private","NAICS 611610 Fine arts schools","County, NAICS 6-digit -- by ownership sector","All establishment sizes",1,0,0,0,0,0,0,0,"N",0.84,0,0,0,0,0,0,0,"N",0,0.0,0,0,0,0,0,0,0,0,0,0,0,0,0,0
"36121","5","611610","78","0","2016","2","N","Wyoming County, New York","Private","NAICS 611610 Fine arts schools","County, NAICS 6-digit -- by ownership sector","All establishment sizes",1,0,0,0,0,0,0,0,"N",0.84,0,0,0,0,0,0,0,"N",0,0.0,0,0,0,0,0,0,0,0,0,0,0,0,0,0
"36121","5","611610","78","0","2016","3","N","Wyoming County, New York","Private","NAICS 611610 Fine arts schools","County, NAICS 6-digit -- by ownership sector","All establishment sizes",1,0,0,0,0,0,0,0,"N",0.83,0,0,0,0,0,0,0,"N",0,0.0,0,0,0,0,0,0,0,0,0,0,0,0,0,0
"36121","5","611610","78","0","2016","4","N","Wyoming County, New York","Private","NAICS 611610 Fine arts schools","County, NAICS 6-digit -- by ownership sector","All establishment sizes",1,0,0,0,0,0,0,0,"N",0.83,0,0,0,0,0,0,0,"N",0,0.0,0,0,0,0,0,0,0,0,0,0,0,0,0,0
"36121","5","62","74","0","2016","1","N","Wyoming County, New York","Private","NAICS 62 Health care and social assistance","County, NAICS Sector -- by ownership sector","All establishment sizes",58,0,0,0,0,0,0,0,"N",0.43,0,0,0,0,0,0,0,"N",-2,-3.3,0,0,0,0,0,0,0,0,0,0,0,0,0,0
"36121","5","62","74","0","2016","2","N","Wyoming County, New York","Private","NAICS 62 Health care and social assistance","County, NAICS Sector -- by ownership sector","All establishment sizes",58,0,0,0,0,0,0,0,"N",0.42,0,0,0,0,0,0,0,"N",-2,-3.3,0,0,0,0,0,0,0,0,0,0,0,0,0,0
"36121","5","62","74","0","2016","3","N","Wyoming County, New York","Private","NAICS 62 Health care and social assistance","County, NAICS Sector -- by ownership sector","All establishment sizes",55,0,0,0,0,0,0,0,"N",0.41,0,0,0,0,0,0,0,"N",-4,-6.8,0,0,0,0,0,0,0,0,0,0,0,0,0,0
"36121","5","62","74","0","2016","4","N","Wyoming County, New York","Private","NAICS 62 Health care and social assistance","County, NAICS Sector -- by ownership sector","All establishment sizes",55,0,0,0,0,0,0,0,"N",0.40,0,0,0,0,0,0,0,"N",-4,-6.8,0,0,0,0,0,0,0,0,0,0,0,0,0,0
"36121","5","621","75","0","2016","1","","Wyoming County, New York","Private","NAICS 621 Ambulatory health care services","County, NAICS 3-digit -- by ownership sector","All establishment sizes",37,366,365,369,3510134,2207503,44134,736,"",0.68,0.55,0.55,0.56,0.52,0.69,0.52,0.94,"",-2,-5.1,12,3.4,5,1.4,1,0.3,-107065,-3.0,-2156,-0.1,-19227,-30.3,-35,-4.5
"36121","5","621","75","0","2016","2","","Wyoming County, New York","Private","NAICS 621 Ambulatory health care services","County, NAICS 3-digit -- by ownership sector","All establishment sizes",37,361,354,346,3880649,792669,16305,844,"",0.68,0.54,0.51,0.50,0.50,0.64,0.43,0.96,"",-2,-5.1,-12,-3.2,-14,-3.8,-18,-4.9,89000,2.3,24996,3.3,-5930,-26.7,52,6.6
"36121","5","621","75","0","2016","3","","Wyoming County, New York","Private","NAICS 621 Ambulatory health care services","County, NAICS 3-digit -- by ownership sector","All establishment sizes",34,354,360,357,3956862,353719,7141,853,"",0.63,0.53,0.54,0.52,0.50,0.55,0.38,0.95,"",-4,-10.5,-12,-3.3,-5,-1.4,-11,-3.0,-305588,-7.2,491,0.1,-3758,-34.5,-42,-4.7
"36121","5","621","75","0","2016","4","","Wyoming County, New York","Private","NAICS 621 Ambulatory health care services","County, NAICS 3-digit -- by ownership sector","All establishment sizes",34,361,365,367,5235784,314936,6106,1105,"",0.63,0.52,0.54,0.55,0.65,0.72,0.50,1.20,"",-4,-10.5,-6,-1.6,-1,-0.3,4,1.1,640534,13.9,51435,19.5,-1290,-17.4,137,14.2
"36121","5","6211","76","0","2016","1","","Wyoming County, New York","Private","NAICS 6211 Offices of physicians","County, NAICS 4-digit -- by ownership sector","All establishment sizes",18,138,137,138,1867626,1113160,20462,1044,"",0.90,0.58,0.58,0.58,0.55,0.89,0.67,0.95,"",-2,-10.0,0,0.0,-3,-2.1,-5,-3.5,-233688,-11.1,-34301,-3.0,-13316,-39.4,-108,-9.4
"36121","5","6211","76","0","2016","2","","Wyoming County, New York","Private","NAICS 6211 Offices of physicians","County, NAICS 4-digit -- by ownership sector","All establishment sizes",18,140,136,124,2052783,361280,6855,1184,"",0.90,0.58,0.55,0.50,0.52,0.91,0.59,0.95,"",-2,-10.0,-7,-4.8,-10,-6.8,-22,-15.1,-23273,-1.1,30098,9.1,-3455,-33.5,93,8.5
"36121","5","6211","76","0","2016","3","","Wyoming County, New York","Private","NAICS 6211 Offices of physicians","County, NAICS 4-digit -- by ownership sector","All establishment sizes",15,133,135,132,2145134,147208,2749,1238,"",0.76,0.55,0.56,0.54,0.52,0.74,0.51,0.95,"",-4,-21.1,-10,-7.0,-8,-5.6,-11,-7.7,-345481,-13.9,-26377,-15.2,-3085,-52.9,-102,-7.6
"36121","5","6211","76","0","2016","4","","Wyoming County, New York","Private","NAICS 6211 Offices of physicians","County, NAICS 4-digit -- by ownership sector","All establishment sizes",15,140,137,140,3102309,167857,2982,1717,"",0.76,0.57,0.57,0.58,0.71,1.25,0.84,1.24,"",-4,-21.1,-4,-2.8,-4,-2.8,0,0.0,374024,13.7,26013,18.3,-917,-23.5,236,15.9
"36121","5","62111","77","0","2016","1","","Wyoming County, New York","Private","NAICS 62111 Offices of physicians","County, NAICS 5-digit -- by ownership sector","All establishment sizes",18,138,137,138,1867626,1113160,20462,1044,"",0.90,0.58,0.58,0.58,0.55,0.89,0.67,0.95,"",-2,-10.0,0,0.0,-3,-2.1,-5,-3.5,-233688,-11.1,-34301,-3.0,-13316,-39.4,-108,-9.4
"36121","5","62111","77","0","2016","2","","Wyoming County, New York","Private","NAICS 62111 Offices of physicians","County, NAICS 5-digit -- by ownership sector","All establishment sizes",18,140,136,124,2052783,361280,6855,1184,"",0.90,0.58,0.55,0.50,0.52,0.91,0.59,0.95,"",-2,-10.0,-7,-4.8,-10,-6.8,-22,-15.1,-23273,-1.1,30098,9.1,-3455,-33.5,93,8.5
"36121","5","62111","77","0","2016","3","","Wyoming County, New York","Private","NAICS 62111 Offices of physicians","County, NAICS 5-digit -- by ownership sector","All establishment sizes",15,133,135,132,2145134,147208,2749,1238,"",0.76,0.55,0.56,0.54,0.52,0.74,0.51,0.95,"",-4,-21.1,-10,-7.0,-8,-5.6,-11,-7.7,-345481,-13.9,-26377,-15.2,-3085,-52.9,-102,-7.6
"36121","5","62111","77","0","2016","4","","Wyoming County, New York","Private","NAICS 62111 Offices of physicians","County, NAICS 5-digit -- by ownership sector","All establishment sizes",15,140,137,140,3102309,167857,2982,1717,"",0.76,0.57,0.57,0.58,0.71,1.25,0.84,1.24,"",-4,-21.1,-4,-2.8,-4,-2.8,0,0.0,374024,13.7,26013,18.3,-917,-23.5,236,15.9
"36121","5","621111","78","0","2016","1","","Wyoming County, New York","Private","NAICS 621111 Offices of physicians, except mental health","County, NAICS 6-digit -- by ownership sector","All establishment sizes",18,138,137,138,1867626,1113160,20462,1044,"",0.95,0.59,0.59,0.59,0.56,0.91,0.69,0.94,"",-2,-10.0,0,0.0,-3,-2.1,-5,-3.5,-233688,-11.1,-34301,-3.0,-13316,-39.4,-108,-9.4
"36121","5","621111","78","0","2016","2","","Wyoming County, New York","Private","NAICS 621111 Offices of physicians, except mental health","County, NAICS 6-digit -- by ownership sector","All establishment sizes",18,140,136,124,2052783,361280,6855,1184,"",0.95,0.60,0.57,0.51,0.52,0.93,0.61,0.94,"",-2,-10.0,-7,-4.8,-10,-6.8,-22,-15.1,-23273,-1.1,30098,9.1,-3455,-33.5,93,8.5
"36121","5","621111","78","0","2016","3","","Wyoming County, New York","Private","NAICS 621111 Offices of physicians, except mental health","County, NAICS 6-digit -- by ownership sector","All establishment sizes",15,133,135,132,2145134,147208,2749,1238,"",0.80,0.57,0.57,0.55,0.53,0.76,0.53,0.95,"",-4,-21.1,-10,-7.0,-8,-5.6,-11,-7.7,-345481,-13.9,-26377,-15.2,-3085,-52.9,-102,-7.6
"36121","5","621111","78","0","2016","4","","Wyoming County, New York","Private","NAICS 621111 Offices of physicians, except mental health","County, NAICS 6-digit -- by ownership sector","All establishment sizes",15,140,137,140,3102309,167857,2982,1717,"",0.80,0.58,0.58,0.60,0.72,1.28,0.87,1.23,"",-4,-21.1,-4,-2.8,-4,-2.8,0,0.0,374024,13.7,26013,18.3,-917,-23.5,236,15.9
"36121","5","6212","76","0","2016","1","","Wyoming County, New York","Private","NAICS 6212 Offices of dentists","County, NAICS 4-digit -- by ownership sector","All establishment sizes",6,71,71,72,632853,530255,9111,682,"",0.50,0.82,0.82,0.83,0.86,1.07,0.74,1.04,"",0,0.0,2,2.9,5,7.6,3,4.3,82882,15.1,48137,10.0,-1765,-16.2,60,9.6
"36121","5","6212","76","0","2016","2","","Wyoming County, New York","Private","NAICS 6212 Offices of dentists","County, NAICS 4-digit -- by ownership sector","All establishment sizes",6,70,69,69,724456,171201,2951,804,"",0.50,0.80,0.77,0.76,0.85,0.85,0.52,1.09,"",0,0.0,0,0.0,-1,-1.4,0,0.0,12307,1.7,-32980,-16.2,-1632,-35.6,18,2.3
"36121","5","6212","76","0","2016","3","","Wyoming County, New York","Private","NAICS 6212 Offices of dentists","County, NAICS 4-digit -- by ownership sector","All establishment sizes",6,71,73,69,703549,88768,1520,762,"",0.50,0.81,0.83,0.77,0.83,0.89,0.58,1.04,"",0,0.0,2,2.9,4,5.8,-3,-4.2,13300,1.9,23022,35.0,-92,-5.7,3,0.4
"36121","5","6212","76","0","2016","4","","Wyoming County, New York","Private","NAICS 6212 Offices of dentists","County, NAICS 4-digit -- by ownership sector","All establishment sizes",6,69,70,73,935417,63857,1093,1018,"",0.50,0.77,0.81,0.84,1.04,0.95,0.63,1.30,"",0,0.0,-4,-5.5,-1,-1.4,2,2.8,174987,23.0,19745,44.8,110,11.2,202,24.8
"36121","5","62121","77","0","2016","1","","Wyoming County, New York","Private","NAICS 62121 Offices of dentists","County, NAICS 5-digit -- by ownership sector","All establishment sizes",6,71,71,72,632853,530255,9111,682,"",0.50,0.82,0.82,0.83,0.86,1.07,0.74,1.04,"",0,0.0,2,2.9,5,7.6,3,4.3,82882,15.1,48137,10.0,-1765,-16.2,60,9.6
"36121","5","62121","77","0","2016","2","","Wyoming County, New York","Private","NAICS 62121 Offices of dentists","County, NAICS 5-digit -- by ownership sector","All establishment sizes",6,70,69,69,724456,171201,2951,804,"",0.50,0.80,0.77,0.76,0.85,0.85,0.52,1.09,"",0,0.0,0,0.0,-1,-1.4,0,0.0,12307,1.7,-32980,-16.2,-1632,-35.6,18,2.3
"36121","5","62121","77","0","2016","3","","Wyoming County, New York","Private","NAICS 62121 Offices of dentists","County, NAICS 5-digit -- by ownership sector","All establishment sizes",6,71,73,69,703549,88768,1520,762,"",0.50,0.81,0.83,0.77,0.83,0.89,0.58,1.04,"",0,0.0,2,2.9,4,5.8,-3,-4.2,13300,1.9,23022,35.0,-92,-5.7,3,0.4
"36121","5","62121","77","0","2016","4","","Wyoming County, New York","Private","NAICS 62121 Offices of dentists","County, NAICS 5-digit -- by ownership sector","All establishment sizes",6,69,70,73,935417,63857,1093,1018,"",0.50,0.77,0.81,0.84,1.04,0.95,0.63,1.30,"",0,0.0,-4,-5.5,-1,-1.4,2,2.8,174987,23.0,19745,44.8,110,11.2,202,24.8
"36121","5","621210","78","0","2016","1","","Wyoming County, New York","Private","NAICS 621210 Offices of dentists","County, NAICS 6-digit -- by ownership sector","All establishment sizes",6,71,71,72,632853,530255,9111,682,"",0.50,0.82,0.82,0.83,0.86,1.07,0.74,1.04,"",0,0.0,2,2.9,5,7.6,3,4.3,82882,15.1,48137,10.0,-1765,-16.2,60,9.6
"36121","5","621210","78","0","2016","2","","Wyoming County, New York","Private","NAICS 621210 Offices of dentists","County, NAICS 6-digit -- by ownership sector","All establishment sizes",6,70,69,69,724456,171201,2951,804,"",0.50,0.80,0.77,0.76,0.85,0.85,0.52,1.09,"",0,0.0,0,0.0,-1,-1.4,0,0.0,12307,1.7,-32980,-16.2,-1632,-35.6,18,2.3
"36121","5","621210","78","0","2016","3","","Wyoming County, New York","Private","NAICS 621210 Offices of dentists","County, NAICS 6-digit -- by ownership sector","All establishment sizes",6,71,73,69,703549,88768,1520,762,"",0.50,0.81,0.83,0.77,0.83,0.89,0.58,1.04,"",0,0.0,2,2.9,4,5.8,-3,-4.2,13300,1.9,23022,35.0,-92,-5.7,3,0.4
"36121","5","621210","78","0","2016","4","","Wyoming County, New York","Private","NAICS 621210 Offices of dentists","County, NAICS 6-digit -- by ownership sector","All establishment sizes",6,69,70,73,935417,63857,1093,1018,"",0.50,0.77,0.81,0.84,1.04,0.95,0.63,1.30,"",0,0.0,-4,-5.5,-1,-1.4,2,2.8,174987,23.0,19745,44.8,110,11.2,202,24.8
"36121","5","6213","76","0","2016","1","","Wyoming County, New York","Private","NAICS 6213 Offices of other health practitioners","County, NAICS 4-digit -- by ownership sector","All establishment sizes",5,27,28,29,190647,167226,2843,524,"",0.39,0.34,0.35,0.36,0.34,0.41,0.29,0.95,"",0,0.0,-1,-3.6,0,0.0,1,3.6,-1951,-1.0,4124,2.5,-607,-17.6,-5,-0.9
"36121","5","6213","76","0","2016","2","","Wyoming County, New York","Private","NAICS 6213 Offices of other health practitioners","County, NAICS 4-digit -- by ownership sector","All establishment sizes",5,27,27,29,217802,74326,1263,606,"",0.39,0.33,0.33,0.35,0.33,0.42,0.25,0.99,"",0,0.0,-1,-3.6,0,0.0,3,11.5,21656,11.0,5316,7.7,-204,-13.9,47,8.4
"36121","5","6213","76","0","2016","3","","Wyoming County, New York","Private","NAICS 6213 Offices of other health practitioners","County, NAICS 4-digit -- by ownership sector","All establishment sizes",5,29,31,30,212210,32691,556,544,"",0.39,0.36,0.38,0.36,0.33,0.34,0.21,0.88,"",0,0.0,0,0.0,1,3.3,2,7.1,-4429,-2.0,-6473,-16.5,-267,-32.4,-31,-5.4
"36121","5","6213","76","0","2016","4","","Wyoming County, New York","Private","NAICS 6213 Offices of other health practitioners","County, NAICS 4-digit -- by ownership sector","All establishment sizes",5,29,28,30,232714,18918,321,617,"",0.39,0.35,0.35,0.37,0.36,0.28,0.18,1.00,"",0,0.0,2,7.4,-2,-6.7,2,7.1,3732,1.6,5543,41.4,40,14.2,-5,-0.8
"36121","5","62131","77","0","2016","1","","Wyoming County, New York","Private","NAICS 62131 Offices of chiropractors","County, NAICS 5-digit -- by ownership sector","All establishment sizes",3,12,12,13,68507,59907,1018,427,"",0.84,0.97,0.97,1.05,0.99,1.05,0.74,0.99,"",0,0.0,0,0.0,0,0.0,1,8.3,-5029,-6.8,371,0.6,-232,-18.6,-44,-9.3
"36121","5","62131","77","0","2016","2","N","Wyoming County, New York","Private","NAICS 62131 Offices of chiropractors","County, NAICS 5-digit -- by ownership sector","All establishment sizes",3,0,0,0,0,0,0,0,"N",0.85,0,0,0,0,0,0,0,"N",0,0.0,0,0,0,0,0,0,0,0,0,0,0,0,0,0
"36121","5","62131","77","0","2016","3","","Wyoming County, New York","Private","NAICS 62131 Offices of chiropractors","County, NAICS 5-digit -- by ownership sector","All establishment sizes",3,13,13,13,80400,18480,314,476,"",0.85,1.03,1.03,1.01,1.00,1.11,0.73,0.98,"",0,0.0,1,8.3,0,0.0,1,8.3,6532,8.8,4848,35.6,27,9.4,15,3.3
"36121","5","62131","77","0","2016","4","N","Wyoming County, New York","Private","NAICS 62131 Offices of chiropractors","County, NAICS 5-digit -- by ownership sector","All establishment sizes",3,0,0,0,0,0,0,0,"N",0.85,0,0,0,0,0,0,0,"N",0,0.0,0,0,0,0,0,0,0,0,0,0,0,0,0,0
"36121","5","621310","78","0","2016","1","","Wyoming County, New York","Private","NAICS 621310 Offices of chiropractors","County, NAICS 6-digit -- by ownership sector","All establishment sizes",3,12,12,13,68507,59907,1018,427,"",0.84,0.97,0.97,1.05,0.99,1.05,0.74,0.99,"",0,0.0,0,0.0,0,0.0,1,8.3,-5029,-6.8,371,0.6,-232,-18.6,-44,-9.3
"36121","5","621310","78","0","2016","2","N","Wyoming County, New York","Private","NAICS 621310 Offices of chiropractors","County, NAICS 6-digit -- by ownership sector","All establishment sizes",3,0,0,0,0,0,0,0,"N",0.85,0,0,0,0,0,0,0,"N",0,0.0,0,0,0,0,0,0,0,0,0,0,0,0,0,0
"36121","5","621310","78","0","2016","3","","Wyoming County, New York","Private","NAICS 621310 Offices of chiropractors","County, NAICS 6-digit -- by ownership sector","All establishment sizes",3,13,13,13,80400,18480,314,476,"",0.85,1.03,1.03,1.01,1.00,1.11,0.73,0.98,"",0,0.0,1,8.3,0,0.0,1,8.3,6532,8.8,4848,35.6,27,9.4,15,3.3
"36121","5","621310","78","0","2016","4","N","Wyoming County, New York","Private","NAICS 621310 Offices of chiropractors","County, NAICS 6-digit -- by ownership sector","All establishment sizes",3,0,0,0,0,0,0,0,"N",0.85,0,0,0,0,0,0,0,"N",0,0.0,0,0,0,0,0,0,0,0,0,0,0,0,0,0
"36121","5","62134","77","0","2016","1","N","Wyoming County, New York","Private","NAICS 62134 Offices of specialty therapists","County, NAICS 5-digit -- by ownership sector","All establishment sizes",1,0,0,0,0,0,0,0,"N",0.31,0,0,0,0,0,0,0,"N",0,0.0,0,0,0,0,0,0,0,0,0,0,0,0,0,0
"36121","5","62134","77","0","2016","2","N","Wyoming County, New York","Private","NAICS 62134 Offices of specialty therapists","County, NAICS 5-digit -- by ownership sector","All establishment sizes",1,0,0,0,0,0,0,0,"N",0.31,0,0,0,0,0,0,0,"N",0,0.0,0,0,0,0,0,0,0,0,0,0,0,0,0,0
"36121","5","62134","77","0","2016","3","N","Wyoming County, New York","Private","NAICS 62134 Offices of specialty therapists","County, NAICS 5-digit -- by ownership sector","All establishment sizes",1,0,0,0,0,0,0,0,"N",0.31,0,0,0,0,0,0,0,"N",0,0.0,0,0,0,0,0,0,0,0,0,0,0,0,0,0
"36121","5","62134","77","0","2016","4","N","Wyoming County, New York","Private","NAICS 62134 Offices of specialty therapists","County, NAICS 5-digit -- by ownership sector","All establishment sizes",1,0,0,0,0,0,0,0,"N",0.31,0,0,0,0,0,0,0,"N",0,0.0,0,0,0,0,0,0,0,0,0,0,0,0,0,0
"36121","5","621340","78","0","2016","1","N","Wyoming County, New York","Private","NAICS 621340 Offices of specialty therapists","County, NAICS 6-digit -- by ownership sector","All establishment sizes",1,0,0,0,0,0,0,0,"N",0.31,0,0,0,0,0,0,0,"N",0,0.0,0,0,0,0,0,0,0,0,0,0,0,0,0,0
"36121","5","621340","78","0","2016","2","N","Wyoming County, New York","Private","NAICS 621340 Offices of specialty therapists","County, NAICS 6-digit -- by ownership sector","All establishment sizes",1,0,0,0,0,0,0,0,"N",0.31,0,0,0,0,0,0,0,"N",0,0.0,0,0,0,0,0,0,0,0,0,0,0,0,0,0
"36121","5","621340","78","0","2016","3","N","Wyoming County, New York","Private","NAICS 621340 Offices of specialty therapists","County, NAICS 6-digit -- by ownership sector","All establishment sizes",1,0,0,0,0,0,0,0,"N",0.31,0,0,0,0,0,0,0,"N",0,0.0,0,0,0,0,0,0,0,0,0,0,0,0,0,0
"36121","5","621340","78","0","2016","4","N","Wyoming County, New York","Private","NAICS 621340 Offices of specialty therapists","County, NAICS 6-digit -- by ownership sector","All establishment sizes",1,0,0,0,0,0,0,0,"N",0.31,0,0,0,0,0,0,0,"N",0,0.0,0,0,0,0,0,0,0,0,0,0,0,0,0,0
"36121","5","62139","77","0","2016","1","N","Wyoming County, New York","Private","NAICS 62139 Offices of all other health practitioners","County, NAICS 5-digit -- by ownership sector","All establishment sizes",1,0,0,0,0,0,0,0,"N",0.40,0,0,0,0,0,0,0,"N",0,0.0,0,0,0,0,0,0,0,0,0,0,0,0,0,0
"36121","5","62139","77","0","2016","2","N","Wyoming County, New York","Private","NAICS 62139 Offices of all other health practitioners","County, NAICS 5-digit -- by ownership sector","All establishment sizes",1,0,0,0,0,0,0,0,"N",0.40,0,0,0,0,0,0,0,"N",0,0.0,0,0,0,0,0,0,0,0,0,0,0,0,0,0
"36121","5","62139","77","0","2016","3","N","Wyoming County, New York","Private","NAICS 62139 Offices of all other health practitioners","County, NAICS 5-digit -- by ownership sector","All establishment sizes",1,0,0,0,0,0,0,0,"N",0.40,0,0,0,0,0,0,0,"N",0,0.0,0,0,0,0,0,0,0,0,0,0,0,0,0,0
"36121","5","62139","77","0","2016","4","N","Wyoming County, New York","Private","NAICS 62139 Offices of all other health practitioners","County, NAICS 5-digit -- by ownership sector","All establishment sizes",1,0,0,0,0,0,0,0,"N",0.40,0,0,0,0,0,0,0,"N",0,0.0,0,0,0,0,0,0,0,0,0,0,0,0,0,0
"36121","5","621399","78","0","2016","1","N","Wyoming County, New York","Private","NAICS 621399 Offices of miscellaneous health practitioners","County, NAICS 6-digit -- by ownership sector","All establishment sizes",1,0,0,0,0,0,0,0,"N",0.55,0,0,0,0,0,0,0,"N",0,0.0,0,0,0,0,0,0,0,0,0,0,0,0,0,0
"36121","5","621399","78","0","2016","2","N","Wyoming County, New York","Private","NAICS 621399 Offices of miscellaneous health practitioners","County, NAICS 6-digit -- by ownership sector","All establishment sizes",1,0,0,0,0,0,0,0,"N",0.55,0,0,0,0,0,0,0,"N",0,0.0,0,0,0,0,0,0,0,0,0,0,0,0,0,0
"36121","5","621399","78","0","2016","3","N","Wyoming County, New York","Private","NAICS 621399 Offices of miscellaneous health practitioners","County, NAICS 6-digit -- by ownership sector","All establishment sizes",1,0,0,0,0,0,0,0,"N",0.55,0,0,0,0,0,0,0,"N",0,0.0,0,0,0,0,0,0,0,0,0,0,0,0,0,0
"36121","5","621399","78","0","2016","4","N","Wyoming County, New York","Private","NAICS 621399 Offices of miscellaneous health practitioners","County, NAICS 6-digit -- by ownership sector","All establishment sizes",1,0,0,0,0,0,0,0,"N",0.55,0,0,0,0,0,0,0,"N",0,0.0,0,0,0,0,0,0,0,0,0,0,0,0,0,0
"36121","5","6214","76","0","2016","1","N","Wyoming County, New York","Private","NAICS 6214 Outpatient care centers","County, NAICS 4-digit -- by ownership sector","All establishment sizes",3,0,0,0,0,0,0,0,"N",0.95,0,0,0,0,0,0,0,"N",0,0.0,0,0,0,0,0,0,0,0,0,0,0,0,0,0
"36121","5","6214","76","0","2016","2","N","Wyoming County, New York","Private","NAICS 6214 Outpatient care centers","County, NAICS 4-digit -- by ownership sector","All establishment sizes",3,0,0,0,0,0,0,0,"N",0.95,0,0,0,0,0,0,0,"N",0,0.0,0,0,0,0,0,0,0,0,0,0,0,0,0,0
"36121","5","6214","76","0","2016","3","N","Wyoming County, New York","Private","NAICS 6214 Outpatient care centers","County, NAICS 4-digit -- by ownership sector","All establishment sizes",3,0,0,0,0,0,0,0,"N",0.95,0,0,0,0,0,0,0,"N",0,0.0,0,0,0,0,0,0,0,0,0,0,0,0,0,0
"36121","5","6214","76","0","2016","4","N","Wyoming County, New York","Private","NAICS 6214 Outpatient care centers","County, NAICS 4-digit -- by ownership sector","All establishment sizes",3,0,0,0,0,0,0,0,"N",0.95,0,0,0,0,0,0,0,"N",0,0.0,0,0,0,0,0,0,0,0,0,0,0,0,0,0
"36121","5","62142","77","0","2016","1","N","Wyoming County, New York","Private","NAICS 62142 Outpatient mental health centers","County, NAICS 5-digit -- by ownership sector","All establishment sizes",3,0,0,0,0,0,0,0,"N",3.46,0,0,0,0,0,0,0,"N",0,0.0,0,0,0,0,0,0,0,0,0,0,0,0,0,0
"36121","5","62142","77","0","2016","2","N","Wyoming County, New York","Private","NAICS 62142 Outpatient mental health centers","County, NAICS 5-digit -- by ownership sector","All establishment sizes",3,0,0,0,0,0,0,0,"N",3.43,0,0,0,0,0,0,0,"N",0,0.0,0,0,0,0,0,0,0,0,0,0,0,0,0,0
"36121","5","62142","77","0","2016","3","N","Wyoming County, New York","Private","NAICS 62142 Outpatient mental health centers","County, NAICS 5-digit -- by ownership sector","All establishment sizes",3,0,0,0,0,0,0,0,"N",3.43,0,0,0,0,0,0,0,"N",0,0.0,0,0,0,0,0,0,0,0,0,0,0,0,0,0
"36121","5","62142","77","0","2016","4","N","Wyoming County, New York","Private","NAICS 62142 Outpatient mental health centers","County, NAICS 5-digit -- by ownership sector","All establishment sizes",3,0,0,0,0,0,0,0,"N",3.42,0,0,0,0,0,0,0,"N",0,0.0,0,0,0,0,0,0,0,0,0,0,0,0,0,0
"36121","5","621420","78","0","2016","1","N","Wyoming County, New York","Private","NAICS 621420 Outpatient mental health centers","County, NAICS 6-digit -- by ownership sector","All establishment sizes",3,0,0,0,0,0,0,0,"N",3.46,0,0,0,0,0,0,0,"N",0,0.0,0,0,0,0,0,0,0,0,0,0,0,0,0,0
"36121","5","621420","78","0","2016","2","N","Wyoming County, New York","Private","NAICS 621420 Outpatient mental health centers","County, NAICS 6-digit -- by ownership sector","All establishment sizes",3,0,0,0,0,0,0,0,"N",3.43,0,0,0,0,0,0,0,"N",0,0.0,0,0,0,0,0,0,0,0,0,0,0,0,0,0
"36121","5","621420","78","0","2016","3","N","Wyoming County, New York","Private","NAICS 621420 Outpatient mental health centers","County, NAICS 6-digit -- by ownership sector","All establishment sizes",3,0,0,0,0,0,0,0,"N",3.43,0,0,0,0,0,0,0,"N",0,0.0,0,0,0,0,0,0,0,0,0,0,0,0,0,0
"36121","5","621420","78","0","2016","4","N","Wyoming County, New York","Private","NAICS 621420 Outpatient mental health centers","County, NAICS 6-digit -- by ownership sector","All establishment sizes",3,0,0,0,0,0,0,0,"N",3.42,0,0,0,0,0,0,0,"N",0,0.0,0,0,0,0,0,0,0,0,0,0,0,0,0,0
"36121","5","6216","76","0","2016","1","","Wyoming County, New York","Private","NAICS 6216 Home health care services","County, NAICS 4-digit -- by ownership sector","All establishment sizes",4,61,61,65,415949,41064,1086,513,"",1.27,0.48,0.48,0.51,0.63,0.09,0.08,1.27,"",0,0.0,8,15.1,7,13.0,7,12.1,55306,15.3,-3447,-7.7,-608,-35.9,9,1.8
"36121","5","6216","76","0","2016","2","","Wyoming County, New York","Private","NAICS 6216 Home health care services","County, NAICS 4-digit -- by ownership sector","All establishment sizes",4,57,57,59,427057,41844,1124,570,"",1.27,0.44,0.43,0.44,0.56,0.17,0.13,1.28,"",0,0.0,-3,-5.0,-2,-3.4,1,1.7,29695,7.5,2619,6.7,-429,-27.6,52,10.0
"36121","5","6216","76","0","2016","3","","Wyoming County, New York","Private","NAICS 6216 Home health care services","County, NAICS 4-digit -- by ownership sector","All establishment sizes",4,58,58,59,417200,22441,584,550,"",1.28,0.45,0.45,0.44,0.54,0.16,0.12,1.20,"",0,0.0,0,0.0,0,0.0,1,1.7,-24855,-5.6,-109,-0.5,-307,-34.5,-36,-6.1
"36121","5","6216","76","0","2016","4","","Wyoming County, New York","Private","NAICS 6216 Home health care services","County, NAICS 4-digit -- by ownership sector","All establishment sizes",4,64,64,65,557666,15774,402,667,"",1.28,0.48,0.50,0.51,0.77,0.16,0.13,1.56,"",0,0.0,5,8.5,3,4.9,5,8.3,106649,23.6,2745,21.1,-108,-21.2,89,15.4
"36121","5","62161","77","0","2016","1","","Wyoming County, New York","Private","NAICS 62161 Home health care services","County, NAICS 5-digit -- by ownership sector","All establishment sizes",4,61,61,65,415949,41064,1086,513,"",1.27,0.48,0.48,0.51,0.63,0.09,0.08,1.27,"",0,0.0,8,15.1,7,13.0,7,12.1,55306,15.3,-3447,-7.7,-608,-35.9,9,1.8
"36121","5","62161","77","0","2016","2","","Wyoming County, New York","Private","NAICS 62161 Home health care services","County, NAICS 5-digit -- by ownership sector","All establishment sizes",4,57,57,59,427057,41844,1124,570,"",1.27,0.44,0.43,0.44,0.56,0.17,0.13,1.28,"",0,0.0,-3,-5.0,-2,-3.4,1,1.7,29695,7.5,2619,6.7,-429,-27.6,52,10.0
"36121","5","62161","77","0","2016","3","","Wyoming County, New York","Private","NAICS 62161 Home health care services","County, NAICS 5-digit -- by ownership sector","All establishment sizes",4,58,58,59,417200,22441,584,550,"",1.28,0.45,0.45,0.44,0.54,0.16,0.12,1.20,"",0,0.0,0,0.0,0,0.0,1,1.7,-24855,-5.6,-109,-0.5,-307,-34.5,-36,-6.1
"36121","5","62161","77","0","2016","4","","Wyoming County, New York","Private","NAICS 62161 Home health care services","County, NAICS 5-digit -- by ownership sector","All establishment sizes",4,64,64,65,557666,15774,402,667,"",1.28,0.48,0.50,0.51,0.77,0.16,0.13,1.56,"",0,0.0,5,8.5,3,4.9,5,8.3,106649,23.6,2745,21.1,-108,-21.2,89,15.4
"36121","5","621610","78","0","2016","1","","Wyoming County, New York","Private","NAICS 621610 Home health care services","County, NAICS 6-digit -- by ownership sector","All establishment sizes",4,61,61,65,415949,41064,1086,513,"",1.27,0.48,0.48,0.51,0.63,0.09,0.08,1.27,"",0,0.0,8,15.1,7,13.0,7,12.1,55306,15.3,-3447,-7.7,-608,-35.9,9,1.8
"36121","5","621610","78","0","2016","2","","Wyoming County, New York","Private","NAICS 621610 Home health care services","County, NAICS 6-digit -- by ownership sector","All establishment sizes",4,57,57,59,427057,41844,1124,570,"",1.27,0.44,0.43,0.44,0.56,0.17,0.13,1.28,"",0,0.0,-3,-5.0,-2,-3.4,1,1.7,29695,7.5,2619,6.7,-429,-27.6,52,10.0
"36121","5","621610","78","0","2016","3","","Wyoming County, New York","Private","NAICS 621610 Home health care services","County, NAICS 6-digit -- by ownership sector","All establishment sizes",4,58,58,59,417200,22441,584,550,"",1.28,0.45,0.45,0.44,0.54,0.16,0.12,1.20,"",0,0.0,0,0.0,0,0.0,1,1.7,-24855,-5.6,-109,-0.5,-307,-34.5,-36,-6.1
"36121","5","621610","78","0","2016","4","","Wyoming County, New York","Private","NAICS 621610 Home health care services","County, NAICS 6-digit -- by ownership sector","All establishment sizes",4,64,64,65,557666,15774,402,667,"",1.28,0.48,0.50,0.51,0.77,0.16,0.13,1.56,"",0,0.0,5,8.5,3,4.9,5,8.3,106649,23.6,2745,21.1,-108,-21.2,89,15.4
"36121","5","6219","76","0","2016","1","N","Wyoming County, New York","Private","NAICS 6219 Other ambulatory health care services","County, NAICS 4-digit -- by ownership sector","All establishment sizes",1,0,0,0,0,0,0,0,"N",0.89,0,0,0,0,0,0,0,"N",0,0.0,0,0,0,0,0,0,0,0,0,0,0,0,0,0
"36121","5","6219","76","0","2016","2","N","Wyoming County, New York","Private","NAICS 6219 Other ambulatory health care services","County, NAICS 4-digit -- by ownership sector","All establishment sizes",1,0,0,0,0,0,0,0,"N",0.89,0,0,0,0,0,0,0,"N",0,0.0,0,0,0,0,0,0,0,0,0,0,0,0,0,0
"36121","5","6219","76","0","2016","3","N","Wyoming County, New York","Private","NAICS 6219 Other ambulatory health care services","County, NAICS 4-digit -- by ownership sector","All establishment sizes",1,0,0,0,0,0,0,0,"N",0.88,0,0,0,0,0,0,0,"N",0,0.0,0,0,0,0,0,0,0,0,0,0,0,0,0,0
"36121","5","6219","76","0","2016","4","N","Wyoming County, New York","Private","NAICS 6219 Other ambulatory health care services","County, NAICS 4-digit -- by ownership sector","All establishment sizes",1,0,0,0,0,0,0,0,"N",0.88,0,0,0,0,0,0,0,"N",0,0.0,0,0,0,0,0,0,0,0,0,0,0,0,0,0
"36121","5","62191","77","0","2016","1","N","Wyoming County, New York","Private","NAICS 62191 Ambulance services","County, NAICS 5-digit -- by ownership sector","All establishment sizes",1,0,0,0,0,0,0,0,"N",2.16,0,0,0,0,0,0,0,"N",0,0.0,0,0,0,0,0,0,0,0,0,0,0,0,0,0
"36121","5","62191","77","0","2016","2","N","Wyoming County, New York","Private","NAICS 62191 Ambulance services","County, NAICS 5-digit -- by ownership sector","All establishment sizes",1,0,0,0,0,0,0,0,"N",2.17,0,0,0,0,0,0,0,"N",0,0.0,0,0,0,0,0,0,0,0,0,0,0,0,0,0
"36121","5","62191","77","0","2016","3","N","Wyoming County, New York","Private","NAICS 62191 Ambulance services","County, NAICS 5-digit -- by ownership sector","All establishment sizes",1,0,0,0,0,0,0,0,"N",2.16,0,0,0,0,0,0,0,"N",0,0.0,0,0,0,0,0,0,0,0,0,0,0,0,0,0
"36121","5","62191","77","0","2016","4","N","Wyoming County, New York","Private","NAICS 62191 Ambulance services","County, NAICS 5-digit -- by ownership sector","All establishment sizes",1,0,0,0,0,0,0,0,"N",2.18,0,0,0,0,0,0,0,"N",0,0.0,0,0,0,0,0,0,0,0,0,0,0,0,0,0
"36121","5","621910","78","0","2016","1","N","Wyoming County, New York","Private","NAICS 621910 Ambulance services","County, NAICS 6-digit -- by ownership sector","All establishment sizes",1,0,0,0,0,0,0,0,"N",2.16,0,0,0,0,0,0,0,"N",0,0.0,0,0,0,0,0,0,0,0,0,0,0,0,0,0
"36121","5","621910","78","0","2016","2","N","Wyoming County, New York","Private","NAICS 621910 Ambulance services","County, NAICS 6-digit -- by ownership sector","All establishment sizes",1,0,0,0,0,0,0,0,"N",2.17,0,0,0,0,0,0,0,"N",0,0.0,0,0,0,0,0,0,0,0,0,0,0,0,0,0
"36121","5","621910","78","0","2016","3","N","Wyoming County, New York","Private","NAICS 621910 Ambulance services","County, NAICS 6-digit -- by ownership sector","All establishment sizes",1,0,0,0,0,0,0,0,"N",2.16,0,0,0,0,0,0,0,"N",0,0.0,0,0,0,0,0,0,0,0,0,0,0,0,0,0
"36121","5","621910","78","0","2016","4","N","Wyoming County, New York","Private","NAICS 621910 Ambulance services","County, NAICS 6-digit -- by ownership sector","All establishment sizes",1,0,0,0,0,0,0,0,"N",2.18,0,0,0,0,0,0,0,"N",0,0.0,0,0,0,0,0,0,0,0,0,0,0,0,0,0
"36121","5","623","75","0","2016","1","","Wyoming County, New York","Private","NAICS 623 Nursing and residential care facilities","County, NAICS 3-digit -- by ownership sector","All establishment sizes",8,209,214,216,1341526,884789,21904,484,"",1.11,0.67,0.69,0.69,0.80,0.85,0.74,1.18,"",0,0.0,-11,-5.0,-5,-2.3,-2,-0.9,136409,11.3,88486,11.1,-5105,-18.9,61,14.4
"36121","5","623","75","0","2016","2","","Wyoming County, New York","Private","NAICS 623 Nursing and residential care facilities","County, NAICS 3-digit -- by ownership sector","All establishment sizes",8,215,210,207,1346655,484481,11638,492,"",1.11,0.68,0.65,0.63,0.71,0.86,0.64,1.09,"",0,0.0,-16,-6.9,-21,-9.1,-19,-8.4,74532,5.9,-30147,-5.9,-5332,-31.4,65,15.2
"36121","5","623","75","0","2016","3","","Wyoming County, New York","Private","NAICS 623 Nursing and residential care facilities","County, NAICS 3-digit -- by ownership sector","All establishment sizes",8,209,209,212,1382762,217601,5149,507,"",1.11,0.66,0.66,0.66,0.72,0.71,0.56,1.10,"",0,0.0,-17,-7.5,-24,-10.3,-18,-7.8,64323,4.9,-31484,-12.6,-2914,-36.1,65,14.7
"36121","5","623","75","0","2016","4","","Wyoming County, New York","Private","NAICS 623 Nursing and residential care facilities","County, NAICS 3-digit -- by ownership sector","All establishment sizes",8,211,212,209,1441490,151058,3498,526,"",1.12,0.66,0.68,0.67,0.81,0.70,0.58,1.21,"",0,0.0,-11,-5.0,7,3.4,-8,-3.7,-31752,-2.2,-42204,-21.8,-2837,-44.8,-2,-0.4
"36121","5","6231","76","0","2016","1","N","Wyoming County, New York","Private","NAICS 6231 Nursing care facilities, skilled nursing","County, NAICS 4-digit -- by ownership sector","All establishment sizes",1,0,0,0,0,0,0,0,"N",0.62,0,0,0,0,0,0,0,"N",0,0.0,0,0,0,0,0,0,0,0,0,0,0,0,0,0
"36121","5","6231","76","0","2016","2","N","Wyoming County, New York","Private","NAICS 6231 Nursing care facilities, skilled nursing","County, NAICS 4-digit -- by ownership sector","All establishment sizes",1,0,0,0,0,0,0,0,"N",0.62,0,0,0,0,0,0,0,"N",0,0.0,0,0,0,0,0,0,0,0,0,0,0,0,0,0
"36121","5","6231","76","0","2016","3","N","Wyoming County, New York","Private","NAICS 6231 Nursing care facilities, skilled nursing","County, NAICS 4-digit -- by ownership sector","All establishment sizes",1,0,0,0,0,0,0,0,"N",0.62,0,0,0,0,0,0,0,"N",0,0.0,0,0,0,0,0,0,0,0,0,0,0,0,0,0
"36121","5","6231","76","0","2016","4","N","Wyoming County, New York","Private","NAICS 6231 Nursing care facilities, skilled nursing","County, NAICS 4-digit -- by ownership sector","All establishment sizes",1,0,0,0,0,0,0,0,"N",0.62,0,0,0,0,0,0,0,"N",0,0.0,0,0,0,0,0,0,0,0,0,0,0,0,0,0
"36121","5","62311","77","0","2016","1","N","Wyoming County, New York","Private","NAICS 62311 Nursing care facilities, skilled nursing","County, NAICS 5-digit -- by ownership sector","All establishment sizes",1,0,0,0,0,0,0,0,"N",0.62,0,0,0,0,0,0,0,"N",0,0.0,0,0,0,0,0,0,0,0,0,0,0,0,0,0
"36121","5","62311","77","0","2016","2","N","Wyoming County, New York","Private","NAICS 62311 Nursing care facilities, skilled nursing","County, NAICS 5-digit -- by ownership sector","All establishment sizes",1,0,0,0,0,0,0,0,"N",0.62,0,0,0,0,0,0,0,"N",0,0.0,0,0,0,0,0,0,0,0,0,0,0,0,0,0
"36121","5","62311","77","0","2016","3","N","Wyoming County, New York","Private","NAICS 62311 Nursing care facilities, skilled nursing","County, NAICS 5-digit -- by ownership sector","All establishment sizes",1,0,0,0,0,0,0,0,"N",0.62,0,0,0,0,0,0,0,"N",0,0.0,0,0,0,0,0,0,0,0,0,0,0,0,0,0
"36121","5","62311","77","0","2016","4","N","Wyoming County, New York","Private","NAICS 62311 Nursing care facilities, skilled nursing","County, NAICS 5-digit -- by ownership sector","All establishment sizes",1,0,0,0,0,0,0,0,"N",0.62,0,0,0,0,0,0,0,"N",0,0.0,0,0,0,0,0,0,0,0,0,0,0,0,0,0
"36121","5","623110","78","0","2016","1","N","Wyoming County, New York","Private","NAICS 623110 Nursing care facilities, skilled nursing","County, NAICS 6-digit -- by ownership sector","All establishment sizes",1,0,0,0,0,0,0,0,"N",0.62,0,0,0,0,0,0,0,"N",0,0.0,0,0,0,0,0,0,0,0,0,0,0,0,0,0
"36121","5","623110","78","0","2016","2","N","Wyoming County, New York","Private","NAICS 623110 Nursing care facilities, skilled nursing","County, NAICS 6-digit -- by ownership sector","All establishment sizes",1,0,0,0,0,0,0,0,"N",0.62,0,0,0,0,0,0,0,"N",0,0.0,0,0,0,0,0,0,0,0,0,0,0,0,0,0
"36121","5","623110","78","0","2016","3","N","Wyoming County, New York","Private","NAICS 623110 Nursing care facilities, skilled nursing","County, NAICS 6-digit -- by ownership sector","All establishment sizes",1,0,0,0,0,0,0,0,"N",0.62,0,0,0,0,0,0,0,"N",0,0.0,0,0,0,0,0,0,0,0,0,0,0,0,0,0
"36121","5","623110","78","0","2016","4","N","Wyoming County, New York","Private","NAICS 623110 Nursing care facilities, skilled nursing","County, NAICS 6-digit -- by ownership sector","All establishment sizes",1,0,0,0,0,0,0,0,"N",0.62,0,0,0,0,0,0,0,"N",0,0.0,0,0,0,0,0,0,0,0,0,0,0,0,0,0
"36121","5","6232","76","0","2016","1","","Wyoming County, New York","Private","NAICS 6232 Residential mental health facilities","County, NAICS 4-digit -- by ownership sector","All establishment sizes",6,65,67,70,384210,0,0,439,"",2.29,1.12,1.15,1.20,1.31,0.00,0.00,1.13,"",0,0.0,5,8.3,6,9.8,8,12.9,25683,7.2,0,0.0,0,0.0,-13,-2.9
"36121","5","6232","76","0","2016","2","","Wyoming County, New York","Private","NAICS 6232 Residential mental health facilities","County, NAICS 4-digit -- by ownership sector","All establishment sizes",6,65,64,64,376600,0,0,450,"",2.30,1.10,1.06,1.05,1.11,0.00,0.00,1.04,"",0,0.0,7,12.1,4,6.7,9,16.4,31899,9.3,0,0.0,0,0.0,-10,-2.2
"36121","5","6232","76","0","2016","3","","Wyoming County, New York","Private","NAICS 6232 Residential mental health facilities","County, NAICS 4-digit -- by ownership sector","All establishment sizes",6,60,61,61,411990,0,0,522,"",2.30,1.02,1.04,1.02,1.20,0.00,0.00,1.17,"",0,0.0,2,3.4,-1,-1.6,0,0.0,28074,7.3,0,0.0,0,0.0,33,6.7
"36121","5","6232","76","0","2016","4","N","Wyoming County, New York","Private","NAICS 6232 Residential mental health facilities","County, NAICS 4-digit -- by ownership sector","All establishment sizes",6,0,0,0,0,0,0,0,"N",2.31,0,0,0,0,0,0,0,"N",0,0.0,0,0,0,0,0,0,0,0,0,0,0,0,0,0
"36121","5","62321","77","0","2016","1","N","Wyoming County, New York","Private","NAICS 62321 Residential developmental disability homes","County, NAICS 5-digit -- by ownership sector","All establishment sizes",5,0,0,0,0,0,0,0,"N",2.61,0,0,0,0,0,0,0,"N",0,0.0,0,0,0,0,0,0,0,0,0,0,0,0,0,0
"36121","5","62321","77","0","2016","2","N","Wyoming County, New York","Private","NAICS 62321 Residential developmental disability homes","County, NAICS 5-digit -- by ownership sector","All establishment sizes",5,0,0,0,0,0,0,0,"N",2.62,0,0,0,0,0,0,0,"N",0,0.0,0,0,0,0,0,0,0,0,0,0,0,0,0,0
"36121","5","62321","77","0","2016","3","N","Wyoming County, New York","Private","NAICS 62321 Residential developmental disability homes","County, NAICS 5-digit -- by ownership sector","All establishment sizes",5,0,0,0,0,0,0,0,"N",2.63,0,0,0,0,0,0,0,"N",0,0.0,0,0,0,0,0,0,0,0,0,0,0,0,0,0
"36121","5","62321","77","0","2016","4","N","Wyoming County, New York","Private","NAICS 62321 Residential developmental disability homes","County, NAICS 5-digit -- by ownership sector","All establishment sizes",5,0,0,0,0,0,0,0,"N",2.63,0,0,0,0,0,0,0,"N",0,0.0,0,0,0,0,0,0,0,0,0,0,0,0,0,0
"36121","5","623210","78","0","2016","1","N","Wyoming County, New York","Private","NAICS 623210 Residential developmental disability homes","County, NAICS 6-digit -- by ownership sector","All establishment sizes",5,0,0,0,0,0,0,0,"N",2.61,0,0,0,0,0,0,0,"N",0,0.0,0,0,0,0,0,0,0,0,0,0,0,0,0,0
"36121","5","623210","78","0","2016","2","N","Wyoming County, New York","Private","NAICS 623210 Residential developmental disability homes","County, NAICS 6-digit -- by ownership sector","All establishment sizes",5,0,0,0,0,0,0,0,"N",2.62,0,0,0,0,0,0,0,"N",0,0.0,0,0,0,0,0,0,0,0,0,0,0,0,0,0
"36121","5","623210","78","0","2016","3","N","Wyoming County, New York","Private","NAICS 623210 Residential developmental disability homes","County, NAICS 6-digit -- by ownership sector","All establishment sizes",5,0,0,0,0,0,0,0,"N",2.63,0,0,0,0,0,0,0,"N",0,0.0,0,0,0,0,0,0,0,0,0,0,0,0,0,0
"36121","5","623210","78","0","2016","4","N","Wyoming County, New York","Private","NAICS 623210 Residential developmental disability homes","County, NAICS 6-digit -- by ownership sector","All establishment sizes",5,0,0,0,0,0,0,0,"N",2.63,0,0,0,0,0,0,0,"N",0,0.0,0,0,0,0,0,0,0,0,0,0,0,0,0,0
"36121","5","62322","77","0","2016","1","N","Wyoming County, New York","Private","NAICS 62322 Residential mental and substance abuse care","County, NAICS 5-digit -- by ownership sector","All establishment sizes",1,0,0,0,0,0,0,0,"N",1.42,0,0,0,0,0,0,0,"N",0,0.0,0,0,0,0,0,0,0,0,0,0,0,0,0,0
"36121","5","62322","77","0","2016","2","N","Wyoming County, New York","Private","NAICS 62322 Residential mental and substance abuse care","County, NAICS 5-digit -- by ownership sector","All establishment sizes",1,0,0,0,0,0,0,0,"N",1.42,0,0,0,0,0,0,0,"N",0,0.0,0,0,0,0,0,0,0,0,0,0,0,0,0,0
"36121","5","62322","77","0","2016","3","N","Wyoming County, New York","Private","NAICS 62322 Residential mental and substance abuse care","County, NAICS 5-digit -- by ownership sector","All establishment sizes",1,0,0,0,0,0,0,0,"N",1.41,0,0,0,0,0,0,0,"N",0,0.0,0,0,0,0,0,0,0,0,0,0,0,0,0,0
"36121","5","62322","77","0","2016","4","N","Wyoming County, New York","Private","NAICS 62322 Residential mental and substance abuse care","County, NAICS 5-digit -- by ownership sector","All establishment sizes",1,0,0,0,0,0,0,0,"N",1.42,0,0,0,0,0,0,0,"N",0,0.0,0,0,0,0,0,0,0,0,0,0,0,0,0,0
"36121","5","623220","78","0","2016","1","N","Wyoming County, New York","Private","NAICS 623220 Residential mental and substance abuse care","County, NAICS 6-digit -- by ownership sector","All establishment sizes",1,0,0,0,0,0,0,0,"N",1.42,0,0,0,0,0,0,0,"N",0,0.0,0,0,0,0,0,0,0,0,0,0,0,0,0,0
"36121","5","623220","78","0","2016","2","N","Wyoming County, New York","Private","NAICS 623220 Residential mental and substance abuse care","County, NAICS 6-digit -- by ownership sector","All establishment sizes",1,0,0,0,0,0,0,0,"N",1.42,0,0,0,0,0,0,0,"N",0,0.0,0,0,0,0,0,0,0,0,0,0,0,0,0,0
"36121","5","623220","78","0","2016","3","N","Wyoming County, New York","Private","NAICS 623220 Residential mental and substance abuse care","County, NAICS 6-digit -- by ownership sector","All establishment sizes",1,0,0,0,0,0,0,0,"N",1.41,0,0,0,0,0,0,0,"N",0,0.0,0,0,0,0,0,0,0,0,0,0,0,0,0,0
"36121","5","623220","78","0","2016","4","N","Wyoming County, New York","Private","NAICS 623220 Residential mental and substance abuse care","County, NAICS 6-digit -- by ownership sector","All establishment sizes",1,0,0,0,0,0,0,0,"N",1.42,0,0,0,0,0,0,0,"N",0,0.0,0,0,0,0,0,0,0,0,0,0,0,0,0,0
"36121","5","6233","76","0","2016","1","N","Wyoming County, New York","Private","NAICS 6233 Continuing care, assisted living facilities","County, NAICS 4-digit -- by ownership sector","All establishment sizes",1,0,0,0,0,0,0,0,"N",0.42,0,0,0,0,0,0,0,"N",0,0.0,0,0,0,0,0,0,0,0,0,0,0,0,0,0
"36121","5","6233","76","0","2016","2","N","Wyoming County, New York","Private","NAICS 6233 Continuing care, assisted living facilities","County, NAICS 4-digit -- by ownership sector","All establishment sizes",1,0,0,0,0,0,0,0,"N",0.42,0,0,0,0,0,0,0,"N",0,0.0,0,0,0,0,0,0,0,0,0,0,0,0,0,0
"36121","5","6233","76","0","2016","3","N","Wyoming County, New York","Private","NAICS 6233 Continuing care, assisted living facilities","County, NAICS 4-digit -- by ownership sector","All establishment sizes",1,0,0,0,0,0,0,0,"N",0.43,0,0,0,0,0,0,0,"N",0,0.0,0,0,0,0,0,0,0,0,0,0,0,0,0,0
"36121","5","6233","76","0","2016","4","N","Wyoming County, New York","Private","NAICS 6233 Continuing care, assisted living facilities","County, NAICS 4-digit -- by ownership sector","All establishment sizes",1,0,0,0,0,0,0,0,"N",0.43,0,0,0,0,0,0,0,"N",0,0.0,0,0,0,0,0,0,0,0,0,0,0,0,0,0
"36121","5","62331","77","0","2016","1","N","Wyoming County, New York","Private","NAICS 62331 Continuing care, assisted living facilities","County, NAICS 5-digit -- by ownership sector","All establishment sizes",1,0,0,0,0,0,0,0,"N",0.42,0,0,0,0,0,0,0,"N",0,0.0,0,0,0,0,0,0,0,0,0,0,0,0,0,0
"36121","5","62331","77","0","2016","2","N","Wyoming County, New York","Private","NAICS 62331 Continuing care, assisted living facilities","County, NAICS 5-digit -- by ownership sector","All establishment sizes",1,0,0,0,0,0,0,0,"N",0.42,0,0,0,0,0,0,0,"N",0,0.0,0,0,0,0,0,0,0,0,0,0,0,0,0,0
"36121","5","62331","77","0","2016","3","N","Wyoming County, New York","Private","NAICS 62331 Continuing care, assisted living facilities","County, NAICS 5-digit -- by ownership sector","All establishment sizes",1,0,0,0,0,0,0,0,"N",0.43,0,0,0,0,0,0,0,"N",0,0.0,0,0,0,0,0,0,0,0,0,0,0,0,0,0
"36121","5","62331","77","0","2016","4","N","Wyoming County, New York","Private","NAICS 62331 Continuing care, assisted living facilities","County, NAICS 5-digit -- by ownership sector","All establishment sizes",1,0,0,0,0,0,0,0,"N",0.43,0,0,0,0,0,0,0,"N",0,0.0,0,0,0,0,0,0,0,0,0,0,0,0,0,0
"36121","5","623312","78","0","2016","1","N","Wyoming County, New York","Private","NAICS 623312 Assisted living facilities for the elderly","County, NAICS 6-digit -- by ownership sector","All establishment sizes",1,0,0,0,0,0,0,0,"N",0.58,0,0,0,0,0,0,0,"N",0,0.0,0,0,0,0,0,0,0,0,0,0,0,0,0,0
"36121","5","623312","78","0","2016","2","N","Wyoming County, New York","Private","NAICS 623312 Assisted living facilities for the elderly","County, NAICS 6-digit -- by ownership sector","All establishment sizes",1,0,0,0,0,0,0,0,"N",0.58,0,0,0,0,0,0,0,"N",0,0.0,0,0,0,0,0,0,0,0,0,0,0,0,0,0
"36121","5","623312","78","0","2016","3","N","Wyoming County, New York","Private","NAICS 623312 Assisted living facilities for the elderly","County, NAICS 6-digit -- by ownership sector","All establishment sizes",1,0,0,0,0,0,0,0,"N",0.58,0,0,0,0,0,0,0,"N",0,0.0,0,0,0,0,0,0,0,0,0,0,0,0,0,0
"36121","5","623312","78","0","2016","4","N","Wyoming County, New York","Private","NAICS 623312 Assisted living facilities for the elderly","County, NAICS 6-digit -- by ownership sector","All establishment sizes",1,0,0,0,0,0,0,0,"N",0.59,0,0,0,0,0,0,0,"N",0,0.0,0,0,0,0,0,0,0,0,0,0,0,0,0,0
"36121","5","624","75","0","2016","1","N","Wyoming County, New York","Private","NAICS 624 Social assistance","County, NAICS 3-digit -- by ownership sector","All establishment sizes",13,0,0,0,0,0,0,0,"N",0.18,0,0,0,0,0,0,0,"N",0,0.0,0,0,0,0,0,0,0,0,0,0,0,0,0,0
"36121","5","624","75","0","2016","2","N","Wyoming County, New York","Private","NAICS 624 Social assistance","County, NAICS 3-digit -- by ownership sector","All establishment sizes",13,0,0,0,0,0,0,0,"N",0.17,0,0,0,0,0,0,0,"N",0,0.0,0,0,0,0,0,0,0,0,0,0,0,0,0,0
"36121","5","624","75","0","2016","3","N","Wyoming County, New York","Private","NAICS 624 Social assistance","County, NAICS 3-digit -- by ownership sector","All establishment sizes",13,0,0,0,0,0,0,0,"N",0.18,0,0,0,0,0,0,0,"N",0,0.0,0,0,0,0,0,0,0,0,0,0,0,0,0,0
"36121","5","624","75","0","2016","4","N","Wyoming County, New York","Private","NAICS 624 Social assistance","County, NAICS 3-digit -- by ownership sector","All establishment sizes",13,0,0,0,0,0,0,0,"N",0.17,0,0,0,0,0,0,0,"N",0,0.0,0,0,0,0,0,0,0,0,0,0,0,0,0,0
"36121","5","6241","76","0","2016","1","","Wyoming County, New York","Private","NAICS 6241 Individual and family services","County, NAICS 4-digit -- by ownership sector","All establishment sizes",4,30,29,33,151628,23439,743,380,"",0.06,0.14,0.14,0.16,0.19,0.04,0.04,1.30,"N",0,0.0,0,0,0,0,0,0,0,0,0,0,0,0,0,0
"36121","5","6241","76","0","2016","2","","Wyoming County, New York","Private","NAICS 6241 Individual and family services","County, NAICS 4-digit -- by ownership sector","All establishment sizes",4,33,32,32,197709,30566,963,470,"",0.06,0.15,0.15,0.14,0.21,0.09,0.06,1.44,"",0,0.0,4,13.8,5,18.5,5,18.5,57566,41.1,7494,32.5,77,8.7,80,20.5
"36121","5","6241","76","0","2016","3","","Wyoming County, New York","Private","NAICS 6241 Individual and family services","County, NAICS 4-digit -- by ownership sector","All establishment sizes",4,36,38,40,186174,27416,751,377,"",0.06,0.17,0.18,0.19,0.20,0.13,0.09,1.13,"",0,0.0,8,28.6,12,46.2,13,48.1,31565,20.4,5934,27.6,-50,-6.2,-63,-14.3
"36121","5","6241","76","0","2016","4","","Wyoming County, New York","Private","NAICS 6241 Individual and family services","County, NAICS 4-digit -- by ownership sector","All establishment sizes",4,37,33,32,197377,20250,557,447,"",0.06,0.17,0.15,0.15,0.23,0.15,0.11,1.43,"N",0,0.0,0,0,0,0,0,0,0,0,0,0,0,0,0,0
"36121","5","62411","77","0","2016","1","N","Wyoming County, New York","Private","NAICS 62411 Child and youth services","County, NAICS 5-digit -- by ownership sector","All establishment sizes",1,0,0,0,0,0,0,0,"N",1.01,0,0,0,0,0,0,0,"N",0,0.0,0,0,0,0,0,0,0,0,0,0,0,0,0,0
"36121","5","62411","77","0","2016","2","N","Wyoming County, New York","Private","NAICS 62411 Child and youth services","County, NAICS 5-digit -- by ownership sector","All establishment sizes",1,0,0,0,0,0,0,0,"N",1.01,0,0,0,0,0,0,0,"N",0,0.0,0,0,0,0,0,0,0,0,0,0,0,0,0,0
"36121","5","62411","77","0","2016","3","N","Wyoming County, New York","Private","NAICS 62411 Child and youth services","County, NAICS 5-digit -- by ownership sector","All establishment sizes",1,0,0,0,0,0,0,0,"N",1.02,0,0,0,0,0,0,0,"N",0,0.0,0,0,0,0,0,0,0,0,0,0,0,0,0,0
"36121","5","62411","77","0","2016","4","N","Wyoming County, New York","Private","NAICS 62411 Child and youth services","County, NAICS 5-digit -- by ownership sector","All establishment sizes",1,0,0,0,0,0,0,0,"N",1.02,0,0,0,0,0,0,0,"N",0,0.0,0,0,0,0,0,0,0,0,0,0,0,0,0,0
"36121","5","624110","78","0","2016","1","N","Wyoming County, New York","Private","NAICS 624110 Child and youth services","County, NAICS 6-digit -- by ownership sector","All establishment sizes",1,0,0,0,0,0,0,0,"N",1.01,0,0,0,0,0,0,0,"N",0,0.0,0,0,0,0,0,0,0,0,0,0,0,0,0,0
"36121","5","624110","78","0","2016","2","N","Wyoming County, New York","Private","NAICS 624110 Child and youth services","County, NAICS 6-digit -- by ownership sector","All establishment sizes",1,0,0,0,0,0,0,0,"N",1.01,0,0,0,0,0,0,0,"N",0,0.0,0,0,0,0,0,0,0,0,0,0,0,0,0,0
"36121","5","624110","78","0","2016","3","N","Wyoming County, New York","Private","NAICS 624110 Child and youth services","County, NAICS 6-digit -- by ownership sector","All establishment sizes",1,0,0,0,0,0,0,0,"N",1.02,0,0,0,0,0,0,0,"N",0,0.0,0,0,0,0,0,0,0,0,0,0,0,0,0,0
"36121","5","624110","78","0","2016","4","N","Wyoming County, New York","Private","NAICS 624110 Child and youth services","County, NAICS 6-digit -- by ownership sector","All establishment sizes",1,0,0,0,0,0,0,0,"N",1.02,0,0,0,0,0,0,0,"N",0,0.0,0,0,0,0,0,0,0,0,0,0,0,0,0,0
"36121","5","62412","77","0","2016","1","N","Wyoming County, New York","Private","NAICS 62412 Services for the elderly and disabled","County, NAICS 5-digit -- by ownership sector","All establishment sizes",2,0,0,0,0,0,0,0,"N",0.03,0,0,0,0,0,0,0,"N",0,0.0,0,0,0,0,0,0,0,0,0,0,0,0,0,0
"36121","5","62412","77","0","2016","2","N","Wyoming County, New York","Private","NAICS 62412 Services for the elderly and disabled","County, NAICS 5-digit -- by ownership sector","All establishment sizes",2,0,0,0,0,0,0,0,"N",0.03,0,0,0,0,0,0,0,"N",0,0.0,0,0,0,0,0,0,0,0,0,0,0,0,0,0
"36121","5","62412","77","0","2016","3","N","Wyoming County, New York","Private","NAICS 62412 Services for the elderly and disabled","County, NAICS 5-digit -- by ownership sector","All establishment sizes",2,0,0,0,0,0,0,0,"N",0.03,0,0,0,0,0,0,0,"N",0,0.0,0,0,0,0,0,0,0,0,0,0,0,0,0,0
"36121","5","62412","77","0","2016","4","N","Wyoming County, New York","Private","NAICS 62412 Services for the elderly and disabled","County, NAICS 5-digit -- by ownership sector","All establishment sizes",2,0,0,0,0,0,0,0,"N",0.03,0,0,0,0,0,0,0,"N",0,0.0,0,0,0,0,0,0,0,0,0,0,0,0,0,0
"36121","5","624120","78","0","2016","1","N","Wyoming County, New York","Private","NAICS 624120 Services for the elderly and disabled","County, NAICS 6-digit -- by ownership sector","All establishment sizes",2,0,0,0,0,0,0,0,"N",0.03,0,0,0,0,0,0,0,"N",0,0.0,0,0,0,0,0,0,0,0,0,0,0,0,0,0
"36121","5","624120","78","0","2016","2","N","Wyoming County, New York","Private","NAICS 624120 Services for the elderly and disabled","County, NAICS 6-digit -- by ownership sector","All establishment sizes",2,0,0,0,0,0,0,0,"N",0.03,0,0,0,0,0,0,0,"N",0,0.0,0,0,0,0,0,0,0,0,0,0,0,0,0,0
"36121","5","624120","78","0","2016","3","N","Wyoming County, New York","Private","NAICS 624120 Services for the elderly and disabled","County, NAICS 6-digit -- by ownership sector","All establishment sizes",2,0,0,0,0,0,0,0,"N",0.03,0,0,0,0,0,0,0,"N",0,0.0,0,0,0,0,0,0,0,0,0,0,0,0,0,0
"36121","5","624120","78","0","2016","4","N","Wyoming County, New York","Private","NAICS 624120 Services for the elderly and disabled","County, NAICS 6-digit -- by ownership sector","All establishment sizes",2,0,0,0,0,0,0,0,"N",0.03,0,0,0,0,0,0,0,"N",0,0.0,0,0,0,0,0,0,0,0,0,0,0,0,0,0
"36121","5","62419","77","0","2016","1","N","Wyoming County, New York","Private","NAICS 62419 Other individual and family services","County, NAICS 5-digit -- by ownership sector","All establishment sizes",1,0,0,0,0,0,0,0,"N",0.38,0,0,0,0,0,0,0,"N",0,0.0,0,0,0,0,0,0,0,0,0,0,0,0,0,0
"36121","5","62419","77","0","2016","2","N","Wyoming County, New York","Private","NAICS 62419 Other individual and family services","County, NAICS 5-digit -- by ownership sector","All establishment sizes",1,0,0,0,0,0,0,0,"N",0.38,0,0,0,0,0,0,0,"N",0,0.0,0,0,0,0,0,0,0,0,0,0,0,0,0,0
"36121","5","62419","77","0","2016","3","N","Wyoming County, New York","Private","NAICS 62419 Other individual and family services","County, NAICS 5-digit -- by ownership sector","All establishment sizes",1,0,0,0,0,0,0,0,"N",0.38,0,0,0,0,0,0,0,"N",0,0.0,0,0,0,0,0,0,0,0,0,0,0,0,0,0
"36121","5","62419","77","0","2016","4","N","Wyoming County, New York","Private","NAICS 62419 Other individual and family services","County, NAICS 5-digit -- by ownership sector","All establishment sizes",1,0,0,0,0,0,0,0,"N",0.38,0,0,0,0,0,0,0,"N",0,0.0,0,0,0,0,0,0,0,0,0,0,0,0,0,0
"36121","5","624190","78","0","2016","1","N","Wyoming County, New York","Private","NAICS 624190 Other individual and family services","County, NAICS 6-digit -- by ownership sector","All establishment sizes",1,0,0,0,0,0,0,0,"N",0.38,0,0,0,0,0,0,0,"N",0,0.0,0,0,0,0,0,0,0,0,0,0,0,0,0,0
"36121","5","624190","78","0","2016","2","N","Wyoming County, New York","Private","NAICS 624190 Other individual and family services","County, NAICS 6-digit -- by ownership sector","All establishment sizes",1,0,0,0,0,0,0,0,"N",0.38,0,0,0,0,0,0,0,"N",0,0.0,0,0,0,0,0,0,0,0,0,0,0,0,0,0
"36121","5","624190","78","0","2016","3","N","Wyoming County, New York","Private","NAICS 624190 Other individual and family services","County, NAICS 6-digit -- by ownership sector","All establishment sizes",1,0,0,0,0,0,0,0,"N",0.38,0,0,0,0,0,0,0,"N",0,0.0,0,0,0,0,0,0,0,0,0,0,0,0,0,0
"36121","5","624190","78","0","2016","4","N","Wyoming County, New York","Private","NAICS 624190 Other individual and family services","County, NAICS 6-digit -- by ownership sector","All establishment sizes",1,0,0,0,0,0,0,0,"N",0.38,0,0,0,0,0,0,0,"N",0,0.0,0,0,0,0,0,0,0,0,0,0,0,0,0,0
"36121","5","6242","76","0","2016","1","N","Wyoming County, New York","Private","NAICS 6242 Emergency and other relief services","County, NAICS 4-digit -- by ownership sector","All establishment sizes",1,0,0,0,0,0,0,0,"N",0.97,0,0,0,0,0,0,0,"N",0,0.0,0,0,0,0,0,0,0,0,0,0,0,0,0,0
"36121","5","6242","76","0","2016","2","N","Wyoming County, New York","Private","NAICS 6242 Emergency and other relief services","County, NAICS 4-digit -- by ownership sector","All establishment sizes",1,0,0,0,0,0,0,0,"N",0.97,0,0,0,0,0,0,0,"N",0,0.0,0,0,0,0,0,0,0,0,0,0,0,0,0,0
"36121","5","6242","76","0","2016","3","N","Wyoming County, New York","Private","NAICS 6242 Emergency and other relief services","County, NAICS 4-digit -- by ownership sector","All establishment sizes",1,0,0,0,0,0,0,0,"N",0.98,0,0,0,0,0,0,0,"N",0,0.0,0,0,0,0,0,0,0,0,0,0,0,0,0,0
"36121","5","6242","76","0","2016","4","N","Wyoming County, New York","Private","NAICS 6242 Emergency and other relief services","County, NAICS 4-digit -- by ownership sector","All establishment sizes",1,0,0,0,0,0,0,0,"N",0.97,0,0,0,0,0,0,0,"N",0,0.0,0,0,0,0,0,0,0,0,0,0,0,0,0,0
"36121","5","62423","77","0","2016","1","N","Wyoming County, New York","Private","NAICS 62423 Emergency and other relief services","County, NAICS 5-digit -- by ownership sector","All establishment sizes",1,0,0,0,0,0,0,0,"N",6.36,0,0,0,0,0,0,0,"N",0,0.0,0,0,0,0,0,0,0,0,0,0,0,0,0,0
"36121","5","62423","77","0","2016","2","N","Wyoming County, New York","Private","NAICS 62423 Emergency and other relief services","County, NAICS 5-digit -- by ownership sector","All establishment sizes",1,0,0,0,0,0,0,0,"N",6.35,0,0,0,0,0,0,0,"N",0,0.0,0,0,0,0,0,0,0,0,0,0,0,0,0,0
"36121","5","62423","77","0","2016","3","N","Wyoming County, New York","Private","NAICS 62423 Emergency and other relief services","County, NAICS 5-digit -- by ownership sector","All establishment sizes",1,0,0,0,0,0,0,0,"N",6.29,0,0,0,0,0,0,0,"N",0,0.0,0,0,0,0,0,0,0,0,0,0,0,0,0,0
"36121","5","62423","77","0","2016","4","N","Wyoming County, New York","Private","NAICS 62423 Emergency and other relief services","County, NAICS 5-digit -- by ownership sector","All establishment sizes",1,0,0,0,0,0,0,0,"N",6.14,0,0,0,0,0,0,0,"N",0,0.0,0,0,0,0,0,0,0,0,0,0,0,0,0,0
"36121","5","624230","78","0","2016","1","N","Wyoming County, New York","Private","NAICS 624230 Emergency and other relief services","County, NAICS 6-digit -- by ownership sector","All establishment sizes",1,0,0,0,0,0,0,0,"N",6.36,0,0,0,0,0,0,0,"N",0,0.0,0,0,0,0,0,0,0,0,0,0,0,0,0,0
"36121","5","624230","78","0","2016","2","N","Wyoming County, New York","Private","NAICS 624230 Emergency and other relief services","County, NAICS 6-digit -- by ownership sector","All establishment sizes",1,0,0,0,0,0,0,0,"N",6.35,0,0,0,0,0,0,0,"N",0,0.0,0,0,0,0,0,0,0,0,0,0,0,0,0,0
"36121","5","624230","78","0","2016","3","N","Wyoming County, New York","Private","NAICS 624230 Emergency and other relief services","County, NAICS 6-digit -- by ownership sector","All establishment sizes",1,0,0,0,0,0,0,0,"N",6.29,0,0,0,0,0,0,0,"N",0,0.0,0,0,0,0,0,0,0,0,0,0,0,0,0,0
"36121","5","624230","78","0","2016","4","N","Wyoming County, New York","Private","NAICS 624230 Emergency and other relief services","County, NAICS 6-digit -- by ownership sector","All establishment sizes",1,0,0,0,0,0,0,0,"N",6.14,0,0,0,0,0,0,0,"N",0,0.0,0,0,0,0,0,0,0,0,0,0,0,0,0,0
"36121","5","6243","76","0","2016","1","N","Wyoming County, New York","Private","NAICS 6243 Vocational rehabilitation services","County, NAICS 4-digit -- by ownership sector","All establishment sizes",2,0,0,0,0,0,0,0,"N",2.25,0,0,0,0,0,0,0,"N",-1,-33.3,0,0,0,0,0,0,0,0,0,0,0,0,0,0
"36121","5","6243","76","0","2016","2","N","Wyoming County, New York","Private","NAICS 6243 Vocational rehabilitation services","County, NAICS 4-digit -- by ownership sector","All establishment sizes",2,0,0,0,0,0,0,0,"N",2.26,0,0,0,0,0,0,0,"N",-1,-33.3,0,0,0,0,0,0,0,0,0,0,0,0,0,0
"36121","5","6243","76","0","2016","3","N","Wyoming County, New York","Private","NAICS 6243 Vocational rehabilitation services","County, NAICS 4-digit -- by ownership sector","All establishment sizes",2,0,0,0,0,0,0,0,"N",2.27,0,0,0,0,0,0,0,"N",0,0.0,0,0,0,0,0,0,0,0,0,0,0,0,0,0
"36121","5","6243","76","0","2016","4","N","Wyoming County, New York","Private","NAICS 6243 Vocational rehabilitation services","County, NAICS 4-digit -- by ownership sector","All establishment sizes",2,0,0,0,0,0,0,0,"N",2.27,0,0,0,0,0,0,0,"N",0,0.0,0,0,0,0,0,0,0,0,0,0,0,0,0,0
"36121","5","62431","77","0","2016","1","N","Wyoming County, New York","Private","NAICS 62431 Vocational rehabilitation services","County, NAICS 5-digit -- by ownership sector","All establishment sizes",2,0,0,0,0,0,0,0,"N",2.25,0,0,0,0,0,0,0,"N",-1,-33.3,0,0,0,0,0,0,0,0,0,0,0,0,0,0
"36121","5","62431","77","0","2016","2","N","Wyoming County, New York","Private","NAICS 62431 Vocational rehabilitation services","County, NAICS 5-digit -- by ownership sector","All establishment sizes",2,0,0,0,0,0,0,0,"N",2.26,0,0,0,0,0,0,0,"N",-1,-33.3,0,0,0,0,0,0,0,0,0,0,0,0,0,0
"36121","5","62431","77","0","2016","3","N","Wyoming County, New York","Private","NAICS 62431 Vocational rehabilitation services","County, NAICS 5-digit -- by ownership sector","All establishment sizes",2,0,0,0,0,0,0,0,"N",2.27,0,0,0,0,0,0,0,"N",0,0.0,0,0,0,0,0,0,0,0,0,0,0,0,0,0
"36121","5","62431","77","0","2016","4","N","Wyoming County, New York","Private","NAICS 62431 Vocational rehabilitation services","County, NAICS 5-digit -- by ownership sector","All establishment sizes",2,0,0,0,0,0,0,0,"N",2.27,0,0,0,0,0,0,0,"N",0,0.0,0,0,0,0,0,0,0,0,0,0,0,0,0,0
"36121","5","624310","78","0","2016","1","N","Wyoming County, New York","Private","NAICS 624310 Vocational rehabilitation services","County, NAICS 6-digit -- by ownership sector","All establishment sizes",2,0,0,0,0,0,0,0,"N",2.25,0,0,0,0,0,0,0,"N",-1,-33.3,0,0,0,0,0,0,0,0,0,0,0,0,0,0
"36121","5","624310","78","0","2016","2","N","Wyoming County, New York","Private","NAICS 624310 Vocational rehabilitation services","County, NAICS 6-digit -- by ownership sector","All establishment sizes",2,0,0,0,0,0,0,0,"N",2.26,0,0,0,0,0,0,0,"N",-1,-33.3,0,0,0,0,0,0,0,0,0,0,0,0,0,0
"36121","5","624310","78","0","2016","3","N","Wyoming County, New York","Private","NAICS 624310 Vocational rehabilitation services","County, NAICS 6-digit -- by ownership sector","All establishment sizes",2,0,0,0,0,0,0,0,"N",2.27,0,0,0,0,0,0,0,"N",0,0.0,0,0,0,0,0,0,0,0,0,0,0,0,0,0
"36121","5","624310","78","0","2016","4","N","Wyoming County, New York","Private","NAICS 624310 Vocational rehabilitation services","County, NAICS 6-digit -- by ownership sector","All establishment sizes",2,0,0,0,0,0,0,0,"N",2.27,0,0,0,0,0,0,0,"N",0,0.0,0,0,0,0,0,0,0,0,0,0,0,0,0,0
"36121","5","6244","76","0","2016","1","","Wyoming County, New York","Private","NAICS 6244 Child day care services","County, NAICS 4-digit -- by ownership sector","All establishment sizes",6,55,56,57,201300,198147,10939,277,"",0.91,0.69,0.69,0.70,0.66,0.76,1.33,0.95,"",1,20.0,2,3.8,1,1.8,0,0.0,27365,15.7,26221,15.3,1129,11.5,34,14.0
"36121","5","6244","76","0","2016","2","","Wyoming County, New York","Private","NAICS 6244 Child day care services","County, NAICS 4-digit -- by ownership sector","All establishment sizes",6,58,58,59,229012,190362,9691,302,"",0.91,0.70,0.68,0.71,0.64,1.04,1.49,0.92,"",1,20.0,4,7.4,0,0.0,2,3.5,28314,14.1,25420,15.4,486,5.3,28,10.2
"36121","5","6244","76","0","2016","3","","Wyoming County, New York","Private","NAICS 6244 Child day care services","County, NAICS 4-digit -- by ownership sector","All establishment sizes",6,41,40,57,179410,104084,3350,300,"",0.92,0.53,0.51,0.69,0.53,1.06,1.10,0.91,"",0,0.0,0,0.0,0,0.0,5,9.6,27099,17.8,10746,11.5,613,22.4,36,13.6
"36121","5","6244","76","0","2016","4","","Wyoming County, New York","Private","NAICS 6244 Child day care services","County, NAICS 4-digit -- by ownership sector","All establishment sizes",6,58,59,62,226372,56498,1939,292,"",0.92,0.70,0.73,0.77,0.68,0.81,0.93,0.93,"",0,0.0,3,5.5,1,1.7,6,10.7,5185,2.3,-10269,-15.4,-1093,-36.0,-10,-3.3
"36121","5","62441","77","0","2016","1","","Wyoming County, New York","Private","NAICS 62441 Child day care services","County, NAICS 5-digit -- by ownership sector","All establishment sizes",6,55,56,57,201300,198147,10939,277,"",0.91,0.69,0.69,0.70,0.66,0.76,1.33,0.95,"",1,20.0,2,3.8,1,1.8,0,0.0,27365,15.7,26221,15.3,1129,11.5,34,14.0
"36121","5","62441","77","0","2016","2","","Wyoming County, New York","Private","NAICS 62441 Child day care services","County, NAICS 5-digit -- by ownership sector","All establishment sizes",6,58,58,59,229012,190362,9691,302,"",0.91,0.70,0.68,0.71,0.64,1.04,1.49,0.92,"",1,20.0,4,7.4,0,0.0,2,3.5,28314,14.1,25420,15.4,486,5.3,28,10.2
"36121","5","62441","77","0","2016","3","","Wyoming County, New York","Private","NAICS 62441 Child day care services","County, NAICS 5-digit -- by ownership sector","All establishment sizes",6,41,40,57,179410,104084,3350,300,"",0.92,0.53,0.51,0.69,0.53,1.06,1.10,0.91,"",0,0.0,0,0.0,0,0.0,5,9.6,27099,17.8,10746,11.5,613,22.4,36,13.6
"36121","5","62441","77","0","2016","4","","Wyoming County, New York","Private","NAICS 62441 Child day care services","County, NAICS 5-digit -- by ownership sector","All establishment sizes",6,58,59,62,226372,56498,1939,292,"",0.92,0.70,0.73,0.77,0.68,0.81,0.93,0.93,"",0,0.0,3,5.5,1,1.7,6,10.7,5185,2.3,-10269,-15.4,-1093,-36.0,-10,-3.3
"36121","5","624410","78","0","2016","1","","Wyoming County, New York","Private","NAICS 624410 Child day care services","County, NAICS 6-digit -- by ownership sector","All establishment sizes",6,55,56,57,201300,198147,10939,277,"",0.91,0.69,0.69,0.70,0.66,0.76,1.33,0.95,"",1,20.0,2,3.8,1,1.8,0,0.0,27365,15.7,26221,15.3,1129,11.5,34,14.0
"36121","5","624410","78","0","2016","2","","Wyoming County, New York","Private","NAICS 624410 Child day care services","County, NAICS 6-digit -- by ownership sector","All establishment sizes",6,58,58,59,229012,190362,9691,302,"",0.91,0.70,0.68,0.71,0.64,1.04,1.49,0.92,"",1,20.0,4,7.4,0,0.0,2,3.5,28314,14.1,25420,15.4,486,5.3,28,10.2
"36121","5","624410","78","0","2016","3","","Wyoming County, New York","Private","NAICS 624410 Child day care services","County, NAICS 6-digit -- by ownership sector","All establishment sizes",6,41,40,57,179410,104084,3350,300,"",0.92,0.53,0.51,0.69,0.53,1.06,1.10,0.91,"",0,0.0,0,0.0,0,0.0,5,9.6,27099,17.8,10746,11.5,613,22.4,36,13.6
"36121","5","624410","78","0","2016","4","","Wyoming County, New York","Private","NAICS 624410 Child day care services","County, NAICS 6-digit -- by ownership sector","All establishment sizes",6,58,59,62,226372,56498,1939,292,"",0.92,0.70,0.73,0.77,0.68,0.81,0.93,0.93,"",0,0.0,3,5.5,1,1.7,6,10.7,5185,2.3,-10269,-15.4,-1093,-36.0,-10,-3.3
"36121","5","71","74","0","2016","1","","Wyoming County, New York","Private","NAICS 71 Arts, entertainment, and recreation","County, NAICS Sector -- by ownership sector","All establishment sizes",24,153,152,153,564810,547089,20993,285,"",1.89,0.82,0.80,0.78,0.47,0.84,0.88,0.59,"",-1,-4.0,-9,-5.6,3,2.0,3,2.0,-22367,-3.8,-17011,-3.0,-3886,-15.6,-9,-3.1
"36121","5","71","74","0","2016","2","","Wyoming County, New York","Private","NAICS 71 Arts, entertainment, and recreation","County, NAICS Sector -- by ownership sector","All establishment sizes",24,176,257,309,925304,687154,35302,288,"",1.88,0.84,1.14,1.25,0.63,1.79,1.88,0.58,"",-1,-4.0,5,2.9,-19,-6.9,16,5.5,3499,0.4,36613,5.6,-879,-2.4,1,0.3
"36121","5","71","74","0","2016","3","","Wyoming County, New York","Private","NAICS 71 Arts, entertainment, and recreation","County, NAICS Sector -- by ownership sector","All establishment sizes",24,333,338,251,1245513,733959,36967,312,"",1.88,1.37,1.43,1.12,0.78,2.71,2.85,0.60,"",-1,-4.0,6,1.8,-15,-4.2,-6,-2.3,7610,0.6,23637,3.3,-1609,-4.2,7,2.3
"36121","5","71","74","0","2016","4","","Wyoming County, New York","Private","NAICS 71 Arts, entertainment, and recreation","County, NAICS Sector -- by ownership sector","All establishment sizes",24,237,155,157,711034,193100,8369,299,"",1.87,1.10,0.78,0.80,0.42,1.33,1.42,0.46,"",0,0.0,0,0.0,-3,-1.9,-3,-1.9,-41831,-5.6,-11933,-5.8,-826,-9.0,-14,-4.5
"36121","5","711","75","0","2016","1","N","Wyoming County, New York","Private","NAICS 711 Performing arts and spectator sports","County, NAICS 3-digit -- by ownership sector","All establishment sizes",2,0,0,0,0,0,0,0,"N",0.41,0,0,0,0,0,0,0,"N",0,0.0,0,0,0,0,0,0,0,0,0,0,0,0,0,0
"36121","5","711","75","0","2016","2","N","Wyoming County, New York","Private","NAICS 711 Performing arts and spectator sports","County, NAICS 3-digit -- by ownership sector","All establishment sizes",2,0,0,0,0,0,0,0,"N",0.41,0,0,0,0,0,0,0,"N",0,0.0,0,0,0,0,0,0,0,0,0,0,0,0,0,0
"36121","5","711","75","0","2016","3","N","Wyoming County, New York","Private","NAICS 711 Performing arts and spectator sports","County, NAICS 3-digit -- by ownership sector","All establishment sizes",2,0,0,0,0,0,0,0,"N",0.41,0,0,0,0,0,0,0,"N",0,0.0,0,0,0,0,0,0,0,0,0,0,0,0,0,0
"36121","5","711","75","0","2016","4","N","Wyoming County, New York","Private","NAICS 711 Performing arts and spectator sports","County, NAICS 3-digit -- by ownership sector","All establishment sizes",2,0,0,0,0,0,0,0,"N",0.40,0,0,0,0,0,0,0,"N",0,0.0,0,0,0,0,0,0,0,0,0,0,0,0,0,0
"36121","5","7111","76","0","2016","1","N","Wyoming County, New York","Private","NAICS 7111 Performing arts companies","County, NAICS 4-digit -- by ownership sector","All establishment sizes",1,0,0,0,0,0,0,0,"N",1.09,0,0,0,0,0,0,0,"N",0,0.0,0,0,0,0,0,0,0,0,0,0,0,0,0,0
"36121","5","7111","76","0","2016","2","N","Wyoming County, New York","Private","NAICS 7111 Performing arts companies","County, NAICS 4-digit -- by ownership sector","All establishment sizes",1,0,0,0,0,0,0,0,"N",1.09,0,0,0,0,0,0,0,"N",0,0.0,0,0,0,0,0,0,0,0,0,0,0,0,0,0
"36121","5","7111","76","0","2016","3","N","Wyoming County, New York","Private","NAICS 7111 Performing arts companies","County, NAICS 4-digit -- by ownership sector","All establishment sizes",1,0,0,0,0,0,0,0,"N",1.09,0,0,0,0,0,0,0,"N",0,0.0,0,0,0,0,0,0,0,0,0,0,0,0,0,0
"36121","5","7111","76","0","2016","4","N","Wyoming County, New York","Private","NAICS 7111 Performing arts companies","County, NAICS 4-digit -- by ownership sector","All establishment sizes",1,0,0,0,0,0,0,0,"N",1.08,0,0,0,0,0,0,0,"N",0,0.0,0,0,0,0,0,0,0,0,0,0,0,0,0,0
"36121","5","71111","77","0","2016","1","N","Wyoming County, New York","Private","NAICS 71111 Theater companies and dinner theaters","County, NAICS 5-digit -- by ownership sector","All establishment sizes",1,0,0,0,0,0,0,0,"N",3.16,0,0,0,0,0,0,0,"N",0,0.0,0,0,0,0,0,0,0,0,0,0,0,0,0,0
"36121","5","71111","77","0","2016","2","N","Wyoming County, New York","Private","NAICS 71111 Theater companies and dinner theaters","County, NAICS 5-digit -- by ownership sector","All establishment sizes",1,0,0,0,0,0,0,0,"N",3.17,0,0,0,0,0,0,0,"N",0,0.0,0,0,0,0,0,0,0,0,0,0,0,0,0,0
"36121","5","71111","77","0","2016","3","N","Wyoming County, New York","Private","NAICS 71111 Theater companies and dinner theaters","County, NAICS 5-digit -- by ownership sector","All establishment sizes",1,0,0,0,0,0,0,0,"N",3.16,0,0,0,0,0,0,0,"N",0,0.0,0,0,0,0,0,0,0,0,0,0,0,0,0,0
"36121","5","71111","77","0","2016","4","N","Wyoming County, New York","Private","NAICS 71111 Theater companies and dinner theaters","County, NAICS 5-digit -- by ownership sector","All establishment sizes",1,0,0,0,0,0,0,0,"N",3.18,0,0,0,0,0,0,0,"N",0,0.0,0,0,0,0,0,0,0,0,0,0,0,0,0,0
"36121","5","711110","78","0","2016","1","N","Wyoming County, New York","Private","NAICS 711110 Theater companies and dinner theaters","County, NAICS 6-digit -- by ownership sector","All establishment sizes",1,0,0,0,0,0,0,0,"N",3.16,0,0,0,0,0,0,0,"N",0,0.0,0,0,0,0,0,0,0,0,0,0,0,0,0,0
"36121","5","711110","78","0","2016","2","N","Wyoming County, New York","Private","NAICS 711110 Theater companies and dinner theaters","County, NAICS 6-digit -- by ownership sector","All establishment sizes",1,0,0,0,0,0,0,0,"N",3.17,0,0,0,0,0,0,0,"N",0,0.0,0,0,0,0,0,0,0,0,0,0,0,0,0,0
"36121","5","711110","78","0","2016","3","N","Wyoming County, New York","Private","NAICS 711110 Theater companies and dinner theaters","County, NAICS 6-digit -- by ownership sector","All establishment sizes",1,0,0,0,0,0,0,0,"N",3.16,0,0,0,0,0,0,0,"N",0,0.0,0,0,0,0,0,0,0,0,0,0,0,0,0,0
"36121","5","711110","78","0","2016","4","N","Wyoming County, New York","Private","NAICS 711110 Theater companies and dinner theaters","County, NAICS 6-digit -- by ownership sector","All establishment sizes",1,0,0,0,0,0,0,0,"N",3.18,0,0,0,0,0,0,0,"N",0,0.0,0,0,0,0,0,0,0,0,0,0,0,0,0,0
"36121","5","7112","76","0","2016","1","N","Wyoming County, New York","Private","NAICS 7112 Spectator sports","County, NAICS 4-digit -- by ownership sector","All establishment sizes",1,0,0,0,0,0,0,0,"N",1.69,0,0,0,0,0,0,0,"N",0,0.0,0,0,0,0,0,0,0,0,0,0,0,0,0,0
"36121","5","7112","76","0","2016","2","N","Wyoming County, New York","Private","NAICS 7112 Spectator sports","County, NAICS 4-digit -- by ownership sector","All establishment sizes",1,0,0,0,0,0,0,0,"N",1.69,0,0,0,0,0,0,0,"N",0,0.0,0,0,0,0,0,0,0,0,0,0,0,0,0,0
"36121","5","7112","76","0","2016","3","N","Wyoming County, New York","Private","NAICS 7112 Spectator sports","County, NAICS 4-digit -- by ownership sector","All establishment sizes",1,0,0,0,0,0,0,0,"N",1.70,0,0,0,0,0,0,0,"N",0,0.0,0,0,0,0,0,0,0,0,0,0,0,0,0,0
"36121","5","7112","76","0","2016","4","N","Wyoming County, New York","Private","NAICS 7112 Spectator sports","County, NAICS 4-digit -- by ownership sector","All establishment sizes",1,0,0,0,0,0,0,0,"N",1.70,0,0,0,0,0,0,0,"N",0,0.0,0,0,0,0,0,0,0,0,0,0,0,0,0,0
"36121","5","71121","77","0","2016","1","N","Wyoming County, New York","Private","NAICS 71121 Spectator sports","County, NAICS 5-digit -- by ownership sector","All establishment sizes",1,0,0,0,0,0,0,0,"N",1.69,0,0,0,0,0,0,0,"N",0,0.0,0,0,0,0,0,0,0,0,0,0,0,0,0,0
"36121","5","71121","77","0","2016","2","N","Wyoming County, New York","Private","NAICS 71121 Spectator sports","County, NAICS 5-digit -- by ownership sector","All establishment sizes",1,0,0,0,0,0,0,0,"N",1.69,0,0,0,0,0,0,0,"N",0,0.0,0,0,0,0,0,0,0,0,0,0,0,0,0,0
"36121","5","71121","77","0","2016","3","N","Wyoming County, New York","Private","NAICS 71121 Spectator sports","County, NAICS 5-digit -- by ownership sector","All establishment sizes",1,0,0,0,0,0,0,0,"N",1.70,0,0,0,0,0,0,0,"N",0,0.0,0,0,0,0,0,0,0,0,0,0,0,0,0,0
"36121","5","71121","77","0","2016","4","N","Wyoming County, New York","Private","NAICS 71121 Spectator sports","County, NAICS 5-digit -- by ownership sector","All establishment sizes",1,0,0,0,0,0,0,0,"N",1.70,0,0,0,0,0,0,0,"N",0,0.0,0,0,0,0,0,0,0,0,0,0,0,0,0,0
"36121","5","711212","78","0","2016","1","N","Wyoming County, New York","Private","NAICS 711212 Racetracks","County, NAICS 6-digit -- by ownership sector","All establishment sizes",1,0,0,0,0,0,0,0,"N",13.04,0,0,0,0,0,0,0,"N",0,0.0,0,0,0,0,0,0,0,0,0,0,0,0,0,0
"36121","5","711212","78","0","2016","2","N","Wyoming County, New York","Private","NAICS 711212 Racetracks","County, NAICS 6-digit -- by ownership sector","All establishment sizes",1,0,0,0,0,0,0,0,"N",12.89,0,0,0,0,0,0,0,"N",0,0.0,0,0,0,0,0,0,0,0,0,0,0,0,0,0
"36121","5","711212","78","0","2016","3","N","Wyoming County, New York","Private","NAICS 711212 Racetracks","County, NAICS 6-digit -- by ownership sector","All establishment sizes",1,0,0,0,0,0,0,0,"N",13.01,0,0,0,0,0,0,0,"N",0,0.0,0,0,0,0,0,0,0,0,0,0,0,0,0,0
"36121","5","711212","78","0","2016","4","N","Wyoming County, New York","Private","NAICS 711212 Racetracks","County, NAICS 6-digit -- by ownership sector","All establishment sizes",1,0,0,0,0,0,0,0,"N",13.25,0,0,0,0,0,0,0,"N",0,0.0,0,0,0,0,0,0,0,0,0,0,0,0,0,0
"36121","5","712","75","0","2016","1","N","Wyoming County, New York","Private","NAICS 712 Museums, historical sites, zoos, and parks","County, NAICS 3-digit -- by ownership sector","All establishment sizes",1,0,0,0,0,0,0,0,"N",1.70,0,0,0,0,0,0,0,"N",0,0.0,0,0,0,0,0,0,0,0,0,0,0,0,0,0
"36121","5","712","75","0","2016","2","N","Wyoming County, New York","Private","NAICS 712 Museums, historical sites, zoos, and parks","County, NAICS 3-digit -- by ownership sector","All establishment sizes",1,0,0,0,0,0,0,0,"N",1.70,0,0,0,0,0,0,0,"N",0,0.0,0,0,0,0,0,0,0,0,0,0,0,0,0,0
"36121","5","712","75","0","2016","3","N","Wyoming County, New York","Private","NAICS 712 Museums, historical sites, zoos, and parks","County, NAICS 3-digit -- by ownership sector","All establishment sizes",1,0,0,0,0,0,0,0,"N",1.71,0,0,0,0,0,0,0,"N",0,0.0,0,0,0,0,0,0,0,0,0,0,0,0,0,0
"36121","5","712","75","0","2016","4","N","Wyoming County, New York","Private","NAICS 712 Museums, historical sites, zoos, and parks","County, NAICS 3-digit -- by ownership sector","All establishment sizes",1,0,0,0,0,0,0,0,"N",1.72,0,0,0,0,0,0,0,"N",0,0.0,0,0,0,0,0,0,0,0,0,0,0,0,0,0
"36121","5","7121","76","0","2016","1","N","Wyoming County, New York","Private","NAICS 7121 Museums, historical sites, zoos, and parks","County, NAICS 4-digit -- by ownership sector","All establishment sizes",1,0,0,0,0,0,0,0,"N",1.70,0,0,0,0,0,0,0,"N",0,0.0,0,0,0,0,0,0,0,0,0,0,0,0,0,0
"36121","5","7121","76","0","2016","2","N","Wyoming County, New York","Private","NAICS 7121 Museums, historical sites, zoos, and parks","County, NAICS 4-digit -- by ownership sector","All establishment sizes",1,0,0,0,0,0,0,0,"N",1.70,0,0,0,0,0,0,0,"N",0,0.0,0,0,0,0,0,0,0,0,0,0,0,0,0,0
"36121","5","7121","76","0","2016","3","N","Wyoming County, New York","Private","NAICS 7121 Museums, historical sites, zoos, and parks","County, NAICS 4-digit -- by ownership sector","All establishment sizes",1,0,0,0,0,0,0,0,"N",1.71,0,0,0,0,0,0,0,"N",0,0.0,0,0,0,0,0,0,0,0,0,0,0,0,0,0
"36121","5","7121","76","0","2016","4","N","Wyoming County, New York","Private","NAICS 7121 Museums, historical sites, zoos, and parks","County, NAICS 4-digit -- by ownership sector","All establishment sizes",1,0,0,0,0,0,0,0,"N",1.72,0,0,0,0,0,0,0,"N",0,0.0,0,0,0,0,0,0,0,0,0,0,0,0,0,0
"36121","5","71213","77","0","2016","1","N","Wyoming County, New York","Private","NAICS 71213 Zoos and botanical gardens","County, NAICS 5-digit -- by ownership sector","All establishment sizes",1,0,0,0,0,0,0,0,"N",15.13,0,0,0,0,0,0,0,"N",0,0.0,0,0,0,0,0,0,0,0,0,0,0,0,0,0
"36121","5","71213","77","0","2016","2","N","Wyoming County, New York","Private","NAICS 71213 Zoos and botanical gardens","County, NAICS 5-digit -- by ownership sector","All establishment sizes",1,0,0,0,0,0,0,0,"N",15.19,0,0,0,0,0,0,0,"N",0,0.0,0,0,0,0,0,0,0,0,0,0,0,0,0,0
"36121","5","71213","77","0","2016","3","N","Wyoming County, New York","Private","NAICS 71213 Zoos and botanical gardens","County, NAICS 5-digit -- by ownership sector","All establishment sizes",1,0,0,0,0,0,0,0,"N",15.15,0,0,0,0,0,0,0,"N",0,0.0,0,0,0,0,0,0,0,0,0,0,0,0,0,0
"36121","5","71213","77","0","2016","4","N","Wyoming County, New York","Private","NAICS 71213 Zoos and botanical gardens","County, NAICS 5-digit -- by ownership sector","All establishment sizes",1,0,0,0,0,0,0,0,"N",15.20,0,0,0,0,0,0,0,"N",0,0.0,0,0,0,0,0,0,0,0,0,0,0,0,0,0
"36121","5","712130","78","0","2016","1","N","Wyoming County, New York","Private","NAICS 712130 Zoos and botanical gardens","County, NAICS 6-digit -- by ownership sector","All establishment sizes",1,0,0,0,0,0,0,0,"N",15.13,0,0,0,0,0,0,0,"N",0,0.0,0,0,0,0,0,0,0,0,0,0,0,0,0,0
"36121","5","712130","78","0","2016","2","N","Wyoming County, New York","Private","NAICS 712130 Zoos and botanical gardens","County, NAICS 6-digit -- by ownership sector","All establishment sizes",1,0,0,0,0,0,0,0,"N",15.19,0,0,0,0,0,0,0,"N",0,0.0,0,0,0,0,0,0,0,0,0,0,0,0,0,0
"36121","5","712130","78","0","2016","3","N","Wyoming County, New York","Private","NAICS 712130 Zoos and botanical gardens","County, NAICS 6-digit -- by ownership sector","All establishment sizes",1,0,0,0,0,0,0,0,"N",15.15,0,0,0,0,0,0,0,"N",0,0.0,0,0,0,0,0,0,0,0,0,0,0,0,0,0
"36121","5","712130","78","0","2016","4","N","Wyoming County, New York","Private","NAICS 712130 Zoos and botanical gardens","County, NAICS 6-digit -- by ownership sector","All establishment sizes",1,0,0,0,0,0,0,0,"N",15.20,0,0,0,0,0,0,0,"N",0,0.0,0,0,0,0,0,0,0,0,0,0,0,0,0,0
"36121","5","713","75","0","2016","1","","Wyoming County, New York","Private","NAICS 713 Amusements, gambling, and recreation","County, NAICS 3-digit -- by ownership sector","All establishment sizes",21,121,120,121,440847,425034,16461,281,"",2.91,0.90,0.88,0.86,0.79,0.97,1.09,0.89,"",-1,-4.5,1,0.8,5,4.3,6,5.2,-37894,-7.9,-33297,-7.3,-3698,-18.3,-35,-11.1
"36121","5","713","75","0","2016","2","","Wyoming County, New York","Private","NAICS 713 Amusements, gambling, and recreation","County, NAICS 3-digit -- by ownership sector","All establishment sizes",21,148,193,224,733040,563113,30580,299,"",2.90,0.99,1.19,1.24,1.09,2.01,2.25,0.95,"",-1,-4.5,7,5.0,-4,-2.0,12,5.7,-20238,-2.7,34435,6.5,-252,-0.8,-17,-5.4
"36121","5","713","75","0","2016","3","","Wyoming County, New York","Private","NAICS 713 Amusements, gambling, and recreation","County, NAICS 3-digit -- by ownership sector","All establishment sizes",21,244,269,205,970890,576442,30968,312,"",2.90,1.36,1.55,1.28,1.34,2.79,3.17,0.96,"",-1,-4.5,14,6.1,6,2.3,9,4.6,61,0.0,57650,11.1,772,2.6,-13,-4.0
"36121","5","713","75","0","2016","4","","Wyoming County, New York","Private","NAICS 713 Amusements, gambling, and recreation","County, NAICS 3-digit -- by ownership sector","All establishment sizes",21,181,130,127,560090,146268,6626,295,"",2.90,1.19,0.93,0.91,0.91,1.44,1.74,0.89,"",0,0.0,9,5.2,1,0.8,0,0.0,-18248,-3.2,12412,9.3,244,3.8,-17,-5.4
"36121","5","7139","76","0","2016","1","","Wyoming County, New York","Private","NAICS 7139 Other amusement and recreation industries","County, NAICS 4-digit -- by ownership sector","All establishment sizes",21,121,120,121,440847,425034,16461,281,"",3.16,1.12,1.10,1.08,1.11,1.32,1.44,1.01,"",-1,-4.5,1,0.8,5,4.3,6,5.2,-37894,-7.9,-33297,-7.3,-3698,-18.3,-35,-11.1
"36121","5","7139","76","0","2016","2","","Wyoming County, New York","Private","NAICS 7139 Other amusement and recreation industries","County, NAICS 4-digit -- by ownership sector","All establishment sizes",21,148,193,224,733040,563113,30580,299,"",3.15,1.26,1.52,1.58,1.49,2.56,2.76,1.02,"",-1,-4.5,7,5.0,-4,-2.0,12,5.7,-20238,-2.7,34435,6.5,-252,-0.8,-17,-5.4
"36121","5","7139","76","0","2016","3","","Wyoming County, New York","Private","NAICS 7139 Other amusement and recreation industries","County, NAICS 4-digit -- by ownership sector","All establishment sizes",21,244,269,205,970890,576442,30968,312,"",3.15,1.73,1.96,1.62,1.83,3.56,3.91,1.03,"",-1,-4.5,14,6.1,6,2.3,9,4.6,61,0.0,57650,11.1,772,2.6,-13,-4.0
"36121","5","7139","76","0","2016","4","","Wyoming County, New York","Private","NAICS 7139 Other amusement and recreation industries","County, NAICS 4-digit -- by ownership sector","All establishment sizes",21,181,130,127,560090,146268,6626,295,"",3.15,1.51,1.16,1.13,1.26,1.77,2.08,0.99,"",0,0.0,9,5.2,1,0.8,0,0.0,-18248,-3.2,12412,9.3,244,3.8,-17,-5.4
"36121","5","71391","77","0","2016","1","","Wyoming County, New York","Private","NAICS 71391 Golf courses and country clubs","County, NAICS 5-digit -- by ownership sector","All establishment sizes",8,66,67,65,242922,228750,11749,283,"",7.57,2.63,2.66,2.32,1.93,2.29,2.73,0.76,"",-2,-20.0,0,0.0,5,8.1,4,6.6,-22133,-8.4,-18645,-7.5,-2478,-17.4,-41,-12.7
"36121","5","71391","77","0","2016","2","","Wyoming County, New York","Private","NAICS 71391 Golf courses and country clubs","County, NAICS 5-digit -- by ownership sector","All establishment sizes",9,89,141,164,526167,401974,26753,308,"",8.57,2.61,3.53,3.61,2.87,4.89,4.78,0.87,"",-1,-10.0,5,6.0,-1,-0.7,4,2.5,-7749,-1.5,22451,5.9,253,1.0,-11,-3.4
"36121","5","71391","77","0","2016","3","","Wyoming County, New York","Private","NAICS 71391 Golf courses and country clubs","County, NAICS 5-digit -- by ownership sector","All establishment sizes",9,173,172,142,698367,429993,27819,331,"",8.66,3.92,4.02,3.64,3.54,7.28,6.91,0.92,"",-1,-10.0,7,4.2,9,5.5,2,1.4,5866,0.8,43216,11.2,990,3.7,-10,-2.9
"36121","5","71391","77","0","2016","4","","Wyoming County, New York","Private","NAICS 71391 Golf courses and country clubs","County, NAICS 5-digit -- by ownership sector","All establishment sizes",9,117,66,65,343802,81672,5135,320,"",8.76,3.27,2.12,2.32,2.20,3.48,4.31,0.84,"",0,0.0,6,5.4,-4,-5.7,-5,-7.1,1557,0.5,8846,12.1,445,9.5,5,1.6
"36121","5","713910","78","0","2016","1","","Wyoming County, New York","Private","NAICS 713910 Golf courses and country clubs","County, NAICS 6-digit -- by ownership sector","All establishment sizes",8,66,67,65,242922,228750,11749,283,"",7.57,2.63,2.66,2.32,1.93,2.29,2.73,0.76,"",-2,-20.0,0,0.0,5,8.1,4,6.6,-22133,-8.4,-18645,-7.5,-2478,-17.4,-41,-12.7
"36121","5","713910","78","0","2016","2","","Wyoming County, New York","Private","NAICS 713910 Golf courses and country clubs","County, NAICS 6-digit -- by ownership sector","All establishment sizes",9,89,141,164,526167,401974,26753,308,"",8.57,2.61,3.53,3.61,2.87,4.89,4.78,0.87,"",-1,-10.0,5,6.0,-1,-0.7,4,2.5,-7749,-1.5,22451,5.9,253,1.0,-11,-3.4
"36121","5","713910","78","0","2016","3","","Wyoming County, New York","Private","NAICS 713910 Golf courses and country clubs","County, NAICS 6-digit -- by ownership sector","All establishment sizes",9,173,172,142,698367,429993,27819,331,"",8.66,3.92,4.02,3.64,3.54,7.28,6.91,0.92,"",-1,-10.0,7,4.2,9,5.5,2,1.4,5866,0.8,43216,11.2,990,3.7,-10,-2.9
"36121","5","713910","78","0","2016","4","","Wyoming County, New York","Private","NAICS 713910 Golf courses and country clubs","County, NAICS 6-digit -- by ownership sector","All establishment sizes",9,117,66,65,343802,81672,5135,320,"",8.76,3.27,2.12,2.32,2.20,3.48,4.31,0.84,"",0,0.0,6,5.4,-4,-5.7,-5,-7.1,1557,0.5,8846,12.1,445,9.5,5,1.6
"36121","5","71394","77","0","2016","1","N","Wyoming County, New York","Private","NAICS 71394 Fitness and recreational sports centers","County, NAICS 5-digit -- by ownership sector","All establishment sizes",3,0,0,0,0,0,0,0,"N",0.97,0,0,0,0,0,0,0,"N",0,0.0,0,0,0,0,0,0,0,0,0,0,0,0,0,0
"36121","5","71394","77","0","2016","2","","Wyoming County, New York","Private","NAICS 71394 Fitness and recreational sports centers","County, NAICS 5-digit -- by ownership sector","All establishment sizes",3,14,12,14,23497,17697,337,136,"",0.96,0.26,0.21,0.22,0.13,0.22,0.11,0.56,"",0,0.0,3,27.3,1,9.1,5,55.6,-934,-3.8,-74,-0.4,-76,-18.4,-46,-25.3
"36121","5","71394","77","0","2016","3","","Wyoming County, New York","Private","NAICS 71394 Fitness and recreational sports centers","County, NAICS 5-digit -- by ownership sector","All establishment sizes",3,12,13,12,22843,13603,255,142,"",0.96,0.19,0.21,0.21,0.12,0.24,0.13,0.57,"",0,0.0,2,20.0,4,44.4,4,50.0,627,2.8,-33,-0.2,-59,-18.8,-48,-25.3
"36121","5","71394","77","0","2016","4","N","Wyoming County, New York","Private","NAICS 71394 Fitness and recreational sports centers","County, NAICS 5-digit -- by ownership sector","All establishment sizes",3,0,0,0,0,0,0,0,"N",0.95,0,0,0,0,0,0,0,"N",0,0.0,0,0,0,0,0,0,0,0,0,0,0,0,0,0
"36121","5","713940","78","0","2016","1","N","Wyoming County, New York","Private","NAICS 713940 Fitness and recreational sports centers","County, NAICS 6-digit -- by ownership sector","All establishment sizes",3,0,0,0,0,0,0,0,"N",0.97,0,0,0,0,0,0,0,"N",0,0.0,0,0,0,0,0,0,0,0,0,0,0,0,0,0
"36121","5","713940","78","0","2016","2","","Wyoming County, New York","Private","NAICS 713940 Fitness and recreational sports centers","County, NAICS 6-digit -- by ownership sector","All establishment sizes",3,14,12,14,23497,17697,337,136,"",0.96,0.26,0.21,0.22,0.13,0.22,0.11,0.56,"",0,0.0,3,27.3,1,9.1,5,55.6,-934,-3.8,-74,-0.4,-76,-18.4,-46,-25.3
"36121","5","713940","78","0","2016","3","","Wyoming County, New York","Private","NAICS 713940 Fitness and recreational sports centers","County, NAICS 6-digit -- by ownership sector","All establishment sizes",3,12,13,12,22843,13603,255,142,"",0.96,0.19,0.21,0.21,0.12,0.24,0.13,0.57,"",0,0.0,2,20.0,4,44.4,4,50.0,627,2.8,-33,-0.2,-59,-18.8,-48,-25.3
"36121","5","713940","78","0","2016","4","N","Wyoming County, New York","Private","NAICS 713940 Fitness and recreational sports centers","County, NAICS 6-digit -- by ownership sector","All establishment sizes",3,0,0,0,0,0,0,0,"N",0.95,0,0,0,0,0,0,0,"N",0,0.0,0,0,0,0,0,0,0,0,0,0,0,0,0,0
"36121","5","71395","77","0","2016","1","","Wyoming County, New York","Private","NAICS 71395 Bowling centers","County, NAICS 5-digit -- by ownership sector","All establishment sizes",5,41,38,42,163600,161959,4061,312,"",14.09,6.17,5.65,6.17,7.88,8.34,6.73,1.31,"",1,25.0,0,0.0,-3,-7.3,0,0.0,-16606,-9.2,-15497,-8.7,-969,-19.3,-23,-6.9
"36121","5","71395","77","0","2016","2","","Wyoming County, New York","Private","NAICS 71395 Bowling centers","County, NAICS 5-digit -- by ownership sector","All establishment sizes",4,42,37,38,157020,122217,3074,310,"",11.38,6.27,5.70,5.97,7.36,10.32,7.26,1.23,"",0,0.0,0,0.0,-2,-5.1,2,5.6,-17231,-9.9,7613,6.6,-239,-7.2,-34,-9.9
"36121","5","71395","77","0","2016","3","","Wyoming County, New York","Private","NAICS 71395 Bowling centers","County, NAICS 5-digit -- by ownership sector","All establishment sizes",4,38,37,38,166652,64640,1636,340,"",11.53,6.36,6.16,5.80,7.89,9.13,7.15,1.29,"",0,0.0,1,2.7,-1,-2.6,-3,-7.3,-8881,-5.1,14049,27.8,219,15.5,-9,-2.6
"36121","5","71395","77","0","2016","4","","Wyoming County, New York","Private","NAICS 71395 Bowling centers","County, NAICS 5-digit -- by ownership sector","All establishment sizes",4,39,41,40,158264,38726,786,304,"",11.68,5.87,6.29,6.04,7.30,6.67,4.13,1.20,"",0,0.0,-3,-7.1,-2,-4.7,-2,-4.8,-23691,-13.0,-5305,-12.0,-436,-35.7,-27,-8.2
"36121","5","713950","78","0","2016","1","","Wyoming County, New York","Private","NAICS 713950 Bowling centers","County, NAICS 6-digit -- by ownership sector","All establishment sizes",5,41,38,42,163600,161959,4061,312,"",14.09,6.17,5.65,6.17,7.88,8.34,6.73,1.31,"",1,25.0,0,0.0,-3,-7.3,0,0.0,-16606,-9.2,-15497,-8.7,-969,-19.3,-23,-6.9
"36121","5","713950","78","0","2016","2","","Wyoming County, New York","Private","NAICS 713950 Bowling centers","County, NAICS 6-digit -- by ownership sector","All establishment sizes",4,42,37,38,157020,122217,3074,310,"",11.38,6.27,5.70,5.97,7.36,10.32,7.26,1.23,"",0,0.0,0,0.0,-2,-5.1,2,5.6,-17231,-9.9,7613,6.6,-239,-7.2,-34,-9.9
"36121","5","713950","78","0","2016","3","","Wyoming County, New York","Private","NAICS 713950 Bowling centers","County, NAICS 6-digit -- by ownership sector","All establishment sizes",4,38,37,38,166652,64640,1636,340,"",11.53,6.36,6.16,5.80,7.89,9.13,7.15,1.29,"",0,0.0,1,2.7,-1,-2.6,-3,-7.3,-8881,-5.1,14049,27.8,219,15.5,-9,-2.6
"36121","5","713950","78","0","2016","4","","Wyoming County, New York","Private","NAICS 713950 Bowling centers","County, NAICS 6-digit -- by ownership sector","All establishment sizes",4,39,41,40,158264,38726,786,304,"",11.68,5.87,6.29,6.04,7.30,6.67,4.13,1.20,"",0,0.0,-3,-7.1,-2,-4.7,-2,-4.8,-23691,-13.0,-5305,-12.0,-436,-35.7,-27,-8.2
"36121","5","71399","77","0","2016","1","N","Wyoming County, New York","Private","NAICS 71399 All other amusement and recreation industries","County, NAICS 5-digit -- by ownership sector","All establishment sizes",5,0,0,0,0,0,0,0,"N",2.89,0,0,0,0,0,0,0,"N",0,0.0,0,0,0,0,0,0,0,0,0,0,0,0,0,0
"36121","5","71399","77","0","2016","2","","Wyoming County, New York","Private","NAICS 71399 All other amusement and recreation industries","County, NAICS 5-digit -- by ownership sector","All establishment sizes",5,3,3,8,26356,21225,416,434,"",2.87,0.19,0.17,0.39,0.40,0.67,0.32,1.51,"",0,0.0,-1,-25.0,-2,-40.0,1,14.3,5676,27.4,4445,26.5,-190,-31.4,136,45.6
"36121","5","71399","77","0","2016","3","","Wyoming County, New York","Private","NAICS 71399 All other amusement and recreation industries","County, NAICS 5-digit -- by ownership sector","All establishment sizes",5,21,47,13,83028,68206,1258,237,"",2.85,0.95,2.22,0.72,1.04,2.30,1.04,0.79,"",0,0.0,4,23.5,-6,-11.3,6,85.7,2449,3.0,418,0.6,-378,-23.1,-4,-1.7
"36121","5","71399","77","0","2016","4","N","Wyoming County, New York","Private","NAICS 71399 All other amusement and recreation industries","County, NAICS 5-digit -- by ownership sector","All establishment sizes",5,0,0,0,0,0,0,0,"N",2.84,0,0,0,0,0,0,0,"N",0,0.0,0,0,0,0,0,0,0,0,0,0,0,0,0,0
"36121","5","713990","78","0","2016","1","N","Wyoming County, New York","Private","NAICS 713990 All other amusement and recreation industries","County, NAICS 6-digit -- by ownership sector","All establishment sizes",5,0,0,0,0,0,0,0,"N",2.89,0,0,0,0,0,0,0,"N",0,0.0,0,0,0,0,0,0,0,0,0,0,0,0,0,0
"36121","5","713990","78","0","2016","2","","Wyoming County, New York","Private","NAICS 713990 All other amusement and recreation industries","County, NAICS 6-digit -- by ownership sector","All establishment sizes",5,3,3,8,26356,21225,416,434,"",2.87,0.19,0.17,0.39,0.40,0.67,0.32,1.51,"",0,0.0,-1,-25.0,-2,-40.0,1,14.3,5676,27.4,4445,26.5,-190,-31.4,136,45.6
"36121","5","713990","78","0","2016","3","","Wyoming County, New York","Private","NAICS 713990 All other amusement and recreation industries","County, NAICS 6-digit -- by ownership sector","All establishment sizes",5,21,47,13,83028,68206,1258,237,"",2.85,0.95,2.22,0.72,1.04,2.30,1.04,0.79,"",0,0.0,4,23.5,-6,-11.3,6,85.7,2449,3.0,418,0.6,-378,-23.1,-4,-1.7
"36121","5","713990","78","0","2016","4","N","Wyoming County, New York","Private","NAICS 713990 All other amusement and recreation industries","County, NAICS 6-digit -- by ownership sector","All establishment sizes",5,0,0,0,0,0,0,0,"N",2.84,0,0,0,0,0,0,0,"N",0,0.0,0,0,0,0,0,0,0,0,0,0,0,0,0,0
"36121","5","72","74","0","2016","1","","Wyoming County, New York","Private","NAICS 72 Accommodation and food services","County, NAICS Sector -- by ownership sector","All establishment sizes",68,627,635,714,2218158,2107857,63146,259,"",1.08,0.52,0.52,0.57,0.51,0.53,0.61,0.94,"",1,1.5,42,7.2,40,6.7,84,13.3,212935,10.6,176439,9.1,2348,3.9,3,1.2
"36121","5","72","74","0","2016","2","","Wyoming County, New York","Private","NAICS 72 Accommodation and food services","County, NAICS Sector -- by ownership sector","All establishment sizes",68,771,830,871,2938662,2237414,78598,274,"",1.08,0.61,0.63,0.65,0.58,0.81,0.90,0.92,"",1,1.5,1,0.1,-42,-4.8,-32,-3.5,211080,7.7,80997,3.8,-4831,-5.8,27,10.9
"36121","5","72","74","0","2016","3","","Wyoming County, New York","Private","NAICS 72 Accommodation and food services","County, NAICS Sector -- by ownership sector","All establishment sizes",67,919,981,853,3535906,1973590,77239,296,"",1.07,0.71,0.76,0.65,0.69,1.12,1.45,0.97,"",-2,-2.9,30,3.4,0,0.0,1,0.1,364013,11.5,44447,2.3,-4812,-5.9,27,10.0
"36121","5","72","74","0","2016","4","","Wyoming County, New York","Private","NAICS 72 Accommodation and food services","County, NAICS Sector -- by ownership sector","All establishment sizes",67,832,727,707,2747240,951292,28442,280,"",1.07,0.64,0.58,0.57,0.58,0.82,0.91,0.97,"",-1,-1.5,-36,-4.1,-18,-2.4,1,0.1,-39589,-1.4,-146834,-13.4,-8767,-23.6,3,1.1
"36121","5","721","75","0","2016","1","","Wyoming County, New York","Private","NAICS 721 Accommodation","County, NAICS 3-digit -- by ownership sector","All establishment sizes",7,22,24,15,185295,133920,7065,701,"",1.11,0.13,0.14,0.08,0.19,0.17,0.28,1.64,"",0,0.0,2,10.0,5,26.3,2,15.4,16625,9.9,883,0.7,-252,-3.4,-48,-6.4
"36121","5","721","75","0","2016","2","","Wyoming County, New York","Private","NAICS 721 Accommodation","County, NAICS 3-digit -- by ownership sector","All establishment sizes",7,36,71,85,391689,209015,9949,471,"",1.11,0.20,0.37,0.42,0.35,0.42,0.55,1.05,"",0,0.0,0,0.0,-4,-5.3,-11,-11.5,24310,6.6,9218,4.6,-348,-3.4,61,14.9
"36121","5","721","75","0","2016","3","","Wyoming County, New York","Private","NAICS 721 Accommodation","County, NAICS 3-digit -- by ownership sector","All establishment sizes",7,111,160,87,632932,334981,15122,408,"",1.11,0.56,0.82,0.45,0.55,1.03,1.33,0.90,"",0,0.0,7,6.7,7,4.6,53,155.9,79873,14.4,41207,14.0,1051,7.5,-31,-7.1
"36121","5","721","75","0","2016","4","","Wyoming County, New York","Private","NAICS 721 Accommodation","County, NAICS 3-digit -- by ownership sector","All establishment sizes",6,69,35,29,268043,49019,2304,465,"",0.95,0.37,0.20,0.16,0.26,0.28,0.44,1.07,"",-1,-14.3,-1,-1.4,-3,-7.9,-1,-3.3,-29574,-9.9,-12366,-20.1,-658,-22.2,-33,-6.6
"36121","5","7211","76","0","2016","1","N","Wyoming County, New York","Private","NAICS 7211 Traveler accommodation","County, NAICS 4-digit -- by ownership sector","All establishment sizes",1,0,0,0,0,0,0,0,"N",0.18,0,0,0,0,0,0,0,"N",0,0.0,0,0,0,0,0,0,0,0,0,0,0,0,0,0
"36121","5","7211","76","0","2016","2","N","Wyoming County, New York","Private","NAICS 7211 Traveler accommodation","County, NAICS 4-digit -- by ownership sector","All establishment sizes",1,0,0,0,0,0,0,0,"N",0.18,0,0,0,0,0,0,0,"N",0,0.0,0,0,0,0,0,0,0,0,0,0,0,0,0,0
"36121","5","7211","76","0","2016","3","N","Wyoming County, New York","Private","NAICS 7211 Traveler accommodation","County, NAICS 4-digit -- by ownership sector","All establishment sizes",1,0,0,0,0,0,0,0,"N",0.18,0,0,0,0,0,0,0,"N",0,0.0,0,0,0,0,0,0,0,0,0,0,0,0,0,0
"36121","5","7211","76","0","2016","4","N","Wyoming County, New York","Private","NAICS 7211 Traveler accommodation","County, NAICS 4-digit -- by ownership sector","All establishment sizes",1,0,0,0,0,0,0,0,"N",0.18,0,0,0,0,0,0,0,"N",0,0.0,0,0,0,0,0,0,0,0,0,0,0,0,0,0
"36121","5","72111","77","0","2016","1","N","Wyoming County, New York","Private","NAICS 72111 Hotels and motels, except casino hotels","County, NAICS 5-digit -- by ownership sector","All establishment sizes",1,0,0,0,0,0,0,0,"N",0.20,0,0,0,0,0,0,0,"N",0,0.0,0,0,0,0,0,0,0,0,0,0,0,0,0,0
"36121","5","72111","77","0","2016","2","N","Wyoming County, New York","Private","NAICS 72111 Hotels and motels, except casino hotels","County, NAICS 5-digit -- by ownership sector","All establishment sizes",1,0,0,0,0,0,0,0,"N",0.20,0,0,0,0,0,0,0,"N",0,0.0,0,0,0,0,0,0,0,0,0,0,0,0,0,0
"36121","5","72111","77","0","2016","3","N","Wyoming County, New York","Private","NAICS 72111 Hotels and motels, except casino hotels","County, NAICS 5-digit -- by ownership sector","All establishment sizes",1,0,0,0,0,0,0,0,"N",0.20,0,0,0,0,0,0,0,"N",0,0.0,0,0,0,0,0,0,0,0,0,0,0,0,0,0
"36121","5","72111","77","0","2016","4","N","Wyoming County, New York","Private","NAICS 72111 Hotels and motels, except casino hotels","County, NAICS 5-digit -- by ownership sector","All establishment sizes",1,0,0,0,0,0,0,0,"N",0.20,0,0,0,0,0,0,0,"N",0,0.0,0,0,0,0,0,0,0,0,0,0,0,0,0,0
"36121","5","721110","78","0","2016","1","N","Wyoming County, New York","Private","NAICS 721110 Hotels and motels, except casino hotels","County, NAICS 6-digit -- by ownership sector","All establishment sizes",1,0,0,0,0,0,0,0,"N",0.20,0,0,0,0,0,0,0,"N",0,0.0,0,0,0,0,0,0,0,0,0,0,0,0,0,0
"36121","5","721110","78","0","2016","2","N","Wyoming County, New York","Private","NAICS 721110 Hotels and motels, except casino hotels","County, NAICS 6-digit -- by ownership sector","All establishment sizes",1,0,0,0,0,0,0,0,"N",0.20,0,0,0,0,0,0,0,"N",0,0.0,0,0,0,0,0,0,0,0,0,0,0,0,0,0
"36121","5","721110","78","0","2016","3","N","Wyoming County, New York","Private","NAICS 721110 Hotels and motels, except casino hotels","County, NAICS 6-digit -- by ownership sector","All establishment sizes",1,0,0,0,0,0,0,0,"N",0.20,0,0,0,0,0,0,0,"N",0,0.0,0,0,0,0,0,0,0,0,0,0,0,0,0,0
"36121","5","721110","78","0","2016","4","N","Wyoming County, New York","Private","NAICS 721110 Hotels and motels, except casino hotels","County, NAICS 6-digit -- by ownership sector","All establishment sizes",1,0,0,0,0,0,0,0,"N",0.20,0,0,0,0,0,0,0,"N",0,0.0,0,0,0,0,0,0,0,0,0,0,0,0,0,0
"36121","5","7212","76","0","2016","1","N","Wyoming County, New York","Private","NAICS 7212 Rv parks and recreational camps","County, NAICS 4-digit -- by ownership sector","All establishment sizes",6,0,0,0,0,0,0,0,"N",9.16,0,0,0,0,0,0,0,"N",0,0.0,0,0,0,0,0,0,0,0,0,0,0,0,0,0
"36121","5","7212","76","0","2016","2","N","Wyoming County, New York","Private","NAICS 7212 Rv parks and recreational camps","County, NAICS 4-digit -- by ownership sector","All establishment sizes",6,0,0,0,0,0,0,0,"N",9.11,0,0,0,0,0,0,0,"N",0,0.0,0,0,0,0,0,0,0,0,0,0,0,0,0,0
"36121","5","7212","76","0","2016","3","N","Wyoming County, New York","Private","NAICS 7212 Rv parks and recreational camps","County, NAICS 4-digit -- by ownership sector","All establishment sizes",6,0,0,0,0,0,0,0,"N",9.11,0,0,0,0,0,0,0,"N",0,0.0,0,0,0,0,0,0,0,0,0,0,0,0,0,0
"36121","5","7212","76","0","2016","4","N","Wyoming County, New York","Private","NAICS 7212 Rv parks and recreational camps","County, NAICS 4-digit -- by ownership sector","All establishment sizes",5,0,0,0,0,0,0,0,"N",7.62,0,0,0,0,0,0,0,"N",-1,-16.7,0,0,0,0,0,0,0,0,0,0,0,0,0,0
"36121","5","72121","77","0","2016","1","N","Wyoming County, New York","Private","NAICS 72121 Rv parks and recreational camps","County, NAICS 5-digit -- by ownership sector","All establishment sizes",6,0,0,0,0,0,0,0,"N",9.16,0,0,0,0,0,0,0,"N",0,0.0,0,0,0,0,0,0,0,0,0,0,0,0,0,0
"36121","5","72121","77","0","2016","2","N","Wyoming County, New York","Private","NAICS 72121 Rv parks and recreational camps","County, NAICS 5-digit -- by ownership sector","All establishment sizes",6,0,0,0,0,0,0,0,"N",9.11,0,0,0,0,0,0,0,"N",0,0.0,0,0,0,0,0,0,0,0,0,0,0,0,0,0
"36121","5","72121","77","0","2016","3","N","Wyoming County, New York","Private","NAICS 72121 Rv parks and recreational camps","County, NAICS 5-digit -- by ownership sector","All establishment sizes",6,0,0,0,0,0,0,0,"N",9.11,0,0,0,0,0,0,0,"N",0,0.0,0,0,0,0,0,0,0,0,0,0,0,0,0,0
"36121","5","72121","77","0","2016","4","N","Wyoming County, New York","Private","NAICS 72121 Rv parks and recreational camps","County, NAICS 5-digit -- by ownership sector","All establishment sizes",5,0,0,0,0,0,0,0,"N",7.62,0,0,0,0,0,0,0,"N",-1,-16.7,0,0,0,0,0,0,0,0,0,0,0,0,0,0
"36121","5","721211","78","0","2016","1","N","Wyoming County, New York","Private","NAICS 721211 Rv parks and campgrounds","County, NAICS 6-digit -- by ownership sector","All establishment sizes",3,0,0,0,0,0,0,0,"N",7.49,0,0,0,0,0,0,0,"N",0,0.0,0,0,0,0,0,0,0,0,0,0,0,0,0,0
"36121","5","721211","78","0","2016","2","","Wyoming County, New York","Private","NAICS 721211 Rv parks and campgrounds","County, NAICS 6-digit -- by ownership sector","All establishment sizes",3,26,51,66,302339,184939,7754,488,"",7.43,10.28,15.36,16.35,23.71,26.95,19.06,1.63,"N",0,0.0,0,0,0,0,0,0,0,0,0,0,0,0,0,0
"36121","5","721211","78","0","2016","3","","Wyoming County, New York","Private","NAICS 721211 Rv parks and campgrounds","County, NAICS 6-digit -- by ownership sector","All establishment sizes",3,74,75,66,490847,306167,12967,527,"",7.42,18.09,18.52,18.88,31.29,49.48,37.03,1.70,"",0,0.0,2,2.8,6,8.7,53,407.7,69524,16.5,41093,15.5,1211,10.3,-104,-16.5
"36121","5","721211","78","0","2016","4","N","Wyoming County, New York","Private","NAICS 721211 Rv parks and campgrounds","County, NAICS 6-digit -- by ownership sector","All establishment sizes",3,0,0,0,0,0,0,0,"N",7.44,0,0,0,0,0,0,0,"N",0,0.0,0,0,0,0,0,0,0,0,0,0,0,0,0,0
"36121","5","721214","78","0","2016","1","N","Wyoming County, New York","Private","NAICS 721214 Recreational and vacation camps","County, NAICS 6-digit -- by ownership sector","All establishment sizes",3,0,0,0,0,0,0,0,"N",11.78,0,0,0,0,0,0,0,"N",0,0.0,0,0,0,0,0,0,0,0,0,0,0,0,0,0
"36121","5","721214","78","0","2016","2","N","Wyoming County, New York","Private","NAICS 721214 Recreational and vacation camps","County, NAICS 6-digit -- by ownership sector","All establishment sizes",3,0,0,0,0,0,0,0,"N",11.78,0,0,0,0,0,0,0,"N",0,0.0,0,0,0,0,0,0,0,0,0,0,0,0,0,0
"36121","5","721214","78","0","2016","3","N","Wyoming County, New York","Private","NAICS 721214 Recreational and vacation camps","County, NAICS 6-digit -- by ownership sector","All establishment sizes",3,0,0,0,0,0,0,0,"N",11.80,0,0,0,0,0,0,0,"N",0,0.0,0,0,0,0,0,0,0,0,0,0,0,0,0,0
"36121","5","721214","78","0","2016","4","N","Wyoming County, New York","Private","NAICS 721214 Recreational and vacation camps","County, NAICS 6-digit -- by ownership sector","All establishment sizes",2,0,0,0,0,0,0,0,"N",7.91,0,0,0,0,0,0,0,"N",-1,-33.3,0,0,0,0,0,0,0,0,0,0,0,0,0,0
"36121","5","722","75","0","2016","1","","Wyoming County, New York","Private","NAICS 722 Food services and drinking places","County, NAICS 3-digit -- by ownership sector","All establishment sizes",61,605,611,699,2032863,1973937,56081,245,"",1.08,0.58,0.58,0.66,0.60,0.63,0.71,0.98,"",1,1.7,40,7.1,35,6.1,82,13.3,196310,10.7,175556,9.8,2600,4.9,4,1.7
"36121","5","722","75","0","2016","2","","Wyoming County, New York","Private","NAICS 722 Food services and drinking places","County, NAICS 3-digit -- by ownership sector","All establishment sizes",61,735,759,786,2546973,2028399,68649,258,"",1.08,0.67,0.67,0.68,0.64,0.89,0.99,0.95,"",1,1.7,1,0.1,-38,-4.8,-21,-2.6,186770,7.9,71779,3.7,-4483,-6.1,25,10.7
"36121","5","722","75","0","2016","3","","Wyoming County, New York","Private","NAICS 722 Food services and drinking places","County, NAICS 3-digit -- by ownership sector","All establishment sizes",60,808,821,766,2902974,1638609,62117,280,"",1.06,0.74,0.75,0.69,0.73,1.14,1.49,1.00,"",-2,-3.2,23,2.9,-7,-0.8,-52,-6.4,284140,10.8,3240,0.2,-5863,-8.6,31,12.4
"36121","5","722","75","0","2016","4","","Wyoming County, New York","Private","NAICS 722 Food services and drinking places","County, NAICS 3-digit -- by ownership sector","All establishment sizes",61,763,692,678,2479197,902273,26138,268,"",1.08,0.69,0.65,0.64,0.67,0.92,1.00,1.01,"",0,0.0,-35,-4.4,-15,-2.1,2,0.3,-10015,-0.4,-134468,-13.0,-8109,-23.7,5,1.9
"36121","5","7223","76","0","2016","1","","Wyoming County, New York","Private","NAICS 7223 Special food services","County, NAICS 4-digit -- by ownership sector","All establishment sizes",6,24,34,36,131422,120943,11490,323,"",1.74,0.41,0.55,0.58,0.50,0.53,0.92,0.97,"",1,20.0,3,14.3,12,54.5,3,9.1,6053,4.8,8481,7.5,357,3.2,-58,-15.2
"36121","5","7223","76","0","2016","2","","Wyoming County, New York","Private","NAICS 7223 Special food services","County, NAICS 4-digit -- by ownership sector","All establishment sizes",6,42,44,52,188006,122002,11566,314,"",1.73,0.63,0.66,0.84,0.60,0.84,1.16,0.84,"",1,20.0,0,0.0,0,0.0,12,30.0,25482,15.7,11712,10.6,654,6.0,16,5.4
"36121","5","7223","76","0","2016","3","","Wyoming County, New York","Private","NAICS 7223 Special food services","County, NAICS 4-digit -- by ownership sector","All establishment sizes",6,36,52,46,192979,93617,8718,332,"",1.72,0.65,0.87,0.65,0.64,1.18,1.82,0.89,"",1,20.0,2,5.9,-1,-1.9,-4,-8.0,9916,5.4,-4382,-4.5,-912,-9.5,24,7.8
"36121","5","7223","76","0","2016","4","","Wyoming County, New York","Private","NAICS 7223 Special food services","County, NAICS 4-digit -- by ownership sector","All establishment sizes",6,34,31,27,155797,33811,3213,391,"",1.73,0.49,0.47,0.42,0.49,0.54,0.85,1.05,"",1,20.0,-7,-17.1,1,3.3,0,0.0,-11239,-6.7,-15572,-31.5,-1656,-34.0,-2,-0.5
"36121","5","72231","77","0","2016","1","","Wyoming County, New York","Private","NAICS 72231 Food service contractors","County, NAICS 5-digit -- by ownership sector","All establishment sizes",3,22,22,22,109281,98802,9387,382,"",1.51,0.51,0.48,0.48,0.54,0.56,0.90,1.09,"",0,0.0,1,4.8,0,0.0,-2,-8.3,-1035,-0.9,1393,1.4,-256,-2.7,2,0.5
"36121","5","72231","77","0","2016","2","","Wyoming County, New York","Private","NAICS 72231 Food service contractors","County, NAICS 5-digit -- by ownership sector","All establishment sizes",3,23,23,26,119964,56710,5388,385,"",1.52,0.48,0.49,0.63,0.51,0.53,0.67,0.97,"",0,0.0,-3,-11.5,-1,-4.2,6,30.0,15330,14.7,4310,8.2,200,3.9,40,11.6
"36121","5","72231","77","0","2016","3","N","Wyoming County, New York","Private","NAICS 72231 Food service contractors","County, NAICS 5-digit -- by ownership sector","All establishment sizes",3,0,0,0,0,0,0,0,"N",1.52,0,0,0,0,0,0,0,"N",0,0.0,0,0,0,0,0,0,0,0,0,0,0,0,0,0
"36121","5","72231","77","0","2016","4","N","Wyoming County, New York","Private","NAICS 72231 Food service contractors","County, NAICS 5-digit -- by ownership sector","All establishment sizes",3,0,0,0,0,0,0,0,"N",1.54,0,0,0,0,0,0,0,"N",0,0.0,0,0,0,0,0,0,0,0,0,0,0,0,0,0
"36121","5","722310","78","0","2016","1","","Wyoming County, New York","Private","NAICS 722310 Food service contractors","County, NAICS 6-digit -- by ownership sector","All establishment sizes",3,22,22,22,109281,98802,9387,382,"",1.51,0.51,0.48,0.48,0.54,0.56,0.90,1.09,"",0,0.0,1,4.8,0,0.0,-2,-8.3,-1035,-0.9,1393,1.4,-256,-2.7,2,0.5
"36121","5","722310","78","0","2016","2","","Wyoming County, New York","Private","NAICS 722310 Food service contractors","County, NAICS 6-digit -- by ownership sector","All establishment sizes",3,23,23,26,119964,56710,5388,385,"",1.52,0.48,0.49,0.63,0.51,0.53,0.67,0.97,"",0,0.0,-3,-11.5,-1,-4.2,6,30.0,15330,14.7,4310,8.2,200,3.9,40,11.6
"36121","5","722310","78","0","2016","3","N","Wyoming County, New York","Private","NAICS 722310 Food service contractors","County, NAICS 6-digit -- by ownership sector","All establishment sizes",3,0,0,0,0,0,0,0,"N",1.52,0,0,0,0,0,0,0,"N",0,0.0,0,0,0,0,0,0,0,0,0,0,0,0,0,0
"36121","5","722310","78","0","2016","4","N","Wyoming County, New York","Private","NAICS 722310 Food service contractors","County, NAICS 6-digit -- by ownership sector","All establishment sizes",3,0,0,0,0,0,0,0,"N",1.54,0,0,0,0,0,0,0,"N",0,0.0,0,0,0,0,0,0,0,0,0,0,0,0,0,0
"36121","5","72232","77","0","2016","1","N","Wyoming County, New York","Private","NAICS 72232 Caterers","County, NAICS 5-digit -- by ownership sector","All establishment sizes",2,0,0,0,0,0,0,0,"N",1.80,0,0,0,0,0,0,0,"N",1,100.0,0,0,0,0,0,0,0,0,0,0,0,0,0,0
"36121","5","72232","77","0","2016","2","N","Wyoming County, New York","Private","NAICS 72232 Caterers","County, NAICS 5-digit -- by ownership sector","All establishment sizes",2,0,0,0,0,0,0,0,"N",1.80,0,0,0,0,0,0,0,"N",1,100.0,0,0,0,0,0,0,0,0,0,0,0,0,0,0
"36121","5","72232","77","0","2016","3","N","Wyoming County, New York","Private","NAICS 72232 Caterers","County, NAICS 5-digit -- by ownership sector","All establishment sizes",2,0,0,0,0,0,0,0,"N",1.79,0,0,0,0,0,0,0,"N",1,100.0,0,0,0,0,0,0,0,0,0,0,0,0,0,0
"36121","5","72232","77","0","2016","4","N","Wyoming County, New York","Private","NAICS 72232 Caterers","County, NAICS 5-digit -- by ownership sector","All establishment sizes",2,0,0,0,0,0,0,0,"N",1.79,0,0,0,0,0,0,0,"N",1,100.0,0,0,0,0,0,0,0,0,0,0,0,0,0,0
"36121","5","722320","78","0","2016","1","N","Wyoming County, New York","Private","NAICS 722320 Caterers","County, NAICS 6-digit -- by ownership sector","All establishment sizes",2,0,0,0,0,0,0,0,"N",1.80,0,0,0,0,0,0,0,"N",1,100.0,0,0,0,0,0,0,0,0,0,0,0,0,0,0
"36121","5","722320","78","0","2016","2","N","Wyoming County, New York","Private","NAICS 722320 Caterers","County, NAICS 6-digit -- by ownership sector","All establishment sizes",2,0,0,0,0,0,0,0,"N",1.80,0,0,0,0,0,0,0,"N",1,100.0,0,0,0,0,0,0,0,0,0,0,0,0,0,0
"36121","5","722320","78","0","2016","3","N","Wyoming County, New York","Private","NAICS 722320 Caterers","County, NAICS 6-digit -- by ownership sector","All establishment sizes",2,0,0,0,0,0,0,0,"N",1.79,0,0,0,0,0,0,0,"N",1,100.0,0,0,0,0,0,0,0,0,0,0,0,0,0,0
"36121","5","722320","78","0","2016","4","N","Wyoming County, New York","Private","NAICS 722320 Caterers","County, NAICS 6-digit -- by ownership sector","All establishment sizes",2,0,0,0,0,0,0,0,"N",1.79,0,0,0,0,0,0,0,"N",1,100.0,0,0,0,0,0,0,0,0,0,0,0,0,0,0
"36121","5","72233","77","0","2016","1","N","Wyoming County, New York","Private","NAICS 72233 Mobile food services","County, NAICS 5-digit -- by ownership sector","All establishment sizes",1,0,0,0,0,0,0,0,"N",2.82,0,0,0,0,0,0,0,"N",0,0.0,0,0,0,0,0,0,0,0,0,0,0,0,0,0
"36121","5","72233","77","0","2016","2","N","Wyoming County, New York","Private","NAICS 72233 Mobile food services","County, NAICS 5-digit -- by ownership sector","All establishment sizes",1,0,0,0,0,0,0,0,"N",2.65,0,0,0,0,0,0,0,"N",0,0.0,0,0,0,0,0,0,0,0,0,0,0,0,0,0
"36121","5","72233","77","0","2016","3","N","Wyoming County, New York","Private","NAICS 72233 Mobile food services","County, NAICS 5-digit -- by ownership sector","All establishment sizes",1,0,0,0,0,0,0,0,"N",2.56,0,0,0,0,0,0,0,"N",0,0.0,0,0,0,0,0,0,0,0,0,0,0,0,0,0
"36121","5","72233","77","0","2016","4","N","Wyoming County, New York","Private","NAICS 72233 Mobile food services","County, NAICS 5-digit -- by ownership sector","All establishment sizes",1,0,0,0,0,0,0,0,"N",2.52,0,0,0,0,0,0,0,"N",0,0.0,0,0,0,0,0,0,0,0,0,0,0,0,0,0
"36121","5","722330","78","0","2016","1","N","Wyoming County, New York","Private","NAICS 722330 Mobile food services","County, NAICS 6-digit -- by ownership sector","All establishment sizes",1,0,0,0,0,0,0,0,"N",2.82,0,0,0,0,0,0,0,"N",0,0.0,0,0,0,0,0,0,0,0,0,0,0,0,0,0
"36121","5","722330","78","0","2016","2","N","Wyoming County, New York","Private","NAICS 722330 Mobile food services","County, NAICS 6-digit -- by ownership sector","All establishment sizes",1,0,0,0,0,0,0,0,"N",2.65,0,0,0,0,0,0,0,"N",0,0.0,0,0,0,0,0,0,0,0,0,0,0,0,0,0
"36121","5","722330","78","0","2016","3","N","Wyoming County, New York","Private","NAICS 722330 Mobile food services","County, NAICS 6-digit -- by ownership sector","All establishment sizes",1,0,0,0,0,0,0,0,"N",2.56,0,0,0,0,0,0,0,"N",0,0.0,0,0,0,0,0,0,0,0,0,0,0,0,0,0
"36121","5","722330","78","0","2016","4","N","Wyoming County, New York","Private","NAICS 722330 Mobile food services","County, NAICS 6-digit -- by ownership sector","All establishment sizes",1,0,0,0,0,0,0,0,"N",2.52,0,0,0,0,0,0,0,"N",0,0.0,0,0,0,0,0,0,0,0,0,0,0,0,0,0
"36121","5","7224","76","0","2016","1","","Wyoming County, New York","Private","NAICS 7224 Drinking places, alcoholic beverages","County, NAICS 4-digit -- by ownership sector","All establishment sizes",8,67,70,74,165361,165361,3543,181,"",2.00,1.93,1.99,2.07,1.52,1.61,1.33,0.76,"",0,0.0,9,15.5,13,22.8,14,23.3,5794,3.6,5794,3.6,-891,-20.1,-29,-13.8
"36121","5","7224","76","0","2016","2","","Wyoming County, New York","Private","NAICS 7224 Drinking places, alcoholic beverages","County, NAICS 4-digit -- by ownership sector","All establishment sizes",8,68,64,67,172358,151846,3230,200,"",2.01,1.86,1.69,1.74,1.34,1.99,1.28,0.76,"",0,0.0,8,13.3,-4,-5.9,-4,-5.6,17338,11.2,9172,6.4,-727,-18.4,20,11.1
"36121","5","7224","76","0","2016","3","","Wyoming County, New York","Private","NAICS 7224 Drinking places, alcoholic beverages","County, NAICS 4-digit -- by ownership sector","All establishment sizes",8,75,78,72,189788,138875,2860,195,"",2.03,2.03,2.11,1.90,1.46,2.76,1.78,0.73,"",0,0.0,3,4.2,3,4.0,-5,-6.5,14175,8.1,8156,6.2,-615,-17.7,14,7.7
"36121","5","7224","76","0","2016","4","","Wyoming County, New York","Private","NAICS 7224 Drinking places, alcoholic beverages","County, NAICS 4-digit -- by ownership sector","All establishment sizes",8,79,73,73,181267,108233,2250,186,"",2.04,2.11,2.03,2.07,1.52,3.12,2.30,0.74,"",0,0.0,5,6.8,-7,-8.8,-7,-8.8,-11034,-5.7,-6197,-5.4,-738,-24.7,-4,-2.1
"36121","5","72241","77","0","2016","1","","Wyoming County, New York","Private","NAICS 72241 Drinking places, alcoholic beverages","County, NAICS 5-digit -- by ownership sector","All establishment sizes",8,67,70,74,165361,165361,3543,181,"",2.00,1.93,1.99,2.07,1.52,1.61,1.33,0.76,"",0,0.0,9,15.5,13,22.8,14,23.3,5794,3.6,5794,3.6,-891,-20.1,-29,-13.8
"36121","5","72241","77","0","2016","2","","Wyoming County, New York","Private","NAICS 72241 Drinking places, alcoholic beverages","County, NAICS 5-digit -- by ownership sector","All establishment sizes",8,68,64,67,172358,151846,3230,200,"",2.01,1.86,1.69,1.74,1.34,1.99,1.28,0.76,"",0,0.0,8,13.3,-4,-5.9,-4,-5.6,17338,11.2,9172,6.4,-727,-18.4,20,11.1
"36121","5","72241","77","0","2016","3","","Wyoming County, New York","Private","NAICS 72241 Drinking places, alcoholic beverages","County, NAICS 5-digit -- by ownership sector","All establishment sizes",8,75,78,72,189788,138875,2860,195,"",2.03,2.03,2.11,1.90,1.46,2.76,1.78,0.73,"",0,0.0,3,4.2,3,4.0,-5,-6.5,14175,8.1,8156,6.2,-615,-17.7,14,7.7
"36121","5","72241","77","0","2016","4","","Wyoming County, New York","Private","NAICS 72241 Drinking places, alcoholic beverages","County, NAICS 5-digit -- by ownership sector","All establishment sizes",8,79,73,73,181267,108233,2250,186,"",2.04,2.11,2.03,2.07,1.52,3.12,2.30,0.74,"",0,0.0,5,6.8,-7,-8.8,-7,-8.8,-11034,-5.7,-6197,-5.4,-738,-24.7,-4,-2.1
"36121","5","722410","78","0","2016","1","","Wyoming County, New York","Private","NAICS 722410 Drinking places, alcoholic beverages","County, NAICS 6-digit -- by ownership sector","All establishment sizes",8,67,70,74,165361,165361,3543,181,"",2.00,1.93,1.99,2.07,1.52,1.61,1.33,0.76,"",0,0.0,9,15.5,13,22.8,14,23.3,5794,3.6,5794,3.6,-891,-20.1,-29,-13.8
"36121","5","722410","78","0","2016","2","","Wyoming County, New York","Private","NAICS 722410 Drinking places, alcoholic beverages","County, NAICS 6-digit -- by ownership sector","All establishment sizes",8,68,64,67,172358,151846,3230,200,"",2.01,1.86,1.69,1.74,1.34,1.99,1.28,0.76,"",0,0.0,8,13.3,-4,-5.9,-4,-5.6,17338,11.2,9172,6.4,-727,-18.4,20,11.1
"36121","5","722410","78","0","2016","3","","Wyoming County, New York","Private","NAICS 722410 Drinking places, alcoholic beverages","County, NAICS 6-digit -- by ownership sector","All establishment sizes",8,75,78,72,189788,138875,2860,195,"",2.03,2.03,2.11,1.90,1.46,2.76,1.78,0.73,"",0,0.0,3,4.2,3,4.0,-5,-6.5,14175,8.1,8156,6.2,-615,-17.7,14,7.7
"36121","5","722410","78","0","2016","4","","Wyoming County, New York","Private","NAICS 722410 Drinking places, alcoholic beverages","County, NAICS 6-digit -- by ownership sector","All establishment sizes",8,79,73,73,181267,108233,2250,186,"",2.04,2.11,2.03,2.07,1.52,3.12,2.30,0.74,"",0,0.0,5,6.8,-7,-8.8,-7,-8.8,-11034,-5.7,-6197,-5.4,-738,-24.7,-4,-2.1
"36121","5","7225","76","0","2016","1","","Wyoming County, New York","Private","NAICS 7225 Restaurants and other eating places","County, NAICS 4-digit -- by ownership sector","All establishment sizes",47,514,507,589,1736080,1687633,41048,249,"",0.96,0.54,0.53,0.61,0.58,0.60,0.65,1.02,"",0,0.0,28,5.8,10,2.0,65,12.4,184463,11.9,161281,10.6,3134,8.3,11,4.6
"36121","5","7225","76","0","2016","2","","Wyoming County, New York","Private","NAICS 7225 Restaurants and other eating places","County, NAICS 4-digit -- by ownership sector","All establishment sizes",47,625,651,667,2186609,1754551,53853,260,"",0.96,0.63,0.64,0.64,0.62,0.85,0.94,0.97,"",0,0.0,-7,-1.1,-34,-5.0,-29,-4.2,143950,7.0,50895,3.0,-4410,-7.6,26,11.1
"36121","5","7225","76","0","2016","3","","Wyoming County, New York","Private","NAICS 7225 Restaurants and other eating places","County, NAICS 4-digit -- by ownership sector","All establishment sizes",46,697,691,648,2520207,1406117,50539,286,"",0.94,0.69,0.69,0.64,0.71,1.08,1.43,1.04,"",-3,-6.1,18,2.7,-9,-1.3,-43,-6.2,260049,11.5,-534,0.0,-4336,-7.9,34,13.5
"36121","5","7225","76","0","2016","4","","Wyoming County, New York","Private","NAICS 7225 Restaurants and other eating places","County, NAICS 4-digit -- by ownership sector","All establishment sizes",47,650,588,578,2142133,760229,20675,272,"",0.96,0.65,0.61,0.60,0.66,0.86,0.97,1.06,"",-1,-2.1,-33,-4.8,-9,-1.5,9,1.6,12258,0.6,-112699,-12.9,-5715,-21.7,6,2.3
"36121","5","72251","77","0","2016","1","","Wyoming County, New York","Private","NAICS 72251 Restaurants and other eating places","County, NAICS 5-digit -- by ownership sector","All establishment sizes",47,514,507,589,1736080,1687633,41048,249,"",0.96,0.54,0.53,0.61,0.58,0.60,0.65,1.02,"",0,0.0,28,5.8,10,2.0,65,12.4,184463,11.9,161281,10.6,3134,8.3,11,4.6
"36121","5","72251","77","0","2016","2","","Wyoming County, New York","Private","NAICS 72251 Restaurants and other eating places","County, NAICS 5-digit -- by ownership sector","All establishment sizes",47,625,651,667,2186609,1754551,53853,260,"",0.96,0.63,0.64,0.64,0.62,0.85,0.94,0.97,"",0,0.0,-7,-1.1,-34,-5.0,-29,-4.2,143950,7.0,50895,3.0,-4410,-7.6,26,11.1
"36121","5","72251","77","0","2016","3","","Wyoming County, New York","Private","NAICS 72251 Restaurants and other eating places","County, NAICS 5-digit -- by ownership sector","All establishment sizes",46,697,691,648,2520207,1406117,50539,286,"",0.94,0.69,0.69,0.64,0.71,1.08,1.43,1.04,"",-3,-6.1,18,2.7,-9,-1.3,-43,-6.2,260049,11.5,-534,0.0,-4336,-7.9,34,13.5
"36121","5","72251","77","0","2016","4","","Wyoming County, New York","Private","NAICS 72251 Restaurants and other eating places","County, NAICS 5-digit -- by ownership sector","All establishment sizes",47,650,588,578,2142133,760229,20675,272,"",0.96,0.65,0.61,0.60,0.66,0.86,0.97,1.06,"",-1,-2.1,-33,-4.8,-9,-1.5,9,1.6,12258,0.6,-112699,-12.9,-5715,-21.7,6,2.3
"36121","5","722511","78","0","2016","1","N","Wyoming County, New York","Private","NAICS 722511 Full-service restaurants","County, NAICS 6-digit -- by ownership sector","All establishment sizes",21,0,0,0,0,0,0,0,"N",0.95,0,0,0,0,0,0,0,"N",1,5.0,0,0,0,0,0,0,0,0,0,0,0,0,0,0
"36121","5","722511","78","0","2016","2","N","Wyoming County, New York","Private","NAICS 722511 Full-service restaurants","County, NAICS 6-digit -- by ownership sector","All establishment sizes",20,0,0,0,0,0,0,0,"N",0.91,0,0,0,0,0,0,0,"N",-1,-4.8,0,0,0,0,0,0,0,0,0,0,0,0,0,0
"36121","5","722511","78","0","2016","3","N","Wyoming County, New York","Private","NAICS 722511 Full-service restaurants","County, NAICS 6-digit -- by ownership sector","All establishment sizes",20,0,0,0,0,0,0,0,"N",0.91,0,0,0,0,0,0,0,"N",-3,-13.0,0,0,0,0,0,0,0,0,0,0,0,0,0,0
"36121","5","722511","78","0","2016","4","N","Wyoming County, New York","Private","NAICS 722511 Full-service restaurants","County, NAICS 6-digit -- by ownership sector","All establishment sizes",21,0,0,0,0,0,0,0,"N",0.95,0,0,0,0,0,0,0,"N",-1,-4.5,0,0,0,0,0,0,0,0,0,0,0,0,0,0
"36121","5","722513","78","0","2016","1","","Wyoming County, New York","Private","NAICS 722513 Limited-service restaurants","County, NAICS 6-digit -- by ownership sector","All establishment sizes",24,302,296,381,982173,936026,24009,232,"",1.12,0.78,0.76,0.96,0.94,0.95,1.19,1.13,"",-1,-4.0,4,1.3,-3,-1.0,61,19.1,92896,10.4,69639,8.0,1063,4.6,8,3.6
"36121","5","722513","78","0","2016","2","","Wyoming County, New York","Private","NAICS 722513 Limited-service restaurants","County, NAICS 6-digit -- by ownership sector","All establishment sizes",25,395,423,428,1308394,1061421,37995,242,"",1.17,0.97,1.00,1.00,1.07,1.37,1.94,1.08,"",1,4.2,0,0.0,-8,-1.9,-19,-4.3,101293,8.4,69721,7.0,-1711,-4.3,23,10.5
"36121","5","722513","78","0","2016","3","","Wyoming County, New York","Private","NAICS 722513 Limited-service restaurants","County, NAICS 6-digit -- by ownership sector","All establishment sizes",24,443,445,403,1554056,916930,39026,278,"",1.12,1.08,1.09,0.98,1.26,1.81,3.20,1.20,"",0,0.0,22,5.2,5,1.1,-26,-6.1,215368,16.1,77772,9.3,-104,-0.3,39,16.3
"36121","5","722513","78","0","2016","4","","Wyoming County, New York","Private","NAICS 722513 Limited-service restaurants","County, NAICS 6-digit -- by ownership sector","All establishment sizes",24,403,352,346,1293629,450368,13491,271,"",1.12,0.98,0.88,0.87,1.13,1.27,1.73,1.24,"",0,0.0,-7,-1.7,12,3.5,29,9.1,51690,4.2,-28656,-6.0,-1789,-11.7,2,0.7
"36121","5","722515","78","0","2016","1","N","Wyoming County, New York","Private","NAICS 722515 Snack and nonalcoholic beverage bars","County, NAICS 6-digit -- by ownership sector","All establishment sizes",2,0,0,0,0,0,0,0,"N",0.39,0,0,0,0,0,0,0,"N",0,0.0,0,0,0,0,0,0,0,0,0,0,0,0,0,0
"36121","5","722515","78","0","2016","2","N","Wyoming County, New York","Private","NAICS 722515 Snack and nonalcoholic beverage bars","County, NAICS 6-digit -- by ownership sector","All establishment sizes",2,0,0,0,0,0,0,0,"N",0.39,0,0,0,0,0,0,0,"N",0,0.0,0,0,0,0,0,0,0,0,0,0,0,0,0,0
"36121","5","722515","78","0","2016","3","N","Wyoming County, New York","Private","NAICS 722515 Snack and nonalcoholic beverage bars","County, NAICS 6-digit -- by ownership sector","All establishment sizes",2,0,0,0,0,0,0,0,"N",0.39,0,0,0,0,0,0,0,"N",0,0.0,0,0,0,0,0,0,0,0,0,0,0,0,0,0
"36121","5","722515","78","0","2016","4","N","Wyoming County, New York","Private","NAICS 722515 Snack and nonalcoholic beverage bars","County, NAICS 6-digit -- by ownership sector","All establishment sizes",2,0,0,0,0,0,0,0,"N",0.39,0,0,0,0,0,0,0,"N",0,0.0,0,0,0,0,0,0,0,0,0,0,0,0,0,0
"36121","5","81","74","0","2016","1","","Wyoming County, New York","Private","NAICS 81 Other services, except public administration","County, NAICS Sector -- by ownership sector","All establishment sizes",102,530,532,528,2873844,2144450,89197,417,"",1.33,1.30,1.30,1.28,1.09,1.21,1.65,0.85,"",2,2.0,30,6.0,35,7.0,25,5.0,204560,7.7,139459,7.0,-8764,-8.9,6,1.5
"36121","5","81","74","0","2016","2","","Wyoming County, New York","Private","NAICS 81 Other services, except public administration","County, NAICS Sector -- by ownership sector","All establishment sizes",102,550,562,611,3135979,972363,36162,420,"",1.33,1.31,1.31,1.39,1.06,1.18,1.29,0.79,"",4,4.1,35,6.8,29,5.4,62,11.3,261124,9.1,24967,2.6,-6561,-15.4,5,1.2
"36121","5","81","74","0","2016","3","","Wyoming County, New York","Private","NAICS 81 Other services, except public administration","County, NAICS Sector -- by ownership sector","All establishment sizes",102,641,638,571,3415838,625824,23551,426,"",1.33,1.52,1.52,1.34,1.15,1.41,1.62,0.79,"",4,4.1,6,0.9,19,3.1,23,4.2,340785,11.1,76516,13.9,-1064,-4.3,32,8.1
"36121","5","81","74","0","2016","4","","Wyoming County, New York","Private","NAICS 81 Other services, except public administration","County, NAICS Sector -- by ownership sector","All establishment sizes",102,561,550,544,3139536,410690,15601,438,"",1.33,1.31,1.33,1.33,1.11,1.39,1.70,0.83,"",3,3.0,11,2.0,17,3.2,10,1.9,-178526,-5.4,-28993,-6.6,-5455,-25.9,-36,-7.6
"36121","5","811","75","0","2016","1","","Wyoming County, New York","Private","NAICS 811 Repair and maintenance","County, NAICS 3-digit -- by ownership sector","All establishment sizes",36,160,154,150,1421711,1234075,64211,707,"",1.71,1.32,1.27,1.22,1.57,1.78,2.92,1.24,"",1,2.9,14,9.6,10,6.9,4,2.7,153873,12.1,114365,10.2,-819,-1.3,36,5.4
"36121","5","811","75","0","2016","2","","Wyoming County, New York","Private","NAICS 811 Repair and maintenance","County, NAICS 3-digit -- by ownership sector","All establishment sizes",35,153,148,150,1505072,359179,17997,770,"",1.66,1.23,1.17,1.17,1.46,1.22,1.74,1.22,"",0,0.0,9,6.2,0,0.0,-1,-0.7,138216,10.1,-27675,-7.2,-3470,-16.2,58,8.1
"36121","5","811","75","0","2016","3","","Wyoming County, New York","Private","NAICS 811 Repair and maintenance","County, NAICS 3-digit -- by ownership sector","All establishment sizes",34,157,159,154,1558463,168641,7679,765,"",1.62,1.27,1.29,1.22,1.51,1.13,1.55,1.19,"",-1,-2.9,9,6.1,13,8.9,9,6.2,244495,18.6,18025,12.0,-247,-3.1,74,10.7
"36121","5","811","75","0","2016","4","","Wyoming County, New York","Private","NAICS 811 Repair and maintenance","County, NAICS 3-digit -- by ownership sector","All establishment sizes",34,159,160,158,1501298,149578,7531,726,"",1.63,1.27,1.32,1.32,1.50,1.54,2.36,1.15,"",-2,-5.6,8,5.3,5,3.2,-3,-1.9,-252607,-14.4,-69581,-31.7,-5384,-41.7,-141,-16.3
"36121","5","8111","76","0","2016","1","","Wyoming County, New York","Private","NAICS 8111 Automotive repair and maintenance","County, NAICS 4-digit -- by ownership sector","All establishment sizes",27,83,78,72,612561,562236,18085,607,"",1.81,0.97,0.91,0.83,1.10,1.23,1.36,1.22,"",0,0.0,1,1.2,-4,-4.9,-12,-14.3,-19969,-3.2,-17193,-3.0,-5634,-23.8,18,3.1
"36121","5","8111","76","0","2016","2","","Wyoming County, New York","Private","NAICS 8111 Automotive repair and maintenance","County, NAICS 4-digit -- by ownership sector","All establishment sizes",26,76,71,70,588811,201418,6400,626,"",1.75,0.87,0.79,0.77,0.91,0.96,0.93,1.13,"",-1,-3.7,-6,-7.3,-13,-15.5,-14,-16.7,-55901,-8.7,-44014,-17.9,-4218,-39.7,31,5.2
"36121","5","8111","76","0","2016","3","","Wyoming County, New York","Private","NAICS 8111 Automotive repair and maintenance","County, NAICS 4-digit -- by ownership sector","All establishment sizes",25,75,77,75,613205,101454,2912,623,"",1.69,0.86,0.89,0.84,0.94,0.93,0.87,1.09,"",-2,-7.4,-4,-5.1,-5,-6.1,-7,-8.5,-29299,-4.6,11718,13.1,-151,-4.9,13,2.1
"36121","5","8111","76","0","2016","4","","Wyoming County, New York","Private","NAICS 8111 Automotive repair and maintenance","County, NAICS 4-digit -- by ownership sector","All establishment sizes",25,76,79,78,647702,93263,3527,642,"",1.70,0.86,0.92,0.92,1.05,1.33,1.73,1.17,"",-2,-7.4,-5,-6.2,-3,-3.7,-7,-8.2,-58768,-8.3,3409,3.8,-18,-0.5,-15,-2.3
"36121","5","81111","77","0","2016","1","","Wyoming County, New York","Private","NAICS 81111 Automotive mechanical and electrical repair","County, NAICS 5-digit -- by ownership sector","All establishment sizes",18,53,52,51,399514,368988,10980,591,"",2.09,1.41,1.38,1.35,1.54,1.70,1.80,1.11,"",-1,-5.3,3,6.0,0,0.0,-2,-3.8,-753,-0.2,-659,-0.2,-1856,-14.5,-5,-0.8
"36121","5","81111","77","0","2016","2","","Wyoming County, New York","Private","NAICS 81111 Automotive mechanical and electrical repair","County, NAICS 5-digit -- by ownership sector","All establishment sizes",17,50,49,50,403233,145641,4348,625,"",1.98,1.31,1.26,1.27,1.34,1.56,1.47,1.05,"",-2,-10.5,0,0.0,-2,-3.9,-1,-2.0,4641,1.2,928,0.6,-710,-14.0,20,3.3
"36121","5","81111","77","0","2016","3","","Wyoming County, New York","Private","NAICS 81111 Automotive mechanical and electrical repair","County, NAICS 5-digit -- by ownership sector","All establishment sizes",16,53,53,50,422759,59187,1541,625,"",1.87,1.39,1.40,1.29,1.40,1.26,1.09,1.03,"",-3,-15.8,1,1.9,0,0.0,0,0.0,5770,1.4,-5829,-9.0,-387,-20.1,4,0.6
"36121","5","81111","77","0","2016","4","","Wyoming County, New York","Private","NAICS 81111 Automotive mechanical and electrical repair","County, NAICS 5-digit -- by ownership sector","All establishment sizes",16,52,53,53,426950,55569,1792,624,"",1.88,1.35,1.42,1.43,1.50,1.91,2.10,1.07,"",-3,-15.8,1,2.0,1,1.9,-2,-3.6,-12879,-2.9,-990,-1.8,158,9.7,-18,-2.8
"36121","5","811111","78","0","2016","1","","Wyoming County, New York","Private","NAICS 811111 General automotive repair","County, NAICS 6-digit -- by ownership sector","All establishment sizes",18,53,52,51,399514,368988,10980,591,"",2.42,1.64,1.61,1.57,1.79,1.97,2.10,1.11,"",-1,-5.3,3,6.0,0,0.0,-2,-3.8,-753,-0.2,-659,-0.2,-1856,-14.5,-5,-0.8
"36121","5","811111","78","0","2016","2","","Wyoming County, New York","Private","NAICS 811111 General automotive repair","County, NAICS 6-digit -- by ownership sector","All establishment sizes",17,50,49,50,403233,145641,4348,625,"",2.29,1.53,1.46,1.47,1.56,1.80,1.70,1.05,"",-2,-10.5,0,0.0,-2,-3.9,-1,-2.0,4641,1.2,928,0.6,-710,-14.0,20,3.3
"36121","5","811111","78","0","2016","3","","Wyoming County, New York","Private","NAICS 811111 General automotive repair","County, NAICS 6-digit -- by ownership sector","All establishment sizes",16,53,53,50,422759,59187,1541,625,"",2.17,1.62,1.62,1.50,1.62,1.45,1.25,1.03,"",-3,-15.8,1,1.9,0,0.0,0,0.0,5770,1.4,-5829,-9.0,-387,-20.1,4,0.6
"36121","5","811111","78","0","2016","4","","Wyoming County, New York","Private","NAICS 811111 General automotive repair","County, NAICS 6-digit -- by ownership sector","All establishment sizes",16,52,53,53,426950,55569,1792,624,"",2.18,1.57,1.65,1.66,1.74,2.19,2.41,1.07,"",-3,-15.8,1,2.0,1,1.9,-2,-3.6,-12879,-2.9,-990,-1.8,158,9.7,-18,-2.8
"36121","5","81112","77","0","2016","1","N","Wyoming County, New York","Private","NAICS 81112 Automotive body, interior, and glass repair","County, NAICS 5-digit -- by ownership sector","All establishment sizes",6,0,0,0,0,0,0,0,"N",1.60,0,0,0,0,0,0,0,"N",1,20.0,0,0,0,0,0,0,0,0,0,0,0,0,0,0
"36121","5","81112","77","0","2016","2","","Wyoming County, New York","Private","NAICS 81112 Automotive body, interior, and glass repair","County, NAICS 5-digit -- by ownership sector","All establishment sizes",6,19,15,15,142435,41516,1809,671,"",1.60,0.74,0.57,0.56,0.60,0.66,0.79,0.97,"",1,20.0,-4,-17.4,-9,-37.5,-10,-40.0,-56734,-28.5,-36043,-46.5,-3264,-64.3,33,5.2
"36121","5","81112","77","0","2016","3","","Wyoming County, New York","Private","NAICS 81112 Automotive body, interior, and glass repair","County, NAICS 5-digit -- by ownership sector","All establishment sizes",6,17,17,18,146735,25898,1092,651,"",1.61,0.66,0.66,0.68,0.61,0.84,1.04,0.92,"",1,20.0,-4,-19.0,-4,-19.0,-5,-21.7,-34361,-19.0,10520,68.4,153,16.3,8,1.2
"36121","5","81112","77","0","2016","4","N","Wyoming County, New York","Private","NAICS 81112 Automotive body, interior, and glass repair","County, NAICS 5-digit -- by ownership sector","All establishment sizes",6,0,0,0,0,0,0,0,"N",1.62,0,0,0,0,0,0,0,"N",1,20.0,0,0,0,0,0,0,0,0,0,0,0,0,0,0
"36121","5","811121","78","0","2016","1","N","Wyoming County, New York","Private","NAICS 811121 Automotive body and interior repair","County, NAICS 6-digit -- by ownership sector","All establishment sizes",4,0,0,0,0,0,0,0,"N",1.24,0,0,0,0,0,0,0,"N",1,33.3,0,0,0,0,0,0,0,0,0,0,0,0,0,0
"36121","5","811121","78","0","2016","2","N","Wyoming County, New York","Private","NAICS 811121 Automotive body and interior repair","County, NAICS 6-digit -- by ownership sector","All establishment sizes",4,0,0,0,0,0,0,0,"N",1.25,0,0,0,0,0,0,0,"N",1,33.3,0,0,0,0,0,0,0,0,0,0,0,0,0,0
"36121","5","811121","78","0","2016","3","N","Wyoming County, New York","Private","NAICS 811121 Automotive body and interior repair","County, NAICS 6-digit -- by ownership sector","All establishment sizes",4,0,0,0,0,0,0,0,"N",1.26,0,0,0,0,0,0,0,"N",1,33.3,0,0,0,0,0,0,0,0,0,0,0,0,0,0
"36121","5","811121","78","0","2016","4","N","Wyoming County, New York","Private","NAICS 811121 Automotive body and interior repair","County, NAICS 6-digit -- by ownership sector","All establishment sizes",4,0,0,0,0,0,0,0,"N",1.26,0,0,0,0,0,0,0,"N",1,33.3,0,0,0,0,0,0,0,0,0,0,0,0,0,0
"36121","5","811122","78","0","2016","1","N","Wyoming County, New York","Private","NAICS 811122 Automotive glass replacement shops","County, NAICS 6-digit -- by ownership sector","All establishment sizes",2,0,0,0,0,0,0,0,"N",3.74,0,0,0,0,0,0,0,"N",0,0.0,0,0,0,0,0,0,0,0,0,0,0,0,0,0
"36121","5","811122","78","0","2016","2","N","Wyoming County, New York","Private","NAICS 811122 Automotive glass replacement shops","County, NAICS 6-digit -- by ownership sector","All establishment sizes",2,0,0,0,0,0,0,0,"N",3.73,0,0,0,0,0,0,0,"N",0,0.0,0,0,0,0,0,0,0,0,0,0,0,0,0,0
"36121","5","811122","78","0","2016","3","N","Wyoming County, New York","Private","NAICS 811122 Automotive glass replacement shops","County, NAICS 6-digit -- by ownership sector","All establishment sizes",2,0,0,0,0,0,0,0,"N",3.73,0,0,0,0,0,0,0,"N",0,0.0,0,0,0,0,0,0,0,0,0,0,0,0,0,0
"36121","5","811122","78","0","2016","4","N","Wyoming County, New York","Private","NAICS 811122 Automotive glass replacement shops","County, NAICS 6-digit -- by ownership sector","All establishment sizes",2,0,0,0,0,0,0,0,"N",3.75,0,0,0,0,0,0,0,"N",0,0.0,0,0,0,0,0,0,0,0,0,0,0,0,0,0
"36121","5","81119","77","0","2016","1","N","Wyoming County, New York","Private","NAICS 81119 Other automotive repair and maintenance","County, NAICS 5-digit -- by ownership sector","All establishment sizes",3,0,0,0,0,0,0,0,"N",1.19,0,0,0,0,0,0,0,"N",0,0.0,0,0,0,0,0,0,0,0,0,0,0,0,0,0
"36121","5","81119","77","0","2016","2","","Wyoming County, New York","Private","NAICS 81119 Other automotive repair and maintenance","County, NAICS 5-digit -- by ownership sector","All establishment sizes",3,7,7,5,43143,14261,243,524,"",1.18,0.30,0.29,0.20,0.39,0.27,0.15,1.50,"",0,0.0,-2,-22.2,-2,-22.2,-3,-37.5,-3808,-8.1,-8899,-38.4,-244,-50.1,107,25.7
"36121","5","81119","77","0","2016","3","","Wyoming County, New York","Private","NAICS 81119 Other automotive repair and maintenance","County, NAICS 5-digit -- by ownership sector","All establishment sizes",3,5,7,7,43711,16369,279,531,"",1.17,0.21,0.30,0.29,0.39,0.53,0.32,1.47,"",0,0.0,-1,-16.7,-1,-12.5,-2,-22.2,-708,-1.6,7027,75.2,83,42.3,85,19.1
"36121","5","81119","77","0","2016","4","N","Wyoming County, New York","Private","NAICS 81119 Other automotive repair and maintenance","County, NAICS 5-digit -- by ownership sector","All establishment sizes",3,0,0,0,0,0,0,0,"N",1.18,0,0,0,0,0,0,0,"N",0,0.0,0,0,0,0,0,0,0,0,0,0,0,0,0,0
"36121","5","811191","78","0","2016","1","N","Wyoming County, New York","Private","NAICS 811191 Automotive oil change and lubrication shops","County, NAICS 6-digit -- by ownership sector","All establishment sizes",1,0,0,0,0,0,0,0,"N",1.46,0,0,0,0,0,0,0,"N",0,0.0,0,0,0,0,0,0,0,0,0,0,0,0,0,0
"36121","5","811191","78","0","2016","2","N","Wyoming County, New York","Private","NAICS 811191 Automotive oil change and lubrication shops","County, NAICS 6-digit -- by ownership sector","All establishment sizes",1,0,0,0,0,0,0,0,"N",1.46,0,0,0,0,0,0,0,"N",0,0.0,0,0,0,0,0,0,0,0,0,0,0,0,0,0
"36121","5","811191","78","0","2016","3","N","Wyoming County, New York","Private","NAICS 811191 Automotive oil change and lubrication shops","County, NAICS 6-digit -- by ownership sector","All establishment sizes",1,0,0,0,0,0,0,0,"N",1.42,0,0,0,0,0,0,0,"N",0,0.0,0,0,0,0,0,0,0,0,0,0,0,0,0,0
"36121","5","811191","78","0","2016","4","N","Wyoming County, New York","Private","NAICS 811191 Automotive oil change and lubrication shops","County, NAICS 6-digit -- by ownership sector","All establishment sizes",1,0,0,0,0,0,0,0,"N",1.48,0,0,0,0,0,0,0,"N",0,0.0,0,0,0,0,0,0,0,0,0,0,0,0,0,0
"36121","5","811192","78","0","2016","1","N","Wyoming County, New York","Private","NAICS 811192 Car washes","County, NAICS 6-digit -- by ownership sector","All establishment sizes",2,0,0,0,0,0,0,0,"N",1.45,0,0,0,0,0,0,0,"N",0,0.0,0,0,0,0,0,0,0,0,0,0,0,0,0,0
"36121","5","811192","78","0","2016","2","N","Wyoming County, New York","Private","NAICS 811192 Car washes","County, NAICS 6-digit -- by ownership sector","All establishment sizes",2,0,0,0,0,0,0,0,"N",1.44,0,0,0,0,0,0,0,"N",0,0.0,0,0,0,0,0,0,0,0,0,0,0,0,0,0
"36121","5","811192","78","0","2016","3","N","Wyoming County, New York","Private","NAICS 811192 Car washes","County, NAICS 6-digit -- by ownership sector","All establishment sizes",2,0,0,0,0,0,0,0,"N",1.44,0,0,0,0,0,0,0,"N",0,0.0,0,0,0,0,0,0,0,0,0,0,0,0,0,0
"36121","5","811192","78","0","2016","4","N","Wyoming County, New York","Private","NAICS 811192 Car washes","County, NAICS 6-digit -- by ownership sector","All establishment sizes",2,0,0,0,0,0,0,0,"N",1.44,0,0,0,0,0,0,0,"N",0,0.0,0,0,0,0,0,0,0,0,0,0,0,0,0,0
"36121","5","8112","76","0","2016","1","N","Wyoming County, New York","Private","NAICS 8112 Electronic equipment repair and maintenance","County, NAICS 4-digit -- by ownership sector","All establishment sizes",1,0,0,0,0,0,0,0,"N",0.65,0,0,0,0,0,0,0,"N",0,0.0,0,0,0,0,0,0,0,0,0,0,0,0,0,0
"36121","5","8112","76","0","2016","2","N","Wyoming County, New York","Private","NAICS 8112 Electronic equipment repair and maintenance","County, NAICS 4-digit -- by ownership sector","All establishment sizes",1,0,0,0,0,0,0,0,"N",0.65,0,0,0,0,0,0,0,"N",0,0.0,0,0,0,0,0,0,0,0,0,0,0,0,0,0
"36121","5","8112","76","0","2016","3","N","Wyoming County, New York","Private","NAICS 8112 Electronic equipment repair and maintenance","County, NAICS 4-digit -- by ownership sector","All establishment sizes",1,0,0,0,0,0,0,0,"N",0.65,0,0,0,0,0,0,0,"N",0,0.0,0,0,0,0,0,0,0,0,0,0,0,0,0,0
"36121","5","8112","76","0","2016","4","N","Wyoming County, New York","Private","NAICS 8112 Electronic equipment repair and maintenance","County, NAICS 4-digit -- by ownership sector","All establishment sizes",1,0,0,0,0,0,0,0,"N",0.65,0,0,0,0,0,0,0,"N",0,0.0,0,0,0,0,0,0,0,0,0,0,0,0,0,0
"36121","5","81121","77","0","2016","1","N","Wyoming County, New York","Private","NAICS 81121 Electronic equipment repair and maintenance","County, NAICS 5-digit -- by ownership sector","All establishment sizes",1,0,0,0,0,0,0,0,"N",0.65,0,0,0,0,0,0,0,"N",0,0.0,0,0,0,0,0,0,0,0,0,0,0,0,0,0
"36121","5","81121","77","0","2016","2","N","Wyoming County, New York","Private","NAICS 81121 Electronic equipment repair and maintenance","County, NAICS 5-digit -- by ownership sector","All establishment sizes",1,0,0,0,0,0,0,0,"N",0.65,0,0,0,0,0,0,0,"N",0,0.0,0,0,0,0,0,0,0,0,0,0,0,0,0,0
"36121","5","81121","77","0","2016","3","N","Wyoming County, New York","Private","NAICS 81121 Electronic equipment repair and maintenance","County, NAICS 5-digit -- by ownership sector","All establishment sizes",1,0,0,0,0,0,0,0,"N",0.65,0,0,0,0,0,0,0,"N",0,0.0,0,0,0,0,0,0,0,0,0,0,0,0,0,0
"36121","5","81121","77","0","2016","4","N","Wyoming County, New York","Private","NAICS 81121 Electronic equipment repair and maintenance","County, NAICS 5-digit -- by ownership sector","All establishment sizes",1,0,0,0,0,0,0,0,"N",0.65,0,0,0,0,0,0,0,"N",0,0.0,0,0,0,0,0,0,0,0,0,0,0,0,0,0
"36121","5","811219","78","0","2016","1","N","Wyoming County, New York","Private","NAICS 811219 Other electronic equipment repair","County, NAICS 6-digit -- by ownership sector","All establishment sizes",1,0,0,0,0,0,0,0,"N",1.94,0,0,0,0,0,0,0,"N",0,0.0,0,0,0,0,0,0,0,0,0,0,0,0,0,0
"36121","5","811219","78","0","2016","2","N","Wyoming County, New York","Private","NAICS 811219 Other electronic equipment repair","County, NAICS 6-digit -- by ownership sector","All establishment sizes",1,0,0,0,0,0,0,0,"N",1.95,0,0,0,0,0,0,0,"N",0,0.0,0,0,0,0,0,0,0,0,0,0,0,0,0,0
"36121","5","811219","78","0","2016","3","N","Wyoming County, New York","Private","NAICS 811219 Other electronic equipment repair","County, NAICS 6-digit -- by ownership sector","All establishment sizes",1,0,0,0,0,0,0,0,"N",1.96,0,0,0,0,0,0,0,"N",0,0.0,0,0,0,0,0,0,0,0,0,0,0,0,0,0
"36121","5","811219","78","0","2016","4","N","Wyoming County, New York","Private","NAICS 811219 Other electronic equipment repair","County, NAICS 6-digit -- by ownership sector","All establishment sizes",1,0,0,0,0,0,0,0,"N",1.98,0,0,0,0,0,0,0,"N",0,0.0,0,0,0,0,0,0,0,0,0,0,0,0,0,0
"36121","5","8113","76","0","2016","1","N","Wyoming County, New York","Private","NAICS 8113 Commercial machinery repair and maintenance","County, NAICS 4-digit -- by ownership sector","All establishment sizes",8,0,0,0,0,0,0,0,"N",3.06,0,0,0,0,0,0,0,"N",1,14.3,0,0,0,0,0,0,0,0,0,0,0,0,0,0
"36121","5","8113","76","0","2016","2","N","Wyoming County, New York","Private","NAICS 8113 Commercial machinery repair and maintenance","County, NAICS 4-digit -- by ownership sector","All establishment sizes",8,0,0,0,0,0,0,0,"N",3.07,0,0,0,0,0,0,0,"N",1,14.3,0,0,0,0,0,0,0,0,0,0,0,0,0,0
"36121","5","8113","76","0","2016","3","N","Wyoming County, New York","Private","NAICS 8113 Commercial machinery repair and maintenance","County, NAICS 4-digit -- by ownership sector","All establishment sizes",8,0,0,0,0,0,0,0,"N",3.09,0,0,0,0,0,0,0,"N",1,14.3,0,0,0,0,0,0,0,0,0,0,0,0,0,0
"36121","5","8113","76","0","2016","4","N","Wyoming County, New York","Private","NAICS 8113 Commercial machinery repair and maintenance","County, NAICS 4-digit -- by ownership sector","All establishment sizes",8,0,0,0,0,0,0,0,"N",3.10,0,0,0,0,0,0,0,"N",0,0.0,0,0,0,0,0,0,0,0,0,0,0,0,0,0
"36121","5","81131","77","0","2016","1","N","Wyoming County, New York","Private","NAICS 81131 Commercial machinery repair and maintenance","County, NAICS 5-digit -- by ownership sector","All establishment sizes",8,0,0,0,0,0,0,0,"N",3.06,0,0,0,0,0,0,0,"N",1,14.3,0,0,0,0,0,0,0,0,0,0,0,0,0,0
"36121","5","81131","77","0","2016","2","N","Wyoming County, New York","Private","NAICS 81131 Commercial machinery repair and maintenance","County, NAICS 5-digit -- by ownership sector","All establishment sizes",8,0,0,0,0,0,0,0,"N",3.07,0,0,0,0,0,0,0,"N",1,14.3,0,0,0,0,0,0,0,0,0,0,0,0,0,0
"36121","5","81131","77","0","2016","3","N","Wyoming County, New York","Private","NAICS 81131 Commercial machinery repair and maintenance","County, NAICS 5-digit -- by ownership sector","All establishment sizes",8,0,0,0,0,0,0,0,"N",3.09,0,0,0,0,0,0,0,"N",1,14.3,0,0,0,0,0,0,0,0,0,0,0,0,0,0
"36121","5","81131","77","0","2016","4","N","Wyoming County, New York","Private","NAICS 81131 Commercial machinery repair and maintenance","County, NAICS 5-digit -- by ownership sector","All establishment sizes",8,0,0,0,0,0,0,0,"N",3.10,0,0,0,0,0,0,0,"N",0,0.0,0,0,0,0,0,0,0,0,0,0,0,0,0,0
"36121","5","811310","78","0","2016","1","N","Wyoming County, New York","Private","NAICS 811310 Commercial machinery repair and maintenance","County, NAICS 6-digit -- by ownership sector","All establishment sizes",8,0,0,0,0,0,0,0,"N",3.06,0,0,0,0,0,0,0,"N",1,14.3,0,0,0,0,0,0,0,0,0,0,0,0,0,0
"36121","5","811310","78","0","2016","2","N","Wyoming County, New York","Private","NAICS 811310 Commercial machinery repair and maintenance","County, NAICS 6-digit -- by ownership sector","All establishment sizes",8,0,0,0,0,0,0,0,"N",3.07,0,0,0,0,0,0,0,"N",1,14.3,0,0,0,0,0,0,0,0,0,0,0,0,0,0
"36121","5","811310","78","0","2016","3","N","Wyoming County, New York","Private","NAICS 811310 Commercial machinery repair and maintenance","County, NAICS 6-digit -- by ownership sector","All establishment sizes",8,0,0,0,0,0,0,0,"N",3.09,0,0,0,0,0,0,0,"N",1,14.3,0,0,0,0,0,0,0,0,0,0,0,0,0,0
"36121","5","811310","78","0","2016","4","N","Wyoming County, New York","Private","NAICS 811310 Commercial machinery repair and maintenance","County, NAICS 6-digit -- by ownership sector","All establishment sizes",8,0,0,0,0,0,0,0,"N",3.10,0,0,0,0,0,0,0,"N",0,0.0,0,0,0,0,0,0,0,0,0,0,0,0,0,0
"36121","5","812","75","0","2016","1","","Wyoming County, New York","Private","NAICS 812 Personal and laundry services","County, NAICS 3-digit -- by ownership sector","All establishment sizes",16,70,68,71,425023,328882,8483,469,"",0.81,0.52,0.51,0.52,0.69,0.63,0.60,1.33,"N",1,6.7,0,0,0,0,0,0,0,0,0,0,0,0,0,0
"36121","5","812","75","0","2016","2","","Wyoming County, New York","Private","NAICS 812 Personal and laundry services","County, NAICS 3-digit -- by ownership sector","All establishment sizes",16,74,71,70,523976,230283,6331,562,"",0.81,0.54,0.50,0.49,0.73,0.74,0.65,1.43,"",1,6.7,5,7.2,2,2.9,-1,-1.4,86383,19.7,22147,10.6,-975,-13.3,79,16.4
"36121","5","812","75","0","2016","3","","Wyoming County, New York","Private","NAICS 812 Personal and laundry services","County, NAICS 3-digit -- by ownership sector","All establishment sizes",15,67,70,71,499208,115801,3254,554,"",0.76,0.48,0.51,0.50,0.69,0.68,0.65,1.38,"",-1,-6.2,-5,-6.9,-2,-2.8,-2,-2.7,70909,16.6,8256,7.7,-243,-6.9,99,21.8
"36121","5","812","75","0","2016","4","","Wyoming County, New York","Private","NAICS 812 Personal and laundry services","County, NAICS 3-digit -- by ownership sector","All establishment sizes",15,77,78,81,469628,77920,2515,459,"",0.76,0.55,0.57,0.60,0.69,0.69,0.81,1.20,"N",-1,-6.2,0,0,0,0,0,0,0,0,0,0,0,0,0,0
"36121","5","8121","76","0","2016","1","","Wyoming County, New York","Private","NAICS 8121 Personal care services","County, NAICS 4-digit -- by ownership sector","All establishment sizes",7,42,39,41,156700,156700,3259,296,"",0.63,0.65,0.60,0.63,0.61,0.66,0.59,0.96,"",0,0.0,1,2.4,0,0.0,4,10.8,-8072,-4.9,-8072,-4.9,-922,-22.1,-29,-8.9
"36121","5","8121","76","0","2016","2","","Wyoming County, New York","Private","NAICS 8121 Personal care services","County, NAICS 4-digit -- by ownership sector","All establishment sizes",7,41,38,38,172695,121111,2556,341,"",0.63,0.62,0.56,0.55,0.56,0.78,0.57,0.98,"",0,0.0,4,10.8,2,5.6,1,2.7,2320,1.4,7564,6.7,-282,-9.9,-16,-4.5
"36121","5","8121","76","0","2016","3","","Wyoming County, New York","Private","NAICS 8121 Personal care services","County, NAICS 4-digit -- by ownership sector","All establishment sizes",7,38,40,39,182116,82202,1776,359,"",0.63,0.58,0.61,0.58,0.61,0.96,0.76,1.03,"",0,0.0,0,0.0,0,0.0,-2,-4.9,-1741,-0.9,12175,17.4,36,2.1,2,0.6
"36121","5","8121","76","0","2016","4","","Wyoming County, New York","Private","NAICS 8121 Personal care services","County, NAICS 4-digit -- by ownership sector","All establishment sizes",7,44,45,45,167210,38556,830,288,"",0.63,0.66,0.69,0.69,0.60,0.68,0.56,0.88,"",0,0.0,-1,-2.2,-1,-2.2,0,0.0,-11654,-6.5,-15518,-28.7,-512,-38.2,-16,-5.3
"36121","5","81211","77","0","2016","1","N","Wyoming County, New York","Private","NAICS 81211 Hair, nail, and skin care services","County, NAICS 5-digit -- by ownership sector","All establishment sizes",6,0,0,0,0,0,0,0,"N",0.66,0,0,0,0,0,0,0,"N",0,0.0,0,0,0,0,0,0,0,0,0,0,0,0,0,0
"36121","5","81211","77","0","2016","2","N","Wyoming County, New York","Private","NAICS 81211 Hair, nail, and skin care services","County, NAICS 5-digit -- by ownership sector","All establishment sizes",6,0,0,0,0,0,0,0,"N",0.65,0,0,0,0,0,0,0,"N",0,0.0,0,0,0,0,0,0,0,0,0,0,0,0,0,0
"36121","5","81211","77","0","2016","3","N","Wyoming County, New York","Private","NAICS 81211 Hair, nail, and skin care services","County, NAICS 5-digit -- by ownership sector","All establishment sizes",6,0,0,0,0,0,0,0,"N",0.66,0,0,0,0,0,0,0,"N",0,0.0,0,0,0,0,0,0,0,0,0,0,0,0,0,0
"36121","5","81211","77","0","2016","4","N","Wyoming County, New York","Private","NAICS 81211 Hair, nail, and skin care services","County, NAICS 5-digit -- by ownership sector","All establishment sizes",6,0,0,0,0,0,0,0,"N",0.66,0,0,0,0,0,0,0,"N",0,0.0,0,0,0,0,0,0,0,0,0,0,0,0,0,0
"36121","5","812112","78","0","2016","1","N","Wyoming County, New York","Private","NAICS 812112 Beauty salons","County, NAICS 6-digit -- by ownership sector","All establishment sizes",6,0,0,0,0,0,0,0,"N",0.89,0,0,0,0,0,0,0,"N",0,0.0,0,0,0,0,0,0,0,0,0,0,0,0,0,0
"36121","5","812112","78","0","2016","2","N","Wyoming County, New York","Private","NAICS 812112 Beauty salons","County, NAICS 6-digit -- by ownership sector","All establishment sizes",6,0,0,0,0,0,0,0,"N",0.89,0,0,0,0,0,0,0,"N",0,0.0,0,0,0,0,0,0,0,0,0,0,0,0,0,0
"36121","5","812112","78","0","2016","3","N","Wyoming County, New York","Private","NAICS 812112 Beauty salons","County, NAICS 6-digit -- by ownership sector","All establishment sizes",6,0,0,0,0,0,0,0,"N",0.90,0,0,0,0,0,0,0,"N",0,0.0,0,0,0,0,0,0,0,0,0,0,0,0,0,0
"36121","5","812112","78","0","2016","4","N","Wyoming County, New York","Private","NAICS 812112 Beauty salons","County, NAICS 6-digit -- by ownership sector","All establishment sizes",6,0,0,0,0,0,0,0,"N",0.90,0,0,0,0,0,0,0,"N",0,0.0,0,0,0,0,0,0,0,0,0,0,0,0,0,0
"36121","5","81219","77","0","2016","1","N","Wyoming County, New York","Private","NAICS 81219 Other personal care services","County, NAICS 5-digit -- by ownership sector","All establishment sizes",1,0,0,0,0,0,0,0,"N",0.51,0,0,0,0,0,0,0,"N",0,0.0,0,0,0,0,0,0,0,0,0,0,0,0,0,0
"36121","5","81219","77","0","2016","2","N","Wyoming County, New York","Private","NAICS 81219 Other personal care services","County, NAICS 5-digit -- by ownership sector","All establishment sizes",1,0,0,0,0,0,0,0,"N",0.50,0,0,0,0,0,0,0,"N",0,0.0,0,0,0,0,0,0,0,0,0,0,0,0,0,0
"36121","5","81219","77","0","2016","3","N","Wyoming County, New York","Private","NAICS 81219 Other personal care services","County, NAICS 5-digit -- by ownership sector","All establishment sizes",1,0,0,0,0,0,0,0,"N",0.50,0,0,0,0,0,0,0,"N",0,0.0,0,0,0,0,0,0,0,0,0,0,0,0,0,0
"36121","5","81219","77","0","2016","4","N","Wyoming County, New York","Private","NAICS 81219 Other personal care services","County, NAICS 5-digit -- by ownership sector","All establishment sizes",1,0,0,0,0,0,0,0,"N",0.50,0,0,0,0,0,0,0,"N",0,0.0,0,0,0,0,0,0,0,0,0,0,0,0,0,0
"36121","5","812199","78","0","2016","1","N","Wyoming County, New York","Private","NAICS 812199 Other personal care services","County, NAICS 6-digit -- by ownership sector","All establishment sizes",1,0,0,0,0,0,0,0,"N",0.58,0,0,0,0,0,0,0,"N",0,0.0,0,0,0,0,0,0,0,0,0,0,0,0,0,0
"36121","5","812199","78","0","2016","2","N","Wyoming County, New York","Private","NAICS 812199 Other personal care services","County, NAICS 6-digit -- by ownership sector","All establishment sizes",1,0,0,0,0,0,0,0,"N",0.57,0,0,0,0,0,0,0,"N",0,0.0,0,0,0,0,0,0,0,0,0,0,0,0,0,0
"36121","5","812199","78","0","2016","3","N","Wyoming County, New York","Private","NAICS 812199 Other personal care services","County, NAICS 6-digit -- by ownership sector","All establishment sizes",1,0,0,0,0,0,0,0,"N",0.57,0,0,0,0,0,0,0,"N",0,0.0,0,0,0,0,0,0,0,0,0,0,0,0,0,0
"36121","5","812199","78","0","2016","4","N","Wyoming County, New York","Private","NAICS 812199 Other personal care services","County, NAICS 6-digit -- by ownership sector","All establishment sizes",1,0,0,0,0,0,0,0,"N",0.57,0,0,0,0,0,0,0,"N",0,0.0,0,0,0,0,0,0,0,0,0,0,0,0,0,0
"36121","5","8122","76","0","2016","1","","Wyoming County, New York","Private","NAICS 8122 Death care services","County, NAICS 4-digit -- by ownership sector","All establishment sizes",5,15,16,16,214277,118136,3357,1052,"",2.90,1.19,1.27,1.26,2.59,1.97,2.05,2.09,"",0,0.0,-3,-16.7,-1,-5.9,-1,-5.9,19785,10.2,5244,4.6,-1365,-28.9,189,21.9
"36121","5","8122","76","0","2016","2","","Wyoming County, New York","Private","NAICS 8122 Death care services","County, NAICS 4-digit -- by ownership sector","All establishment sizes",5,19,20,19,291055,54348,1673,1158,"",2.92,1.47,1.49,1.38,3.02,2.25,2.14,2.09,"",0,0.0,-1,-5.0,0,0.0,-2,-9.5,78253,36.8,5845,12.1,-289,-14.7,353,43.9
"36121","5","8122","76","0","2016","3","","Wyoming County, New York","Private","NAICS 8122 Death care services","County, NAICS 4-digit -- by ownership sector","All establishment sizes",5,16,17,19,257506,15303,691,1143,"",2.94,1.23,1.31,1.44,2.80,1.32,1.86,2.12,"",0,0.0,-4,-20.0,-2,-10.5,-1,-5.0,67240,35.3,2821,22.6,213,44.6,399,53.6
"36121","5","8122","76","0","2016","4","","Wyoming County, New York","Private","NAICS 8122 Death care services","County, NAICS 4-digit -- by ownership sector","All establishment sizes",5,20,22,21,224571,11514,526,823,"",2.96,1.53,1.75,1.66,2.34,1.55,2.60,1.42,"",0,0.0,-1,-4.8,1,4.8,0,0.0,44304,24.6,-1587,-12.1,-27,-4.9,163,24.7
"36121","5","81221","77","0","2016","1","N","Wyoming County, New York","Private","NAICS 81221 Funeral homes and funeral services","County, NAICS 5-digit -- by ownership sector","All establishment sizes",4,0,0,0,0,0,0,0,"N",3.06,0,0,0,0,0,0,0,"N",0,0.0,0,0,0,0,0,0,0,0,0,0,0,0,0,0
"36121","5","81221","77","0","2016","2","N","Wyoming County, New York","Private","NAICS 81221 Funeral homes and funeral services","County, NAICS 5-digit -- by ownership sector","All establishment sizes",4,0,0,0,0,0,0,0,"N",3.09,0,0,0,0,0,0,0,"N",0,0.0,0,0,0,0,0,0,0,0,0,0,0,0,0,0
"36121","5","81221","77","0","2016","3","N","Wyoming County, New York","Private","NAICS 81221 Funeral homes and funeral services","County, NAICS 5-digit -- by ownership sector","All establishment sizes",4,0,0,0,0,0,0,0,"N",3.11,0,0,0,0,0,0,0,"N",0,0.0,0,0,0,0,0,0,0,0,0,0,0,0,0,0
"36121","5","81221","77","0","2016","4","N","Wyoming County, New York","Private","NAICS 81221 Funeral homes and funeral services","County, NAICS 5-digit -- by ownership sector","All establishment sizes",4,0,0,0,0,0,0,0,"N",3.12,0,0,0,0,0,0,0,"N",0,0.0,0,0,0,0,0,0,0,0,0,0,0,0,0,0
"36121","5","812210","78","0","2016","1","N","Wyoming County, New York","Private","NAICS 812210 Funeral homes and funeral services","County, NAICS 6-digit -- by ownership sector","All establishment sizes",4,0,0,0,0,0,0,0,"N",3.06,0,0,0,0,0,0,0,"N",0,0.0,0,0,0,0,0,0,0,0,0,0,0,0,0,0
"36121","5","812210","78","0","2016","2","N","Wyoming County, New York","Private","NAICS 812210 Funeral homes and funeral services","County, NAICS 6-digit -- by ownership sector","All establishment sizes",4,0,0,0,0,0,0,0,"N",3.09,0,0,0,0,0,0,0,"N",0,0.0,0,0,0,0,0,0,0,0,0,0,0,0,0,0
"36121","5","812210","78","0","2016","3","N","Wyoming County, New York","Private","NAICS 812210 Funeral homes and funeral services","County, NAICS 6-digit -- by ownership sector","All establishment sizes",4,0,0,0,0,0,0,0,"N",3.11,0,0,0,0,0,0,0,"N",0,0.0,0,0,0,0,0,0,0,0,0,0,0,0,0,0
"36121","5","812210","78","0","2016","4","N","Wyoming County, New York","Private","NAICS 812210 Funeral homes and funeral services","County, NAICS 6-digit -- by ownership sector","All establishment sizes",4,0,0,0,0,0,0,0,"N",3.12,0,0,0,0,0,0,0,"N",0,0.0,0,0,0,0,0,0,0,0,0,0,0,0,0,0
"36121","5","81222","77","0","2016","1","N","Wyoming County, New York","Private","NAICS 81222 Cemeteries and crematories","County, NAICS 5-digit -- by ownership sector","All establishment sizes",1,0,0,0,0,0,0,0,"N",2.38,0,0,0,0,0,0,0,"N",0,0.0,0,0,0,0,0,0,0,0,0,0,0,0,0,0
"36121","5","81222","77","0","2016","2","N","Wyoming County, New York","Private","NAICS 81222 Cemeteries and crematories","County, NAICS 5-digit -- by ownership sector","All establishment sizes",1,0,0,0,0,0,0,0,"N",2.40,0,0,0,0,0,0,0,"N",0,0.0,0,0,0,0,0,0,0,0,0,0,0,0,0,0
"36121","5","81222","77","0","2016","3","N","Wyoming County, New York","Private","NAICS 81222 Cemeteries and crematories","County, NAICS 5-digit -- by ownership sector","All establishment sizes",1,0,0,0,0,0,0,0,"N",2.42,0,0,0,0,0,0,0,"N",0,0.0,0,0,0,0,0,0,0,0,0,0,0,0,0,0
"36121","5","81222","77","0","2016","4","N","Wyoming County, New York","Private","NAICS 81222 Cemeteries and crematories","County, NAICS 5-digit -- by ownership sector","All establishment sizes",1,0,0,0,0,0,0,0,"N",2.44,0,0,0,0,0,0,0,"N",0,0.0,0,0,0,0,0,0,0,0,0,0,0,0,0,0
"36121","5","812220","78","0","2016","1","N","Wyoming County, New York","Private","NAICS 812220 Cemeteries and crematories","County, NAICS 6-digit -- by ownership sector","All establishment sizes",1,0,0,0,0,0,0,0,"N",2.38,0,0,0,0,0,0,0,"N",0,0.0,0,0,0,0,0,0,0,0,0,0,0,0,0,0
"36121","5","812220","78","0","2016","2","N","Wyoming County, New York","Private","NAICS 812220 Cemeteries and crematories","County, NAICS 6-digit -- by ownership sector","All establishment sizes",1,0,0,0,0,0,0,0,"N",2.40,0,0,0,0,0,0,0,"N",0,0.0,0,0,0,0,0,0,0,0,0,0,0,0,0,0
"36121","5","812220","78","0","2016","3","N","Wyoming County, New York","Private","NAICS 812220 Cemeteries and crematories","County, NAICS 6-digit -- by ownership sector","All establishment sizes",1,0,0,0,0,0,0,0,"N",2.42,0,0,0,0,0,0,0,"N",0,0.0,0,0,0,0,0,0,0,0,0,0,0,0,0,0
"36121","5","812220","78","0","2016","4","N","Wyoming County, New York","Private","NAICS 812220 Cemeteries and crematories","County, NAICS 6-digit -- by ownership sector","All establishment sizes",1,0,0,0,0,0,0,0,"N",2.44,0,0,0,0,0,0,0,"N",0,0.0,0,0,0,0,0,0,0,0,0,0,0,0,0,0
"36121","5","8123","76","0","2016","1","N","Wyoming County, New York","Private","NAICS 8123 Drycleaning and laundry services","County, NAICS 4-digit -- by ownership sector","All establishment sizes",1,0,0,0,0,0,0,0,"N",0.32,0,0,0,0,0,0,0,"N",0,0.0,0,0,0,0,0,0,0,0,0,0,0,0,0,0
"36121","5","8123","76","0","2016","2","N","Wyoming County, New York","Private","NAICS 8123 Drycleaning and laundry services","County, NAICS 4-digit -- by ownership sector","All establishment sizes",1,0,0,0,0,0,0,0,"N",0.32,0,0,0,0,0,0,0,"N",0,0.0,0,0,0,0,0,0,0,0,0,0,0,0,0,0
"36121","5","8123","76","0","2016","3","N","Wyoming County, New York","Private","NAICS 8123 Drycleaning and laundry services","County, NAICS 4-digit -- by ownership sector","All establishment sizes",1,0,0,0,0,0,0,0,"N",0.33,0,0,0,0,0,0,0,"N",0,0.0,0,0,0,0,0,0,0,0,0,0,0,0,0,0
"36121","5","8123","76","0","2016","4","N","Wyoming County, New York","Private","NAICS 8123 Drycleaning and laundry services","County, NAICS 4-digit -- by ownership sector","All establishment sizes",1,0,0,0,0,0,0,0,"N",0.33,0,0,0,0,0,0,0,"N",0,0.0,0,0,0,0,0,0,0,0,0,0,0,0,0,0
"36121","5","81232","77","0","2016","1","N","Wyoming County, New York","Private","NAICS 81232 Drycleaning and laundry services","County, NAICS 5-digit -- by ownership sector","All establishment sizes",1,0,0,0,0,0,0,0,"N",0.51,0,0,0,0,0,0,0,"N",0,0.0,0,0,0,0,0,0,0,0,0,0,0,0,0,0
"36121","5","81232","77","0","2016","2","N","Wyoming County, New York","Private","NAICS 81232 Drycleaning and laundry services","County, NAICS 5-digit -- by ownership sector","All establishment sizes",1,0,0,0,0,0,0,0,"N",0.51,0,0,0,0,0,0,0,"N",0,0.0,0,0,0,0,0,0,0,0,0,0,0,0,0,0
"36121","5","81232","77","0","2016","3","N","Wyoming County, New York","Private","NAICS 81232 Drycleaning and laundry services","County, NAICS 5-digit -- by ownership sector","All establishment sizes",1,0,0,0,0,0,0,0,"N",0.52,0,0,0,0,0,0,0,"N",0,0.0,0,0,0,0,0,0,0,0,0,0,0,0,0,0
"36121","5","81232","77","0","2016","4","N","Wyoming County, New York","Private","NAICS 81232 Drycleaning and laundry services","County, NAICS 5-digit -- by ownership sector","All establishment sizes",1,0,0,0,0,0,0,0,"N",0.52,0,0,0,0,0,0,0,"N",0,0.0,0,0,0,0,0,0,0,0,0,0,0,0,0,0
"36121","5","812320","78","0","2016","1","N","Wyoming County, New York","Private","NAICS 812320 Drycleaning and laundry services","County, NAICS 6-digit -- by ownership sector","All establishment sizes",1,0,0,0,0,0,0,0,"N",0.51,0,0,0,0,0,0,0,"N",0,0.0,0,0,0,0,0,0,0,0,0,0,0,0,0,0
"36121","5","812320","78","0","2016","2","N","Wyoming County, New York","Private","NAICS 812320 Drycleaning and laundry services","County, NAICS 6-digit -- by ownership sector","All establishment sizes",1,0,0,0,0,0,0,0,"N",0.51,0,0,0,0,0,0,0,"N",0,0.0,0,0,0,0,0,0,0,0,0,0,0,0,0,0
"36121","5","812320","78","0","2016","3","N","Wyoming County, New York","Private","NAICS 812320 Drycleaning and laundry services","County, NAICS 6-digit -- by ownership sector","All establishment sizes",1,0,0,0,0,0,0,0,"N",0.52,0,0,0,0,0,0,0,"N",0,0.0,0,0,0,0,0,0,0,0,0,0,0,0,0,0
"36121","5","812320","78","0","2016","4","N","Wyoming County, New York","Private","NAICS 812320 Drycleaning and laundry services","County, NAICS 6-digit -- by ownership sector","All establishment sizes",1,0,0,0,0,0,0,0,"N",0.52,0,0,0,0,0,0,0,"N",0,0.0,0,0,0,0,0,0,0,0,0,0,0,0,0,0
"36121","5","8129","76","0","2016","1","N","Wyoming County, New York","Private","NAICS 8129 Other personal services","County, NAICS 4-digit -- by ownership sector","All establishment sizes",3,0,0,0,0,0,0,0,"N",0.78,0,0,0,0,0,0,0,"N",1,50.0,0,0,0,0,0,0,0,0,0,0,0,0,0,0
"36121","5","8129","76","0","2016","2","N","Wyoming County, New York","Private","NAICS 8129 Other personal services","County, NAICS 4-digit -- by ownership sector","All establishment sizes",3,0,0,0,0,0,0,0,"N",0.77,0,0,0,0,0,0,0,"N",1,50.0,0,0,0,0,0,0,0,0,0,0,0,0,0,0
"36121","5","8129","76","0","2016","3","N","Wyoming County, New York","Private","NAICS 8129 Other personal services","County, NAICS 4-digit -- by ownership sector","All establishment sizes",2,0,0,0,0,0,0,0,"N",0.51,0,0,0,0,0,0,0,"N",-1,-33.3,0,0,0,0,0,0,0,0,0,0,0,0,0,0
"36121","5","8129","76","0","2016","4","N","Wyoming County, New York","Private","NAICS 8129 Other personal services","County, NAICS 4-digit -- by ownership sector","All establishment sizes",2,0,0,0,0,0,0,0,"N",0.51,0,0,0,0,0,0,0,"N",-1,-33.3,0,0,0,0,0,0,0,0,0,0,0,0,0,0
"36121","5","81291","77","0","2016","1","N","Wyoming County, New York","Private","NAICS 81291 Pet care, except veterinary, services","County, NAICS 5-digit -- by ownership sector","All establishment sizes",3,0,0,0,0,0,0,0,"N",1.97,0,0,0,0,0,0,0,"N",1,50.0,0,0,0,0,0,0,0,0,0,0,0,0,0,0
"36121","5","81291","77","0","2016","2","N","Wyoming County, New York","Private","NAICS 81291 Pet care, except veterinary, services","County, NAICS 5-digit -- by ownership sector","All establishment sizes",3,0,0,0,0,0,0,0,"N",1.94,0,0,0,0,0,0,0,"N",1,50.0,0,0,0,0,0,0,0,0,0,0,0,0,0,0
"36121","5","81291","77","0","2016","3","N","Wyoming County, New York","Private","NAICS 81291 Pet care, except veterinary, services","County, NAICS 5-digit -- by ownership sector","All establishment sizes",2,0,0,0,0,0,0,0,"N",1.29,0,0,0,0,0,0,0,"N",-1,-33.3,0,0,0,0,0,0,0,0,0,0,0,0,0,0
"36121","5","81291","77","0","2016","4","N","Wyoming County, New York","Private","NAICS 81291 Pet care, except veterinary, services","County, NAICS 5-digit -- by ownership sector","All establishment sizes",2,0,0,0,0,0,0,0,"N",1.28,0,0,0,0,0,0,0,"N",-1,-33.3,0,0,0,0,0,0,0,0,0,0,0,0,0,0
"36121","5","812910","78","0","2016","1","N","Wyoming County, New York","Private","NAICS 812910 Pet care, except veterinary, services","County, NAICS 6-digit -- by ownership sector","All establishment sizes",3,0,0,0,0,0,0,0,"N",1.97,0,0,0,0,0,0,0,"N",1,50.0,0,0,0,0,0,0,0,0,0,0,0,0,0,0
"36121","5","812910","78","0","2016","2","N","Wyoming County, New York","Private","NAICS 812910 Pet care, except veterinary, services","County, NAICS 6-digit -- by ownership sector","All establishment sizes",3,0,0,0,0,0,0,0,"N",1.94,0,0,0,0,0,0,0,"N",1,50.0,0,0,0,0,0,0,0,0,0,0,0,0,0,0
"36121","5","812910","78","0","2016","3","N","Wyoming County, New York","Private","NAICS 812910 Pet care, except veterinary, services","County, NAICS 6-digit -- by ownership sector","All establishment sizes",2,0,0,0,0,0,0,0,"N",1.29,0,0,0,0,0,0,0,"N",-1,-33.3,0,0,0,0,0,0,0,0,0,0,0,0,0,0
"36121","5","812910","78","0","2016","4","N","Wyoming County, New York","Private","NAICS 812910 Pet care, except veterinary, services","County, NAICS 6-digit -- by ownership sector","All establishment sizes",2,0,0,0,0,0,0,0,"N",1.28,0,0,0,0,0,0,0,"N",-1,-33.3,0,0,0,0,0,0,0,0,0,0,0,0,0,0
"36121","5","813","75","0","2016","1","","Wyoming County, New York","Private","NAICS 813 Membership associations and organizations","County, NAICS 3-digit -- by ownership sector","All establishment sizes",44,294,303,300,996175,558141,15332,256,"",3.26,2.34,2.40,2.35,1.01,1.23,1.01,0.43,"",0,0.0,13,4.6,22,7.8,13,4.5,12941,1.3,9472,1.7,-5932,-27.9,-11,-4.1
"36121","5","813","75","0","2016","2","","Wyoming County, New York","Private","NAICS 813 Membership associations and organizations","County, NAICS 3-digit -- by ownership sector","All establishment sizes",44,316,336,382,1085934,361904,10935,242,"",3.26,2.44,2.52,2.75,1.00,2.29,1.84,0.39,"",1,2.3,18,6.0,27,8.7,62,19.4,31297,3.0,25267,7.5,-2154,-16.5,-21,-8.0
"36121","5","813","75","0","2016","3","","Wyoming County, New York","Private","NAICS 813 Membership associations and organizations","County, NAICS 3-digit -- by ownership sector","All establishment sizes",45,406,398,334,1328212,311427,10949,269,"",3.36,3.02,3.01,2.53,1.23,3.36,3.13,0.43,"",2,4.7,-3,-0.7,4,1.0,12,3.7,22533,1.7,39587,14.6,-939,-7.9,1,0.4
"36121","5","813","75","0","2016","4","","Wyoming County, New York","Private","NAICS 813 Membership associations and organizations","County, NAICS 3-digit -- by ownership sector","All establishment sizes",45,314,301,297,1146479,162197,4522,290,"",3.37,2.36,2.35,2.35,1.11,2.73,2.16,0.47,"",2,4.7,-2,-0.6,8,2.7,5,1.7,16738,1.5,37015,29.6,79,1.8,1,0.3
"36121","5","8131","76","0","2016","1","","Wyoming County, New York","Private","NAICS 8131 Religious organizations","County, NAICS 4-digit -- by ownership sector","All establishment sizes",23,97,98,94,283288,55308,1235,226,"",10.71,5.37,5.41,5.19,3.14,1.70,1.11,0.59,"",0,0.0,2,2.1,6,6.5,0,0.0,25996,10.1,8377,17.8,240,24.1,15,7.1
"36121","5","8131","76","0","2016","2","","Wyoming County, New York","Private","NAICS 8131 Religious organizations","County, NAICS 4-digit -- by ownership sector","All establishment sizes",23,100,104,104,307923,36423,960,231,"",10.72,5.44,5.49,5.56,3.04,2.30,1.65,0.55,"",0,0.0,-2,-2.0,3,3.0,5,5.1,3177,1.0,1001,2.8,-60,-5.9,-2,-0.9
"36121","5","8131","76","0","2016","3","","Wyoming County, New York","Private","NAICS 8131 Religious organizations","County, NAICS 4-digit -- by ownership sector","All establishment sizes",24,104,105,102,322701,16415,536,239,"",11.27,5.97,6.06,5.59,3.27,1.77,1.68,0.56,"",1,4.3,-4,-3.7,-4,-3.7,1,1.0,-2288,-0.7,5367,48.6,206,62.4,3,1.3
"36121","5","8131","76","0","2016","4","","Wyoming County, New York","Private","NAICS 8131 Religious organizations","County, NAICS 4-digit -- by ownership sector","All establishment sizes",24,106,99,96,317880,20684,671,244,"",11.34,5.70,5.46,5.33,3.33,3.16,3.28,0.61,"",1,4.3,10,10.4,3,3.1,-1,-1.0,-8133,-2.5,13375,183.0,436,185.5,-16,-6.2
"36121","5","81311","77","0","2016","1","","Wyoming County, New York","Private","NAICS 81311 Religious organizations","County, NAICS 5-digit -- by ownership sector","All establishment sizes",23,97,98,94,283288,55308,1235,226,"",10.71,5.37,5.41,5.19,3.14,1.70,1.11,0.59,"",0,0.0,2,2.1,6,6.5,0,0.0,25996,10.1,8377,17.8,240,24.1,15,7.1
"36121","5","81311","77","0","2016","2","","Wyoming County, New York","Private","NAICS 81311 Religious organizations","County, NAICS 5-digit -- by ownership sector","All establishment sizes",23,100,104,104,307923,36423,960,231,"",10.72,5.44,5.49,5.56,3.04,2.30,1.65,0.55,"",0,0.0,-2,-2.0,3,3.0,5,5.1,3177,1.0,1001,2.8,-60,-5.9,-2,-0.9
"36121","5","81311","77","0","2016","3","","Wyoming County, New York","Private","NAICS 81311 Religious organizations","County, NAICS 5-digit -- by ownership sector","All establishment sizes",24,104,105,102,322701,16415,536,239,"",11.27,5.97,6.06,5.59,3.27,1.77,1.68,0.56,"",1,4.3,-4,-3.7,-4,-3.7,1,1.0,-2288,-0.7,5367,48.6,206,62.4,3,1.3
"36121","5","81311","77","0","2016","4","","Wyoming County, New York","Private","NAICS 81311 Religious organizations","County, NAICS 5-digit -- by ownership sector","All establishment sizes",24,106,99,96,317880,20684,671,244,"",11.34,5.70,5.46,5.33,3.33,3.16,3.28,0.61,"",1,4.3,10,10.4,3,3.1,-1,-1.0,-8133,-2.5,13375,183.0,436,185.5,-16,-6.2
"36121","5","813110","78","0","2016","1","","Wyoming County, New York","Private","NAICS 813110 Religious organizations","County, NAICS 6-digit -- by ownership sector","All establishment sizes",23,97,98,94,283288,55308,1235,226,"",10.71,5.37,5.41,5.19,3.14,1.70,1.11,0.59,"",0,0.0,2,2.1,6,6.5,0,0.0,25996,10.1,8377,17.8,240,24.1,15,7.1
"36121","5","813110","78","0","2016","2","","Wyoming County, New York","Private","NAICS 813110 Religious organizations","County, NAICS 6-digit -- by ownership sector","All establishment sizes",23,100,104,104,307923,36423,960,231,"",10.72,5.44,5.49,5.56,3.04,2.30,1.65,0.55,"",0,0.0,-2,-2.0,3,3.0,5,5.1,3177,1.0,1001,2.8,-60,-5.9,-2,-0.9
"36121","5","813110","78","0","2016","3","","Wyoming County, New York","Private","NAICS 813110 Religious organizations","County, NAICS 6-digit -- by ownership sector","All establishment sizes",24,104,105,102,322701,16415,536,239,"",11.27,5.97,6.06,5.59,3.27,1.77,1.68,0.56,"",1,4.3,-4,-3.7,-4,-3.7,1,1.0,-2288,-0.7,5367,48.6,206,62.4,3,1.3
"36121","5","813110","78","0","2016","4","","Wyoming County, New York","Private","NAICS 813110 Religious organizations","County, NAICS 6-digit -- by ownership sector","All establishment sizes",24,106,99,96,317880,20684,671,244,"",11.34,5.70,5.46,5.33,3.33,3.16,3.28,0.61,"",1,4.3,10,10.4,3,3.1,-1,-1.0,-8133,-2.5,13375,183.0,436,185.5,-16,-6.2
"36121","5","8132","76","0","2016","1","N","Wyoming County, New York","Private","NAICS 8132 Grantmaking and giving services","County, NAICS 4-digit -- by ownership sector","All establishment sizes",1,0,0,0,0,0,0,0,"N",0.70,0,0,0,0,0,0,0,"N",0,0.0,0,0,0,0,0,0,0,0,0,0,0,0,0,0
"36121","5","8132","76","0","2016","2","N","Wyoming County, New York","Private","NAICS 8132 Grantmaking and giving services","County, NAICS 4-digit -- by ownership sector","All establishment sizes",1,0,0,0,0,0,0,0,"N",0.70,0,0,0,0,0,0,0,"N",0,0.0,0,0,0,0,0,0,0,0,0,0,0,0,0,0
"36121","5","8132","76","0","2016","3","N","Wyoming County, New York","Private","NAICS 8132 Grantmaking and giving services","County, NAICS 4-digit -- by ownership sector","All establishment sizes",1,0,0,0,0,0,0,0,"N",0.70,0,0,0,0,0,0,0,"N",0,0.0,0,0,0,0,0,0,0,0,0,0,0,0,0,0
"36121","5","8132","76","0","2016","4","N","Wyoming County, New York","Private","NAICS 8132 Grantmaking and giving services","County, NAICS 4-digit -- by ownership sector","All establishment sizes",1,0,0,0,0,0,0,0,"N",0.70,0,0,0,0,0,0,0,"N",0,0.0,0,0,0,0,0,0,0,0,0,0,0,0,0,0
"36121","5","81321","77","0","2016","1","N","Wyoming County, New York","Private","NAICS 81321 Grantmaking and giving services","County, NAICS 5-digit -- by ownership sector","All establishment sizes",1,0,0,0,0,0,0,0,"N",0.70,0,0,0,0,0,0,0,"N",0,0.0,0,0,0,0,0,0,0,0,0,0,0,0,0,0
"36121","5","81321","77","0","2016","2","N","Wyoming County, New York","Private","NAICS 81321 Grantmaking and giving services","County, NAICS 5-digit -- by ownership sector","All establishment sizes",1,0,0,0,0,0,0,0,"N",0.70,0,0,0,0,0,0,0,"N",0,0.0,0,0,0,0,0,0,0,0,0,0,0,0,0,0
"36121","5","81321","77","0","2016","3","N","Wyoming County, New York","Private","NAICS 81321 Grantmaking and giving services","County, NAICS 5-digit -- by ownership sector","All establishment sizes",1,0,0,0,0,0,0,0,"N",0.70,0,0,0,0,0,0,0,"N",0,0.0,0,0,0,0,0,0,0,0,0,0,0,0,0,0
"36121","5","81321","77","0","2016","4","N","Wyoming County, New York","Private","NAICS 81321 Grantmaking and giving services","County, NAICS 5-digit -- by ownership sector","All establishment sizes",1,0,0,0,0,0,0,0,"N",0.70,0,0,0,0,0,0,0,"N",0,0.0,0,0,0,0,0,0,0,0,0,0,0,0,0,0
"36121","5","813219","78","0","2016","1","N","Wyoming County, New York","Private","NAICS 813219 Other grantmaking and giving services","County, NAICS 6-digit -- by ownership sector","All establishment sizes",1,0,0,0,0,0,0,0,"N",3.13,0,0,0,0,0,0,0,"N",0,0.0,0,0,0,0,0,0,0,0,0,0,0,0,0,0
"36121","5","813219","78","0","2016","2","N","Wyoming County, New York","Private","NAICS 813219 Other grantmaking and giving services","County, NAICS 6-digit -- by ownership sector","All establishment sizes",1,0,0,0,0,0,0,0,"N",3.12,0,0,0,0,0,0,0,"N",0,0.0,0,0,0,0,0,0,0,0,0,0,0,0,0,0
"36121","5","813219","78","0","2016","3","N","Wyoming County, New York","Private","NAICS 813219 Other grantmaking and giving services","County, NAICS 6-digit -- by ownership sector","All establishment sizes",1,0,0,0,0,0,0,0,"N",3.12,0,0,0,0,0,0,0,"N",0,0.0,0,0,0,0,0,0,0,0,0,0,0,0,0,0
"36121","5","813219","78","0","2016","4","N","Wyoming County, New York","Private","NAICS 813219 Other grantmaking and giving services","County, NAICS 6-digit -- by ownership sector","All establishment sizes",1,0,0,0,0,0,0,0,"N",3.14,0,0,0,0,0,0,0,"N",0,0.0,0,0,0,0,0,0,0,0,0,0,0,0,0,0
"36121","5","8133","76","0","2016","1","N","Wyoming County, New York","Private","NAICS 8133 Social advocacy organizations","County, NAICS 4-digit -- by ownership sector","All establishment sizes",4,0,0,0,0,0,0,0,"N",2.02,0,0,0,0,0,0,0,"N",0,0.0,0,0,0,0,0,0,0,0,0,0,0,0,0,0
"36121","5","8133","76","0","2016","2","","Wyoming County, New York","Private","NAICS 8133 Social advocacy organizations","County, NAICS 4-digit -- by ownership sector","All establishment sizes",4,21,21,21,113600,14720,378,416,"",2.01,1.07,1.04,1.01,0.62,0.46,0.27,0.60,"N",1,33.3,0,0,0,0,0,0,0,0,0,0,0,0,0,0
"36121","5","8133","76","0","2016","3","","Wyoming County, New York","Private","NAICS 8133 Social advocacy organizations","County, NAICS 4-digit -- by ownership sector","All establishment sizes",4,21,22,22,123191,5339,123,437,"",2.01,1.04,1.09,1.08,0.68,0.30,0.17,0.63,"N",1,33.3,0,0,0,0,0,0,0,0,0,0,0,0,0,0
"36121","5","8133","76","0","2016","4","","Wyoming County, New York","Private","NAICS 8133 Social advocacy organizations","County, NAICS 4-digit -- by ownership sector","All establishment sizes",4,21,21,20,117305,869,20,437,"",2.01,1.03,1.07,1.04,0.68,0.08,0.04,0.65,"N",1,33.3,0,0,0,0,0,0,0,0,0,0,0,0,0,0
"36121","5","81331","77","0","2016","1","N","Wyoming County, New York","Private","NAICS 81331 Social advocacy organizations","County, NAICS 5-digit -- by ownership sector","All establishment sizes",4,0,0,0,0,0,0,0,"N",2.02,0,0,0,0,0,0,0,"N",0,0.0,0,0,0,0,0,0,0,0,0,0,0,0,0,0
"36121","5","81331","77","0","2016","2","","Wyoming County, New York","Private","NAICS 81331 Social advocacy organizations","County, NAICS 5-digit -- by ownership sector","All establishment sizes",4,21,21,21,113600,14720,378,416,"",2.01,1.07,1.04,1.01,0.62,0.46,0.27,0.60,"N",1,33.3,0,0,0,0,0,0,0,0,0,0,0,0,0,0
"36121","5","81331","77","0","2016","3","","Wyoming County, New York","Private","NAICS 81331 Social advocacy organizations","County, NAICS 5-digit -- by ownership sector","All establishment sizes",4,21,22,22,123191,5339,123,437,"",2.01,1.04,1.09,1.08,0.68,0.30,0.17,0.63,"N",1,33.3,0,0,0,0,0,0,0,0,0,0,0,0,0,0
"36121","5","81331","77","0","2016","4","","Wyoming County, New York","Private","NAICS 81331 Social advocacy organizations","County, NAICS 5-digit -- by ownership sector","All establishment sizes",4,21,21,20,117305,869,20,437,"",2.01,1.03,1.07,1.04,0.68,0.08,0.04,0.65,"N",1,33.3,0,0,0,0,0,0,0,0,0,0,0,0,0,0
"36121","5","813311","78","0","2016","1","N","Wyoming County, New York","Private","NAICS 813311 Human rights organizations","County, NAICS 6-digit -- by ownership sector","All establishment sizes",1,0,0,0,0,0,0,0,"N",2.42,0,0,0,0,0,0,0,"N",1,100.0,0,0,0,0,0,0,0,0,0,0,0,0,0,0
"36121","5","813311","78","0","2016","2","N","Wyoming County, New York","Private","NAICS 813311 Human rights organizations","County, NAICS 6-digit -- by ownership sector","All establishment sizes",1,0,0,0,0,0,0,0,"N",2.43,0,0,0,0,0,0,0,"N",1,100.0,0,0,0,0,0,0,0,0,0,0,0,0,0,0
"36121","5","813311","78","0","2016","3","N","Wyoming County, New York","Private","NAICS 813311 Human rights organizations","County, NAICS 6-digit -- by ownership sector","All establishment sizes",1,0,0,0,0,0,0,0,"N",2.44,0,0,0,0,0,0,0,"N",1,100.0,0,0,0,0,0,0,0,0,0,0,0,0,0,0
"36121","5","813311","78","0","2016","4","N","Wyoming County, New York","Private","NAICS 813311 Human rights organizations","County, NAICS 6-digit -- by ownership sector","All establishment sizes",1,0,0,0,0,0,0,0,"N",2.44,0,0,0,0,0,0,0,"N",1,100.0,0,0,0,0,0,0,0,0,0,0,0,0,0,0
"36121","5","813312","78","0","2016","1","N","Wyoming County, New York","Private","NAICS 813312 Environment and conservation organizations","County, NAICS 6-digit -- by ownership sector","All establishment sizes",1,0,0,0,0,0,0,0,"N",1.74,0,0,0,0,0,0,0,"N",0,0.0,0,0,0,0,0,0,0,0,0,0,0,0,0,0
"36121","5","813312","78","0","2016","2","N","Wyoming County, New York","Private","NAICS 813312 Environment and conservation organizations","County, NAICS 6-digit -- by ownership sector","All establishment sizes",1,0,0,0,0,0,0,0,"N",1.74,0,0,0,0,0,0,0,"N",0,0.0,0,0,0,0,0,0,0,0,0,0,0,0,0,0
"36121","5","813312","78","0","2016","3","N","Wyoming County, New York","Private","NAICS 813312 Environment and conservation organizations","County, NAICS 6-digit -- by ownership sector","All establishment sizes",1,0,0,0,0,0,0,0,"N",1.74,0,0,0,0,0,0,0,"N",0,0.0,0,0,0,0,0,0,0,0,0,0,0,0,0,0
"36121","5","813312","78","0","2016","4","N","Wyoming County, New York","Private","NAICS 813312 Environment and conservation organizations","County, NAICS 6-digit -- by ownership sector","All establishment sizes",1,0,0,0,0,0,0,0,"N",1.74,0,0,0,0,0,0,0,"N",0,0.0,0,0,0,0,0,0,0,0,0,0,0,0,0,0
"36121","5","813319","78","0","2016","1","N","Wyoming County, New York","Private","NAICS 813319 Other social advocacy organizations","County, NAICS 6-digit -- by ownership sector","All establishment sizes",2,0,0,0,0,0,0,0,"N",2.00,0,0,0,0,0,0,0,"N",-1,-33.3,0,0,0,0,0,0,0,0,0,0,0,0,0,0
"36121","5","813319","78","0","2016","2","N","Wyoming County, New York","Private","NAICS 813319 Other social advocacy organizations","County, NAICS 6-digit -- by ownership sector","All establishment sizes",2,0,0,0,0,0,0,0,"N",2.00,0,0,0,0,0,0,0,"N",0,0.0,0,0,0,0,0,0,0,0,0,0,0,0,0,0
"36121","5","813319","78","0","2016","3","N","Wyoming County, New York","Private","NAICS 813319 Other social advocacy organizations","County, NAICS 6-digit -- by ownership sector","All establishment sizes",2,0,0,0,0,0,0,0,"N",2.00,0,0,0,0,0,0,0,"N",0,0.0,0,0,0,0,0,0,0,0,0,0,0,0,0,0
"36121","5","813319","78","0","2016","4","N","Wyoming County, New York","Private","NAICS 813319 Other social advocacy organizations","County, NAICS 6-digit -- by ownership sector","All establishment sizes",2,0,0,0,0,0,0,0,"N",1.99,0,0,0,0,0,0,0,"N",0,0.0,0,0,0,0,0,0,0,0,0,0,0,0,0,0
"36121","5","8134","76","0","2016","1","","Wyoming County, New York","Private","NAICS 8134 Civic and social organizations","County, NAICS 4-digit -- by ownership sector","All establishment sizes",12,126,131,127,294330,135722,2775,177,"",4.97,3.54,3.65,3.49,2.38,2.58,1.59,0.67,"",0,0.0,9,7.7,15,12.9,10,8.5,3720,1.3,12033,9.7,-94,-3.3,-15,-7.8
"36121","5","8134","76","0","2016","2","","Wyoming County, New York","Private","NAICS 8134 Civic and social organizations","County, NAICS 4-digit -- by ownership sector","All establishment sizes",12,128,142,188,331116,126713,2700,167,"",5.00,3.49,3.72,4.56,2.32,4.46,2.46,0.59,"",0,0.0,9,7.6,19,15.4,57,43.5,31154,10.4,10017,8.6,-61,-2.2,-19,-10.2
"36121","5","8134","76","0","2016","3","","Wyoming County, New York","Private","NAICS 8134 Civic and social organizations","County, NAICS 4-digit -- by ownership sector","All establishment sizes",12,181,168,135,442365,105047,2267,211,"",5.04,4.46,4.32,3.67,2.96,5.78,3.41,0.71,"",0,0.0,-4,-2.2,1,0.6,9,7.1,3534,0.8,8357,8.6,-75,-3.2,-1,-0.5
"36121","5","8134","76","0","2016","4","","Wyoming County, New York","Private","NAICS 8134 Civic and social organizations","County, NAICS 4-digit -- by ownership sector","All establishment sizes",12,121,120,123,321176,67009,1455,204,"",5.07,3.28,3.35,3.44,2.43,5.64,3.68,0.72,"",0,0.0,-12,-9.0,0,0.0,3,2.5,-11282,-3.4,1854,2.8,-159,-9.9,-2,-1.0
"36121","5","81341","77","0","2016","1","","Wyoming County, New York","Private","NAICS 81341 Civic and social organizations","County, NAICS 5-digit -- by ownership sector","All establishment sizes",12,126,131,127,294330,135722,2775,177,"",4.97,3.54,3.65,3.49,2.38,2.58,1.59,0.67,"",0,0.0,9,7.7,15,12.9,10,8.5,3720,1.3,12033,9.7,-94,-3.3,-15,-7.8
"36121","5","81341","77","0","2016","2","","Wyoming County, New York","Private","NAICS 81341 Civic and social organizations","County, NAICS 5-digit -- by ownership sector","All establishment sizes",12,128,142,188,331116,126713,2700,167,"",5.00,3.49,3.72,4.56,2.32,4.46,2.46,0.59,"",0,0.0,9,7.6,19,15.4,57,43.5,31154,10.4,10017,8.6,-61,-2.2,-19,-10.2
"36121","5","81341","77","0","2016","3","","Wyoming County, New York","Private","NAICS 81341 Civic and social organizations","County, NAICS 5-digit -- by ownership sector","All establishment sizes",12,181,168,135,442365,105047,2267,211,"",5.04,4.46,4.32,3.67,2.96,5.78,3.41,0.71,"",0,0.0,-4,-2.2,1,0.6,9,7.1,3534,0.8,8357,8.6,-75,-3.2,-1,-0.5
"36121","5","81341","77","0","2016","4","","Wyoming County, New York","Private","NAICS 81341 Civic and social organizations","County, NAICS 5-digit -- by ownership sector","All establishment sizes",12,121,120,123,321176,67009,1455,204,"",5.07,3.28,3.35,3.44,2.43,5.64,3.68,0.72,"",0,0.0,-12,-9.0,0,0.0,3,2.5,-11282,-3.4,1854,2.8,-159,-9.9,-2,-1.0
"36121","5","813410","78","0","2016","1","","Wyoming County, New York","Private","NAICS 813410 Civic and social organizations","County, NAICS 6-digit -- by ownership sector","All establishment sizes",12,126,131,127,294330,135722,2775,177,"",4.97,3.54,3.65,3.49,2.38,2.58,1.59,0.67,"",0,0.0,9,7.7,15,12.9,10,8.5,3720,1.3,12033,9.7,-94,-3.3,-15,-7.8
"36121","5","813410","78","0","2016","2","","Wyoming County, New York","Private","NAICS 813410 Civic and social organizations","County, NAICS 6-digit -- by ownership sector","All establishment sizes",12,128,142,188,331116,126713,2700,167,"",5.00,3.49,3.72,4.56,2.32,4.46,2.46,0.59,"",0,0.0,9,7.6,19,15.4,57,43.5,31154,10.4,10017,8.6,-61,-2.2,-19,-10.2
"36121","5","813410","78","0","2016","3","","Wyoming County, New York","Private","NAICS 813410 Civic and social organizations","County, NAICS 6-digit -- by ownership sector","All establishment sizes",12,181,168,135,442365,105047,2267,211,"",5.04,4.46,4.32,3.67,2.96,5.78,3.41,0.71,"",0,0.0,-4,-2.2,1,0.6,9,7.1,3534,0.8,8357,8.6,-75,-3.2,-1,-0.5
"36121","5","813410","78","0","2016","4","","Wyoming County, New York","Private","NAICS 813410 Civic and social organizations","County, NAICS 6-digit -- by ownership sector","All establishment sizes",12,121,120,123,321176,67009,1455,204,"",5.07,3.28,3.35,3.44,2.43,5.64,3.68,0.72,"",0,0.0,-12,-9.0,0,0.0,3,2.5,-11282,-3.4,1854,2.8,-159,-9.9,-2,-1.0
"36121","5","8139","76","0","2016","1","","Wyoming County, New York","Private","NAICS 8139 Professional and similar organizations","County, NAICS 4-digit -- by ownership sector","All establishment sizes",4,7,7,7,58239,50728,2886,640,"",0.72,0.17,0.17,0.17,0.13,0.22,0.40,0.73,"",0,0.0,-1,-12.5,-1,-12.5,-1,-12.5,-948,-1.6,55,0.1,-714,-19.8,71,12.5
"36121","5","8139","76","0","2016","2","N","Wyoming County, New York","Private","NAICS 8139 Professional and similar organizations","County, NAICS 4-digit -- by ownership sector","All establishment sizes",4,0,0,0,0,0,0,0,"N",0.73,0,0,0,0,0,0,0,"N",0,0.0,0,0,0,0,0,0,0,0,0,0,0,0,0,0
"36121","5","8139","76","0","2016","3","N","Wyoming County, New York","Private","NAICS 8139 Professional and similar organizations","County, NAICS 4-digit -- by ownership sector","All establishment sizes",4,0,0,0,0,0,0,0,"N",0.73,0,0,0,0,0,0,0,"N",0,0.0,0,0,0,0,0,0,0,0,0,0,0,0,0,0
"36121","5","8139","76","0","2016","4","N","Wyoming County, New York","Private","NAICS 8139 Professional and similar organizations","County, NAICS 4-digit -- by ownership sector","All establishment sizes",4,0,0,0,0,0,0,0,"N",0.74,0,0,0,0,0,0,0,"N",0,0.0,0,0,0,0,0,0,0,0,0,0,0,0,0,0
"36121","5","81391","77","0","2016","1","N","Wyoming County, New York","Private","NAICS 81391 Business associations","County, NAICS 5-digit -- by ownership sector","All establishment sizes",2,0,0,0,0,0,0,0,"N",1.11,0,0,0,0,0,0,0,"N",0,0.0,0,0,0,0,0,0,0,0,0,0,0,0,0,0
"36121","5","81391","77","0","2016","2","N","Wyoming County, New York","Private","NAICS 81391 Business associations","County, NAICS 5-digit -- by ownership sector","All establishment sizes",2,0,0,0,0,0,0,0,"N",1.11,0,0,0,0,0,0,0,"N",0,0.0,0,0,0,0,0,0,0,0,0,0,0,0,0,0
"36121","5","81391","77","0","2016","3","N","Wyoming County, New York","Private","NAICS 81391 Business associations","County, NAICS 5-digit -- by ownership sector","All establishment sizes",2,0,0,0,0,0,0,0,"N",1.12,0,0,0,0,0,0,0,"N",0,0.0,0,0,0,0,0,0,0,0,0,0,0,0,0,0
"36121","5","81391","77","0","2016","4","N","Wyoming County, New York","Private","NAICS 81391 Business associations","County, NAICS 5-digit -- by ownership sector","All establishment sizes",2,0,0,0,0,0,0,0,"N",1.13,0,0,0,0,0,0,0,"N",0,0.0,0,0,0,0,0,0,0,0,0,0,0,0,0,0
"36121","5","813910","78","0","2016","1","N","Wyoming County, New York","Private","NAICS 813910 Business associations","County, NAICS 6-digit -- by ownership sector","All establishment sizes",2,0,0,0,0,0,0,0,"N",1.11,0,0,0,0,0,0,0,"N",0,0.0,0,0,0,0,0,0,0,0,0,0,0,0,0,0
"36121","5","813910","78","0","2016","2","N","Wyoming County, New York","Private","NAICS 813910 Business associations","County, NAICS 6-digit -- by ownership sector","All establishment sizes",2,0,0,0,0,0,0,0,"N",1.11,0,0,0,0,0,0,0,"N",0,0.0,0,0,0,0,0,0,0,0,0,0,0,0,0,0
"36121","5","813910","78","0","2016","3","N","Wyoming County, New York","Private","NAICS 813910 Business associations","County, NAICS 6-digit -- by ownership sector","All establishment sizes",2,0,0,0,0,0,0,0,"N",1.12,0,0,0,0,0,0,0,"N",0,0.0,0,0,0,0,0,0,0,0,0,0,0,0,0,0
"36121","5","813910","78","0","2016","4","N","Wyoming County, New York","Private","NAICS 813910 Business associations","County, NAICS 6-digit -- by ownership sector","All establishment sizes",2,0,0,0,0,0,0,0,"N",1.13,0,0,0,0,0,0,0,"N",0,0.0,0,0,0,0,0,0,0,0,0,0,0,0,0,0
"36121","5","81399","77","0","2016","1","N","Wyoming County, New York","Private","NAICS 81399 Other similar organizations","County, NAICS 5-digit -- by ownership sector","All establishment sizes",2,0,0,0,0,0,0,0,"N",1.36,0,0,0,0,0,0,0,"N",0,0.0,0,0,0,0,0,0,0,0,0,0,0,0,0,0
"36121","5","81399","77","0","2016","2","N","Wyoming County, New York","Private","NAICS 81399 Other similar organizations","County, NAICS 5-digit -- by ownership sector","All establishment sizes",2,0,0,0,0,0,0,0,"N",1.36,0,0,0,0,0,0,0,"N",0,0.0,0,0,0,0,0,0,0,0,0,0,0,0,0,0
"36121","5","81399","77","0","2016","3","N","Wyoming County, New York","Private","NAICS 81399 Other similar organizations","County, NAICS 5-digit -- by ownership sector","All establishment sizes",2,0,0,0,0,0,0,0,"N",1.37,0,0,0,0,0,0,0,"N",0,0.0,0,0,0,0,0,0,0,0,0,0,0,0,0,0
"36121","5","81399","77","0","2016","4","N","Wyoming County, New York","Private","NAICS 81399 Other similar organizations","County, NAICS 5-digit -- by ownership sector","All establishment sizes",2,0,0,0,0,0,0,0,"N",1.38,0,0,0,0,0,0,0,"N",0,0.0,0,0,0,0,0,0,0,0,0,0,0,0,0,0
"36121","5","813990","78","0","2016","1","N","Wyoming County, New York","Private","NAICS 813990 Other similar organizations","County, NAICS 6-digit -- by ownership sector","All establishment sizes",2,0,0,0,0,0,0,0,"N",1.36,0,0,0,0,0,0,0,"N",0,0.0,0,0,0,0,0,0,0,0,0,0,0,0,0,0
"36121","5","813990","78","0","2016","2","N","Wyoming County, New York","Private","NAICS 813990 Other similar organizations","County, NAICS 6-digit -- by ownership sector","All establishment sizes",2,0,0,0,0,0,0,0,"N",1.36,0,0,0,0,0,0,0,"N",0,0.0,0,0,0,0,0,0,0,0,0,0,0,0,0,0
"36121","5","813990","78","0","2016","3","N","Wyoming County, New York","Private","NAICS 813990 Other similar organizations","County, NAICS 6-digit -- by ownership sector","All establishment sizes",2,0,0,0,0,0,0,0,"N",1.37,0,0,0,0,0,0,0,"N",0,0.0,0,0,0,0,0,0,0,0,0,0,0,0,0,0
"36121","5","813990","78","0","2016","4","N","Wyoming County, New York","Private","NAICS 813990 Other similar organizations","County, NAICS 6-digit -- by ownership sector","All establishment sizes",2,0,0,0,0,0,0,0,"N",1.38,0,0,0,0,0,0,0,"N",0,0.0,0,0,0,0,0,0,0,0,0,0,0,0,0,0
"36121","5","814","75","0","2016","1","","Wyoming County, New York","Private","NAICS 814 Private households","County, NAICS 3-digit -- by ownership sector","All establishment sizes",6,6,7,7,30935,23352,1171,357,"",0.27,0.23,0.26,0.26,0.26,0.23,0.39,1.06,"N",0,0.0,0,0,0,0,0,0,0,0,0,0,0,0,0,0
"36121","5","814","75","0","2016","2","","Wyoming County, New York","Private","NAICS 814 Private households","County, NAICS 3-digit -- by ownership sector","All establishment sizes",7,7,7,9,20997,20997,899,211,"",0.31,0.25,0.25,0.32,0.16,0.37,0.46,0.58,"",2,40.0,3,75.0,0,0.0,2,28.6,5228,33.2,5228,33.2,38,4.4,9,4.5
"36121","5","814","75","0","2016","3","","Wyoming County, New York","Private","NAICS 814 Private households","County, NAICS 3-digit -- by ownership sector","All establishment sizes",8,11,11,12,29955,29955,1669,203,"",0.35,0.41,0.41,0.44,0.23,0.93,1.52,0.55,"",4,100.0,5,83.3,4,57.1,4,50.0,2848,10.5,10648,55.2,365,28.0,-95,-31.9
"36121","5","814","75","0","2016","4","","Wyoming County, New York","Private","NAICS 814 Private households","County, NAICS 3-digit -- by ownership sector","All establishment sizes",8,11,11,8,22131,20995,1033,170,"",0.35,0.39,0.41,0.30,0.17,0.84,1.28,0.47,"N",4,100.0,0,0,0,0,0,0,0,0,0,0,0,0,0,0
"36121","5","8141","76","0","2016","1","","Wyoming County, New York","Private","NAICS 8141 Private households","County, NAICS 4-digit -- by ownership sector","All establishment sizes",6,6,7,7,30935,23352,1171,357,"",0.27,0.23,0.26,0.26,0.26,0.23,0.39,1.06,"N",0,0.0,0,0,0,0,0,0,0,0,0,0,0,0,0,0
"36121","5","8141","76","0","2016","2","","Wyoming County, New York","Private","NAICS 8141 Private households","County, NAICS 4-digit -- by ownership sector","All establishment sizes",7,7,7,9,20997,20997,899,211,"",0.31,0.25,0.25,0.32,0.16,0.37,0.46,0.58,"",2,40.0,3,75.0,0,0.0,2,28.6,5228,33.2,5228,33.2,38,4.4,9,4.5
"36121","5","8141","76","0","2016","3","","Wyoming County, New York","Private","NAICS 8141 Private households","County, NAICS 4-digit -- by ownership sector","All establishment sizes",8,11,11,12,29955,29955,1669,203,"",0.35,0.41,0.41,0.44,0.23,0.93,1.52,0.55,"",4,100.0,5,83.3,4,57.1,4,50.0,2848,10.5,10648,55.2,365,28.0,-95,-31.9
"36121","5","8141","76","0","2016","4","","Wyoming County, New York","Private","NAICS 8141 Private households","County, NAICS 4-digit -- by ownership sector","All establishment sizes",8,11,11,8,22131,20995,1033,170,"",0.35,0.39,0.41,0.30,0.17,0.84,1.28,0.47,"N",4,100.0,0,0,0,0,0,0,0,0,0,0,0,0,0,0
"36121","5","81411","77","0","2016","1","","Wyoming County, New York","Private","NAICS 81411 Private households","County, NAICS 5-digit -- by ownership sector","All establishment sizes",6,6,7,7,30935,23352,1171,357,"",0.27,0.23,0.26,0.26,0.26,0.23,0.39,1.06,"N",0,0.0,0,0,0,0,0,0,0,0,0,0,0,0,0,0
"36121","5","81411","77","0","2016","2","","Wyoming County, New York","Private","NAICS 81411 Private households","County, NAICS 5-digit -- by ownership sector","All establishment sizes",7,7,7,9,20997,20997,899,211,"",0.31,0.25,0.25,0.32,0.16,0.37,0.46,0.58,"",2,40.0,3,75.0,0,0.0,2,28.6,5228,33.2,5228,33.2,38,4.4,9,4.5
"36121","5","81411","77","0","2016","3","","Wyoming County, New York","Private","NAICS 81411 Private households","County, NAICS 5-digit -- by ownership sector","All establishment sizes",8,11,11,12,29955,29955,1669,203,"",0.35,0.41,0.41,0.44,0.23,0.93,1.52,0.55,"",4,100.0,5,83.3,4,57.1,4,50.0,2848,10.5,10648,55.2,365,28.0,-95,-31.9
"36121","5","81411","77","0","2016","4","","Wyoming County, New York","Private","NAICS 81411 Private households","County, NAICS 5-digit -- by ownership sector","All establishment sizes",8,11,11,8,22131,20995,1033,170,"",0.35,0.39,0.41,0.30,0.17,0.84,1.28,0.47,"N",4,100.0,0,0,0,0,0,0,0,0,0,0,0,0,0,0
"36121","5","814110","78","0","2016","1","","Wyoming County, New York","Private","NAICS 814110 Private households","County, NAICS 6-digit -- by ownership sector","All establishment sizes",6,6,7,7,30935,23352,1171,357,"",0.27,0.23,0.26,0.26,0.26,0.23,0.39,1.06,"N",0,0.0,0,0,0,0,0,0,0,0,0,0,0,0,0,0
"36121","5","814110","78","0","2016","2","","Wyoming County, New York","Private","NAICS 814110 Private households","County, NAICS 6-digit -- by ownership sector","All establishment sizes",7,7,7,9,20997,20997,899,211,"",0.31,0.25,0.25,0.32,0.16,0.37,0.46,0.58,"",2,40.0,3,75.0,0,0.0,2,28.6,5228,33.2,5228,33.2,38,4.4,9,4.5
"36121","5","814110","78","0","2016","3","","Wyoming County, New York","Private","NAICS 814110 Private households","County, NAICS 6-digit -- by ownership sector","All establishment sizes",8,11,11,12,29955,29955,1669,203,"",0.35,0.41,0.41,0.44,0.23,0.93,1.52,0.55,"",4,100.0,5,83.3,4,57.1,4,50.0,2848,10.5,10648,55.2,365,28.0,-95,-31.9
"36121","5","814110","78","0","2016","4","","Wyoming County, New York","Private","NAICS 814110 Private households","County, NAICS 6-digit -- by ownership sector","All establishment sizes",8,11,11,8,22131,20995,1033,170,"",0.35,0.39,0.41,0.30,0.17,0.84,1.28,0.47,"N",4,100.0,0,0,0,0,0,0,0,0,0,0,0,0,0,0
"36121","5","99","74","0","2016","1","","Wyoming County, New York","Private","NAICS 99 Unclassified","County, NAICS Sector -- by ownership sector","All establishment sizes",21,24,26,24,170176,164018,4183,531,"",1.11,1.09,1.13,1.01,0.82,1.35,0.82,0.76,"",0,0.0,9,60.0,5,23.8,7,41.2,12468,7.9,39316,31.5,-2867,-40.7,-156,-22.7
"36121","5","99","74","0","2016","2","","Wyoming County, New York","Private","NAICS 99 Unclassified","County, NAICS Sector -- by ownership sector","All establishment sizes",24,20,38,29,158978,108177,5090,422,"",1.21,0.89,1.58,1.16,0.71,1.73,1.52,0.58,"",2,9.1,1,5.3,13,52.0,3,11.5,-1366,-0.9,9370,9.5,1085,27.1,-107,-20.2
"36121","5","99","74","0","2016","3","","Wyoming County, New York","Private","NAICS 99 Unclassified","County, NAICS Sector -- by ownership sector","All establishment sizes",25,21,20,24,90667,46231,1767,322,"",1.09,0.76,0.71,0.81,0.36,0.92,0.67,0.47,"",1,4.2,-14,-40.0,-12,-37.5,-6,-20.0,-87888,-49.2,-1696,-3.5,-172,-8.9,-103,-24.2
"36121","5","99","74","0","2016","4","","Wyoming County, New York","Private","NAICS 99 Unclassified","County, NAICS Sector -- by ownership sector","All establishment sizes",29,30,28,22,110256,54854,2104,318,"",1.25,1.05,0.98,0.76,0.34,1.23,0.97,0.36,"",-1,-3.3,7,30.4,5,21.7,5,29.4,-22500,-16.9,-3256,-5.6,-194,-8.4,-168,-34.6
"36121","5","999","75","0","2016","1","","Wyoming County, New York","Private","NAICS 999 Unclassified","County, NAICS 3-digit -- by ownership sector","All establishment sizes",21,24,26,24,170176,164018,4183,531,"",1.11,1.09,1.13,1.01,0.82,1.35,0.82,0.76,"",0,0.0,9,60.0,5,23.8,7,41.2,12468,7.9,39316,31.5,-2867,-40.7,-156,-22.7
"36121","5","999","75","0","2016","2","","Wyoming County, New York","Private","NAICS 999 Unclassified","County, NAICS 3-digit -- by ownership sector","All establishment sizes",24,20,38,29,158978,108177,5090,422,"",1.21,0.89,1.58,1.16,0.71,1.73,1.52,0.58,"",2,9.1,1,5.3,13,52.0,3,11.5,-1366,-0.9,9370,9.5,1085,27.1,-107,-20.2
"36121","5","999","75","0","2016","3","","Wyoming County, New York","Private","NAICS 999 Unclassified","County, NAICS 3-digit -- by ownership sector","All establishment sizes",25,21,20,24,90667,46231,1767,322,"",1.09,0.76,0.71,0.81,0.36,0.92,0.67,0.47,"",1,4.2,-14,-40.0,-12,-37.5,-6,-20.0,-87888,-49.2,-1696,-3.5,-172,-8.9,-103,-24.2
"36121","5","999","75","0","2016","4","","Wyoming County, New York","Private","NAICS 999 Unclassified","County, NAICS 3-digit -- by ownership sector","All establishment sizes",29,30,28,22,110256,54854,2104,318,"",1.25,1.05,0.98,0.76,0.34,1.23,0.97,0.36,"",-1,-3.3,7,30.4,5,21.7,5,29.4,-22500,-16.9,-3256,-5.6,-194,-8.4,-168,-34.6
"36121","5","9999","76","0","2016","1","","Wyoming County, New York","Private","NAICS 9999 Unclassified","County, NAICS 4-digit -- by ownership sector","All establishment sizes",21,24,26,24,170176,164018,4183,531,"",1.11,1.09,1.13,1.01,0.82,1.35,0.82,0.76,"",0,0.0,9,60.0,5,23.8,7,41.2,12468,7.9,39316,31.5,-2867,-40.7,-156,-22.7
"36121","5","9999","76","0","2016","2","","Wyoming County, New York","Private","NAICS 9999 Unclassified","County, NAICS 4-digit -- by ownership sector","All establishment sizes",24,20,38,29,158978,108177,5090,422,"",1.21,0.89,1.58,1.16,0.71,1.73,1.52,0.58,"",2,9.1,1,5.3,13,52.0,3,11.5,-1366,-0.9,9370,9.5,1085,27.1,-107,-20.2
"36121","5","9999","76","0","2016","3","","Wyoming County, New York","Private","NAICS 9999 Unclassified","County, NAICS 4-digit -- by ownership sector","All establishment sizes",25,21,20,24,90667,46231,1767,322,"",1.09,0.76,0.71,0.81,0.36,0.92,0.67,0.47,"",1,4.2,-14,-40.0,-12,-37.5,-6,-20.0,-87888,-49.2,-1696,-3.5,-172,-8.9,-103,-24.2
"36121","5","9999","76","0","2016","4","","Wyoming County, New York","Private","NAICS 9999 Unclassified","County, NAICS 4-digit -- by ownership sector","All establishment sizes",29,30,28,22,110256,54854,2104,318,"",1.25,1.05,0.98,0.76,0.34,1.23,0.97,0.36,"",-1,-3.3,7,30.4,5,21.7,5,29.4,-22500,-16.9,-3256,-5.6,-194,-8.4,-168,-34.6
"36121","5","99999","77","0","2016","1","","Wyoming County, New York","Private","NAICS 99999 Unclassified","County, NAICS 5-digit -- by ownership sector","All establishment sizes",21,24,26,24,170176,164018,4183,531,"",1.11,1.09,1.13,1.01,0.82,1.35,0.82,0.76,"",0,0.0,9,60.0,5,23.8,7,41.2,12468,7.9,39316,31.5,-2867,-40.7,-156,-22.7
"36121","5","99999","77","0","2016","2","","Wyoming County, New York","Private","NAICS 99999 Unclassified","County, NAICS 5-digit -- by ownership sector","All establishment sizes",24,20,38,29,158978,108177,5090,422,"",1.21,0.89,1.58,1.16,0.71,1.73,1.52,0.58,"",2,9.1,1,5.3,13,52.0,3,11.5,-1366,-0.9,9370,9.5,1085,27.1,-107,-20.2
"36121","5","99999","77","0","2016","3","","Wyoming County, New York","Private","NAICS 99999 Unclassified","County, NAICS 5-digit -- by ownership sector","All establishment sizes",25,21,20,24,90667,46231,1767,322,"",1.09,0.76,0.71,0.81,0.36,0.92,0.67,0.47,"",1,4.2,-14,-40.0,-12,-37.5,-6,-20.0,-87888,-49.2,-1696,-3.5,-172,-8.9,-103,-24.2
"36121","5","99999","77","0","2016","4","","Wyoming County, New York","Private","NAICS 99999 Unclassified","County, NAICS 5-digit -- by ownership sector","All establishment sizes",29,30,28,22,110256,54854,2104,318,"",1.25,1.05,0.98,0.76,0.34,1.23,0.97,0.36,"",-1,-3.3,7,30.4,5,21.7,5,29.4,-22500,-16.9,-3256,-5.6,-194,-8.4,-168,-34.6
"36121","5","999999","78","0","2016","1","","Wyoming County, New York","Private","NAICS 999999 Unclassified","County, NAICS 6-digit -- by ownership sector","All establishment sizes",21,24,26,24,170176,164018,4183,531,"",1.11,1.09,1.13,1.01,0.82,1.35,0.82,0.76,"",0,0.0,9,60.0,5,23.8,7,41.2,12468,7.9,39316,31.5,-2867,-40.7,-156,-22.7
"36121","5","999999","78","0","2016","2","","Wyoming County, New York","Private","NAICS 999999 Unclassified","County, NAICS 6-digit -- by ownership sector","All establishment sizes",24,20,38,29,158978,108177,5090,422,"",1.21,0.89,1.58,1.16,0.71,1.73,1.52,0.58,"",2,9.1,1,5.3,13,52.0,3,11.5,-1366,-0.9,9370,9.5,1085,27.1,-107,-20.2
"36121","5","999999","78","0","2016","3","","Wyoming County, New York","Private","NAICS 999999 Unclassified","County, NAICS 6-digit -- by ownership sector","All establishment sizes",25,21,20,24,90667,46231,1767,322,"",1.09,0.76,0.71,0.81,0.36,0.92,0.67,0.47,"",1,4.2,-14,-40.0,-12,-37.5,-6,-20.0,-87888,-49.2,-1696,-3.5,-172,-8.9,-103,-24.2
"36121","5","999999","78","0","2016","4","","Wyoming County, New York","Private","NAICS 999999 Unclassified","County, NAICS 6-digit -- by ownership sector","All establishment sizes",29,30,28,22,110256,54854,2104,318,"",1.25,1.05,0.98,0.76,0.34,1.23,0.97,0.36,"",-1,-3.3,7,30.4,5,21.7,5,29.4,-22500,-16.9,-3256,-5.6,-194,-8.4,-168,-34.6
