"area_fips","own_code","industry_code","agglvl_code","size_code","year","qtr","disclosure_code","area_title","own_title","industry_title","agglvl_title","size_title","qtrly_estabs_count","month1_emplvl","month2_emplvl","month3_emplvl","total_qtrly_wages","taxable_qtrly_wages","qtrly_contributions","avg_wkly_wage","lq_disclosure_code","lq_qtrly_estabs_count","lq_month1_emplvl","lq_month2_emplvl","lq_month3_emplvl","lq_total_qtrly_wages","lq_taxable_qtrly_wages","lq_qtrly_contributions","lq_avg_wkly_wage","oty_disclosure_code","oty_qtrly_estabs_count_chg","oty_qtrly_estabs_count_pct_chg","oty_month1_emplvl_chg","oty_month1_emplvl_pct_chg","oty_month2_emplvl_chg","oty_month2_emplvl_pct_chg","oty_month3_emplvl_chg","oty_month3_emplvl_pct_chg","oty_total_qtrly_wages_chg","oty_total_qtrly_wages_pct_chg","oty_taxable_qtrly_wages_chg","oty_taxable_qtrly_wages_pct_chg","oty_qtrly_contributions_chg","oty_qtrly_contributions_pct_chg","oty_avg_wkly_wage_chg","oty_avg_wkly_wage_pct_chg"
"51159","0","10","70","0","2016","1","","Richmond County, Virginia","Total Covered","10 Total, all industries","County, Total Covered","All establishment sizes",228,2782,2828,2857,24937776,10455254,143148,680,"",1.00,1.00,1.00,1.00,1.00,1.00,1.00,1.00,"",16,7.5,91,3.4,129,4.8,107,3.9,759413,3.1,894322,9.4,-14958,-9.5,-5,-0.7
"51159","0","10","70","0","2016","2","","Richmond County, Virginia","Total Covered","10 Total, all industries","County, Total Covered","All establishment sizes",227,2886,2871,2925,26259401,3399592,51168,698,"",1.00,1.00,1.00,1.00,1.00,1.00,1.00,1.00,"",6,2.7,79,2.8,-24,-0.8,36,1.2,199845,0.8,105893,3.2,-14671,-22.3,-2,-0.3
"51159","0","10","70","0","2016","3","","Richmond County, Virginia","Total Covered","10 Total, all industries","County, Total Covered","All establishment sizes",227,2725,2905,2886,27040270,2082811,34269,733,"",1.00,1.00,1.00,1.00,1.00,1.00,1.00,1.00,"",6,2.7,32,1.2,146,5.3,85,3.0,3054069,12.7,244559,13.3,-1500,-4.2,62,9.2
"51159","0","10","70","0","2016","4","","Richmond County, Virginia","Total Covered","10 Total, all industries","County, Total Covered","All establishment sizes",219,2898,2873,2895,27305765,1585978,27211,727,"",1.00,1.00,1.00,1.00,1.00,1.00,1.00,1.00,"",-9,-3.9,83,2.9,17,0.6,7,0.2,270911,1.0,-20197,-1.3,-4194,-13.4,-2,-0.3
"51159","1","10","71","0","2016","1","","Richmond County, Virginia","Federal Government","10 Total, all industries","County, Total -- by ownership sector","All establishment sizes",7,27,30,25,357610,0,0,1006,"",4.88,0.49,0.54,0.44,0.50,0.00,0.00,1.03,"",0,0.0,-4,-12.9,4,15.4,-1,-3.8,-61159,-14.6,0,0.0,0,0.0,-158,-13.6
"51159","1","10","71","0","2016","2","","Richmond County, Virginia","Federal Government","10 Total, all industries","County, Total -- by ownership sector","All establishment sizes",7,26,24,26,296076,0,0,899,"",4.94,0.46,0.43,0.45,0.41,0.00,0.00,0.92,"",0,0.0,-5,-16.1,-6,-20.0,-5,-16.1,-78690,-21.0,0,0.0,0,0.0,-41,-4.4
"51159","1","10","71","0","2016","3","","Richmond County, Virginia","Federal Government","10 Total, all industries","County, Total -- by ownership sector","All establishment sizes",7,26,27,28,398837,0,0,1136,"",4.99,0.48,0.47,0.49,0.48,0.00,0.00,0.99,"",0,0.0,-5,-16.1,-2,-6.9,-1,-3.4,4052,1.0,0,0.0,0,0.0,112,10.9
"51159","1","10","71","0","2016","4","","Richmond County, Virginia","Federal Government","10 Total, all industries","County, Total -- by ownership sector","All establishment sizes",7,30,27,24,346012,0,0,986,"",5.20,0.53,0.48,0.42,0.45,0.00,0.00,0.94,"",0,0.0,5,20.0,3,12.5,-3,-11.1,16257,4.9,0,0.0,0,0.0,-15,-1.5
"51159","1","102","72","0","2016","1","","Richmond County, Virginia","Federal Government","102 Service-providing","County, by Domain -- by ownership sector","All establishment sizes",7,27,30,25,357610,0,0,1006,"",4.89,0.50,0.55,0.45,0.51,0.00,0.00,1.03,"",0,0.0,-4,-12.9,4,15.4,-1,-3.8,-61159,-14.6,0,0.0,0,0.0,-158,-13.6
"51159","1","102","72","0","2016","2","","Richmond County, Virginia","Federal Government","102 Service-providing","County, by Domain -- by ownership sector","All establishment sizes",7,26,24,26,296076,0,0,899,"",4.95,0.47,0.44,0.46,0.42,0.00,0.00,0.92,"",0,0.0,-5,-16.1,-6,-20.0,-5,-16.1,-78690,-21.0,0,0.0,0,0.0,-41,-4.4
"51159","1","102","72","0","2016","3","","Richmond County, Virginia","Federal Government","102 Service-providing","County, by Domain -- by ownership sector","All establishment sizes",7,26,27,28,398837,0,0,1136,"",5.00,0.49,0.48,0.50,0.48,0.00,0.00,0.99,"",0,0.0,-5,-16.1,-2,-6.9,-1,-3.4,4052,1.0,0,0.0,0,0.0,112,10.9
"51159","1","102","72","0","2016","4","","Richmond County, Virginia","Federal Government","102 Service-providing","County, by Domain -- by ownership sector","All establishment sizes",7,30,27,24,346012,0,0,986,"",5.22,0.54,0.49,0.43,0.46,0.00,0.00,0.94,"",0,0.0,5,20.0,3,12.5,-3,-11.1,16257,4.9,0,0.0,0,0.0,-15,-1.5
"51159","1","1021","73","0","2016","1","","Richmond County, Virginia","Federal Government","1021 Trade, transportation, and utilities","County, by Supersector -- by ownership sector","All establishment sizes",4,15,17,16,170832,0,0,821,"",5.58,1.12,1.24,1.16,1.38,0.00,0.00,1.18,"",0,0.0,-1,-6.2,3,21.4,2,14.3,-31652,-15.6,0,0.0,0,0.0,-241,-22.7
"51159","1","1021","73","0","2016","2","","Richmond County, Virginia","Federal Government","1021 Trade, transportation, and utilities","County, by Supersector -- by ownership sector","All establishment sizes",4,17,16,16,160010,0,0,754,"",5.65,1.24,1.17,1.15,1.22,0.00,0.00,1.03,"",0,0.0,-2,-10.5,-1,-5.9,-2,-11.1,-19586,-10.9,0,0.0,0,0.0,-14,-1.8
"51159","1","1021","73","0","2016","3","","Richmond County, Virginia","Federal Government","1021 Trade, transportation, and utilities","County, by Supersector -- by ownership sector","All establishment sizes",4,16,17,18,198086,0,0,896,"",5.71,1.22,1.22,1.31,1.31,0.00,0.00,1.05,"",0,0.0,-3,-15.8,0,0.0,1,5.9,-2979,-1.5,0,0.0,0,0.0,21,2.4
"51159","1","1021","73","0","2016","4","","Richmond County, Virginia","Federal Government","1021 Trade, transportation, and utilities","County, by Supersector -- by ownership sector","All establishment sizes",4,16,17,14,199485,0,0,979,"",5.96,1.16,1.25,0.98,1.28,0.00,0.00,1.13,"",0,0.0,1,6.7,2,13.3,-2,-12.5,1358,0.7,0,0.0,0,0.0,-15,-1.5
"51159","1","1028","73","0","2016","1","","Richmond County, Virginia","Federal Government","1028 Public administration","County, by Supersector -- by ownership sector","All establishment sizes",3,12,13,9,186778,0,0,1268,"",5.13,0.40,0.43,0.29,0.42,0.00,0.00,1.13,"",0,0.0,-3,-20.0,1,8.3,-3,-25.0,-29507,-13.6,0,0.0,0,0.0,-12,-0.9
"51159","1","1028","73","0","2016","2","","Richmond County, Virginia","Federal Government","1028 Public administration","County, by Supersector -- by ownership sector","All establishment sizes",3,9,8,10,136066,0,0,1163,"",5.21,0.29,0.26,0.32,0.31,0.00,0.00,1.06,"",0,0.0,-3,-25.0,-5,-38.5,-3,-23.1,-59104,-30.3,0,0.0,0,0.0,-22,-1.9
"51159","1","1028","73","0","2016","3","","Richmond County, Virginia","Federal Government","1028 Public administration","County, by Supersector -- by ownership sector","All establishment sizes",3,10,10,10,200751,0,0,1544,"",5.24,0.34,0.32,0.32,0.39,0.00,0.00,1.19,"",0,0.0,-2,-16.7,-2,-16.7,-2,-16.7,7031,3.6,0,0.0,0,0.0,302,24.3
"51159","1","1028","73","0","2016","4","","Richmond County, Virginia","Federal Government","1028 Public administration","County, by Supersector -- by ownership sector","All establishment sizes",3,14,10,10,146527,0,0,995,"",5.48,0.46,0.33,0.32,0.32,0.00,0.00,0.87,"",0,0.0,4,40.0,1,11.1,-1,-9.1,14899,11.3,0,0.0,0,0.0,-18,-1.8
"51159","1","48-49","74","0","2016","1","","Richmond County, Virginia","Federal Government","NAICS 48-49 Transportation and warehousing","County, NAICS Sector -- by ownership sector","All establishment sizes",4,15,17,16,170832,0,0,821,"",5.74,1.23,1.36,1.27,1.49,0.00,0.00,1.16,"",0,0.0,-1,-6.2,3,21.4,2,14.3,-31652,-15.6,0,0.0,0,0.0,-241,-22.7
"51159","1","48-49","74","0","2016","2","","Richmond County, Virginia","Federal Government","NAICS 48-49 Transportation and warehousing","County, NAICS Sector -- by ownership sector","All establishment sizes",4,17,16,16,160010,0,0,754,"",5.81,1.36,1.28,1.26,1.32,0.00,0.00,1.02,"",0,0.0,-2,-10.5,-1,-5.9,-2,-11.1,-19586,-10.9,0,0.0,0,0.0,-14,-1.8
"51159","1","48-49","74","0","2016","3","","Richmond County, Virginia","Federal Government","NAICS 48-49 Transportation and warehousing","County, NAICS Sector -- by ownership sector","All establishment sizes",4,16,17,18,198086,0,0,896,"",5.88,1.34,1.34,1.43,1.40,0.00,0.00,1.02,"",0,0.0,-3,-15.8,0,0.0,1,5.9,-2979,-1.5,0,0.0,0,0.0,21,2.4
"51159","1","48-49","74","0","2016","4","","Richmond County, Virginia","Federal Government","NAICS 48-49 Transportation and warehousing","County, NAICS Sector -- by ownership sector","All establishment sizes",4,16,17,14,199485,0,0,979,"",6.13,1.27,1.36,1.07,1.38,0.00,0.00,1.12,"",0,0.0,1,6.7,2,13.3,-2,-12.5,1358,0.7,0,0.0,0,0.0,-15,-1.5
"51159","1","491","75","0","2016","1","","Richmond County, Virginia","Federal Government","NAICS 491 Postal service","County, NAICS 3-digit -- by ownership sector","All establishment sizes",4,15,17,16,170832,0,0,821,"",5.79,1.26,1.39,1.30,1.57,0.00,0.00,1.19,"",0,0.0,-1,-6.2,3,21.4,2,14.3,-31652,-15.6,0,0.0,0,0.0,-241,-22.7
"51159","1","491","75","0","2016","2","","Richmond County, Virginia","Federal Government","NAICS 491 Postal service","County, NAICS 3-digit -- by ownership sector","All establishment sizes",4,17,16,16,160010,0,0,754,"",5.86,1.39,1.31,1.28,1.38,0.00,0.00,1.04,"",0,0.0,-2,-10.5,-1,-5.9,-2,-11.1,-19586,-10.9,0,0.0,0,0.0,-14,-1.8
"51159","1","491","75","0","2016","3","","Richmond County, Virginia","Federal Government","NAICS 491 Postal service","County, NAICS 3-digit -- by ownership sector","All establishment sizes",4,16,17,18,198086,0,0,896,"",5.92,1.37,1.36,1.46,1.47,0.00,0.00,1.05,"",0,0.0,-3,-15.8,0,0.0,1,5.9,-2979,-1.5,0,0.0,0,0.0,21,2.4
"51159","1","491","75","0","2016","4","","Richmond County, Virginia","Federal Government","NAICS 491 Postal service","County, NAICS 3-digit -- by ownership sector","All establishment sizes",4,16,17,14,199485,0,0,979,"",6.18,1.30,1.39,1.09,1.43,0.00,0.00,1.13,"",0,0.0,1,6.7,2,13.3,-2,-12.5,1358,0.7,0,0.0,0,0.0,-15,-1.5
"51159","1","4911","76","0","2016","1","","Richmond County, Virginia","Federal Government","NAICS 4911 Postal service","County, NAICS 4-digit -- by ownership sector","All establishment sizes",4,15,17,16,170832,0,0,821,"",5.79,1.26,1.39,1.30,1.57,0.00,0.00,1.19,"",0,0.0,-1,-6.2,3,21.4,2,14.3,-31652,-15.6,0,0.0,0,0.0,-241,-22.7
"51159","1","4911","76","0","2016","2","","Richmond County, Virginia","Federal Government","NAICS 4911 Postal service","County, NAICS 4-digit -- by ownership sector","All establishment sizes",4,17,16,16,160010,0,0,754,"",5.86,1.39,1.31,1.28,1.38,0.00,0.00,1.04,"",0,0.0,-2,-10.5,-1,-5.9,-2,-11.1,-19586,-10.9,0,0.0,0,0.0,-14,-1.8
"51159","1","4911","76","0","2016","3","","Richmond County, Virginia","Federal Government","NAICS 4911 Postal service","County, NAICS 4-digit -- by ownership sector","All establishment sizes",4,16,17,18,198086,0,0,896,"",5.92,1.37,1.36,1.46,1.47,0.00,0.00,1.05,"",0,0.0,-3,-15.8,0,0.0,1,5.9,-2979,-1.5,0,0.0,0,0.0,21,2.4
"51159","1","4911","76","0","2016","4","","Richmond County, Virginia","Federal Government","NAICS 4911 Postal service","County, NAICS 4-digit -- by ownership sector","All establishment sizes",4,16,17,14,199485,0,0,979,"",6.18,1.30,1.39,1.09,1.43,0.00,0.00,1.13,"",0,0.0,1,6.7,2,13.3,-2,-12.5,1358,0.7,0,0.0,0,0.0,-15,-1.5
"51159","1","49111","77","0","2016","1","","Richmond County, Virginia","Federal Government","NAICS 49111 Postal service","County, NAICS 5-digit -- by ownership sector","All establishment sizes",4,15,17,16,170832,0,0,821,"",5.79,1.26,1.39,1.30,1.57,0.00,0.00,1.19,"",0,0.0,-1,-6.2,3,21.4,2,14.3,-31652,-15.6,0,0.0,0,0.0,-241,-22.7
"51159","1","49111","77","0","2016","2","","Richmond County, Virginia","Federal Government","NAICS 49111 Postal service","County, NAICS 5-digit -- by ownership sector","All establishment sizes",4,17,16,16,160010,0,0,754,"",5.86,1.39,1.31,1.28,1.38,0.00,0.00,1.04,"",0,0.0,-2,-10.5,-1,-5.9,-2,-11.1,-19586,-10.9,0,0.0,0,0.0,-14,-1.8
"51159","1","49111","77","0","2016","3","","Richmond County, Virginia","Federal Government","NAICS 49111 Postal service","County, NAICS 5-digit -- by ownership sector","All establishment sizes",4,16,17,18,198086,0,0,896,"",5.92,1.37,1.36,1.46,1.47,0.00,0.00,1.05,"",0,0.0,-3,-15.8,0,0.0,1,5.9,-2979,-1.5,0,0.0,0,0.0,21,2.4
"51159","1","49111","77","0","2016","4","","Richmond County, Virginia","Federal Government","NAICS 49111 Postal service","County, NAICS 5-digit -- by ownership sector","All establishment sizes",4,16,17,14,199485,0,0,979,"",6.18,1.30,1.39,1.09,1.43,0.00,0.00,1.13,"",0,0.0,1,6.7,2,13.3,-2,-12.5,1358,0.7,0,0.0,0,0.0,-15,-1.5
"51159","1","491110","78","0","2016","1","","Richmond County, Virginia","Federal Government","NAICS 491110 Postal service","County, NAICS 6-digit -- by ownership sector","All establishment sizes",4,15,17,16,170832,0,0,821,"",5.79,1.26,1.39,1.30,1.57,0.00,0.00,1.19,"",0,0.0,-1,-6.2,3,21.4,2,14.3,-31652,-15.6,0,0.0,0,0.0,-241,-22.7
"51159","1","491110","78","0","2016","2","","Richmond County, Virginia","Federal Government","NAICS 491110 Postal service","County, NAICS 6-digit -- by ownership sector","All establishment sizes",4,17,16,16,160010,0,0,754,"",5.86,1.39,1.31,1.28,1.38,0.00,0.00,1.04,"",0,0.0,-2,-10.5,-1,-5.9,-2,-11.1,-19586,-10.9,0,0.0,0,0.0,-14,-1.8
"51159","1","491110","78","0","2016","3","","Richmond County, Virginia","Federal Government","NAICS 491110 Postal service","County, NAICS 6-digit -- by ownership sector","All establishment sizes",4,16,17,18,198086,0,0,896,"",5.92,1.37,1.36,1.46,1.47,0.00,0.00,1.05,"",0,0.0,-3,-15.8,0,0.0,1,5.9,-2979,-1.5,0,0.0,0,0.0,21,2.4
"51159","1","491110","78","0","2016","4","","Richmond County, Virginia","Federal Government","NAICS 491110 Postal service","County, NAICS 6-digit -- by ownership sector","All establishment sizes",4,16,17,14,199485,0,0,979,"",6.18,1.30,1.39,1.09,1.43,0.00,0.00,1.13,"",0,0.0,1,6.7,2,13.3,-2,-12.5,1358,0.7,0,0.0,0,0.0,-15,-1.5
"51159","1","92","74","0","2016","1","","Richmond County, Virginia","Federal Government","NAICS 92 Public administration","County, NAICS Sector -- by ownership sector","All establishment sizes",3,12,13,9,186778,0,0,1268,"",5.13,0.40,0.43,0.29,0.42,0.00,0.00,1.13,"",0,0.0,-3,-20.0,1,8.3,-3,-25.0,-29507,-13.6,0,0.0,0,0.0,-12,-0.9
"51159","1","92","74","0","2016","2","","Richmond County, Virginia","Federal Government","NAICS 92 Public administration","County, NAICS Sector -- by ownership sector","All establishment sizes",3,9,8,10,136066,0,0,1163,"",5.21,0.29,0.26,0.32,0.31,0.00,0.00,1.06,"",0,0.0,-3,-25.0,-5,-38.5,-3,-23.1,-59104,-30.3,0,0.0,0,0.0,-22,-1.9
"51159","1","92","74","0","2016","3","","Richmond County, Virginia","Federal Government","NAICS 92 Public administration","County, NAICS Sector -- by ownership sector","All establishment sizes",3,10,10,10,200751,0,0,1544,"",5.24,0.34,0.32,0.32,0.39,0.00,0.00,1.19,"",0,0.0,-2,-16.7,-2,-16.7,-2,-16.7,7031,3.6,0,0.0,0,0.0,302,24.3
"51159","1","92","74","0","2016","4","","Richmond County, Virginia","Federal Government","NAICS 92 Public administration","County, NAICS Sector -- by ownership sector","All establishment sizes",3,14,10,10,146527,0,0,995,"",5.48,0.46,0.33,0.32,0.32,0.00,0.00,0.87,"",0,0.0,4,40.0,1,11.1,-1,-9.1,14899,11.3,0,0.0,0,0.0,-18,-1.8
"51159","1","924","75","0","2016","1","","Richmond County, Virginia","Federal Government","NAICS 924 Administration of environmental programs","County, NAICS 3-digit -- by ownership sector","All establishment sizes",3,12,13,9,186778,0,0,1268,"",22.67,6.47,7.02,4.78,7.13,0.00,0.00,1.17,"",0,0.0,-3,-20.0,1,8.3,-3,-25.0,-29507,-13.6,0,0.0,0,0.0,-12,-0.9
"51159","1","924","75","0","2016","2","","Richmond County, Virginia","Federal Government","NAICS 924 Administration of environmental programs","County, NAICS 3-digit -- by ownership sector","All establishment sizes",3,9,8,10,136066,0,0,1163,"",22.95,4.63,4.00,4.56,5.26,0.00,0.00,1.19,"",0,0.0,-3,-25.0,-5,-38.5,-3,-23.1,-59104,-30.3,0,0.0,0,0.0,-22,-1.9
"51159","1","924","75","0","2016","3","","Richmond County, Virginia","Federal Government","NAICS 924 Administration of environmental programs","County, NAICS 3-digit -- by ownership sector","All establishment sizes",3,10,10,10,200751,0,0,1544,"",23.20,4.80,4.56,4.73,5.97,0.00,0.00,1.27,"",0,0.0,-2,-16.7,-2,-16.7,-2,-16.7,7031,3.6,0,0.0,0,0.0,302,24.3
"51159","1","924","75","0","2016","4","","Richmond County, Virginia","Federal Government","NAICS 924 Administration of environmental programs","County, NAICS 3-digit -- by ownership sector","All establishment sizes",3,14,10,10,146527,0,0,995,"",24.31,6.87,5.14,5.16,5.79,0.00,0.00,1.01,"",0,0.0,4,40.0,1,11.1,-1,-9.1,14899,11.3,0,0.0,0,0.0,-18,-1.8
"51159","1","9241","76","0","2016","1","","Richmond County, Virginia","Federal Government","NAICS 9241 Administration of environmental programs","County, NAICS 4-digit -- by ownership sector","All establishment sizes",3,12,13,9,186778,0,0,1268,"",22.67,6.47,7.02,4.78,7.13,0.00,0.00,1.17,"",0,0.0,-3,-20.0,1,8.3,-3,-25.0,-29507,-13.6,0,0.0,0,0.0,-12,-0.9
"51159","1","9241","76","0","2016","2","","Richmond County, Virginia","Federal Government","NAICS 9241 Administration of environmental programs","County, NAICS 4-digit -- by ownership sector","All establishment sizes",3,9,8,10,136066,0,0,1163,"",22.95,4.63,4.00,4.56,5.26,0.00,0.00,1.19,"",0,0.0,-3,-25.0,-5,-38.5,-3,-23.1,-59104,-30.3,0,0.0,0,0.0,-22,-1.9
"51159","1","9241","76","0","2016","3","","Richmond County, Virginia","Federal Government","NAICS 9241 Administration of environmental programs","County, NAICS 4-digit -- by ownership sector","All establishment sizes",3,10,10,10,200751,0,0,1544,"",23.20,4.80,4.56,4.73,5.97,0.00,0.00,1.27,"",0,0.0,-2,-16.7,-2,-16.7,-2,-16.7,7031,3.6,0,0.0,0,0.0,302,24.3
"51159","1","9241","76","0","2016","4","","Richmond County, Virginia","Federal Government","NAICS 9241 Administration of environmental programs","County, NAICS 4-digit -- by ownership sector","All establishment sizes",3,14,10,10,146527,0,0,995,"",24.31,6.87,5.14,5.16,5.79,0.00,0.00,1.01,"",0,0.0,4,40.0,1,11.1,-1,-9.1,14899,11.3,0,0.0,0,0.0,-18,-1.8
"51159","1","92412","77","0","2016","1","","Richmond County, Virginia","Federal Government","NAICS 92412 Administration of conservation programs","County, NAICS 5-digit -- by ownership sector","All establishment sizes",3,12,13,9,186778,0,0,1268,"",23.83,7.94,8.64,5.89,9.56,0.00,0.00,1.28,"",0,0.0,-3,-20.0,1,8.3,-3,-25.0,-29507,-13.6,0,0.0,0,0.0,-12,-0.9
"51159","1","92412","77","0","2016","2","","Richmond County, Virginia","Federal Government","NAICS 92412 Administration of conservation programs","County, NAICS 5-digit -- by ownership sector","All establishment sizes",3,9,8,10,136066,0,0,1163,"",24.13,5.64,4.84,5.44,6.97,0.00,0.00,1.31,"",0,0.0,-3,-25.0,-5,-38.5,-3,-23.1,-59104,-30.3,0,0.0,0,0.0,-22,-1.9
"51159","1","92412","77","0","2016","3","","Richmond County, Virginia","Federal Government","NAICS 92412 Administration of conservation programs","County, NAICS 5-digit -- by ownership sector","All establishment sizes",3,10,10,10,200751,0,0,1544,"",24.40,5.72,5.44,5.68,7.69,0.00,0.00,1.37,"",0,0.0,-2,-16.7,-2,-16.7,-2,-16.7,7031,3.6,0,0.0,0,0.0,302,24.3
"51159","1","92412","77","0","2016","4","","Richmond County, Virginia","Federal Government","NAICS 92412 Administration of conservation programs","County, NAICS 5-digit -- by ownership sector","All establishment sizes",3,14,10,10,146527,0,0,995,"",25.55,8.30,6.25,6.31,7.60,0.00,0.00,1.09,"",0,0.0,4,40.0,1,11.1,-1,-9.1,14899,11.3,0,0.0,0,0.0,-18,-1.8
"51159","1","924120","78","0","2016","1","","Richmond County, Virginia","Federal Government","NAICS 924120 Administration of conservation programs","County, NAICS 6-digit -- by ownership sector","All establishment sizes",3,12,13,9,186778,0,0,1268,"",23.83,7.94,8.64,5.89,9.56,0.00,0.00,1.28,"",0,0.0,-3,-20.0,1,8.3,-3,-25.0,-29507,-13.6,0,0.0,0,0.0,-12,-0.9
"51159","1","924120","78","0","2016","2","","Richmond County, Virginia","Federal Government","NAICS 924120 Administration of conservation programs","County, NAICS 6-digit -- by ownership sector","All establishment sizes",3,9,8,10,136066,0,0,1163,"",24.13,5.64,4.84,5.44,6.97,0.00,0.00,1.31,"",0,0.0,-3,-25.0,-5,-38.5,-3,-23.1,-59104,-30.3,0,0.0,0,0.0,-22,-1.9
"51159","1","924120","78","0","2016","3","","Richmond County, Virginia","Federal Government","NAICS 924120 Administration of conservation programs","County, NAICS 6-digit -- by ownership sector","All establishment sizes",3,10,10,10,200751,0,0,1544,"",24.40,5.72,5.44,5.68,7.69,0.00,0.00,1.37,"",0,0.0,-2,-16.7,-2,-16.7,-2,-16.7,7031,3.6,0,0.0,0,0.0,302,24.3
"51159","1","924120","78","0","2016","4","","Richmond County, Virginia","Federal Government","NAICS 924120 Administration of conservation programs","County, NAICS 6-digit -- by ownership sector","All establishment sizes",3,14,10,10,146527,0,0,995,"",25.55,8.30,6.25,6.31,7.60,0.00,0.00,1.09,"",0,0.0,4,40.0,1,11.1,-1,-9.1,14899,11.3,0,0.0,0,0.0,-18,-1.8
"51159","2","10","71","0","2016","1","","Richmond County, Virginia","State Government","10 Total, all industries","County, Total -- by ownership sector","All establishment sizes",19,601,604,600,5888749,0,0,753,"",11.57,6.68,6.50,6.41,7.08,0.00,0.00,1.08,"",-1,-5.0,-4,-0.7,1,0.2,-6,-1.0,525993,9.8,0,0.0,0,0.0,71,10.4
"51159","2","10","71","0","2016","2","","Richmond County, Virginia","State Government","10 Total, all industries","County, Total -- by ownership sector","All establishment sizes",18,608,597,601,5829908,0,0,745,"",11.09,6.48,6.46,6.50,6.25,0.00,0.00,0.96,"",-2,-10.0,4,0.7,-2,-0.3,-9,-1.5,351587,6.4,0,0.0,0,0.0,48,6.9
"51159","2","10","71","0","2016","3","","Richmond County, Virginia","State Government","10 Total, all industries","County, Total -- by ownership sector","All establishment sizes",18,603,601,604,5730917,0,0,731,"",11.18,6.94,6.52,6.48,5.97,0.00,0.00,0.90,"",-2,-10.0,-5,-0.8,-8,-1.3,-5,-0.8,20380,0.4,0,0.0,0,0.0,9,1.2
"51159","2","10","71","0","2016","4","","Richmond County, Virginia","State Government","10 Total, all industries","County, Total -- by ownership sector","All establishment sizes",19,596,592,604,5798130,0,0,747,"",12.30,6.39,6.41,6.51,6.41,0.00,0.00,1.00,"",0,0.0,-13,-2.1,-20,-3.3,-11,-1.8,-63547,-1.1,0,0.0,0,0.0,10,1.4
"51159","2","101","72","0","2016","1","N","Richmond County, Virginia","State Government","101 Goods-producing","County, by Domain -- by ownership sector","All establishment sizes",1,0,0,0,0,0,0,0,"N",21.41,0,0,0,0,0,0,0,"N",0,0.0,0,0,0,0,0,0,0,0,0,0,0,0,0,0
"51159","2","101","72","0","2016","2","N","Richmond County, Virginia","State Government","101 Goods-producing","County, by Domain -- by ownership sector","All establishment sizes",1,0,0,0,0,0,0,0,"N",21.77,0,0,0,0,0,0,0,"N",0,0.0,0,0,0,0,0,0,0,0,0,0,0,0,0,0
"51159","2","101","72","0","2016","3","N","Richmond County, Virginia","State Government","101 Goods-producing","County, by Domain -- by ownership sector","All establishment sizes",1,0,0,0,0,0,0,0,"N",21.97,0,0,0,0,0,0,0,"N",0,0.0,0,0,0,0,0,0,0,0,0,0,0,0,0,0
"51159","2","101","72","0","2016","4","N","Richmond County, Virginia","State Government","101 Goods-producing","County, by Domain -- by ownership sector","All establishment sizes",1,0,0,0,0,0,0,0,"N",23.04,0,0,0,0,0,0,0,"N",0,0.0,0,0,0,0,0,0,0,0,0,0,0,0,0,0
"51159","2","1012","73","0","2016","1","N","Richmond County, Virginia","State Government","1012 Construction","County, by Supersector -- by ownership sector","All establishment sizes",1,0,0,0,0,0,0,0,"N",23.43,0,0,0,0,0,0,0,"N",0,0.0,0,0,0,0,0,0,0,0,0,0,0,0,0,0
"51159","2","1012","73","0","2016","2","N","Richmond County, Virginia","State Government","1012 Construction","County, by Supersector -- by ownership sector","All establishment sizes",1,0,0,0,0,0,0,0,"N",23.79,0,0,0,0,0,0,0,"N",0,0.0,0,0,0,0,0,0,0,0,0,0,0,0,0,0
"51159","2","1012","73","0","2016","3","N","Richmond County, Virginia","State Government","1012 Construction","County, by Supersector -- by ownership sector","All establishment sizes",1,0,0,0,0,0,0,0,"N",23.99,0,0,0,0,0,0,0,"N",0,0.0,0,0,0,0,0,0,0,0,0,0,0,0,0,0
"51159","2","1012","73","0","2016","4","N","Richmond County, Virginia","State Government","1012 Construction","County, by Supersector -- by ownership sector","All establishment sizes",1,0,0,0,0,0,0,0,"N",25.17,0,0,0,0,0,0,0,"N",0,0.0,0,0,0,0,0,0,0,0,0,0,0,0,0,0
"51159","2","102","72","0","2016","1","N","Richmond County, Virginia","State Government","102 Service-providing","County, by Domain -- by ownership sector","All establishment sizes",18,0,0,0,0,0,0,0,"N",11.28,0,0,0,0,0,0,0,"N",-1,-5.3,0,0,0,0,0,0,0,0,0,0,0,0,0,0
"51159","2","102","72","0","2016","2","N","Richmond County, Virginia","State Government","102 Service-providing","County, by Domain -- by ownership sector","All establishment sizes",17,0,0,0,0,0,0,0,"N",10.78,0,0,0,0,0,0,0,"N",-2,-10.5,0,0,0,0,0,0,0,0,0,0,0,0,0,0
"51159","2","102","72","0","2016","3","N","Richmond County, Virginia","State Government","102 Service-providing","County, by Domain -- by ownership sector","All establishment sizes",17,0,0,0,0,0,0,0,"N",10.87,0,0,0,0,0,0,0,"N",-2,-10.5,0,0,0,0,0,0,0,0,0,0,0,0,0,0
"51159","2","102","72","0","2016","4","N","Richmond County, Virginia","State Government","102 Service-providing","County, by Domain -- by ownership sector","All establishment sizes",18,0,0,0,0,0,0,0,"N",11.99,0,0,0,0,0,0,0,"N",0,0.0,0,0,0,0,0,0,0,0,0,0,0,0,0,0
"51159","2","1025","73","0","2016","1","N","Richmond County, Virginia","State Government","1025 Education and health services","County, by Supersector -- by ownership sector","All establishment sizes",3,0,0,0,0,0,0,0,"N",8.65,0,0,0,0,0,0,0,"N",0,0.0,0,0,0,0,0,0,0,0,0,0,0,0,0,0
"51159","2","1025","73","0","2016","2","N","Richmond County, Virginia","State Government","1025 Education and health services","County, by Supersector -- by ownership sector","All establishment sizes",3,0,0,0,0,0,0,0,"N",8.71,0,0,0,0,0,0,0,"N",0,0.0,0,0,0,0,0,0,0,0,0,0,0,0,0,0
"51159","2","1025","73","0","2016","3","N","Richmond County, Virginia","State Government","1025 Education and health services","County, by Supersector -- by ownership sector","All establishment sizes",3,0,0,0,0,0,0,0,"N",8.78,0,0,0,0,0,0,0,"N",0,0.0,0,0,0,0,0,0,0,0,0,0,0,0,0,0
"51159","2","1025","73","0","2016","4","N","Richmond County, Virginia","State Government","1025 Education and health services","County, by Supersector -- by ownership sector","All establishment sizes",3,0,0,0,0,0,0,0,"N",9.30,0,0,0,0,0,0,0,"N",0,0.0,0,0,0,0,0,0,0,0,0,0,0,0,0,0
"51159","2","1028","73","0","2016","1","","Richmond County, Virginia","State Government","1028 Public administration","County, by Supersector -- by ownership sector","All establishment sizes",15,407,412,406,4312840,0,0,812,"",12.93,11.44,11.43,11.18,13.29,0.00,0.00,1.17,"",-1,-6.2,4,1.0,8,2.0,-2,-0.5,389709,9.9,0,0.0,0,0.0,67,9.0
"51159","2","1028","73","0","2016","2","","Richmond County, Virginia","State Government","1028 Public administration","County, by Supersector -- by ownership sector","All establishment sizes",14,410,400,402,4211881,0,0,802,"",12.22,11.27,11.09,10.89,11.57,0.00,0.00,1.04,"",-2,-12.5,11,2.8,1,0.3,-3,-0.7,264493,6.7,0,0.0,0,0.0,45,5.9
"51159","2","1028","73","0","2016","3","","Richmond County, Virginia","State Government","1028 Public administration","County, by Supersector -- by ownership sector","All establishment sizes",14,404,406,397,4107230,0,0,785,"",12.31,11.62,11.03,10.99,11.02,0.00,0.00,0.98,"",-2,-12.5,3,0.7,1,0.2,-1,-0.3,-34379,-0.8,0,0.0,0,0.0,-9,-1.1
"51159","2","1028","73","0","2016","4","","Richmond County, Virginia","State Government","1028 Public administration","County, by Supersector -- by ownership sector","All establishment sizes",15,400,398,405,4171286,0,0,800,"",13.68,11.10,11.18,11.28,11.73,0.00,0.00,1.05,"",0,0.0,-7,-1.7,-13,-3.2,-7,-1.7,-106149,-2.5,0,0.0,0,0.0,-3,-0.4
"51159","2","23","74","0","2016","1","N","Richmond County, Virginia","State Government","NAICS 23 Construction","County, NAICS Sector -- by ownership sector","All establishment sizes",1,0,0,0,0,0,0,0,"N",23.43,0,0,0,0,0,0,0,"N",0,0.0,0,0,0,0,0,0,0,0,0,0,0,0,0,0
"51159","2","23","74","0","2016","2","N","Richmond County, Virginia","State Government","NAICS 23 Construction","County, NAICS Sector -- by ownership sector","All establishment sizes",1,0,0,0,0,0,0,0,"N",23.79,0,0,0,0,0,0,0,"N",0,0.0,0,0,0,0,0,0,0,0,0,0,0,0,0,0
"51159","2","23","74","0","2016","3","N","Richmond County, Virginia","State Government","NAICS 23 Construction","County, NAICS Sector -- by ownership sector","All establishment sizes",1,0,0,0,0,0,0,0,"N",23.99,0,0,0,0,0,0,0,"N",0,0.0,0,0,0,0,0,0,0,0,0,0,0,0,0,0
"51159","2","23","74","0","2016","4","N","Richmond County, Virginia","State Government","NAICS 23 Construction","County, NAICS Sector -- by ownership sector","All establishment sizes",1,0,0,0,0,0,0,0,"N",25.17,0,0,0,0,0,0,0,"N",0,0.0,0,0,0,0,0,0,0,0,0,0,0,0,0,0
"51159","2","237","75","0","2016","1","N","Richmond County, Virginia","State Government","NAICS 237 Heavy and civil engineering construction","County, NAICS 3-digit -- by ownership sector","All establishment sizes",1,0,0,0,0,0,0,0,"N",23.49,0,0,0,0,0,0,0,"N",0,0.0,0,0,0,0,0,0,0,0,0,0,0,0,0,0
"51159","2","237","75","0","2016","2","N","Richmond County, Virginia","State Government","NAICS 237 Heavy and civil engineering construction","County, NAICS 3-digit -- by ownership sector","All establishment sizes",1,0,0,0,0,0,0,0,"N",23.84,0,0,0,0,0,0,0,"N",0,0.0,0,0,0,0,0,0,0,0,0,0,0,0,0,0
"51159","2","237","75","0","2016","3","N","Richmond County, Virginia","State Government","NAICS 237 Heavy and civil engineering construction","County, NAICS 3-digit -- by ownership sector","All establishment sizes",1,0,0,0,0,0,0,0,"N",24.04,0,0,0,0,0,0,0,"N",0,0.0,0,0,0,0,0,0,0,0,0,0,0,0,0,0
"51159","2","237","75","0","2016","4","N","Richmond County, Virginia","State Government","NAICS 237 Heavy and civil engineering construction","County, NAICS 3-digit -- by ownership sector","All establishment sizes",1,0,0,0,0,0,0,0,"N",25.23,0,0,0,0,0,0,0,"N",0,0.0,0,0,0,0,0,0,0,0,0,0,0,0,0,0
"51159","2","2373","76","0","2016","1","N","Richmond County, Virginia","State Government","NAICS 2373 Highway, street, and bridge construction","County, NAICS 4-digit -- by ownership sector","All establishment sizes",1,0,0,0,0,0,0,0,"N",23.53,0,0,0,0,0,0,0,"N",0,0.0,0,0,0,0,0,0,0,0,0,0,0,0,0,0
"51159","2","2373","76","0","2016","2","N","Richmond County, Virginia","State Government","NAICS 2373 Highway, street, and bridge construction","County, NAICS 4-digit -- by ownership sector","All establishment sizes",1,0,0,0,0,0,0,0,"N",23.90,0,0,0,0,0,0,0,"N",0,0.0,0,0,0,0,0,0,0,0,0,0,0,0,0,0
"51159","2","2373","76","0","2016","3","N","Richmond County, Virginia","State Government","NAICS 2373 Highway, street, and bridge construction","County, NAICS 4-digit -- by ownership sector","All establishment sizes",1,0,0,0,0,0,0,0,"N",24.10,0,0,0,0,0,0,0,"N",0,0.0,0,0,0,0,0,0,0,0,0,0,0,0,0,0
"51159","2","2373","76","0","2016","4","N","Richmond County, Virginia","State Government","NAICS 2373 Highway, street, and bridge construction","County, NAICS 4-digit -- by ownership sector","All establishment sizes",1,0,0,0,0,0,0,0,"N",25.28,0,0,0,0,0,0,0,"N",0,0.0,0,0,0,0,0,0,0,0,0,0,0,0,0,0
"51159","2","23731","77","0","2016","1","N","Richmond County, Virginia","State Government","NAICS 23731 Highway, street, and bridge construction","County, NAICS 5-digit -- by ownership sector","All establishment sizes",1,0,0,0,0,0,0,0,"N",23.53,0,0,0,0,0,0,0,"N",0,0.0,0,0,0,0,0,0,0,0,0,0,0,0,0,0
"51159","2","23731","77","0","2016","2","N","Richmond County, Virginia","State Government","NAICS 23731 Highway, street, and bridge construction","County, NAICS 5-digit -- by ownership sector","All establishment sizes",1,0,0,0,0,0,0,0,"N",23.90,0,0,0,0,0,0,0,"N",0,0.0,0,0,0,0,0,0,0,0,0,0,0,0,0,0
"51159","2","23731","77","0","2016","3","N","Richmond County, Virginia","State Government","NAICS 23731 Highway, street, and bridge construction","County, NAICS 5-digit -- by ownership sector","All establishment sizes",1,0,0,0,0,0,0,0,"N",24.10,0,0,0,0,0,0,0,"N",0,0.0,0,0,0,0,0,0,0,0,0,0,0,0,0,0
"51159","2","23731","77","0","2016","4","N","Richmond County, Virginia","State Government","NAICS 23731 Highway, street, and bridge construction","County, NAICS 5-digit -- by ownership sector","All establishment sizes",1,0,0,0,0,0,0,0,"N",25.28,0,0,0,0,0,0,0,"N",0,0.0,0,0,0,0,0,0,0,0,0,0,0,0,0,0
"51159","2","237310","78","0","2016","1","N","Richmond County, Virginia","State Government","NAICS 237310 Highway, street, and bridge construction","County, NAICS 6-digit -- by ownership sector","All establishment sizes",1,0,0,0,0,0,0,0,"N",23.53,0,0,0,0,0,0,0,"N",0,0.0,0,0,0,0,0,0,0,0,0,0,0,0,0,0
"51159","2","237310","78","0","2016","2","N","Richmond County, Virginia","State Government","NAICS 237310 Highway, street, and bridge construction","County, NAICS 6-digit -- by ownership sector","All establishment sizes",1,0,0,0,0,0,0,0,"N",23.90,0,0,0,0,0,0,0,"N",0,0.0,0,0,0,0,0,0,0,0,0,0,0,0,0,0
"51159","2","237310","78","0","2016","3","N","Richmond County, Virginia","State Government","NAICS 237310 Highway, street, and bridge construction","County, NAICS 6-digit -- by ownership sector","All establishment sizes",1,0,0,0,0,0,0,0,"N",24.10,0,0,0,0,0,0,0,"N",0,0.0,0,0,0,0,0,0,0,0,0,0,0,0,0,0
"51159","2","237310","78","0","2016","4","N","Richmond County, Virginia","State Government","NAICS 237310 Highway, street, and bridge construction","County, NAICS 6-digit -- by ownership sector","All establishment sizes",1,0,0,0,0,0,0,0,"N",25.28,0,0,0,0,0,0,0,"N",0,0.0,0,0,0,0,0,0,0,0,0,0,0,0,0,0
"51159","2","61","74","0","2016","1","N","Richmond County, Virginia","State Government","NAICS 61 Educational services","County, NAICS Sector -- by ownership sector","All establishment sizes",2,0,0,0,0,0,0,0,"N",10.87,0,0,0,0,0,0,0,"N",0,0.0,0,0,0,0,0,0,0,0,0,0,0,0,0,0
"51159","2","61","74","0","2016","2","N","Richmond County, Virginia","State Government","NAICS 61 Educational services","County, NAICS Sector -- by ownership sector","All establishment sizes",2,0,0,0,0,0,0,0,"N",10.89,0,0,0,0,0,0,0,"N",0,0.0,0,0,0,0,0,0,0,0,0,0,0,0,0,0
"51159","2","61","74","0","2016","3","N","Richmond County, Virginia","State Government","NAICS 61 Educational services","County, NAICS Sector -- by ownership sector","All establishment sizes",2,0,0,0,0,0,0,0,"N",11.02,0,0,0,0,0,0,0,"N",0,0.0,0,0,0,0,0,0,0,0,0,0,0,0,0,0
"51159","2","61","74","0","2016","4","N","Richmond County, Virginia","State Government","NAICS 61 Educational services","County, NAICS Sector -- by ownership sector","All establishment sizes",2,0,0,0,0,0,0,0,"N",11.62,0,0,0,0,0,0,0,"N",0,0.0,0,0,0,0,0,0,0,0,0,0,0,0,0,0
"51159","2","611","75","0","2016","1","N","Richmond County, Virginia","State Government","NAICS 611 Educational services","County, NAICS 3-digit -- by ownership sector","All establishment sizes",2,0,0,0,0,0,0,0,"N",10.87,0,0,0,0,0,0,0,"N",0,0.0,0,0,0,0,0,0,0,0,0,0,0,0,0,0
"51159","2","611","75","0","2016","2","N","Richmond County, Virginia","State Government","NAICS 611 Educational services","County, NAICS 3-digit -- by ownership sector","All establishment sizes",2,0,0,0,0,0,0,0,"N",10.89,0,0,0,0,0,0,0,"N",0,0.0,0,0,0,0,0,0,0,0,0,0,0,0,0,0
"51159","2","611","75","0","2016","3","N","Richmond County, Virginia","State Government","NAICS 611 Educational services","County, NAICS 3-digit -- by ownership sector","All establishment sizes",2,0,0,0,0,0,0,0,"N",11.02,0,0,0,0,0,0,0,"N",0,0.0,0,0,0,0,0,0,0,0,0,0,0,0,0,0
"51159","2","611","75","0","2016","4","N","Richmond County, Virginia","State Government","NAICS 611 Educational services","County, NAICS 3-digit -- by ownership sector","All establishment sizes",2,0,0,0,0,0,0,0,"N",11.62,0,0,0,0,0,0,0,"N",0,0.0,0,0,0,0,0,0,0,0,0,0,0,0,0,0
"51159","2","6112","76","0","2016","1","N","Richmond County, Virginia","State Government","NAICS 6112 Junior colleges","County, NAICS 4-digit -- by ownership sector","All establishment sizes",1,0,0,0,0,0,0,0,"N",55.92,0,0,0,0,0,0,0,"N",0,0.0,0,0,0,0,0,0,0,0,0,0,0,0,0,0
"51159","2","6112","76","0","2016","2","N","Richmond County, Virginia","State Government","NAICS 6112 Junior colleges","County, NAICS 4-digit -- by ownership sector","All establishment sizes",1,0,0,0,0,0,0,0,"N",56.32,0,0,0,0,0,0,0,"N",0,0.0,0,0,0,0,0,0,0,0,0,0,0,0,0,0
"51159","2","6112","76","0","2016","3","N","Richmond County, Virginia","State Government","NAICS 6112 Junior colleges","County, NAICS 4-digit -- by ownership sector","All establishment sizes",1,0,0,0,0,0,0,0,"N",56.86,0,0,0,0,0,0,0,"N",0,0.0,0,0,0,0,0,0,0,0,0,0,0,0,0,0
"51159","2","6112","76","0","2016","4","N","Richmond County, Virginia","State Government","NAICS 6112 Junior colleges","County, NAICS 4-digit -- by ownership sector","All establishment sizes",1,0,0,0,0,0,0,0,"N",58.98,0,0,0,0,0,0,0,"N",0,0.0,0,0,0,0,0,0,0,0,0,0,0,0,0,0
"51159","2","61121","77","0","2016","1","N","Richmond County, Virginia","State Government","NAICS 61121 Junior colleges","County, NAICS 5-digit -- by ownership sector","All establishment sizes",1,0,0,0,0,0,0,0,"N",55.92,0,0,0,0,0,0,0,"N",0,0.0,0,0,0,0,0,0,0,0,0,0,0,0,0,0
"51159","2","61121","77","0","2016","2","N","Richmond County, Virginia","State Government","NAICS 61121 Junior colleges","County, NAICS 5-digit -- by ownership sector","All establishment sizes",1,0,0,0,0,0,0,0,"N",56.32,0,0,0,0,0,0,0,"N",0,0.0,0,0,0,0,0,0,0,0,0,0,0,0,0,0
"51159","2","61121","77","0","2016","3","N","Richmond County, Virginia","State Government","NAICS 61121 Junior colleges","County, NAICS 5-digit -- by ownership sector","All establishment sizes",1,0,0,0,0,0,0,0,"N",56.86,0,0,0,0,0,0,0,"N",0,0.0,0,0,0,0,0,0,0,0,0,0,0,0,0,0
"51159","2","61121","77","0","2016","4","N","Richmond County, Virginia","State Government","NAICS 61121 Junior colleges","County, NAICS 5-digit -- by ownership sector","All establishment sizes",1,0,0,0,0,0,0,0,"N",58.98,0,0,0,0,0,0,0,"N",0,0.0,0,0,0,0,0,0,0,0,0,0,0,0,0,0
"51159","2","611210","78","0","2016","1","N","Richmond County, Virginia","State Government","NAICS 611210 Junior colleges","County, NAICS 6-digit -- by ownership sector","All establishment sizes",1,0,0,0,0,0,0,0,"N",55.92,0,0,0,0,0,0,0,"N",0,0.0,0,0,0,0,0,0,0,0,0,0,0,0,0,0
"51159","2","611210","78","0","2016","2","N","Richmond County, Virginia","State Government","NAICS 611210 Junior colleges","County, NAICS 6-digit -- by ownership sector","All establishment sizes",1,0,0,0,0,0,0,0,"N",56.32,0,0,0,0,0,0,0,"N",0,0.0,0,0,0,0,0,0,0,0,0,0,0,0,0,0
"51159","2","611210","78","0","2016","3","N","Richmond County, Virginia","State Government","NAICS 611210 Junior colleges","County, NAICS 6-digit -- by ownership sector","All establishment sizes",1,0,0,0,0,0,0,0,"N",56.86,0,0,0,0,0,0,0,"N",0,0.0,0,0,0,0,0,0,0,0,0,0,0,0,0,0
"51159","2","611210","78","0","2016","4","N","Richmond County, Virginia","State Government","NAICS 611210 Junior colleges","County, NAICS 6-digit -- by ownership sector","All establishment sizes",1,0,0,0,0,0,0,0,"N",58.98,0,0,0,0,0,0,0,"N",0,0.0,0,0,0,0,0,0,0,0,0,0,0,0,0,0
"51159","2","6113","76","0","2016","1","N","Richmond County, Virginia","State Government","NAICS 6113 Colleges and universities","County, NAICS 4-digit -- by ownership sector","All establishment sizes",1,0,0,0,0,0,0,0,"N",7.39,0,0,0,0,0,0,0,"N",0,0.0,0,0,0,0,0,0,0,0,0,0,0,0,0,0
"51159","2","6113","76","0","2016","2","N","Richmond County, Virginia","State Government","NAICS 6113 Colleges and universities","County, NAICS 4-digit -- by ownership sector","All establishment sizes",1,0,0,0,0,0,0,0,"N",7.38,0,0,0,0,0,0,0,"N",0,0.0,0,0,0,0,0,0,0,0,0,0,0,0,0,0
"51159","2","6113","76","0","2016","3","N","Richmond County, Virginia","State Government","NAICS 6113 Colleges and universities","County, NAICS 4-digit -- by ownership sector","All establishment sizes",1,0,0,0,0,0,0,0,"N",7.48,0,0,0,0,0,0,0,"N",0,0.0,0,0,0,0,0,0,0,0,0,0,0,0,0,0
"51159","2","6113","76","0","2016","4","N","Richmond County, Virginia","State Government","NAICS 6113 Colleges and universities","County, NAICS 4-digit -- by ownership sector","All establishment sizes",1,0,0,0,0,0,0,0,"N",7.93,0,0,0,0,0,0,0,"N",0,0.0,0,0,0,0,0,0,0,0,0,0,0,0,0,0
"51159","2","61131","77","0","2016","1","N","Richmond County, Virginia","State Government","NAICS 61131 Colleges and universities","County, NAICS 5-digit -- by ownership sector","All establishment sizes",1,0,0,0,0,0,0,0,"N",7.39,0,0,0,0,0,0,0,"N",0,0.0,0,0,0,0,0,0,0,0,0,0,0,0,0,0
"51159","2","61131","77","0","2016","2","N","Richmond County, Virginia","State Government","NAICS 61131 Colleges and universities","County, NAICS 5-digit -- by ownership sector","All establishment sizes",1,0,0,0,0,0,0,0,"N",7.38,0,0,0,0,0,0,0,"N",0,0.0,0,0,0,0,0,0,0,0,0,0,0,0,0,0
"51159","2","61131","77","0","2016","3","N","Richmond County, Virginia","State Government","NAICS 61131 Colleges and universities","County, NAICS 5-digit -- by ownership sector","All establishment sizes",1,0,0,0,0,0,0,0,"N",7.48,0,0,0,0,0,0,0,"N",0,0.0,0,0,0,0,0,0,0,0,0,0,0,0,0,0
"51159","2","61131","77","0","2016","4","N","Richmond County, Virginia","State Government","NAICS 61131 Colleges and universities","County, NAICS 5-digit -- by ownership sector","All establishment sizes",1,0,0,0,0,0,0,0,"N",7.93,0,0,0,0,0,0,0,"N",0,0.0,0,0,0,0,0,0,0,0,0,0,0,0,0,0
"51159","2","611310","78","0","2016","1","N","Richmond County, Virginia","State Government","NAICS 611310 Colleges and universities","County, NAICS 6-digit -- by ownership sector","All establishment sizes",1,0,0,0,0,0,0,0,"N",7.39,0,0,0,0,0,0,0,"N",0,0.0,0,0,0,0,0,0,0,0,0,0,0,0,0,0
"51159","2","611310","78","0","2016","2","N","Richmond County, Virginia","State Government","NAICS 611310 Colleges and universities","County, NAICS 6-digit -- by ownership sector","All establishment sizes",1,0,0,0,0,0,0,0,"N",7.38,0,0,0,0,0,0,0,"N",0,0.0,0,0,0,0,0,0,0,0,0,0,0,0,0,0
"51159","2","611310","78","0","2016","3","N","Richmond County, Virginia","State Government","NAICS 611310 Colleges and universities","County, NAICS 6-digit -- by ownership sector","All establishment sizes",1,0,0,0,0,0,0,0,"N",7.48,0,0,0,0,0,0,0,"N",0,0.0,0,0,0,0,0,0,0,0,0,0,0,0,0,0
"51159","2","611310","78","0","2016","4","N","Richmond County, Virginia","State Government","NAICS 611310 Colleges and universities","County, NAICS 6-digit -- by ownership sector","All establishment sizes",1,0,0,0,0,0,0,0,"N",7.93,0,0,0,0,0,0,0,"N",0,0.0,0,0,0,0,0,0,0,0,0,0,0,0,0,0
"51159","2","62","74","0","2016","1","N","Richmond County, Virginia","State Government","NAICS 62 Health care and social assistance","County, NAICS Sector -- by ownership sector","All establishment sizes",1,0,0,0,0,0,0,0,"N",6.14,0,0,0,0,0,0,0,"N",0,0.0,0,0,0,0,0,0,0,0,0,0,0,0,0,0
"51159","2","62","74","0","2016","2","N","Richmond County, Virginia","State Government","NAICS 62 Health care and social assistance","County, NAICS Sector -- by ownership sector","All establishment sizes",1,0,0,0,0,0,0,0,"N",6.22,0,0,0,0,0,0,0,"N",0,0.0,0,0,0,0,0,0,0,0,0,0,0,0,0,0
"51159","2","62","74","0","2016","3","N","Richmond County, Virginia","State Government","NAICS 62 Health care and social assistance","County, NAICS Sector -- by ownership sector","All establishment sizes",1,0,0,0,0,0,0,0,"N",6.24,0,0,0,0,0,0,0,"N",0,0.0,0,0,0,0,0,0,0,0,0,0,0,0,0,0
"51159","2","62","74","0","2016","4","N","Richmond County, Virginia","State Government","NAICS 62 Health care and social assistance","County, NAICS Sector -- by ownership sector","All establishment sizes",1,0,0,0,0,0,0,0,"N",6.64,0,0,0,0,0,0,0,"N",0,0.0,0,0,0,0,0,0,0,0,0,0,0,0,0,0
"51159","2","624","75","0","2016","1","N","Richmond County, Virginia","State Government","NAICS 624 Social assistance","County, NAICS 3-digit -- by ownership sector","All establishment sizes",1,0,0,0,0,0,0,0,"N",15.67,0,0,0,0,0,0,0,"N",0,0.0,0,0,0,0,0,0,0,0,0,0,0,0,0,0
"51159","2","624","75","0","2016","2","N","Richmond County, Virginia","State Government","NAICS 624 Social assistance","County, NAICS 3-digit -- by ownership sector","All establishment sizes",1,0,0,0,0,0,0,0,"N",15.87,0,0,0,0,0,0,0,"N",0,0.0,0,0,0,0,0,0,0,0,0,0,0,0,0,0
"51159","2","624","75","0","2016","3","N","Richmond County, Virginia","State Government","NAICS 624 Social assistance","County, NAICS 3-digit -- by ownership sector","All establishment sizes",1,0,0,0,0,0,0,0,"N",15.95,0,0,0,0,0,0,0,"N",0,0.0,0,0,0,0,0,0,0,0,0,0,0,0,0,0
"51159","2","624","75","0","2016","4","N","Richmond County, Virginia","State Government","NAICS 624 Social assistance","County, NAICS 3-digit -- by ownership sector","All establishment sizes",1,0,0,0,0,0,0,0,"N",17.13,0,0,0,0,0,0,0,"N",0,0.0,0,0,0,0,0,0,0,0,0,0,0,0,0,0
"51159","2","6243","76","0","2016","1","N","Richmond County, Virginia","State Government","NAICS 6243 Vocational rehabilitation services","County, NAICS 4-digit -- by ownership sector","All establishment sizes",1,0,0,0,0,0,0,0,"N",60.42,0,0,0,0,0,0,0,"N",0,0.0,0,0,0,0,0,0,0,0,0,0,0,0,0,0
"51159","2","6243","76","0","2016","2","N","Richmond County, Virginia","State Government","NAICS 6243 Vocational rehabilitation services","County, NAICS 4-digit -- by ownership sector","All establishment sizes",1,0,0,0,0,0,0,0,"N",61.61,0,0,0,0,0,0,0,"N",0,0.0,0,0,0,0,0,0,0,0,0,0,0,0,0,0
"51159","2","6243","76","0","2016","3","N","Richmond County, Virginia","State Government","NAICS 6243 Vocational rehabilitation services","County, NAICS 4-digit -- by ownership sector","All establishment sizes",1,0,0,0,0,0,0,0,"N",62.58,0,0,0,0,0,0,0,"N",0,0.0,0,0,0,0,0,0,0,0,0,0,0,0,0,0
"51159","2","6243","76","0","2016","4","N","Richmond County, Virginia","State Government","NAICS 6243 Vocational rehabilitation services","County, NAICS 4-digit -- by ownership sector","All establishment sizes",1,0,0,0,0,0,0,0,"N",65.42,0,0,0,0,0,0,0,"N",0,0.0,0,0,0,0,0,0,0,0,0,0,0,0,0,0
"51159","2","62431","77","0","2016","1","N","Richmond County, Virginia","State Government","NAICS 62431 Vocational rehabilitation services","County, NAICS 5-digit -- by ownership sector","All establishment sizes",1,0,0,0,0,0,0,0,"N",60.42,0,0,0,0,0,0,0,"N",0,0.0,0,0,0,0,0,0,0,0,0,0,0,0,0,0
"51159","2","62431","77","0","2016","2","N","Richmond County, Virginia","State Government","NAICS 62431 Vocational rehabilitation services","County, NAICS 5-digit -- by ownership sector","All establishment sizes",1,0,0,0,0,0,0,0,"N",61.61,0,0,0,0,0,0,0,"N",0,0.0,0,0,0,0,0,0,0,0,0,0,0,0,0,0
"51159","2","62431","77","0","2016","3","N","Richmond County, Virginia","State Government","NAICS 62431 Vocational rehabilitation services","County, NAICS 5-digit -- by ownership sector","All establishment sizes",1,0,0,0,0,0,0,0,"N",62.58,0,0,0,0,0,0,0,"N",0,0.0,0,0,0,0,0,0,0,0,0,0,0,0,0,0
"51159","2","62431","77","0","2016","4","N","Richmond County, Virginia","State Government","NAICS 62431 Vocational rehabilitation services","County, NAICS 5-digit -- by ownership sector","All establishment sizes",1,0,0,0,0,0,0,0,"N",65.42,0,0,0,0,0,0,0,"N",0,0.0,0,0,0,0,0,0,0,0,0,0,0,0,0,0
"51159","2","624310","78","0","2016","1","N","Richmond County, Virginia","State Government","NAICS 624310 Vocational rehabilitation services","County, NAICS 6-digit -- by ownership sector","All establishment sizes",1,0,0,0,0,0,0,0,"N",60.42,0,0,0,0,0,0,0,"N",0,0.0,0,0,0,0,0,0,0,0,0,0,0,0,0,0
"51159","2","624310","78","0","2016","2","N","Richmond County, Virginia","State Government","NAICS 624310 Vocational rehabilitation services","County, NAICS 6-digit -- by ownership sector","All establishment sizes",1,0,0,0,0,0,0,0,"N",61.61,0,0,0,0,0,0,0,"N",0,0.0,0,0,0,0,0,0,0,0,0,0,0,0,0,0
"51159","2","624310","78","0","2016","3","N","Richmond County, Virginia","State Government","NAICS 624310 Vocational rehabilitation services","County, NAICS 6-digit -- by ownership sector","All establishment sizes",1,0,0,0,0,0,0,0,"N",62.58,0,0,0,0,0,0,0,"N",0,0.0,0,0,0,0,0,0,0,0,0,0,0,0,0,0
"51159","2","624310","78","0","2016","4","N","Richmond County, Virginia","State Government","NAICS 624310 Vocational rehabilitation services","County, NAICS 6-digit -- by ownership sector","All establishment sizes",1,0,0,0,0,0,0,0,"N",65.42,0,0,0,0,0,0,0,"N",0,0.0,0,0,0,0,0,0,0,0,0,0,0,0,0,0
"51159","2","92","74","0","2016","1","","Richmond County, Virginia","State Government","NAICS 92 Public administration","County, NAICS Sector -- by ownership sector","All establishment sizes",15,407,412,406,4312840,0,0,812,"",12.93,11.44,11.43,11.18,13.29,0.00,0.00,1.17,"",-1,-6.2,4,1.0,8,2.0,-2,-0.5,389709,9.9,0,0.0,0,0.0,67,9.0
"51159","2","92","74","0","2016","2","","Richmond County, Virginia","State Government","NAICS 92 Public administration","County, NAICS Sector -- by ownership sector","All establishment sizes",14,410,400,402,4211881,0,0,802,"",12.22,11.27,11.09,10.89,11.57,0.00,0.00,1.04,"",-2,-12.5,11,2.8,1,0.3,-3,-0.7,264493,6.7,0,0.0,0,0.0,45,5.9
"51159","2","92","74","0","2016","3","","Richmond County, Virginia","State Government","NAICS 92 Public administration","County, NAICS Sector -- by ownership sector","All establishment sizes",14,404,406,397,4107230,0,0,785,"",12.31,11.62,11.03,10.99,11.02,0.00,0.00,0.98,"",-2,-12.5,3,0.7,1,0.2,-1,-0.3,-34379,-0.8,0,0.0,0,0.0,-9,-1.1
"51159","2","92","74","0","2016","4","","Richmond County, Virginia","State Government","NAICS 92 Public administration","County, NAICS Sector -- by ownership sector","All establishment sizes",15,400,398,405,4171286,0,0,800,"",13.68,11.10,11.18,11.28,11.73,0.00,0.00,1.05,"",0,0.0,-7,-1.7,-13,-3.2,-7,-1.7,-106149,-2.5,0,0.0,0,0.0,-3,-0.4
"51159","2","922","75","0","2016","1","","Richmond County, Virginia","State Government","NAICS 922 Justice, public order, and safety activities","County, NAICS 3-digit -- by ownership sector","All establishment sizes",9,383,389,383,4088243,0,0,817,"",26.96,26.95,27.04,26.44,31.54,0.00,0.00,1.18,"",0,0.0,7,1.9,11,2.9,1,0.3,405058,11.0,0,0.0,0,0.0,69,9.2
"51159","2","922","75","0","2016","2","","Richmond County, Virginia","State Government","NAICS 922 Justice, public order, and safety activities","County, NAICS 3-digit -- by ownership sector","All establishment sizes",9,393,383,385,4062844,0,0,808,"",27.24,27.11,26.74,26.46,28.01,0.00,0.00,1.05,"",0,0.0,19,5.1,9,2.4,5,1.3,332057,8.9,0,0.0,0,0.0,45,5.9
"51159","2","922","75","0","2016","3","","Richmond County, Virginia","State Government","NAICS 922 Justice, public order, and safety activities","County, NAICS 3-digit -- by ownership sector","All establishment sizes",9,388,390,381,3965319,0,0,790,"",27.29,28.25,26.77,26.56,26.59,0.00,0.00,0.98,"",0,0.0,13,3.5,10,2.6,9,2.4,65423,1.7,0,0.0,0,0.0,-9,-1.1
"51159","2","922","75","0","2016","4","","Richmond County, Virginia","State Government","NAICS 922 Justice, public order, and safety activities","County, NAICS 3-digit -- by ownership sector","All establishment sizes",10,384,382,389,4032418,0,0,806,"",31.41,26.78,26.95,27.09,28.33,0.00,0.00,1.05,"",1,11.1,4,1.1,-3,-0.8,3,0.8,-5957,-0.1,0,0.0,0,0.0,-4,-0.5
"51159","2","9221","76","0","2016","1","","Richmond County, Virginia","State Government","NAICS 9221 Justice, public order, and safety activities","County, NAICS 4-digit -- by ownership sector","All establishment sizes",9,383,389,383,4088243,0,0,817,"",26.96,26.95,27.04,26.44,31.54,0.00,0.00,1.18,"",0,0.0,7,1.9,11,2.9,1,0.3,405058,11.0,0,0.0,0,0.0,69,9.2
"51159","2","9221","76","0","2016","2","","Richmond County, Virginia","State Government","NAICS 9221 Justice, public order, and safety activities","County, NAICS 4-digit -- by ownership sector","All establishment sizes",9,393,383,385,4062844,0,0,808,"",27.24,27.11,26.74,26.46,28.01,0.00,0.00,1.05,"",0,0.0,19,5.1,9,2.4,5,1.3,332057,8.9,0,0.0,0,0.0,45,5.9
"51159","2","9221","76","0","2016","3","","Richmond County, Virginia","State Government","NAICS 9221 Justice, public order, and safety activities","County, NAICS 4-digit -- by ownership sector","All establishment sizes",9,388,390,381,3965319,0,0,790,"",27.29,28.25,26.77,26.56,26.59,0.00,0.00,0.98,"",0,0.0,13,3.5,10,2.6,9,2.4,65423,1.7,0,0.0,0,0.0,-9,-1.1
"51159","2","9221","76","0","2016","4","","Richmond County, Virginia","State Government","NAICS 9221 Justice, public order, and safety activities","County, NAICS 4-digit -- by ownership sector","All establishment sizes",10,384,382,389,4032418,0,0,806,"",31.41,26.78,26.95,27.09,28.33,0.00,0.00,1.05,"",1,11.1,4,1.1,-3,-0.8,3,0.8,-5957,-0.1,0,0.0,0,0.0,-4,-0.5
"51159","2","92211","77","0","2016","1","N","Richmond County, Virginia","State Government","NAICS 92211 Courts","County, NAICS 5-digit -- by ownership sector","All establishment sizes",1,0,0,0,0,0,0,0,"N",11.10,0,0,0,0,0,0,0,"N",0,0.0,0,0,0,0,0,0,0,0,0,0,0,0,0,0
"51159","2","92211","77","0","2016","2","N","Richmond County, Virginia","State Government","NAICS 92211 Courts","County, NAICS 5-digit -- by ownership sector","All establishment sizes",1,0,0,0,0,0,0,0,"N",11.23,0,0,0,0,0,0,0,"N",0,0.0,0,0,0,0,0,0,0,0,0,0,0,0,0,0
"51159","2","92211","77","0","2016","3","N","Richmond County, Virginia","State Government","NAICS 92211 Courts","County, NAICS 5-digit -- by ownership sector","All establishment sizes",1,0,0,0,0,0,0,0,"N",11.30,0,0,0,0,0,0,0,"N",0,0.0,0,0,0,0,0,0,0,0,0,0,0,0,0,0
"51159","2","92211","77","0","2016","4","N","Richmond County, Virginia","State Government","NAICS 92211 Courts","County, NAICS 5-digit -- by ownership sector","All establishment sizes",2,0,0,0,0,0,0,0,"N",23.58,0,0,0,0,0,0,0,"N",1,100.0,0,0,0,0,0,0,0,0,0,0,0,0,0,0
"51159","2","922110","78","0","2016","1","N","Richmond County, Virginia","State Government","NAICS 922110 Courts","County, NAICS 6-digit -- by ownership sector","All establishment sizes",1,0,0,0,0,0,0,0,"N",11.10,0,0,0,0,0,0,0,"N",0,0.0,0,0,0,0,0,0,0,0,0,0,0,0,0,0
"51159","2","922110","78","0","2016","2","N","Richmond County, Virginia","State Government","NAICS 922110 Courts","County, NAICS 6-digit -- by ownership sector","All establishment sizes",1,0,0,0,0,0,0,0,"N",11.23,0,0,0,0,0,0,0,"N",0,0.0,0,0,0,0,0,0,0,0,0,0,0,0,0,0
"51159","2","922110","78","0","2016","3","N","Richmond County, Virginia","State Government","NAICS 922110 Courts","County, NAICS 6-digit -- by ownership sector","All establishment sizes",1,0,0,0,0,0,0,0,"N",11.30,0,0,0,0,0,0,0,"N",0,0.0,0,0,0,0,0,0,0,0,0,0,0,0,0,0
"51159","2","922110","78","0","2016","4","N","Richmond County, Virginia","State Government","NAICS 922110 Courts","County, NAICS 6-digit -- by ownership sector","All establishment sizes",2,0,0,0,0,0,0,0,"N",23.58,0,0,0,0,0,0,0,"N",1,100.0,0,0,0,0,0,0,0,0,0,0,0,0,0,0
"51159","2","92212","77","0","2016","1","N","Richmond County, Virginia","State Government","NAICS 92212 Police protection","County, NAICS 5-digit -- by ownership sector","All establishment sizes",1,0,0,0,0,0,0,0,"N",16.32,0,0,0,0,0,0,0,"N",0,0.0,0,0,0,0,0,0,0,0,0,0,0,0,0,0
"51159","2","92212","77","0","2016","2","N","Richmond County, Virginia","State Government","NAICS 92212 Police protection","County, NAICS 5-digit -- by ownership sector","All establishment sizes",1,0,0,0,0,0,0,0,"N",16.60,0,0,0,0,0,0,0,"N",0,0.0,0,0,0,0,0,0,0,0,0,0,0,0,0,0
"51159","2","92212","77","0","2016","3","N","Richmond County, Virginia","State Government","NAICS 92212 Police protection","County, NAICS 5-digit -- by ownership sector","All establishment sizes",1,0,0,0,0,0,0,0,"N",16.75,0,0,0,0,0,0,0,"N",0,0.0,0,0,0,0,0,0,0,0,0,0,0,0,0,0
"51159","2","92212","77","0","2016","4","N","Richmond County, Virginia","State Government","NAICS 92212 Police protection","County, NAICS 5-digit -- by ownership sector","All establishment sizes",1,0,0,0,0,0,0,0,"N",17.50,0,0,0,0,0,0,0,"N",0,0.0,0,0,0,0,0,0,0,0,0,0,0,0,0,0
"51159","2","922120","78","0","2016","1","N","Richmond County, Virginia","State Government","NAICS 922120 Police protection","County, NAICS 6-digit -- by ownership sector","All establishment sizes",1,0,0,0,0,0,0,0,"N",16.32,0,0,0,0,0,0,0,"N",0,0.0,0,0,0,0,0,0,0,0,0,0,0,0,0,0
"51159","2","922120","78","0","2016","2","N","Richmond County, Virginia","State Government","NAICS 922120 Police protection","County, NAICS 6-digit -- by ownership sector","All establishment sizes",1,0,0,0,0,0,0,0,"N",16.60,0,0,0,0,0,0,0,"N",0,0.0,0,0,0,0,0,0,0,0,0,0,0,0,0,0
"51159","2","922120","78","0","2016","3","N","Richmond County, Virginia","State Government","NAICS 922120 Police protection","County, NAICS 6-digit -- by ownership sector","All establishment sizes",1,0,0,0,0,0,0,0,"N",16.75,0,0,0,0,0,0,0,"N",0,0.0,0,0,0,0,0,0,0,0,0,0,0,0,0,0
"51159","2","922120","78","0","2016","4","N","Richmond County, Virginia","State Government","NAICS 922120 Police protection","County, NAICS 6-digit -- by ownership sector","All establishment sizes",1,0,0,0,0,0,0,0,"N",17.50,0,0,0,0,0,0,0,"N",0,0.0,0,0,0,0,0,0,0,0,0,0,0,0,0,0
"51159","2","92213","77","0","2016","1","N","Richmond County, Virginia","State Government","NAICS 92213 Legal counsel and prosecution","County, NAICS 5-digit -- by ownership sector","All establishment sizes",1,0,0,0,0,0,0,0,"N",20.52,0,0,0,0,0,0,0,"N",0,0.0,0,0,0,0,0,0,0,0,0,0,0,0,0,0
"51159","2","92213","77","0","2016","2","N","Richmond County, Virginia","State Government","NAICS 92213 Legal counsel and prosecution","County, NAICS 5-digit -- by ownership sector","All establishment sizes",1,0,0,0,0,0,0,0,"N",20.78,0,0,0,0,0,0,0,"N",0,0.0,0,0,0,0,0,0,0,0,0,0,0,0,0,0
"51159","2","92213","77","0","2016","3","N","Richmond County, Virginia","State Government","NAICS 92213 Legal counsel and prosecution","County, NAICS 5-digit -- by ownership sector","All establishment sizes",1,0,0,0,0,0,0,0,"N",20.96,0,0,0,0,0,0,0,"N",0,0.0,0,0,0,0,0,0,0,0,0,0,0,0,0,0
"51159","2","92213","77","0","2016","4","N","Richmond County, Virginia","State Government","NAICS 92213 Legal counsel and prosecution","County, NAICS 5-digit -- by ownership sector","All establishment sizes",1,0,0,0,0,0,0,0,"N",21.68,0,0,0,0,0,0,0,"N",0,0.0,0,0,0,0,0,0,0,0,0,0,0,0,0,0
"51159","2","922130","78","0","2016","1","N","Richmond County, Virginia","State Government","NAICS 922130 Legal counsel and prosecution","County, NAICS 6-digit -- by ownership sector","All establishment sizes",1,0,0,0,0,0,0,0,"N",20.52,0,0,0,0,0,0,0,"N",0,0.0,0,0,0,0,0,0,0,0,0,0,0,0,0,0
"51159","2","922130","78","0","2016","2","N","Richmond County, Virginia","State Government","NAICS 922130 Legal counsel and prosecution","County, NAICS 6-digit -- by ownership sector","All establishment sizes",1,0,0,0,0,0,0,0,"N",20.78,0,0,0,0,0,0,0,"N",0,0.0,0,0,0,0,0,0,0,0,0,0,0,0,0,0
"51159","2","922130","78","0","2016","3","N","Richmond County, Virginia","State Government","NAICS 922130 Legal counsel and prosecution","County, NAICS 6-digit -- by ownership sector","All establishment sizes",1,0,0,0,0,0,0,0,"N",20.96,0,0,0,0,0,0,0,"N",0,0.0,0,0,0,0,0,0,0,0,0,0,0,0,0,0
"51159","2","922130","78","0","2016","4","N","Richmond County, Virginia","State Government","NAICS 922130 Legal counsel and prosecution","County, NAICS 6-digit -- by ownership sector","All establishment sizes",1,0,0,0,0,0,0,0,"N",21.68,0,0,0,0,0,0,0,"N",0,0.0,0,0,0,0,0,0,0,0,0,0,0,0,0,0
"51159","2","92214","77","0","2016","1","N","Richmond County, Virginia","State Government","NAICS 92214 Correctional institutions","County, NAICS 5-digit -- by ownership sector","All establishment sizes",5,0,0,0,0,0,0,0,"N",54.27,0,0,0,0,0,0,0,"N",0,0.0,0,0,0,0,0,0,0,0,0,0,0,0,0,0
"51159","2","92214","77","0","2016","2","N","Richmond County, Virginia","State Government","NAICS 92214 Correctional institutions","County, NAICS 5-digit -- by ownership sector","All establishment sizes",5,0,0,0,0,0,0,0,"N",54.57,0,0,0,0,0,0,0,"N",0,0.0,0,0,0,0,0,0,0,0,0,0,0,0,0,0
"51159","2","92214","77","0","2016","3","N","Richmond County, Virginia","State Government","NAICS 92214 Correctional institutions","County, NAICS 5-digit -- by ownership sector","All establishment sizes",5,0,0,0,0,0,0,0,"N",55.36,0,0,0,0,0,0,0,"N",0,0.0,0,0,0,0,0,0,0,0,0,0,0,0,0,0
"51159","2","92214","77","0","2016","4","N","Richmond County, Virginia","State Government","NAICS 92214 Correctional institutions","County, NAICS 5-digit -- by ownership sector","All establishment sizes",5,0,0,0,0,0,0,0,"N",56.44,0,0,0,0,0,0,0,"N",0,0.0,0,0,0,0,0,0,0,0,0,0,0,0,0,0
"51159","2","922140","78","0","2016","1","N","Richmond County, Virginia","State Government","NAICS 922140 Correctional institutions","County, NAICS 6-digit -- by ownership sector","All establishment sizes",5,0,0,0,0,0,0,0,"N",54.27,0,0,0,0,0,0,0,"N",0,0.0,0,0,0,0,0,0,0,0,0,0,0,0,0,0
"51159","2","922140","78","0","2016","2","N","Richmond County, Virginia","State Government","NAICS 922140 Correctional institutions","County, NAICS 6-digit -- by ownership sector","All establishment sizes",5,0,0,0,0,0,0,0,"N",54.57,0,0,0,0,0,0,0,"N",0,0.0,0,0,0,0,0,0,0,0,0,0,0,0,0,0
"51159","2","922140","78","0","2016","3","N","Richmond County, Virginia","State Government","NAICS 922140 Correctional institutions","County, NAICS 6-digit -- by ownership sector","All establishment sizes",5,0,0,0,0,0,0,0,"N",55.36,0,0,0,0,0,0,0,"N",0,0.0,0,0,0,0,0,0,0,0,0,0,0,0,0,0
"51159","2","922140","78","0","2016","4","N","Richmond County, Virginia","State Government","NAICS 922140 Correctional institutions","County, NAICS 6-digit -- by ownership sector","All establishment sizes",5,0,0,0,0,0,0,0,"N",56.44,0,0,0,0,0,0,0,"N",0,0.0,0,0,0,0,0,0,0,0,0,0,0,0,0,0
"51159","2","92215","77","0","2016","1","N","Richmond County, Virginia","State Government","NAICS 92215 Parole offices and probation offices","County, NAICS 5-digit -- by ownership sector","All establishment sizes",1,0,0,0,0,0,0,0,"N",47.58,0,0,0,0,0,0,0,"N",0,0.0,0,0,0,0,0,0,0,0,0,0,0,0,0,0
"51159","2","92215","77","0","2016","2","N","Richmond County, Virginia","State Government","NAICS 92215 Parole offices and probation offices","County, NAICS 5-digit -- by ownership sector","All establishment sizes",1,0,0,0,0,0,0,0,"N",48.28,0,0,0,0,0,0,0,"N",0,0.0,0,0,0,0,0,0,0,0,0,0,0,0,0,0
"51159","2","92215","77","0","2016","3","N","Richmond County, Virginia","State Government","NAICS 92215 Parole offices and probation offices","County, NAICS 5-digit -- by ownership sector","All establishment sizes",1,0,0,0,0,0,0,0,"N",43.16,0,0,0,0,0,0,0,"N",0,0.0,0,0,0,0,0,0,0,0,0,0,0,0,0,0
"51159","2","92215","77","0","2016","4","N","Richmond County, Virginia","State Government","NAICS 92215 Parole offices and probation offices","County, NAICS 5-digit -- by ownership sector","All establishment sizes",1,0,0,0,0,0,0,0,"N",45.66,0,0,0,0,0,0,0,"N",0,0.0,0,0,0,0,0,0,0,0,0,0,0,0,0,0
"51159","2","922150","78","0","2016","1","N","Richmond County, Virginia","State Government","NAICS 922150 Parole offices and probation offices","County, NAICS 6-digit -- by ownership sector","All establishment sizes",1,0,0,0,0,0,0,0,"N",47.58,0,0,0,0,0,0,0,"N",0,0.0,0,0,0,0,0,0,0,0,0,0,0,0,0,0
"51159","2","922150","78","0","2016","2","N","Richmond County, Virginia","State Government","NAICS 922150 Parole offices and probation offices","County, NAICS 6-digit -- by ownership sector","All establishment sizes",1,0,0,0,0,0,0,0,"N",48.28,0,0,0,0,0,0,0,"N",0,0.0,0,0,0,0,0,0,0,0,0,0,0,0,0,0
"51159","2","922150","78","0","2016","3","N","Richmond County, Virginia","State Government","NAICS 922150 Parole offices and probation offices","County, NAICS 6-digit -- by ownership sector","All establishment sizes",1,0,0,0,0,0,0,0,"N",43.16,0,0,0,0,0,0,0,"N",0,0.0,0,0,0,0,0,0,0,0,0,0,0,0,0,0
"51159","2","922150","78","0","2016","4","N","Richmond County, Virginia","State Government","NAICS 922150 Parole offices and probation offices","County, NAICS 6-digit -- by ownership sector","All establishment sizes",1,0,0,0,0,0,0,0,"N",45.66,0,0,0,0,0,0,0,"N",0,0.0,0,0,0,0,0,0,0,0,0,0,0,0,0,0
"51159","2","923","75","0","2016","1","N","Richmond County, Virginia","State Government","NAICS 923 Administration of human resource programs","County, NAICS 3-digit -- by ownership sector","All establishment sizes",2,0,0,0,0,0,0,0,"N",8.25,0,0,0,0,0,0,0,"N",-1,-33.3,0,0,0,0,0,0,0,0,0,0,0,0,0,0
"51159","2","923","75","0","2016","2","N","Richmond County, Virginia","State Government","NAICS 923 Administration of human resource programs","County, NAICS 3-digit -- by ownership sector","All establishment sizes",2,0,0,0,0,0,0,0,"N",8.33,0,0,0,0,0,0,0,"N",-1,-33.3,0,0,0,0,0,0,0,0,0,0,0,0,0,0
"51159","2","923","75","0","2016","3","N","Richmond County, Virginia","State Government","NAICS 923 Administration of human resource programs","County, NAICS 3-digit -- by ownership sector","All establishment sizes",2,0,0,0,0,0,0,0,"N",8.40,0,0,0,0,0,0,0,"N",-1,-33.3,0,0,0,0,0,0,0,0,0,0,0,0,0,0
"51159","2","923","75","0","2016","4","N","Richmond County, Virginia","State Government","NAICS 923 Administration of human resource programs","County, NAICS 3-digit -- by ownership sector","All establishment sizes",2,0,0,0,0,0,0,0,"N",8.68,0,0,0,0,0,0,0,"N",0,0.0,0,0,0,0,0,0,0,0,0,0,0,0,0,0
"51159","2","9231","76","0","2016","1","N","Richmond County, Virginia","State Government","NAICS 9231 Administration of human resource programs","County, NAICS 4-digit -- by ownership sector","All establishment sizes",2,0,0,0,0,0,0,0,"N",8.25,0,0,0,0,0,0,0,"N",-1,-33.3,0,0,0,0,0,0,0,0,0,0,0,0,0,0
"51159","2","9231","76","0","2016","2","N","Richmond County, Virginia","State Government","NAICS 9231 Administration of human resource programs","County, NAICS 4-digit -- by ownership sector","All establishment sizes",2,0,0,0,0,0,0,0,"N",8.33,0,0,0,0,0,0,0,"N",-1,-33.3,0,0,0,0,0,0,0,0,0,0,0,0,0,0
"51159","2","9231","76","0","2016","3","N","Richmond County, Virginia","State Government","NAICS 9231 Administration of human resource programs","County, NAICS 4-digit -- by ownership sector","All establishment sizes",2,0,0,0,0,0,0,0,"N",8.40,0,0,0,0,0,0,0,"N",-1,-33.3,0,0,0,0,0,0,0,0,0,0,0,0,0,0
"51159","2","9231","76","0","2016","4","N","Richmond County, Virginia","State Government","NAICS 9231 Administration of human resource programs","County, NAICS 4-digit -- by ownership sector","All establishment sizes",2,0,0,0,0,0,0,0,"N",8.68,0,0,0,0,0,0,0,"N",0,0.0,0,0,0,0,0,0,0,0,0,0,0,0,0,0
"51159","2","92312","77","0","2016","1","N","Richmond County, Virginia","State Government","NAICS 92312 Administration of public health programs","County, NAICS 5-digit -- by ownership sector","All establishment sizes",1,0,0,0,0,0,0,0,"N",12.89,0,0,0,0,0,0,0,"N",0,0.0,0,0,0,0,0,0,0,0,0,0,0,0,0,0
"51159","2","92312","77","0","2016","2","N","Richmond County, Virginia","State Government","NAICS 92312 Administration of public health programs","County, NAICS 5-digit -- by ownership sector","All establishment sizes",1,0,0,0,0,0,0,0,"N",13.07,0,0,0,0,0,0,0,"N",0,0.0,0,0,0,0,0,0,0,0,0,0,0,0,0,0
"51159","2","92312","77","0","2016","3","N","Richmond County, Virginia","State Government","NAICS 92312 Administration of public health programs","County, NAICS 5-digit -- by ownership sector","All establishment sizes",1,0,0,0,0,0,0,0,"N",13.33,0,0,0,0,0,0,0,"N",0,0.0,0,0,0,0,0,0,0,0,0,0,0,0,0,0
"51159","2","92312","77","0","2016","4","N","Richmond County, Virginia","State Government","NAICS 92312 Administration of public health programs","County, NAICS 5-digit -- by ownership sector","All establishment sizes",1,0,0,0,0,0,0,0,"N",13.61,0,0,0,0,0,0,0,"N",0,0.0,0,0,0,0,0,0,0,0,0,0,0,0,0,0
"51159","2","923120","78","0","2016","1","N","Richmond County, Virginia","State Government","NAICS 923120 Administration of public health programs","County, NAICS 6-digit -- by ownership sector","All establishment sizes",1,0,0,0,0,0,0,0,"N",12.89,0,0,0,0,0,0,0,"N",0,0.0,0,0,0,0,0,0,0,0,0,0,0,0,0,0
"51159","2","923120","78","0","2016","2","N","Richmond County, Virginia","State Government","NAICS 923120 Administration of public health programs","County, NAICS 6-digit -- by ownership sector","All establishment sizes",1,0,0,0,0,0,0,0,"N",13.07,0,0,0,0,0,0,0,"N",0,0.0,0,0,0,0,0,0,0,0,0,0,0,0,0,0
"51159","2","923120","78","0","2016","3","N","Richmond County, Virginia","State Government","NAICS 923120 Administration of public health programs","County, NAICS 6-digit -- by ownership sector","All establishment sizes",1,0,0,0,0,0,0,0,"N",13.33,0,0,0,0,0,0,0,"N",0,0.0,0,0,0,0,0,0,0,0,0,0,0,0,0,0
"51159","2","923120","78","0","2016","4","N","Richmond County, Virginia","State Government","NAICS 923120 Administration of public health programs","County, NAICS 6-digit -- by ownership sector","All establishment sizes",1,0,0,0,0,0,0,0,"N",13.61,0,0,0,0,0,0,0,"N",0,0.0,0,0,0,0,0,0,0,0,0,0,0,0,0,0
"51159","2","92313","77","0","2016","1","N","Richmond County, Virginia","State Government","NAICS 92313 Other human resource programs administration","County, NAICS 5-digit -- by ownership sector","All establishment sizes",1,0,0,0,0,0,0,0,"N",7.86,0,0,0,0,0,0,0,"N",0,0.0,0,0,0,0,0,0,0,0,0,0,0,0,0,0
"51159","2","92313","77","0","2016","2","N","Richmond County, Virginia","State Government","NAICS 92313 Other human resource programs administration","County, NAICS 5-digit -- by ownership sector","All establishment sizes",1,0,0,0,0,0,0,0,"N",7.94,0,0,0,0,0,0,0,"N",0,0.0,0,0,0,0,0,0,0,0,0,0,0,0,0,0
"51159","2","92313","77","0","2016","3","N","Richmond County, Virginia","State Government","NAICS 92313 Other human resource programs administration","County, NAICS 5-digit -- by ownership sector","All establishment sizes",1,0,0,0,0,0,0,0,"N",8.01,0,0,0,0,0,0,0,"N",0,0.0,0,0,0,0,0,0,0,0,0,0,0,0,0,0
"51159","2","92313","77","0","2016","4","N","Richmond County, Virginia","State Government","NAICS 92313 Other human resource programs administration","County, NAICS 5-digit -- by ownership sector","All establishment sizes",1,0,0,0,0,0,0,0,"N",8.31,0,0,0,0,0,0,0,"N",0,0.0,0,0,0,0,0,0,0,0,0,0,0,0,0,0
"51159","2","923130","78","0","2016","1","N","Richmond County, Virginia","State Government","NAICS 923130 Other human resource programs administration","County, NAICS 6-digit -- by ownership sector","All establishment sizes",1,0,0,0,0,0,0,0,"N",7.86,0,0,0,0,0,0,0,"N",0,0.0,0,0,0,0,0,0,0,0,0,0,0,0,0,0
"51159","2","923130","78","0","2016","2","N","Richmond County, Virginia","State Government","NAICS 923130 Other human resource programs administration","County, NAICS 6-digit -- by ownership sector","All establishment sizes",1,0,0,0,0,0,0,0,"N",7.94,0,0,0,0,0,0,0,"N",0,0.0,0,0,0,0,0,0,0,0,0,0,0,0,0,0
"51159","2","923130","78","0","2016","3","N","Richmond County, Virginia","State Government","NAICS 923130 Other human resource programs administration","County, NAICS 6-digit -- by ownership sector","All establishment sizes",1,0,0,0,0,0,0,0,"N",8.01,0,0,0,0,0,0,0,"N",0,0.0,0,0,0,0,0,0,0,0,0,0,0,0,0,0
"51159","2","923130","78","0","2016","4","N","Richmond County, Virginia","State Government","NAICS 923130 Other human resource programs administration","County, NAICS 6-digit -- by ownership sector","All establishment sizes",1,0,0,0,0,0,0,0,"N",8.31,0,0,0,0,0,0,0,"N",0,0.0,0,0,0,0,0,0,0,0,0,0,0,0,0,0
"51159","2","924","75","0","2016","1","N","Richmond County, Virginia","State Government","NAICS 924 Administration of environmental programs","County, NAICS 3-digit -- by ownership sector","All establishment sizes",1,0,0,0,0,0,0,0,"N",6.27,0,0,0,0,0,0,0,"N",0,0.0,0,0,0,0,0,0,0,0,0,0,0,0,0,0
"51159","2","924","75","0","2016","2","N","Richmond County, Virginia","State Government","NAICS 924 Administration of environmental programs","County, NAICS 3-digit -- by ownership sector","All establishment sizes",1,0,0,0,0,0,0,0,"N",6.29,0,0,0,0,0,0,0,"N",0,0.0,0,0,0,0,0,0,0,0,0,0,0,0,0,0
"51159","2","924","75","0","2016","3","N","Richmond County, Virginia","State Government","NAICS 924 Administration of environmental programs","County, NAICS 3-digit -- by ownership sector","All establishment sizes",1,0,0,0,0,0,0,0,"N",6.36,0,0,0,0,0,0,0,"N",0,0.0,0,0,0,0,0,0,0,0,0,0,0,0,0,0
"51159","2","924","75","0","2016","4","N","Richmond County, Virginia","State Government","NAICS 924 Administration of environmental programs","County, NAICS 3-digit -- by ownership sector","All establishment sizes",1,0,0,0,0,0,0,0,"N",6.60,0,0,0,0,0,0,0,"N",0,0.0,0,0,0,0,0,0,0,0,0,0,0,0,0,0
"51159","2","9241","76","0","2016","1","N","Richmond County, Virginia","State Government","NAICS 9241 Administration of environmental programs","County, NAICS 4-digit -- by ownership sector","All establishment sizes",1,0,0,0,0,0,0,0,"N",6.27,0,0,0,0,0,0,0,"N",0,0.0,0,0,0,0,0,0,0,0,0,0,0,0,0,0
"51159","2","9241","76","0","2016","2","N","Richmond County, Virginia","State Government","NAICS 9241 Administration of environmental programs","County, NAICS 4-digit -- by ownership sector","All establishment sizes",1,0,0,0,0,0,0,0,"N",6.29,0,0,0,0,0,0,0,"N",0,0.0,0,0,0,0,0,0,0,0,0,0,0,0,0,0
"51159","2","9241","76","0","2016","3","N","Richmond County, Virginia","State Government","NAICS 9241 Administration of environmental programs","County, NAICS 4-digit -- by ownership sector","All establishment sizes",1,0,0,0,0,0,0,0,"N",6.36,0,0,0,0,0,0,0,"N",0,0.0,0,0,0,0,0,0,0,0,0,0,0,0,0,0
"51159","2","9241","76","0","2016","4","N","Richmond County, Virginia","State Government","NAICS 9241 Administration of environmental programs","County, NAICS 4-digit -- by ownership sector","All establishment sizes",1,0,0,0,0,0,0,0,"N",6.60,0,0,0,0,0,0,0,"N",0,0.0,0,0,0,0,0,0,0,0,0,0,0,0,0,0
"51159","2","92412","77","0","2016","1","N","Richmond County, Virginia","State Government","NAICS 92412 Administration of conservation programs","County, NAICS 5-digit -- by ownership sector","All establishment sizes",1,0,0,0,0,0,0,0,"N",7.67,0,0,0,0,0,0,0,"N",0,0.0,0,0,0,0,0,0,0,0,0,0,0,0,0,0
"51159","2","92412","77","0","2016","2","N","Richmond County, Virginia","State Government","NAICS 92412 Administration of conservation programs","County, NAICS 5-digit -- by ownership sector","All establishment sizes",1,0,0,0,0,0,0,0,"N",7.67,0,0,0,0,0,0,0,"N",0,0.0,0,0,0,0,0,0,0,0,0,0,0,0,0,0
"51159","2","92412","77","0","2016","3","N","Richmond County, Virginia","State Government","NAICS 92412 Administration of conservation programs","County, NAICS 5-digit -- by ownership sector","All establishment sizes",1,0,0,0,0,0,0,0,"N",7.73,0,0,0,0,0,0,0,"N",0,0.0,0,0,0,0,0,0,0,0,0,0,0,0,0,0
"51159","2","92412","77","0","2016","4","N","Richmond County, Virginia","State Government","NAICS 92412 Administration of conservation programs","County, NAICS 5-digit -- by ownership sector","All establishment sizes",1,0,0,0,0,0,0,0,"N",8.03,0,0,0,0,0,0,0,"N",0,0.0,0,0,0,0,0,0,0,0,0,0,0,0,0,0
"51159","2","924120","78","0","2016","1","N","Richmond County, Virginia","State Government","NAICS 924120 Administration of conservation programs","County, NAICS 6-digit -- by ownership sector","All establishment sizes",1,0,0,0,0,0,0,0,"N",7.67,0,0,0,0,0,0,0,"N",0,0.0,0,0,0,0,0,0,0,0,0,0,0,0,0,0
"51159","2","924120","78","0","2016","2","N","Richmond County, Virginia","State Government","NAICS 924120 Administration of conservation programs","County, NAICS 6-digit -- by ownership sector","All establishment sizes",1,0,0,0,0,0,0,0,"N",7.67,0,0,0,0,0,0,0,"N",0,0.0,0,0,0,0,0,0,0,0,0,0,0,0,0,0
"51159","2","924120","78","0","2016","3","N","Richmond County, Virginia","State Government","NAICS 924120 Administration of conservation programs","County, NAICS 6-digit -- by ownership sector","All establishment sizes",1,0,0,0,0,0,0,0,"N",7.73,0,0,0,0,0,0,0,"N",0,0.0,0,0,0,0,0,0,0,0,0,0,0,0,0,0
"51159","2","924120","78","0","2016","4","N","Richmond County, Virginia","State Government","NAICS 924120 Administration of conservation programs","County, NAICS 6-digit -- by ownership sector","All establishment sizes",1,0,0,0,0,0,0,0,"N",8.03,0,0,0,0,0,0,0,"N",0,0.0,0,0,0,0,0,0,0,0,0,0,0,0,0,0
"51159","2","926","75","0","2016","1","N","Richmond County, Virginia","State Government","NAICS 926 Administration of economic programs","County, NAICS 3-digit -- by ownership sector","All establishment sizes",2,0,0,0,0,0,0,0,"N",7.77,0,0,0,0,0,0,0,"N",0,0.0,0,0,0,0,0,0,0,0,0,0,0,0,0,0
"51159","2","926","75","0","2016","2","N","Richmond County, Virginia","State Government","NAICS 926 Administration of economic programs","County, NAICS 3-digit -- by ownership sector","All establishment sizes",2,0,0,0,0,0,0,0,"N",7.87,0,0,0,0,0,0,0,"N",0,0.0,0,0,0,0,0,0,0,0,0,0,0,0,0,0
"51159","2","926","75","0","2016","3","N","Richmond County, Virginia","State Government","NAICS 926 Administration of economic programs","County, NAICS 3-digit -- by ownership sector","All establishment sizes",2,0,0,0,0,0,0,0,"N",7.94,0,0,0,0,0,0,0,"N",0,0.0,0,0,0,0,0,0,0,0,0,0,0,0,0,0
"51159","2","926","75","0","2016","4","N","Richmond County, Virginia","State Government","NAICS 926 Administration of economic programs","County, NAICS 3-digit -- by ownership sector","All establishment sizes",2,0,0,0,0,0,0,0,"N",8.27,0,0,0,0,0,0,0,"N",0,0.0,0,0,0,0,0,0,0,0,0,0,0,0,0,0
"51159","2","9261","76","0","2016","1","N","Richmond County, Virginia","State Government","NAICS 9261 Administration of economic programs","County, NAICS 4-digit -- by ownership sector","All establishment sizes",2,0,0,0,0,0,0,0,"N",7.77,0,0,0,0,0,0,0,"N",0,0.0,0,0,0,0,0,0,0,0,0,0,0,0,0,0
"51159","2","9261","76","0","2016","2","N","Richmond County, Virginia","State Government","NAICS 9261 Administration of economic programs","County, NAICS 4-digit -- by ownership sector","All establishment sizes",2,0,0,0,0,0,0,0,"N",7.87,0,0,0,0,0,0,0,"N",0,0.0,0,0,0,0,0,0,0,0,0,0,0,0,0,0
"51159","2","9261","76","0","2016","3","N","Richmond County, Virginia","State Government","NAICS 9261 Administration of economic programs","County, NAICS 4-digit -- by ownership sector","All establishment sizes",2,0,0,0,0,0,0,0,"N",7.94,0,0,0,0,0,0,0,"N",0,0.0,0,0,0,0,0,0,0,0,0,0,0,0,0,0
"51159","2","9261","76","0","2016","4","N","Richmond County, Virginia","State Government","NAICS 9261 Administration of economic programs","County, NAICS 4-digit -- by ownership sector","All establishment sizes",2,0,0,0,0,0,0,0,"N",8.27,0,0,0,0,0,0,0,"N",0,0.0,0,0,0,0,0,0,0,0,0,0,0,0,0,0
"51159","2","92614","77","0","2016","1","N","Richmond County, Virginia","State Government","NAICS 92614 Agricultural market and commodity regulation","County, NAICS 5-digit -- by ownership sector","All establishment sizes",1,0,0,0,0,0,0,0,"N",13.07,0,0,0,0,0,0,0,"N",0,0.0,0,0,0,0,0,0,0,0,0,0,0,0,0,0
"51159","2","92614","77","0","2016","2","N","Richmond County, Virginia","State Government","NAICS 92614 Agricultural market and commodity regulation","County, NAICS 5-digit -- by ownership sector","All establishment sizes",1,0,0,0,0,0,0,0,"N",13.26,0,0,0,0,0,0,0,"N",0,0.0,0,0,0,0,0,0,0,0,0,0,0,0,0,0
"51159","2","92614","77","0","2016","3","N","Richmond County, Virginia","State Government","NAICS 92614 Agricultural market and commodity regulation","County, NAICS 5-digit -- by ownership sector","All establishment sizes",1,0,0,0,0,0,0,0,"N",13.36,0,0,0,0,0,0,0,"N",0,0.0,0,0,0,0,0,0,0,0,0,0,0,0,0,0
"51159","2","92614","77","0","2016","4","N","Richmond County, Virginia","State Government","NAICS 92614 Agricultural market and commodity regulation","County, NAICS 5-digit -- by ownership sector","All establishment sizes",1,0,0,0,0,0,0,0,"N",13.85,0,0,0,0,0,0,0,"N",0,0.0,0,0,0,0,0,0,0,0,0,0,0,0,0,0
"51159","2","926140","78","0","2016","1","N","Richmond County, Virginia","State Government","NAICS 926140 Agricultural market and commodity regulation","County, NAICS 6-digit -- by ownership sector","All establishment sizes",1,0,0,0,0,0,0,0,"N",13.07,0,0,0,0,0,0,0,"N",0,0.0,0,0,0,0,0,0,0,0,0,0,0,0,0,0
"51159","2","926140","78","0","2016","2","N","Richmond County, Virginia","State Government","NAICS 926140 Agricultural market and commodity regulation","County, NAICS 6-digit -- by ownership sector","All establishment sizes",1,0,0,0,0,0,0,0,"N",13.26,0,0,0,0,0,0,0,"N",0,0.0,0,0,0,0,0,0,0,0,0,0,0,0,0,0
"51159","2","926140","78","0","2016","3","N","Richmond County, Virginia","State Government","NAICS 926140 Agricultural market and commodity regulation","County, NAICS 6-digit -- by ownership sector","All establishment sizes",1,0,0,0,0,0,0,0,"N",13.36,0,0,0,0,0,0,0,"N",0,0.0,0,0,0,0,0,0,0,0,0,0,0,0,0,0
"51159","2","926140","78","0","2016","4","N","Richmond County, Virginia","State Government","NAICS 926140 Agricultural market and commodity regulation","County, NAICS 6-digit -- by ownership sector","All establishment sizes",1,0,0,0,0,0,0,0,"N",13.85,0,0,0,0,0,0,0,"N",0,0.0,0,0,0,0,0,0,0,0,0,0,0,0,0,0
"51159","2","92615","77","0","2016","1","N","Richmond County, Virginia","State Government","NAICS 92615 Licensing and regulating commercial sectors","County, NAICS 5-digit -- by ownership sector","All establishment sizes",1,0,0,0,0,0,0,0,"N",15.19,0,0,0,0,0,0,0,"N",0,0.0,0,0,0,0,0,0,0,0,0,0,0,0,0,0
"51159","2","92615","77","0","2016","2","N","Richmond County, Virginia","State Government","NAICS 92615 Licensing and regulating commercial sectors","County, NAICS 5-digit -- by ownership sector","All establishment sizes",1,0,0,0,0,0,0,0,"N",15.40,0,0,0,0,0,0,0,"N",0,0.0,0,0,0,0,0,0,0,0,0,0,0,0,0,0
"51159","2","92615","77","0","2016","3","N","Richmond County, Virginia","State Government","NAICS 92615 Licensing and regulating commercial sectors","County, NAICS 5-digit -- by ownership sector","All establishment sizes",1,0,0,0,0,0,0,0,"N",15.63,0,0,0,0,0,0,0,"N",0,0.0,0,0,0,0,0,0,0,0,0,0,0,0,0,0
"51159","2","92615","77","0","2016","4","N","Richmond County, Virginia","State Government","NAICS 92615 Licensing and regulating commercial sectors","County, NAICS 5-digit -- by ownership sector","All establishment sizes",1,0,0,0,0,0,0,0,"N",16.27,0,0,0,0,0,0,0,"N",0,0.0,0,0,0,0,0,0,0,0,0,0,0,0,0,0
"51159","2","926150","78","0","2016","1","N","Richmond County, Virginia","State Government","NAICS 926150 Licensing and regulating commercial sectors","County, NAICS 6-digit -- by ownership sector","All establishment sizes",1,0,0,0,0,0,0,0,"N",15.19,0,0,0,0,0,0,0,"N",0,0.0,0,0,0,0,0,0,0,0,0,0,0,0,0,0
"51159","2","926150","78","0","2016","2","N","Richmond County, Virginia","State Government","NAICS 926150 Licensing and regulating commercial sectors","County, NAICS 6-digit -- by ownership sector","All establishment sizes",1,0,0,0,0,0,0,0,"N",15.40,0,0,0,0,0,0,0,"N",0,0.0,0,0,0,0,0,0,0,0,0,0,0,0,0,0
"51159","2","926150","78","0","2016","3","N","Richmond County, Virginia","State Government","NAICS 926150 Licensing and regulating commercial sectors","County, NAICS 6-digit -- by ownership sector","All establishment sizes",1,0,0,0,0,0,0,0,"N",15.63,0,0,0,0,0,0,0,"N",0,0.0,0,0,0,0,0,0,0,0,0,0,0,0,0,0
"51159","2","926150","78","0","2016","4","N","Richmond County, Virginia","State Government","NAICS 926150 Licensing and regulating commercial sectors","County, NAICS 6-digit -- by ownership sector","All establishment sizes",1,0,0,0,0,0,0,0,"N",16.27,0,0,0,0,0,0,0,"N",0,0.0,0,0,0,0,0,0,0,0,0,0,0,0,0,0
"51159","2","928","75","0","2016","1","N","Richmond County, Virginia","State Government","NAICS 928 National security and international affairs","County, NAICS 3-digit -- by ownership sector","All establishment sizes",1,0,0,0,0,0,0,0,"N",54.20,0,0,0,0,0,0,0,"N",0,0.0,0,0,0,0,0,0,0,0,0,0,0,0,0,0
"51159","2","928","75","0","2016","2","-","Richmond County, Virginia","State Government","NAICS 928 National security and international affairs","County, NAICS 3-digit -- by ownership sector","All establishment sizes",0,0,0,0,0,0,0,0,"N",0.00,0,0,0,0,0,0,0,"N",-1,-100.0,0,0,0,0,0,0,0,0,0,0,0,0,0,0
"51159","2","928","75","0","2016","3","-","Richmond County, Virginia","State Government","NAICS 928 National security and international affairs","County, NAICS 3-digit -- by ownership sector","All establishment sizes",0,0,0,0,0,0,0,0,"N",0.00,0,0,0,0,0,0,0,"N",-1,-100.0,0,0,0,0,0,0,0,0,0,0,0,0,0,0
"51159","2","928","75","0","2016","4","-","Richmond County, Virginia","State Government","NAICS 928 National security and international affairs","County, NAICS 3-digit -- by ownership sector","All establishment sizes",0,0,0,0,0,0,0,0,"N",0.00,0,0,0,0,0,0,0,"N",-1,-100.0,0,0,0,0,0,0,0,0,0,0,0,0,0,0
"51159","2","9281","76","0","2016","1","N","Richmond County, Virginia","State Government","NAICS 9281 National security and international affairs","County, NAICS 4-digit -- by ownership sector","All establishment sizes",1,0,0,0,0,0,0,0,"N",54.20,0,0,0,0,0,0,0,"N",0,0.0,0,0,0,0,0,0,0,0,0,0,0,0,0,0
"51159","2","9281","76","0","2016","2","-","Richmond County, Virginia","State Government","NAICS 9281 National security and international affairs","County, NAICS 4-digit -- by ownership sector","All establishment sizes",0,0,0,0,0,0,0,0,"N",0.00,0,0,0,0,0,0,0,"N",-1,-100.0,0,0,0,0,0,0,0,0,0,0,0,0,0,0
"51159","2","9281","76","0","2016","3","-","Richmond County, Virginia","State Government","NAICS 9281 National security and international affairs","County, NAICS 4-digit -- by ownership sector","All establishment sizes",0,0,0,0,0,0,0,0,"N",0.00,0,0,0,0,0,0,0,"N",-1,-100.0,0,0,0,0,0,0,0,0,0,0,0,0,0,0
"51159","2","9281","76","0","2016","4","-","Richmond County, Virginia","State Government","NAICS 9281 National security and international affairs","County, NAICS 4-digit -- by ownership sector","All establishment sizes",0,0,0,0,0,0,0,0,"N",0.00,0,0,0,0,0,0,0,"N",-1,-100.0,0,0,0,0,0,0,0,0,0,0,0,0,0,0
"51159","2","92811","77","0","2016","1","N","Richmond County, Virginia","State Government","NAICS 92811 National security","County, NAICS 5-digit -- by ownership sector","All establishment sizes",1,0,0,0,0,0,0,0,"N",64.00,0,0,0,0,0,0,0,"N",0,0.0,0,0,0,0,0,0,0,0,0,0,0,0,0,0
"51159","2","92811","77","0","2016","2","-","Richmond County, Virginia","State Government","NAICS 92811 National security","County, NAICS 5-digit -- by ownership sector","All establishment sizes",0,0,0,0,0,0,0,0,"N",0.00,0,0,0,0,0,0,0,"N",-1,-100.0,0,0,0,0,0,0,0,0,0,0,0,0,0,0
"51159","2","92811","77","0","2016","3","-","Richmond County, Virginia","State Government","NAICS 92811 National security","County, NAICS 5-digit -- by ownership sector","All establishment sizes",0,0,0,0,0,0,0,0,"N",0.00,0,0,0,0,0,0,0,"N",-1,-100.0,0,0,0,0,0,0,0,0,0,0,0,0,0,0
"51159","2","92811","77","0","2016","4","-","Richmond County, Virginia","State Government","NAICS 92811 National security","County, NAICS 5-digit -- by ownership sector","All establishment sizes",0,0,0,0,0,0,0,0,"N",0.00,0,0,0,0,0,0,0,"N",-1,-100.0,0,0,0,0,0,0,0,0,0,0,0,0,0,0
"51159","2","928110","78","0","2016","1","N","Richmond County, Virginia","State Government","NAICS 928110 National security","County, NAICS 6-digit -- by ownership sector","All establishment sizes",1,0,0,0,0,0,0,0,"N",64.00,0,0,0,0,0,0,0,"N",0,0.0,0,0,0,0,0,0,0,0,0,0,0,0,0,0
"51159","2","928110","78","0","2016","2","-","Richmond County, Virginia","State Government","NAICS 928110 National security","County, NAICS 6-digit -- by ownership sector","All establishment sizes",0,0,0,0,0,0,0,0,"N",0.00,0,0,0,0,0,0,0,"N",-1,-100.0,0,0,0,0,0,0,0,0,0,0,0,0,0,0
"51159","2","928110","78","0","2016","3","-","Richmond County, Virginia","State Government","NAICS 928110 National security","County, NAICS 6-digit -- by ownership sector","All establishment sizes",0,0,0,0,0,0,0,0,"N",0.00,0,0,0,0,0,0,0,"N",-1,-100.0,0,0,0,0,0,0,0,0,0,0,0,0,0,0
"51159","2","928110","78","0","2016","4","-","Richmond County, Virginia","State Government","NAICS 928110 National security","County, NAICS 6-digit -- by ownership sector","All establishment sizes",0,0,0,0,0,0,0,0,"N",0.00,0,0,0,0,0,0,0,"N",-1,-100.0,0,0,0,0,0,0,0,0,0,0,0,0,0,0
"51159","3","10","71","0","2016","1","","Richmond County, Virginia","Local Government","10 Total, all industries","County, Total -- by ownership sector","All establishment sizes",6,415,432,447,3643326,1509050,5091,650,"",1.49,1.47,1.49,1.53,1.67,13.63,6.53,1.12,"",1,20.0,-4,-1.0,11,2.6,13,3.0,-183095,-4.8,41192,2.8,-9334,-64.7,-43,-6.2
"51159","3","10","71","0","2016","2","","Richmond County, Virginia","Local Government","10 Total, all industries","County, Total -- by ownership sector","All establishment sizes",6,433,437,441,4288382,347843,1182,755,"",1.51,1.48,1.50,1.52,1.68,6.39,3.80,1.12,"",1,20.0,3,0.7,-8,-1.8,7,1.6,-260215,-5.7,67471,24.1,-1316,-52.7,-47,-5.9
"51159","3","10","71","0","2016","3","","Richmond County, Virginia","Local Government","10 Total, all industries","County, Total -- by ownership sector","All establishment sizes",6,250,409,420,3405626,82147,270,728,"",1.52,1.07,1.57,1.47,1.50,2.41,1.32,1.08,"",1,20.0,2,0.8,67,19.6,6,1.4,511824,17.7,-50147,-37.9,-992,-78.6,63,9.5
"51159","3","10","71","0","2016","4","","Richmond County, Virginia","Local Government","10 Total, all industries","County, Total -- by ownership sector","All establishment sizes",6,431,448,464,3989629,136139,466,686,"",1.59,1.48,1.55,1.60,1.66,4.28,2.94,1.07,"",1,20.0,22,5.4,36,8.7,27,6.2,113345,2.9,-78998,-36.7,-1561,-77.0,-25,-3.5
"51159","3","102","72","0","2016","1","","Richmond County, Virginia","Local Government","102 Service-providing","County, by Domain -- by ownership sector","All establishment sizes",6,415,432,447,3643326,1509050,5091,650,"",1.54,1.48,1.50,1.54,1.68,13.81,6.63,1.12,"",1,20.0,-4,-1.0,11,2.6,13,3.0,-183095,-4.8,41192,2.8,-9334,-64.7,-43,-6.2
"51159","3","102","72","0","2016","2","","Richmond County, Virginia","Local Government","102 Service-providing","County, by Domain -- by ownership sector","All establishment sizes",6,433,437,441,4288382,347843,1182,755,"",1.55,1.49,1.51,1.54,1.69,6.47,3.89,1.12,"",1,20.0,3,0.7,-8,-1.8,7,1.6,-260215,-5.7,67471,24.1,-1316,-52.7,-47,-5.9
"51159","3","102","72","0","2016","3","","Richmond County, Virginia","Local Government","102 Service-providing","County, by Domain -- by ownership sector","All establishment sizes",6,250,409,420,3405626,82147,270,728,"",1.56,1.08,1.58,1.49,1.52,2.44,1.35,1.08,"",1,20.0,2,0.8,67,19.6,6,1.4,511824,17.7,-50147,-37.9,-992,-78.6,63,9.5
"51159","3","102","72","0","2016","4","","Richmond County, Virginia","Local Government","102 Service-providing","County, by Domain -- by ownership sector","All establishment sizes",6,431,448,464,3989629,136139,466,686,"",1.63,1.49,1.56,1.61,1.67,4.31,2.99,1.07,"",1,20.0,22,5.4,36,8.7,27,6.2,113345,2.9,-78998,-36.7,-1561,-77.0,-25,-3.5
"51159","3","1025","73","0","2016","1","N","Richmond County, Virginia","Local Government","1025 Education and health services","County, by Supersector -- by ownership sector","All establishment sizes",2,0,0,0,0,0,0,0,"N",1.16,0,0,0,0,0,0,0,"N",1,100.0,0,0,0,0,0,0,0,0,0,0,0,0,0,0
"51159","3","1025","73","0","2016","2","N","Richmond County, Virginia","Local Government","1025 Education and health services","County, by Supersector -- by ownership sector","All establishment sizes",2,0,0,0,0,0,0,0,"N",1.17,0,0,0,0,0,0,0,"N",1,100.0,0,0,0,0,0,0,0,0,0,0,0,0,0,0
"51159","3","1025","73","0","2016","3","N","Richmond County, Virginia","Local Government","1025 Education and health services","County, by Supersector -- by ownership sector","All establishment sizes",2,0,0,0,0,0,0,0,"N",1.18,0,0,0,0,0,0,0,"N",1,100.0,0,0,0,0,0,0,0,0,0,0,0,0,0,0
"51159","3","1025","73","0","2016","4","N","Richmond County, Virginia","Local Government","1025 Education and health services","County, by Supersector -- by ownership sector","All establishment sizes",2,0,0,0,0,0,0,0,"N",1.23,0,0,0,0,0,0,0,"N",1,100.0,0,0,0,0,0,0,0,0,0,0,0,0,0,0
"51159","3","1028","73","0","2016","1","N","Richmond County, Virginia","Local Government","1028 Public administration","County, by Supersector -- by ownership sector","All establishment sizes",4,0,0,0,0,0,0,0,"N",2.75,0,0,0,0,0,0,0,"N",0,0.0,0,0,0,0,0,0,0,0,0,0,0,0,0,0
"51159","3","1028","73","0","2016","2","N","Richmond County, Virginia","Local Government","1028 Public administration","County, by Supersector -- by ownership sector","All establishment sizes",4,0,0,0,0,0,0,0,"N",2.78,0,0,0,0,0,0,0,"N",0,0.0,0,0,0,0,0,0,0,0,0,0,0,0,0,0
"51159","3","1028","73","0","2016","3","N","Richmond County, Virginia","Local Government","1028 Public administration","County, by Supersector -- by ownership sector","All establishment sizes",4,0,0,0,0,0,0,0,"N",2.80,0,0,0,0,0,0,0,"N",0,0.0,0,0,0,0,0,0,0,0,0,0,0,0,0,0
"51159","3","1028","73","0","2016","4","N","Richmond County, Virginia","Local Government","1028 Public administration","County, by Supersector -- by ownership sector","All establishment sizes",4,0,0,0,0,0,0,0,"N",2.93,0,0,0,0,0,0,0,"N",0,0.0,0,0,0,0,0,0,0,0,0,0,0,0,0,0
"51159","3","61","74","0","2016","1","N","Richmond County, Virginia","Local Government","NAICS 61 Educational services","County, NAICS Sector -- by ownership sector","All establishment sizes",2,0,0,0,0,0,0,0,"N",1.28,0,0,0,0,0,0,0,"N",1,100.0,0,0,0,0,0,0,0,0,0,0,0,0,0,0
"51159","3","61","74","0","2016","2","N","Richmond County, Virginia","Local Government","NAICS 61 Educational services","County, NAICS Sector -- by ownership sector","All establishment sizes",2,0,0,0,0,0,0,0,"N",1.29,0,0,0,0,0,0,0,"N",1,100.0,0,0,0,0,0,0,0,0,0,0,0,0,0,0
"51159","3","61","74","0","2016","3","N","Richmond County, Virginia","Local Government","NAICS 61 Educational services","County, NAICS Sector -- by ownership sector","All establishment sizes",2,0,0,0,0,0,0,0,"N",1.30,0,0,0,0,0,0,0,"N",1,100.0,0,0,0,0,0,0,0,0,0,0,0,0,0,0
"51159","3","61","74","0","2016","4","N","Richmond County, Virginia","Local Government","NAICS 61 Educational services","County, NAICS Sector -- by ownership sector","All establishment sizes",2,0,0,0,0,0,0,0,"N",1.36,0,0,0,0,0,0,0,"N",1,100.0,0,0,0,0,0,0,0,0,0,0,0,0,0,0
"51159","3","611","75","0","2016","1","N","Richmond County, Virginia","Local Government","NAICS 611 Educational services","County, NAICS 3-digit -- by ownership sector","All establishment sizes",2,0,0,0,0,0,0,0,"N",1.28,0,0,0,0,0,0,0,"N",1,100.0,0,0,0,0,0,0,0,0,0,0,0,0,0,0
"51159","3","611","75","0","2016","2","N","Richmond County, Virginia","Local Government","NAICS 611 Educational services","County, NAICS 3-digit -- by ownership sector","All establishment sizes",2,0,0,0,0,0,0,0,"N",1.29,0,0,0,0,0,0,0,"N",1,100.0,0,0,0,0,0,0,0,0,0,0,0,0,0,0
"51159","3","611","75","0","2016","3","N","Richmond County, Virginia","Local Government","NAICS 611 Educational services","County, NAICS 3-digit -- by ownership sector","All establishment sizes",2,0,0,0,0,0,0,0,"N",1.30,0,0,0,0,0,0,0,"N",1,100.0,0,0,0,0,0,0,0,0,0,0,0,0,0,0
"51159","3","611","75","0","2016","4","N","Richmond County, Virginia","Local Government","NAICS 611 Educational services","County, NAICS 3-digit -- by ownership sector","All establishment sizes",2,0,0,0,0,0,0,0,"N",1.36,0,0,0,0,0,0,0,"N",1,100.0,0,0,0,0,0,0,0,0,0,0,0,0,0,0
"51159","3","6111","76","0","2016","1","N","Richmond County, Virginia","Local Government","NAICS 6111 Elementary and secondary schools","County, NAICS 4-digit -- by ownership sector","All establishment sizes",2,0,0,0,0,0,0,0,"N",1.32,0,0,0,0,0,0,0,"N",1,100.0,0,0,0,0,0,0,0,0,0,0,0,0,0,0
"51159","3","6111","76","0","2016","2","N","Richmond County, Virginia","Local Government","NAICS 6111 Elementary and secondary schools","County, NAICS 4-digit -- by ownership sector","All establishment sizes",2,0,0,0,0,0,0,0,"N",1.34,0,0,0,0,0,0,0,"N",1,100.0,0,0,0,0,0,0,0,0,0,0,0,0,0,0
"51159","3","6111","76","0","2016","3","N","Richmond County, Virginia","Local Government","NAICS 6111 Elementary and secondary schools","County, NAICS 4-digit -- by ownership sector","All establishment sizes",2,0,0,0,0,0,0,0,"N",1.35,0,0,0,0,0,0,0,"N",1,100.0,0,0,0,0,0,0,0,0,0,0,0,0,0,0
"51159","3","6111","76","0","2016","4","N","Richmond County, Virginia","Local Government","NAICS 6111 Elementary and secondary schools","County, NAICS 4-digit -- by ownership sector","All establishment sizes",2,0,0,0,0,0,0,0,"N",1.41,0,0,0,0,0,0,0,"N",1,100.0,0,0,0,0,0,0,0,0,0,0,0,0,0,0
"51159","3","61111","77","0","2016","1","N","Richmond County, Virginia","Local Government","NAICS 61111 Elementary and secondary schools","County, NAICS 5-digit -- by ownership sector","All establishment sizes",2,0,0,0,0,0,0,0,"N",1.32,0,0,0,0,0,0,0,"N",1,100.0,0,0,0,0,0,0,0,0,0,0,0,0,0,0
"51159","3","61111","77","0","2016","2","N","Richmond County, Virginia","Local Government","NAICS 61111 Elementary and secondary schools","County, NAICS 5-digit -- by ownership sector","All establishment sizes",2,0,0,0,0,0,0,0,"N",1.34,0,0,0,0,0,0,0,"N",1,100.0,0,0,0,0,0,0,0,0,0,0,0,0,0,0
"51159","3","61111","77","0","2016","3","N","Richmond County, Virginia","Local Government","NAICS 61111 Elementary and secondary schools","County, NAICS 5-digit -- by ownership sector","All establishment sizes",2,0,0,0,0,0,0,0,"N",1.35,0,0,0,0,0,0,0,"N",1,100.0,0,0,0,0,0,0,0,0,0,0,0,0,0,0
"51159","3","61111","77","0","2016","4","N","Richmond County, Virginia","Local Government","NAICS 61111 Elementary and secondary schools","County, NAICS 5-digit -- by ownership sector","All establishment sizes",2,0,0,0,0,0,0,0,"N",1.41,0,0,0,0,0,0,0,"N",1,100.0,0,0,0,0,0,0,0,0,0,0,0,0,0,0
"51159","3","611110","78","0","2016","1","N","Richmond County, Virginia","Local Government","NAICS 611110 Elementary and secondary schools","County, NAICS 6-digit -- by ownership sector","All establishment sizes",2,0,0,0,0,0,0,0,"N",1.32,0,0,0,0,0,0,0,"N",1,100.0,0,0,0,0,0,0,0,0,0,0,0,0,0,0
"51159","3","611110","78","0","2016","2","N","Richmond County, Virginia","Local Government","NAICS 611110 Elementary and secondary schools","County, NAICS 6-digit -- by ownership sector","All establishment sizes",2,0,0,0,0,0,0,0,"N",1.34,0,0,0,0,0,0,0,"N",1,100.0,0,0,0,0,0,0,0,0,0,0,0,0,0,0
"51159","3","611110","78","0","2016","3","N","Richmond County, Virginia","Local Government","NAICS 611110 Elementary and secondary schools","County, NAICS 6-digit -- by ownership sector","All establishment sizes",2,0,0,0,0,0,0,0,"N",1.35,0,0,0,0,0,0,0,"N",1,100.0,0,0,0,0,0,0,0,0,0,0,0,0,0,0
"51159","3","611110","78","0","2016","4","N","Richmond County, Virginia","Local Government","NAICS 611110 Elementary and secondary schools","County, NAICS 6-digit -- by ownership sector","All establishment sizes",2,0,0,0,0,0,0,0,"N",1.41,0,0,0,0,0,0,0,"N",1,100.0,0,0,0,0,0,0,0,0,0,0,0,0,0,0
"51159","3","92","74","0","2016","1","N","Richmond County, Virginia","Local Government","NAICS 92 Public administration","County, NAICS Sector -- by ownership sector","All establishment sizes",4,0,0,0,0,0,0,0,"N",2.75,0,0,0,0,0,0,0,"N",0,0.0,0,0,0,0,0,0,0,0,0,0,0,0,0,0
"51159","3","92","74","0","2016","2","N","Richmond County, Virginia","Local Government","NAICS 92 Public administration","County, NAICS Sector -- by ownership sector","All establishment sizes",4,0,0,0,0,0,0,0,"N",2.78,0,0,0,0,0,0,0,"N",0,0.0,0,0,0,0,0,0,0,0,0,0,0,0,0,0
"51159","3","92","74","0","2016","3","N","Richmond County, Virginia","Local Government","NAICS 92 Public administration","County, NAICS Sector -- by ownership sector","All establishment sizes",4,0,0,0,0,0,0,0,"N",2.80,0,0,0,0,0,0,0,"N",0,0.0,0,0,0,0,0,0,0,0,0,0,0,0,0,0
"51159","3","92","74","0","2016","4","N","Richmond County, Virginia","Local Government","NAICS 92 Public administration","County, NAICS Sector -- by ownership sector","All establishment sizes",4,0,0,0,0,0,0,0,"N",2.93,0,0,0,0,0,0,0,"N",0,0.0,0,0,0,0,0,0,0,0,0,0,0,0,0,0
"51159","3","921","75","0","2016","1","N","Richmond County, Virginia","Local Government","NAICS 921 Executive, legislative and general government","County, NAICS 3-digit -- by ownership sector","All establishment sizes",2,0,0,0,0,0,0,0,"N",2.31,0,0,0,0,0,0,0,"N",0,0.0,0,0,0,0,0,0,0,0,0,0,0,0,0,0
"51159","3","921","75","0","2016","2","N","Richmond County, Virginia","Local Government","NAICS 921 Executive, legislative and general government","County, NAICS 3-digit -- by ownership sector","All establishment sizes",2,0,0,0,0,0,0,0,"N",2.34,0,0,0,0,0,0,0,"N",0,0.0,0,0,0,0,0,0,0,0,0,0,0,0,0,0
"51159","3","921","75","0","2016","3","N","Richmond County, Virginia","Local Government","NAICS 921 Executive, legislative and general government","County, NAICS 3-digit -- by ownership sector","All establishment sizes",2,0,0,0,0,0,0,0,"N",2.36,0,0,0,0,0,0,0,"N",0,0.0,0,0,0,0,0,0,0,0,0,0,0,0,0,0
"51159","3","921","75","0","2016","4","N","Richmond County, Virginia","Local Government","NAICS 921 Executive, legislative and general government","County, NAICS 3-digit -- by ownership sector","All establishment sizes",2,0,0,0,0,0,0,0,"N",2.46,0,0,0,0,0,0,0,"N",0,0.0,0,0,0,0,0,0,0,0,0,0,0,0,0,0
"51159","3","9211","76","0","2016","1","N","Richmond County, Virginia","Local Government","NAICS 9211 Executive, legislative and general government","County, NAICS 4-digit -- by ownership sector","All establishment sizes",2,0,0,0,0,0,0,0,"N",2.31,0,0,0,0,0,0,0,"N",0,0.0,0,0,0,0,0,0,0,0,0,0,0,0,0,0
"51159","3","9211","76","0","2016","2","N","Richmond County, Virginia","Local Government","NAICS 9211 Executive, legislative and general government","County, NAICS 4-digit -- by ownership sector","All establishment sizes",2,0,0,0,0,0,0,0,"N",2.34,0,0,0,0,0,0,0,"N",0,0.0,0,0,0,0,0,0,0,0,0,0,0,0,0,0
"51159","3","9211","76","0","2016","3","N","Richmond County, Virginia","Local Government","NAICS 9211 Executive, legislative and general government","County, NAICS 4-digit -- by ownership sector","All establishment sizes",2,0,0,0,0,0,0,0,"N",2.36,0,0,0,0,0,0,0,"N",0,0.0,0,0,0,0,0,0,0,0,0,0,0,0,0,0
"51159","3","9211","76","0","2016","4","N","Richmond County, Virginia","Local Government","NAICS 9211 Executive, legislative and general government","County, NAICS 4-digit -- by ownership sector","All establishment sizes",2,0,0,0,0,0,0,0,"N",2.46,0,0,0,0,0,0,0,"N",0,0.0,0,0,0,0,0,0,0,0,0,0,0,0,0,0
"51159","3","92119","77","0","2016","1","N","Richmond County, Virginia","Local Government","NAICS 92119 Other general government support","County, NAICS 5-digit -- by ownership sector","All establishment sizes",2,0,0,0,0,0,0,0,"N",19.74,0,0,0,0,0,0,0,"N",0,0.0,0,0,0,0,0,0,0,0,0,0,0,0,0,0
"51159","3","92119","77","0","2016","2","N","Richmond County, Virginia","Local Government","NAICS 92119 Other general government support","County, NAICS 5-digit -- by ownership sector","All establishment sizes",2,0,0,0,0,0,0,0,"N",19.99,0,0,0,0,0,0,0,"N",0,0.0,0,0,0,0,0,0,0,0,0,0,0,0,0,0
"51159","3","92119","77","0","2016","3","N","Richmond County, Virginia","Local Government","NAICS 92119 Other general government support","County, NAICS 5-digit -- by ownership sector","All establishment sizes",2,0,0,0,0,0,0,0,"N",20.16,0,0,0,0,0,0,0,"N",0,0.0,0,0,0,0,0,0,0,0,0,0,0,0,0,0
"51159","3","92119","77","0","2016","4","N","Richmond County, Virginia","Local Government","NAICS 92119 Other general government support","County, NAICS 5-digit -- by ownership sector","All establishment sizes",2,0,0,0,0,0,0,0,"N",21.03,0,0,0,0,0,0,0,"N",0,0.0,0,0,0,0,0,0,0,0,0,0,0,0,0,0
"51159","3","921190","78","0","2016","1","N","Richmond County, Virginia","Local Government","NAICS 921190 Other general government support","County, NAICS 6-digit -- by ownership sector","All establishment sizes",2,0,0,0,0,0,0,0,"N",19.74,0,0,0,0,0,0,0,"N",0,0.0,0,0,0,0,0,0,0,0,0,0,0,0,0,0
"51159","3","921190","78","0","2016","2","N","Richmond County, Virginia","Local Government","NAICS 921190 Other general government support","County, NAICS 6-digit -- by ownership sector","All establishment sizes",2,0,0,0,0,0,0,0,"N",19.99,0,0,0,0,0,0,0,"N",0,0.0,0,0,0,0,0,0,0,0,0,0,0,0,0,0
"51159","3","921190","78","0","2016","3","N","Richmond County, Virginia","Local Government","NAICS 921190 Other general government support","County, NAICS 6-digit -- by ownership sector","All establishment sizes",2,0,0,0,0,0,0,0,"N",20.16,0,0,0,0,0,0,0,"N",0,0.0,0,0,0,0,0,0,0,0,0,0,0,0,0,0
"51159","3","921190","78","0","2016","4","N","Richmond County, Virginia","Local Government","NAICS 921190 Other general government support","County, NAICS 6-digit -- by ownership sector","All establishment sizes",2,0,0,0,0,0,0,0,"N",21.03,0,0,0,0,0,0,0,"N",0,0.0,0,0,0,0,0,0,0,0,0,0,0,0,0,0
"51159","3","922","75","0","2016","1","N","Richmond County, Virginia","Local Government","NAICS 922 Justice, public order, and safety activities","County, NAICS 3-digit -- by ownership sector","All establishment sizes",1,0,0,0,0,0,0,0,"N",3.28,0,0,0,0,0,0,0,"N",0,0.0,0,0,0,0,0,0,0,0,0,0,0,0,0,0
"51159","3","922","75","0","2016","2","N","Richmond County, Virginia","Local Government","NAICS 922 Justice, public order, and safety activities","County, NAICS 3-digit -- by ownership sector","All establishment sizes",1,0,0,0,0,0,0,0,"N",3.31,0,0,0,0,0,0,0,"N",0,0.0,0,0,0,0,0,0,0,0,0,0,0,0,0,0
"51159","3","922","75","0","2016","3","N","Richmond County, Virginia","Local Government","NAICS 922 Justice, public order, and safety activities","County, NAICS 3-digit -- by ownership sector","All establishment sizes",1,0,0,0,0,0,0,0,"N",3.34,0,0,0,0,0,0,0,"N",0,0.0,0,0,0,0,0,0,0,0,0,0,0,0,0,0
"51159","3","922","75","0","2016","4","N","Richmond County, Virginia","Local Government","NAICS 922 Justice, public order, and safety activities","County, NAICS 3-digit -- by ownership sector","All establishment sizes",1,0,0,0,0,0,0,0,"N",3.49,0,0,0,0,0,0,0,"N",0,0.0,0,0,0,0,0,0,0,0,0,0,0,0,0,0
"51159","3","9221","76","0","2016","1","N","Richmond County, Virginia","Local Government","NAICS 9221 Justice, public order, and safety activities","County, NAICS 4-digit -- by ownership sector","All establishment sizes",1,0,0,0,0,0,0,0,"N",3.28,0,0,0,0,0,0,0,"N",0,0.0,0,0,0,0,0,0,0,0,0,0,0,0,0,0
"51159","3","9221","76","0","2016","2","N","Richmond County, Virginia","Local Government","NAICS 9221 Justice, public order, and safety activities","County, NAICS 4-digit -- by ownership sector","All establishment sizes",1,0,0,0,0,0,0,0,"N",3.31,0,0,0,0,0,0,0,"N",0,0.0,0,0,0,0,0,0,0,0,0,0,0,0,0,0
"51159","3","9221","76","0","2016","3","N","Richmond County, Virginia","Local Government","NAICS 9221 Justice, public order, and safety activities","County, NAICS 4-digit -- by ownership sector","All establishment sizes",1,0,0,0,0,0,0,0,"N",3.34,0,0,0,0,0,0,0,"N",0,0.0,0,0,0,0,0,0,0,0,0,0,0,0,0,0
"51159","3","9221","76","0","2016","4","N","Richmond County, Virginia","Local Government","NAICS 9221 Justice, public order, and safety activities","County, NAICS 4-digit -- by ownership sector","All establishment sizes",1,0,0,0,0,0,0,0,"N",3.49,0,0,0,0,0,0,0,"N",0,0.0,0,0,0,0,0,0,0,0,0,0,0,0,0,0
"51159","3","92214","77","0","2016","1","N","Richmond County, Virginia","Local Government","NAICS 92214 Correctional institutions","County, NAICS 5-digit -- by ownership sector","All establishment sizes",1,0,0,0,0,0,0,0,"N",75.60,0,0,0,0,0,0,0,"N",0,0.0,0,0,0,0,0,0,0,0,0,0,0,0,0,0
"51159","3","92214","77","0","2016","2","N","Richmond County, Virginia","Local Government","NAICS 92214 Correctional institutions","County, NAICS 5-digit -- by ownership sector","All establishment sizes",1,0,0,0,0,0,0,0,"N",76.40,0,0,0,0,0,0,0,"N",0,0.0,0,0,0,0,0,0,0,0,0,0,0,0,0,0
"51159","3","92214","77","0","2016","3","N","Richmond County, Virginia","Local Government","NAICS 92214 Correctional institutions","County, NAICS 5-digit -- by ownership sector","All establishment sizes",1,0,0,0,0,0,0,0,"N",76.90,0,0,0,0,0,0,0,"N",0,0.0,0,0,0,0,0,0,0,0,0,0,0,0,0,0
"51159","3","92214","77","0","2016","4","N","Richmond County, Virginia","Local Government","NAICS 92214 Correctional institutions","County, NAICS 5-digit -- by ownership sector","All establishment sizes",1,0,0,0,0,0,0,0,"N",80.43,0,0,0,0,0,0,0,"N",0,0.0,0,0,0,0,0,0,0,0,0,0,0,0,0,0
"51159","3","922140","78","0","2016","1","N","Richmond County, Virginia","Local Government","NAICS 922140 Correctional institutions","County, NAICS 6-digit -- by ownership sector","All establishment sizes",1,0,0,0,0,0,0,0,"N",75.60,0,0,0,0,0,0,0,"N",0,0.0,0,0,0,0,0,0,0,0,0,0,0,0,0,0
"51159","3","922140","78","0","2016","2","N","Richmond County, Virginia","Local Government","NAICS 922140 Correctional institutions","County, NAICS 6-digit -- by ownership sector","All establishment sizes",1,0,0,0,0,0,0,0,"N",76.40,0,0,0,0,0,0,0,"N",0,0.0,0,0,0,0,0,0,0,0,0,0,0,0,0,0
"51159","3","922140","78","0","2016","3","N","Richmond County, Virginia","Local Government","NAICS 922140 Correctional institutions","County, NAICS 6-digit -- by ownership sector","All establishment sizes",1,0,0,0,0,0,0,0,"N",76.90,0,0,0,0,0,0,0,"N",0,0.0,0,0,0,0,0,0,0,0,0,0,0,0,0,0
"51159","3","922140","78","0","2016","4","N","Richmond County, Virginia","Local Government","NAICS 922140 Correctional institutions","County, NAICS 6-digit -- by ownership sector","All establishment sizes",1,0,0,0,0,0,0,0,"N",80.43,0,0,0,0,0,0,0,"N",0,0.0,0,0,0,0,0,0,0,0,0,0,0,0,0,0
"51159","3","924","75","0","2016","1","N","Richmond County, Virginia","Local Government","NAICS 924 Administration of environmental programs","County, NAICS 3-digit -- by ownership sector","All establishment sizes",1,0,0,0,0,0,0,0,"N",10.90,0,0,0,0,0,0,0,"N",0,0.0,0,0,0,0,0,0,0,0,0,0,0,0,0,0
"51159","3","924","75","0","2016","2","N","Richmond County, Virginia","Local Government","NAICS 924 Administration of environmental programs","County, NAICS 3-digit -- by ownership sector","All establishment sizes",1,0,0,0,0,0,0,0,"N",11.00,0,0,0,0,0,0,0,"N",0,0.0,0,0,0,0,0,0,0,0,0,0,0,0,0,0
"51159","3","924","75","0","2016","3","N","Richmond County, Virginia","Local Government","NAICS 924 Administration of environmental programs","County, NAICS 3-digit -- by ownership sector","All establishment sizes",1,0,0,0,0,0,0,0,"N",11.10,0,0,0,0,0,0,0,"N",0,0.0,0,0,0,0,0,0,0,0,0,0,0,0,0,0
"51159","3","924","75","0","2016","4","N","Richmond County, Virginia","Local Government","NAICS 924 Administration of environmental programs","County, NAICS 3-digit -- by ownership sector","All establishment sizes",1,0,0,0,0,0,0,0,"N",11.59,0,0,0,0,0,0,0,"N",0,0.0,0,0,0,0,0,0,0,0,0,0,0,0,0,0
"51159","3","9241","76","0","2016","1","N","Richmond County, Virginia","Local Government","NAICS 9241 Administration of environmental programs","County, NAICS 4-digit -- by ownership sector","All establishment sizes",1,0,0,0,0,0,0,0,"N",10.90,0,0,0,0,0,0,0,"N",0,0.0,0,0,0,0,0,0,0,0,0,0,0,0,0,0
"51159","3","9241","76","0","2016","2","N","Richmond County, Virginia","Local Government","NAICS 9241 Administration of environmental programs","County, NAICS 4-digit -- by ownership sector","All establishment sizes",1,0,0,0,0,0,0,0,"N",11.00,0,0,0,0,0,0,0,"N",0,0.0,0,0,0,0,0,0,0,0,0,0,0,0,0,0
"51159","3","9241","76","0","2016","3","N","Richmond County, Virginia","Local Government","NAICS 9241 Administration of environmental programs","County, NAICS 4-digit -- by ownership sector","All establishment sizes",1,0,0,0,0,0,0,0,"N",11.10,0,0,0,0,0,0,0,"N",0,0.0,0,0,0,0,0,0,0,0,0,0,0,0,0,0
"51159","3","9241","76","0","2016","4","N","Richmond County, Virginia","Local Government","NAICS 9241 Administration of environmental programs","County, NAICS 4-digit -- by ownership sector","All establishment sizes",1,0,0,0,0,0,0,0,"N",11.59,0,0,0,0,0,0,0,"N",0,0.0,0,0,0,0,0,0,0,0,0,0,0,0,0,0
"51159","3","92412","77","0","2016","1","N","Richmond County, Virginia","Local Government","NAICS 92412 Administration of conservation programs","County, NAICS 5-digit -- by ownership sector","All establishment sizes",1,0,0,0,0,0,0,0,"N",17.36,0,0,0,0,0,0,0,"N",0,0.0,0,0,0,0,0,0,0,0,0,0,0,0,0,0
"51159","3","92412","77","0","2016","2","N","Richmond County, Virginia","Local Government","NAICS 92412 Administration of conservation programs","County, NAICS 5-digit -- by ownership sector","All establishment sizes",1,0,0,0,0,0,0,0,"N",17.54,0,0,0,0,0,0,0,"N",0,0.0,0,0,0,0,0,0,0,0,0,0,0,0,0,0
"51159","3","92412","77","0","2016","3","N","Richmond County, Virginia","Local Government","NAICS 92412 Administration of conservation programs","County, NAICS 5-digit -- by ownership sector","All establishment sizes",1,0,0,0,0,0,0,0,"N",17.76,0,0,0,0,0,0,0,"N",0,0.0,0,0,0,0,0,0,0,0,0,0,0,0,0,0
"51159","3","92412","77","0","2016","4","N","Richmond County, Virginia","Local Government","NAICS 92412 Administration of conservation programs","County, NAICS 5-digit -- by ownership sector","All establishment sizes",1,0,0,0,0,0,0,0,"N",18.55,0,0,0,0,0,0,0,"N",0,0.0,0,0,0,0,0,0,0,0,0,0,0,0,0,0
"51159","3","924120","78","0","2016","1","N","Richmond County, Virginia","Local Government","NAICS 924120 Administration of conservation programs","County, NAICS 6-digit -- by ownership sector","All establishment sizes",1,0,0,0,0,0,0,0,"N",17.36,0,0,0,0,0,0,0,"N",0,0.0,0,0,0,0,0,0,0,0,0,0,0,0,0,0
"51159","3","924120","78","0","2016","2","N","Richmond County, Virginia","Local Government","NAICS 924120 Administration of conservation programs","County, NAICS 6-digit -- by ownership sector","All establishment sizes",1,0,0,0,0,0,0,0,"N",17.54,0,0,0,0,0,0,0,"N",0,0.0,0,0,0,0,0,0,0,0,0,0,0,0,0,0
"51159","3","924120","78","0","2016","3","N","Richmond County, Virginia","Local Government","NAICS 924120 Administration of conservation programs","County, NAICS 6-digit -- by ownership sector","All establishment sizes",1,0,0,0,0,0,0,0,"N",17.76,0,0,0,0,0,0,0,"N",0,0.0,0,0,0,0,0,0,0,0,0,0,0,0,0,0
"51159","3","924120","78","0","2016","4","N","Richmond County, Virginia","Local Government","NAICS 924120 Administration of conservation programs","County, NAICS 6-digit -- by ownership sector","All establishment sizes",1,0,0,0,0,0,0,0,"N",18.55,0,0,0,0,0,0,0,"N",0,0.0,0,0,0,0,0,0,0,0,0,0,0,0,0,0
"51159","5","10","71","0","2016","1","","Richmond County, Virginia","Private","10 Total, all industries","County, Total -- by ownership sector","All establishment sizes",196,1739,1762,1785,15048091,8946204,138057,657,"",0.89,0.74,0.74,0.74,0.71,0.87,0.97,0.96,"",16,8.9,103,6.3,113,6.9,101,6.0,477674,3.3,853130,10.5,-5624,-3.9,-20,-3.0
"51159","5","10","71","0","2016","2","","Richmond County, Virginia","Private","10 Total, all industries","County, Total -- by ownership sector","All establishment sizes",196,1819,1813,1857,15845035,3051749,49986,666,"",0.89,0.74,0.75,0.75,0.72,0.92,0.98,0.96,"",7,3.7,77,4.4,-8,-0.4,43,2.4,187163,1.2,38422,1.3,-13355,-21.1,-6,-0.9
"51159","5","10","71","0","2016","3","","Richmond County, Virginia","Private","10 Total, all industries","County, Total -- by ownership sector","All establishment sizes",196,1846,1868,1834,17504890,2000664,33999,728,"",0.89,0.79,0.75,0.75,0.76,0.99,1.00,1.00,"",7,3.7,40,2.2,89,5.0,85,4.9,2517813,16.8,294706,17.3,-508,-1.5,80,12.3
"51159","5","10","71","0","2016","4","","Richmond County, Virginia","Private","10 Total, all industries","County, Total -- by ownership sector","All establishment sizes",187,1841,1806,1803,17171994,1449839,26745,727,"",0.88,0.75,0.74,0.73,0.74,0.95,0.99,1.00,"",-10,-5.1,69,3.9,-2,-0.1,-6,-0.3,204856,1.2,58801,4.2,-2633,-9.0,0,0.0
"51159","5","101","72","0","2016","1","","Richmond County, Virginia","Private","101 Goods-producing","County, by Domain -- by ownership sector","All establishment sizes",30,264,268,276,2994868,1817959,37508,855,"",1.02,0.65,0.65,0.66,0.72,0.77,0.92,1.10,"",4,15.4,13,5.2,15,5.9,16,6.2,297092,11.0,130776,7.8,1424,3.9,40,4.9
"51159","5","101","72","0","2016","2","","Richmond County, Virginia","Private","101 Goods-producing","County, by Domain -- by ownership sector","All establishment sizes",31,309,311,307,3438186,634872,17709,856,"",1.05,0.73,0.74,0.71,0.77,0.93,1.28,1.06,"",1,3.3,9,3.0,-5,-1.6,-5,-1.6,273645,8.6,1801,0.3,-1768,-9.1,69,8.8
"51159","5","101","72","0","2016","3","","Richmond County, Virginia","Private","101 Goods-producing","County, by Domain -- by ownership sector","All establishment sizes",31,305,309,321,4209255,267083,8210,1039,"",1.06,0.74,0.71,0.75,0.90,0.69,0.93,1.22,"",1,3.3,-11,-3.5,-9,-2.8,9,2.9,911838,27.7,-18468,-6.5,320,4.1,235,29.2
"51159","5","101","72","0","2016","4","","Richmond County, Virginia","Private","101 Goods-producing","County, by Domain -- by ownership sector","All establishment sizes",32,307,300,300,3536957,177897,5003,900,"",1.13,0.72,0.72,0.72,0.76,0.68,0.81,1.06,"",2,6.7,2,0.7,-6,-2.0,-4,-1.3,-166891,-4.5,14201,8.7,471,10.4,-34,-3.6
"51159","5","1011","73","0","2016","1","","Richmond County, Virginia","Private","1011 Natural resources and mining","County, by Supersector -- by ownership sector","All establishment sizes",5,28,30,39,199528,178547,303,475,"",1.53,0.80,0.84,1.08,0.56,0.97,0.11,0.61,"",0,0.0,-4,-12.5,-3,-9.1,-3,-7.1,-2016,-1.0,-4687,-2.6,-580,-65.7,40,9.2
"51159","5","1011","73","0","2016","2","","Richmond County, Virginia","Private","1011 Natural resources and mining","County, by Supersector -- by ownership sector","All establishment sizes",5,45,46,44,265975,127224,215,455,"",1.55,1.18,1.19,1.08,0.73,1.83,0.16,0.64,"",0,0.0,-2,-4.3,-9,-16.4,-2,-4.3,-31041,-10.5,-7583,-5.6,-660,-75.4,-8,-1.7
"51159","5","1011","73","0","2016","3","","Richmond County, Virginia","Private","1011 Natural resources and mining","County, by Supersector -- by ownership sector","All establishment sizes",5,43,44,43,286805,39849,68,509,"",1.56,1.12,1.10,1.09,0.77,0.84,0.07,0.70,"",0,0.0,1,2.4,2,4.8,2,4.9,-6336,-2.2,-270,-0.7,-404,-85.6,-32,-5.9
"51159","5","1011","73","0","2016","4","","Richmond County, Virginia","Private","1011 Natural resources and mining","County, by Supersector -- by ownership sector","All establishment sizes",5,42,37,38,325224,29014,49,641,"",1.63,1.07,1.01,1.08,0.90,0.88,0.07,0.85,"",0,0.0,2,5.0,-2,-5.1,2,5.6,28801,9.7,22756,363.6,-53,-52.0,46,7.7
"51159","5","1012","73","0","2016","1","","Richmond County, Virginia","Private","1012 Construction","County, by Supersector -- by ownership sector","All establishment sizes",18,88,93,87,1326309,672914,26877,1142,"",0.99,0.70,0.73,0.67,1.17,0.94,1.65,1.66,"",3,20.0,12,15.8,15,19.2,8,10.1,187398,16.5,97583,17.0,782,3.0,14,1.2
"51159","5","1012","73","0","2016","2","","Richmond County, Virginia","Private","1012 Construction","County, by Supersector -- by ownership sector","All establishment sizes",19,115,116,116,1515043,260880,13132,1008,"",1.05,0.85,0.86,0.83,1.12,1.01,1.86,1.33,"",1,5.6,16,16.2,8,7.4,5,4.5,294157,24.1,8557,3.4,-1587,-10.8,122,13.8
"51159","5","1012","73","0","2016","3","","Richmond County, Virginia","Private","1012 Construction","County, by Supersector -- by ownership sector","All establishment sizes",19,114,119,124,2059922,159366,6368,1332,"",1.05,0.85,0.84,0.89,1.40,0.98,1.32,1.63,"",1,5.6,-3,-2.6,-2,-1.7,9,7.8,683298,49.6,31932,25.1,1017,19.0,432,48.0
"51159","5","1012","73","0","2016","4","","Richmond County, Virginia","Private","1012 Construction","County, by Supersector -- by ownership sector","All establishment sizes",20,116,116,117,1491798,97419,3963,986,"",1.15,0.83,0.85,0.87,1.00,0.86,1.16,1.17,"",2,11.1,-2,-1.7,-5,-4.1,-4,-3.3,-213265,-12.5,-52,-0.1,-37,-0.9,-107,-9.8
"51159","5","1013","73","0","2016","1","","Richmond County, Virginia","Private","1013 Manufacturing","County, by Supersector -- by ownership sector","All establishment sizes",7,148,145,150,1469031,966498,10328,765,"",0.86,0.60,0.58,0.60,0.55,0.67,0.48,0.93,"",1,16.7,5,3.5,3,2.1,11,7.9,111710,8.2,37880,4.1,1222,13.4,26,3.5
"51159","5","1013","73","0","2016","2","","Richmond County, Virginia","Private","1013 Manufacturing","County, by Supersector -- by ownership sector","All establishment sizes",7,149,149,147,1657168,246768,4362,859,"",0.87,0.60,0.60,0.58,0.60,0.69,0.81,1.01,"",0,0.0,-5,-3.2,-4,-2.6,-8,-5.2,10529,0.6,827,0.3,479,12.3,37,4.5
"51159","5","1013","73","0","2016","3","","Richmond County, Virginia","Private","1013 Manufacturing","County, by Supersector -- by ownership sector","All establishment sizes",7,148,146,154,1862528,67868,1774,959,"",0.87,0.62,0.58,0.62,0.65,0.39,0.61,1.08,"",0,0.0,-9,-5.7,-9,-5.8,-2,-1.3,234876,14.4,-50130,-42.5,-293,-14.2,156,19.4
"51159","5","1013","73","0","2016","4","","Richmond County, Virginia","Private","1013 Manufacturing","County, by Supersector -- by ownership sector","All establishment sizes",7,149,147,145,1719935,51464,991,900,"",0.91,0.60,0.60,0.59,0.61,0.45,0.49,1.03,"",0,0.0,2,1.4,1,0.7,-2,-1.4,17573,1.0,-8503,-14.2,561,130.5,7,0.8
"51159","5","102","72","0","2016","1","","Richmond County, Virginia","Private","102 Service-providing","County, by Domain -- by ownership sector","All establishment sizes",166,1475,1494,1509,12053223,7128245,100549,621,"",0.87,0.76,0.75,0.76,0.71,0.89,0.99,0.93,"",12,7.8,90,6.5,98,7.0,85,6.0,180582,1.5,722354,11.3,-7048,-6.6,-31,-4.8
"51159","5","102","72","0","2016","2","","Richmond County, Virginia","Private","102 Service-providing","County, by Domain -- by ownership sector","All establishment sizes",165,1510,1502,1550,12406849,2416877,32277,628,"",0.87,0.75,0.75,0.76,0.71,0.92,0.87,0.94,"",6,3.8,68,4.7,-3,-0.2,48,3.2,-86482,-0.7,36621,1.5,-11587,-26.4,-20,-3.1
"51159","5","102","72","0","2016","3","","Richmond County, Virginia","Private","102 Service-providing","County, by Domain -- by ownership sector","All establishment sizes",165,1541,1559,1513,13295635,1733581,25789,665,"",0.87,0.80,0.76,0.75,0.73,1.05,1.02,0.95,"",6,3.8,51,3.4,98,6.7,76,5.3,1605975,13.7,313174,22.0,-828,-3.1,50,8.1
"51159","5","102","72","0","2016","4","","Richmond County, Virginia","Private","102 Service-providing","County, by Domain -- by ownership sector","All establishment sizes",155,1534,1506,1503,13635037,1271942,21742,693,"",0.84,0.76,0.75,0.74,0.73,1.00,1.04,0.98,"",-12,-7.2,67,4.6,4,0.3,-2,-0.1,371747,2.8,44600,3.6,-3104,-12.5,9,1.3
"51159","5","1021","73","0","2016","1","","Richmond County, Virginia","Private","1021 Trade, transportation, and utilities","County, by Supersector -- by ownership sector","All establishment sizes",50,474,476,482,3912750,2502175,32525,631,"",1.10,0.89,0.89,0.89,1.00,1.08,1.19,1.13,"",0,0.0,23,5.1,26,5.8,23,5.0,195688,5.3,116964,4.9,-7466,-18.7,0,0.0
"51159","5","1021","73","0","2016","2","","Richmond County, Virginia","Private","1021 Trade, transportation, and utilities","County, by Supersector -- by ownership sector","All establishment sizes",50,501,504,513,4244515,866666,10851,645,"",1.11,0.92,0.93,0.93,1.01,1.10,1.10,1.09,"",0,0.0,14,2.9,2,0.4,19,3.8,220035,5.5,-14275,-1.6,-4307,-28.4,19,3.0
"51159","5","1021","73","0","2016","3","","Richmond County, Virginia","Private","1021 Trade, transportation, and utilities","County, by Supersector -- by ownership sector","All establishment sizes",50,497,498,487,4245844,513658,6657,661,"",1.12,0.95,0.90,0.90,0.98,1.12,1.09,1.07,"",0,0.0,6,1.2,27,5.7,29,6.3,719470,20.4,72153,16.3,-109,-1.6,88,15.4
"51159","5","1021","73","0","2016","4","","Richmond County, Virginia","Private","1021 Trade, transportation, and utilities","County, by Supersector -- by ownership sector","All establishment sizes",48,515,502,498,4381369,364523,5035,667,"",1.12,0.94,0.91,0.88,1.01,1.01,0.98,1.11,"",-3,-5.9,34,7.1,14,2.9,21,4.4,30494,0.7,26999,8.0,-634,-11.2,-27,-3.9
"51159","5","1022","73","0","2016","1","N","Richmond County, Virginia","Private","1022 Information","County, by Supersector -- by ownership sector","All establishment sizes",2,0,0,0,0,0,0,0,"N",0.55,0,0,0,0,0,0,0,"N",-1,-33.3,0,0,0,0,0,0,0,0,0,0,0,0,0,0
"51159","5","1022","73","0","2016","2","N","Richmond County, Virginia","Private","1022 Information","County, by Supersector -- by ownership sector","All establishment sizes",2,0,0,0,0,0,0,0,"N",0.55,0,0,0,0,0,0,0,"N",-1,-33.3,0,0,0,0,0,0,0,0,0,0,0,0,0,0
"51159","5","1022","73","0","2016","3","N","Richmond County, Virginia","Private","1022 Information","County, by Supersector -- by ownership sector","All establishment sizes",2,0,0,0,0,0,0,0,"N",0.55,0,0,0,0,0,0,0,"N",0,0.0,0,0,0,0,0,0,0,0,0,0,0,0,0,0
"51159","5","1022","73","0","2016","4","N","Richmond County, Virginia","Private","1022 Information","County, by Supersector -- by ownership sector","All establishment sizes",2,0,0,0,0,0,0,0,"N",0.56,0,0,0,0,0,0,0,"N",0,0.0,0,0,0,0,0,0,0,0,0,0,0,0,0,0
"51159","5","1023","73","0","2016","1","","Richmond County, Virginia","Private","1023 Financial activities","County, by Supersector -- by ownership sector","All establishment sizes",19,73,74,73,881553,414497,8792,925,"",0.94,0.46,0.46,0.46,0.31,0.44,0.73,0.67,"N",3,18.8,0,0,0,0,0,0,0,0,0,0,0,0,0,0
"51159","5","1023","73","0","2016","2","","Richmond County, Virginia","Private","1023 Financial activities","County, by Supersector -- by ownership sector","All establishment sizes",20,75,76,80,766569,87394,1210,766,"",1.00,0.47,0.48,0.49,0.35,0.44,0.47,0.73,"N",3,17.6,0,0,0,0,0,0,0,0,0,0,0,0,0,0
"51159","5","1023","73","0","2016","3","","Richmond County, Virginia","Private","1023 Financial activities","County, by Supersector -- by ownership sector","All establishment sizes",21,76,75,75,721015,89616,2046,736,"",1.05,0.49,0.46,0.47,0.32,0.81,1.26,0.67,"N",3,16.7,0,0,0,0,0,0,0,0,0,0,0,0,0,0
"51159","5","1023","73","0","2016","4","","Richmond County, Virginia","Private","1023 Financial activities","County, by Supersector -- by ownership sector","All establishment sizes",20,74,76,77,727211,57259,1180,739,"",1.04,0.46,0.48,0.48,0.30,0.71,0.91,0.64,"N",0,0.0,0,0,0,0,0,0,0,0,0,0,0,0,0,0
"51159","5","1024","73","0","2016","1","","Richmond County, Virginia","Private","1024 Professional and business services","County, by Supersector -- by ownership sector","All establishment sizes",28,204,211,221,2374024,1364790,30968,861,"",0.68,0.52,0.53,0.55,0.51,0.65,0.99,0.96,"",5,21.7,34,20.0,38,22.0,36,19.5,-107810,-4.3,396793,41.0,11705,60.8,-224,-20.6
"51159","5","1024","73","0","2016","2","","Richmond County, Virginia","Private","1024 Professional and business services","County, by Supersector -- by ownership sector","All establishment sizes",25,206,200,207,2373757,409734,9477,894,"",0.61,0.51,0.50,0.50,0.50,0.67,0.89,0.99,"",2,8.7,24,13.2,4,2.0,5,2.5,-603637,-20.3,70688,20.8,-1120,-10.6,-291,-24.6
"51159","5","1024","73","0","2016","3","","Richmond County, Virginia","Private","1024 Professional and business services","County, by Supersector -- by ownership sector","All establishment sizes",25,209,218,216,2715120,395097,10104,974,"",0.61,0.54,0.53,0.53,0.55,1.02,1.34,1.04,"",1,4.2,11,5.6,19,9.5,23,11.9,240863,9.7,145147,58.1,2054,25.5,6,0.6
"51159","5","1024","73","0","2016","4","","Richmond County, Virginia","Private","1024 Professional and business services","County, by Supersector -- by ownership sector","All establishment sizes",25,225,227,225,2681649,334475,9596,914,"",0.63,0.55,0.56,0.55,0.52,1.06,1.47,0.94,"",-4,-13.8,4,1.8,6,2.7,5,2.3,-245311,-8.4,25303,8.2,484,5.3,-106,-10.4
"51159","5","1025","73","0","2016","1","","Richmond County, Virginia","Private","1025 Education and health services","County, by Supersector -- by ownership sector","All establishment sizes",29,367,374,378,2323209,1230557,11036,479,"",0.78,0.86,0.86,0.86,0.73,1.13,0.89,0.85,"",2,7.4,-8,-2.1,-3,-0.8,0,0.0,42023,1.8,74535,6.4,-11910,-51.9,13,2.8
"51159","5","1025","73","0","2016","2","","Richmond County, Virginia","Private","1025 Education and health services","County, by Supersector -- by ownership sector","All establishment sizes",30,377,372,383,2428412,551286,4936,495,"",0.81,0.85,0.85,0.87,0.67,1.40,0.96,0.78,"",3,11.1,9,2.4,-6,-1.6,2,0.5,161148,7.1,-83262,-13.1,-6095,-55.3,31,6.7
"51159","5","1025","73","0","2016","3","","Richmond County, Virginia","Private","1025 Education and health services","County, by Supersector -- by ownership sector","All establishment sizes",29,379,400,380,2658591,383190,3297,529,"",0.78,0.91,0.91,0.87,0.69,1.59,1.00,0.77,"",2,7.4,15,4.1,42,11.7,21,5.8,132134,5.2,41511,12.1,-3055,-48.1,-10,-1.9
"51159","5","1025","73","0","2016","4","","Richmond County, Virginia","Private","1025 Education and health services","County, by Supersector -- by ownership sector","All establishment sizes",26,395,381,382,2651977,256375,2753,528,"",0.72,0.89,0.87,0.86,0.70,1.36,0.99,0.80,"",-1,-3.7,33,9.1,16,4.4,10,2.7,204061,8.3,52572,25.8,-378,-12.1,14,2.7
"51159","5","1026","73","0","2016","1","","Richmond County, Virginia","Private","1026 Leisure and hospitality","County, by Supersector -- by ownership sector","All establishment sizes",16,144,144,145,533844,454508,4948,285,"",0.83,0.49,0.48,0.47,0.51,0.57,0.55,1.07,"",1,6.7,19,15.2,21,17.1,16,12.4,67203,14.4,64406,16.5,768,18.4,-1,-0.3
"51159","5","1026","73","0","2016","2","","Richmond County, Virginia","Private","1026 Leisure and hospitality","County, by Supersector -- by ownership sector","All establishment sizes",16,133,149,151,565701,296071,2996,301,"",0.83,0.42,0.47,0.46,0.46,0.66,0.51,1.03,"",1,6.7,1,0.8,-1,-0.7,-2,-1.3,27239,5.1,30093,11.3,-638,-17.6,15,5.2
"51159","5","1026","73","0","2016","3","","Richmond County, Virginia","Private","1026 Leisure and hospitality","County, by Supersector -- by ownership sector","All establishment sizes",16,163,154,146,625537,239300,2417,312,"",0.84,0.52,0.46,0.46,0.48,0.74,0.52,0.99,"",1,6.7,12,7.9,3,2.0,4,2.8,63699,11.3,22498,10.4,-764,-24.0,20,6.8
"51159","5","1026","73","0","2016","4","","Richmond County, Virginia","Private","1026 Leisure and hospitality","County, by Supersector -- by ownership sector","All establishment sizes",16,143,144,138,584950,165983,1443,318,"",0.87,0.45,0.47,0.45,0.46,0.70,0.42,1.01,"",0,0.0,4,2.9,-1,-0.7,-6,-4.2,1035,0.2,18861,12.8,-690,-32.3,3,1.0
"51159","5","1027","73","0","2016","1","","Richmond County, Virginia","Private","1027 Other services","County, by Supersector -- by ownership sector","All establishment sizes",20,157,157,154,1212879,831960,8238,598,"",1.02,1.83,1.80,1.75,2.47,2.69,2.15,1.38,"",0,0.0,19,13.8,17,12.1,14,10.0,234951,24.0,149226,21.9,4358,112.3,58,10.7
"51159","5","1027","73","0","2016","2","","Richmond County, Virginia","Private","1027 Other services","County, by Supersector -- by ownership sector","All establishment sizes",20,162,159,161,1316391,168627,1959,630,"",1.03,1.81,1.79,1.77,2.37,1.45,1.26,1.32,"",-4,-16.7,28,20.9,25,18.7,30,22.9,203669,18.3,40192,31.3,984,100.9,-14,-2.2
"51159","5","1027","73","0","2016","3","","Richmond County, Virginia","Private","1027 Other services","County, by Supersector -- by ownership sector","All establishment sizes",20,164,161,155,1398775,100859,1000,672,"",1.03,1.91,1.77,1.74,2.42,1.42,0.97,1.34,"",-3,-13.0,21,14.7,20,14.2,12,8.4,370582,36.0,7064,7.5,315,46.0,116,20.9
"51159","5","1027","73","0","2016","4","","Richmond County, Virginia","Private","1027 Other services","County, by Supersector -- by ownership sector","All establishment sizes",17,134,134,131,1265388,76059,1338,732,"",0.91,1.50,1.52,1.48,2.24,1.41,1.59,1.49,"",-5,-22.7,0,0.0,-16,-10.7,-23,-14.9,-143150,-10.2,-96845,-56.0,-2089,-61.0,-10,-1.3
"51159","5","1029","73","0","2016","1","N","Richmond County, Virginia","Private","1029 Unclassified","County, by Supersector -- by ownership sector","All establishment sizes",2,0,0,0,0,0,0,0,"N",0.41,0,0,0,0,0,0,0,"N",2,100.0,0,0,0,0,0,0,0,0,0,0,0,0,0,0
"51159","5","1029","73","0","2016","2","N","Richmond County, Virginia","Private","1029 Unclassified","County, by Supersector -- by ownership sector","All establishment sizes",2,0,0,0,0,0,0,0,"N",0.40,0,0,0,0,0,0,0,"N",2,100.0,0,0,0,0,0,0,0,0,0,0,0,0,0,0
"51159","5","1029","73","0","2016","3","N","Richmond County, Virginia","Private","1029 Unclassified","County, by Supersector -- by ownership sector","All establishment sizes",2,0,0,0,0,0,0,0,"N",0.34,0,0,0,0,0,0,0,"N",2,100.0,0,0,0,0,0,0,0,0,0,0,0,0,0,0
"51159","5","1029","73","0","2016","4","N","Richmond County, Virginia","Private","1029 Unclassified","County, by Supersector -- by ownership sector","All establishment sizes",1,0,0,0,0,0,0,0,"N",0.18,0,0,0,0,0,0,0,"N",1,100.0,0,0,0,0,0,0,0,0,0,0,0,0,0,0
"51159","5","11","74","0","2016","1","","Richmond County, Virginia","Private","NAICS 11 Agriculture, forestry, fishing and hunting","County, NAICS Sector -- by ownership sector","All establishment sizes",5,28,30,39,199528,178547,303,475,"",2.05,1.28,1.33,1.68,1.75,1.97,0.21,1.22,"",0,0.0,-4,-12.5,-3,-9.1,-3,-7.1,-2016,-1.0,-4687,-2.6,-580,-65.7,40,9.2
"51159","5","11","74","0","2016","2","","Richmond County, Virginia","Private","NAICS 11 Agriculture, forestry, fishing and hunting","County, NAICS Sector -- by ownership sector","All establishment sizes",5,45,46,44,265975,127224,215,455,"",2.07,1.76,1.73,1.56,1.75,2.40,0.20,1.04,"",0,0.0,-2,-4.3,-9,-16.4,-2,-4.3,-31041,-10.5,-7583,-5.6,-660,-75.4,-8,-1.7
"51159","5","11","74","0","2016","3","","Richmond County, Virginia","Private","NAICS 11 Agriculture, forestry, fishing and hunting","County, NAICS Sector -- by ownership sector","All establishment sizes",5,43,44,43,286805,39849,68,509,"",2.07,1.60,1.58,1.56,1.73,1.02,0.08,1.10,"",0,0.0,1,2.4,2,4.8,2,4.9,-6336,-2.2,-270,-0.7,-404,-85.6,-32,-5.9
"51159","5","11","74","0","2016","4","","Richmond County, Virginia","Private","NAICS 11 Agriculture, forestry, fishing and hunting","County, NAICS Sector -- by ownership sector","All establishment sizes",5,42,37,38,325224,29014,49,641,"",2.15,1.56,1.51,1.65,2.15,1.12,0.09,1.37,"",0,0.0,2,5.0,-2,-5.1,2,5.6,28801,9.7,22756,363.6,-53,-52.0,46,7.7
"51159","5","111","75","0","2016","1","N","Richmond County, Virginia","Private","NAICS 111 Crop production","County, NAICS 3-digit -- by ownership sector","All establishment sizes",1,0,0,0,0,0,0,0,"N",0.90,0,0,0,0,0,0,0,"N",0,0.0,0,0,0,0,0,0,0,0,0,0,0,0,0,0
"51159","5","111","75","0","2016","2","N","Richmond County, Virginia","Private","NAICS 111 Crop production","County, NAICS 3-digit -- by ownership sector","All establishment sizes",1,0,0,0,0,0,0,0,"N",0.91,0,0,0,0,0,0,0,"N",0,0.0,0,0,0,0,0,0,0,0,0,0,0,0,0,0
"51159","5","111","75","0","2016","3","N","Richmond County, Virginia","Private","NAICS 111 Crop production","County, NAICS 3-digit -- by ownership sector","All establishment sizes",1,0,0,0,0,0,0,0,"N",0.91,0,0,0,0,0,0,0,"N",0,0.0,0,0,0,0,0,0,0,0,0,0,0,0,0,0
"51159","5","111","75","0","2016","4","N","Richmond County, Virginia","Private","NAICS 111 Crop production","County, NAICS 3-digit -- by ownership sector","All establishment sizes",1,0,0,0,0,0,0,0,"N",0.95,0,0,0,0,0,0,0,"N",0,0.0,0,0,0,0,0,0,0,0,0,0,0,0,0,0
"51159","5","1114","76","0","2016","1","N","Richmond County, Virginia","Private","NAICS 1114 Greenhouse and nursery production","County, NAICS 4-digit -- by ownership sector","All establishment sizes",1,0,0,0,0,0,0,0,"N",4.87,0,0,0,0,0,0,0,"N",0,0.0,0,0,0,0,0,0,0,0,0,0,0,0,0,0
"51159","5","1114","76","0","2016","2","N","Richmond County, Virginia","Private","NAICS 1114 Greenhouse and nursery production","County, NAICS 4-digit -- by ownership sector","All establishment sizes",1,0,0,0,0,0,0,0,"N",4.90,0,0,0,0,0,0,0,"N",0,0.0,0,0,0,0,0,0,0,0,0,0,0,0,0,0
"51159","5","1114","76","0","2016","3","N","Richmond County, Virginia","Private","NAICS 1114 Greenhouse and nursery production","County, NAICS 4-digit -- by ownership sector","All establishment sizes",1,0,0,0,0,0,0,0,"N",4.89,0,0,0,0,0,0,0,"N",0,0.0,0,0,0,0,0,0,0,0,0,0,0,0,0,0
"51159","5","1114","76","0","2016","4","N","Richmond County, Virginia","Private","NAICS 1114 Greenhouse and nursery production","County, NAICS 4-digit -- by ownership sector","All establishment sizes",1,0,0,0,0,0,0,0,"N",5.09,0,0,0,0,0,0,0,"N",0,0.0,0,0,0,0,0,0,0,0,0,0,0,0,0,0
"51159","5","11142","77","0","2016","1","N","Richmond County, Virginia","Private","NAICS 11142 Nursery and floriculture production","County, NAICS 5-digit -- by ownership sector","All establishment sizes",1,0,0,0,0,0,0,0,"N",5.78,0,0,0,0,0,0,0,"N",0,0.0,0,0,0,0,0,0,0,0,0,0,0,0,0,0
"51159","5","11142","77","0","2016","2","N","Richmond County, Virginia","Private","NAICS 11142 Nursery and floriculture production","County, NAICS 5-digit -- by ownership sector","All establishment sizes",1,0,0,0,0,0,0,0,"N",5.84,0,0,0,0,0,0,0,"N",0,0.0,0,0,0,0,0,0,0,0,0,0,0,0,0,0
"51159","5","11142","77","0","2016","3","N","Richmond County, Virginia","Private","NAICS 11142 Nursery and floriculture production","County, NAICS 5-digit -- by ownership sector","All establishment sizes",1,0,0,0,0,0,0,0,"N",5.87,0,0,0,0,0,0,0,"N",0,0.0,0,0,0,0,0,0,0,0,0,0,0,0,0,0
"51159","5","11142","77","0","2016","4","N","Richmond County, Virginia","Private","NAICS 11142 Nursery and floriculture production","County, NAICS 5-digit -- by ownership sector","All establishment sizes",1,0,0,0,0,0,0,0,"N",6.13,0,0,0,0,0,0,0,"N",0,0.0,0,0,0,0,0,0,0,0,0,0,0,0,0,0
"51159","5","111421","78","0","2016","1","N","Richmond County, Virginia","Private","NAICS 111421 Nursery and tree production","County, NAICS 6-digit -- by ownership sector","All establishment sizes",1,0,0,0,0,0,0,0,"N",8.39,0,0,0,0,0,0,0,"N",0,0.0,0,0,0,0,0,0,0,0,0,0,0,0,0,0
"51159","5","111421","78","0","2016","2","N","Richmond County, Virginia","Private","NAICS 111421 Nursery and tree production","County, NAICS 6-digit -- by ownership sector","All establishment sizes",1,0,0,0,0,0,0,0,"N",8.47,0,0,0,0,0,0,0,"N",0,0.0,0,0,0,0,0,0,0,0,0,0,0,0,0,0
"51159","5","111421","78","0","2016","3","N","Richmond County, Virginia","Private","NAICS 111421 Nursery and tree production","County, NAICS 6-digit -- by ownership sector","All establishment sizes",1,0,0,0,0,0,0,0,"N",8.50,0,0,0,0,0,0,0,"N",0,0.0,0,0,0,0,0,0,0,0,0,0,0,0,0,0
"51159","5","111421","78","0","2016","4","N","Richmond County, Virginia","Private","NAICS 111421 Nursery and tree production","County, NAICS 6-digit -- by ownership sector","All establishment sizes",1,0,0,0,0,0,0,0,"N",8.86,0,0,0,0,0,0,0,"N",0,0.0,0,0,0,0,0,0,0,0,0,0,0,0,0,0
"51159","5","112","75","0","2016","1","N","Richmond County, Virginia","Private","NAICS 112 Animal production and aquaculture","County, NAICS 3-digit -- by ownership sector","All establishment sizes",2,0,0,0,0,0,0,0,"N",3.35,0,0,0,0,0,0,0,"N",0,0.0,0,0,0,0,0,0,0,0,0,0,0,0,0,0
"51159","5","112","75","0","2016","2","N","Richmond County, Virginia","Private","NAICS 112 Animal production and aquaculture","County, NAICS 3-digit -- by ownership sector","All establishment sizes",2,0,0,0,0,0,0,0,"N",3.38,0,0,0,0,0,0,0,"N",0,0.0,0,0,0,0,0,0,0,0,0,0,0,0,0,0
"51159","5","112","75","0","2016","3","N","Richmond County, Virginia","Private","NAICS 112 Animal production and aquaculture","County, NAICS 3-digit -- by ownership sector","All establishment sizes",2,0,0,0,0,0,0,0,"N",3.40,0,0,0,0,0,0,0,"N",0,0.0,0,0,0,0,0,0,0,0,0,0,0,0,0,0
"51159","5","112","75","0","2016","4","N","Richmond County, Virginia","Private","NAICS 112 Animal production and aquaculture","County, NAICS 3-digit -- by ownership sector","All establishment sizes",2,0,0,0,0,0,0,0,"N",3.53,0,0,0,0,0,0,0,"N",0,0.0,0,0,0,0,0,0,0,0,0,0,0,0,0,0
"51159","5","1121","76","0","2016","1","N","Richmond County, Virginia","Private","NAICS 1121 Cattle ranching and farming","County, NAICS 4-digit -- by ownership sector","All establishment sizes",1,0,0,0,0,0,0,0,"N",2.55,0,0,0,0,0,0,0,"N",0,0.0,0,0,0,0,0,0,0,0,0,0,0,0,0,0
"51159","5","1121","76","0","2016","2","N","Richmond County, Virginia","Private","NAICS 1121 Cattle ranching and farming","County, NAICS 4-digit -- by ownership sector","All establishment sizes",1,0,0,0,0,0,0,0,"N",2.57,0,0,0,0,0,0,0,"N",0,0.0,0,0,0,0,0,0,0,0,0,0,0,0,0,0
"51159","5","1121","76","0","2016","3","N","Richmond County, Virginia","Private","NAICS 1121 Cattle ranching and farming","County, NAICS 4-digit -- by ownership sector","All establishment sizes",1,0,0,0,0,0,0,0,"N",2.58,0,0,0,0,0,0,0,"N",0,0.0,0,0,0,0,0,0,0,0,0,0,0,0,0,0
"51159","5","1121","76","0","2016","4","N","Richmond County, Virginia","Private","NAICS 1121 Cattle ranching and farming","County, NAICS 4-digit -- by ownership sector","All establishment sizes",1,0,0,0,0,0,0,0,"N",2.69,0,0,0,0,0,0,0,"N",0,0.0,0,0,0,0,0,0,0,0,0,0,0,0,0,0
"51159","5","11212","77","0","2016","1","N","Richmond County, Virginia","Private","NAICS 11212 Dairy cattle and milk production","County, NAICS 5-digit -- by ownership sector","All establishment sizes",1,0,0,0,0,0,0,0,"N",5.91,0,0,0,0,0,0,0,"N",0,0.0,0,0,0,0,0,0,0,0,0,0,0,0,0,0
"51159","5","11212","77","0","2016","2","N","Richmond County, Virginia","Private","NAICS 11212 Dairy cattle and milk production","County, NAICS 5-digit -- by ownership sector","All establishment sizes",1,0,0,0,0,0,0,0,"N",5.99,0,0,0,0,0,0,0,"N",0,0.0,0,0,0,0,0,0,0,0,0,0,0,0,0,0
"51159","5","11212","77","0","2016","3","N","Richmond County, Virginia","Private","NAICS 11212 Dairy cattle and milk production","County, NAICS 5-digit -- by ownership sector","All establishment sizes",1,0,0,0,0,0,0,0,"N",6.03,0,0,0,0,0,0,0,"N",0,0.0,0,0,0,0,0,0,0,0,0,0,0,0,0,0
"51159","5","11212","77","0","2016","4","N","Richmond County, Virginia","Private","NAICS 11212 Dairy cattle and milk production","County, NAICS 5-digit -- by ownership sector","All establishment sizes",1,0,0,0,0,0,0,0,"N",6.31,0,0,0,0,0,0,0,"N",0,0.0,0,0,0,0,0,0,0,0,0,0,0,0,0,0
"51159","5","112120","78","0","2016","1","N","Richmond County, Virginia","Private","NAICS 112120 Dairy cattle and milk production","County, NAICS 6-digit -- by ownership sector","All establishment sizes",1,0,0,0,0,0,0,0,"N",5.91,0,0,0,0,0,0,0,"N",0,0.0,0,0,0,0,0,0,0,0,0,0,0,0,0,0
"51159","5","112120","78","0","2016","2","N","Richmond County, Virginia","Private","NAICS 112120 Dairy cattle and milk production","County, NAICS 6-digit -- by ownership sector","All establishment sizes",1,0,0,0,0,0,0,0,"N",5.99,0,0,0,0,0,0,0,"N",0,0.0,0,0,0,0,0,0,0,0,0,0,0,0,0,0
"51159","5","112120","78","0","2016","3","N","Richmond County, Virginia","Private","NAICS 112120 Dairy cattle and milk production","County, NAICS 6-digit -- by ownership sector","All establishment sizes",1,0,0,0,0,0,0,0,"N",6.03,0,0,0,0,0,0,0,"N",0,0.0,0,0,0,0,0,0,0,0,0,0,0,0,0,0
"51159","5","112120","78","0","2016","4","N","Richmond County, Virginia","Private","NAICS 112120 Dairy cattle and milk production","County, NAICS 6-digit -- by ownership sector","All establishment sizes",1,0,0,0,0,0,0,0,"N",6.31,0,0,0,0,0,0,0,"N",0,0.0,0,0,0,0,0,0,0,0,0,0,0,0,0,0
"51159","5","1125","76","0","2016","1","N","Richmond County, Virginia","Private","NAICS 1125 Aquaculture","County, NAICS 4-digit -- by ownership sector","All establishment sizes",1,0,0,0,0,0,0,0,"N",49.54,0,0,0,0,0,0,0,"N",0,0.0,0,0,0,0,0,0,0,0,0,0,0,0,0,0
"51159","5","1125","76","0","2016","2","N","Richmond County, Virginia","Private","NAICS 1125 Aquaculture","County, NAICS 4-digit -- by ownership sector","All establishment sizes",1,0,0,0,0,0,0,0,"N",50.51,0,0,0,0,0,0,0,"N",0,0.0,0,0,0,0,0,0,0,0,0,0,0,0,0,0
"51159","5","1125","76","0","2016","3","N","Richmond County, Virginia","Private","NAICS 1125 Aquaculture","County, NAICS 4-digit -- by ownership sector","All establishment sizes",1,0,0,0,0,0,0,0,"N",50.81,0,0,0,0,0,0,0,"N",0,0.0,0,0,0,0,0,0,0,0,0,0,0,0,0,0
"51159","5","1125","76","0","2016","4","N","Richmond County, Virginia","Private","NAICS 1125 Aquaculture","County, NAICS 4-digit -- by ownership sector","All establishment sizes",1,0,0,0,0,0,0,0,"N",52.86,0,0,0,0,0,0,0,"N",0,0.0,0,0,0,0,0,0,0,0,0,0,0,0,0,0
"51159","5","11251","77","0","2016","1","N","Richmond County, Virginia","Private","NAICS 11251 Aquaculture","County, NAICS 5-digit -- by ownership sector","All establishment sizes",1,0,0,0,0,0,0,0,"N",49.54,0,0,0,0,0,0,0,"N",0,0.0,0,0,0,0,0,0,0,0,0,0,0,0,0,0
"51159","5","11251","77","0","2016","2","N","Richmond County, Virginia","Private","NAICS 11251 Aquaculture","County, NAICS 5-digit -- by ownership sector","All establishment sizes",1,0,0,0,0,0,0,0,"N",50.51,0,0,0,0,0,0,0,"N",0,0.0,0,0,0,0,0,0,0,0,0,0,0,0,0,0
"51159","5","11251","77","0","2016","3","N","Richmond County, Virginia","Private","NAICS 11251 Aquaculture","County, NAICS 5-digit -- by ownership sector","All establishment sizes",1,0,0,0,0,0,0,0,"N",50.81,0,0,0,0,0,0,0,"N",0,0.0,0,0,0,0,0,0,0,0,0,0,0,0,0,0
"51159","5","11251","77","0","2016","4","N","Richmond County, Virginia","Private","NAICS 11251 Aquaculture","County, NAICS 5-digit -- by ownership sector","All establishment sizes",1,0,0,0,0,0,0,0,"N",52.86,0,0,0,0,0,0,0,"N",0,0.0,0,0,0,0,0,0,0,0,0,0,0,0,0,0
"51159","5","112512","78","0","2016","1","N","Richmond County, Virginia","Private","NAICS 112512 Shellfish farming","County, NAICS 6-digit -- by ownership sector","All establishment sizes",1,0,0,0,0,0,0,0,"N",162.59,0,0,0,0,0,0,0,"N",0,0.0,0,0,0,0,0,0,0,0,0,0,0,0,0,0
"51159","5","112512","78","0","2016","2","N","Richmond County, Virginia","Private","NAICS 112512 Shellfish farming","County, NAICS 6-digit -- by ownership sector","All establishment sizes",1,0,0,0,0,0,0,0,"N",165.89,0,0,0,0,0,0,0,"N",0,0.0,0,0,0,0,0,0,0,0,0,0,0,0,0,0
"51159","5","112512","78","0","2016","3","N","Richmond County, Virginia","Private","NAICS 112512 Shellfish farming","County, NAICS 6-digit -- by ownership sector","All establishment sizes",1,0,0,0,0,0,0,0,"N",166.63,0,0,0,0,0,0,0,"N",0,0.0,0,0,0,0,0,0,0,0,0,0,0,0,0,0
"51159","5","112512","78","0","2016","4","N","Richmond County, Virginia","Private","NAICS 112512 Shellfish farming","County, NAICS 6-digit -- by ownership sector","All establishment sizes",1,0,0,0,0,0,0,0,"N",172.62,0,0,0,0,0,0,0,"N",0,0.0,0,0,0,0,0,0,0,0,0,0,0,0,0,0
"51159","5","113","75","0","2016","1","N","Richmond County, Virginia","Private","NAICS 113 Forestry and logging","County, NAICS 3-digit -- by ownership sector","All establishment sizes",2,0,0,0,0,0,0,0,"N",9.06,0,0,0,0,0,0,0,"N",0,0.0,0,0,0,0,0,0,0,0,0,0,0,0,0,0
"51159","5","113","75","0","2016","2","N","Richmond County, Virginia","Private","NAICS 113 Forestry and logging","County, NAICS 3-digit -- by ownership sector","All establishment sizes",2,0,0,0,0,0,0,0,"N",9.16,0,0,0,0,0,0,0,"N",0,0.0,0,0,0,0,0,0,0,0,0,0,0,0,0,0
"51159","5","113","75","0","2016","3","N","Richmond County, Virginia","Private","NAICS 113 Forestry and logging","County, NAICS 3-digit -- by ownership sector","All establishment sizes",2,0,0,0,0,0,0,0,"N",9.20,0,0,0,0,0,0,0,"N",0,0.0,0,0,0,0,0,0,0,0,0,0,0,0,0,0
"51159","5","113","75","0","2016","4","N","Richmond County, Virginia","Private","NAICS 113 Forestry and logging","County, NAICS 3-digit -- by ownership sector","All establishment sizes",2,0,0,0,0,0,0,0,"N",9.60,0,0,0,0,0,0,0,"N",0,0.0,0,0,0,0,0,0,0,0,0,0,0,0,0,0
"51159","5","1133","76","0","2016","1","N","Richmond County, Virginia","Private","NAICS 1133 Logging","County, NAICS 4-digit -- by ownership sector","All establishment sizes",2,0,0,0,0,0,0,0,"N",10.07,0,0,0,0,0,0,0,"N",0,0.0,0,0,0,0,0,0,0,0,0,0,0,0,0,0
"51159","5","1133","76","0","2016","2","N","Richmond County, Virginia","Private","NAICS 1133 Logging","County, NAICS 4-digit -- by ownership sector","All establishment sizes",2,0,0,0,0,0,0,0,"N",10.18,0,0,0,0,0,0,0,"N",0,0.0,0,0,0,0,0,0,0,0,0,0,0,0,0,0
"51159","5","1133","76","0","2016","3","N","Richmond County, Virginia","Private","NAICS 1133 Logging","County, NAICS 4-digit -- by ownership sector","All establishment sizes",2,0,0,0,0,0,0,0,"N",10.21,0,0,0,0,0,0,0,"N",0,0.0,0,0,0,0,0,0,0,0,0,0,0,0,0,0
"51159","5","1133","76","0","2016","4","N","Richmond County, Virginia","Private","NAICS 1133 Logging","County, NAICS 4-digit -- by ownership sector","All establishment sizes",2,0,0,0,0,0,0,0,"N",10.66,0,0,0,0,0,0,0,"N",0,0.0,0,0,0,0,0,0,0,0,0,0,0,0,0,0
"51159","5","11331","77","0","2016","1","N","Richmond County, Virginia","Private","NAICS 11331 Logging","County, NAICS 5-digit -- by ownership sector","All establishment sizes",2,0,0,0,0,0,0,0,"N",10.07,0,0,0,0,0,0,0,"N",0,0.0,0,0,0,0,0,0,0,0,0,0,0,0,0,0
"51159","5","11331","77","0","2016","2","N","Richmond County, Virginia","Private","NAICS 11331 Logging","County, NAICS 5-digit -- by ownership sector","All establishment sizes",2,0,0,0,0,0,0,0,"N",10.18,0,0,0,0,0,0,0,"N",0,0.0,0,0,0,0,0,0,0,0,0,0,0,0,0,0
"51159","5","11331","77","0","2016","3","N","Richmond County, Virginia","Private","NAICS 11331 Logging","County, NAICS 5-digit -- by ownership sector","All establishment sizes",2,0,0,0,0,0,0,0,"N",10.21,0,0,0,0,0,0,0,"N",0,0.0,0,0,0,0,0,0,0,0,0,0,0,0,0,0
"51159","5","11331","77","0","2016","4","N","Richmond County, Virginia","Private","NAICS 11331 Logging","County, NAICS 5-digit -- by ownership sector","All establishment sizes",2,0,0,0,0,0,0,0,"N",10.66,0,0,0,0,0,0,0,"N",0,0.0,0,0,0,0,0,0,0,0,0,0,0,0,0,0
"51159","5","113310","78","0","2016","1","N","Richmond County, Virginia","Private","NAICS 113310 Logging","County, NAICS 6-digit -- by ownership sector","All establishment sizes",2,0,0,0,0,0,0,0,"N",10.07,0,0,0,0,0,0,0,"N",0,0.0,0,0,0,0,0,0,0,0,0,0,0,0,0,0
"51159","5","113310","78","0","2016","2","N","Richmond County, Virginia","Private","NAICS 113310 Logging","County, NAICS 6-digit -- by ownership sector","All establishment sizes",2,0,0,0,0,0,0,0,"N",10.18,0,0,0,0,0,0,0,"N",0,0.0,0,0,0,0,0,0,0,0,0,0,0,0,0,0
"51159","5","113310","78","0","2016","3","N","Richmond County, Virginia","Private","NAICS 113310 Logging","County, NAICS 6-digit -- by ownership sector","All establishment sizes",2,0,0,0,0,0,0,0,"N",10.21,0,0,0,0,0,0,0,"N",0,0.0,0,0,0,0,0,0,0,0,0,0,0,0,0,0
"51159","5","113310","78","0","2016","4","N","Richmond County, Virginia","Private","NAICS 113310 Logging","County, NAICS 6-digit -- by ownership sector","All establishment sizes",2,0,0,0,0,0,0,0,"N",10.66,0,0,0,0,0,0,0,"N",0,0.0,0,0,0,0,0,0,0,0,0,0,0,0,0,0
"51159","5","22","74","0","2016","1","N","Richmond County, Virginia","Private","NAICS 22 Utilities","County, NAICS Sector -- by ownership sector","All establishment sizes",2,0,0,0,0,0,0,0,"N",4.77,0,0,0,0,0,0,0,"N",0,0.0,0,0,0,0,0,0,0,0,0,0,0,0,0,0
"51159","5","22","74","0","2016","2","N","Richmond County, Virginia","Private","NAICS 22 Utilities","County, NAICS Sector -- by ownership sector","All establishment sizes",2,0,0,0,0,0,0,0,"N",4.82,0,0,0,0,0,0,0,"N",0,0.0,0,0,0,0,0,0,0,0,0,0,0,0,0,0
"51159","5","22","74","0","2016","3","N","Richmond County, Virginia","Private","NAICS 22 Utilities","County, NAICS Sector -- by ownership sector","All establishment sizes",2,0,0,0,0,0,0,0,"N",4.86,0,0,0,0,0,0,0,"N",0,0.0,0,0,0,0,0,0,0,0,0,0,0,0,0,0
"51159","5","22","74","0","2016","4","N","Richmond County, Virginia","Private","NAICS 22 Utilities","County, NAICS Sector -- by ownership sector","All establishment sizes",2,0,0,0,0,0,0,0,"N",5.05,0,0,0,0,0,0,0,"N",0,0.0,0,0,0,0,0,0,0,0,0,0,0,0,0,0
"51159","5","221","75","0","2016","1","N","Richmond County, Virginia","Private","NAICS 221 Utilities","County, NAICS 3-digit -- by ownership sector","All establishment sizes",2,0,0,0,0,0,0,0,"N",4.77,0,0,0,0,0,0,0,"N",0,0.0,0,0,0,0,0,0,0,0,0,0,0,0,0,0
"51159","5","221","75","0","2016","2","N","Richmond County, Virginia","Private","NAICS 221 Utilities","County, NAICS 3-digit -- by ownership sector","All establishment sizes",2,0,0,0,0,0,0,0,"N",4.82,0,0,0,0,0,0,0,"N",0,0.0,0,0,0,0,0,0,0,0,0,0,0,0,0,0
"51159","5","221","75","0","2016","3","N","Richmond County, Virginia","Private","NAICS 221 Utilities","County, NAICS 3-digit -- by ownership sector","All establishment sizes",2,0,0,0,0,0,0,0,"N",4.86,0,0,0,0,0,0,0,"N",0,0.0,0,0,0,0,0,0,0,0,0,0,0,0,0,0
"51159","5","221","75","0","2016","4","N","Richmond County, Virginia","Private","NAICS 221 Utilities","County, NAICS 3-digit -- by ownership sector","All establishment sizes",2,0,0,0,0,0,0,0,"N",5.05,0,0,0,0,0,0,0,"N",0,0.0,0,0,0,0,0,0,0,0,0,0,0,0,0,0
"51159","5","2211","76","0","2016","1","N","Richmond County, Virginia","Private","NAICS 2211 Power generation and supply","County, NAICS 4-digit -- by ownership sector","All establishment sizes",2,0,0,0,0,0,0,0,"N",9.42,0,0,0,0,0,0,0,"N",0,0.0,0,0,0,0,0,0,0,0,0,0,0,0,0,0
"51159","5","2211","76","0","2016","2","N","Richmond County, Virginia","Private","NAICS 2211 Power generation and supply","County, NAICS 4-digit -- by ownership sector","All establishment sizes",2,0,0,0,0,0,0,0,"N",9.44,0,0,0,0,0,0,0,"N",0,0.0,0,0,0,0,0,0,0,0,0,0,0,0,0,0
"51159","5","2211","76","0","2016","3","N","Richmond County, Virginia","Private","NAICS 2211 Power generation and supply","County, NAICS 4-digit -- by ownership sector","All establishment sizes",2,0,0,0,0,0,0,0,"N",9.51,0,0,0,0,0,0,0,"N",0,0.0,0,0,0,0,0,0,0,0,0,0,0,0,0,0
"51159","5","2211","76","0","2016","4","N","Richmond County, Virginia","Private","NAICS 2211 Power generation and supply","County, NAICS 4-digit -- by ownership sector","All establishment sizes",2,0,0,0,0,0,0,0,"N",9.88,0,0,0,0,0,0,0,"N",0,0.0,0,0,0,0,0,0,0,0,0,0,0,0,0,0
"51159","5","22112","77","0","2016","1","N","Richmond County, Virginia","Private","NAICS 22112 Electric power transmission and distribution","County, NAICS 5-digit -- by ownership sector","All establishment sizes",2,0,0,0,0,0,0,0,"N",14.84,0,0,0,0,0,0,0,"N",0,0.0,0,0,0,0,0,0,0,0,0,0,0,0,0,0
"51159","5","22112","77","0","2016","2","N","Richmond County, Virginia","Private","NAICS 22112 Electric power transmission and distribution","County, NAICS 5-digit -- by ownership sector","All establishment sizes",2,0,0,0,0,0,0,0,"N",14.93,0,0,0,0,0,0,0,"N",0,0.0,0,0,0,0,0,0,0,0,0,0,0,0,0,0
"51159","5","22112","77","0","2016","3","N","Richmond County, Virginia","Private","NAICS 22112 Electric power transmission and distribution","County, NAICS 5-digit -- by ownership sector","All establishment sizes",2,0,0,0,0,0,0,0,"N",15.02,0,0,0,0,0,0,0,"N",0,0.0,0,0,0,0,0,0,0,0,0,0,0,0,0,0
"51159","5","22112","77","0","2016","4","N","Richmond County, Virginia","Private","NAICS 22112 Electric power transmission and distribution","County, NAICS 5-digit -- by ownership sector","All establishment sizes",2,0,0,0,0,0,0,0,"N",15.64,0,0,0,0,0,0,0,"N",0,0.0,0,0,0,0,0,0,0,0,0,0,0,0,0,0
"51159","5","221121","78","0","2016","1","N","Richmond County, Virginia","Private","NAICS 221121 Electric bulk power transmission and control","County, NAICS 6-digit -- by ownership sector","All establishment sizes",1,0,0,0,0,0,0,0,"N",69.38,0,0,0,0,0,0,0,"N",0,0.0,0,0,0,0,0,0,0,0,0,0,0,0,0,0
"51159","5","221121","78","0","2016","2","N","Richmond County, Virginia","Private","NAICS 221121 Electric bulk power transmission and control","County, NAICS 6-digit -- by ownership sector","All establishment sizes",1,0,0,0,0,0,0,0,"N",69.32,0,0,0,0,0,0,0,"N",0,0.0,0,0,0,0,0,0,0,0,0,0,0,0,0,0
"51159","5","221121","78","0","2016","3","N","Richmond County, Virginia","Private","NAICS 221121 Electric bulk power transmission and control","County, NAICS 6-digit -- by ownership sector","All establishment sizes",1,0,0,0,0,0,0,0,"N",69.90,0,0,0,0,0,0,0,"N",0,0.0,0,0,0,0,0,0,0,0,0,0,0,0,0,0
"51159","5","221121","78","0","2016","4","N","Richmond County, Virginia","Private","NAICS 221121 Electric bulk power transmission and control","County, NAICS 6-digit -- by ownership sector","All establishment sizes",1,0,0,0,0,0,0,0,"N",73.10,0,0,0,0,0,0,0,"N",0,0.0,0,0,0,0,0,0,0,0,0,0,0,0,0,0
"51159","5","221122","78","0","2016","1","N","Richmond County, Virginia","Private","NAICS 221122 Electric power distribution","County, NAICS 6-digit -- by ownership sector","All establishment sizes",1,0,0,0,0,0,0,0,"N",8.31,0,0,0,0,0,0,0,"N",0,0.0,0,0,0,0,0,0,0,0,0,0,0,0,0,0
"51159","5","221122","78","0","2016","2","N","Richmond County, Virginia","Private","NAICS 221122 Electric power distribution","County, NAICS 6-digit -- by ownership sector","All establishment sizes",1,0,0,0,0,0,0,0,"N",8.37,0,0,0,0,0,0,0,"N",0,0.0,0,0,0,0,0,0,0,0,0,0,0,0,0,0
"51159","5","221122","78","0","2016","3","N","Richmond County, Virginia","Private","NAICS 221122 Electric power distribution","County, NAICS 6-digit -- by ownership sector","All establishment sizes",1,0,0,0,0,0,0,0,"N",8.41,0,0,0,0,0,0,0,"N",0,0.0,0,0,0,0,0,0,0,0,0,0,0,0,0,0
"51159","5","221122","78","0","2016","4","N","Richmond County, Virginia","Private","NAICS 221122 Electric power distribution","County, NAICS 6-digit -- by ownership sector","All establishment sizes",1,0,0,0,0,0,0,0,"N",8.75,0,0,0,0,0,0,0,"N",0,0.0,0,0,0,0,0,0,0,0,0,0,0,0,0,0
"51159","5","23","74","0","2016","1","","Richmond County, Virginia","Private","NAICS 23 Construction","County, NAICS Sector -- by ownership sector","All establishment sizes",18,88,93,87,1326309,672914,26877,1142,"",0.99,0.70,0.73,0.67,1.17,0.94,1.65,1.66,"",3,20.0,12,15.8,15,19.2,8,10.1,187398,16.5,97583,17.0,782,3.0,14,1.2
"51159","5","23","74","0","2016","2","","Richmond County, Virginia","Private","NAICS 23 Construction","County, NAICS Sector -- by ownership sector","All establishment sizes",19,115,116,116,1515043,260880,13132,1008,"",1.05,0.85,0.86,0.83,1.12,1.01,1.86,1.33,"",1,5.6,16,16.2,8,7.4,5,4.5,294157,24.1,8557,3.4,-1587,-10.8,122,13.8
"51159","5","23","74","0","2016","3","","Richmond County, Virginia","Private","NAICS 23 Construction","County, NAICS Sector -- by ownership sector","All establishment sizes",19,114,119,124,2059922,159366,6368,1332,"",1.05,0.85,0.84,0.89,1.40,0.98,1.32,1.63,"",1,5.6,-3,-2.6,-2,-1.7,9,7.8,683298,49.6,31932,25.1,1017,19.0,432,48.0
"51159","5","23","74","0","2016","4","","Richmond County, Virginia","Private","NAICS 23 Construction","County, NAICS Sector -- by ownership sector","All establishment sizes",20,116,116,117,1491798,97419,3963,986,"",1.15,0.83,0.85,0.87,1.00,0.86,1.16,1.17,"",2,11.1,-2,-1.7,-5,-4.1,-4,-3.3,-213265,-12.5,-52,-0.1,-37,-0.9,-107,-9.8
"51159","5","236","75","0","2016","1","N","Richmond County, Virginia","Private","NAICS 236 Construction of buildings","County, NAICS 3-digit -- by ownership sector","All establishment sizes",6,0,0,0,0,0,0,0,"N",1.10,0,0,0,0,0,0,0,"N",1,20.0,0,0,0,0,0,0,0,0,0,0,0,0,0,0
"51159","5","236","75","0","2016","2","","Richmond County, Virginia","Private","NAICS 236 Construction of buildings","County, NAICS 3-digit -- by ownership sector","All establishment sizes",7,35,32,33,693459,30135,842,1600,"",1.29,1.17,1.07,1.07,2.16,0.56,0.63,1.96,"N",0,0.0,0,0,0,0,0,0,0,0,0,0,0,0,0,0
"51159","5","236","75","0","2016","3","N","Richmond County, Virginia","Private","NAICS 236 Construction of buildings","County, NAICS 3-digit -- by ownership sector","All establishment sizes",7,0,0,0,0,0,0,0,"N",1.28,0,0,0,0,0,0,0,"N",0,0.0,0,0,0,0,0,0,0,0,0,0,0,0,0,0
"51159","5","236","75","0","2016","4","","Richmond County, Virginia","Private","NAICS 236 Construction of buildings","County, NAICS 3-digit -- by ownership sector","All establishment sizes",8,33,33,34,610359,34098,1118,1409,"",1.52,1.07,1.09,1.12,1.66,1.32,1.54,1.51,"",1,14.3,-1,-2.9,-2,-5.7,-4,-10.5,-250033,-29.1,10236,42.9,317,39.6,-447,-24.1
"51159","5","2361","76","0","2016","1","N","Richmond County, Virginia","Private","NAICS 2361 Residential building construction","County, NAICS 4-digit -- by ownership sector","All establishment sizes",3,0,0,0,0,0,0,0,"N",0.72,0,0,0,0,0,0,0,"N",-1,-25.0,0,0,0,0,0,0,0,0,0,0,0,0,0,0
"51159","5","2361","76","0","2016","2","N","Richmond County, Virginia","Private","NAICS 2361 Residential building construction","County, NAICS 4-digit -- by ownership sector","All establishment sizes",4,0,0,0,0,0,0,0,"N",0.96,0,0,0,0,0,0,0,"N",0,0.0,0,0,0,0,0,0,0,0,0,0,0,0,0,0
"51159","5","2361","76","0","2016","3","","Richmond County, Virginia","Private","NAICS 2361 Residential building construction","County, NAICS 4-digit -- by ownership sector","All establishment sizes",4,3,6,4,10182,9362,332,181,"",0.95,0.21,0.39,0.27,0.07,0.53,0.87,0.25,"N",0,0.0,0,0,0,0,0,0,0,0,0,0,0,0,0,0
"51159","5","2361","76","0","2016","4","N","Richmond County, Virginia","Private","NAICS 2361 Residential building construction","County, NAICS 4-digit -- by ownership sector","All establishment sizes",5,0,0,0,0,0,0,0,"N",1.23,0,0,0,0,0,0,0,"N",1,25.0,0,0,0,0,0,0,0,0,0,0,0,0,0,0
"51159","5","23611","77","0","2016","1","N","Richmond County, Virginia","Private","NAICS 23611 Residential building construction","County, NAICS 5-digit -- by ownership sector","All establishment sizes",3,0,0,0,0,0,0,0,"N",0.72,0,0,0,0,0,0,0,"N",-1,-25.0,0,0,0,0,0,0,0,0,0,0,0,0,0,0
"51159","5","23611","77","0","2016","2","N","Richmond County, Virginia","Private","NAICS 23611 Residential building construction","County, NAICS 5-digit -- by ownership sector","All establishment sizes",4,0,0,0,0,0,0,0,"N",0.96,0,0,0,0,0,0,0,"N",0,0.0,0,0,0,0,0,0,0,0,0,0,0,0,0,0
"51159","5","23611","77","0","2016","3","","Richmond County, Virginia","Private","NAICS 23611 Residential building construction","County, NAICS 5-digit -- by ownership sector","All establishment sizes",4,3,6,4,10182,9362,332,181,"",0.95,0.21,0.39,0.27,0.07,0.53,0.87,0.25,"N",0,0.0,0,0,0,0,0,0,0,0,0,0,0,0,0,0
"51159","5","23611","77","0","2016","4","N","Richmond County, Virginia","Private","NAICS 23611 Residential building construction","County, NAICS 5-digit -- by ownership sector","All establishment sizes",5,0,0,0,0,0,0,0,"N",1.23,0,0,0,0,0,0,0,"N",1,25.0,0,0,0,0,0,0,0,0,0,0,0,0,0,0
"51159","5","236115","78","0","2016","1","N","Richmond County, Virginia","Private","NAICS 236115 New single-family general contractors","County, NAICS 6-digit -- by ownership sector","All establishment sizes",2,0,0,0,0,0,0,0,"N",1.04,0,0,0,0,0,0,0,"N",-1,-33.3,0,0,0,0,0,0,0,0,0,0,0,0,0,0
"51159","5","236115","78","0","2016","2","","Richmond County, Virginia","Private","NAICS 236115 New single-family general contractors","County, NAICS 6-digit -- by ownership sector","All establishment sizes",3,3,2,3,7877,7877,102,227,"",1.55,0.44,0.29,0.42,0.12,0.62,0.41,0.32,"N",0,0.0,0,0,0,0,0,0,0,0,0,0,0,0,0,0
"51159","5","236115","78","0","2016","3","N","Richmond County, Virginia","Private","NAICS 236115 New single-family general contractors","County, NAICS 6-digit -- by ownership sector","All establishment sizes",3,0,0,0,0,0,0,0,"N",1.54,0,0,0,0,0,0,0,"N",0,0.0,0,0,0,0,0,0,0,0,0,0,0,0,0,0
"51159","5","236115","78","0","2016","4","N","Richmond County, Virginia","Private","NAICS 236115 New single-family general contractors","County, NAICS 6-digit -- by ownership sector","All establishment sizes",4,0,0,0,0,0,0,0,"N",2.12,0,0,0,0,0,0,0,"N",1,33.3,0,0,0,0,0,0,0,0,0,0,0,0,0,0
"51159","5","236118","78","0","2016","1","N","Richmond County, Virginia","Private","NAICS 236118 Residential remodelers","County, NAICS 6-digit -- by ownership sector","All establishment sizes",1,0,0,0,0,0,0,0,"N",0.49,0,0,0,0,0,0,0,"N",0,0.0,0,0,0,0,0,0,0,0,0,0,0,0,0,0
"51159","5","236118","78","0","2016","2","N","Richmond County, Virginia","Private","NAICS 236118 Residential remodelers","County, NAICS 6-digit -- by ownership sector","All establishment sizes",1,0,0,0,0,0,0,0,"N",0.48,0,0,0,0,0,0,0,"N",0,0.0,0,0,0,0,0,0,0,0,0,0,0,0,0,0
"51159","5","236118","78","0","2016","3","N","Richmond County, Virginia","Private","NAICS 236118 Residential remodelers","County, NAICS 6-digit -- by ownership sector","All establishment sizes",1,0,0,0,0,0,0,0,"N",0.48,0,0,0,0,0,0,0,"N",0,0.0,0,0,0,0,0,0,0,0,0,0,0,0,0,0
"51159","5","236118","78","0","2016","4","N","Richmond County, Virginia","Private","NAICS 236118 Residential remodelers","County, NAICS 6-digit -- by ownership sector","All establishment sizes",1,0,0,0,0,0,0,0,"N",0.50,0,0,0,0,0,0,0,"N",0,0.0,0,0,0,0,0,0,0,0,0,0,0,0,0,0
"51159","5","2362","76","0","2016","1","N","Richmond County, Virginia","Private","NAICS 2362 Nonresidential building construction","County, NAICS 4-digit -- by ownership sector","All establishment sizes",3,0,0,0,0,0,0,0,"N",2.36,0,0,0,0,0,0,0,"N",2,200.0,0,0,0,0,0,0,0,0,0,0,0,0,0,0
"51159","5","2362","76","0","2016","2","N","Richmond County, Virginia","Private","NAICS 2362 Nonresidential building construction","County, NAICS 4-digit -- by ownership sector","All establishment sizes",3,0,0,0,0,0,0,0,"N",2.37,0,0,0,0,0,0,0,"N",0,0.0,0,0,0,0,0,0,0,0,0,0,0,0,0,0
"51159","5","2362","76","0","2016","3","N","Richmond County, Virginia","Private","NAICS 2362 Nonresidential building construction","County, NAICS 4-digit -- by ownership sector","All establishment sizes",3,0,0,0,0,0,0,0,"N",2.37,0,0,0,0,0,0,0,"N",0,0.0,0,0,0,0,0,0,0,0,0,0,0,0,0,0
"51159","5","2362","76","0","2016","4","N","Richmond County, Virginia","Private","NAICS 2362 Nonresidential building construction","County, NAICS 4-digit -- by ownership sector","All establishment sizes",3,0,0,0,0,0,0,0,"N",2.46,0,0,0,0,0,0,0,"N",0,0.0,0,0,0,0,0,0,0,0,0,0,0,0,0,0
"51159","5","23622","77","0","2016","1","N","Richmond County, Virginia","Private","NAICS 23622 Commercial building construction","County, NAICS 5-digit -- by ownership sector","All establishment sizes",3,0,0,0,0,0,0,0,"N",2.66,0,0,0,0,0,0,0,"N",2,200.0,0,0,0,0,0,0,0,0,0,0,0,0,0,0
"51159","5","23622","77","0","2016","2","N","Richmond County, Virginia","Private","NAICS 23622 Commercial building construction","County, NAICS 5-digit -- by ownership sector","All establishment sizes",3,0,0,0,0,0,0,0,"N",2.67,0,0,0,0,0,0,0,"N",0,0.0,0,0,0,0,0,0,0,0,0,0,0,0,0,0
"51159","5","23622","77","0","2016","3","N","Richmond County, Virginia","Private","NAICS 23622 Commercial building construction","County, NAICS 5-digit -- by ownership sector","All establishment sizes",3,0,0,0,0,0,0,0,"N",2.67,0,0,0,0,0,0,0,"N",0,0.0,0,0,0,0,0,0,0,0,0,0,0,0,0,0
"51159","5","23622","77","0","2016","4","N","Richmond County, Virginia","Private","NAICS 23622 Commercial building construction","County, NAICS 5-digit -- by ownership sector","All establishment sizes",3,0,0,0,0,0,0,0,"N",2.78,0,0,0,0,0,0,0,"N",0,0.0,0,0,0,0,0,0,0,0,0,0,0,0,0,0
"51159","5","236220","78","0","2016","1","N","Richmond County, Virginia","Private","NAICS 236220 Commercial building construction","County, NAICS 6-digit -- by ownership sector","All establishment sizes",3,0,0,0,0,0,0,0,"N",2.66,0,0,0,0,0,0,0,"N",2,200.0,0,0,0,0,0,0,0,0,0,0,0,0,0,0
"51159","5","236220","78","0","2016","2","N","Richmond County, Virginia","Private","NAICS 236220 Commercial building construction","County, NAICS 6-digit -- by ownership sector","All establishment sizes",3,0,0,0,0,0,0,0,"N",2.67,0,0,0,0,0,0,0,"N",0,0.0,0,0,0,0,0,0,0,0,0,0,0,0,0,0
"51159","5","236220","78","0","2016","3","N","Richmond County, Virginia","Private","NAICS 236220 Commercial building construction","County, NAICS 6-digit -- by ownership sector","All establishment sizes",3,0,0,0,0,0,0,0,"N",2.67,0,0,0,0,0,0,0,"N",0,0.0,0,0,0,0,0,0,0,0,0,0,0,0,0,0
"51159","5","236220","78","0","2016","4","N","Richmond County, Virginia","Private","NAICS 236220 Commercial building construction","County, NAICS 6-digit -- by ownership sector","All establishment sizes",3,0,0,0,0,0,0,0,"N",2.78,0,0,0,0,0,0,0,"N",0,0.0,0,0,0,0,0,0,0,0,0,0,0,0,0,0
"51159","5","237","75","0","2016","1","N","Richmond County, Virginia","Private","NAICS 237 Heavy and civil engineering construction","County, NAICS 3-digit -- by ownership sector","All establishment sizes",4,0,0,0,0,0,0,0,"N",3.37,0,0,0,0,0,0,0,"N",1,33.3,0,0,0,0,0,0,0,0,0,0,0,0,0,0
"51159","5","237","75","0","2016","2","","Richmond County, Virginia","Private","NAICS 237 Heavy and civil engineering construction","County, NAICS 3-digit -- by ownership sector","All establishment sizes",4,30,35,32,297889,142143,8221,709,"",3.39,1.57,1.80,1.59,1.30,3.41,5.58,0.78,"N",1,33.3,0,0,0,0,0,0,0,0,0,0,0,0,0,0
"51159","5","237","75","0","2016","3","N","Richmond County, Virginia","Private","NAICS 237 Heavy and civil engineering construction","County, NAICS 3-digit -- by ownership sector","All establishment sizes",4,0,0,0,0,0,0,0,"N",3.40,0,0,0,0,0,0,0,"N",1,33.3,0,0,0,0,0,0,0,0,0,0,0,0,0,0
"51159","5","237","75","0","2016","4","","Richmond County, Virginia","Private","NAICS 237 Heavy and civil engineering construction","County, NAICS 3-digit -- by ownership sector","All establishment sizes",4,38,37,37,312662,25974,908,644,"",3.55,1.88,1.91,2.01,1.25,1.58,1.54,0.65,"",1,33.3,5,15.2,5,15.6,5,15.6,43900,16.3,21151,438.5,872,2422.2,5,0.8
"51159","5","2371","76","0","2016","1","N","Richmond County, Virginia","Private","NAICS 2371 Utility system construction","County, NAICS 4-digit -- by ownership sector","All establishment sizes",2,0,0,0,0,0,0,0,"N",3.37,0,0,0,0,0,0,0,"N",1,100.0,0,0,0,0,0,0,0,0,0,0,0,0,0,0
"51159","5","2371","76","0","2016","2","N","Richmond County, Virginia","Private","NAICS 2371 Utility system construction","County, NAICS 4-digit -- by ownership sector","All establishment sizes",2,0,0,0,0,0,0,0,"N",3.40,0,0,0,0,0,0,0,"N",1,100.0,0,0,0,0,0,0,0,0,0,0,0,0,0,0
"51159","5","2371","76","0","2016","3","N","Richmond County, Virginia","Private","NAICS 2371 Utility system construction","County, NAICS 4-digit -- by ownership sector","All establishment sizes",2,0,0,0,0,0,0,0,"N",3.41,0,0,0,0,0,0,0,"N",1,100.0,0,0,0,0,0,0,0,0,0,0,0,0,0,0
"51159","5","2371","76","0","2016","4","N","Richmond County, Virginia","Private","NAICS 2371 Utility system construction","County, NAICS 4-digit -- by ownership sector","All establishment sizes",2,0,0,0,0,0,0,0,"N",3.56,0,0,0,0,0,0,0,"N",1,100.0,0,0,0,0,0,0,0,0,0,0,0,0,0,0
"51159","5","23711","77","0","2016","1","N","Richmond County, Virginia","Private","NAICS 23711 Water and sewer system construction","County, NAICS 5-digit -- by ownership sector","All establishment sizes",1,0,0,0,0,0,0,0,"N",3.43,0,0,0,0,0,0,0,"N",0,0.0,0,0,0,0,0,0,0,0,0,0,0,0,0,0
"51159","5","23711","77","0","2016","2","N","Richmond County, Virginia","Private","NAICS 23711 Water and sewer system construction","County, NAICS 5-digit -- by ownership sector","All establishment sizes",1,0,0,0,0,0,0,0,"N",3.47,0,0,0,0,0,0,0,"N",0,0.0,0,0,0,0,0,0,0,0,0,0,0,0,0,0
"51159","5","23711","77","0","2016","3","N","Richmond County, Virginia","Private","NAICS 23711 Water and sewer system construction","County, NAICS 5-digit -- by ownership sector","All establishment sizes",1,0,0,0,0,0,0,0,"N",3.50,0,0,0,0,0,0,0,"N",0,0.0,0,0,0,0,0,0,0,0,0,0,0,0,0,0
"51159","5","23711","77","0","2016","4","N","Richmond County, Virginia","Private","NAICS 23711 Water and sewer system construction","County, NAICS 5-digit -- by ownership sector","All establishment sizes",1,0,0,0,0,0,0,0,"N",3.66,0,0,0,0,0,0,0,"N",0,0.0,0,0,0,0,0,0,0,0,0,0,0,0,0,0
"51159","5","237110","78","0","2016","1","N","Richmond County, Virginia","Private","NAICS 237110 Water and sewer system construction","County, NAICS 6-digit -- by ownership sector","All establishment sizes",1,0,0,0,0,0,0,0,"N",3.43,0,0,0,0,0,0,0,"N",0,0.0,0,0,0,0,0,0,0,0,0,0,0,0,0,0
"51159","5","237110","78","0","2016","2","N","Richmond County, Virginia","Private","NAICS 237110 Water and sewer system construction","County, NAICS 6-digit -- by ownership sector","All establishment sizes",1,0,0,0,0,0,0,0,"N",3.47,0,0,0,0,0,0,0,"N",0,0.0,0,0,0,0,0,0,0,0,0,0,0,0,0,0
"51159","5","237110","78","0","2016","3","N","Richmond County, Virginia","Private","NAICS 237110 Water and sewer system construction","County, NAICS 6-digit -- by ownership sector","All establishment sizes",1,0,0,0,0,0,0,0,"N",3.50,0,0,0,0,0,0,0,"N",0,0.0,0,0,0,0,0,0,0,0,0,0,0,0,0,0
"51159","5","237110","78","0","2016","4","N","Richmond County, Virginia","Private","NAICS 237110 Water and sewer system construction","County, NAICS 6-digit -- by ownership sector","All establishment sizes",1,0,0,0,0,0,0,0,"N",3.66,0,0,0,0,0,0,0,"N",0,0.0,0,0,0,0,0,0,0,0,0,0,0,0,0,0
"51159","5","23713","77","0","2016","1","N","Richmond County, Virginia","Private","NAICS 23713 Power and communication system construction","County, NAICS 5-digit -- by ownership sector","All establishment sizes",1,0,0,0,0,0,0,0,"N",4.71,0,0,0,0,0,0,0,"N",1,100.0,0,0,0,0,0,0,0,0,0,0,0,0,0,0
"51159","5","23713","77","0","2016","2","N","Richmond County, Virginia","Private","NAICS 23713 Power and communication system construction","County, NAICS 5-digit -- by ownership sector","All establishment sizes",1,0,0,0,0,0,0,0,"N",4.73,0,0,0,0,0,0,0,"N",1,100.0,0,0,0,0,0,0,0,0,0,0,0,0,0,0
"51159","5","23713","77","0","2016","3","N","Richmond County, Virginia","Private","NAICS 23713 Power and communication system construction","County, NAICS 5-digit -- by ownership sector","All establishment sizes",1,0,0,0,0,0,0,0,"N",4.74,0,0,0,0,0,0,0,"N",1,100.0,0,0,0,0,0,0,0,0,0,0,0,0,0,0
"51159","5","23713","77","0","2016","4","N","Richmond County, Virginia","Private","NAICS 23713 Power and communication system construction","County, NAICS 5-digit -- by ownership sector","All establishment sizes",1,0,0,0,0,0,0,0,"N",4.93,0,0,0,0,0,0,0,"N",1,100.0,0,0,0,0,0,0,0,0,0,0,0,0,0,0
"51159","5","237130","78","0","2016","1","N","Richmond County, Virginia","Private","NAICS 237130 Power and communication system construction","County, NAICS 6-digit -- by ownership sector","All establishment sizes",1,0,0,0,0,0,0,0,"N",4.71,0,0,0,0,0,0,0,"N",1,100.0,0,0,0,0,0,0,0,0,0,0,0,0,0,0
"51159","5","237130","78","0","2016","2","N","Richmond County, Virginia","Private","NAICS 237130 Power and communication system construction","County, NAICS 6-digit -- by ownership sector","All establishment sizes",1,0,0,0,0,0,0,0,"N",4.73,0,0,0,0,0,0,0,"N",1,100.0,0,0,0,0,0,0,0,0,0,0,0,0,0,0
"51159","5","237130","78","0","2016","3","N","Richmond County, Virginia","Private","NAICS 237130 Power and communication system construction","County, NAICS 6-digit -- by ownership sector","All establishment sizes",1,0,0,0,0,0,0,0,"N",4.74,0,0,0,0,0,0,0,"N",1,100.0,0,0,0,0,0,0,0,0,0,0,0,0,0,0
"51159","5","237130","78","0","2016","4","N","Richmond County, Virginia","Private","NAICS 237130 Power and communication system construction","County, NAICS 6-digit -- by ownership sector","All establishment sizes",1,0,0,0,0,0,0,0,"N",4.93,0,0,0,0,0,0,0,"N",1,100.0,0,0,0,0,0,0,0,0,0,0,0,0,0,0
"51159","5","2373","76","0","2016","1","N","Richmond County, Virginia","Private","NAICS 2373 Highway, street, and bridge construction","County, NAICS 4-digit -- by ownership sector","All establishment sizes",2,0,0,0,0,0,0,0,"N",7.66,0,0,0,0,0,0,0,"N",0,0.0,0,0,0,0,0,0,0,0,0,0,0,0,0,0
"51159","5","2373","76","0","2016","2","N","Richmond County, Virginia","Private","NAICS 2373 Highway, street, and bridge construction","County, NAICS 4-digit -- by ownership sector","All establishment sizes",2,0,0,0,0,0,0,0,"N",7.68,0,0,0,0,0,0,0,"N",0,0.0,0,0,0,0,0,0,0,0,0,0,0,0,0,0
"51159","5","2373","76","0","2016","3","N","Richmond County, Virginia","Private","NAICS 2373 Highway, street, and bridge construction","County, NAICS 4-digit -- by ownership sector","All establishment sizes",2,0,0,0,0,0,0,0,"N",7.69,0,0,0,0,0,0,0,"N",0,0.0,0,0,0,0,0,0,0,0,0,0,0,0,0,0
"51159","5","2373","76","0","2016","4","N","Richmond County, Virginia","Private","NAICS 2373 Highway, street, and bridge construction","County, NAICS 4-digit -- by ownership sector","All establishment sizes",2,0,0,0,0,0,0,0,"N",8.03,0,0,0,0,0,0,0,"N",0,0.0,0,0,0,0,0,0,0,0,0,0,0,0,0,0
"51159","5","23731","77","0","2016","1","N","Richmond County, Virginia","Private","NAICS 23731 Highway, street, and bridge construction","County, NAICS 5-digit -- by ownership sector","All establishment sizes",2,0,0,0,0,0,0,0,"N",7.66,0,0,0,0,0,0,0,"N",0,0.0,0,0,0,0,0,0,0,0,0,0,0,0,0,0
"51159","5","23731","77","0","2016","2","N","Richmond County, Virginia","Private","NAICS 23731 Highway, street, and bridge construction","County, NAICS 5-digit -- by ownership sector","All establishment sizes",2,0,0,0,0,0,0,0,"N",7.68,0,0,0,0,0,0,0,"N",0,0.0,0,0,0,0,0,0,0,0,0,0,0,0,0,0
"51159","5","23731","77","0","2016","3","N","Richmond County, Virginia","Private","NAICS 23731 Highway, street, and bridge construction","County, NAICS 5-digit -- by ownership sector","All establishment sizes",2,0,0,0,0,0,0,0,"N",7.69,0,0,0,0,0,0,0,"N",0,0.0,0,0,0,0,0,0,0,0,0,0,0,0,0,0
"51159","5","23731","77","0","2016","4","N","Richmond County, Virginia","Private","NAICS 23731 Highway, street, and bridge construction","County, NAICS 5-digit -- by ownership sector","All establishment sizes",2,0,0,0,0,0,0,0,"N",8.03,0,0,0,0,0,0,0,"N",0,0.0,0,0,0,0,0,0,0,0,0,0,0,0,0,0
"51159","5","237310","78","0","2016","1","N","Richmond County, Virginia","Private","NAICS 237310 Highway, street, and bridge construction","County, NAICS 6-digit -- by ownership sector","All establishment sizes",2,0,0,0,0,0,0,0,"N",7.66,0,0,0,0,0,0,0,"N",0,0.0,0,0,0,0,0,0,0,0,0,0,0,0,0,0
"51159","5","237310","78","0","2016","2","N","Richmond County, Virginia","Private","NAICS 237310 Highway, street, and bridge construction","County, NAICS 6-digit -- by ownership sector","All establishment sizes",2,0,0,0,0,0,0,0,"N",7.68,0,0,0,0,0,0,0,"N",0,0.0,0,0,0,0,0,0,0,0,0,0,0,0,0,0
"51159","5","237310","78","0","2016","3","N","Richmond County, Virginia","Private","NAICS 237310 Highway, street, and bridge construction","County, NAICS 6-digit -- by ownership sector","All establishment sizes",2,0,0,0,0,0,0,0,"N",7.69,0,0,0,0,0,0,0,"N",0,0.0,0,0,0,0,0,0,0,0,0,0,0,0,0,0
"51159","5","237310","78","0","2016","4","N","Richmond County, Virginia","Private","NAICS 237310 Highway, street, and bridge construction","County, NAICS 6-digit -- by ownership sector","All establishment sizes",2,0,0,0,0,0,0,0,"N",8.03,0,0,0,0,0,0,0,"N",0,0.0,0,0,0,0,0,0,0,0,0,0,0,0,0,0
"51159","5","238","75","0","2016","1","","Richmond County, Virginia","Private","NAICS 238 Specialty trade contractors","County, NAICS 3-digit -- by ownership sector","All establishment sizes",8,49,47,39,406333,295924,11291,695,"",0.69,0.61,0.58,0.47,0.61,0.66,1.14,1.11,"",1,14.3,12,32.4,9,23.7,0,0.0,56969,16.3,46238,18.5,1713,17.9,-12,-1.7
"51159","5","238","75","0","2016","2","","Richmond County, Virginia","Private","NAICS 238 Specialty trade contractors","County, NAICS 3-digit -- by ownership sector","All establishment sizes",8,50,49,51,523695,88602,4069,806,"",0.70,0.58,0.57,0.57,0.66,0.55,0.95,1.14,"",0,0.0,8,19.0,3,6.5,5,10.9,56320,12.1,-1864,-2.1,-608,-13.0,1,0.1
"51159","5","238","75","0","2016","3","","Richmond County, Virginia","Private","NAICS 238 Specialty trade contractors","County, NAICS 3-digit -- by ownership sector","All establishment sizes",8,46,46,54,573835,67101,2604,907,"",0.70,0.54,0.51,0.61,0.66,0.66,0.89,1.19,"",0,0.0,-2,-4.2,-5,-9.8,5,10.2,58514,11.4,9380,16.3,379,17.0,103,12.8
"51159","5","238","75","0","2016","4","","Richmond County, Virginia","Private","NAICS 238 Specialty trade contractors","County, NAICS 3-digit -- by ownership sector","All establishment sizes",8,45,46,46,568777,37347,1937,958,"",0.72,0.51,0.53,0.54,0.65,0.52,0.92,1.24,"",0,0.0,-6,-11.8,-8,-14.8,-5,-9.8,-7132,-1.2,-31439,-45.7,-1226,-38.8,106,12.4
"51159","5","2382","76","0","2016","1","N","Richmond County, Virginia","Private","NAICS 2382 Building equipment contractors","County, NAICS 4-digit -- by ownership sector","All establishment sizes",1,0,0,0,0,0,0,0,"N",0.22,0,0,0,0,0,0,0,"N",0,0.0,0,0,0,0,0,0,0,0,0,0,0,0,0,0
"51159","5","2382","76","0","2016","2","N","Richmond County, Virginia","Private","NAICS 2382 Building equipment contractors","County, NAICS 4-digit -- by ownership sector","All establishment sizes",1,0,0,0,0,0,0,0,"N",0.22,0,0,0,0,0,0,0,"N",0,0.0,0,0,0,0,0,0,0,0,0,0,0,0,0,0
"51159","5","2382","76","0","2016","3","N","Richmond County, Virginia","Private","NAICS 2382 Building equipment contractors","County, NAICS 4-digit -- by ownership sector","All establishment sizes",1,0,0,0,0,0,0,0,"N",0.22,0,0,0,0,0,0,0,"N",0,0.0,0,0,0,0,0,0,0,0,0,0,0,0,0,0
"51159","5","2382","76","0","2016","4","N","Richmond County, Virginia","Private","NAICS 2382 Building equipment contractors","County, NAICS 4-digit -- by ownership sector","All establishment sizes",1,0,0,0,0,0,0,0,"N",0.23,0,0,0,0,0,0,0,"N",0,0.0,0,0,0,0,0,0,0,0,0,0,0,0,0,0
"51159","5","23822","77","0","2016","1","N","Richmond County, Virginia","Private","NAICS 23822 Plumbing and hvac contractors","County, NAICS 5-digit -- by ownership sector","All establishment sizes",1,0,0,0,0,0,0,0,"N",0.41,0,0,0,0,0,0,0,"N",0,0.0,0,0,0,0,0,0,0,0,0,0,0,0,0,0
"51159","5","23822","77","0","2016","2","N","Richmond County, Virginia","Private","NAICS 23822 Plumbing and hvac contractors","County, NAICS 5-digit -- by ownership sector","All establishment sizes",1,0,0,0,0,0,0,0,"N",0.41,0,0,0,0,0,0,0,"N",0,0.0,0,0,0,0,0,0,0,0,0,0,0,0,0,0
"51159","5","23822","77","0","2016","3","N","Richmond County, Virginia","Private","NAICS 23822 Plumbing and hvac contractors","County, NAICS 5-digit -- by ownership sector","All establishment sizes",1,0,0,0,0,0,0,0,"N",0.42,0,0,0,0,0,0,0,"N",0,0.0,0,0,0,0,0,0,0,0,0,0,0,0,0,0
"51159","5","23822","77","0","2016","4","N","Richmond County, Virginia","Private","NAICS 23822 Plumbing and hvac contractors","County, NAICS 5-digit -- by ownership sector","All establishment sizes",1,0,0,0,0,0,0,0,"N",0.43,0,0,0,0,0,0,0,"N",0,0.0,0,0,0,0,0,0,0,0,0,0,0,0,0,0
"51159","5","238221","78","0","2016","1","N","Richmond County, Virginia","Private","NAICS 238221 Residential plumbing and hvac contractors","County, NAICS 6-digit -- by ownership sector","All establishment sizes",1,0,0,0,0,0,0,0,"N",0.57,0,0,0,0,0,0,0,"N",0,0.0,0,0,0,0,0,0,0,0,0,0,0,0,0,0
"51159","5","238221","78","0","2016","2","N","Richmond County, Virginia","Private","NAICS 238221 Residential plumbing and hvac contractors","County, NAICS 6-digit -- by ownership sector","All establishment sizes",1,0,0,0,0,0,0,0,"N",0.57,0,0,0,0,0,0,0,"N",0,0.0,0,0,0,0,0,0,0,0,0,0,0,0,0,0
"51159","5","238221","78","0","2016","3","N","Richmond County, Virginia","Private","NAICS 238221 Residential plumbing and hvac contractors","County, NAICS 6-digit -- by ownership sector","All establishment sizes",1,0,0,0,0,0,0,0,"N",0.57,0,0,0,0,0,0,0,"N",0,0.0,0,0,0,0,0,0,0,0,0,0,0,0,0,0
"51159","5","238221","78","0","2016","4","N","Richmond County, Virginia","Private","NAICS 238221 Residential plumbing and hvac contractors","County, NAICS 6-digit -- by ownership sector","All establishment sizes",1,0,0,0,0,0,0,0,"N",0.60,0,0,0,0,0,0,0,"N",0,0.0,0,0,0,0,0,0,0,0,0,0,0,0,0,0
"51159","5","2383","76","0","2016","1","N","Richmond County, Virginia","Private","NAICS 2383 Building finishing contractors","County, NAICS 4-digit -- by ownership sector","All establishment sizes",3,0,0,0,0,0,0,0,"N",1.07,0,0,0,0,0,0,0,"N",1,50.0,0,0,0,0,0,0,0,0,0,0,0,0,0,0
"51159","5","2383","76","0","2016","2","N","Richmond County, Virginia","Private","NAICS 2383 Building finishing contractors","County, NAICS 4-digit -- by ownership sector","All establishment sizes",3,0,0,0,0,0,0,0,"N",1.07,0,0,0,0,0,0,0,"N",0,0.0,0,0,0,0,0,0,0,0,0,0,0,0,0,0
"51159","5","2383","76","0","2016","3","N","Richmond County, Virginia","Private","NAICS 2383 Building finishing contractors","County, NAICS 4-digit -- by ownership sector","All establishment sizes",3,0,0,0,0,0,0,0,"N",1.07,0,0,0,0,0,0,0,"N",0,0.0,0,0,0,0,0,0,0,0,0,0,0,0,0,0
"51159","5","2383","76","0","2016","4","N","Richmond County, Virginia","Private","NAICS 2383 Building finishing contractors","County, NAICS 4-digit -- by ownership sector","All establishment sizes",2,0,0,0,0,0,0,0,"N",0.74,0,0,0,0,0,0,0,"N",-1,-33.3,0,0,0,0,0,0,0,0,0,0,0,0,0,0
"51159","5","23833","77","0","2016","1","N","Richmond County, Virginia","Private","NAICS 23833 Flooring contractors","County, NAICS 5-digit -- by ownership sector","All establishment sizes",1,0,0,0,0,0,0,0,"N",2.70,0,0,0,0,0,0,0,"N",0,0.0,0,0,0,0,0,0,0,0,0,0,0,0,0,0
"51159","5","23833","77","0","2016","2","N","Richmond County, Virginia","Private","NAICS 23833 Flooring contractors","County, NAICS 5-digit -- by ownership sector","All establishment sizes",1,0,0,0,0,0,0,0,"N",2.71,0,0,0,0,0,0,0,"N",0,0.0,0,0,0,0,0,0,0,0,0,0,0,0,0,0
"51159","5","23833","77","0","2016","3","N","Richmond County, Virginia","Private","NAICS 23833 Flooring contractors","County, NAICS 5-digit -- by ownership sector","All establishment sizes",1,0,0,0,0,0,0,0,"N",2.69,0,0,0,0,0,0,0,"N",0,0.0,0,0,0,0,0,0,0,0,0,0,0,0,0,0
"51159","5","23833","77","0","2016","4","-","Richmond County, Virginia","Private","NAICS 23833 Flooring contractors","County, NAICS 5-digit -- by ownership sector","All establishment sizes",0,0,0,0,0,0,0,0,"N",0.00,0,0,0,0,0,0,0,"N",-1,-100.0,0,0,0,0,0,0,0,0,0,0,0,0,0,0
"51159","5","238331","78","0","2016","1","N","Richmond County, Virginia","Private","NAICS 238331 Residential flooring contractors","County, NAICS 6-digit -- by ownership sector","All establishment sizes",1,0,0,0,0,0,0,0,"N",3.37,0,0,0,0,0,0,0,"N",0,0.0,0,0,0,0,0,0,0,0,0,0,0,0,0,0
"51159","5","238331","78","0","2016","2","N","Richmond County, Virginia","Private","NAICS 238331 Residential flooring contractors","County, NAICS 6-digit -- by ownership sector","All establishment sizes",1,0,0,0,0,0,0,0,"N",3.37,0,0,0,0,0,0,0,"N",0,0.0,0,0,0,0,0,0,0,0,0,0,0,0,0,0
"51159","5","238331","78","0","2016","3","N","Richmond County, Virginia","Private","NAICS 238331 Residential flooring contractors","County, NAICS 6-digit -- by ownership sector","All establishment sizes",1,0,0,0,0,0,0,0,"N",3.34,0,0,0,0,0,0,0,"N",0,0.0,0,0,0,0,0,0,0,0,0,0,0,0,0,0
"51159","5","238331","78","0","2016","4","-","Richmond County, Virginia","Private","NAICS 238331 Residential flooring contractors","County, NAICS 6-digit -- by ownership sector","All establishment sizes",0,0,0,0,0,0,0,0,"N",0.00,0,0,0,0,0,0,0,"N",-1,-100.0,0,0,0,0,0,0,0,0,0,0,0,0,0,0
"51159","5","23835","77","0","2016","1","N","Richmond County, Virginia","Private","NAICS 23835 Finish carpentry contractors","County, NAICS 5-digit -- by ownership sector","All establishment sizes",2,0,0,0,0,0,0,0,"N",2.95,0,0,0,0,0,0,0,"N",1,100.0,0,0,0,0,0,0,0,0,0,0,0,0,0,0
"51159","5","23835","77","0","2016","2","N","Richmond County, Virginia","Private","NAICS 23835 Finish carpentry contractors","County, NAICS 5-digit -- by ownership sector","All establishment sizes",2,0,0,0,0,0,0,0,"N",2.96,0,0,0,0,0,0,0,"N",0,0.0,0,0,0,0,0,0,0,0,0,0,0,0,0,0
"51159","5","23835","77","0","2016","3","N","Richmond County, Virginia","Private","NAICS 23835 Finish carpentry contractors","County, NAICS 5-digit -- by ownership sector","All establishment sizes",2,0,0,0,0,0,0,0,"N",2.96,0,0,0,0,0,0,0,"N",0,0.0,0,0,0,0,0,0,0,0,0,0,0,0,0,0
"51159","5","23835","77","0","2016","4","N","Richmond County, Virginia","Private","NAICS 23835 Finish carpentry contractors","County, NAICS 5-digit -- by ownership sector","All establishment sizes",2,0,0,0,0,0,0,0,"N",3.08,0,0,0,0,0,0,0,"N",0,0.0,0,0,0,0,0,0,0,0,0,0,0,0,0,0
"51159","5","238351","78","0","2016","1","N","Richmond County, Virginia","Private","NAICS 238351 Residential finish carpentry contractors","County, NAICS 6-digit -- by ownership sector","All establishment sizes",2,0,0,0,0,0,0,0,"N",3.46,0,0,0,0,0,0,0,"N",1,100.0,0,0,0,0,0,0,0,0,0,0,0,0,0,0
"51159","5","238351","78","0","2016","2","N","Richmond County, Virginia","Private","NAICS 238351 Residential finish carpentry contractors","County, NAICS 6-digit -- by ownership sector","All establishment sizes",2,0,0,0,0,0,0,0,"N",3.47,0,0,0,0,0,0,0,"N",0,0.0,0,0,0,0,0,0,0,0,0,0,0,0,0,0
"51159","5","238351","78","0","2016","3","N","Richmond County, Virginia","Private","NAICS 238351 Residential finish carpentry contractors","County, NAICS 6-digit -- by ownership sector","All establishment sizes",2,0,0,0,0,0,0,0,"N",3.46,0,0,0,0,0,0,0,"N",0,0.0,0,0,0,0,0,0,0,0,0,0,0,0,0,0
"51159","5","238351","78","0","2016","4","N","Richmond County, Virginia","Private","NAICS 238351 Residential finish carpentry contractors","County, NAICS 6-digit -- by ownership sector","All establishment sizes",2,0,0,0,0,0,0,0,"N",3.60,0,0,0,0,0,0,0,"N",0,0.0,0,0,0,0,0,0,0,0,0,0,0,0,0,0
"51159","5","2389","76","0","2016","1","N","Richmond County, Virginia","Private","NAICS 2389 Other specialty trade contractors","County, NAICS 4-digit -- by ownership sector","All establishment sizes",4,0,0,0,0,0,0,0,"N",2.20,0,0,0,0,0,0,0,"N",0,0.0,0,0,0,0,0,0,0,0,0,0,0,0,0,0
"51159","5","2389","76","0","2016","2","","Richmond County, Virginia","Private","NAICS 2389 Other specialty trade contractors","County, NAICS 4-digit -- by ownership sector","All establishment sizes",4,31,30,32,359618,64408,3705,892,"",2.20,2.46,2.30,2.35,3.10,2.33,4.10,1.31,"",0,0.0,5,19.2,0,0.0,2,6.7,45587,14.5,-11010,-14.6,-799,-17.7,49,5.8
"51159","5","2389","76","0","2016","3","","Richmond County, Virginia","Private","NAICS 2389 Other specialty trade contractors","County, NAICS 4-digit -- by ownership sector","All establishment sizes",4,30,30,30,360176,43538,2154,924,"",2.20,2.31,2.18,2.22,2.76,2.48,3.64,1.23,"",0,0.0,2,7.1,1,3.4,2,7.1,26231,7.9,14478,49.8,519,31.7,17,1.9
"51159","5","2389","76","0","2016","4","N","Richmond County, Virginia","Private","NAICS 2389 Other specialty trade contractors","County, NAICS 4-digit -- by ownership sector","All establishment sizes",5,0,0,0,0,0,0,0,"N",2.87,0,0,0,0,0,0,0,"N",1,25.0,0,0,0,0,0,0,0,0,0,0,0,0,0,0
"51159","5","23891","77","0","2016","1","N","Richmond County, Virginia","Private","NAICS 23891 Site preparation contractors","County, NAICS 5-digit -- by ownership sector","All establishment sizes",3,0,0,0,0,0,0,0,"N",3.53,0,0,0,0,0,0,0,"N",0,0.0,0,0,0,0,0,0,0,0,0,0,0,0,0,0
"51159","5","23891","77","0","2016","2","N","Richmond County, Virginia","Private","NAICS 23891 Site preparation contractors","County, NAICS 5-digit -- by ownership sector","All establishment sizes",3,0,0,0,0,0,0,0,"N",3.55,0,0,0,0,0,0,0,"N",0,0.0,0,0,0,0,0,0,0,0,0,0,0,0,0,0
"51159","5","23891","77","0","2016","3","N","Richmond County, Virginia","Private","NAICS 23891 Site preparation contractors","County, NAICS 5-digit -- by ownership sector","All establishment sizes",3,0,0,0,0,0,0,0,"N",3.57,0,0,0,0,0,0,0,"N",0,0.0,0,0,0,0,0,0,0,0,0,0,0,0,0,0
"51159","5","23891","77","0","2016","4","N","Richmond County, Virginia","Private","NAICS 23891 Site preparation contractors","County, NAICS 5-digit -- by ownership sector","All establishment sizes",4,0,0,0,0,0,0,0,"N",4.96,0,0,0,0,0,0,0,"N",1,33.3,0,0,0,0,0,0,0,0,0,0,0,0,0,0
"51159","5","238911","78","0","2016","1","N","Richmond County, Virginia","Private","NAICS 238911 Residential site preparation contractors","County, NAICS 6-digit -- by ownership sector","All establishment sizes",3,0,0,0,0,0,0,0,"N",6.38,0,0,0,0,0,0,0,"N",0,0.0,0,0,0,0,0,0,0,0,0,0,0,0,0,0
"51159","5","238911","78","0","2016","2","N","Richmond County, Virginia","Private","NAICS 238911 Residential site preparation contractors","County, NAICS 6-digit -- by ownership sector","All establishment sizes",3,0,0,0,0,0,0,0,"N",6.39,0,0,0,0,0,0,0,"N",0,0.0,0,0,0,0,0,0,0,0,0,0,0,0,0,0
"51159","5","238911","78","0","2016","3","N","Richmond County, Virginia","Private","NAICS 238911 Residential site preparation contractors","County, NAICS 6-digit -- by ownership sector","All establishment sizes",3,0,0,0,0,0,0,0,"N",6.41,0,0,0,0,0,0,0,"N",0,0.0,0,0,0,0,0,0,0,0,0,0,0,0,0,0
"51159","5","238911","78","0","2016","4","N","Richmond County, Virginia","Private","NAICS 238911 Residential site preparation contractors","County, NAICS 6-digit -- by ownership sector","All establishment sizes",4,0,0,0,0,0,0,0,"N",8.89,0,0,0,0,0,0,0,"N",1,33.3,0,0,0,0,0,0,0,0,0,0,0,0,0,0
"51159","5","23899","77","0","2016","1","N","Richmond County, Virginia","Private","NAICS 23899 All other specialty trade contractors","County, NAICS 5-digit -- by ownership sector","All establishment sizes",1,0,0,0,0,0,0,0,"N",1.04,0,0,0,0,0,0,0,"N",0,0.0,0,0,0,0,0,0,0,0,0,0,0,0,0,0
"51159","5","23899","77","0","2016","2","N","Richmond County, Virginia","Private","NAICS 23899 All other specialty trade contractors","County, NAICS 5-digit -- by ownership sector","All establishment sizes",1,0,0,0,0,0,0,0,"N",1.03,0,0,0,0,0,0,0,"N",0,0.0,0,0,0,0,0,0,0,0,0,0,0,0,0,0
"51159","5","23899","77","0","2016","3","N","Richmond County, Virginia","Private","NAICS 23899 All other specialty trade contractors","County, NAICS 5-digit -- by ownership sector","All establishment sizes",1,0,0,0,0,0,0,0,"N",1.03,0,0,0,0,0,0,0,"N",0,0.0,0,0,0,0,0,0,0,0,0,0,0,0,0,0
"51159","5","23899","77","0","2016","4","N","Richmond County, Virginia","Private","NAICS 23899 All other specialty trade contractors","County, NAICS 5-digit -- by ownership sector","All establishment sizes",1,0,0,0,0,0,0,0,"N",1.07,0,0,0,0,0,0,0,"N",0,0.0,0,0,0,0,0,0,0,0,0,0,0,0,0,0
"51159","5","238991","78","0","2016","1","N","Richmond County, Virginia","Private","NAICS 238991 All other residential trade contractors","County, NAICS 6-digit -- by ownership sector","All establishment sizes",1,0,0,0,0,0,0,0,"N",1.59,0,0,0,0,0,0,0,"N",0,0.0,0,0,0,0,0,0,0,0,0,0,0,0,0,0
"51159","5","238991","78","0","2016","2","N","Richmond County, Virginia","Private","NAICS 238991 All other residential trade contractors","County, NAICS 6-digit -- by ownership sector","All establishment sizes",1,0,0,0,0,0,0,0,"N",1.58,0,0,0,0,0,0,0,"N",0,0.0,0,0,0,0,0,0,0,0,0,0,0,0,0,0
"51159","5","238991","78","0","2016","3","N","Richmond County, Virginia","Private","NAICS 238991 All other residential trade contractors","County, NAICS 6-digit -- by ownership sector","All establishment sizes",1,0,0,0,0,0,0,0,"N",1.58,0,0,0,0,0,0,0,"N",0,0.0,0,0,0,0,0,0,0,0,0,0,0,0,0,0
"51159","5","238991","78","0","2016","4","N","Richmond County, Virginia","Private","NAICS 238991 All other residential trade contractors","County, NAICS 6-digit -- by ownership sector","All establishment sizes",1,0,0,0,0,0,0,0,"N",1.64,0,0,0,0,0,0,0,"N",0,0.0,0,0,0,0,0,0,0,0,0,0,0,0,0,0
"51159","5","31-33","74","0","2016","1","","Richmond County, Virginia","Private","NAICS 31-33 Manufacturing","County, NAICS Sector -- by ownership sector","All establishment sizes",7,148,145,150,1469031,966498,10328,765,"",0.86,0.60,0.58,0.60,0.55,0.67,0.48,0.93,"",1,16.7,5,3.5,3,2.1,11,7.9,111710,8.2,37880,4.1,1222,13.4,26,3.5
"51159","5","31-33","74","0","2016","2","","Richmond County, Virginia","Private","NAICS 31-33 Manufacturing","County, NAICS Sector -- by ownership sector","All establishment sizes",7,149,149,147,1657168,246768,4362,859,"",0.87,0.60,0.60,0.58,0.60,0.69,0.81,1.01,"",0,0.0,-5,-3.2,-4,-2.6,-8,-5.2,10529,0.6,827,0.3,479,12.3,37,4.5
"51159","5","31-33","74","0","2016","3","","Richmond County, Virginia","Private","NAICS 31-33 Manufacturing","County, NAICS Sector -- by ownership sector","All establishment sizes",7,148,146,154,1862528,67868,1774,959,"",0.87,0.62,0.58,0.62,0.65,0.39,0.61,1.08,"",0,0.0,-9,-5.7,-9,-5.8,-2,-1.3,234876,14.4,-50130,-42.5,-293,-14.2,156,19.4
"51159","5","31-33","74","0","2016","4","","Richmond County, Virginia","Private","NAICS 31-33 Manufacturing","County, NAICS Sector -- by ownership sector","All establishment sizes",7,149,147,145,1719935,51464,991,900,"",0.91,0.60,0.60,0.59,0.61,0.45,0.49,1.03,"",0,0.0,2,1.4,1,0.7,-2,-1.4,17573,1.0,-8503,-14.2,561,130.5,7,0.8
"51159","5","312","75","0","2016","1","N","Richmond County, Virginia","Private","NAICS 312 Beverage and tobacco product manufacturing","County, NAICS 3-digit -- by ownership sector","All establishment sizes",1,0,0,0,0,0,0,0,"N",4.51,0,0,0,0,0,0,0,"N",0,0.0,0,0,0,0,0,0,0,0,0,0,0,0,0,0
"51159","5","312","75","0","2016","2","N","Richmond County, Virginia","Private","NAICS 312 Beverage and tobacco product manufacturing","County, NAICS 3-digit -- by ownership sector","All establishment sizes",1,0,0,0,0,0,0,0,"N",4.41,0,0,0,0,0,0,0,"N",0,0.0,0,0,0,0,0,0,0,0,0,0,0,0,0,0
"51159","5","312","75","0","2016","3","N","Richmond County, Virginia","Private","NAICS 312 Beverage and tobacco product manufacturing","County, NAICS 3-digit -- by ownership sector","All establishment sizes",1,0,0,0,0,0,0,0,"N",4.32,0,0,0,0,0,0,0,"N",0,0.0,0,0,0,0,0,0,0,0,0,0,0,0,0,0
"51159","5","312","75","0","2016","4","N","Richmond County, Virginia","Private","NAICS 312 Beverage and tobacco product manufacturing","County, NAICS 3-digit -- by ownership sector","All establishment sizes",1,0,0,0,0,0,0,0,"N",4.40,0,0,0,0,0,0,0,"N",0,0.0,0,0,0,0,0,0,0,0,0,0,0,0,0,0
"51159","5","3121","76","0","2016","1","N","Richmond County, Virginia","Private","NAICS 3121 Beverage manufacturing","County, NAICS 4-digit -- by ownership sector","All establishment sizes",1,0,0,0,0,0,0,0,"N",4.61,0,0,0,0,0,0,0,"N",0,0.0,0,0,0,0,0,0,0,0,0,0,0,0,0,0
"51159","5","3121","76","0","2016","2","N","Richmond County, Virginia","Private","NAICS 3121 Beverage manufacturing","County, NAICS 4-digit -- by ownership sector","All establishment sizes",1,0,0,0,0,0,0,0,"N",4.52,0,0,0,0,0,0,0,"N",0,0.0,0,0,0,0,0,0,0,0,0,0,0,0,0,0
"51159","5","3121","76","0","2016","3","N","Richmond County, Virginia","Private","NAICS 3121 Beverage manufacturing","County, NAICS 4-digit -- by ownership sector","All establishment sizes",1,0,0,0,0,0,0,0,"N",4.41,0,0,0,0,0,0,0,"N",0,0.0,0,0,0,0,0,0,0,0,0,0,0,0,0,0
"51159","5","3121","76","0","2016","4","N","Richmond County, Virginia","Private","NAICS 3121 Beverage manufacturing","County, NAICS 4-digit -- by ownership sector","All establishment sizes",1,0,0,0,0,0,0,0,"N",4.50,0,0,0,0,0,0,0,"N",0,0.0,0,0,0,0,0,0,0,0,0,0,0,0,0,0
"51159","5","31211","77","0","2016","1","N","Richmond County, Virginia","Private","NAICS 31211 Soft drink and ice manufacturing","County, NAICS 5-digit -- by ownership sector","All establishment sizes",1,0,0,0,0,0,0,0,"N",21.88,0,0,0,0,0,0,0,"N",0,0.0,0,0,0,0,0,0,0,0,0,0,0,0,0,0
"51159","5","31211","77","0","2016","2","N","Richmond County, Virginia","Private","NAICS 31211 Soft drink and ice manufacturing","County, NAICS 5-digit -- by ownership sector","All establishment sizes",1,0,0,0,0,0,0,0,"N",21.70,0,0,0,0,0,0,0,"N",0,0.0,0,0,0,0,0,0,0,0,0,0,0,0,0,0
"51159","5","31211","77","0","2016","3","N","Richmond County, Virginia","Private","NAICS 31211 Soft drink and ice manufacturing","County, NAICS 5-digit -- by ownership sector","All establishment sizes",1,0,0,0,0,0,0,0,"N",21.76,0,0,0,0,0,0,0,"N",0,0.0,0,0,0,0,0,0,0,0,0,0,0,0,0,0
"51159","5","31211","77","0","2016","4","N","Richmond County, Virginia","Private","NAICS 31211 Soft drink and ice manufacturing","County, NAICS 5-digit -- by ownership sector","All establishment sizes",1,0,0,0,0,0,0,0,"N",22.32,0,0,0,0,0,0,0,"N",0,0.0,0,0,0,0,0,0,0,0,0,0,0,0,0,0
"51159","5","312113","78","0","2016","1","N","Richmond County, Virginia","Private","NAICS 312113 Ice manufacturing","County, NAICS 6-digit -- by ownership sector","All establishment sizes",1,0,0,0,0,0,0,0,"N",81.61,0,0,0,0,0,0,0,"N",0,0.0,0,0,0,0,0,0,0,0,0,0,0,0,0,0
"51159","5","312113","78","0","2016","2","N","Richmond County, Virginia","Private","NAICS 312113 Ice manufacturing","County, NAICS 6-digit -- by ownership sector","All establishment sizes",1,0,0,0,0,0,0,0,"N",81.83,0,0,0,0,0,0,0,"N",0,0.0,0,0,0,0,0,0,0,0,0,0,0,0,0,0
"51159","5","312113","78","0","2016","3","N","Richmond County, Virginia","Private","NAICS 312113 Ice manufacturing","County, NAICS 6-digit -- by ownership sector","All establishment sizes",1,0,0,0,0,0,0,0,"N",82.20,0,0,0,0,0,0,0,"N",0,0.0,0,0,0,0,0,0,0,0,0,0,0,0,0,0
"51159","5","312113","78","0","2016","4","N","Richmond County, Virginia","Private","NAICS 312113 Ice manufacturing","County, NAICS 6-digit -- by ownership sector","All establishment sizes",1,0,0,0,0,0,0,0,"N",85.00,0,0,0,0,0,0,0,"N",0,0.0,0,0,0,0,0,0,0,0,0,0,0,0,0,0
"51159","5","321","75","0","2016","1","","Richmond County, Virginia","Private","NAICS 321 Wood product manufacturing","County, NAICS 3-digit -- by ownership sector","All establishment sizes",4,130,128,131,1367841,883886,6709,811,"",11.54,16.95,16.49,16.72,27.10,22.88,12.49,1.62,"",0,0.0,-4,-3.0,-5,-3.8,1,0.8,77947,6.0,666,0.1,84,1.3,61,8.1
"51159","5","321","75","0","2016","2","","Richmond County, Virginia","Private","NAICS 321 Wood product manufacturing","County, NAICS 3-digit -- by ownership sector","All establishment sizes",4,127,127,125,1495077,175823,1213,910,"",11.62,16.11,16.19,15.52,25.79,11.14,5.01,1.62,"",0,0.0,-13,-9.3,-12,-8.6,-16,-11.3,-46340,-3.0,-33713,-16.1,-289,-19.2,63,7.4
"51159","5","321","75","0","2016","3","","Richmond County, Virginia","Private","NAICS 321 Wood product manufacturing","County, NAICS 3-digit -- by ownership sector","All establishment sizes",4,127,126,133,1659569,40394,270,992,"",11.69,16.67,15.60,16.74,27.14,4.53,1.90,1.66,"",0,0.0,-7,-5.2,-6,-4.5,-2,-1.5,198025,13.5,-51326,-56.0,-405,-60.0,151,18.0
"51159","5","321","75","0","2016","4","","Richmond County, Virginia","Private","NAICS 321 Wood product manufacturing","County, NAICS 3-digit -- by ownership sector","All establishment sizes",4,129,126,124,1550098,27875,248,944,"",12.20,16.23,16.04,15.64,25.81,4.77,2.51,1.62,"",0,0.0,-2,-1.5,-4,-3.1,-7,-5.3,-27366,-1.7,-30311,-52.1,-66,-21.0,15,1.6
"51159","5","3211","76","0","2016","1","N","Richmond County, Virginia","Private","NAICS 3211 Sawmills and wood preservation","County, NAICS 4-digit -- by ownership sector","All establishment sizes",3,0,0,0,0,0,0,0,"N",35.07,0,0,0,0,0,0,0,"N",0,0.0,0,0,0,0,0,0,0,0,0,0,0,0,0,0
"51159","5","3211","76","0","2016","2","N","Richmond County, Virginia","Private","NAICS 3211 Sawmills and wood preservation","County, NAICS 4-digit -- by ownership sector","All establishment sizes",3,0,0,0,0,0,0,0,"N",35.33,0,0,0,0,0,0,0,"N",0,0.0,0,0,0,0,0,0,0,0,0,0,0,0,0,0
"51159","5","3211","76","0","2016","3","N","Richmond County, Virginia","Private","NAICS 3211 Sawmills and wood preservation","County, NAICS 4-digit -- by ownership sector","All establishment sizes",3,0,0,0,0,0,0,0,"N",35.66,0,0,0,0,0,0,0,"N",0,0.0,0,0,0,0,0,0,0,0,0,0,0,0,0,0
"51159","5","3211","76","0","2016","4","N","Richmond County, Virginia","Private","NAICS 3211 Sawmills and wood preservation","County, NAICS 4-digit -- by ownership sector","All establishment sizes",3,0,0,0,0,0,0,0,"N",37.20,0,0,0,0,0,0,0,"N",0,0.0,0,0,0,0,0,0,0,0,0,0,0,0,0,0
"51159","5","32111","77","0","2016","1","N","Richmond County, Virginia","Private","NAICS 32111 Sawmills and wood preservation","County, NAICS 5-digit -- by ownership sector","All establishment sizes",3,0,0,0,0,0,0,0,"N",35.07,0,0,0,0,0,0,0,"N",0,0.0,0,0,0,0,0,0,0,0,0,0,0,0,0,0
"51159","5","32111","77","0","2016","2","N","Richmond County, Virginia","Private","NAICS 32111 Sawmills and wood preservation","County, NAICS 5-digit -- by ownership sector","All establishment sizes",3,0,0,0,0,0,0,0,"N",35.33,0,0,0,0,0,0,0,"N",0,0.0,0,0,0,0,0,0,0,0,0,0,0,0,0,0
"51159","5","32111","77","0","2016","3","N","Richmond County, Virginia","Private","NAICS 32111 Sawmills and wood preservation","County, NAICS 5-digit -- by ownership sector","All establishment sizes",3,0,0,0,0,0,0,0,"N",35.66,0,0,0,0,0,0,0,"N",0,0.0,0,0,0,0,0,0,0,0,0,0,0,0,0,0
"51159","5","32111","77","0","2016","4","N","Richmond County, Virginia","Private","NAICS 32111 Sawmills and wood preservation","County, NAICS 5-digit -- by ownership sector","All establishment sizes",3,0,0,0,0,0,0,0,"N",37.20,0,0,0,0,0,0,0,"N",0,0.0,0,0,0,0,0,0,0,0,0,0,0,0,0,0
"51159","5","321113","78","0","2016","1","N","Richmond County, Virginia","Private","NAICS 321113 Sawmills","County, NAICS 6-digit -- by ownership sector","All establishment sizes",2,0,0,0,0,0,0,0,"N",26.62,0,0,0,0,0,0,0,"N",0,0.0,0,0,0,0,0,0,0,0,0,0,0,0,0,0
"51159","5","321113","78","0","2016","2","N","Richmond County, Virginia","Private","NAICS 321113 Sawmills","County, NAICS 6-digit -- by ownership sector","All establishment sizes",2,0,0,0,0,0,0,0,"N",26.80,0,0,0,0,0,0,0,"N",0,0.0,0,0,0,0,0,0,0,0,0,0,0,0,0,0
"51159","5","321113","78","0","2016","3","N","Richmond County, Virginia","Private","NAICS 321113 Sawmills","County, NAICS 6-digit -- by ownership sector","All establishment sizes",2,0,0,0,0,0,0,0,"N",27.08,0,0,0,0,0,0,0,"N",0,0.0,0,0,0,0,0,0,0,0,0,0,0,0,0,0
"51159","5","321113","78","0","2016","4","N","Richmond County, Virginia","Private","NAICS 321113 Sawmills","County, NAICS 6-digit -- by ownership sector","All establishment sizes",2,0,0,0,0,0,0,0,"N",28.25,0,0,0,0,0,0,0,"N",0,0.0,0,0,0,0,0,0,0,0,0,0,0,0,0,0
"51159","5","321114","78","0","2016","1","N","Richmond County, Virginia","Private","NAICS 321114 Wood preservation","County, NAICS 6-digit -- by ownership sector","All establishment sizes",1,0,0,0,0,0,0,0,"N",96.14,0,0,0,0,0,0,0,"N",0,0.0,0,0,0,0,0,0,0,0,0,0,0,0,0,0
"51159","5","321114","78","0","2016","2","N","Richmond County, Virginia","Private","NAICS 321114 Wood preservation","County, NAICS 6-digit -- by ownership sector","All establishment sizes",1,0,0,0,0,0,0,0,"N",97.11,0,0,0,0,0,0,0,"N",0,0.0,0,0,0,0,0,0,0,0,0,0,0,0,0,0
"51159","5","321114","78","0","2016","3","N","Richmond County, Virginia","Private","NAICS 321114 Wood preservation","County, NAICS 6-digit -- by ownership sector","All establishment sizes",1,0,0,0,0,0,0,0,"N",97.26,0,0,0,0,0,0,0,"N",0,0.0,0,0,0,0,0,0,0,0,0,0,0,0,0,0
"51159","5","321114","78","0","2016","4","N","Richmond County, Virginia","Private","NAICS 321114 Wood preservation","County, NAICS 6-digit -- by ownership sector","All establishment sizes",1,0,0,0,0,0,0,0,"N",101.54,0,0,0,0,0,0,0,"N",0,0.0,0,0,0,0,0,0,0,0,0,0,0,0,0,0
"51159","5","3212","76","0","2016","1","N","Richmond County, Virginia","Private","NAICS 3212 Plywood and engineered wood product mfg.","County, NAICS 4-digit -- by ownership sector","All establishment sizes",1,0,0,0,0,0,0,0,"N",26.29,0,0,0,0,0,0,0,"N",0,0.0,0,0,0,0,0,0,0,0,0,0,0,0,0,0
"51159","5","3212","76","0","2016","2","N","Richmond County, Virginia","Private","NAICS 3212 Plywood and engineered wood product mfg.","County, NAICS 4-digit -- by ownership sector","All establishment sizes",1,0,0,0,0,0,0,0,"N",26.46,0,0,0,0,0,0,0,"N",0,0.0,0,0,0,0,0,0,0,0,0,0,0,0,0,0
"51159","5","3212","76","0","2016","3","N","Richmond County, Virginia","Private","NAICS 3212 Plywood and engineered wood product mfg.","County, NAICS 4-digit -- by ownership sector","All establishment sizes",1,0,0,0,0,0,0,0,"N",26.55,0,0,0,0,0,0,0,"N",0,0.0,0,0,0,0,0,0,0,0,0,0,0,0,0,0
"51159","5","3212","76","0","2016","4","N","Richmond County, Virginia","Private","NAICS 3212 Plywood and engineered wood product mfg.","County, NAICS 4-digit -- by ownership sector","All establishment sizes",1,0,0,0,0,0,0,0,"N",27.72,0,0,0,0,0,0,0,"N",0,0.0,0,0,0,0,0,0,0,0,0,0,0,0,0,0
"51159","5","32121","77","0","2016","1","N","Richmond County, Virginia","Private","NAICS 32121 Plywood and engineered wood product mfg.","County, NAICS 5-digit -- by ownership sector","All establishment sizes",1,0,0,0,0,0,0,0,"N",26.29,0,0,0,0,0,0,0,"N",0,0.0,0,0,0,0,0,0,0,0,0,0,0,0,0,0
"51159","5","32121","77","0","2016","2","N","Richmond County, Virginia","Private","NAICS 32121 Plywood and engineered wood product mfg.","County, NAICS 5-digit -- by ownership sector","All establishment sizes",1,0,0,0,0,0,0,0,"N",26.46,0,0,0,0,0,0,0,"N",0,0.0,0,0,0,0,0,0,0,0,0,0,0,0,0,0
"51159","5","32121","77","0","2016","3","N","Richmond County, Virginia","Private","NAICS 32121 Plywood and engineered wood product mfg.","County, NAICS 5-digit -- by ownership sector","All establishment sizes",1,0,0,0,0,0,0,0,"N",26.55,0,0,0,0,0,0,0,"N",0,0.0,0,0,0,0,0,0,0,0,0,0,0,0,0,0
"51159","5","32121","77","0","2016","4","N","Richmond County, Virginia","Private","NAICS 32121 Plywood and engineered wood product mfg.","County, NAICS 5-digit -- by ownership sector","All establishment sizes",1,0,0,0,0,0,0,0,"N",27.72,0,0,0,0,0,0,0,"N",0,0.0,0,0,0,0,0,0,0,0,0,0,0,0,0,0
"51159","5","321214","78","0","2016","1","N","Richmond County, Virginia","Private","NAICS 321214 Truss manufacturing","County, NAICS 6-digit -- by ownership sector","All establishment sizes",1,0,0,0,0,0,0,0,"N",52.84,0,0,0,0,0,0,0,"N",0,0.0,0,0,0,0,0,0,0,0,0,0,0,0,0,0
"51159","5","321214","78","0","2016","2","N","Richmond County, Virginia","Private","NAICS 321214 Truss manufacturing","County, NAICS 6-digit -- by ownership sector","All establishment sizes",1,0,0,0,0,0,0,0,"N",53.16,0,0,0,0,0,0,0,"N",0,0.0,0,0,0,0,0,0,0,0,0,0,0,0,0,0
"51159","5","321214","78","0","2016","3","N","Richmond County, Virginia","Private","NAICS 321214 Truss manufacturing","County, NAICS 6-digit -- by ownership sector","All establishment sizes",1,0,0,0,0,0,0,0,"N",53.47,0,0,0,0,0,0,0,"N",0,0.0,0,0,0,0,0,0,0,0,0,0,0,0,0,0
"51159","5","321214","78","0","2016","4","N","Richmond County, Virginia","Private","NAICS 321214 Truss manufacturing","County, NAICS 6-digit -- by ownership sector","All establishment sizes",1,0,0,0,0,0,0,0,"N",55.96,0,0,0,0,0,0,0,"N",0,0.0,0,0,0,0,0,0,0,0,0,0,0,0,0,0
"51159","5","333","75","0","2016","1","N","Richmond County, Virginia","Private","NAICS 333 Machinery manufacturing","County, NAICS 3-digit -- by ownership sector","All establishment sizes",1,0,0,0,0,0,0,0,"N",1.41,0,0,0,0,0,0,0,"N",0,0.0,0,0,0,0,0,0,0,0,0,0,0,0,0,0
"51159","5","333","75","0","2016","2","N","Richmond County, Virginia","Private","NAICS 333 Machinery manufacturing","County, NAICS 3-digit -- by ownership sector","All establishment sizes",1,0,0,0,0,0,0,0,"N",1.42,0,0,0,0,0,0,0,"N",0,0.0,0,0,0,0,0,0,0,0,0,0,0,0,0,0
"51159","5","333","75","0","2016","3","N","Richmond County, Virginia","Private","NAICS 333 Machinery manufacturing","County, NAICS 3-digit -- by ownership sector","All establishment sizes",1,0,0,0,0,0,0,0,"N",1.43,0,0,0,0,0,0,0,"N",0,0.0,0,0,0,0,0,0,0,0,0,0,0,0,0,0
"51159","5","333","75","0","2016","4","N","Richmond County, Virginia","Private","NAICS 333 Machinery manufacturing","County, NAICS 3-digit -- by ownership sector","All establishment sizes",1,0,0,0,0,0,0,0,"N",1.49,0,0,0,0,0,0,0,"N",0,0.0,0,0,0,0,0,0,0,0,0,0,0,0,0,0
"51159","5","3335","76","0","2016","1","N","Richmond County, Virginia","Private","NAICS 3335 Metalworking machinery manufacturing","County, NAICS 4-digit -- by ownership sector","All establishment sizes",1,0,0,0,0,0,0,0,"N",4.96,0,0,0,0,0,0,0,"N",0,0.0,0,0,0,0,0,0,0,0,0,0,0,0,0,0
"51159","5","3335","76","0","2016","2","N","Richmond County, Virginia","Private","NAICS 3335 Metalworking machinery manufacturing","County, NAICS 4-digit -- by ownership sector","All establishment sizes",1,0,0,0,0,0,0,0,"N",5.02,0,0,0,0,0,0,0,"N",0,0.0,0,0,0,0,0,0,0,0,0,0,0,0,0,0
"51159","5","3335","76","0","2016","3","N","Richmond County, Virginia","Private","NAICS 3335 Metalworking machinery manufacturing","County, NAICS 4-digit -- by ownership sector","All establishment sizes",1,0,0,0,0,0,0,0,"N",5.07,0,0,0,0,0,0,0,"N",0,0.0,0,0,0,0,0,0,0,0,0,0,0,0,0,0
"51159","5","3335","76","0","2016","4","N","Richmond County, Virginia","Private","NAICS 3335 Metalworking machinery manufacturing","County, NAICS 4-digit -- by ownership sector","All establishment sizes",1,0,0,0,0,0,0,0,"N",5.31,0,0,0,0,0,0,0,"N",0,0.0,0,0,0,0,0,0,0,0,0,0,0,0,0,0
"51159","5","33351","77","0","2016","1","N","Richmond County, Virginia","Private","NAICS 33351 Metalworking machinery manufacturing","County, NAICS 5-digit -- by ownership sector","All establishment sizes",1,0,0,0,0,0,0,0,"N",4.96,0,0,0,0,0,0,0,"N",0,0.0,0,0,0,0,0,0,0,0,0,0,0,0,0,0
"51159","5","33351","77","0","2016","2","N","Richmond County, Virginia","Private","NAICS 33351 Metalworking machinery manufacturing","County, NAICS 5-digit -- by ownership sector","All establishment sizes",1,0,0,0,0,0,0,0,"N",5.02,0,0,0,0,0,0,0,"N",0,0.0,0,0,0,0,0,0,0,0,0,0,0,0,0,0
"51159","5","33351","77","0","2016","3","N","Richmond County, Virginia","Private","NAICS 33351 Metalworking machinery manufacturing","County, NAICS 5-digit -- by ownership sector","All establishment sizes",1,0,0,0,0,0,0,0,"N",5.07,0,0,0,0,0,0,0,"N",0,0.0,0,0,0,0,0,0,0,0,0,0,0,0,0,0
"51159","5","33351","77","0","2016","4","N","Richmond County, Virginia","Private","NAICS 33351 Metalworking machinery manufacturing","County, NAICS 5-digit -- by ownership sector","All establishment sizes",1,0,0,0,0,0,0,0,"N",5.31,0,0,0,0,0,0,0,"N",0,0.0,0,0,0,0,0,0,0,0,0,0,0,0,0,0
"51159","5","333515","78","0","2016","1","N","Richmond County, Virginia","Private","NAICS 333515 Cutting tool and machine tool accessory mfg.","County, NAICS 6-digit -- by ownership sector","All establishment sizes",1,0,0,0,0,0,0,0,"N",36.91,0,0,0,0,0,0,0,"N",0,0.0,0,0,0,0,0,0,0,0,0,0,0,0,0,0
"51159","5","333515","78","0","2016","2","N","Richmond County, Virginia","Private","NAICS 333515 Cutting tool and machine tool accessory mfg.","County, NAICS 6-digit -- by ownership sector","All establishment sizes",1,0,0,0,0,0,0,0,"N",37.14,0,0,0,0,0,0,0,"N",0,0.0,0,0,0,0,0,0,0,0,0,0,0,0,0,0
"51159","5","333515","78","0","2016","3","N","Richmond County, Virginia","Private","NAICS 333515 Cutting tool and machine tool accessory mfg.","County, NAICS 6-digit -- by ownership sector","All establishment sizes",1,0,0,0,0,0,0,0,"N",37.51,0,0,0,0,0,0,0,"N",0,0.0,0,0,0,0,0,0,0,0,0,0,0,0,0,0
"51159","5","333515","78","0","2016","4","N","Richmond County, Virginia","Private","NAICS 333515 Cutting tool and machine tool accessory mfg.","County, NAICS 6-digit -- by ownership sector","All establishment sizes",1,0,0,0,0,0,0,0,"N",39.20,0,0,0,0,0,0,0,"N",0,0.0,0,0,0,0,0,0,0,0,0,0,0,0,0,0
"51159","5","339","75","0","2016","1","N","Richmond County, Virginia","Private","NAICS 339 Miscellaneous manufacturing","County, NAICS 3-digit -- by ownership sector","All establishment sizes",1,0,0,0,0,0,0,0,"N",1.33,0,0,0,0,0,0,0,"N",1,100.0,0,0,0,0,0,0,0,0,0,0,0,0,0,0
"51159","5","339","75","0","2016","2","N","Richmond County, Virginia","Private","NAICS 339 Miscellaneous manufacturing","County, NAICS 3-digit -- by ownership sector","All establishment sizes",1,0,0,0,0,0,0,0,"N",1.34,0,0,0,0,0,0,0,"N",0,0.0,0,0,0,0,0,0,0,0,0,0,0,0,0,0
"51159","5","339","75","0","2016","3","N","Richmond County, Virginia","Private","NAICS 339 Miscellaneous manufacturing","County, NAICS 3-digit -- by ownership sector","All establishment sizes",1,0,0,0,0,0,0,0,"N",1.34,0,0,0,0,0,0,0,"N",0,0.0,0,0,0,0,0,0,0,0,0,0,0,0,0,0
"51159","5","339","75","0","2016","4","N","Richmond County, Virginia","Private","NAICS 339 Miscellaneous manufacturing","County, NAICS 3-digit -- by ownership sector","All establishment sizes",1,0,0,0,0,0,0,0,"N",1.40,0,0,0,0,0,0,0,"N",0,0.0,0,0,0,0,0,0,0,0,0,0,0,0,0,0
"51159","5","3399","76","0","2016","1","N","Richmond County, Virginia","Private","NAICS 3399 Other miscellaneous manufacturing","County, NAICS 4-digit -- by ownership sector","All establishment sizes",1,0,0,0,0,0,0,0,"N",2.21,0,0,0,0,0,0,0,"N",1,100.0,0,0,0,0,0,0,0,0,0,0,0,0,0,0
"51159","5","3399","76","0","2016","2","N","Richmond County, Virginia","Private","NAICS 3399 Other miscellaneous manufacturing","County, NAICS 4-digit -- by ownership sector","All establishment sizes",1,0,0,0,0,0,0,0,"N",2.22,0,0,0,0,0,0,0,"N",0,0.0,0,0,0,0,0,0,0,0,0,0,0,0,0,0
"51159","5","3399","76","0","2016","3","N","Richmond County, Virginia","Private","NAICS 3399 Other miscellaneous manufacturing","County, NAICS 4-digit -- by ownership sector","All establishment sizes",1,0,0,0,0,0,0,0,"N",2.22,0,0,0,0,0,0,0,"N",0,0.0,0,0,0,0,0,0,0,0,0,0,0,0,0,0
"51159","5","3399","76","0","2016","4","N","Richmond County, Virginia","Private","NAICS 3399 Other miscellaneous manufacturing","County, NAICS 4-digit -- by ownership sector","All establishment sizes",1,0,0,0,0,0,0,0,"N",2.30,0,0,0,0,0,0,0,"N",0,0.0,0,0,0,0,0,0,0,0,0,0,0,0,0,0
"51159","5","33999","77","0","2016","1","N","Richmond County, Virginia","Private","NAICS 33999 All other miscellaneous manufacturing","County, NAICS 5-digit -- by ownership sector","All establishment sizes",1,0,0,0,0,0,0,0,"N",6.13,0,0,0,0,0,0,0,"N",1,100.0,0,0,0,0,0,0,0,0,0,0,0,0,0,0
"51159","5","33999","77","0","2016","2","N","Richmond County, Virginia","Private","NAICS 33999 All other miscellaneous manufacturing","County, NAICS 5-digit -- by ownership sector","All establishment sizes",1,0,0,0,0,0,0,0,"N",6.12,0,0,0,0,0,0,0,"N",0,0.0,0,0,0,0,0,0,0,0,0,0,0,0,0,0
"51159","5","33999","77","0","2016","3","N","Richmond County, Virginia","Private","NAICS 33999 All other miscellaneous manufacturing","County, NAICS 5-digit -- by ownership sector","All establishment sizes",1,0,0,0,0,0,0,0,"N",6.08,0,0,0,0,0,0,0,"N",0,0.0,0,0,0,0,0,0,0,0,0,0,0,0,0,0
"51159","5","33999","77","0","2016","4","N","Richmond County, Virginia","Private","NAICS 33999 All other miscellaneous manufacturing","County, NAICS 5-digit -- by ownership sector","All establishment sizes",1,0,0,0,0,0,0,0,"N",6.26,0,0,0,0,0,0,0,"N",0,0.0,0,0,0,0,0,0,0,0,0,0,0,0,0,0
"51159","5","339999","78","0","2016","1","N","Richmond County, Virginia","Private","NAICS 339999 All other miscellaneous manufacturing","County, NAICS 6-digit -- by ownership sector","All establishment sizes",1,0,0,0,0,0,0,0,"N",8.58,0,0,0,0,0,0,0,"N",1,100.0,0,0,0,0,0,0,0,0,0,0,0,0,0,0
"51159","5","339999","78","0","2016","2","N","Richmond County, Virginia","Private","NAICS 339999 All other miscellaneous manufacturing","County, NAICS 6-digit -- by ownership sector","All establishment sizes",1,0,0,0,0,0,0,0,"N",8.52,0,0,0,0,0,0,0,"N",0,0.0,0,0,0,0,0,0,0,0,0,0,0,0,0,0
"51159","5","339999","78","0","2016","3","N","Richmond County, Virginia","Private","NAICS 339999 All other miscellaneous manufacturing","County, NAICS 6-digit -- by ownership sector","All establishment sizes",1,0,0,0,0,0,0,0,"N",8.41,0,0,0,0,0,0,0,"N",0,0.0,0,0,0,0,0,0,0,0,0,0,0,0,0,0
"51159","5","339999","78","0","2016","4","N","Richmond County, Virginia","Private","NAICS 339999 All other miscellaneous manufacturing","County, NAICS 6-digit -- by ownership sector","All establishment sizes",1,0,0,0,0,0,0,0,"N",8.63,0,0,0,0,0,0,0,"N",0,0.0,0,0,0,0,0,0,0,0,0,0,0,0,0,0
"51159","5","42","74","0","2016","1","","Richmond County, Virginia","Private","NAICS 42 Wholesale trade","County, NAICS Sector -- by ownership sector","All establishment sizes",13,127,127,127,1234300,743990,10857,748,"",0.89,1.09,1.08,1.07,0.87,1.07,1.17,0.81,"",1,8.3,19,17.6,24,23.3,6,5.0,162209,15.1,87421,13.3,-1746,-13.9,3,0.4
"51159","5","42","74","0","2016","2","","Richmond County, Virginia","Private","NAICS 42 Wholesale trade","County, NAICS Sector -- by ownership sector","All establishment sizes",13,133,136,139,1288890,246728,3400,729,"",0.90,1.12,1.15,1.15,0.87,1.48,1.51,0.76,"",1,8.3,1,0.8,2,1.5,7,5.3,92618,7.7,-27950,-10.2,-3088,-47.6,35,5.0
"51159","5","42","74","0","2016","3","","Richmond County, Virginia","Private","NAICS 42 Wholesale trade","County, NAICS Sector -- by ownership sector","All establishment sizes",14,125,120,114,1170302,116302,1423,752,"",0.98,1.10,1.00,0.96,0.76,1.33,1.11,0.75,"",2,16.7,15,13.6,12,11.1,15,15.2,321976,38.0,41837,56.2,326,29.7,134,21.7
"51159","5","42","74","0","2016","4","","Richmond County, Virginia","Private","NAICS 42 Wholesale trade","County, NAICS Sector -- by ownership sector","All establishment sizes",14,123,123,115,1342728,65374,638,858,"",1.02,1.04,1.05,0.97,0.86,1.05,0.63,0.85,"",1,7.7,-2,-1.6,-3,-2.4,-1,-0.9,-17023,-1.3,12185,22.9,-167,-20.7,3,0.4
"51159","5","423","75","0","2016","1","N","Richmond County, Virginia","Private","NAICS 423 Merchant wholesalers, durable goods","County, NAICS 3-digit -- by ownership sector","All establishment sizes",3,0,0,0,0,0,0,0,"N",0.50,0,0,0,0,0,0,0,"N",0,0.0,0,0,0,0,0,0,0,0,0,0,0,0,0,0
"51159","5","423","75","0","2016","2","N","Richmond County, Virginia","Private","NAICS 423 Merchant wholesalers, durable goods","County, NAICS 3-digit -- by ownership sector","All establishment sizes",3,0,0,0,0,0,0,0,"N",0.51,0,0,0,0,0,0,0,"N",0,0.0,0,0,0,0,0,0,0,0,0,0,0,0,0,0
"51159","5","423","75","0","2016","3","N","Richmond County, Virginia","Private","NAICS 423 Merchant wholesalers, durable goods","County, NAICS 3-digit -- by ownership sector","All establishment sizes",3,0,0,0,0,0,0,0,"N",0.51,0,0,0,0,0,0,0,"N",0,0.0,0,0,0,0,0,0,0,0,0,0,0,0,0,0
"51159","5","423","75","0","2016","4","N","Richmond County, Virginia","Private","NAICS 423 Merchant wholesalers, durable goods","County, NAICS 3-digit -- by ownership sector","All establishment sizes",3,0,0,0,0,0,0,0,"N",0.53,0,0,0,0,0,0,0,"N",0,0.0,0,0,0,0,0,0,0,0,0,0,0,0,0,0
"51159","5","4231","76","0","2016","1","N","Richmond County, Virginia","Private","NAICS 4231 Motor vehicle and parts merchant wholesalers","County, NAICS 4-digit -- by ownership sector","All establishment sizes",1,0,0,0,0,0,0,0,"N",1.83,0,0,0,0,0,0,0,"N",0,0.0,0,0,0,0,0,0,0,0,0,0,0,0,0,0
"51159","5","4231","76","0","2016","2","N","Richmond County, Virginia","Private","NAICS 4231 Motor vehicle and parts merchant wholesalers","County, NAICS 4-digit -- by ownership sector","All establishment sizes",1,0,0,0,0,0,0,0,"N",1.85,0,0,0,0,0,0,0,"N",0,0.0,0,0,0,0,0,0,0,0,0,0,0,0,0,0
"51159","5","4231","76","0","2016","3","N","Richmond County, Virginia","Private","NAICS 4231 Motor vehicle and parts merchant wholesalers","County, NAICS 4-digit -- by ownership sector","All establishment sizes",1,0,0,0,0,0,0,0,"N",1.86,0,0,0,0,0,0,0,"N",0,0.0,0,0,0,0,0,0,0,0,0,0,0,0,0,0
"51159","5","4231","76","0","2016","4","N","Richmond County, Virginia","Private","NAICS 4231 Motor vehicle and parts merchant wholesalers","County, NAICS 4-digit -- by ownership sector","All establishment sizes",1,0,0,0,0,0,0,0,"N",1.94,0,0,0,0,0,0,0,"N",0,0.0,0,0,0,0,0,0,0,0,0,0,0,0,0,0
"51159","5","42312","77","0","2016","1","N","Richmond County, Virginia","Private","NAICS 42312 New motor vehicle parts merchant wholesalers","County, NAICS 5-digit -- by ownership sector","All establishment sizes",1,0,0,0,0,0,0,0,"N",3.28,0,0,0,0,0,0,0,"N",0,0.0,0,0,0,0,0,0,0,0,0,0,0,0,0,0
"51159","5","42312","77","0","2016","2","N","Richmond County, Virginia","Private","NAICS 42312 New motor vehicle parts merchant wholesalers","County, NAICS 5-digit -- by ownership sector","All establishment sizes",1,0,0,0,0,0,0,0,"N",3.31,0,0,0,0,0,0,0,"N",0,0.0,0,0,0,0,0,0,0,0,0,0,0,0,0,0
"51159","5","42312","77","0","2016","3","N","Richmond County, Virginia","Private","NAICS 42312 New motor vehicle parts merchant wholesalers","County, NAICS 5-digit -- by ownership sector","All establishment sizes",1,0,0,0,0,0,0,0,"N",3.35,0,0,0,0,0,0,0,"N",0,0.0,0,0,0,0,0,0,0,0,0,0,0,0,0,0
"51159","5","42312","77","0","2016","4","N","Richmond County, Virginia","Private","NAICS 42312 New motor vehicle parts merchant wholesalers","County, NAICS 5-digit -- by ownership sector","All establishment sizes",1,0,0,0,0,0,0,0,"N",3.49,0,0,0,0,0,0,0,"N",0,0.0,0,0,0,0,0,0,0,0,0,0,0,0,0,0
"51159","5","423120","78","0","2016","1","N","Richmond County, Virginia","Private","NAICS 423120 New motor vehicle parts merchant wholesalers","County, NAICS 6-digit -- by ownership sector","All establishment sizes",1,0,0,0,0,0,0,0,"N",3.28,0,0,0,0,0,0,0,"N",0,0.0,0,0,0,0,0,0,0,0,0,0,0,0,0,0
"51159","5","423120","78","0","2016","2","N","Richmond County, Virginia","Private","NAICS 423120 New motor vehicle parts merchant wholesalers","County, NAICS 6-digit -- by ownership sector","All establishment sizes",1,0,0,0,0,0,0,0,"N",3.31,0,0,0,0,0,0,0,"N",0,0.0,0,0,0,0,0,0,0,0,0,0,0,0,0,0
"51159","5","423120","78","0","2016","3","N","Richmond County, Virginia","Private","NAICS 423120 New motor vehicle parts merchant wholesalers","County, NAICS 6-digit -- by ownership sector","All establishment sizes",1,0,0,0,0,0,0,0,"N",3.35,0,0,0,0,0,0,0,"N",0,0.0,0,0,0,0,0,0,0,0,0,0,0,0,0,0
"51159","5","423120","78","0","2016","4","N","Richmond County, Virginia","Private","NAICS 423120 New motor vehicle parts merchant wholesalers","County, NAICS 6-digit -- by ownership sector","All establishment sizes",1,0,0,0,0,0,0,0,"N",3.49,0,0,0,0,0,0,0,"N",0,0.0,0,0,0,0,0,0,0,0,0,0,0,0,0,0
"51159","5","4232","76","0","2016","1","N","Richmond County, Virginia","Private","NAICS 4232 Furniture and furnishing merchant wholesalers","County, NAICS 4-digit -- by ownership sector","All establishment sizes",1,0,0,0,0,0,0,0,"N",4.05,0,0,0,0,0,0,0,"N",0,0.0,0,0,0,0,0,0,0,0,0,0,0,0,0,0
"51159","5","4232","76","0","2016","2","N","Richmond County, Virginia","Private","NAICS 4232 Furniture and furnishing merchant wholesalers","County, NAICS 4-digit -- by ownership sector","All establishment sizes",1,0,0,0,0,0,0,0,"N",4.08,0,0,0,0,0,0,0,"N",0,0.0,0,0,0,0,0,0,0,0,0,0,0,0,0,0
"51159","5","4232","76","0","2016","3","N","Richmond County, Virginia","Private","NAICS 4232 Furniture and furnishing merchant wholesalers","County, NAICS 4-digit -- by ownership sector","All establishment sizes",1,0,0,0,0,0,0,0,"N",4.11,0,0,0,0,0,0,0,"N",0,0.0,0,0,0,0,0,0,0,0,0,0,0,0,0,0
"51159","5","4232","76","0","2016","4","N","Richmond County, Virginia","Private","NAICS 4232 Furniture and furnishing merchant wholesalers","County, NAICS 4-digit -- by ownership sector","All establishment sizes",1,0,0,0,0,0,0,0,"N",4.28,0,0,0,0,0,0,0,"N",0,0.0,0,0,0,0,0,0,0,0,0,0,0,0,0,0
"51159","5","42321","77","0","2016","1","N","Richmond County, Virginia","Private","NAICS 42321 Furniture merchant wholesalers","County, NAICS 5-digit -- by ownership sector","All establishment sizes",1,0,0,0,0,0,0,0,"N",9.30,0,0,0,0,0,0,0,"N",0,0.0,0,0,0,0,0,0,0,0,0,0,0,0,0,0
"51159","5","42321","77","0","2016","2","N","Richmond County, Virginia","Private","NAICS 42321 Furniture merchant wholesalers","County, NAICS 5-digit -- by ownership sector","All establishment sizes",1,0,0,0,0,0,0,0,"N",9.33,0,0,0,0,0,0,0,"N",0,0.0,0,0,0,0,0,0,0,0,0,0,0,0,0,0
"51159","5","42321","77","0","2016","3","N","Richmond County, Virginia","Private","NAICS 42321 Furniture merchant wholesalers","County, NAICS 5-digit -- by ownership sector","All establishment sizes",1,0,0,0,0,0,0,0,"N",9.37,0,0,0,0,0,0,0,"N",0,0.0,0,0,0,0,0,0,0,0,0,0,0,0,0,0
"51159","5","42321","77","0","2016","4","N","Richmond County, Virginia","Private","NAICS 42321 Furniture merchant wholesalers","County, NAICS 5-digit -- by ownership sector","All establishment sizes",1,0,0,0,0,0,0,0,"N",9.75,0,0,0,0,0,0,0,"N",0,0.0,0,0,0,0,0,0,0,0,0,0,0,0,0,0
"51159","5","423210","78","0","2016","1","N","Richmond County, Virginia","Private","NAICS 423210 Furniture merchant wholesalers","County, NAICS 6-digit -- by ownership sector","All establishment sizes",1,0,0,0,0,0,0,0,"N",9.30,0,0,0,0,0,0,0,"N",0,0.0,0,0,0,0,0,0,0,0,0,0,0,0,0,0
"51159","5","423210","78","0","2016","2","N","Richmond County, Virginia","Private","NAICS 423210 Furniture merchant wholesalers","County, NAICS 6-digit -- by ownership sector","All establishment sizes",1,0,0,0,0,0,0,0,"N",9.33,0,0,0,0,0,0,0,"N",0,0.0,0,0,0,0,0,0,0,0,0,0,0,0,0,0
"51159","5","423210","78","0","2016","3","N","Richmond County, Virginia","Private","NAICS 423210 Furniture merchant wholesalers","County, NAICS 6-digit -- by ownership sector","All establishment sizes",1,0,0,0,0,0,0,0,"N",9.37,0,0,0,0,0,0,0,"N",0,0.0,0,0,0,0,0,0,0,0,0,0,0,0,0,0
"51159","5","423210","78","0","2016","4","N","Richmond County, Virginia","Private","NAICS 423210 Furniture merchant wholesalers","County, NAICS 6-digit -- by ownership sector","All establishment sizes",1,0,0,0,0,0,0,0,"N",9.75,0,0,0,0,0,0,0,"N",0,0.0,0,0,0,0,0,0,0,0,0,0,0,0,0,0
"51159","5","4238","76","0","2016","1","N","Richmond County, Virginia","Private","NAICS 4238 Machinery and supply merchant wholesalers","County, NAICS 4-digit -- by ownership sector","All establishment sizes",1,0,0,0,0,0,0,0,"N",0.70,0,0,0,0,0,0,0,"N",0,0.0,0,0,0,0,0,0,0,0,0,0,0,0,0,0
"51159","5","4238","76","0","2016","2","N","Richmond County, Virginia","Private","NAICS 4238 Machinery and supply merchant wholesalers","County, NAICS 4-digit -- by ownership sector","All establishment sizes",1,0,0,0,0,0,0,0,"N",0.70,0,0,0,0,0,0,0,"N",0,0.0,0,0,0,0,0,0,0,0,0,0,0,0,0,0
"51159","5","4238","76","0","2016","3","N","Richmond County, Virginia","Private","NAICS 4238 Machinery and supply merchant wholesalers","County, NAICS 4-digit -- by ownership sector","All establishment sizes",1,0,0,0,0,0,0,0,"N",0.71,0,0,0,0,0,0,0,"N",0,0.0,0,0,0,0,0,0,0,0,0,0,0,0,0,0
"51159","5","4238","76","0","2016","4","N","Richmond County, Virginia","Private","NAICS 4238 Machinery and supply merchant wholesalers","County, NAICS 4-digit -- by ownership sector","All establishment sizes",1,0,0,0,0,0,0,0,"N",0.74,0,0,0,0,0,0,0,"N",0,0.0,0,0,0,0,0,0,0,0,0,0,0,0,0,0
"51159","5","42386","77","0","2016","1","N","Richmond County, Virginia","Private","NAICS 42386 Transport. goods merchant wholesalers","County, NAICS 5-digit -- by ownership sector","All establishment sizes",1,0,0,0,0,0,0,0,"N",13.23,0,0,0,0,0,0,0,"N",0,0.0,0,0,0,0,0,0,0,0,0,0,0,0,0,0
"51159","5","42386","77","0","2016","2","N","Richmond County, Virginia","Private","NAICS 42386 Transport. goods merchant wholesalers","County, NAICS 5-digit -- by ownership sector","All establishment sizes",1,0,0,0,0,0,0,0,"N",13.38,0,0,0,0,0,0,0,"N",0,0.0,0,0,0,0,0,0,0,0,0,0,0,0,0,0
"51159","5","42386","77","0","2016","3","N","Richmond County, Virginia","Private","NAICS 42386 Transport. goods merchant wholesalers","County, NAICS 5-digit -- by ownership sector","All establishment sizes",1,0,0,0,0,0,0,0,"N",13.48,0,0,0,0,0,0,0,"N",0,0.0,0,0,0,0,0,0,0,0,0,0,0,0,0,0
"51159","5","42386","77","0","2016","4","N","Richmond County, Virginia","Private","NAICS 42386 Transport. goods merchant wholesalers","County, NAICS 5-digit -- by ownership sector","All establishment sizes",1,0,0,0,0,0,0,0,"N",14.09,0,0,0,0,0,0,0,"N",0,0.0,0,0,0,0,0,0,0,0,0,0,0,0,0,0
"51159","5","423860","78","0","2016","1","N","Richmond County, Virginia","Private","NAICS 423860 Transport. goods merchant wholesalers","County, NAICS 6-digit -- by ownership sector","All establishment sizes",1,0,0,0,0,0,0,0,"N",13.23,0,0,0,0,0,0,0,"N",0,0.0,0,0,0,0,0,0,0,0,0,0,0,0,0,0
"51159","5","423860","78","0","2016","2","N","Richmond County, Virginia","Private","NAICS 423860 Transport. goods merchant wholesalers","County, NAICS 6-digit -- by ownership sector","All establishment sizes",1,0,0,0,0,0,0,0,"N",13.38,0,0,0,0,0,0,0,"N",0,0.0,0,0,0,0,0,0,0,0,0,0,0,0,0,0
"51159","5","423860","78","0","2016","3","N","Richmond County, Virginia","Private","NAICS 423860 Transport. goods merchant wholesalers","County, NAICS 6-digit -- by ownership sector","All establishment sizes",1,0,0,0,0,0,0,0,"N",13.48,0,0,0,0,0,0,0,"N",0,0.0,0,0,0,0,0,0,0,0,0,0,0,0,0,0
"51159","5","423860","78","0","2016","4","N","Richmond County, Virginia","Private","NAICS 423860 Transport. goods merchant wholesalers","County, NAICS 6-digit -- by ownership sector","All establishment sizes",1,0,0,0,0,0,0,0,"N",14.09,0,0,0,0,0,0,0,"N",0,0.0,0,0,0,0,0,0,0,0,0,0,0,0,0,0
"51159","5","424","75","0","2016","1","N","Richmond County, Virginia","Private","NAICS 424 Merchant wholesalers, nondurable goods","County, NAICS 3-digit -- by ownership sector","All establishment sizes",10,0,0,0,0,0,0,0,"N",3.05,0,0,0,0,0,0,0,"N",1,11.1,0,0,0,0,0,0,0,0,0,0,0,0,0,0
"51159","5","424","75","0","2016","2","N","Richmond County, Virginia","Private","NAICS 424 Merchant wholesalers, nondurable goods","County, NAICS 3-digit -- by ownership sector","All establishment sizes",10,0,0,0,0,0,0,0,"N",3.08,0,0,0,0,0,0,0,"N",1,11.1,0,0,0,0,0,0,0,0,0,0,0,0,0,0
"51159","5","424","75","0","2016","3","N","Richmond County, Virginia","Private","NAICS 424 Merchant wholesalers, nondurable goods","County, NAICS 3-digit -- by ownership sector","All establishment sizes",11,0,0,0,0,0,0,0,"N",3.40,0,0,0,0,0,0,0,"N",2,22.2,0,0,0,0,0,0,0,0,0,0,0,0,0,0
"51159","5","424","75","0","2016","4","N","Richmond County, Virginia","Private","NAICS 424 Merchant wholesalers, nondurable goods","County, NAICS 3-digit -- by ownership sector","All establishment sizes",11,0,0,0,0,0,0,0,"N",3.54,0,0,0,0,0,0,0,"N",1,10.0,0,0,0,0,0,0,0,0,0,0,0,0,0,0
"51159","5","4244","76","0","2016","1","","Richmond County, Virginia","Private","NAICS 4244 Grocery and related product wholesalers","County, NAICS 4-digit -- by ownership sector","All establishment sizes",3,15,15,15,173593,112196,1295,890,"",3.43,1.02,1.00,1.00,1.29,1.37,1.24,1.28,"",0,0.0,1,7.1,1,7.1,1,7.1,20412,13.3,8512,8.2,690,114.0,48,5.7
"51159","5","4244","76","0","2016","2","","Richmond County, Virginia","Private","NAICS 4244 Grocery and related product wholesalers","County, NAICS 4-digit -- by ownership sector","All establishment sizes",3,15,15,15,156680,5943,26,803,"",3.45,0.99,1.00,0.98,1.10,0.25,0.09,1.11,"",0,0.0,1,7.1,1,7.1,1,7.1,-5248,-3.2,-3616,-37.8,-26,-50.0,-87,-9.8
"51159","5","4244","76","0","2016","3","","Richmond County, Virginia","Private","NAICS 4244 Grocery and related product wholesalers","County, NAICS 4-digit -- by ownership sector","All establishment sizes",4,15,15,14,168429,11507,21,883,"",4.62,1.03,0.97,0.92,1.09,0.87,0.12,1.12,"",1,33.3,1,7.1,0,0.0,-1,-6.7,-11868,-6.6,-4006,-25.8,-50,-70.4,-63,-6.7
"51159","5","4244","76","0","2016","4","","Richmond County, Virginia","Private","NAICS 4244 Grocery and related product wholesalers","County, NAICS 4-digit -- by ownership sector","All establishment sizes",4,15,15,15,221600,8730,39,1136,"",4.80,0.98,0.99,0.98,1.45,0.95,0.28,1.47,"N",1,33.3,0,0,0,0,0,0,0,0,0,0,0,0,0,0
"51159","5","42443","77","0","2016","1","N","Richmond County, Virginia","Private","NAICS 42443 Dairy product merchant wholesalers","County, NAICS 5-digit -- by ownership sector","All establishment sizes",1,0,0,0,0,0,0,0,"N",18.23,0,0,0,0,0,0,0,"N",0,0.0,0,0,0,0,0,0,0,0,0,0,0,0,0,0
"51159","5","42443","77","0","2016","2","N","Richmond County, Virginia","Private","NAICS 42443 Dairy product merchant wholesalers","County, NAICS 5-digit -- by ownership sector","All establishment sizes",1,0,0,0,0,0,0,0,"N",18.46,0,0,0,0,0,0,0,"N",0,0.0,0,0,0,0,0,0,0,0,0,0,0,0,0,0
"51159","5","42443","77","0","2016","3","N","Richmond County, Virginia","Private","NAICS 42443 Dairy product merchant wholesalers","County, NAICS 5-digit -- by ownership sector","All establishment sizes",2,0,0,0,0,0,0,0,"N",37.08,0,0,0,0,0,0,0,"N",1,100.0,0,0,0,0,0,0,0,0,0,0,0,0,0,0
"51159","5","42443","77","0","2016","4","N","Richmond County, Virginia","Private","NAICS 42443 Dairy product merchant wholesalers","County, NAICS 5-digit -- by ownership sector","All establishment sizes",2,0,0,0,0,0,0,0,"N",38.52,0,0,0,0,0,0,0,"N",1,100.0,0,0,0,0,0,0,0,0,0,0,0,0,0,0
"51159","5","424430","78","0","2016","1","N","Richmond County, Virginia","Private","NAICS 424430 Dairy product merchant wholesalers","County, NAICS 6-digit -- by ownership sector","All establishment sizes",1,0,0,0,0,0,0,0,"N",18.23,0,0,0,0,0,0,0,"N",0,0.0,0,0,0,0,0,0,0,0,0,0,0,0,0,0
"51159","5","424430","78","0","2016","2","N","Richmond County, Virginia","Private","NAICS 424430 Dairy product merchant wholesalers","County, NAICS 6-digit -- by ownership sector","All establishment sizes",1,0,0,0,0,0,0,0,"N",18.46,0,0,0,0,0,0,0,"N",0,0.0,0,0,0,0,0,0,0,0,0,0,0,0,0,0
"51159","5","424430","78","0","2016","3","N","Richmond County, Virginia","Private","NAICS 424430 Dairy product merchant wholesalers","County, NAICS 6-digit -- by ownership sector","All establishment sizes",2,0,0,0,0,0,0,0,"N",37.08,0,0,0,0,0,0,0,"N",1,100.0,0,0,0,0,0,0,0,0,0,0,0,0,0,0
"51159","5","424430","78","0","2016","4","N","Richmond County, Virginia","Private","NAICS 424430 Dairy product merchant wholesalers","County, NAICS 6-digit -- by ownership sector","All establishment sizes",2,0,0,0,0,0,0,0,"N",38.52,0,0,0,0,0,0,0,"N",1,100.0,0,0,0,0,0,0,0,0,0,0,0,0,0,0
"51159","5","42446","77","0","2016","1","N","Richmond County, Virginia","Private","NAICS 42446 Fish and seafood merchant wholesalers","County, NAICS 5-digit -- by ownership sector","All establishment sizes",1,0,0,0,0,0,0,0,"N",17.31,0,0,0,0,0,0,0,"N",0,0.0,0,0,0,0,0,0,0,0,0,0,0,0,0,0
"51159","5","42446","77","0","2016","2","N","Richmond County, Virginia","Private","NAICS 42446 Fish and seafood merchant wholesalers","County, NAICS 5-digit -- by ownership sector","All establishment sizes",1,0,0,0,0,0,0,0,"N",17.44,0,0,0,0,0,0,0,"N",0,0.0,0,0,0,0,0,0,0,0,0,0,0,0,0,0
"51159","5","42446","77","0","2016","3","N","Richmond County, Virginia","Private","NAICS 42446 Fish and seafood merchant wholesalers","County, NAICS 5-digit -- by ownership sector","All establishment sizes",1,0,0,0,0,0,0,0,"N",17.45,0,0,0,0,0,0,0,"N",0,0.0,0,0,0,0,0,0,0,0,0,0,0,0,0,0
"51159","5","42446","77","0","2016","4","N","Richmond County, Virginia","Private","NAICS 42446 Fish and seafood merchant wholesalers","County, NAICS 5-digit -- by ownership sector","All establishment sizes",1,0,0,0,0,0,0,0,"N",18.17,0,0,0,0,0,0,0,"N",0,0.0,0,0,0,0,0,0,0,0,0,0,0,0,0,0
"51159","5","424460","78","0","2016","1","N","Richmond County, Virginia","Private","NAICS 424460 Fish and seafood merchant wholesalers","County, NAICS 6-digit -- by ownership sector","All establishment sizes",1,0,0,0,0,0,0,0,"N",17.31,0,0,0,0,0,0,0,"N",0,0.0,0,0,0,0,0,0,0,0,0,0,0,0,0,0
"51159","5","424460","78","0","2016","2","N","Richmond County, Virginia","Private","NAICS 424460 Fish and seafood merchant wholesalers","County, NAICS 6-digit -- by ownership sector","All establishment sizes",1,0,0,0,0,0,0,0,"N",17.44,0,0,0,0,0,0,0,"N",0,0.0,0,0,0,0,0,0,0,0,0,0,0,0,0,0
"51159","5","424460","78","0","2016","3","N","Richmond County, Virginia","Private","NAICS 424460 Fish and seafood merchant wholesalers","County, NAICS 6-digit -- by ownership sector","All establishment sizes",1,0,0,0,0,0,0,0,"N",17.45,0,0,0,0,0,0,0,"N",0,0.0,0,0,0,0,0,0,0,0,0,0,0,0,0,0
"51159","5","424460","78","0","2016","4","N","Richmond County, Virginia","Private","NAICS 424460 Fish and seafood merchant wholesalers","County, NAICS 6-digit -- by ownership sector","All establishment sizes",1,0,0,0,0,0,0,0,"N",18.17,0,0,0,0,0,0,0,"N",0,0.0,0,0,0,0,0,0,0,0,0,0,0,0,0,0
"51159","5","42449","77","0","2016","1","N","Richmond County, Virginia","Private","NAICS 42449 Other grocery product merchant wholesalers","County, NAICS 5-digit -- by ownership sector","All establishment sizes",1,0,0,0,0,0,0,0,"N",3.14,0,0,0,0,0,0,0,"N",0,0.0,0,0,0,0,0,0,0,0,0,0,0,0,0,0
"51159","5","42449","77","0","2016","2","N","Richmond County, Virginia","Private","NAICS 42449 Other grocery product merchant wholesalers","County, NAICS 5-digit -- by ownership sector","All establishment sizes",1,0,0,0,0,0,0,0,"N",3.14,0,0,0,0,0,0,0,"N",0,0.0,0,0,0,0,0,0,0,0,0,0,0,0,0,0
"51159","5","42449","77","0","2016","3","N","Richmond County, Virginia","Private","NAICS 42449 Other grocery product merchant wholesalers","County, NAICS 5-digit -- by ownership sector","All establishment sizes",1,0,0,0,0,0,0,0,"N",3.14,0,0,0,0,0,0,0,"N",0,0.0,0,0,0,0,0,0,0,0,0,0,0,0,0,0
"51159","5","42449","77","0","2016","4","N","Richmond County, Virginia","Private","NAICS 42449 Other grocery product merchant wholesalers","County, NAICS 5-digit -- by ownership sector","All establishment sizes",1,0,0,0,0,0,0,0,"N",3.26,0,0,0,0,0,0,0,"N",0,0.0,0,0,0,0,0,0,0,0,0,0,0,0,0,0
"51159","5","424490","78","0","2016","1","N","Richmond County, Virginia","Private","NAICS 424490 Other grocery product merchant wholesalers","County, NAICS 6-digit -- by ownership sector","All establishment sizes",1,0,0,0,0,0,0,0,"N",3.14,0,0,0,0,0,0,0,"N",0,0.0,0,0,0,0,0,0,0,0,0,0,0,0,0,0
"51159","5","424490","78","0","2016","2","N","Richmond County, Virginia","Private","NAICS 424490 Other grocery product merchant wholesalers","County, NAICS 6-digit -- by ownership sector","All establishment sizes",1,0,0,0,0,0,0,0,"N",3.14,0,0,0,0,0,0,0,"N",0,0.0,0,0,0,0,0,0,0,0,0,0,0,0,0,0
"51159","5","424490","78","0","2016","3","N","Richmond County, Virginia","Private","NAICS 424490 Other grocery product merchant wholesalers","County, NAICS 6-digit -- by ownership sector","All establishment sizes",1,0,0,0,0,0,0,0,"N",3.14,0,0,0,0,0,0,0,"N",0,0.0,0,0,0,0,0,0,0,0,0,0,0,0,0,0
"51159","5","424490","78","0","2016","4","N","Richmond County, Virginia","Private","NAICS 424490 Other grocery product merchant wholesalers","County, NAICS 6-digit -- by ownership sector","All establishment sizes",1,0,0,0,0,0,0,0,"N",3.26,0,0,0,0,0,0,0,"N",0,0.0,0,0,0,0,0,0,0,0,0,0,0,0,0,0
"51159","5","4247","76","0","2016","1","N","Richmond County, Virginia","Private","NAICS 4247 Petroleum merchant wholesalers","County, NAICS 4-digit -- by ownership sector","All establishment sizes",1,0,0,0,0,0,0,0,"N",5.50,0,0,0,0,0,0,0,"N",0,0.0,0,0,0,0,0,0,0,0,0,0,0,0,0,0
"51159","5","4247","76","0","2016","2","N","Richmond County, Virginia","Private","NAICS 4247 Petroleum merchant wholesalers","County, NAICS 4-digit -- by ownership sector","All establishment sizes",1,0,0,0,0,0,0,0,"N",5.59,0,0,0,0,0,0,0,"N",0,0.0,0,0,0,0,0,0,0,0,0,0,0,0,0,0
"51159","5","4247","76","0","2016","3","N","Richmond County, Virginia","Private","NAICS 4247 Petroleum merchant wholesalers","County, NAICS 4-digit -- by ownership sector","All establishment sizes",1,0,0,0,0,0,0,0,"N",5.64,0,0,0,0,0,0,0,"N",0,0.0,0,0,0,0,0,0,0,0,0,0,0,0,0,0
"51159","5","4247","76","0","2016","4","N","Richmond County, Virginia","Private","NAICS 4247 Petroleum merchant wholesalers","County, NAICS 4-digit -- by ownership sector","All establishment sizes",1,0,0,0,0,0,0,0,"N",5.90,0,0,0,0,0,0,0,"N",0,0.0,0,0,0,0,0,0,0,0,0,0,0,0,0,0
"51159","5","42472","77","0","2016","1","N","Richmond County, Virginia","Private","NAICS 42472 Other petroleum merchant wholesalers","County, NAICS 5-digit -- by ownership sector","All establishment sizes",1,0,0,0,0,0,0,0,"N",8.46,0,0,0,0,0,0,0,"N",0,0.0,0,0,0,0,0,0,0,0,0,0,0,0,0,0
"51159","5","42472","77","0","2016","2","N","Richmond County, Virginia","Private","NAICS 42472 Other petroleum merchant wholesalers","County, NAICS 5-digit -- by ownership sector","All establishment sizes",1,0,0,0,0,0,0,0,"N",8.60,0,0,0,0,0,0,0,"N",0,0.0,0,0,0,0,0,0,0,0,0,0,0,0,0,0
"51159","5","42472","77","0","2016","3","N","Richmond County, Virginia","Private","NAICS 42472 Other petroleum merchant wholesalers","County, NAICS 5-digit -- by ownership sector","All establishment sizes",1,0,0,0,0,0,0,0,"N",8.68,0,0,0,0,0,0,0,"N",0,0.0,0,0,0,0,0,0,0,0,0,0,0,0,0,0
"51159","5","42472","77","0","2016","4","N","Richmond County, Virginia","Private","NAICS 42472 Other petroleum merchant wholesalers","County, NAICS 5-digit -- by ownership sector","All establishment sizes",1,0,0,0,0,0,0,0,"N",9.07,0,0,0,0,0,0,0,"N",0,0.0,0,0,0,0,0,0,0,0,0,0,0,0,0,0
"51159","5","424720","78","0","2016","1","N","Richmond County, Virginia","Private","NAICS 424720 Other petroleum merchant wholesalers","County, NAICS 6-digit -- by ownership sector","All establishment sizes",1,0,0,0,0,0,0,0,"N",8.46,0,0,0,0,0,0,0,"N",0,0.0,0,0,0,0,0,0,0,0,0,0,0,0,0,0
"51159","5","424720","78","0","2016","2","N","Richmond County, Virginia","Private","NAICS 424720 Other petroleum merchant wholesalers","County, NAICS 6-digit -- by ownership sector","All establishment sizes",1,0,0,0,0,0,0,0,"N",8.60,0,0,0,0,0,0,0,"N",0,0.0,0,0,0,0,0,0,0,0,0,0,0,0,0,0
"51159","5","424720","78","0","2016","3","N","Richmond County, Virginia","Private","NAICS 424720 Other petroleum merchant wholesalers","County, NAICS 6-digit -- by ownership sector","All establishment sizes",1,0,0,0,0,0,0,0,"N",8.68,0,0,0,0,0,0,0,"N",0,0.0,0,0,0,0,0,0,0,0,0,0,0,0,0,0
"51159","5","424720","78","0","2016","4","N","Richmond County, Virginia","Private","NAICS 424720 Other petroleum merchant wholesalers","County, NAICS 6-digit -- by ownership sector","All establishment sizes",1,0,0,0,0,0,0,0,"N",9.07,0,0,0,0,0,0,0,"N",0,0.0,0,0,0,0,0,0,0,0,0,0,0,0,0,0
"51159","5","4248","76","0","2016","1","","Richmond County, Virginia","Private","NAICS 4248 Alcoholic beverage merchant wholesalers","County, NAICS 4-digit -- by ownership sector","All establishment sizes",3,38,37,35,347782,221120,1234,730,"",20.98,10.01,9.64,9.03,8.36,9.82,5.21,0.88,"N",1,50.0,0,0,0,0,0,0,0,0,0,0,0,0,0,0
"51159","5","4248","76","0","2016","2","","Richmond County, Virginia","Private","NAICS 4248 Alcoholic beverage merchant wholesalers","County, NAICS 4-digit -- by ownership sector","All establishment sizes",3,37,40,36,371736,62160,198,759,"",20.88,9.51,10.32,9.02,8.25,10.85,3.38,0.86,"N",1,50.0,0,0,0,0,0,0,0,0,0,0,0,0,0,0
"51159","5","4248","76","0","2016","3","N","Richmond County, Virginia","Private","NAICS 4248 Alcoholic beverage merchant wholesalers","County, NAICS 4-digit -- by ownership sector","All establishment sizes",3,0,0,0,0,0,0,0,"N",20.76,0,0,0,0,0,0,0,"N",1,50.0,0,0,0,0,0,0,0,0,0,0,0,0,0,0
"51159","5","4248","76","0","2016","4","N","Richmond County, Virginia","Private","NAICS 4248 Alcoholic beverage merchant wholesalers","County, NAICS 4-digit -- by ownership sector","All establishment sizes",3,0,0,0,0,0,0,0,"N",21.46,0,0,0,0,0,0,0,"N",0,0.0,0,0,0,0,0,0,0,0,0,0,0,0,0,0
"51159","5","42481","77","0","2016","1","","Richmond County, Virginia","Private","NAICS 42481 Beer and ale merchant wholesalers","County, NAICS 5-digit -- by ownership sector","All establishment sizes",3,38,37,35,347782,221120,1234,730,"",54.86,17.56,16.96,15.87,18.55,17.98,10.18,1.11,"N",1,50.0,0,0,0,0,0,0,0,0,0,0,0,0,0,0
"51159","5","42481","77","0","2016","2","","Richmond County, Virginia","Private","NAICS 42481 Beer and ale merchant wholesalers","County, NAICS 5-digit -- by ownership sector","All establishment sizes",3,37,40,36,371736,62160,198,759,"",54.87,16.75,18.10,15.77,17.28,17.48,5.88,1.02,"N",1,50.0,0,0,0,0,0,0,0,0,0,0,0,0,0,0
"51159","5","42481","77","0","2016","3","N","Richmond County, Virginia","Private","NAICS 42481 Beer and ale merchant wholesalers","County, NAICS 5-digit -- by ownership sector","All establishment sizes",3,0,0,0,0,0,0,0,"N",55.04,0,0,0,0,0,0,0,"N",1,50.0,0,0,0,0,0,0,0,0,0,0,0,0,0,0
"51159","5","42481","77","0","2016","4","N","Richmond County, Virginia","Private","NAICS 42481 Beer and ale merchant wholesalers","County, NAICS 5-digit -- by ownership sector","All establishment sizes",3,0,0,0,0,0,0,0,"N",56.36,0,0,0,0,0,0,0,"N",0,0.0,0,0,0,0,0,0,0,0,0,0,0,0,0,0
"51159","5","424810","78","0","2016","1","","Richmond County, Virginia","Private","NAICS 424810 Beer and ale merchant wholesalers","County, NAICS 6-digit -- by ownership sector","All establishment sizes",3,38,37,35,347782,221120,1234,730,"",54.86,17.56,16.96,15.87,18.55,17.98,10.18,1.11,"N",1,50.0,0,0,0,0,0,0,0,0,0,0,0,0,0,0
"51159","5","424810","78","0","2016","2","","Richmond County, Virginia","Private","NAICS 424810 Beer and ale merchant wholesalers","County, NAICS 6-digit -- by ownership sector","All establishment sizes",3,37,40,36,371736,62160,198,759,"",54.87,16.75,18.10,15.77,17.28,17.48,5.88,1.02,"N",1,50.0,0,0,0,0,0,0,0,0,0,0,0,0,0,0
"51159","5","424810","78","0","2016","3","N","Richmond County, Virginia","Private","NAICS 424810 Beer and ale merchant wholesalers","County, NAICS 6-digit -- by ownership sector","All establishment sizes",3,0,0,0,0,0,0,0,"N",55.04,0,0,0,0,0,0,0,"N",1,50.0,0,0,0,0,0,0,0,0,0,0,0,0,0,0
"51159","5","424810","78","0","2016","4","N","Richmond County, Virginia","Private","NAICS 424810 Beer and ale merchant wholesalers","County, NAICS 6-digit -- by ownership sector","All establishment sizes",3,0,0,0,0,0,0,0,"N",56.36,0,0,0,0,0,0,0,"N",0,0.0,0,0,0,0,0,0,0,0,0,0,0,0,0,0
"51159","5","4249","76","0","2016","1","","Richmond County, Virginia","Private","NAICS 4249 Misc. nondurable goods merchant wholesalers","County, NAICS 4-digit -- by ownership sector","All establishment sizes",3,61,62,63,606777,313961,7488,753,"",3.87,9.82,9.72,9.70,11.10,9.67,17.67,1.14,"",0,0.0,5,8.9,9,17.0,-7,-10.0,-40672,-6.3,-1468,-0.5,-2946,-28.2,-82,-9.8
"51159","5","4249","76","0","2016","2","","Richmond County, Virginia","Private","NAICS 4249 Misc. nondurable goods merchant wholesalers","County, NAICS 4-digit -- by ownership sector","All establishment sizes",3,67,67,74,644340,130219,2929,715,"",3.91,10.01,10.06,10.98,11.01,11.43,17.27,1.06,"",0,0.0,-13,-16.2,-15,-18.3,-5,-6.3,-88624,-12.1,-75857,-36.8,-3110,-51.5,13,1.9
"51159","5","4249","76","0","2016","3","","Richmond County, Virginia","Private","NAICS 4249 Misc. nondurable goods merchant wholesalers","County, NAICS 4-digit -- by ownership sector","All establishment sizes",3,59,56,59,499837,57673,1136,663,"",3.93,9.42,8.53,9.19,8.57,10.36,13.88,0.95,"",0,0.0,2,3.5,1,1.8,12,25.5,135590,37.2,28429,97.2,295,35.1,134,25.3
"51159","5","4249","76","0","2016","4","","Richmond County, Virginia","Private","NAICS 4249 Misc. nondurable goods merchant wholesalers","County, NAICS 4-digit -- by ownership sector","All establishment sizes",3,59,58,58,496236,20006,420,654,"",4.09,9.17,9.08,9.07,8.12,5.15,6.82,0.89,"",0,0.0,-2,-3.3,-4,-6.5,3,5.5,-12017,-2.4,2687,15.5,-89,-17.5,-5,-0.8
"51159","5","42491","77","0","2016","1","N","Richmond County, Virginia","Private","NAICS 42491 Farm supplies merchant wholesalers","County, NAICS 5-digit -- by ownership sector","All establishment sizes",2,0,0,0,0,0,0,0,"N",7.54,0,0,0,0,0,0,0,"N",0,0.0,0,0,0,0,0,0,0,0,0,0,0,0,0,0
"51159","5","42491","77","0","2016","2","N","Richmond County, Virginia","Private","NAICS 42491 Farm supplies merchant wholesalers","County, NAICS 5-digit -- by ownership sector","All establishment sizes",2,0,0,0,0,0,0,0,"N",7.65,0,0,0,0,0,0,0,"N",0,0.0,0,0,0,0,0,0,0,0,0,0,0,0,0,0
"51159","5","42491","77","0","2016","3","N","Richmond County, Virginia","Private","NAICS 42491 Farm supplies merchant wholesalers","County, NAICS 5-digit -- by ownership sector","All establishment sizes",2,0,0,0,0,0,0,0,"N",7.69,0,0,0,0,0,0,0,"N",0,0.0,0,0,0,0,0,0,0,0,0,0,0,0,0,0
"51159","5","42491","77","0","2016","4","N","Richmond County, Virginia","Private","NAICS 42491 Farm supplies merchant wholesalers","County, NAICS 5-digit -- by ownership sector","All establishment sizes",2,0,0,0,0,0,0,0,"N",8.00,0,0,0,0,0,0,0,"N",0,0.0,0,0,0,0,0,0,0,0,0,0,0,0,0,0
"51159","5","424910","78","0","2016","1","N","Richmond County, Virginia","Private","NAICS 424910 Farm supplies merchant wholesalers","County, NAICS 6-digit -- by ownership sector","All establishment sizes",2,0,0,0,0,0,0,0,"N",7.54,0,0,0,0,0,0,0,"N",0,0.0,0,0,0,0,0,0,0,0,0,0,0,0,0,0
"51159","5","424910","78","0","2016","2","N","Richmond County, Virginia","Private","NAICS 424910 Farm supplies merchant wholesalers","County, NAICS 6-digit -- by ownership sector","All establishment sizes",2,0,0,0,0,0,0,0,"N",7.65,0,0,0,0,0,0,0,"N",0,0.0,0,0,0,0,0,0,0,0,0,0,0,0,0,0
"51159","5","424910","78","0","2016","3","N","Richmond County, Virginia","Private","NAICS 424910 Farm supplies merchant wholesalers","County, NAICS 6-digit -- by ownership sector","All establishment sizes",2,0,0,0,0,0,0,0,"N",7.69,0,0,0,0,0,0,0,"N",0,0.0,0,0,0,0,0,0,0,0,0,0,0,0,0,0
"51159","5","424910","78","0","2016","4","N","Richmond County, Virginia","Private","NAICS 424910 Farm supplies merchant wholesalers","County, NAICS 6-digit -- by ownership sector","All establishment sizes",2,0,0,0,0,0,0,0,"N",8.00,0,0,0,0,0,0,0,"N",0,0.0,0,0,0,0,0,0,0,0,0,0,0,0,0,0
"51159","5","42493","77","0","2016","1","N","Richmond County, Virginia","Private","NAICS 42493 Nursery and florist merchant wholesalers","County, NAICS 5-digit -- by ownership sector","All establishment sizes",1,0,0,0,0,0,0,0,"N",12.62,0,0,0,0,0,0,0,"N",0,0.0,0,0,0,0,0,0,0,0,0,0,0,0,0,0
"51159","5","42493","77","0","2016","2","N","Richmond County, Virginia","Private","NAICS 42493 Nursery and florist merchant wholesalers","County, NAICS 5-digit -- by ownership sector","All establishment sizes",1,0,0,0,0,0,0,0,"N",12.72,0,0,0,0,0,0,0,"N",0,0.0,0,0,0,0,0,0,0,0,0,0,0,0,0,0
"51159","5","42493","77","0","2016","3","N","Richmond County, Virginia","Private","NAICS 42493 Nursery and florist merchant wholesalers","County, NAICS 5-digit -- by ownership sector","All establishment sizes",1,0,0,0,0,0,0,0,"N",12.89,0,0,0,0,0,0,0,"N",0,0.0,0,0,0,0,0,0,0,0,0,0,0,0,0,0
"51159","5","42493","77","0","2016","4","N","Richmond County, Virginia","Private","NAICS 42493 Nursery and florist merchant wholesalers","County, NAICS 5-digit -- by ownership sector","All establishment sizes",1,0,0,0,0,0,0,0,"N",13.46,0,0,0,0,0,0,0,"N",0,0.0,0,0,0,0,0,0,0,0,0,0,0,0,0,0
"51159","5","424930","78","0","2016","1","N","Richmond County, Virginia","Private","NAICS 424930 Nursery and florist merchant wholesalers","County, NAICS 6-digit -- by ownership sector","All establishment sizes",1,0,0,0,0,0,0,0,"N",12.62,0,0,0,0,0,0,0,"N",0,0.0,0,0,0,0,0,0,0,0,0,0,0,0,0,0
"51159","5","424930","78","0","2016","2","N","Richmond County, Virginia","Private","NAICS 424930 Nursery and florist merchant wholesalers","County, NAICS 6-digit -- by ownership sector","All establishment sizes",1,0,0,0,0,0,0,0,"N",12.72,0,0,0,0,0,0,0,"N",0,0.0,0,0,0,0,0,0,0,0,0,0,0,0,0,0
"51159","5","424930","78","0","2016","3","N","Richmond County, Virginia","Private","NAICS 424930 Nursery and florist merchant wholesalers","County, NAICS 6-digit -- by ownership sector","All establishment sizes",1,0,0,0,0,0,0,0,"N",12.89,0,0,0,0,0,0,0,"N",0,0.0,0,0,0,0,0,0,0,0,0,0,0,0,0,0
"51159","5","424930","78","0","2016","4","N","Richmond County, Virginia","Private","NAICS 424930 Nursery and florist merchant wholesalers","County, NAICS 6-digit -- by ownership sector","All establishment sizes",1,0,0,0,0,0,0,0,"N",13.46,0,0,0,0,0,0,0,"N",0,0.0,0,0,0,0,0,0,0,0,0,0,0,0,0,0
"51159","5","44-45","74","0","2016","1","","Richmond County, Virginia","Private","NAICS 44-45 Retail trade","County, NAICS Sector -- by ownership sector","All establishment sizes",30,241,242,243,1331237,1045193,14220,423,"",1.22,0.77,0.77,0.77,0.89,0.98,1.25,1.16,"",-1,-3.2,5,2.1,-1,-0.4,8,3.4,-39471,-2.9,3452,0.3,-3597,-20.2,-20,-4.5
"51159","5","44-45","74","0","2016","2","","Richmond County, Virginia","Private","NAICS 44-45 Retail trade","County, NAICS Sector -- by ownership sector","All establishment sizes",30,246,248,247,1347821,487925,5974,420,"",1.23,0.77,0.78,0.76,0.79,1.06,1.13,1.03,"",-1,-3.2,-3,-1.2,-13,-5.0,-6,-2.4,8646,0.6,-14679,-2.9,-1113,-15.7,15,3.7
"51159","5","44-45","74","0","2016","3","","Richmond County, Virginia","Private","NAICS 44-45 Retail trade","County, NAICS Sector -- by ownership sector","All establishment sizes",29,246,251,248,1412802,325999,4397,438,"",1.19,0.81,0.77,0.78,0.81,1.15,1.29,1.03,"",-2,-6.5,-23,-8.6,-3,-1.2,-1,-0.4,38667,2.8,19322,6.3,-416,-8.6,27,6.6
"51159","5","44-45","74","0","2016","4","","Richmond County, Virginia","Private","NAICS 44-45 Retail trade","County, NAICS Sector -- by ownership sector","All establishment sizes",29,267,256,262,1540178,263526,4000,453,"",1.24,0.83,0.78,0.79,0.89,1.17,1.39,1.11,"",-2,-6.5,21,8.5,6,2.4,15,6.1,52960,3.6,39594,17.7,213,5.6,-9,-1.9
"51159","5","441","75","0","2016","1","","Richmond County, Virginia","Private","NAICS 441 Motor vehicle and parts dealers","County, NAICS 3-digit -- by ownership sector","All establishment sizes",8,32,33,32,228250,191520,2552,543,"",2.90,0.82,0.84,0.80,0.78,1.00,1.08,0.95,"",2,33.3,0,0.0,2,6.5,1,3.2,53571,30.7,37580,24.4,291,12.9,114,26.6
"51159","5","441","75","0","2016","2","","Richmond County, Virginia","Private","NAICS 441 Motor vehicle and parts dealers","County, NAICS 3-digit -- by ownership sector","All establishment sizes",7,32,32,32,258814,91673,1212,622,"",2.56,0.79,0.80,0.79,0.76,1.45,1.42,0.96,"",1,16.7,3,10.3,2,6.7,1,3.2,61058,30.9,27292,42.4,436,56.2,115,22.7
"51159","5","441","75","0","2016","3","","Richmond County, Virginia","Private","NAICS 441 Motor vehicle and parts dealers","County, NAICS 3-digit -- by ownership sector","All establishment sizes",7,37,37,43,294255,33625,501,580,"",2.58,0.96,0.91,1.07,0.83,0.93,0.96,0.85,"",1,16.7,7,23.3,6,19.4,12,38.7,93349,46.5,3690,12.3,139,38.4,76,15.1
"51159","5","441","75","0","2016","4","","Richmond County, Virginia","Private","NAICS 441 Motor vehicle and parts dealers","County, NAICS 3-digit -- by ownership sector","All establishment sizes",7,44,44,43,344969,70653,1594,608,"",2.68,1.10,1.11,1.08,1.00,2.63,3.82,0.91,"",0,0.0,13,41.9,12,37.5,11,34.4,122297,54.9,34789,97.0,1045,190.3,67,12.4
"51159","5","4411","76","0","2016","1","N","Richmond County, Virginia","Private","NAICS 4411 Automobile dealers","County, NAICS 4-digit -- by ownership sector","All establishment sizes",2,0,0,0,0,0,0,0,"N",1.84,0,0,0,0,0,0,0,"N",0,0.0,0,0,0,0,0,0,0,0,0,0,0,0,0,0
"51159","5","4411","76","0","2016","2","N","Richmond County, Virginia","Private","NAICS 4411 Automobile dealers","County, NAICS 4-digit -- by ownership sector","All establishment sizes",2,0,0,0,0,0,0,0,"N",1.86,0,0,0,0,0,0,0,"N",0,0.0,0,0,0,0,0,0,0,0,0,0,0,0,0,0
"51159","5","4411","76","0","2016","3","N","Richmond County, Virginia","Private","NAICS 4411 Automobile dealers","County, NAICS 4-digit -- by ownership sector","All establishment sizes",2,0,0,0,0,0,0,0,"N",1.87,0,0,0,0,0,0,0,"N",0,0.0,0,0,0,0,0,0,0,0,0,0,0,0,0,0
"51159","5","4411","76","0","2016","4","N","Richmond County, Virginia","Private","NAICS 4411 Automobile dealers","County, NAICS 4-digit -- by ownership sector","All establishment sizes",2,0,0,0,0,0,0,0,"N",1.94,0,0,0,0,0,0,0,"N",0,0.0,0,0,0,0,0,0,0,0,0,0,0,0,0,0
"51159","5","44112","77","0","2016","1","N","Richmond County, Virginia","Private","NAICS 44112 Used car dealers","County, NAICS 5-digit -- by ownership sector","All establishment sizes",2,0,0,0,0,0,0,0,"N",3.28,0,0,0,0,0,0,0,"N",0,0.0,0,0,0,0,0,0,0,0,0,0,0,0,0,0
"51159","5","44112","77","0","2016","2","N","Richmond County, Virginia","Private","NAICS 44112 Used car dealers","County, NAICS 5-digit -- by ownership sector","All establishment sizes",2,0,0,0,0,0,0,0,"N",3.30,0,0,0,0,0,0,0,"N",0,0.0,0,0,0,0,0,0,0,0,0,0,0,0,0,0
"51159","5","44112","77","0","2016","3","N","Richmond County, Virginia","Private","NAICS 44112 Used car dealers","County, NAICS 5-digit -- by ownership sector","All establishment sizes",2,0,0,0,0,0,0,0,"N",3.32,0,0,0,0,0,0,0,"N",0,0.0,0,0,0,0,0,0,0,0,0,0,0,0,0,0
"51159","5","44112","77","0","2016","4","N","Richmond County, Virginia","Private","NAICS 44112 Used car dealers","County, NAICS 5-digit -- by ownership sector","All establishment sizes",2,0,0,0,0,0,0,0,"N",3.45,0,0,0,0,0,0,0,"N",0,0.0,0,0,0,0,0,0,0,0,0,0,0,0,0,0
"51159","5","441120","78","0","2016","1","N","Richmond County, Virginia","Private","NAICS 441120 Used car dealers","County, NAICS 6-digit -- by ownership sector","All establishment sizes",2,0,0,0,0,0,0,0,"N",3.28,0,0,0,0,0,0,0,"N",0,0.0,0,0,0,0,0,0,0,0,0,0,0,0,0,0
"51159","5","441120","78","0","2016","2","N","Richmond County, Virginia","Private","NAICS 441120 Used car dealers","County, NAICS 6-digit -- by ownership sector","All establishment sizes",2,0,0,0,0,0,0,0,"N",3.30,0,0,0,0,0,0,0,"N",0,0.0,0,0,0,0,0,0,0,0,0,0,0,0,0,0
"51159","5","441120","78","0","2016","3","N","Richmond County, Virginia","Private","NAICS 441120 Used car dealers","County, NAICS 6-digit -- by ownership sector","All establishment sizes",2,0,0,0,0,0,0,0,"N",3.32,0,0,0,0,0,0,0,"N",0,0.0,0,0,0,0,0,0,0,0,0,0,0,0,0,0
"51159","5","441120","78","0","2016","4","N","Richmond County, Virginia","Private","NAICS 441120 Used car dealers","County, NAICS 6-digit -- by ownership sector","All establishment sizes",2,0,0,0,0,0,0,0,"N",3.45,0,0,0,0,0,0,0,"N",0,0.0,0,0,0,0,0,0,0,0,0,0,0,0,0,0
"51159","5","4413","76","0","2016","1","N","Richmond County, Virginia","Private","NAICS 4413 Auto parts, accessories, and tire stores","County, NAICS 4-digit -- by ownership sector","All establishment sizes",6,0,0,0,0,0,0,0,"N",4.49,0,0,0,0,0,0,0,"N",2,50.0,0,0,0,0,0,0,0,0,0,0,0,0,0,0
"51159","5","4413","76","0","2016","2","N","Richmond County, Virginia","Private","NAICS 4413 Auto parts, accessories, and tire stores","County, NAICS 4-digit -- by ownership sector","All establishment sizes",5,0,0,0,0,0,0,0,"N",3.78,0,0,0,0,0,0,0,"N",1,25.0,0,0,0,0,0,0,0,0,0,0,0,0,0,0
"51159","5","4413","76","0","2016","3","N","Richmond County, Virginia","Private","NAICS 4413 Auto parts, accessories, and tire stores","County, NAICS 4-digit -- by ownership sector","All establishment sizes",5,0,0,0,0,0,0,0,"N",3.81,0,0,0,0,0,0,0,"N",1,25.0,0,0,0,0,0,0,0,0,0,0,0,0,0,0
"51159","5","4413","76","0","2016","4","N","Richmond County, Virginia","Private","NAICS 4413 Auto parts, accessories, and tire stores","County, NAICS 4-digit -- by ownership sector","All establishment sizes",5,0,0,0,0,0,0,0,"N",3.95,0,0,0,0,0,0,0,"N",0,0.0,0,0,0,0,0,0,0,0,0,0,0,0,0,0
"51159","5","44131","77","0","2016","1","","Richmond County, Virginia","Private","NAICS 44131 Automotive parts and accessories stores","County, NAICS 5-digit -- by ownership sector","All establishment sizes",4,11,13,10,87521,73511,880,594,"",4.62,1.52,1.77,1.34,2.61,2.83,3.51,1.69,"N",2,100.0,0,0,0,0,0,0,0,0,0,0,0,0,0,0
"51159","5","44131","77","0","2016","2","N","Richmond County, Virginia","Private","NAICS 44131 Automotive parts and accessories stores","County, NAICS 5-digit -- by ownership sector","All establishment sizes",3,0,0,0,0,0,0,0,"N",3.50,0,0,0,0,0,0,0,"N",1,50.0,0,0,0,0,0,0,0,0,0,0,0,0,0,0
"51159","5","44131","77","0","2016","3","","Richmond County, Virginia","Private","NAICS 44131 Automotive parts and accessories stores","County, NAICS 5-digit -- by ownership sector","All establishment sizes",3,14,14,21,121956,19747,438,574,"",3.52,1.96,1.85,2.83,3.03,2.91,5.96,1.37,"N",1,50.0,0,0,0,0,0,0,0,0,0,0,0,0,0,0
"51159","5","44131","77","0","2016","4","N","Richmond County, Virginia","Private","NAICS 44131 Automotive parts and accessories stores","County, NAICS 5-digit -- by ownership sector","All establishment sizes",3,0,0,0,0,0,0,0,"N",3.65,0,0,0,0,0,0,0,"N",0,0.0,0,0,0,0,0,0,0,0,0,0,0,0,0,0
"51159","5","441310","78","0","2016","1","","Richmond County, Virginia","Private","NAICS 441310 Automotive parts and accessories stores","County, NAICS 6-digit -- by ownership sector","All establishment sizes",4,11,13,10,87521,73511,880,594,"",4.62,1.52,1.77,1.34,2.61,2.83,3.51,1.69,"N",2,100.0,0,0,0,0,0,0,0,0,0,0,0,0,0,0
"51159","5","441310","78","0","2016","2","N","Richmond County, Virginia","Private","NAICS 441310 Automotive parts and accessories stores","County, NAICS 6-digit -- by ownership sector","All establishment sizes",3,0,0,0,0,0,0,0,"N",3.50,0,0,0,0,0,0,0,"N",1,50.0,0,0,0,0,0,0,0,0,0,0,0,0,0,0
"51159","5","441310","78","0","2016","3","","Richmond County, Virginia","Private","NAICS 441310 Automotive parts and accessories stores","County, NAICS 6-digit -- by ownership sector","All establishment sizes",3,14,14,21,121956,19747,438,574,"",3.52,1.96,1.85,2.83,3.03,2.91,5.96,1.37,"N",1,50.0,0,0,0,0,0,0,0,0,0,0,0,0,0,0
"51159","5","441310","78","0","2016","4","N","Richmond County, Virginia","Private","NAICS 441310 Automotive parts and accessories stores","County, NAICS 6-digit -- by ownership sector","All establishment sizes",3,0,0,0,0,0,0,0,"N",3.65,0,0,0,0,0,0,0,"N",0,0.0,0,0,0,0,0,0,0,0,0,0,0,0,0,0
"51159","5","44132","77","0","2016","1","N","Richmond County, Virginia","Private","NAICS 44132 Tire dealers","County, NAICS 5-digit -- by ownership sector","All establishment sizes",2,0,0,0,0,0,0,0,"N",4.26,0,0,0,0,0,0,0,"N",0,0.0,0,0,0,0,0,0,0,0,0,0,0,0,0,0
"51159","5","44132","77","0","2016","2","N","Richmond County, Virginia","Private","NAICS 44132 Tire dealers","County, NAICS 5-digit -- by ownership sector","All establishment sizes",2,0,0,0,0,0,0,0,"N",4.29,0,0,0,0,0,0,0,"N",0,0.0,0,0,0,0,0,0,0,0,0,0,0,0,0,0
"51159","5","44132","77","0","2016","3","N","Richmond County, Virginia","Private","NAICS 44132 Tire dealers","County, NAICS 5-digit -- by ownership sector","All establishment sizes",2,0,0,0,0,0,0,0,"N",4.33,0,0,0,0,0,0,0,"N",0,0.0,0,0,0,0,0,0,0,0,0,0,0,0,0,0
"51159","5","44132","77","0","2016","4","N","Richmond County, Virginia","Private","NAICS 44132 Tire dealers","County, NAICS 5-digit -- by ownership sector","All establishment sizes",2,0,0,0,0,0,0,0,"N",4.50,0,0,0,0,0,0,0,"N",0,0.0,0,0,0,0,0,0,0,0,0,0,0,0,0,0
"51159","5","441320","78","0","2016","1","N","Richmond County, Virginia","Private","NAICS 441320 Tire dealers","County, NAICS 6-digit -- by ownership sector","All establishment sizes",2,0,0,0,0,0,0,0,"N",4.26,0,0,0,0,0,0,0,"N",0,0.0,0,0,0,0,0,0,0,0,0,0,0,0,0,0
"51159","5","441320","78","0","2016","2","N","Richmond County, Virginia","Private","NAICS 441320 Tire dealers","County, NAICS 6-digit -- by ownership sector","All establishment sizes",2,0,0,0,0,0,0,0,"N",4.29,0,0,0,0,0,0,0,"N",0,0.0,0,0,0,0,0,0,0,0,0,0,0,0,0,0
"51159","5","441320","78","0","2016","3","N","Richmond County, Virginia","Private","NAICS 441320 Tire dealers","County, NAICS 6-digit -- by ownership sector","All establishment sizes",2,0,0,0,0,0,0,0,"N",4.33,0,0,0,0,0,0,0,"N",0,0.0,0,0,0,0,0,0,0,0,0,0,0,0,0,0
"51159","5","441320","78","0","2016","4","N","Richmond County, Virginia","Private","NAICS 441320 Tire dealers","County, NAICS 6-digit -- by ownership sector","All establishment sizes",2,0,0,0,0,0,0,0,"N",4.50,0,0,0,0,0,0,0,"N",0,0.0,0,0,0,0,0,0,0,0,0,0,0,0,0,0
"51159","5","442","75","0","2016","1","N","Richmond County, Virginia","Private","NAICS 442 Furniture and home furnishings stores","County, NAICS 3-digit -- by ownership sector","All establishment sizes",1,0,0,0,0,0,0,0,"N",0.89,0,0,0,0,0,0,0,"N",0,0.0,0,0,0,0,0,0,0,0,0,0,0,0,0,0
"51159","5","442","75","0","2016","2","N","Richmond County, Virginia","Private","NAICS 442 Furniture and home furnishings stores","County, NAICS 3-digit -- by ownership sector","All establishment sizes",1,0,0,0,0,0,0,0,"N",0.90,0,0,0,0,0,0,0,"N",0,0.0,0,0,0,0,0,0,0,0,0,0,0,0,0,0
"51159","5","442","75","0","2016","3","N","Richmond County, Virginia","Private","NAICS 442 Furniture and home furnishings stores","County, NAICS 3-digit -- by ownership sector","All establishment sizes",1,0,0,0,0,0,0,0,"N",0.91,0,0,0,0,0,0,0,"N",0,0.0,0,0,0,0,0,0,0,0,0,0,0,0,0,0
"51159","5","442","75","0","2016","4","N","Richmond County, Virginia","Private","NAICS 442 Furniture and home furnishings stores","County, NAICS 3-digit -- by ownership sector","All establishment sizes",1,0,0,0,0,0,0,0,"N",0.94,0,0,0,0,0,0,0,"N",0,0.0,0,0,0,0,0,0,0,0,0,0,0,0,0,0
"51159","5","4421","76","0","2016","1","N","Richmond County, Virginia","Private","NAICS 4421 Furniture stores","County, NAICS 4-digit -- by ownership sector","All establishment sizes",1,0,0,0,0,0,0,0,"N",1.92,0,0,0,0,0,0,0,"N",0,0.0,0,0,0,0,0,0,0,0,0,0,0,0,0,0
"51159","5","4421","76","0","2016","2","N","Richmond County, Virginia","Private","NAICS 4421 Furniture stores","County, NAICS 4-digit -- by ownership sector","All establishment sizes",1,0,0,0,0,0,0,0,"N",1.95,0,0,0,0,0,0,0,"N",0,0.0,0,0,0,0,0,0,0,0,0,0,0,0,0,0
"51159","5","4421","76","0","2016","3","N","Richmond County, Virginia","Private","NAICS 4421 Furniture stores","County, NAICS 4-digit -- by ownership sector","All establishment sizes",1,0,0,0,0,0,0,0,"N",1.96,0,0,0,0,0,0,0,"N",0,0.0,0,0,0,0,0,0,0,0,0,0,0,0,0,0
"51159","5","4421","76","0","2016","4","N","Richmond County, Virginia","Private","NAICS 4421 Furniture stores","County, NAICS 4-digit -- by ownership sector","All establishment sizes",1,0,0,0,0,0,0,0,"N",2.04,0,0,0,0,0,0,0,"N",0,0.0,0,0,0,0,0,0,0,0,0,0,0,0,0,0
"51159","5","44211","77","0","2016","1","N","Richmond County, Virginia","Private","NAICS 44211 Furniture stores","County, NAICS 5-digit -- by ownership sector","All establishment sizes",1,0,0,0,0,0,0,0,"N",1.92,0,0,0,0,0,0,0,"N",0,0.0,0,0,0,0,0,0,0,0,0,0,0,0,0,0
"51159","5","44211","77","0","2016","2","N","Richmond County, Virginia","Private","NAICS 44211 Furniture stores","County, NAICS 5-digit -- by ownership sector","All establishment sizes",1,0,0,0,0,0,0,0,"N",1.95,0,0,0,0,0,0,0,"N",0,0.0,0,0,0,0,0,0,0,0,0,0,0,0,0,0
"51159","5","44211","77","0","2016","3","N","Richmond County, Virginia","Private","NAICS 44211 Furniture stores","County, NAICS 5-digit -- by ownership sector","All establishment sizes",1,0,0,0,0,0,0,0,"N",1.96,0,0,0,0,0,0,0,"N",0,0.0,0,0,0,0,0,0,0,0,0,0,0,0,0,0
"51159","5","44211","77","0","2016","4","N","Richmond County, Virginia","Private","NAICS 44211 Furniture stores","County, NAICS 5-digit -- by ownership sector","All establishment sizes",1,0,0,0,0,0,0,0,"N",2.04,0,0,0,0,0,0,0,"N",0,0.0,0,0,0,0,0,0,0,0,0,0,0,0,0,0
"51159","5","442110","78","0","2016","1","N","Richmond County, Virginia","Private","NAICS 442110 Furniture stores","County, NAICS 6-digit -- by ownership sector","All establishment sizes",1,0,0,0,0,0,0,0,"N",1.92,0,0,0,0,0,0,0,"N",0,0.0,0,0,0,0,0,0,0,0,0,0,0,0,0,0
"51159","5","442110","78","0","2016","2","N","Richmond County, Virginia","Private","NAICS 442110 Furniture stores","County, NAICS 6-digit -- by ownership sector","All establishment sizes",1,0,0,0,0,0,0,0,"N",1.95,0,0,0,0,0,0,0,"N",0,0.0,0,0,0,0,0,0,0,0,0,0,0,0,0,0
"51159","5","442110","78","0","2016","3","N","Richmond County, Virginia","Private","NAICS 442110 Furniture stores","County, NAICS 6-digit -- by ownership sector","All establishment sizes",1,0,0,0,0,0,0,0,"N",1.96,0,0,0,0,0,0,0,"N",0,0.0,0,0,0,0,0,0,0,0,0,0,0,0,0,0
"51159","5","442110","78","0","2016","4","N","Richmond County, Virginia","Private","NAICS 442110 Furniture stores","County, NAICS 6-digit -- by ownership sector","All establishment sizes",1,0,0,0,0,0,0,0,"N",2.04,0,0,0,0,0,0,0,"N",0,0.0,0,0,0,0,0,0,0,0,0,0,0,0,0,0
"51159","5","443","75","0","2016","1","N","Richmond County, Virginia","Private","NAICS 443 Electronics and appliance stores","County, NAICS 3-digit -- by ownership sector","All establishment sizes",1,0,0,0,0,0,0,0,"N",0.88,0,0,0,0,0,0,0,"N",0,0.0,0,0,0,0,0,0,0,0,0,0,0,0,0,0
"51159","5","443","75","0","2016","2","N","Richmond County, Virginia","Private","NAICS 443 Electronics and appliance stores","County, NAICS 3-digit -- by ownership sector","All establishment sizes",1,0,0,0,0,0,0,0,"N",0.90,0,0,0,0,0,0,0,"N",0,0.0,0,0,0,0,0,0,0,0,0,0,0,0,0,0
"51159","5","443","75","0","2016","3","N","Richmond County, Virginia","Private","NAICS 443 Electronics and appliance stores","County, NAICS 3-digit -- by ownership sector","All establishment sizes",1,0,0,0,0,0,0,0,"N",0.90,0,0,0,0,0,0,0,"N",0,0.0,0,0,0,0,0,0,0,0,0,0,0,0,0,0
"51159","5","443","75","0","2016","4","N","Richmond County, Virginia","Private","NAICS 443 Electronics and appliance stores","County, NAICS 3-digit -- by ownership sector","All establishment sizes",1,0,0,0,0,0,0,0,"N",0.94,0,0,0,0,0,0,0,"N",0,0.0,0,0,0,0,0,0,0,0,0,0,0,0,0,0
"51159","5","4431","76","0","2016","1","N","Richmond County, Virginia","Private","NAICS 4431 Electronics and appliance stores","County, NAICS 4-digit -- by ownership sector","All establishment sizes",1,0,0,0,0,0,0,0,"N",0.88,0,0,0,0,0,0,0,"N",0,0.0,0,0,0,0,0,0,0,0,0,0,0,0,0,0
"51159","5","4431","76","0","2016","2","N","Richmond County, Virginia","Private","NAICS 4431 Electronics and appliance stores","County, NAICS 4-digit -- by ownership sector","All establishment sizes",1,0,0,0,0,0,0,0,"N",0.90,0,0,0,0,0,0,0,"N",0,0.0,0,0,0,0,0,0,0,0,0,0,0,0,0,0
"51159","5","4431","76","0","2016","3","N","Richmond County, Virginia","Private","NAICS 4431 Electronics and appliance stores","County, NAICS 4-digit -- by ownership sector","All establishment sizes",1,0,0,0,0,0,0,0,"N",0.90,0,0,0,0,0,0,0,"N",0,0.0,0,0,0,0,0,0,0,0,0,0,0,0,0,0
"51159","5","4431","76","0","2016","4","N","Richmond County, Virginia","Private","NAICS 4431 Electronics and appliance stores","County, NAICS 4-digit -- by ownership sector","All establishment sizes",1,0,0,0,0,0,0,0,"N",0.94,0,0,0,0,0,0,0,"N",0,0.0,0,0,0,0,0,0,0,0,0,0,0,0,0,0
"51159","5","44314","77","0","2016","1","N","Richmond County, Virginia","Private","NAICS 44314 Electronics and appliance stores","County, NAICS 5-digit -- by ownership sector","All establishment sizes",1,0,0,0,0,0,0,0,"N",0.88,0,0,0,0,0,0,0,"N",0,0.0,0,0,0,0,0,0,0,0,0,0,0,0,0,0
"51159","5","44314","77","0","2016","2","N","Richmond County, Virginia","Private","NAICS 44314 Electronics and appliance stores","County, NAICS 5-digit -- by ownership sector","All establishment sizes",1,0,0,0,0,0,0,0,"N",0.90,0,0,0,0,0,0,0,"N",0,0.0,0,0,0,0,0,0,0,0,0,0,0,0,0,0
"51159","5","44314","77","0","2016","3","N","Richmond County, Virginia","Private","NAICS 44314 Electronics and appliance stores","County, NAICS 5-digit -- by ownership sector","All establishment sizes",1,0,0,0,0,0,0,0,"N",0.90,0,0,0,0,0,0,0,"N",0,0.0,0,0,0,0,0,0,0,0,0,0,0,0,0,0
"51159","5","44314","77","0","2016","4","N","Richmond County, Virginia","Private","NAICS 44314 Electronics and appliance stores","County, NAICS 5-digit -- by ownership sector","All establishment sizes",1,0,0,0,0,0,0,0,"N",0.94,0,0,0,0,0,0,0,"N",0,0.0,0,0,0,0,0,0,0,0,0,0,0,0,0,0
"51159","5","443141","78","0","2016","1","N","Richmond County, Virginia","Private","NAICS 443141 Household appliance stores","County, NAICS 6-digit -- by ownership sector","All establishment sizes",1,0,0,0,0,0,0,0,"N",6.30,0,0,0,0,0,0,0,"N",0,0.0,0,0,0,0,0,0,0,0,0,0,0,0,0,0
"51159","5","443141","78","0","2016","2","N","Richmond County, Virginia","Private","NAICS 443141 Household appliance stores","County, NAICS 6-digit -- by ownership sector","All establishment sizes",1,0,0,0,0,0,0,0,"N",6.41,0,0,0,0,0,0,0,"N",0,0.0,0,0,0,0,0,0,0,0,0,0,0,0,0,0
"51159","5","443141","78","0","2016","3","N","Richmond County, Virginia","Private","NAICS 443141 Household appliance stores","County, NAICS 6-digit -- by ownership sector","All establishment sizes",1,0,0,0,0,0,0,0,"N",6.52,0,0,0,0,0,0,0,"N",0,0.0,0,0,0,0,0,0,0,0,0,0,0,0,0,0
"51159","5","443141","78","0","2016","4","N","Richmond County, Virginia","Private","NAICS 443141 Household appliance stores","County, NAICS 6-digit -- by ownership sector","All establishment sizes",1,0,0,0,0,0,0,0,"N",6.84,0,0,0,0,0,0,0,"N",0,0.0,0,0,0,0,0,0,0,0,0,0,0,0,0,0
"51159","5","444","75","0","2016","1","","Richmond County, Virginia","Private","NAICS 444 Building material and garden supply stores","County, NAICS 3-digit -- by ownership sector","All establishment sizes",3,24,23,23,95223,78466,798,314,"",1.81,1.00,0.93,0.89,0.73,0.82,0.73,0.77,"",-2,-40.0,-1,-4.0,0,0.0,0,0.0,-5881,-5.8,-4186,-5.1,28,3.6,-15,-4.6
"51159","5","444","75","0","2016","2","","Richmond County, Virginia","Private","NAICS 444 Building material and garden supply stores","County, NAICS 3-digit -- by ownership sector","All establishment sizes",3,25,25,22,109266,53743,527,350,"",1.83,0.93,0.93,0.80,0.73,1.25,0.93,0.82,"",-1,-25.0,-4,-13.8,-6,-19.4,-8,-26.7,-9010,-7.6,-13950,-20.6,-35,-6.2,47,15.5
"51159","5","444","75","0","2016","3","","Richmond County, Virginia","Private","NAICS 444 Building material and garden supply stores","County, NAICS 3-digit -- by ownership sector","All establishment sizes",3,24,24,24,111061,36757,387,356,"",1.84,0.95,0.91,0.95,0.72,1.51,1.19,0.77,"",-1,-25.0,-6,-20.0,-4,-14.3,-2,-7.7,-1377,-1.2,-8052,-18.0,49,14.5,47,15.2
"51159","5","444","75","0","2016","4","","Richmond County, Virginia","Private","NAICS 444 Building material and garden supply stores","County, NAICS 3-digit -- by ownership sector","All establishment sizes",3,27,27,27,99280,16154,105,283,"",1.93,1.07,1.08,1.08,0.69,1.06,0.50,0.64,"",0,0.0,4,17.4,1,3.8,5,22.7,5814,6.2,-1293,-7.4,-54,-34.0,-21,-6.9
"51159","5","4441","76","0","2016","1","N","Richmond County, Virginia","Private","NAICS 4441 Building material and supplies dealers","County, NAICS 4-digit -- by ownership sector","All establishment sizes",1,0,0,0,0,0,0,0,"N",0.79,0,0,0,0,0,0,0,"N",-1,-50.0,0,0,0,0,0,0,0,0,0,0,0,0,0,0
"51159","5","4441","76","0","2016","2","N","Richmond County, Virginia","Private","NAICS 4441 Building material and supplies dealers","County, NAICS 4-digit -- by ownership sector","All establishment sizes",1,0,0,0,0,0,0,0,"N",0.80,0,0,0,0,0,0,0,"N",0,0.0,0,0,0,0,0,0,0,0,0,0,0,0,0,0
"51159","5","4441","76","0","2016","3","N","Richmond County, Virginia","Private","NAICS 4441 Building material and supplies dealers","County, NAICS 4-digit -- by ownership sector","All establishment sizes",1,0,0,0,0,0,0,0,"N",0.81,0,0,0,0,0,0,0,"N",0,0.0,0,0,0,0,0,0,0,0,0,0,0,0,0,0
"51159","5","4441","76","0","2016","4","N","Richmond County, Virginia","Private","NAICS 4441 Building material and supplies dealers","County, NAICS 4-digit -- by ownership sector","All establishment sizes",1,0,0,0,0,0,0,0,"N",0.84,0,0,0,0,0,0,0,"N",0,0.0,0,0,0,0,0,0,0,0,0,0,0,0,0,0
"51159","5","44419","77","0","2016","1","N","Richmond County, Virginia","Private","NAICS 44419 Other building material dealers","County, NAICS 5-digit -- by ownership sector","All establishment sizes",1,0,0,0,0,0,0,0,"N",1.86,0,0,0,0,0,0,0,"N",-1,-50.0,0,0,0,0,0,0,0,0,0,0,0,0,0,0
"51159","5","44419","77","0","2016","2","N","Richmond County, Virginia","Private","NAICS 44419 Other building material dealers","County, NAICS 5-digit -- by ownership sector","All establishment sizes",1,0,0,0,0,0,0,0,"N",1.88,0,0,0,0,0,0,0,"N",0,0.0,0,0,0,0,0,0,0,0,0,0,0,0,0,0
"51159","5","44419","77","0","2016","3","N","Richmond County, Virginia","Private","NAICS 44419 Other building material dealers","County, NAICS 5-digit -- by ownership sector","All establishment sizes",1,0,0,0,0,0,0,0,"N",1.89,0,0,0,0,0,0,0,"N",0,0.0,0,0,0,0,0,0,0,0,0,0,0,0,0,0
"51159","5","44419","77","0","2016","4","N","Richmond County, Virginia","Private","NAICS 44419 Other building material dealers","County, NAICS 5-digit -- by ownership sector","All establishment sizes",1,0,0,0,0,0,0,0,"N",1.98,0,0,0,0,0,0,0,"N",0,0.0,0,0,0,0,0,0,0,0,0,0,0,0,0,0
"51159","5","444190","78","0","2016","1","N","Richmond County, Virginia","Private","NAICS 444190 Other building material dealers","County, NAICS 6-digit -- by ownership sector","All establishment sizes",1,0,0,0,0,0,0,0,"N",1.86,0,0,0,0,0,0,0,"N",-1,-50.0,0,0,0,0,0,0,0,0,0,0,0,0,0,0
"51159","5","444190","78","0","2016","2","N","Richmond County, Virginia","Private","NAICS 444190 Other building material dealers","County, NAICS 6-digit -- by ownership sector","All establishment sizes",1,0,0,0,0,0,0,0,"N",1.88,0,0,0,0,0,0,0,"N",0,0.0,0,0,0,0,0,0,0,0,0,0,0,0,0,0
"51159","5","444190","78","0","2016","3","N","Richmond County, Virginia","Private","NAICS 444190 Other building material dealers","County, NAICS 6-digit -- by ownership sector","All establishment sizes",1,0,0,0,0,0,0,0,"N",1.89,0,0,0,0,0,0,0,"N",0,0.0,0,0,0,0,0,0,0,0,0,0,0,0,0,0
"51159","5","444190","78","0","2016","4","N","Richmond County, Virginia","Private","NAICS 444190 Other building material dealers","County, NAICS 6-digit -- by ownership sector","All establishment sizes",1,0,0,0,0,0,0,0,"N",1.98,0,0,0,0,0,0,0,"N",0,0.0,0,0,0,0,0,0,0,0,0,0,0,0,0,0
"51159","5","4442","76","0","2016","1","N","Richmond County, Virginia","Private","NAICS 4442 Lawn and garden equipment and supplies stores","County, NAICS 4-digit -- by ownership sector","All establishment sizes",2,0,0,0,0,0,0,0,"N",5.08,0,0,0,0,0,0,0,"N",-1,-33.3,0,0,0,0,0,0,0,0,0,0,0,0,0,0
"51159","5","4442","76","0","2016","2","N","Richmond County, Virginia","Private","NAICS 4442 Lawn and garden equipment and supplies stores","County, NAICS 4-digit -- by ownership sector","All establishment sizes",2,0,0,0,0,0,0,0,"N",5.13,0,0,0,0,0,0,0,"N",-1,-33.3,0,0,0,0,0,0,0,0,0,0,0,0,0,0
"51159","5","4442","76","0","2016","3","N","Richmond County, Virginia","Private","NAICS 4442 Lawn and garden equipment and supplies stores","County, NAICS 4-digit -- by ownership sector","All establishment sizes",2,0,0,0,0,0,0,0,"N",5.17,0,0,0,0,0,0,0,"N",-1,-33.3,0,0,0,0,0,0,0,0,0,0,0,0,0,0
"51159","5","4442","76","0","2016","4","N","Richmond County, Virginia","Private","NAICS 4442 Lawn and garden equipment and supplies stores","County, NAICS 4-digit -- by ownership sector","All establishment sizes",2,0,0,0,0,0,0,0,"N",5.43,0,0,0,0,0,0,0,"N",0,0.0,0,0,0,0,0,0,0,0,0,0,0,0,0,0
"51159","5","44421","77","0","2016","1","N","Richmond County, Virginia","Private","NAICS 44421 Outdoor power equipment stores","County, NAICS 5-digit -- by ownership sector","All establishment sizes",1,0,0,0,0,0,0,0,"N",9.94,0,0,0,0,0,0,0,"N",0,0.0,0,0,0,0,0,0,0,0,0,0,0,0,0,0
"51159","5","44421","77","0","2016","2","N","Richmond County, Virginia","Private","NAICS 44421 Outdoor power equipment stores","County, NAICS 5-digit -- by ownership sector","All establishment sizes",1,0,0,0,0,0,0,0,"N",10.07,0,0,0,0,0,0,0,"N",0,0.0,0,0,0,0,0,0,0,0,0,0,0,0,0,0
"51159","5","44421","77","0","2016","3","N","Richmond County, Virginia","Private","NAICS 44421 Outdoor power equipment stores","County, NAICS 5-digit -- by ownership sector","All establishment sizes",1,0,0,0,0,0,0,0,"N",10.17,0,0,0,0,0,0,0,"N",0,0.0,0,0,0,0,0,0,0,0,0,0,0,0,0,0
"51159","5","44421","77","0","2016","4","N","Richmond County, Virginia","Private","NAICS 44421 Outdoor power equipment stores","County, NAICS 5-digit -- by ownership sector","All establishment sizes",1,0,0,0,0,0,0,0,"N",10.71,0,0,0,0,0,0,0,"N",0,0.0,0,0,0,0,0,0,0,0,0,0,0,0,0,0
"51159","5","444210","78","0","2016","1","N","Richmond County, Virginia","Private","NAICS 444210 Outdoor power equipment stores","County, NAICS 6-digit -- by ownership sector","All establishment sizes",1,0,0,0,0,0,0,0,"N",9.94,0,0,0,0,0,0,0,"N",0,0.0,0,0,0,0,0,0,0,0,0,0,0,0,0,0
"51159","5","444210","78","0","2016","2","N","Richmond County, Virginia","Private","NAICS 444210 Outdoor power equipment stores","County, NAICS 6-digit -- by ownership sector","All establishment sizes",1,0,0,0,0,0,0,0,"N",10.07,0,0,0,0,0,0,0,"N",0,0.0,0,0,0,0,0,0,0,0,0,0,0,0,0,0
"51159","5","444210","78","0","2016","3","N","Richmond County, Virginia","Private","NAICS 444210 Outdoor power equipment stores","County, NAICS 6-digit -- by ownership sector","All establishment sizes",1,0,0,0,0,0,0,0,"N",10.17,0,0,0,0,0,0,0,"N",0,0.0,0,0,0,0,0,0,0,0,0,0,0,0,0,0
"51159","5","444210","78","0","2016","4","N","Richmond County, Virginia","Private","NAICS 444210 Outdoor power equipment stores","County, NAICS 6-digit -- by ownership sector","All establishment sizes",1,0,0,0,0,0,0,0,"N",10.71,0,0,0,0,0,0,0,"N",0,0.0,0,0,0,0,0,0,0,0,0,0,0,0,0,0
"51159","5","44422","77","0","2016","1","N","Richmond County, Virginia","Private","NAICS 44422 Nursery, garden, and farm supply stores","County, NAICS 5-digit -- by ownership sector","All establishment sizes",1,0,0,0,0,0,0,0,"N",3.41,0,0,0,0,0,0,0,"N",-1,-50.0,0,0,0,0,0,0,0,0,0,0,0,0,0,0
"51159","5","44422","77","0","2016","2","N","Richmond County, Virginia","Private","NAICS 44422 Nursery, garden, and farm supply stores","County, NAICS 5-digit -- by ownership sector","All establishment sizes",1,0,0,0,0,0,0,0,"N",3.45,0,0,0,0,0,0,0,"N",-1,-50.0,0,0,0,0,0,0,0,0,0,0,0,0,0,0
"51159","5","44422","77","0","2016","3","N","Richmond County, Virginia","Private","NAICS 44422 Nursery, garden, and farm supply stores","County, NAICS 5-digit -- by ownership sector","All establishment sizes",1,0,0,0,0,0,0,0,"N",3.47,0,0,0,0,0,0,0,"N",-1,-50.0,0,0,0,0,0,0,0,0,0,0,0,0,0,0
"51159","5","44422","77","0","2016","4","N","Richmond County, Virginia","Private","NAICS 44422 Nursery, garden, and farm supply stores","County, NAICS 5-digit -- by ownership sector","All establishment sizes",1,0,0,0,0,0,0,0,"N",3.63,0,0,0,0,0,0,0,"N",0,0.0,0,0,0,0,0,0,0,0,0,0,0,0,0,0
"51159","5","444220","78","0","2016","1","N","Richmond County, Virginia","Private","NAICS 444220 Nursery, garden, and farm supply stores","County, NAICS 6-digit -- by ownership sector","All establishment sizes",1,0,0,0,0,0,0,0,"N",3.41,0,0,0,0,0,0,0,"N",-1,-50.0,0,0,0,0,0,0,0,0,0,0,0,0,0,0
"51159","5","444220","78","0","2016","2","N","Richmond County, Virginia","Private","NAICS 444220 Nursery, garden, and farm supply stores","County, NAICS 6-digit -- by ownership sector","All establishment sizes",1,0,0,0,0,0,0,0,"N",3.45,0,0,0,0,0,0,0,"N",-1,-50.0,0,0,0,0,0,0,0,0,0,0,0,0,0,0
"51159","5","444220","78","0","2016","3","N","Richmond County, Virginia","Private","NAICS 444220 Nursery, garden, and farm supply stores","County, NAICS 6-digit -- by ownership sector","All establishment sizes",1,0,0,0,0,0,0,0,"N",3.47,0,0,0,0,0,0,0,"N",-1,-50.0,0,0,0,0,0,0,0,0,0,0,0,0,0,0
"51159","5","444220","78","0","2016","4","N","Richmond County, Virginia","Private","NAICS 444220 Nursery, garden, and farm supply stores","County, NAICS 6-digit -- by ownership sector","All establishment sizes",1,0,0,0,0,0,0,0,"N",3.63,0,0,0,0,0,0,0,"N",0,0.0,0,0,0,0,0,0,0,0,0,0,0,0,0,0
"51159","5","445","75","0","2016","1","N","Richmond County, Virginia","Private","NAICS 445 Food and beverage stores","County, NAICS 3-digit -- by ownership sector","All establishment sizes",1,0,0,0,0,0,0,0,"N",0.29,0,0,0,0,0,0,0,"N",-1,-50.0,0,0,0,0,0,0,0,0,0,0,0,0,0,0
"51159","5","445","75","0","2016","2","N","Richmond County, Virginia","Private","NAICS 445 Food and beverage stores","County, NAICS 3-digit -- by ownership sector","All establishment sizes",1,0,0,0,0,0,0,0,"N",0.29,0,0,0,0,0,0,0,"N",0,0.0,0,0,0,0,0,0,0,0,0,0,0,0,0,0
"51159","5","445","75","0","2016","3","N","Richmond County, Virginia","Private","NAICS 445 Food and beverage stores","County, NAICS 3-digit -- by ownership sector","All establishment sizes",1,0,0,0,0,0,0,0,"N",0.29,0,0,0,0,0,0,0,"N",0,0.0,0,0,0,0,0,0,0,0,0,0,0,0,0,0
"51159","5","445","75","0","2016","4","N","Richmond County, Virginia","Private","NAICS 445 Food and beverage stores","County, NAICS 3-digit -- by ownership sector","All establishment sizes",1,0,0,0,0,0,0,0,"N",0.31,0,0,0,0,0,0,0,"N",0,0.0,0,0,0,0,0,0,0,0,0,0,0,0,0,0
"51159","5","4451","76","0","2016","1","N","Richmond County, Virginia","Private","NAICS 4451 Grocery stores","County, NAICS 4-digit -- by ownership sector","All establishment sizes",1,0,0,0,0,0,0,0,"N",0.47,0,0,0,0,0,0,0,"N",0,0.0,0,0,0,0,0,0,0,0,0,0,0,0,0,0
"51159","5","4451","76","0","2016","2","N","Richmond County, Virginia","Private","NAICS 4451 Grocery stores","County, NAICS 4-digit -- by ownership sector","All establishment sizes",1,0,0,0,0,0,0,0,"N",0.47,0,0,0,0,0,0,0,"N",0,0.0,0,0,0,0,0,0,0,0,0,0,0,0,0,0
"51159","5","4451","76","0","2016","3","N","Richmond County, Virginia","Private","NAICS 4451 Grocery stores","County, NAICS 4-digit -- by ownership sector","All establishment sizes",1,0,0,0,0,0,0,0,"N",0.48,0,0,0,0,0,0,0,"N",0,0.0,0,0,0,0,0,0,0,0,0,0,0,0,0,0
"51159","5","4451","76","0","2016","4","N","Richmond County, Virginia","Private","NAICS 4451 Grocery stores","County, NAICS 4-digit -- by ownership sector","All establishment sizes",1,0,0,0,0,0,0,0,"N",0.50,0,0,0,0,0,0,0,"N",0,0.0,0,0,0,0,0,0,0,0,0,0,0,0,0,0
"51159","5","44511","77","0","2016","1","N","Richmond County, Virginia","Private","NAICS 44511 Supermarkets and other grocery stores","County, NAICS 5-digit -- by ownership sector","All establishment sizes",1,0,0,0,0,0,0,0,"N",0.71,0,0,0,0,0,0,0,"N",0,0.0,0,0,0,0,0,0,0,0,0,0,0,0,0,0
"51159","5","44511","77","0","2016","2","N","Richmond County, Virginia","Private","NAICS 44511 Supermarkets and other grocery stores","County, NAICS 5-digit -- by ownership sector","All establishment sizes",1,0,0,0,0,0,0,0,"N",0.71,0,0,0,0,0,0,0,"N",0,0.0,0,0,0,0,0,0,0,0,0,0,0,0,0,0
"51159","5","44511","77","0","2016","3","N","Richmond County, Virginia","Private","NAICS 44511 Supermarkets and other grocery stores","County, NAICS 5-digit -- by ownership sector","All establishment sizes",1,0,0,0,0,0,0,0,"N",0.71,0,0,0,0,0,0,0,"N",0,0.0,0,0,0,0,0,0,0,0,0,0,0,0,0,0
"51159","5","44511","77","0","2016","4","N","Richmond County, Virginia","Private","NAICS 44511 Supermarkets and other grocery stores","County, NAICS 5-digit -- by ownership sector","All establishment sizes",1,0,0,0,0,0,0,0,"N",0.74,0,0,0,0,0,0,0,"N",0,0.0,0,0,0,0,0,0,0,0,0,0,0,0,0,0
"51159","5","445110","78","0","2016","1","N","Richmond County, Virginia","Private","NAICS 445110 Supermarkets and other grocery stores","County, NAICS 6-digit -- by ownership sector","All establishment sizes",1,0,0,0,0,0,0,0,"N",0.71,0,0,0,0,0,0,0,"N",0,0.0,0,0,0,0,0,0,0,0,0,0,0,0,0,0
"51159","5","445110","78","0","2016","2","N","Richmond County, Virginia","Private","NAICS 445110 Supermarkets and other grocery stores","County, NAICS 6-digit -- by ownership sector","All establishment sizes",1,0,0,0,0,0,0,0,"N",0.71,0,0,0,0,0,0,0,"N",0,0.0,0,0,0,0,0,0,0,0,0,0,0,0,0,0
"51159","5","445110","78","0","2016","3","N","Richmond County, Virginia","Private","NAICS 445110 Supermarkets and other grocery stores","County, NAICS 6-digit -- by ownership sector","All establishment sizes",1,0,0,0,0,0,0,0,"N",0.71,0,0,0,0,0,0,0,"N",0,0.0,0,0,0,0,0,0,0,0,0,0,0,0,0,0
"51159","5","445110","78","0","2016","4","N","Richmond County, Virginia","Private","NAICS 445110 Supermarkets and other grocery stores","County, NAICS 6-digit -- by ownership sector","All establishment sizes",1,0,0,0,0,0,0,0,"N",0.74,0,0,0,0,0,0,0,"N",0,0.0,0,0,0,0,0,0,0,0,0,0,0,0,0,0
"51159","5","446","75","0","2016","1","N","Richmond County, Virginia","Private","NAICS 446 Health and personal care stores","County, NAICS 3-digit -- by ownership sector","All establishment sizes",1,0,0,0,0,0,0,0,"N",0.39,0,0,0,0,0,0,0,"N",0,0.0,0,0,0,0,0,0,0,0,0,0,0,0,0,0
"51159","5","446","75","0","2016","2","N","Richmond County, Virginia","Private","NAICS 446 Health and personal care stores","County, NAICS 3-digit -- by ownership sector","All establishment sizes",1,0,0,0,0,0,0,0,"N",0.39,0,0,0,0,0,0,0,"N",0,0.0,0,0,0,0,0,0,0,0,0,0,0,0,0,0
"51159","5","446","75","0","2016","3","N","Richmond County, Virginia","Private","NAICS 446 Health and personal care stores","County, NAICS 3-digit -- by ownership sector","All establishment sizes",1,0,0,0,0,0,0,0,"N",0.39,0,0,0,0,0,0,0,"N",0,0.0,0,0,0,0,0,0,0,0,0,0,0,0,0,0
"51159","5","446","75","0","2016","4","N","Richmond County, Virginia","Private","NAICS 446 Health and personal care stores","County, NAICS 3-digit -- by ownership sector","All establishment sizes",1,0,0,0,0,0,0,0,"N",0.41,0,0,0,0,0,0,0,"N",0,0.0,0,0,0,0,0,0,0,0,0,0,0,0,0,0
"51159","5","4461","76","0","2016","1","N","Richmond County, Virginia","Private","NAICS 4461 Health and personal care stores","County, NAICS 4-digit -- by ownership sector","All establishment sizes",1,0,0,0,0,0,0,0,"N",0.39,0,0,0,0,0,0,0,"N",0,0.0,0,0,0,0,0,0,0,0,0,0,0,0,0,0
"51159","5","4461","76","0","2016","2","N","Richmond County, Virginia","Private","NAICS 4461 Health and personal care stores","County, NAICS 4-digit -- by ownership sector","All establishment sizes",1,0,0,0,0,0,0,0,"N",0.39,0,0,0,0,0,0,0,"N",0,0.0,0,0,0,0,0,0,0,0,0,0,0,0,0,0
"51159","5","4461","76","0","2016","3","N","Richmond County, Virginia","Private","NAICS 4461 Health and personal care stores","County, NAICS 4-digit -- by ownership sector","All establishment sizes",1,0,0,0,0,0,0,0,"N",0.39,0,0,0,0,0,0,0,"N",0,0.0,0,0,0,0,0,0,0,0,0,0,0,0,0,0
"51159","5","4461","76","0","2016","4","N","Richmond County, Virginia","Private","NAICS 4461 Health and personal care stores","County, NAICS 4-digit -- by ownership sector","All establishment sizes",1,0,0,0,0,0,0,0,"N",0.41,0,0,0,0,0,0,0,"N",0,0.0,0,0,0,0,0,0,0,0,0,0,0,0,0,0
"51159","5","44611","77","0","2016","1","N","Richmond County, Virginia","Private","NAICS 44611 Pharmacies and drug stores","County, NAICS 5-digit -- by ownership sector","All establishment sizes",1,0,0,0,0,0,0,0,"N",0.67,0,0,0,0,0,0,0,"N",0,0.0,0,0,0,0,0,0,0,0,0,0,0,0,0,0
"51159","5","44611","77","0","2016","2","N","Richmond County, Virginia","Private","NAICS 44611 Pharmacies and drug stores","County, NAICS 5-digit -- by ownership sector","All establishment sizes",1,0,0,0,0,0,0,0,"N",0.67,0,0,0,0,0,0,0,"N",0,0.0,0,0,0,0,0,0,0,0,0,0,0,0,0,0
"51159","5","44611","77","0","2016","3","N","Richmond County, Virginia","Private","NAICS 44611 Pharmacies and drug stores","County, NAICS 5-digit -- by ownership sector","All establishment sizes",1,0,0,0,0,0,0,0,"N",0.67,0,0,0,0,0,0,0,"N",0,0.0,0,0,0,0,0,0,0,0,0,0,0,0,0,0
"51159","5","44611","77","0","2016","4","N","Richmond County, Virginia","Private","NAICS 44611 Pharmacies and drug stores","County, NAICS 5-digit -- by ownership sector","All establishment sizes",1,0,0,0,0,0,0,0,"N",0.70,0,0,0,0,0,0,0,"N",0,0.0,0,0,0,0,0,0,0,0,0,0,0,0,0,0
"51159","5","446110","78","0","2016","1","N","Richmond County, Virginia","Private","NAICS 446110 Pharmacies and drug stores","County, NAICS 6-digit -- by ownership sector","All establishment sizes",1,0,0,0,0,0,0,0,"N",0.67,0,0,0,0,0,0,0,"N",0,0.0,0,0,0,0,0,0,0,0,0,0,0,0,0,0
"51159","5","446110","78","0","2016","2","N","Richmond County, Virginia","Private","NAICS 446110 Pharmacies and drug stores","County, NAICS 6-digit -- by ownership sector","All establishment sizes",1,0,0,0,0,0,0,0,"N",0.67,0,0,0,0,0,0,0,"N",0,0.0,0,0,0,0,0,0,0,0,0,0,0,0,0,0
"51159","5","446110","78","0","2016","3","N","Richmond County, Virginia","Private","NAICS 446110 Pharmacies and drug stores","County, NAICS 6-digit -- by ownership sector","All establishment sizes",1,0,0,0,0,0,0,0,"N",0.67,0,0,0,0,0,0,0,"N",0,0.0,0,0,0,0,0,0,0,0,0,0,0,0,0,0
"51159","5","446110","78","0","2016","4","N","Richmond County, Virginia","Private","NAICS 446110 Pharmacies and drug stores","County, NAICS 6-digit -- by ownership sector","All establishment sizes",1,0,0,0,0,0,0,0,"N",0.70,0,0,0,0,0,0,0,"N",0,0.0,0,0,0,0,0,0,0,0,0,0,0,0,0,0
"51159","5","447","75","0","2016","1","","Richmond County, Virginia","Private","NAICS 447 Gasoline stations","County, NAICS 3-digit -- by ownership sector","All establishment sizes",5,41,43,44,160266,128184,2499,289,"",2.01,2.26,2.34,2.38,2.71,2.57,5.65,1.17,"",0,0.0,0,0.0,2,4.9,4,10.0,-10285,-6.0,-496,-0.4,-228,-8.4,-34,-10.5
"51159","5","447","75","0","2016","2","","Richmond County, Virginia","Private","NAICS 447 Gasoline stations","County, NAICS 3-digit -- by ownership sector","All establishment sizes",6,43,42,43,158600,78135,1627,286,"",2.44,2.30,2.25,2.26,2.35,2.80,5.62,1.04,"",0,0.0,0,0.0,-7,-14.3,1,2.4,5194,3.4,10177,15.0,-6,-0.4,22,8.3
"51159","5","447","75","0","2016","3","","Richmond County, Virginia","Private","NAICS 447 Gasoline stations","County, NAICS 3-digit -- by ownership sector","All establishment sizes",5,40,40,37,178077,71180,1668,351,"",2.05,2.22,2.08,1.97,2.51,3.80,8.08,1.20,"",-1,-16.7,-2,-4.8,-4,-9.1,-5,-11.9,2022,1.1,17660,33.0,206,14.1,34,10.7
"51159","5","447","75","0","2016","4","","Richmond County, Virginia","Private","NAICS 447 Gasoline stations","County, NAICS 3-digit -- by ownership sector","All establishment sizes",5,41,39,40,189729,42245,969,365,"",2.13,2.21,2.12,2.15,2.75,2.90,5.80,1.27,"",-1,-16.7,-1,-2.4,-4,-9.3,-3,-7.0,-6520,-3.3,3895,10.2,-58,-5.6,11,3.1
"51159","5","4471","76","0","2016","1","","Richmond County, Virginia","Private","NAICS 4471 Gasoline stations","County, NAICS 4-digit -- by ownership sector","All establishment sizes",5,41,43,44,160266,128184,2499,289,"",2.01,2.26,2.34,2.38,2.71,2.57,5.65,1.17,"",0,0.0,0,0.0,2,4.9,4,10.0,-10285,-6.0,-496,-0.4,-228,-8.4,-34,-10.5
"51159","5","4471","76","0","2016","2","","Richmond County, Virginia","Private","NAICS 4471 Gasoline stations","County, NAICS 4-digit -- by ownership sector","All establishment sizes",6,43,42,43,158600,78135,1627,286,"",2.44,2.30,2.25,2.26,2.35,2.80,5.62,1.04,"",0,0.0,0,0.0,-7,-14.3,1,2.4,5194,3.4,10177,15.0,-6,-0.4,22,8.3
"51159","5","4471","76","0","2016","3","","Richmond County, Virginia","Private","NAICS 4471 Gasoline stations","County, NAICS 4-digit -- by ownership sector","All establishment sizes",5,40,40,37,178077,71180,1668,351,"",2.05,2.22,2.08,1.97,2.51,3.80,8.08,1.20,"",-1,-16.7,-2,-4.8,-4,-9.1,-5,-11.9,2022,1.1,17660,33.0,206,14.1,34,10.7
"51159","5","4471","76","0","2016","4","","Richmond County, Virginia","Private","NAICS 4471 Gasoline stations","County, NAICS 4-digit -- by ownership sector","All establishment sizes",5,41,39,40,189729,42245,969,365,"",2.13,2.21,2.12,2.15,2.75,2.90,5.80,1.27,"",-1,-16.7,-1,-2.4,-4,-9.3,-3,-7.0,-6520,-3.3,3895,10.2,-58,-5.6,11,3.1
"51159","5","44711","77","0","2016","1","","Richmond County, Virginia","Private","NAICS 44711 Gasoline stations with convenience stores","County, NAICS 5-digit -- by ownership sector","All establishment sizes",5,41,43,44,160266,128184,2499,289,"",2.24,2.56,2.65,2.69,3.15,2.97,6.69,1.20,"",0,0.0,0,0.0,2,4.9,4,10.0,-10285,-6.0,-496,-0.4,-228,-8.4,-34,-10.5
"51159","5","44711","77","0","2016","2","","Richmond County, Virginia","Private","NAICS 44711 Gasoline stations with convenience stores","County, NAICS 5-digit -- by ownership sector","All establishment sizes",6,43,42,43,158600,78135,1627,286,"",2.72,2.60,2.54,2.54,2.73,3.21,6.60,1.07,"",0,0.0,0,0.0,-7,-14.3,1,2.4,5194,3.4,10177,15.0,-6,-0.4,22,8.3
"51159","5","44711","77","0","2016","3","","Richmond County, Virginia","Private","NAICS 44711 Gasoline stations with convenience stores","County, NAICS 5-digit -- by ownership sector","All establishment sizes",5,40,40,37,178077,71180,1668,351,"",2.28,2.50,2.34,2.22,2.89,4.31,9.35,1.23,"",-1,-16.7,-2,-4.8,-4,-9.1,-5,-11.9,2022,1.1,17660,33.0,206,14.1,34,10.7
"51159","5","44711","77","0","2016","4","","Richmond County, Virginia","Private","NAICS 44711 Gasoline stations with convenience stores","County, NAICS 5-digit -- by ownership sector","All establishment sizes",5,41,39,40,189729,42245,969,365,"",2.38,2.49,2.40,2.43,3.20,3.31,6.74,1.31,"",-1,-16.7,-1,-2.4,-4,-9.3,-3,-7.0,-6520,-3.3,3895,10.2,-58,-5.6,11,3.1
"51159","5","447110","78","0","2016","1","","Richmond County, Virginia","Private","NAICS 447110 Gasoline stations with convenience stores","County, NAICS 6-digit -- by ownership sector","All establishment sizes",5,41,43,44,160266,128184,2499,289,"",2.24,2.56,2.65,2.69,3.15,2.97,6.69,1.20,"",0,0.0,0,0.0,2,4.9,4,10.0,-10285,-6.0,-496,-0.4,-228,-8.4,-34,-10.5
"51159","5","447110","78","0","2016","2","","Richmond County, Virginia","Private","NAICS 447110 Gasoline stations with convenience stores","County, NAICS 6-digit -- by ownership sector","All establishment sizes",6,43,42,43,158600,78135,1627,286,"",2.72,2.60,2.54,2.54,2.73,3.21,6.60,1.07,"",0,0.0,0,0.0,-7,-14.3,1,2.4,5194,3.4,10177,15.0,-6,-0.4,22,8.3
"51159","5","447110","78","0","2016","3","","Richmond County, Virginia","Private","NAICS 447110 Gasoline stations with convenience stores","County, NAICS 6-digit -- by ownership sector","All establishment sizes",5,40,40,37,178077,71180,1668,351,"",2.28,2.50,2.34,2.22,2.89,4.31,9.35,1.23,"",-1,-16.7,-2,-4.8,-4,-9.1,-5,-11.9,2022,1.1,17660,33.0,206,14.1,34,10.7
"51159","5","447110","78","0","2016","4","","Richmond County, Virginia","Private","NAICS 447110 Gasoline stations with convenience stores","County, NAICS 6-digit -- by ownership sector","All establishment sizes",5,41,39,40,189729,42245,969,365,"",2.38,2.49,2.40,2.43,3.20,3.31,6.74,1.31,"",-1,-16.7,-1,-2.4,-4,-9.3,-3,-7.0,-6520,-3.3,3895,10.2,-58,-5.6,11,3.1
"51159","5","448","75","0","2016","1","N","Richmond County, Virginia","Private","NAICS 448 Clothing and clothing accessories stores","County, NAICS 3-digit -- by ownership sector","All establishment sizes",2,0,0,0,0,0,0,0,"N",0.66,0,0,0,0,0,0,0,"N",0,0.0,0,0,0,0,0,0,0,0,0,0,0,0,0,0
"51159","5","448","75","0","2016","2","N","Richmond County, Virginia","Private","NAICS 448 Clothing and clothing accessories stores","County, NAICS 3-digit -- by ownership sector","All establishment sizes",2,0,0,0,0,0,0,0,"N",0.67,0,0,0,0,0,0,0,"N",0,0.0,0,0,0,0,0,0,0,0,0,0,0,0,0,0
"51159","5","448","75","0","2016","3","N","Richmond County, Virginia","Private","NAICS 448 Clothing and clothing accessories stores","County, NAICS 3-digit -- by ownership sector","All establishment sizes",2,0,0,0,0,0,0,0,"N",0.68,0,0,0,0,0,0,0,"N",0,0.0,0,0,0,0,0,0,0,0,0,0,0,0,0,0
"51159","5","448","75","0","2016","4","N","Richmond County, Virginia","Private","NAICS 448 Clothing and clothing accessories stores","County, NAICS 3-digit -- by ownership sector","All establishment sizes",2,0,0,0,0,0,0,0,"N",0.71,0,0,0,0,0,0,0,"N",0,0.0,0,0,0,0,0,0,0,0,0,0,0,0,0,0
"51159","5","4481","76","0","2016","1","N","Richmond County, Virginia","Private","NAICS 4481 Clothing stores","County, NAICS 4-digit -- by ownership sector","All establishment sizes",2,0,0,0,0,0,0,0,"N",1.01,0,0,0,0,0,0,0,"N",0,0.0,0,0,0,0,0,0,0,0,0,0,0,0,0,0
"51159","5","4481","76","0","2016","2","N","Richmond County, Virginia","Private","NAICS 4481 Clothing stores","County, NAICS 4-digit -- by ownership sector","All establishment sizes",2,0,0,0,0,0,0,0,"N",1.02,0,0,0,0,0,0,0,"N",0,0.0,0,0,0,0,0,0,0,0,0,0,0,0,0,0
"51159","5","4481","76","0","2016","3","N","Richmond County, Virginia","Private","NAICS 4481 Clothing stores","County, NAICS 4-digit -- by ownership sector","All establishment sizes",2,0,0,0,0,0,0,0,"N",1.03,0,0,0,0,0,0,0,"N",0,0.0,0,0,0,0,0,0,0,0,0,0,0,0,0,0
"51159","5","4481","76","0","2016","4","N","Richmond County, Virginia","Private","NAICS 4481 Clothing stores","County, NAICS 4-digit -- by ownership sector","All establishment sizes",2,0,0,0,0,0,0,0,"N",1.07,0,0,0,0,0,0,0,"N",0,0.0,0,0,0,0,0,0,0,0,0,0,0,0,0,0
"51159","5","44812","77","0","2016","1","N","Richmond County, Virginia","Private","NAICS 44812 Women's clothing stores","County, NAICS 5-digit -- by ownership sector","All establishment sizes",1,0,0,0,0,0,0,0,"N",1.53,0,0,0,0,0,0,0,"N",0,0.0,0,0,0,0,0,0,0,0,0,0,0,0,0,0
"51159","5","44812","77","0","2016","2","N","Richmond County, Virginia","Private","NAICS 44812 Women's clothing stores","County, NAICS 5-digit -- by ownership sector","All establishment sizes",1,0,0,0,0,0,0,0,"N",1.55,0,0,0,0,0,0,0,"N",0,0.0,0,0,0,0,0,0,0,0,0,0,0,0,0,0
"51159","5","44812","77","0","2016","3","N","Richmond County, Virginia","Private","NAICS 44812 Women's clothing stores","County, NAICS 5-digit -- by ownership sector","All establishment sizes",1,0,0,0,0,0,0,0,"N",1.56,0,0,0,0,0,0,0,"N",0,0.0,0,0,0,0,0,0,0,0,0,0,0,0,0,0
"51159","5","44812","77","0","2016","4","N","Richmond County, Virginia","Private","NAICS 44812 Women's clothing stores","County, NAICS 5-digit -- by ownership sector","All establishment sizes",1,0,0,0,0,0,0,0,"N",1.62,0,0,0,0,0,0,0,"N",0,0.0,0,0,0,0,0,0,0,0,0,0,0,0,0,0
"51159","5","448120","78","0","2016","1","N","Richmond County, Virginia","Private","NAICS 448120 Women's clothing stores","County, NAICS 6-digit -- by ownership sector","All establishment sizes",1,0,0,0,0,0,0,0,"N",1.53,0,0,0,0,0,0,0,"N",0,0.0,0,0,0,0,0,0,0,0,0,0,0,0,0,0
"51159","5","448120","78","0","2016","2","N","Richmond County, Virginia","Private","NAICS 448120 Women's clothing stores","County, NAICS 6-digit -- by ownership sector","All establishment sizes",1,0,0,0,0,0,0,0,"N",1.55,0,0,0,0,0,0,0,"N",0,0.0,0,0,0,0,0,0,0,0,0,0,0,0,0,0
"51159","5","448120","78","0","2016","3","N","Richmond County, Virginia","Private","NAICS 448120 Women's clothing stores","County, NAICS 6-digit -- by ownership sector","All establishment sizes",1,0,0,0,0,0,0,0,"N",1.56,0,0,0,0,0,0,0,"N",0,0.0,0,0,0,0,0,0,0,0,0,0,0,0,0,0
"51159","5","448120","78","0","2016","4","N","Richmond County, Virginia","Private","NAICS 448120 Women's clothing stores","County, NAICS 6-digit -- by ownership sector","All establishment sizes",1,0,0,0,0,0,0,0,"N",1.62,0,0,0,0,0,0,0,"N",0,0.0,0,0,0,0,0,0,0,0,0,0,0,0,0,0
"51159","5","44815","77","0","2016","1","N","Richmond County, Virginia","Private","NAICS 44815 Clothing accessories stores","County, NAICS 5-digit -- by ownership sector","All establishment sizes",1,0,0,0,0,0,0,0,"N",4.92,0,0,0,0,0,0,0,"N",0,0.0,0,0,0,0,0,0,0,0,0,0,0,0,0,0
"51159","5","44815","77","0","2016","2","N","Richmond County, Virginia","Private","NAICS 44815 Clothing accessories stores","County, NAICS 5-digit -- by ownership sector","All establishment sizes",1,0,0,0,0,0,0,0,"N",5.00,0,0,0,0,0,0,0,"N",0,0.0,0,0,0,0,0,0,0,0,0,0,0,0,0,0
"51159","5","44815","77","0","2016","3","N","Richmond County, Virginia","Private","NAICS 44815 Clothing accessories stores","County, NAICS 5-digit -- by ownership sector","All establishment sizes",1,0,0,0,0,0,0,0,"N",5.06,0,0,0,0,0,0,0,"N",0,0.0,0,0,0,0,0,0,0,0,0,0,0,0,0,0
"51159","5","44815","77","0","2016","4","N","Richmond County, Virginia","Private","NAICS 44815 Clothing accessories stores","County, NAICS 5-digit -- by ownership sector","All establishment sizes",1,0,0,0,0,0,0,0,"N",5.28,0,0,0,0,0,0,0,"N",0,0.0,0,0,0,0,0,0,0,0,0,0,0,0,0,0
"51159","5","448150","78","0","2016","1","N","Richmond County, Virginia","Private","NAICS 448150 Clothing accessories stores","County, NAICS 6-digit -- by ownership sector","All establishment sizes",1,0,0,0,0,0,0,0,"N",4.92,0,0,0,0,0,0,0,"N",0,0.0,0,0,0,0,0,0,0,0,0,0,0,0,0,0
"51159","5","448150","78","0","2016","2","N","Richmond County, Virginia","Private","NAICS 448150 Clothing accessories stores","County, NAICS 6-digit -- by ownership sector","All establishment sizes",1,0,0,0,0,0,0,0,"N",5.00,0,0,0,0,0,0,0,"N",0,0.0,0,0,0,0,0,0,0,0,0,0,0,0,0,0
"51159","5","448150","78","0","2016","3","N","Richmond County, Virginia","Private","NAICS 448150 Clothing accessories stores","County, NAICS 6-digit -- by ownership sector","All establishment sizes",1,0,0,0,0,0,0,0,"N",5.06,0,0,0,0,0,0,0,"N",0,0.0,0,0,0,0,0,0,0,0,0,0,0,0,0,0
"51159","5","448150","78","0","2016","4","N","Richmond County, Virginia","Private","NAICS 448150 Clothing accessories stores","County, NAICS 6-digit -- by ownership sector","All establishment sizes",1,0,0,0,0,0,0,0,"N",5.28,0,0,0,0,0,0,0,"N",0,0.0,0,0,0,0,0,0,0,0,0,0,0,0,0,0
"51159","5","452","75","0","2016","1","","Richmond County, Virginia","Private","NAICS 452 General merchandise stores","County, NAICS 3-digit -- by ownership sector","All establishment sizes",3,15,15,16,64890,57250,951,326,"",2.05,0.23,0.24,0.25,0.28,0.32,0.59,1.18,"",0,0.0,-2,-11.8,-2,-11.8,3,23.1,2739,4.4,2274,4.1,-285,-23.1,21,6.9
"51159","5","452","75","0","2016","2","","Richmond County, Virginia","Private","NAICS 452 General merchandise stores","County, NAICS 3-digit -- by ownership sector","All establishment sizes",3,17,16,18,74977,38040,611,339,"",2.07,0.27,0.25,0.28,0.28,0.40,0.64,1.05,"",0,0.0,1,6.2,2,14.3,2,12.5,9786,15.0,5963,18.6,-79,-11.4,12,3.7
"51159","5","452","75","0","2016","3","","Richmond County, Virginia","Private","NAICS 452 General merchandise stores","County, NAICS 3-digit -- by ownership sector","All establishment sizes",3,18,18,15,73889,21868,386,334,"",2.07,0.29,0.28,0.23,0.28,0.39,0.65,1.06,"",0,0.0,-16,-47.1,2,12.5,-3,-16.7,-11309,-13.3,-3473,-13.7,-191,-33.1,45,15.6
"51159","5","452","75","0","2016","4","","Richmond County, Virginia","Private","NAICS 452 General merchandise stores","County, NAICS 3-digit -- by ownership sector","All establishment sizes",3,17,15,17,76144,20104,344,359,"",2.15,0.26,0.22,0.24,0.28,0.41,0.60,1.17,"",0,0.0,0,0.0,-2,-11.8,-1,-5.6,585,0.8,3007,17.6,-88,-20.4,24,7.2
"51159","5","4529","76","0","2016","1","","Richmond County, Virginia","Private","NAICS12 4529 Other general merchandise stores","County, NAICS 4-digit -- by ownership sector","All establishment sizes",3,15,15,16,64890,57250,951,326,"",2.71,0.41,0.41,0.43,0.46,0.51,1.03,1.10,"",0,0.0,-2,-11.8,-2,-11.8,3,23.1,2739,4.4,2274,4.1,-285,-23.1,21,6.9
"51159","5","4529","76","0","2016","2","","Richmond County, Virginia","Private","NAICS12 4529 Other general merchandise stores","County, NAICS 4-digit -- by ownership sector","All establishment sizes",3,17,16,18,74977,38040,611,339,"",2.74,0.45,0.42,0.46,0.44,0.63,1.07,0.99,"",0,0.0,1,6.2,2,14.3,2,12.5,9786,15.0,5963,18.6,-79,-11.4,12,3.7
"51159","5","4529","76","0","2016","3","","Richmond County, Virginia","Private","NAICS12 4529 Other general merchandise stores","County, NAICS 4-digit -- by ownership sector","All establishment sizes",3,18,18,15,73889,21868,386,334,"",2.74,0.49,0.46,0.39,0.46,0.66,1.18,1.02,"",0,0.0,-16,-47.1,2,12.5,-3,-16.7,-11309,-13.3,-3473,-13.7,-191,-33.1,45,15.6
"51159","5","4529","76","0","2016","4","","Richmond County, Virginia","Private","NAICS12 4529 Other general merchandise stores","County, NAICS 4-digit -- by ownership sector","All establishment sizes",3,17,15,17,76144,20104,344,359,"",2.84,0.44,0.37,0.43,0.45,0.70,1.10,1.08,"",0,0.0,0,0.0,-2,-11.8,-1,-5.6,585,0.8,3007,17.6,-88,-20.4,24,7.2
"51159","5","45299","77","0","2016","1","","Richmond County, Virginia","Private","NAICS12 45299 All other general merchandise stores","County, NAICS 5-digit -- by ownership sector","All establishment sizes",3,15,15,16,64890,57250,951,326,"",3.12,1.87,1.86,1.97,2.95,3.07,4.48,1.56,"",0,0.0,-2,-11.8,-2,-11.8,3,23.1,2739,4.4,2274,4.1,-285,-23.1,21,6.9
"51159","5","45299","77","0","2016","2","","Richmond County, Virginia","Private","NAICS12 45299 All other general merchandise stores","County, NAICS 5-digit -- by ownership sector","All establishment sizes",3,17,16,18,74977,38040,611,339,"",3.15,2.08,1.96,2.17,2.83,3.48,4.25,1.36,"",0,0.0,1,6.2,2,14.3,2,12.5,9786,15.0,5963,18.6,-79,-11.4,12,3.7
"51159","5","45299","77","0","2016","3","","Richmond County, Virginia","Private","NAICS12 45299 All other general merchandise stores","County, NAICS 5-digit -- by ownership sector","All establishment sizes",3,18,18,15,73889,21868,386,334,"",3.15,2.30,2.15,1.81,2.71,2.85,3.55,1.30,"",0,0.0,-16,-47.1,2,12.5,-3,-16.7,-11309,-13.3,-3473,-13.7,-191,-33.1,45,15.6
"51159","5","45299","77","0","2016","4","","Richmond County, Virginia","Private","NAICS12 45299 All other general merchandise stores","County, NAICS 5-digit -- by ownership sector","All establishment sizes",3,17,15,17,76144,20104,344,359,"",3.25,1.99,1.70,1.88,2.89,3.04,3.56,1.56,"",0,0.0,0,0.0,-2,-11.8,-1,-5.6,585,0.8,3007,17.6,-88,-20.4,24,7.2
"51159","5","452990","78","0","2016","1","","Richmond County, Virginia","Private","NAICS12 452990 All other general merchandise stores","County, NAICS 6-digit -- by ownership sector","All establishment sizes",3,15,15,16,64890,57250,951,326,"",3.12,1.87,1.86,1.97,2.95,3.07,4.48,1.56,"",0,0.0,-2,-11.8,-2,-11.8,3,23.1,2739,4.4,2274,4.1,-285,-23.1,21,6.9
"51159","5","452990","78","0","2016","2","","Richmond County, Virginia","Private","NAICS12 452990 All other general merchandise stores","County, NAICS 6-digit -- by ownership sector","All establishment sizes",3,17,16,18,74977,38040,611,339,"",3.15,2.08,1.96,2.17,2.83,3.48,4.25,1.36,"",0,0.0,1,6.2,2,14.3,2,12.5,9786,15.0,5963,18.6,-79,-11.4,12,3.7
"51159","5","452990","78","0","2016","3","","Richmond County, Virginia","Private","NAICS12 452990 All other general merchandise stores","County, NAICS 6-digit -- by ownership sector","All establishment sizes",3,18,18,15,73889,21868,386,334,"",3.15,2.30,2.15,1.81,2.71,2.85,3.55,1.30,"",0,0.0,-16,-47.1,2,12.5,-3,-16.7,-11309,-13.3,-3473,-13.7,-191,-33.1,45,15.6
"51159","5","452990","78","0","2016","4","","Richmond County, Virginia","Private","NAICS12 452990 All other general merchandise stores","County, NAICS 6-digit -- by ownership sector","All establishment sizes",3,17,15,17,76144,20104,344,359,"",3.25,1.99,1.70,1.88,2.89,3.04,3.56,1.56,"",0,0.0,0,0.0,-2,-11.8,-1,-5.6,585,0.8,3007,17.6,-88,-20.4,24,7.2
"51159","5","453","75","0","2016","1","","Richmond County, Virginia","Private","NAICS 453 Miscellaneous store retailers","County, NAICS 3-digit -- by ownership sector","All establishment sizes",3,17,15,16,40984,38528,108,197,"",1.12,1.06,0.92,0.98,0.63,0.85,0.20,0.64,"N",1,50.0,0,0,0,0,0,0,0,0,0,0,0,0,0,0
"51159","5","453","75","0","2016","2","","Richmond County, Virginia","Private","NAICS 453 Miscellaneous store retailers","County, NAICS 3-digit -- by ownership sector","All establishment sizes",3,20,20,22,52445,30305,131,195,"",1.13,1.21,1.20,1.29,0.70,1.37,0.43,0.56,"",0,0.0,6,42.9,5,33.3,5,29.4,4920,10.4,-1821,-5.7,-72,-35.5,-43,-18.1
"51159","5","453","75","0","2016","3","","Richmond County, Virginia","Private","NAICS 453 Miscellaneous store retailers","County, NAICS 3-digit -- by ownership sector","All establishment sizes",3,18,20,18,54729,24267,146,226,"",1.14,1.12,1.17,1.07,0.70,1.67,0.68,0.62,"",0,0.0,3,20.0,5,33.3,6,50.0,12413,29.3,8147,50.5,16,12.3,-7,-3.0
"51159","5","453","75","0","2016","4","","Richmond County, Virginia","Private","NAICS 453 Miscellaneous store retailers","County, NAICS 3-digit -- by ownership sector","All establishment sizes",3,20,20,19,64395,22654,69,252,"",1.19,1.16,1.18,1.12,0.82,1.94,0.40,0.71,"N",0,0.0,0,0,0,0,0,0,0,0,0,0,0,0,0,0
"51159","5","4531","76","0","2016","1","N","Richmond County, Virginia","Private","NAICS 4531 Florists","County, NAICS 4-digit -- by ownership sector","All establishment sizes",1,0,0,0,0,0,0,0,"N",3.17,0,0,0,0,0,0,0,"N",0,0.0,0,0,0,0,0,0,0,0,0,0,0,0,0,0
"51159","5","4531","76","0","2016","2","N","Richmond County, Virginia","Private","NAICS 4531 Florists","County, NAICS 4-digit -- by ownership sector","All establishment sizes",1,0,0,0,0,0,0,0,"N",3.21,0,0,0,0,0,0,0,"N",0,0.0,0,0,0,0,0,0,0,0,0,0,0,0,0,0
"51159","5","4531","76","0","2016","3","N","Richmond County, Virginia","Private","NAICS 4531 Florists","County, NAICS 4-digit -- by ownership sector","All establishment sizes",1,0,0,0,0,0,0,0,"N",3.26,0,0,0,0,0,0,0,"N",0,0.0,0,0,0,0,0,0,0,0,0,0,0,0,0,0
"51159","5","4531","76","0","2016","4","N","Richmond County, Virginia","Private","NAICS 4531 Florists","County, NAICS 4-digit -- by ownership sector","All establishment sizes",1,0,0,0,0,0,0,0,"N",3.42,0,0,0,0,0,0,0,"N",0,0.0,0,0,0,0,0,0,0,0,0,0,0,0,0,0
"51159","5","45311","77","0","2016","1","N","Richmond County, Virginia","Private","NAICS 45311 Florists","County, NAICS 5-digit -- by ownership sector","All establishment sizes",1,0,0,0,0,0,0,0,"N",3.17,0,0,0,0,0,0,0,"N",0,0.0,0,0,0,0,0,0,0,0,0,0,0,0,0,0
"51159","5","45311","77","0","2016","2","N","Richmond County, Virginia","Private","NAICS 45311 Florists","County, NAICS 5-digit -- by ownership sector","All establishment sizes",1,0,0,0,0,0,0,0,"N",3.21,0,0,0,0,0,0,0,"N",0,0.0,0,0,0,0,0,0,0,0,0,0,0,0,0,0
"51159","5","45311","77","0","2016","3","N","Richmond County, Virginia","Private","NAICS 45311 Florists","County, NAICS 5-digit -- by ownership sector","All establishment sizes",1,0,0,0,0,0,0,0,"N",3.26,0,0,0,0,0,0,0,"N",0,0.0,0,0,0,0,0,0,0,0,0,0,0,0,0,0
"51159","5","45311","77","0","2016","4","N","Richmond County, Virginia","Private","NAICS 45311 Florists","County, NAICS 5-digit -- by ownership sector","All establishment sizes",1,0,0,0,0,0,0,0,"N",3.42,0,0,0,0,0,0,0,"N",0,0.0,0,0,0,0,0,0,0,0,0,0,0,0,0,0
"51159","5","453110","78","0","2016","1","N","Richmond County, Virginia","Private","NAICS 453110 Florists","County, NAICS 6-digit -- by ownership sector","All establishment sizes",1,0,0,0,0,0,0,0,"N",3.17,0,0,0,0,0,0,0,"N",0,0.0,0,0,0,0,0,0,0,0,0,0,0,0,0,0
"51159","5","453110","78","0","2016","2","N","Richmond County, Virginia","Private","NAICS 453110 Florists","County, NAICS 6-digit -- by ownership sector","All establishment sizes",1,0,0,0,0,0,0,0,"N",3.21,0,0,0,0,0,0,0,"N",0,0.0,0,0,0,0,0,0,0,0,0,0,0,0,0,0
"51159","5","453110","78","0","2016","3","N","Richmond County, Virginia","Private","NAICS 453110 Florists","County, NAICS 6-digit -- by ownership sector","All establishment sizes",1,0,0,0,0,0,0,0,"N",3.26,0,0,0,0,0,0,0,"N",0,0.0,0,0,0,0,0,0,0,0,0,0,0,0,0,0
"51159","5","453110","78","0","2016","4","N","Richmond County, Virginia","Private","NAICS 453110 Florists","County, NAICS 6-digit -- by ownership sector","All establishment sizes",1,0,0,0,0,0,0,0,"N",3.42,0,0,0,0,0,0,0,"N",0,0.0,0,0,0,0,0,0,0,0,0,0,0,0,0,0
"51159","5","4532","76","0","2016","1","N","Richmond County, Virginia","Private","NAICS 4532 Office supplies, stationery, and gift stores","County, NAICS 4-digit -- by ownership sector","All establishment sizes",1,0,0,0,0,0,0,0,"N",1.41,0,0,0,0,0,0,0,"N",0,0.0,0,0,0,0,0,0,0,0,0,0,0,0,0,0
"51159","5","4532","76","0","2016","2","N","Richmond County, Virginia","Private","NAICS 4532 Office supplies, stationery, and gift stores","County, NAICS 4-digit -- by ownership sector","All establishment sizes",1,0,0,0,0,0,0,0,"N",1.44,0,0,0,0,0,0,0,"N",0,0.0,0,0,0,0,0,0,0,0,0,0,0,0,0,0
"51159","5","4532","76","0","2016","3","N","Richmond County, Virginia","Private","NAICS 4532 Office supplies, stationery, and gift stores","County, NAICS 4-digit -- by ownership sector","All establishment sizes",1,0,0,0,0,0,0,0,"N",1.46,0,0,0,0,0,0,0,"N",0,0.0,0,0,0,0,0,0,0,0,0,0,0,0,0,0
"51159","5","4532","76","0","2016","4","N","Richmond County, Virginia","Private","NAICS 4532 Office supplies, stationery, and gift stores","County, NAICS 4-digit -- by ownership sector","All establishment sizes",1,0,0,0,0,0,0,0,"N",1.53,0,0,0,0,0,0,0,"N",0,0.0,0,0,0,0,0,0,0,0,0,0,0,0,0,0
"51159","5","45322","77","0","2016","1","N","Richmond County, Virginia","Private","NAICS 45322 Gift, novelty, and souvenir stores","County, NAICS 5-digit -- by ownership sector","All establishment sizes",1,0,0,0,0,0,0,0,"N",1.97,0,0,0,0,0,0,0,"N",0,0.0,0,0,0,0,0,0,0,0,0,0,0,0,0,0
"51159","5","45322","77","0","2016","2","N","Richmond County, Virginia","Private","NAICS 45322 Gift, novelty, and souvenir stores","County, NAICS 5-digit -- by ownership sector","All establishment sizes",1,0,0,0,0,0,0,0,"N",2.02,0,0,0,0,0,0,0,"N",0,0.0,0,0,0,0,0,0,0,0,0,0,0,0,0,0
"51159","5","45322","77","0","2016","3","N","Richmond County, Virginia","Private","NAICS 45322 Gift, novelty, and souvenir stores","County, NAICS 5-digit -- by ownership sector","All establishment sizes",1,0,0,0,0,0,0,0,"N",2.03,0,0,0,0,0,0,0,"N",0,0.0,0,0,0,0,0,0,0,0,0,0,0,0,0,0
"51159","5","45322","77","0","2016","4","N","Richmond County, Virginia","Private","NAICS 45322 Gift, novelty, and souvenir stores","County, NAICS 5-digit -- by ownership sector","All establishment sizes",1,0,0,0,0,0,0,0,"N",2.13,0,0,0,0,0,0,0,"N",0,0.0,0,0,0,0,0,0,0,0,0,0,0,0,0,0
"51159","5","453220","78","0","2016","1","N","Richmond County, Virginia","Private","NAICS 453220 Gift, novelty, and souvenir stores","County, NAICS 6-digit -- by ownership sector","All establishment sizes",1,0,0,0,0,0,0,0,"N",1.97,0,0,0,0,0,0,0,"N",0,0.0,0,0,0,0,0,0,0,0,0,0,0,0,0,0
"51159","5","453220","78","0","2016","2","N","Richmond County, Virginia","Private","NAICS 453220 Gift, novelty, and souvenir stores","County, NAICS 6-digit -- by ownership sector","All establishment sizes",1,0,0,0,0,0,0,0,"N",2.02,0,0,0,0,0,0,0,"N",0,0.0,0,0,0,0,0,0,0,0,0,0,0,0,0,0
"51159","5","453220","78","0","2016","3","N","Richmond County, Virginia","Private","NAICS 453220 Gift, novelty, and souvenir stores","County, NAICS 6-digit -- by ownership sector","All establishment sizes",1,0,0,0,0,0,0,0,"N",2.03,0,0,0,0,0,0,0,"N",0,0.0,0,0,0,0,0,0,0,0,0,0,0,0,0,0
"51159","5","453220","78","0","2016","4","N","Richmond County, Virginia","Private","NAICS 453220 Gift, novelty, and souvenir stores","County, NAICS 6-digit -- by ownership sector","All establishment sizes",1,0,0,0,0,0,0,0,"N",2.13,0,0,0,0,0,0,0,"N",0,0.0,0,0,0,0,0,0,0,0,0,0,0,0,0,0
"51159","5","4539","76","0","2016","1","N","Richmond County, Virginia","Private","NAICS 4539 Other miscellaneous store retailers","County, NAICS 4-digit -- by ownership sector","All establishment sizes",1,0,0,0,0,0,0,0,"N",0.82,0,0,0,0,0,0,0,"N",1,100.0,0,0,0,0,0,0,0,0,0,0,0,0,0,0
"51159","5","4539","76","0","2016","2","N","Richmond County, Virginia","Private","NAICS 4539 Other miscellaneous store retailers","County, NAICS 4-digit -- by ownership sector","All establishment sizes",1,0,0,0,0,0,0,0,"N",0.82,0,0,0,0,0,0,0,"N",0,0.0,0,0,0,0,0,0,0,0,0,0,0,0,0,0
"51159","5","4539","76","0","2016","3","N","Richmond County, Virginia","Private","NAICS 4539 Other miscellaneous store retailers","County, NAICS 4-digit -- by ownership sector","All establishment sizes",1,0,0,0,0,0,0,0,"N",0.82,0,0,0,0,0,0,0,"N",0,0.0,0,0,0,0,0,0,0,0,0,0,0,0,0,0
"51159","5","4539","76","0","2016","4","N","Richmond County, Virginia","Private","NAICS 4539 Other miscellaneous store retailers","County, NAICS 4-digit -- by ownership sector","All establishment sizes",1,0,0,0,0,0,0,0,"N",0.85,0,0,0,0,0,0,0,"N",0,0.0,0,0,0,0,0,0,0,0,0,0,0,0,0,0
"51159","5","45391","77","0","2016","1","N","Richmond County, Virginia","Private","NAICS 45391 Pet and pet supplies stores","County, NAICS 5-digit -- by ownership sector","All establishment sizes",1,0,0,0,0,0,0,0,"N",4.55,0,0,0,0,0,0,0,"N",1,100.0,0,0,0,0,0,0,0,0,0,0,0,0,0,0
"51159","5","45391","77","0","2016","2","N","Richmond County, Virginia","Private","NAICS 45391 Pet and pet supplies stores","County, NAICS 5-digit -- by ownership sector","All establishment sizes",1,0,0,0,0,0,0,0,"N",4.59,0,0,0,0,0,0,0,"N",0,0.0,0,0,0,0,0,0,0,0,0,0,0,0,0,0
"51159","5","45391","77","0","2016","3","N","Richmond County, Virginia","Private","NAICS 45391 Pet and pet supplies stores","County, NAICS 5-digit -- by ownership sector","All establishment sizes",1,0,0,0,0,0,0,0,"N",4.60,0,0,0,0,0,0,0,"N",0,0.0,0,0,0,0,0,0,0,0,0,0,0,0,0,0
"51159","5","45391","77","0","2016","4","N","Richmond County, Virginia","Private","NAICS 45391 Pet and pet supplies stores","County, NAICS 5-digit -- by ownership sector","All establishment sizes",1,0,0,0,0,0,0,0,"N",4.76,0,0,0,0,0,0,0,"N",0,0.0,0,0,0,0,0,0,0,0,0,0,0,0,0,0
"51159","5","453910","78","0","2016","1","N","Richmond County, Virginia","Private","NAICS 453910 Pet and pet supplies stores","County, NAICS 6-digit -- by ownership sector","All establishment sizes",1,0,0,0,0,0,0,0,"N",4.55,0,0,0,0,0,0,0,"N",1,100.0,0,0,0,0,0,0,0,0,0,0,0,0,0,0
"51159","5","453910","78","0","2016","2","N","Richmond County, Virginia","Private","NAICS 453910 Pet and pet supplies stores","County, NAICS 6-digit -- by ownership sector","All establishment sizes",1,0,0,0,0,0,0,0,"N",4.59,0,0,0,0,0,0,0,"N",0,0.0,0,0,0,0,0,0,0,0,0,0,0,0,0,0
"51159","5","453910","78","0","2016","3","N","Richmond County, Virginia","Private","NAICS 453910 Pet and pet supplies stores","County, NAICS 6-digit -- by ownership sector","All establishment sizes",1,0,0,0,0,0,0,0,"N",4.60,0,0,0,0,0,0,0,"N",0,0.0,0,0,0,0,0,0,0,0,0,0,0,0,0,0
"51159","5","453910","78","0","2016","4","N","Richmond County, Virginia","Private","NAICS 453910 Pet and pet supplies stores","County, NAICS 6-digit -- by ownership sector","All establishment sizes",1,0,0,0,0,0,0,0,"N",4.76,0,0,0,0,0,0,0,"N",0,0.0,0,0,0,0,0,0,0,0,0,0,0,0,0,0
"51159","5","454","75","0","2016","1","N","Richmond County, Virginia","Private","NAICS 454 Nonstore retailers","County, NAICS 3-digit -- by ownership sector","All establishment sizes",2,0,0,0,0,0,0,0,"N",1.82,0,0,0,0,0,0,0,"N",-1,-33.3,0,0,0,0,0,0,0,0,0,0,0,0,0,0
"51159","5","454","75","0","2016","2","N","Richmond County, Virginia","Private","NAICS 454 Nonstore retailers","County, NAICS 3-digit -- by ownership sector","All establishment sizes",2,0,0,0,0,0,0,0,"N",1.82,0,0,0,0,0,0,0,"N",-1,-33.3,0,0,0,0,0,0,0,0,0,0,0,0,0,0
"51159","5","454","75","0","2016","3","N","Richmond County, Virginia","Private","NAICS 454 Nonstore retailers","County, NAICS 3-digit -- by ownership sector","All establishment sizes",2,0,0,0,0,0,0,0,"N",1.81,0,0,0,0,0,0,0,"N",-1,-33.3,0,0,0,0,0,0,0,0,0,0,0,0,0,0
"51159","5","454","75","0","2016","4","N","Richmond County, Virginia","Private","NAICS 454 Nonstore retailers","County, NAICS 3-digit -- by ownership sector","All establishment sizes",2,0,0,0,0,0,0,0,"N",1.87,0,0,0,0,0,0,0,"N",-1,-33.3,0,0,0,0,0,0,0,0,0,0,0,0,0,0
"51159","5","4543","76","0","2016","1","N","Richmond County, Virginia","Private","NAICS 4543 Direct selling establishments","County, NAICS 4-digit -- by ownership sector","All establishment sizes",2,0,0,0,0,0,0,0,"N",4.63,0,0,0,0,0,0,0,"N",-1,-33.3,0,0,0,0,0,0,0,0,0,0,0,0,0,0
"51159","5","4543","76","0","2016","2","N","Richmond County, Virginia","Private","NAICS 4543 Direct selling establishments","County, NAICS 4-digit -- by ownership sector","All establishment sizes",2,0,0,0,0,0,0,0,"N",4.64,0,0,0,0,0,0,0,"N",-1,-33.3,0,0,0,0,0,0,0,0,0,0,0,0,0,0
"51159","5","4543","76","0","2016","3","N","Richmond County, Virginia","Private","NAICS 4543 Direct selling establishments","County, NAICS 4-digit -- by ownership sector","All establishment sizes",2,0,0,0,0,0,0,0,"N",4.61,0,0,0,0,0,0,0,"N",-1,-33.3,0,0,0,0,0,0,0,0,0,0,0,0,0,0
"51159","5","4543","76","0","2016","4","N","Richmond County, Virginia","Private","NAICS 4543 Direct selling establishments","County, NAICS 4-digit -- by ownership sector","All establishment sizes",2,0,0,0,0,0,0,0,"N",4.76,0,0,0,0,0,0,0,"N",-1,-33.3,0,0,0,0,0,0,0,0,0,0,0,0,0,0
"51159","5","45431","77","0","2016","1","N","Richmond County, Virginia","Private","NAICS 45431 Fuel dealers","County, NAICS 5-digit -- by ownership sector","All establishment sizes",2,0,0,0,0,0,0,0,"N",10.29,0,0,0,0,0,0,0,"N",-1,-33.3,0,0,0,0,0,0,0,0,0,0,0,0,0,0
"51159","5","45431","77","0","2016","2","N","Richmond County, Virginia","Private","NAICS 45431 Fuel dealers","County, NAICS 5-digit -- by ownership sector","All establishment sizes",2,0,0,0,0,0,0,0,"N",10.47,0,0,0,0,0,0,0,"N",-1,-33.3,0,0,0,0,0,0,0,0,0,0,0,0,0,0
"51159","5","45431","77","0","2016","3","N","Richmond County, Virginia","Private","NAICS 45431 Fuel dealers","County, NAICS 5-digit -- by ownership sector","All establishment sizes",2,0,0,0,0,0,0,0,"N",10.57,0,0,0,0,0,0,0,"N",-1,-33.3,0,0,0,0,0,0,0,0,0,0,0,0,0,0
"51159","5","45431","77","0","2016","4","N","Richmond County, Virginia","Private","NAICS 45431 Fuel dealers","County, NAICS 5-digit -- by ownership sector","All establishment sizes",2,0,0,0,0,0,0,0,"N",11.06,0,0,0,0,0,0,0,"N",-1,-33.3,0,0,0,0,0,0,0,0,0,0,0,0,0,0
"51159","5","454310","78","0","2016","1","N","Richmond County, Virginia","Private","NAICS 454310 Fuel dealers","County, NAICS 6-digit -- by ownership sector","All establishment sizes",2,0,0,0,0,0,0,0,"N",10.29,0,0,0,0,0,0,0,"N",-1,-33.3,0,0,0,0,0,0,0,0,0,0,0,0,0,0
"51159","5","454310","78","0","2016","2","N","Richmond County, Virginia","Private","NAICS 454310 Fuel dealers","County, NAICS 6-digit -- by ownership sector","All establishment sizes",2,0,0,0,0,0,0,0,"N",10.47,0,0,0,0,0,0,0,"N",-1,-33.3,0,0,0,0,0,0,0,0,0,0,0,0,0,0
"51159","5","454310","78","0","2016","3","N","Richmond County, Virginia","Private","NAICS 454310 Fuel dealers","County, NAICS 6-digit -- by ownership sector","All establishment sizes",2,0,0,0,0,0,0,0,"N",10.57,0,0,0,0,0,0,0,"N",-1,-33.3,0,0,0,0,0,0,0,0,0,0,0,0,0,0
"51159","5","454310","78","0","2016","4","N","Richmond County, Virginia","Private","NAICS 454310 Fuel dealers","County, NAICS 6-digit -- by ownership sector","All establishment sizes",2,0,0,0,0,0,0,0,"N",11.06,0,0,0,0,0,0,0,"N",-1,-33.3,0,0,0,0,0,0,0,0,0,0,0,0,0,0
"51159","5","48-49","74","0","2016","1","N","Richmond County, Virginia","Private","NAICS 48-49 Transportation and warehousing","County, NAICS Sector -- by ownership sector","All establishment sizes",5,0,0,0,0,0,0,0,"N",0.88,0,0,0,0,0,0,0,"N",0,0.0,0,0,0,0,0,0,0,0,0,0,0,0,0,0
"51159","5","48-49","74","0","2016","2","N","Richmond County, Virginia","Private","NAICS 48-49 Transportation and warehousing","County, NAICS Sector -- by ownership sector","All establishment sizes",5,0,0,0,0,0,0,0,"N",0.89,0,0,0,0,0,0,0,"N",0,0.0,0,0,0,0,0,0,0,0,0,0,0,0,0,0
"51159","5","48-49","74","0","2016","3","N","Richmond County, Virginia","Private","NAICS 48-49 Transportation and warehousing","County, NAICS Sector -- by ownership sector","All establishment sizes",5,0,0,0,0,0,0,0,"N",0.89,0,0,0,0,0,0,0,"N",0,0.0,0,0,0,0,0,0,0,0,0,0,0,0,0,0
"51159","5","48-49","74","0","2016","4","N","Richmond County, Virginia","Private","NAICS 48-49 Transportation and warehousing","County, NAICS Sector -- by ownership sector","All establishment sizes",3,0,0,0,0,0,0,0,"N",0.56,0,0,0,0,0,0,0,"N",-2,-40.0,0,0,0,0,0,0,0,0,0,0,0,0,0,0
"51159","5","484","75","0","2016","1","N","Richmond County, Virginia","Private","NAICS 484 Truck transportation","County, NAICS 3-digit -- by ownership sector","All establishment sizes",3,0,0,0,0,0,0,0,"N",1.02,0,0,0,0,0,0,0,"N",0,0.0,0,0,0,0,0,0,0,0,0,0,0,0,0,0
"51159","5","484","75","0","2016","2","N","Richmond County, Virginia","Private","NAICS 484 Truck transportation","County, NAICS 3-digit -- by ownership sector","All establishment sizes",3,0,0,0,0,0,0,0,"N",1.02,0,0,0,0,0,0,0,"N",0,0.0,0,0,0,0,0,0,0,0,0,0,0,0,0,0
"51159","5","484","75","0","2016","3","N","Richmond County, Virginia","Private","NAICS 484 Truck transportation","County, NAICS 3-digit -- by ownership sector","All establishment sizes",3,0,0,0,0,0,0,0,"N",1.02,0,0,0,0,0,0,0,"N",0,0.0,0,0,0,0,0,0,0,0,0,0,0,0,0,0
"51159","5","484","75","0","2016","4","N","Richmond County, Virginia","Private","NAICS 484 Truck transportation","County, NAICS 3-digit -- by ownership sector","All establishment sizes",1,0,0,0,0,0,0,0,"N",0.35,0,0,0,0,0,0,0,"N",-2,-66.7,0,0,0,0,0,0,0,0,0,0,0,0,0,0
"51159","5","4841","76","0","2016","1","N","Richmond County, Virginia","Private","NAICS 4841 General freight trucking","County, NAICS 4-digit -- by ownership sector","All establishment sizes",2,0,0,0,0,0,0,0,"N",1.09,0,0,0,0,0,0,0,"N",0,0.0,0,0,0,0,0,0,0,0,0,0,0,0,0,0
"51159","5","4841","76","0","2016","2","N","Richmond County, Virginia","Private","NAICS 4841 General freight trucking","County, NAICS 4-digit -- by ownership sector","All establishment sizes",2,0,0,0,0,0,0,0,"N",1.09,0,0,0,0,0,0,0,"N",0,0.0,0,0,0,0,0,0,0,0,0,0,0,0,0,0
"51159","5","4841","76","0","2016","3","N","Richmond County, Virginia","Private","NAICS 4841 General freight trucking","County, NAICS 4-digit -- by ownership sector","All establishment sizes",2,0,0,0,0,0,0,0,"N",1.09,0,0,0,0,0,0,0,"N",0,0.0,0,0,0,0,0,0,0,0,0,0,0,0,0,0
"51159","5","4841","76","0","2016","4","-","Richmond County, Virginia","Private","NAICS 4841 General freight trucking","County, NAICS 4-digit -- by ownership sector","All establishment sizes",0,0,0,0,0,0,0,0,"N",0.00,0,0,0,0,0,0,0,"N",-2,-100.0,0,0,0,0,0,0,0,0,0,0,0,0,0,0
"51159","5","48412","77","0","2016","1","N","Richmond County, Virginia","Private","NAICS 48412 General freight trucking, long-distance","County, NAICS 5-digit -- by ownership sector","All establishment sizes",2,0,0,0,0,0,0,0,"N",1.90,0,0,0,0,0,0,0,"N",0,0.0,0,0,0,0,0,0,0,0,0,0,0,0,0,0
"51159","5","48412","77","0","2016","2","N","Richmond County, Virginia","Private","NAICS 48412 General freight trucking, long-distance","County, NAICS 5-digit -- by ownership sector","All establishment sizes",2,0,0,0,0,0,0,0,"N",1.90,0,0,0,0,0,0,0,"N",0,0.0,0,0,0,0,0,0,0,0,0,0,0,0,0,0
"51159","5","48412","77","0","2016","3","N","Richmond County, Virginia","Private","NAICS 48412 General freight trucking, long-distance","County, NAICS 5-digit -- by ownership sector","All establishment sizes",2,0,0,0,0,0,0,0,"N",1.91,0,0,0,0,0,0,0,"N",0,0.0,0,0,0,0,0,0,0,0,0,0,0,0,0,0
"51159","5","48412","77","0","2016","4","-","Richmond County, Virginia","Private","NAICS 48412 General freight trucking, long-distance","County, NAICS 5-digit -- by ownership sector","All establishment sizes",0,0,0,0,0,0,0,0,"N",0.00,0,0,0,0,0,0,0,"N",-2,-100.0,0,0,0,0,0,0,0,0,0,0,0,0,0,0
"51159","5","484121","78","0","2016","1","N","Richmond County, Virginia","Private","NAICS 484121 General freight trucking, long-distance tl","County, NAICS 6-digit -- by ownership sector","All establishment sizes",2,0,0,0,0,0,0,0,"N",2.38,0,0,0,0,0,0,0,"N",0,0.0,0,0,0,0,0,0,0,0,0,0,0,0,0,0
"51159","5","484121","78","0","2016","2","N","Richmond County, Virginia","Private","NAICS 484121 General freight trucking, long-distance tl","County, NAICS 6-digit -- by ownership sector","All establishment sizes",2,0,0,0,0,0,0,0,"N",2.39,0,0,0,0,0,0,0,"N",0,0.0,0,0,0,0,0,0,0,0,0,0,0,0,0,0
"51159","5","484121","78","0","2016","3","N","Richmond County, Virginia","Private","NAICS 484121 General freight trucking, long-distance tl","County, NAICS 6-digit -- by ownership sector","All establishment sizes",2,0,0,0,0,0,0,0,"N",2.39,0,0,0,0,0,0,0,"N",0,0.0,0,0,0,0,0,0,0,0,0,0,0,0,0,0
"51159","5","484121","78","0","2016","4","-","Richmond County, Virginia","Private","NAICS 484121 General freight trucking, long-distance tl","County, NAICS 6-digit -- by ownership sector","All establishment sizes",0,0,0,0,0,0,0,0,"N",0.00,0,0,0,0,0,0,0,"N",-2,-100.0,0,0,0,0,0,0,0,0,0,0,0,0,0,0
"51159","5","4842","76","0","2016","1","N","Richmond County, Virginia","Private","NAICS 4842 Specialized freight trucking","County, NAICS 4-digit -- by ownership sector","All establishment sizes",1,0,0,0,0,0,0,0,"N",0.89,0,0,0,0,0,0,0,"N",0,0.0,0,0,0,0,0,0,0,0,0,0,0,0,0,0
"51159","5","4842","76","0","2016","2","N","Richmond County, Virginia","Private","NAICS 4842 Specialized freight trucking","County, NAICS 4-digit -- by ownership sector","All establishment sizes",1,0,0,0,0,0,0,0,"N",0.90,0,0,0,0,0,0,0,"N",0,0.0,0,0,0,0,0,0,0,0,0,0,0,0,0,0
"51159","5","4842","76","0","2016","3","N","Richmond County, Virginia","Private","NAICS 4842 Specialized freight trucking","County, NAICS 4-digit -- by ownership sector","All establishment sizes",1,0,0,0,0,0,0,0,"N",0.91,0,0,0,0,0,0,0,"N",0,0.0,0,0,0,0,0,0,0,0,0,0,0,0,0,0
"51159","5","4842","76","0","2016","4","N","Richmond County, Virginia","Private","NAICS 4842 Specialized freight trucking","County, NAICS 4-digit -- by ownership sector","All establishment sizes",1,0,0,0,0,0,0,0,"N",0.94,0,0,0,0,0,0,0,"N",0,0.0,0,0,0,0,0,0,0,0,0,0,0,0,0,0
"51159","5","48422","77","0","2016","1","N","Richmond County, Virginia","Private","NAICS 48422 Other specialized trucking, local","County, NAICS 5-digit -- by ownership sector","All establishment sizes",1,0,0,0,0,0,0,0,"N",1.47,0,0,0,0,0,0,0,"N",0,0.0,0,0,0,0,0,0,0,0,0,0,0,0,0,0
"51159","5","48422","77","0","2016","2","N","Richmond County, Virginia","Private","NAICS 48422 Other specialized trucking, local","County, NAICS 5-digit -- by ownership sector","All establishment sizes",1,0,0,0,0,0,0,0,"N",1.48,0,0,0,0,0,0,0,"N",0,0.0,0,0,0,0,0,0,0,0,0,0,0,0,0,0
"51159","5","48422","77","0","2016","3","N","Richmond County, Virginia","Private","NAICS 48422 Other specialized trucking, local","County, NAICS 5-digit -- by ownership sector","All establishment sizes",1,0,0,0,0,0,0,0,"N",1.49,0,0,0,0,0,0,0,"N",0,0.0,0,0,0,0,0,0,0,0,0,0,0,0,0,0
"51159","5","48422","77","0","2016","4","N","Richmond County, Virginia","Private","NAICS 48422 Other specialized trucking, local","County, NAICS 5-digit -- by ownership sector","All establishment sizes",1,0,0,0,0,0,0,0,"N",1.56,0,0,0,0,0,0,0,"N",0,0.0,0,0,0,0,0,0,0,0,0,0,0,0,0,0
"51159","5","484220","78","0","2016","1","N","Richmond County, Virginia","Private","NAICS 484220 Other specialized trucking, local","County, NAICS 6-digit -- by ownership sector","All establishment sizes",1,0,0,0,0,0,0,0,"N",1.47,0,0,0,0,0,0,0,"N",0,0.0,0,0,0,0,0,0,0,0,0,0,0,0,0,0
"51159","5","484220","78","0","2016","2","N","Richmond County, Virginia","Private","NAICS 484220 Other specialized trucking, local","County, NAICS 6-digit -- by ownership sector","All establishment sizes",1,0,0,0,0,0,0,0,"N",1.48,0,0,0,0,0,0,0,"N",0,0.0,0,0,0,0,0,0,0,0,0,0,0,0,0,0
"51159","5","484220","78","0","2016","3","N","Richmond County, Virginia","Private","NAICS 484220 Other specialized trucking, local","County, NAICS 6-digit -- by ownership sector","All establishment sizes",1,0,0,0,0,0,0,0,"N",1.49,0,0,0,0,0,0,0,"N",0,0.0,0,0,0,0,0,0,0,0,0,0,0,0,0,0
"51159","5","484220","78","0","2016","4","N","Richmond County, Virginia","Private","NAICS 484220 Other specialized trucking, local","County, NAICS 6-digit -- by ownership sector","All establishment sizes",1,0,0,0,0,0,0,0,"N",1.56,0,0,0,0,0,0,0,"N",0,0.0,0,0,0,0,0,0,0,0,0,0,0,0,0,0
"51159","5","485","75","0","2016","1","N","Richmond County, Virginia","Private","NAICS 485 Transit and ground passenger transportation","County, NAICS 3-digit -- by ownership sector","All establishment sizes",1,0,0,0,0,0,0,0,"N",2.08,0,0,0,0,0,0,0,"N",0,0.0,0,0,0,0,0,0,0,0,0,0,0,0,0,0
"51159","5","485","75","0","2016","2","N","Richmond County, Virginia","Private","NAICS 485 Transit and ground passenger transportation","County, NAICS 3-digit -- by ownership sector","All establishment sizes",1,0,0,0,0,0,0,0,"N",2.08,0,0,0,0,0,0,0,"N",0,0.0,0,0,0,0,0,0,0,0,0,0,0,0,0,0
"51159","5","485","75","0","2016","3","N","Richmond County, Virginia","Private","NAICS 485 Transit and ground passenger transportation","County, NAICS 3-digit -- by ownership sector","All establishment sizes",1,0,0,0,0,0,0,0,"N",2.10,0,0,0,0,0,0,0,"N",0,0.0,0,0,0,0,0,0,0,0,0,0,0,0,0,0
"51159","5","485","75","0","2016","4","N","Richmond County, Virginia","Private","NAICS 485 Transit and ground passenger transportation","County, NAICS 3-digit -- by ownership sector","All establishment sizes",1,0,0,0,0,0,0,0,"N",2.19,0,0,0,0,0,0,0,"N",0,0.0,0,0,0,0,0,0,0,0,0,0,0,0,0,0
"51159","5","4859","76","0","2016","1","N","Richmond County, Virginia","Private","NAICS 4859 Other ground passenger transportation","County, NAICS 4-digit -- by ownership sector","All establishment sizes",1,0,0,0,0,0,0,0,"N",8.40,0,0,0,0,0,0,0,"N",0,0.0,0,0,0,0,0,0,0,0,0,0,0,0,0,0
"51159","5","4859","76","0","2016","2","N","Richmond County, Virginia","Private","NAICS 4859 Other ground passenger transportation","County, NAICS 4-digit -- by ownership sector","All establishment sizes",1,0,0,0,0,0,0,0,"N",8.36,0,0,0,0,0,0,0,"N",0,0.0,0,0,0,0,0,0,0,0,0,0,0,0,0,0
"51159","5","4859","76","0","2016","3","N","Richmond County, Virginia","Private","NAICS 4859 Other ground passenger transportation","County, NAICS 4-digit -- by ownership sector","All establishment sizes",1,0,0,0,0,0,0,0,"N",8.35,0,0,0,0,0,0,0,"N",0,0.0,0,0,0,0,0,0,0,0,0,0,0,0,0,0
"51159","5","4859","76","0","2016","4","N","Richmond County, Virginia","Private","NAICS 4859 Other ground passenger transportation","County, NAICS 4-digit -- by ownership sector","All establishment sizes",1,0,0,0,0,0,0,0,"N",8.65,0,0,0,0,0,0,0,"N",0,0.0,0,0,0,0,0,0,0,0,0,0,0,0,0,0
"51159","5","48599","77","0","2016","1","N","Richmond County, Virginia","Private","NAICS 48599 Other ground passenger transportation","County, NAICS 5-digit -- by ownership sector","All establishment sizes",1,0,0,0,0,0,0,0,"N",8.40,0,0,0,0,0,0,0,"N",0,0.0,0,0,0,0,0,0,0,0,0,0,0,0,0,0
"51159","5","48599","77","0","2016","2","N","Richmond County, Virginia","Private","NAICS 48599 Other ground passenger transportation","County, NAICS 5-digit -- by ownership sector","All establishment sizes",1,0,0,0,0,0,0,0,"N",8.36,0,0,0,0,0,0,0,"N",0,0.0,0,0,0,0,0,0,0,0,0,0,0,0,0,0
"51159","5","48599","77","0","2016","3","N","Richmond County, Virginia","Private","NAICS 48599 Other ground passenger transportation","County, NAICS 5-digit -- by ownership sector","All establishment sizes",1,0,0,0,0,0,0,0,"N",8.35,0,0,0,0,0,0,0,"N",0,0.0,0,0,0,0,0,0,0,0,0,0,0,0,0,0
"51159","5","48599","77","0","2016","4","N","Richmond County, Virginia","Private","NAICS 48599 Other ground passenger transportation","County, NAICS 5-digit -- by ownership sector","All establishment sizes",1,0,0,0,0,0,0,0,"N",8.65,0,0,0,0,0,0,0,"N",0,0.0,0,0,0,0,0,0,0,0,0,0,0,0,0,0
"51159","5","485991","78","0","2016","1","N","Richmond County, Virginia","Private","NAICS 485991 Special needs transportation","County, NAICS 6-digit -- by ownership sector","All establishment sizes",1,0,0,0,0,0,0,0,"N",14.21,0,0,0,0,0,0,0,"N",0,0.0,0,0,0,0,0,0,0,0,0,0,0,0,0,0
"51159","5","485991","78","0","2016","2","N","Richmond County, Virginia","Private","NAICS 485991 Special needs transportation","County, NAICS 6-digit -- by ownership sector","All establishment sizes",1,0,0,0,0,0,0,0,"N",14.14,0,0,0,0,0,0,0,"N",0,0.0,0,0,0,0,0,0,0,0,0,0,0,0,0,0
"51159","5","485991","78","0","2016","3","N","Richmond County, Virginia","Private","NAICS 485991 Special needs transportation","County, NAICS 6-digit -- by ownership sector","All establishment sizes",1,0,0,0,0,0,0,0,"N",14.18,0,0,0,0,0,0,0,"N",0,0.0,0,0,0,0,0,0,0,0,0,0,0,0,0,0
"51159","5","485991","78","0","2016","4","N","Richmond County, Virginia","Private","NAICS 485991 Special needs transportation","County, NAICS 6-digit -- by ownership sector","All establishment sizes",1,0,0,0,0,0,0,0,"N",14.72,0,0,0,0,0,0,0,"N",0,0.0,0,0,0,0,0,0,0,0,0,0,0,0,0,0
"51159","5","492","75","0","2016","1","N","Richmond County, Virginia","Private","NAICS 492 Couriers and messengers","County, NAICS 3-digit -- by ownership sector","All establishment sizes",1,0,0,0,0,0,0,0,"N",2.38,0,0,0,0,0,0,0,"N",0,0.0,0,0,0,0,0,0,0,0,0,0,0,0,0,0
"51159","5","492","75","0","2016","2","N","Richmond County, Virginia","Private","NAICS 492 Couriers and messengers","County, NAICS 3-digit -- by ownership sector","All establishment sizes",1,0,0,0,0,0,0,0,"N",2.42,0,0,0,0,0,0,0,"N",0,0.0,0,0,0,0,0,0,0,0,0,0,0,0,0,0
"51159","5","492","75","0","2016","3","N","Richmond County, Virginia","Private","NAICS 492 Couriers and messengers","County, NAICS 3-digit -- by ownership sector","All establishment sizes",1,0,0,0,0,0,0,0,"N",2.44,0,0,0,0,0,0,0,"N",0,0.0,0,0,0,0,0,0,0,0,0,0,0,0,0,0
"51159","5","492","75","0","2016","4","N","Richmond County, Virginia","Private","NAICS 492 Couriers and messengers","County, NAICS 3-digit -- by ownership sector","All establishment sizes",1,0,0,0,0,0,0,0,"N",2.54,0,0,0,0,0,0,0,"N",0,0.0,0,0,0,0,0,0,0,0,0,0,0,0,0,0
"51159","5","4921","76","0","2016","1","N","Richmond County, Virginia","Private","NAICS 4921 Couriers and express delivery services","County, NAICS 4-digit -- by ownership sector","All establishment sizes",1,0,0,0,0,0,0,0,"N",4.05,0,0,0,0,0,0,0,"N",0,0.0,0,0,0,0,0,0,0,0,0,0,0,0,0,0
"51159","5","4921","76","0","2016","2","N","Richmond County, Virginia","Private","NAICS 4921 Couriers and express delivery services","County, NAICS 4-digit -- by ownership sector","All establishment sizes",1,0,0,0,0,0,0,0,"N",4.12,0,0,0,0,0,0,0,"N",0,0.0,0,0,0,0,0,0,0,0,0,0,0,0,0,0
"51159","5","4921","76","0","2016","3","N","Richmond County, Virginia","Private","NAICS 4921 Couriers and express delivery services","County, NAICS 4-digit -- by ownership sector","All establishment sizes",1,0,0,0,0,0,0,0,"N",4.14,0,0,0,0,0,0,0,"N",0,0.0,0,0,0,0,0,0,0,0,0,0,0,0,0,0
"51159","5","4921","76","0","2016","4","N","Richmond County, Virginia","Private","NAICS 4921 Couriers and express delivery services","County, NAICS 4-digit -- by ownership sector","All establishment sizes",1,0,0,0,0,0,0,0,"N",4.32,0,0,0,0,0,0,0,"N",0,0.0,0,0,0,0,0,0,0,0,0,0,0,0,0,0
"51159","5","49211","77","0","2016","1","N","Richmond County, Virginia","Private","NAICS 49211 Couriers and express delivery services","County, NAICS 5-digit -- by ownership sector","All establishment sizes",1,0,0,0,0,0,0,0,"N",4.05,0,0,0,0,0,0,0,"N",0,0.0,0,0,0,0,0,0,0,0,0,0,0,0,0,0
"51159","5","49211","77","0","2016","2","N","Richmond County, Virginia","Private","NAICS 49211 Couriers and express delivery services","County, NAICS 5-digit -- by ownership sector","All establishment sizes",1,0,0,0,0,0,0,0,"N",4.12,0,0,0,0,0,0,0,"N",0,0.0,0,0,0,0,0,0,0,0,0,0,0,0,0,0
"51159","5","49211","77","0","2016","3","N","Richmond County, Virginia","Private","NAICS 49211 Couriers and express delivery services","County, NAICS 5-digit -- by ownership sector","All establishment sizes",1,0,0,0,0,0,0,0,"N",4.14,0,0,0,0,0,0,0,"N",0,0.0,0,0,0,0,0,0,0,0,0,0,0,0,0,0
"51159","5","49211","77","0","2016","4","N","Richmond County, Virginia","Private","NAICS 49211 Couriers and express delivery services","County, NAICS 5-digit -- by ownership sector","All establishment sizes",1,0,0,0,0,0,0,0,"N",4.32,0,0,0,0,0,0,0,"N",0,0.0,0,0,0,0,0,0,0,0,0,0,0,0,0,0
"51159","5","492110","78","0","2016","1","N","Richmond County, Virginia","Private","NAICS 492110 Couriers and express delivery services","County, NAICS 6-digit -- by ownership sector","All establishment sizes",1,0,0,0,0,0,0,0,"N",4.05,0,0,0,0,0,0,0,"N",0,0.0,0,0,0,0,0,0,0,0,0,0,0,0,0,0
"51159","5","492110","78","0","2016","2","N","Richmond County, Virginia","Private","NAICS 492110 Couriers and express delivery services","County, NAICS 6-digit -- by ownership sector","All establishment sizes",1,0,0,0,0,0,0,0,"N",4.12,0,0,0,0,0,0,0,"N",0,0.0,0,0,0,0,0,0,0,0,0,0,0,0,0,0
"51159","5","492110","78","0","2016","3","N","Richmond County, Virginia","Private","NAICS 492110 Couriers and express delivery services","County, NAICS 6-digit -- by ownership sector","All establishment sizes",1,0,0,0,0,0,0,0,"N",4.14,0,0,0,0,0,0,0,"N",0,0.0,0,0,0,0,0,0,0,0,0,0,0,0,0,0
"51159","5","492110","78","0","2016","4","N","Richmond County, Virginia","Private","NAICS 492110 Couriers and express delivery services","County, NAICS 6-digit -- by ownership sector","All establishment sizes",1,0,0,0,0,0,0,0,"N",4.32,0,0,0,0,0,0,0,"N",0,0.0,0,0,0,0,0,0,0,0,0,0,0,0,0,0
"51159","5","51","74","0","2016","1","N","Richmond County, Virginia","Private","NAICS 51 Information","County, NAICS Sector -- by ownership sector","All establishment sizes",2,0,0,0,0,0,0,0,"N",0.55,0,0,0,0,0,0,0,"N",-1,-33.3,0,0,0,0,0,0,0,0,0,0,0,0,0,0
"51159","5","51","74","0","2016","2","N","Richmond County, Virginia","Private","NAICS 51 Information","County, NAICS Sector -- by ownership sector","All establishment sizes",2,0,0,0,0,0,0,0,"N",0.55,0,0,0,0,0,0,0,"N",-1,-33.3,0,0,0,0,0,0,0,0,0,0,0,0,0,0
"51159","5","51","74","0","2016","3","N","Richmond County, Virginia","Private","NAICS 51 Information","County, NAICS Sector -- by ownership sector","All establishment sizes",2,0,0,0,0,0,0,0,"N",0.55,0,0,0,0,0,0,0,"N",0,0.0,0,0,0,0,0,0,0,0,0,0,0,0,0,0
"51159","5","51","74","0","2016","4","N","Richmond County, Virginia","Private","NAICS 51 Information","County, NAICS Sector -- by ownership sector","All establishment sizes",2,0,0,0,0,0,0,0,"N",0.56,0,0,0,0,0,0,0,"N",0,0.0,0,0,0,0,0,0,0,0,0,0,0,0,0,0
"51159","5","511","75","0","2016","1","N","Richmond County, Virginia","Private","NAICS 511 Publishing industries, except internet","County, NAICS 3-digit -- by ownership sector","All establishment sizes",1,0,0,0,0,0,0,0,"N",1.04,0,0,0,0,0,0,0,"N",0,0.0,0,0,0,0,0,0,0,0,0,0,0,0,0,0
"51159","5","511","75","0","2016","2","N","Richmond County, Virginia","Private","NAICS 511 Publishing industries, except internet","County, NAICS 3-digit -- by ownership sector","All establishment sizes",1,0,0,0,0,0,0,0,"N",1.03,0,0,0,0,0,0,0,"N",0,0.0,0,0,0,0,0,0,0,0,0,0,0,0,0,0
"51159","5","511","75","0","2016","3","N","Richmond County, Virginia","Private","NAICS 511 Publishing industries, except internet","County, NAICS 3-digit -- by ownership sector","All establishment sizes",1,0,0,0,0,0,0,0,"N",1.02,0,0,0,0,0,0,0,"N",0,0.0,0,0,0,0,0,0,0,0,0,0,0,0,0,0
"51159","5","511","75","0","2016","4","N","Richmond County, Virginia","Private","NAICS 511 Publishing industries, except internet","County, NAICS 3-digit -- by ownership sector","All establishment sizes",1,0,0,0,0,0,0,0,"N",1.06,0,0,0,0,0,0,0,"N",0,0.0,0,0,0,0,0,0,0,0,0,0,0,0,0,0
"51159","5","5111","76","0","2016","1","N","Richmond County, Virginia","Private","NAICS 5111 Newspaper, book, and directory publishers","County, NAICS 4-digit -- by ownership sector","All establishment sizes",1,0,0,0,0,0,0,0,"N",1.97,0,0,0,0,0,0,0,"N",0,0.0,0,0,0,0,0,0,0,0,0,0,0,0,0,0
"51159","5","5111","76","0","2016","2","N","Richmond County, Virginia","Private","NAICS 5111 Newspaper, book, and directory publishers","County, NAICS 4-digit -- by ownership sector","All establishment sizes",1,0,0,0,0,0,0,0,"N",2.00,0,0,0,0,0,0,0,"N",0,0.0,0,0,0,0,0,0,0,0,0,0,0,0,0,0
"51159","5","5111","76","0","2016","3","N","Richmond County, Virginia","Private","NAICS 5111 Newspaper, book, and directory publishers","County, NAICS 4-digit -- by ownership sector","All establishment sizes",1,0,0,0,0,0,0,0,"N",2.01,0,0,0,0,0,0,0,"N",0,0.0,0,0,0,0,0,0,0,0,0,0,0,0,0,0
"51159","5","5111","76","0","2016","4","N","Richmond County, Virginia","Private","NAICS 5111 Newspaper, book, and directory publishers","County, NAICS 4-digit -- by ownership sector","All establishment sizes",1,0,0,0,0,0,0,0,"N",2.11,0,0,0,0,0,0,0,"N",0,0.0,0,0,0,0,0,0,0,0,0,0,0,0,0,0
"51159","5","51111","77","0","2016","1","N","Richmond County, Virginia","Private","NAICS 51111 Newspaper publishers","County, NAICS 5-digit -- by ownership sector","All establishment sizes",1,0,0,0,0,0,0,0,"N",5.53,0,0,0,0,0,0,0,"N",0,0.0,0,0,0,0,0,0,0,0,0,0,0,0,0,0
"51159","5","51111","77","0","2016","2","N","Richmond County, Virginia","Private","NAICS 51111 Newspaper publishers","County, NAICS 5-digit -- by ownership sector","All establishment sizes",1,0,0,0,0,0,0,0,"N",5.59,0,0,0,0,0,0,0,"N",0,0.0,0,0,0,0,0,0,0,0,0,0,0,0,0,0
"51159","5","51111","77","0","2016","3","N","Richmond County, Virginia","Private","NAICS 51111 Newspaper publishers","County, NAICS 5-digit -- by ownership sector","All establishment sizes",1,0,0,0,0,0,0,0,"N",5.62,0,0,0,0,0,0,0,"N",0,0.0,0,0,0,0,0,0,0,0,0,0,0,0,0,0
"51159","5","51111","77","0","2016","4","N","Richmond County, Virginia","Private","NAICS 51111 Newspaper publishers","County, NAICS 5-digit -- by ownership sector","All establishment sizes",1,0,0,0,0,0,0,0,"N",5.91,0,0,0,0,0,0,0,"N",0,0.0,0,0,0,0,0,0,0,0,0,0,0,0,0,0
"51159","5","511110","78","0","2016","1","N","Richmond County, Virginia","Private","NAICS 511110 Newspaper publishers","County, NAICS 6-digit -- by ownership sector","All establishment sizes",1,0,0,0,0,0,0,0,"N",5.53,0,0,0,0,0,0,0,"N",0,0.0,0,0,0,0,0,0,0,0,0,0,0,0,0,0
"51159","5","511110","78","0","2016","2","N","Richmond County, Virginia","Private","NAICS 511110 Newspaper publishers","County, NAICS 6-digit -- by ownership sector","All establishment sizes",1,0,0,0,0,0,0,0,"N",5.59,0,0,0,0,0,0,0,"N",0,0.0,0,0,0,0,0,0,0,0,0,0,0,0,0,0
"51159","5","511110","78","0","2016","3","N","Richmond County, Virginia","Private","NAICS 511110 Newspaper publishers","County, NAICS 6-digit -- by ownership sector","All establishment sizes",1,0,0,0,0,0,0,0,"N",5.62,0,0,0,0,0,0,0,"N",0,0.0,0,0,0,0,0,0,0,0,0,0,0,0,0,0
"51159","5","511110","78","0","2016","4","N","Richmond County, Virginia","Private","NAICS 511110 Newspaper publishers","County, NAICS 6-digit -- by ownership sector","All establishment sizes",1,0,0,0,0,0,0,0,"N",5.91,0,0,0,0,0,0,0,"N",0,0.0,0,0,0,0,0,0,0,0,0,0,0,0,0,0
"51159","5","517","75","0","2016","1","N","Richmond County, Virginia","Private","NAICS 517 Telecommunications","County, NAICS 3-digit -- by ownership sector","All establishment sizes",1,0,0,0,0,0,0,0,"N",1.19,0,0,0,0,0,0,0,"N",-1,-50.0,0,0,0,0,0,0,0,0,0,0,0,0,0,0
"51159","5","517","75","0","2016","2","N","Richmond County, Virginia","Private","NAICS 517 Telecommunications","County, NAICS 3-digit -- by ownership sector","All establishment sizes",1,0,0,0,0,0,0,0,"N",1.20,0,0,0,0,0,0,0,"N",-1,-50.0,0,0,0,0,0,0,0,0,0,0,0,0,0,0
"51159","5","517","75","0","2016","3","N","Richmond County, Virginia","Private","NAICS 517 Telecommunications","County, NAICS 3-digit -- by ownership sector","All establishment sizes",1,0,0,0,0,0,0,0,"N",1.21,0,0,0,0,0,0,0,"N",0,0.0,0,0,0,0,0,0,0,0,0,0,0,0,0,0
"51159","5","517","75","0","2016","4","N","Richmond County, Virginia","Private","NAICS 517 Telecommunications","County, NAICS 3-digit -- by ownership sector","All establishment sizes",1,0,0,0,0,0,0,0,"N",1.26,0,0,0,0,0,0,0,"N",0,0.0,0,0,0,0,0,0,0,0,0,0,0,0,0,0
"51159","5","5171","76","0","2016","1","N","Richmond County, Virginia","Private","NAICS12 5171 Wired telecommunications carriers","County, NAICS 4-digit -- by ownership sector","All establishment sizes",1,0,0,0,0,0,0,0,"N",2.15,0,0,0,0,0,0,0,"N",-1,-50.0,0,0,0,0,0,0,0,0,0,0,0,0,0,0
"51159","5","5171","76","0","2016","2","N","Richmond County, Virginia","Private","NAICS12 5171 Wired telecommunications carriers","County, NAICS 4-digit -- by ownership sector","All establishment sizes",1,0,0,0,0,0,0,0,"N",2.16,0,0,0,0,0,0,0,"N",-1,-50.0,0,0,0,0,0,0,0,0,0,0,0,0,0,0
"51159","5","5171","76","0","2016","3","N","Richmond County, Virginia","Private","NAICS12 5171 Wired telecommunications carriers","County, NAICS 4-digit -- by ownership sector","All establishment sizes",1,0,0,0,0,0,0,0,"N",2.19,0,0,0,0,0,0,0,"N",0,0.0,0,0,0,0,0,0,0,0,0,0,0,0,0,0
"51159","5","5171","76","0","2016","4","N","Richmond County, Virginia","Private","NAICS12 5171 Wired telecommunications carriers","County, NAICS 4-digit -- by ownership sector","All establishment sizes",1,0,0,0,0,0,0,0,"N",2.28,0,0,0,0,0,0,0,"N",0,0.0,0,0,0,0,0,0,0,0,0,0,0,0,0,0
"51159","5","51711","77","0","2016","1","N","Richmond County, Virginia","Private","NAICS12 51711 Wired telecommunications carriers","County, NAICS 5-digit -- by ownership sector","All establishment sizes",1,0,0,0,0,0,0,0,"N",2.15,0,0,0,0,0,0,0,"N",-1,-50.0,0,0,0,0,0,0,0,0,0,0,0,0,0,0
"51159","5","51711","77","0","2016","2","N","Richmond County, Virginia","Private","NAICS12 51711 Wired telecommunications carriers","County, NAICS 5-digit -- by ownership sector","All establishment sizes",1,0,0,0,0,0,0,0,"N",2.16,0,0,0,0,0,0,0,"N",-1,-50.0,0,0,0,0,0,0,0,0,0,0,0,0,0,0
"51159","5","51711","77","0","2016","3","N","Richmond County, Virginia","Private","NAICS12 51711 Wired telecommunications carriers","County, NAICS 5-digit -- by ownership sector","All establishment sizes",1,0,0,0,0,0,0,0,"N",2.19,0,0,0,0,0,0,0,"N",0,0.0,0,0,0,0,0,0,0,0,0,0,0,0,0,0
"51159","5","51711","77","0","2016","4","N","Richmond County, Virginia","Private","NAICS12 51711 Wired telecommunications carriers","County, NAICS 5-digit -- by ownership sector","All establishment sizes",1,0,0,0,0,0,0,0,"N",2.28,0,0,0,0,0,0,0,"N",0,0.0,0,0,0,0,0,0,0,0,0,0,0,0,0,0
"51159","5","517110","78","0","2016","1","N","Richmond County, Virginia","Private","NAICS12 517110 Wired telecommunications carriers","County, NAICS 6-digit -- by ownership sector","All establishment sizes",1,0,0,0,0,0,0,0,"N",2.15,0,0,0,0,0,0,0,"N",-1,-50.0,0,0,0,0,0,0,0,0,0,0,0,0,0,0
"51159","5","517110","78","0","2016","2","N","Richmond County, Virginia","Private","NAICS12 517110 Wired telecommunications carriers","County, NAICS 6-digit -- by ownership sector","All establishment sizes",1,0,0,0,0,0,0,0,"N",2.16,0,0,0,0,0,0,0,"N",-1,-50.0,0,0,0,0,0,0,0,0,0,0,0,0,0,0
"51159","5","517110","78","0","2016","3","N","Richmond County, Virginia","Private","NAICS12 517110 Wired telecommunications carriers","County, NAICS 6-digit -- by ownership sector","All establishment sizes",1,0,0,0,0,0,0,0,"N",2.19,0,0,0,0,0,0,0,"N",0,0.0,0,0,0,0,0,0,0,0,0,0,0,0,0,0
"51159","5","517110","78","0","2016","4","N","Richmond County, Virginia","Private","NAICS12 517110 Wired telecommunications carriers","County, NAICS 6-digit -- by ownership sector","All establishment sizes",1,0,0,0,0,0,0,0,"N",2.28,0,0,0,0,0,0,0,"N",0,0.0,0,0,0,0,0,0,0,0,0,0,0,0,0,0
"51159","5","52","74","0","2016","1","","Richmond County, Virginia","Private","NAICS 52 Finance and insurance","County, NAICS Sector -- by ownership sector","All establishment sizes",13,54,54,53,746895,339037,7967,1071,"",1.15,0.47,0.46,0.45,0.30,0.46,0.87,0.66,"",2,18.2,-10,-15.6,-11,-16.9,-13,-19.7,3506,0.5,-59604,-15.0,-25,-0.3,191,21.7
"51159","5","52","74","0","2016","2","","Richmond County, Virginia","Private","NAICS 52 Finance and insurance","County, NAICS Sector -- by ownership sector","All establishment sizes",13,55,55,55,594220,46925,966,831,"",1.16,0.47,0.47,0.46,0.33,0.33,0.57,0.70,"",2,18.2,-11,-16.7,-13,-19.1,-12,-17.9,-97213,-14.1,-15272,-24.6,-274,-22.1,37,4.7
"51159","5","52","74","0","2016","3","","Richmond County, Virginia","Private","NAICS 52 Finance and insurance","County, NAICS Sector -- by ownership sector","All establishment sizes",14,54,51,51,559994,43337,1062,828,"",1.25,0.48,0.42,0.43,0.30,0.58,1.05,0.68,"",2,16.7,-12,-18.2,-14,-21.5,-13,-20.3,-143469,-20.4,14893,52.4,382,56.2,-5,-0.6
"51159","5","52","74","0","2016","4","","Richmond County, Virginia","Private","NAICS 52 Finance and insurance","County, NAICS Sector -- by ownership sector","All establishment sizes",13,53,55,56,568259,30085,584,800,"",1.21,0.45,0.47,0.47,0.28,0.57,0.72,0.61,"",-1,-7.1,2,3.9,-1,-1.8,-3,-5.1,-21638,-3.7,8183,37.4,150,34.6,-20,-2.4
"51159","5","522","75","0","2016","1","","Richmond County, Virginia","Private","NAICS 522 Credit intermediation and related activities","County, NAICS 3-digit -- by ownership sector","All establishment sizes",8,43,42,42,634906,270502,7316,1154,"",1.87,0.83,0.80,0.80,0.80,0.88,1.87,0.99,"",1,14.3,2,4.9,0,0.0,-1,-2.3,169081,36.3,30321,12.6,942,14.8,301,35.3
"51159","5","522","75","0","2016","2","","Richmond County, Virginia","Private","NAICS 522 Credit intermediation and related activities","County, NAICS 3-digit -- by ownership sector","All establishment sizes",9,45,45,46,498364,40688,926,846,"",2.13,0.85,0.86,0.86,0.75,0.59,1.10,0.87,"",2,28.6,3,7.1,1,2.3,1,2.2,103881,26.3,3462,9.3,-78,-7.8,151,21.7
"51159","5","522","75","0","2016","3","","Richmond County, Virginia","Private","NAICS 522 Credit intermediation and related activities","County, NAICS 3-digit -- by ownership sector","All establishment sizes",9,45,43,42,471026,21377,649,836,"",2.15,0.89,0.80,0.80,0.68,0.59,1.33,0.82,"",2,28.6,1,2.3,1,2.4,1,2.4,53513,12.8,1204,6.0,50,8.3,77,10.1
"51159","5","522","75","0","2016","4","","Richmond County, Virginia","Private","NAICS 522 Credit intermediation and related activities","County, NAICS 3-digit -- by ownership sector","All establishment sizes",9,43,44,44,450284,16264,384,793,"",2.24,0.82,0.84,0.83,0.65,0.64,1.00,0.79,"",1,12.5,3,7.5,0,0.0,-5,-10.2,-7563,-1.7,2405,17.4,-1,-0.3,-1,-0.1
"51159","5","5221","76","0","2016","1","","Richmond County, Virginia","Private","NAICS 5221 Depository credit intermediation","County, NAICS 4-digit -- by ownership sector","All establishment sizes",4,36,35,35,457147,207690,5135,995,"",1.55,1.06,1.02,1.02,0.94,1.04,2.19,0.91,"",0,0.0,0,0.0,-2,-5.4,-3,-7.9,48490,11.9,3525,1.7,-136,-2.6,145,17.1
"51159","5","5221","76","0","2016","2","","Richmond County, Virginia","Private","NAICS 5221 Depository credit intermediation","County, NAICS 4-digit -- by ownership sector","All establishment sizes",4,36,36,37,357548,28475,613,757,"",1.57,1.05,1.06,1.07,0.91,0.61,1.22,0.86,"",0,0.0,-1,-2.7,-2,-5.3,-2,-5.1,24408,7.3,1451,5.4,-94,-13.3,83,12.3
"51159","5","5221","76","0","2016","3","","Richmond County, Virginia","Private","NAICS 5221 Depository credit intermediation","County, NAICS 4-digit -- by ownership sector","All establishment sizes",4,37,35,34,341280,13480,312,743,"",1.59,1.13,1.01,1.00,0.84,0.58,1.14,0.81,"",0,0.0,-1,-2.6,-1,-2.8,-1,-2.9,-12345,-3.5,-1450,-9.7,-130,-29.4,-6,-0.8
"51159","5","5221","76","0","2016","4","","Richmond County, Virginia","Private","NAICS 5221 Depository credit intermediation","County, NAICS 4-digit -- by ownership sector","All establishment sizes",4,34,35,35,326317,9377,207,724,"",1.66,1.00,1.03,1.02,0.80,0.60,1.03,0.78,"",0,0.0,0,0.0,0,0.0,-5,-12.5,-32501,-9.1,-1985,-17.5,-98,-32.1,-36,-4.7
"51159","5","52211","77","0","2016","1","","Richmond County, Virginia","Private","NAICS 52211 Commercial banking","County, NAICS 5-digit -- by ownership sector","All establishment sizes",4,36,35,35,457147,207690,5135,995,"",2.05,1.38,1.32,1.32,1.12,1.32,2.70,0.84,"",0,0.0,0,0.0,-2,-5.4,-3,-7.9,48490,11.9,3525,1.7,-136,-2.6,145,17.1
"51159","5","52211","77","0","2016","2","","Richmond County, Virginia","Private","NAICS 52211 Commercial banking","County, NAICS 5-digit -- by ownership sector","All establishment sizes",4,36,36,37,357548,28475,613,757,"",2.08,1.36,1.37,1.38,1.12,0.82,1.59,0.81,"",0,0.0,-1,-2.7,-2,-5.3,-2,-5.1,24408,7.3,1451,5.4,-94,-13.3,83,12.3
"51159","5","52211","77","0","2016","3","","Richmond County, Virginia","Private","NAICS 52211 Commercial banking","County, NAICS 5-digit -- by ownership sector","All establishment sizes",4,37,35,34,341280,13480,312,743,"",2.11,1.47,1.31,1.30,1.04,0.77,1.48,0.77,"",0,0.0,-1,-2.6,-1,-2.8,-1,-2.9,-12345,-3.5,-1450,-9.7,-130,-29.4,-6,-0.8
"51159","5","52211","77","0","2016","4","","Richmond County, Virginia","Private","NAICS 52211 Commercial banking","County, NAICS 5-digit -- by ownership sector","All establishment sizes",4,34,35,35,326317,9377,207,724,"",2.20,1.29,1.34,1.33,0.98,0.82,1.34,0.74,"",0,0.0,0,0.0,0,0.0,-5,-12.5,-32501,-9.1,-1985,-17.5,-98,-32.1,-36,-4.7
"51159","5","522110","78","0","2016","1","","Richmond County, Virginia","Private","NAICS 522110 Commercial banking","County, NAICS 6-digit -- by ownership sector","All establishment sizes",4,36,35,35,457147,207690,5135,995,"",2.05,1.38,1.32,1.32,1.12,1.32,2.70,0.84,"",0,0.0,0,0.0,-2,-5.4,-3,-7.9,48490,11.9,3525,1.7,-136,-2.6,145,17.1
"51159","5","522110","78","0","2016","2","","Richmond County, Virginia","Private","NAICS 522110 Commercial banking","County, NAICS 6-digit -- by ownership sector","All establishment sizes",4,36,36,37,357548,28475,613,757,"",2.08,1.36,1.37,1.38,1.12,0.82,1.59,0.81,"",0,0.0,-1,-2.7,-2,-5.3,-2,-5.1,24408,7.3,1451,5.4,-94,-13.3,83,12.3
"51159","5","522110","78","0","2016","3","","Richmond County, Virginia","Private","NAICS 522110 Commercial banking","County, NAICS 6-digit -- by ownership sector","All establishment sizes",4,37,35,34,341280,13480,312,743,"",2.11,1.47,1.31,1.30,1.04,0.77,1.48,0.77,"",0,0.0,-1,-2.6,-1,-2.8,-1,-2.9,-12345,-3.5,-1450,-9.7,-130,-29.4,-6,-0.8
"51159","5","522110","78","0","2016","4","","Richmond County, Virginia","Private","NAICS 522110 Commercial banking","County, NAICS 6-digit -- by ownership sector","All establishment sizes",4,34,35,35,326317,9377,207,724,"",2.20,1.29,1.34,1.33,0.98,0.82,1.34,0.74,"",0,0.0,0,0.0,0,0.0,-5,-12.5,-32501,-9.1,-1985,-17.5,-98,-32.1,-36,-4.7
"51159","5","5222","76","0","2016","1","N","Richmond County, Virginia","Private","NAICS 5222 Nondepository credit intermediation","County, NAICS 4-digit -- by ownership sector","All establishment sizes",2,0,0,0,0,0,0,0,"N",1.77,0,0,0,0,0,0,0,"N",0,0.0,0,0,0,0,0,0,0,0,0,0,0,0,0,0
"51159","5","5222","76","0","2016","2","N","Richmond County, Virginia","Private","NAICS 5222 Nondepository credit intermediation","County, NAICS 4-digit -- by ownership sector","All establishment sizes",3,0,0,0,0,0,0,0,"N",2.67,0,0,0,0,0,0,0,"N",1,50.0,0,0,0,0,0,0,0,0,0,0,0,0,0,0
"51159","5","5222","76","0","2016","3","N","Richmond County, Virginia","Private","NAICS 5222 Nondepository credit intermediation","County, NAICS 4-digit -- by ownership sector","All establishment sizes",3,0,0,0,0,0,0,0,"N",2.69,0,0,0,0,0,0,0,"N",1,50.0,0,0,0,0,0,0,0,0,0,0,0,0,0,0
"51159","5","5222","76","0","2016","4","N","Richmond County, Virginia","Private","NAICS 5222 Nondepository credit intermediation","County, NAICS 4-digit -- by ownership sector","All establishment sizes",3,0,0,0,0,0,0,0,"N",2.81,0,0,0,0,0,0,0,"N",1,50.0,0,0,0,0,0,0,0,0,0,0,0,0,0,0
"51159","5","52229","77","0","2016","1","N","Richmond County, Virginia","Private","NAICS 52229 Other nondepository credit intermediation","County, NAICS 5-digit -- by ownership sector","All establishment sizes",2,0,0,0,0,0,0,0,"N",2.06,0,0,0,0,0,0,0,"N",0,0.0,0,0,0,0,0,0,0,0,0,0,0,0,0,0
"51159","5","52229","77","0","2016","2","N","Richmond County, Virginia","Private","NAICS 52229 Other nondepository credit intermediation","County, NAICS 5-digit -- by ownership sector","All establishment sizes",3,0,0,0,0,0,0,0,"N",3.12,0,0,0,0,0,0,0,"N",1,50.0,0,0,0,0,0,0,0,0,0,0,0,0,0,0
"51159","5","52229","77","0","2016","3","N","Richmond County, Virginia","Private","NAICS 52229 Other nondepository credit intermediation","County, NAICS 5-digit -- by ownership sector","All establishment sizes",3,0,0,0,0,0,0,0,"N",3.14,0,0,0,0,0,0,0,"N",1,50.0,0,0,0,0,0,0,0,0,0,0,0,0,0,0
"51159","5","52229","77","0","2016","4","N","Richmond County, Virginia","Private","NAICS 52229 Other nondepository credit intermediation","County, NAICS 5-digit -- by ownership sector","All establishment sizes",3,0,0,0,0,0,0,0,"N",3.27,0,0,0,0,0,0,0,"N",1,50.0,0,0,0,0,0,0,0,0,0,0,0,0,0,0
"51159","5","522291","78","0","2016","1","N","Richmond County, Virginia","Private","NAICS 522291 Consumer lending","County, NAICS 6-digit -- by ownership sector","All establishment sizes",1,0,0,0,0,0,0,0,"N",2.67,0,0,0,0,0,0,0,"N",0,0.0,0,0,0,0,0,0,0,0,0,0,0,0,0,0
"51159","5","522291","78","0","2016","2","N","Richmond County, Virginia","Private","NAICS 522291 Consumer lending","County, NAICS 6-digit -- by ownership sector","All establishment sizes",1,0,0,0,0,0,0,0,"N",2.70,0,0,0,0,0,0,0,"N",0,0.0,0,0,0,0,0,0,0,0,0,0,0,0,0,0
"51159","5","522291","78","0","2016","3","N","Richmond County, Virginia","Private","NAICS 522291 Consumer lending","County, NAICS 6-digit -- by ownership sector","All establishment sizes",1,0,0,0,0,0,0,0,"N",2.72,0,0,0,0,0,0,0,"N",0,0.0,0,0,0,0,0,0,0,0,0,0,0,0,0,0
"51159","5","522291","78","0","2016","4","N","Richmond County, Virginia","Private","NAICS 522291 Consumer lending","County, NAICS 6-digit -- by ownership sector","All establishment sizes",1,0,0,0,0,0,0,0,"N",2.87,0,0,0,0,0,0,0,"N",0,0.0,0,0,0,0,0,0,0,0,0,0,0,0,0,0
"51159","5","522292","78","0","2016","1","N","Richmond County, Virginia","Private","NAICS 522292 Real estate credit","County, NAICS 6-digit -- by ownership sector","All establishment sizes",1,0,0,0,0,0,0,0,"N",2.92,0,0,0,0,0,0,0,"N",0,0.0,0,0,0,0,0,0,0,0,0,0,0,0,0,0
"51159","5","522292","78","0","2016","2","N","Richmond County, Virginia","Private","NAICS 522292 Real estate credit","County, NAICS 6-digit -- by ownership sector","All establishment sizes",2,0,0,0,0,0,0,0,"N",5.84,0,0,0,0,0,0,0,"N",1,100.0,0,0,0,0,0,0,0,0,0,0,0,0,0,0
"51159","5","522292","78","0","2016","3","N","Richmond County, Virginia","Private","NAICS 522292 Real estate credit","County, NAICS 6-digit -- by ownership sector","All establishment sizes",2,0,0,0,0,0,0,0,"N",5.82,0,0,0,0,0,0,0,"N",1,100.0,0,0,0,0,0,0,0,0,0,0,0,0,0,0
"51159","5","522292","78","0","2016","4","N","Richmond County, Virginia","Private","NAICS 522292 Real estate credit","County, NAICS 6-digit -- by ownership sector","All establishment sizes",2,0,0,0,0,0,0,0,"N",5.99,0,0,0,0,0,0,0,"N",1,100.0,0,0,0,0,0,0,0,0,0,0,0,0,0,0
"51159","5","5223","76","0","2016","1","N","Richmond County, Virginia","Private","NAICS 5223 Activities related to credit intermediation","County, NAICS 4-digit -- by ownership sector","All establishment sizes",2,0,0,0,0,0,0,0,"N",3.53,0,0,0,0,0,0,0,"N",1,100.0,0,0,0,0,0,0,0,0,0,0,0,0,0,0
"51159","5","5223","76","0","2016","2","N","Richmond County, Virginia","Private","NAICS 5223 Activities related to credit intermediation","County, NAICS 4-digit -- by ownership sector","All establishment sizes",2,0,0,0,0,0,0,0,"N",3.56,0,0,0,0,0,0,0,"N",1,100.0,0,0,0,0,0,0,0,0,0,0,0,0,0,0
"51159","5","5223","76","0","2016","3","N","Richmond County, Virginia","Private","NAICS 5223 Activities related to credit intermediation","County, NAICS 4-digit -- by ownership sector","All establishment sizes",2,0,0,0,0,0,0,0,"N",3.57,0,0,0,0,0,0,0,"N",1,100.0,0,0,0,0,0,0,0,0,0,0,0,0,0,0
"51159","5","5223","76","0","2016","4","N","Richmond County, Virginia","Private","NAICS 5223 Activities related to credit intermediation","County, NAICS 4-digit -- by ownership sector","All establishment sizes",2,0,0,0,0,0,0,0,"N",3.72,0,0,0,0,0,0,0,"N",0,0.0,0,0,0,0,0,0,0,0,0,0,0,0,0,0
"51159","5","52232","77","0","2016","1","N","Richmond County, Virginia","Private","NAICS 52232 Financial transaction processing and clearing","County, NAICS 5-digit -- by ownership sector","All establishment sizes",2,0,0,0,0,0,0,0,"N",14.20,0,0,0,0,0,0,0,"N",1,100.0,0,0,0,0,0,0,0,0,0,0,0,0,0,0
"51159","5","52232","77","0","2016","2","N","Richmond County, Virginia","Private","NAICS 52232 Financial transaction processing and clearing","County, NAICS 5-digit -- by ownership sector","All establishment sizes",2,0,0,0,0,0,0,0,"N",14.31,0,0,0,0,0,0,0,"N",1,100.0,0,0,0,0,0,0,0,0,0,0,0,0,0,0
"51159","5","52232","77","0","2016","3","N","Richmond County, Virginia","Private","NAICS 52232 Financial transaction processing and clearing","County, NAICS 5-digit -- by ownership sector","All establishment sizes",2,0,0,0,0,0,0,0,"N",14.42,0,0,0,0,0,0,0,"N",1,100.0,0,0,0,0,0,0,0,0,0,0,0,0,0,0
"51159","5","52232","77","0","2016","4","N","Richmond County, Virginia","Private","NAICS 52232 Financial transaction processing and clearing","County, NAICS 5-digit -- by ownership sector","All establishment sizes",2,0,0,0,0,0,0,0,"N",15.12,0,0,0,0,0,0,0,"N",0,0.0,0,0,0,0,0,0,0,0,0,0,0,0,0,0
"51159","5","522320","78","0","2016","1","N","Richmond County, Virginia","Private","NAICS 522320 Financial transaction processing and clearing","County, NAICS 6-digit -- by ownership sector","All establishment sizes",2,0,0,0,0,0,0,0,"N",14.20,0,0,0,0,0,0,0,"N",1,100.0,0,0,0,0,0,0,0,0,0,0,0,0,0,0
"51159","5","522320","78","0","2016","2","N","Richmond County, Virginia","Private","NAICS 522320 Financial transaction processing and clearing","County, NAICS 6-digit -- by ownership sector","All establishment sizes",2,0,0,0,0,0,0,0,"N",14.31,0,0,0,0,0,0,0,"N",1,100.0,0,0,0,0,0,0,0,0,0,0,0,0,0,0
"51159","5","522320","78","0","2016","3","N","Richmond County, Virginia","Private","NAICS 522320 Financial transaction processing and clearing","County, NAICS 6-digit -- by ownership sector","All establishment sizes",2,0,0,0,0,0,0,0,"N",14.42,0,0,0,0,0,0,0,"N",1,100.0,0,0,0,0,0,0,0,0,0,0,0,0,0,0
"51159","5","522320","78","0","2016","4","N","Richmond County, Virginia","Private","NAICS 522320 Financial transaction processing and clearing","County, NAICS 6-digit -- by ownership sector","All establishment sizes",2,0,0,0,0,0,0,0,"N",15.12,0,0,0,0,0,0,0,"N",0,0.0,0,0,0,0,0,0,0,0,0,0,0,0,0,0
"51159","5","524","75","0","2016","1","","Richmond County, Virginia","Private","NAICS 524 Insurance carriers and related activities","County, NAICS 3-digit -- by ownership sector","All establishment sizes",5,11,12,11,111989,68535,651,760,"",1.10,0.24,0.26,0.24,0.15,0.23,0.19,0.62,"",1,25.0,-12,-52.2,-11,-47.8,-12,-52.2,-165575,-59.7,-89925,-56.7,-967,-59.8,-168,-18.1
"51159","5","524","75","0","2016","2","","Richmond County, Virginia","Private","NAICS 524 Insurance carriers and related activities","County, NAICS 3-digit -- by ownership sector","All establishment sizes",4,10,10,9,95856,6237,40,763,"",0.89,0.22,0.22,0.19,0.15,0.11,0.06,0.73,"",0,0.0,-14,-58.3,-14,-58.3,-13,-59.1,-201094,-67.7,-18734,-75.0,-196,-83.1,-216,-22.1
"51159","5","524","75","0","2016","3","","Richmond County, Virginia","Private","NAICS 524 Insurance carriers and related activities","County, NAICS 3-digit -- by ownership sector","All establishment sizes",5,9,8,9,88968,21960,413,790,"",1.12,0.20,0.17,0.20,0.14,0.81,1.17,0.76,"",0,0.0,-13,-59.1,-15,-65.2,-14,-60.9,-196982,-68.9,13689,165.5,332,409.9,-180,-18.6
"51159","5","524","75","0","2016","4","","Richmond County, Virginia","Private","NAICS 524 Insurance carriers and related activities","County, NAICS 3-digit -- by ownership sector","All establishment sizes",4,10,11,12,117975,13821,200,825,"",0.93,0.22,0.24,0.26,0.19,0.71,0.69,0.81,"",-2,-33.3,-1,-9.1,-1,-8.3,2,20.0,-14075,-10.7,5778,71.8,151,308.2,-98,-10.6
"51159","5","5241","76","0","2016","1","N","Richmond County, Virginia","Private","NAICS 5241 Insurance carriers","County, NAICS 4-digit -- by ownership sector","All establishment sizes",3,0,0,0,0,0,0,0,"N",4.34,0,0,0,0,0,0,0,"N",1,50.0,0,0,0,0,0,0,0,0,0,0,0,0,0,0
"51159","5","5241","76","0","2016","2","N","Richmond County, Virginia","Private","NAICS 5241 Insurance carriers","County, NAICS 4-digit -- by ownership sector","All establishment sizes",3,0,0,0,0,0,0,0,"N",4.36,0,0,0,0,0,0,0,"N",1,50.0,0,0,0,0,0,0,0,0,0,0,0,0,0,0
"51159","5","5241","76","0","2016","3","N","Richmond County, Virginia","Private","NAICS 5241 Insurance carriers","County, NAICS 4-digit -- by ownership sector","All establishment sizes",3,0,0,0,0,0,0,0,"N",4.37,0,0,0,0,0,0,0,"N",1,50.0,0,0,0,0,0,0,0,0,0,0,0,0,0,0
"51159","5","5241","76","0","2016","4","N","Richmond County, Virginia","Private","NAICS 5241 Insurance carriers","County, NAICS 4-digit -- by ownership sector","All establishment sizes",3,0,0,0,0,0,0,0,"N",4.55,0,0,0,0,0,0,0,"N",0,0.0,0,0,0,0,0,0,0,0,0,0,0,0,0,0
"51159","5","52412","77","0","2016","1","N","Richmond County, Virginia","Private","NAICS 52412 Direct insurers, except life and health","County, NAICS 5-digit -- by ownership sector","All establishment sizes",3,0,0,0,0,0,0,0,"N",6.79,0,0,0,0,0,0,0,"N",1,50.0,0,0,0,0,0,0,0,0,0,0,0,0,0,0
"51159","5","52412","77","0","2016","2","N","Richmond County, Virginia","Private","NAICS 52412 Direct insurers, except life and health","County, NAICS 5-digit -- by ownership sector","All establishment sizes",3,0,0,0,0,0,0,0,"N",6.83,0,0,0,0,0,0,0,"N",1,50.0,0,0,0,0,0,0,0,0,0,0,0,0,0,0
"51159","5","52412","77","0","2016","3","N","Richmond County, Virginia","Private","NAICS 52412 Direct insurers, except life and health","County, NAICS 5-digit -- by ownership sector","All establishment sizes",3,0,0,0,0,0,0,0,"N",6.89,0,0,0,0,0,0,0,"N",1,50.0,0,0,0,0,0,0,0,0,0,0,0,0,0,0
"51159","5","52412","77","0","2016","4","N","Richmond County, Virginia","Private","NAICS 52412 Direct insurers, except life and health","County, NAICS 5-digit -- by ownership sector","All establishment sizes",3,0,0,0,0,0,0,0,"N",7.19,0,0,0,0,0,0,0,"N",0,0.0,0,0,0,0,0,0,0,0,0,0,0,0,0,0
"51159","5","524126","78","0","2016","1","N","Richmond County, Virginia","Private","NAICS 524126 Direct property and casualty insurers","County, NAICS 6-digit -- by ownership sector","All establishment sizes",2,0,0,0,0,0,0,0,"N",6.98,0,0,0,0,0,0,0,"N",1,100.0,0,0,0,0,0,0,0,0,0,0,0,0,0,0
"51159","5","524126","78","0","2016","2","N","Richmond County, Virginia","Private","NAICS 524126 Direct property and casualty insurers","County, NAICS 6-digit -- by ownership sector","All establishment sizes",2,0,0,0,0,0,0,0,"N",7.04,0,0,0,0,0,0,0,"N",1,100.0,0,0,0,0,0,0,0,0,0,0,0,0,0,0
"51159","5","524126","78","0","2016","3","N","Richmond County, Virginia","Private","NAICS 524126 Direct property and casualty insurers","County, NAICS 6-digit -- by ownership sector","All establishment sizes",2,0,0,0,0,0,0,0,"N",7.11,0,0,0,0,0,0,0,"N",1,100.0,0,0,0,0,0,0,0,0,0,0,0,0,0,0
"51159","5","524126","78","0","2016","4","N","Richmond County, Virginia","Private","NAICS 524126 Direct property and casualty insurers","County, NAICS 6-digit -- by ownership sector","All establishment sizes",2,0,0,0,0,0,0,0,"N",7.40,0,0,0,0,0,0,0,"N",0,0.0,0,0,0,0,0,0,0,0,0,0,0,0,0,0
"51159","5","524127","78","0","2016","1","N","Richmond County, Virginia","Private","NAICS 524127 Direct title insurance carriers","County, NAICS 6-digit -- by ownership sector","All establishment sizes",1,0,0,0,0,0,0,0,"N",7.68,0,0,0,0,0,0,0,"N",0,0.0,0,0,0,0,0,0,0,0,0,0,0,0,0,0
"51159","5","524127","78","0","2016","2","N","Richmond County, Virginia","Private","NAICS 524127 Direct title insurance carriers","County, NAICS 6-digit -- by ownership sector","All establishment sizes",1,0,0,0,0,0,0,0,"N",7.74,0,0,0,0,0,0,0,"N",0,0.0,0,0,0,0,0,0,0,0,0,0,0,0,0,0
"51159","5","524127","78","0","2016","3","N","Richmond County, Virginia","Private","NAICS 524127 Direct title insurance carriers","County, NAICS 6-digit -- by ownership sector","All establishment sizes",1,0,0,0,0,0,0,0,"N",7.78,0,0,0,0,0,0,0,"N",0,0.0,0,0,0,0,0,0,0,0,0,0,0,0,0,0
"51159","5","524127","78","0","2016","4","N","Richmond County, Virginia","Private","NAICS 524127 Direct title insurance carriers","County, NAICS 6-digit -- by ownership sector","All establishment sizes",1,0,0,0,0,0,0,0,"N",8.15,0,0,0,0,0,0,0,"N",0,0.0,0,0,0,0,0,0,0,0,0,0,0,0,0,0
"51159","5","5242","76","0","2016","1","N","Richmond County, Virginia","Private","NAICS 5242 Insurance agencies and brokerages","County, NAICS 4-digit -- by ownership sector","All establishment sizes",2,0,0,0,0,0,0,0,"N",0.52,0,0,0,0,0,0,0,"N",0,0.0,0,0,0,0,0,0,0,0,0,0,0,0,0,0
"51159","5","5242","76","0","2016","2","N","Richmond County, Virginia","Private","NAICS 5242 Insurance agencies and brokerages","County, NAICS 4-digit -- by ownership sector","All establishment sizes",1,0,0,0,0,0,0,0,"N",0.26,0,0,0,0,0,0,0,"N",-1,-50.0,0,0,0,0,0,0,0,0,0,0,0,0,0,0
"51159","5","5242","76","0","2016","3","N","Richmond County, Virginia","Private","NAICS 5242 Insurance agencies and brokerages","County, NAICS 4-digit -- by ownership sector","All establishment sizes",2,0,0,0,0,0,0,0,"N",0.53,0,0,0,0,0,0,0,"N",-1,-33.3,0,0,0,0,0,0,0,0,0,0,0,0,0,0
"51159","5","5242","76","0","2016","4","N","Richmond County, Virginia","Private","NAICS 5242 Insurance agencies and brokerages","County, NAICS 4-digit -- by ownership sector","All establishment sizes",1,0,0,0,0,0,0,0,"N",0.27,0,0,0,0,0,0,0,"N",-2,-66.7,0,0,0,0,0,0,0,0,0,0,0,0,0,0
"51159","5","52421","77","0","2016","1","N","Richmond County, Virginia","Private","NAICS 52421 Insurance agencies and brokerages","County, NAICS 5-digit -- by ownership sector","All establishment sizes",2,0,0,0,0,0,0,0,"N",0.60,0,0,0,0,0,0,0,"N",0,0.0,0,0,0,0,0,0,0,0,0,0,0,0,0,0
"51159","5","52421","77","0","2016","2","N","Richmond County, Virginia","Private","NAICS 52421 Insurance agencies and brokerages","County, NAICS 5-digit -- by ownership sector","All establishment sizes",1,0,0,0,0,0,0,0,"N",0.30,0,0,0,0,0,0,0,"N",-1,-50.0,0,0,0,0,0,0,0,0,0,0,0,0,0,0
"51159","5","52421","77","0","2016","3","N","Richmond County, Virginia","Private","NAICS 52421 Insurance agencies and brokerages","County, NAICS 5-digit -- by ownership sector","All establishment sizes",2,0,0,0,0,0,0,0,"N",0.61,0,0,0,0,0,0,0,"N",-1,-33.3,0,0,0,0,0,0,0,0,0,0,0,0,0,0
"51159","5","52421","77","0","2016","4","N","Richmond County, Virginia","Private","NAICS 52421 Insurance agencies and brokerages","County, NAICS 5-digit -- by ownership sector","All establishment sizes",1,0,0,0,0,0,0,0,"N",0.32,0,0,0,0,0,0,0,"N",-2,-66.7,0,0,0,0,0,0,0,0,0,0,0,0,0,0
"51159","5","524210","78","0","2016","1","N","Richmond County, Virginia","Private","NAICS 524210 Insurance agencies and brokerages","County, NAICS 6-digit -- by ownership sector","All establishment sizes",2,0,0,0,0,0,0,0,"N",0.60,0,0,0,0,0,0,0,"N",0,0.0,0,0,0,0,0,0,0,0,0,0,0,0,0,0
"51159","5","524210","78","0","2016","2","N","Richmond County, Virginia","Private","NAICS 524210 Insurance agencies and brokerages","County, NAICS 6-digit -- by ownership sector","All establishment sizes",1,0,0,0,0,0,0,0,"N",0.30,0,0,0,0,0,0,0,"N",-1,-50.0,0,0,0,0,0,0,0,0,0,0,0,0,0,0
"51159","5","524210","78","0","2016","3","N","Richmond County, Virginia","Private","NAICS 524210 Insurance agencies and brokerages","County, NAICS 6-digit -- by ownership sector","All establishment sizes",2,0,0,0,0,0,0,0,"N",0.61,0,0,0,0,0,0,0,"N",-1,-33.3,0,0,0,0,0,0,0,0,0,0,0,0,0,0
"51159","5","524210","78","0","2016","4","N","Richmond County, Virginia","Private","NAICS 524210 Insurance agencies and brokerages","County, NAICS 6-digit -- by ownership sector","All establishment sizes",1,0,0,0,0,0,0,0,"N",0.32,0,0,0,0,0,0,0,"N",-2,-66.7,0,0,0,0,0,0,0,0,0,0,0,0,0,0
"51159","5","53","74","0","2016","1","","Richmond County, Virginia","Private","NAICS 53 Real estate and rental and leasing","County, NAICS Sector -- by ownership sector","All establishment sizes",6,19,20,20,134658,75460,825,527,"",0.68,0.46,0.48,0.47,0.35,0.37,0.28,0.74,"N",1,20.0,0,0,0,0,0,0,0,0,0,0,0,0,0,0
"51159","5","53","74","0","2016","2","","Richmond County, Virginia","Private","NAICS 53 Real estate and rental and leasing","County, NAICS Sector -- by ownership sector","All establishment sizes",7,20,21,25,172349,40469,244,603,"",0.80,0.47,0.49,0.57,0.44,0.68,0.27,0.87,"N",1,16.7,0,0,0,0,0,0,0,0,0,0,0,0,0,0
"51159","5","53","74","0","2016","3","","Richmond County, Virginia","Private","NAICS 53 Real estate and rental and leasing","County, NAICS Sector -- by ownership sector","All establishment sizes",7,22,24,24,161021,46279,984,531,"",0.80,0.52,0.54,0.55,0.39,1.25,1.60,0.72,"N",1,16.7,0,0,0,0,0,0,0,0,0,0,0,0,0,0
"51159","5","53","74","0","2016","4","","Richmond County, Virginia","Private","NAICS 53 Real estate and rental and leasing","County, NAICS Sector -- by ownership sector","All establishment sizes",7,21,21,21,158952,27174,596,582,"",0.82,0.48,0.49,0.49,0.37,0.96,1.21,0.75,"N",1,16.7,0,0,0,0,0,0,0,0,0,0,0,0,0,0
"51159","5","531","75","0","2016","1","N","Richmond County, Virginia","Private","NAICS 531 Real estate","County, NAICS 3-digit -- by ownership sector","All establishment sizes",4,0,0,0,0,0,0,0,"N",0.54,0,0,0,0,0,0,0,"N",1,33.3,0,0,0,0,0,0,0,0,0,0,0,0,0,0
"51159","5","531","75","0","2016","2","","Richmond County, Virginia","Private","NAICS 531 Real estate","County, NAICS 3-digit -- by ownership sector","All establishment sizes",4,11,11,10,94609,7210,105,682,"",0.54,0.35,0.35,0.31,0.33,0.17,0.16,0.97,"N",0,0.0,0,0,0,0,0,0,0,0,0,0,0,0,0,0
"51159","5","531","75","0","2016","3","","Richmond County, Virginia","Private","NAICS 531 Real estate","County, NAICS 3-digit -- by ownership sector","All establishment sizes",4,10,11,11,90123,21055,927,650,"",0.54,0.33,0.34,0.35,0.29,0.79,2.15,0.87,"",0,0.0,-1,-9.1,0,0.0,-1,-8.3,-1422,-1.6,4145,24.5,568,158.2,29,4.7
"51159","5","531","75","0","2016","4","N","Richmond County, Virginia","Private","NAICS 531 Real estate","County, NAICS 3-digit -- by ownership sector","All establishment sizes",4,0,0,0,0,0,0,0,"N",0.55,0,0,0,0,0,0,0,"N",0,0.0,0,0,0,0,0,0,0,0,0,0,0,0,0,0
"51159","5","5311","76","0","2016","1","N","Richmond County, Virginia","Private","NAICS 5311 Lessors of real estate","County, NAICS 4-digit -- by ownership sector","All establishment sizes",1,0,0,0,0,0,0,0,"N",0.39,0,0,0,0,0,0,0,"N",0,0.0,0,0,0,0,0,0,0,0,0,0,0,0,0,0
"51159","5","5311","76","0","2016","2","N","Richmond County, Virginia","Private","NAICS 5311 Lessors of real estate","County, NAICS 4-digit -- by ownership sector","All establishment sizes",1,0,0,0,0,0,0,0,"N",0.39,0,0,0,0,0,0,0,"N",0,0.0,0,0,0,0,0,0,0,0,0,0,0,0,0,0
"51159","5","5311","76","0","2016","3","N","Richmond County, Virginia","Private","NAICS 5311 Lessors of real estate","County, NAICS 4-digit -- by ownership sector","All establishment sizes",1,0,0,0,0,0,0,0,"N",0.39,0,0,0,0,0,0,0,"N",0,0.0,0,0,0,0,0,0,0,0,0,0,0,0,0,0
"51159","5","5311","76","0","2016","4","N","Richmond County, Virginia","Private","NAICS 5311 Lessors of real estate","County, NAICS 4-digit -- by ownership sector","All establishment sizes",1,0,0,0,0,0,0,0,"N",0.41,0,0,0,0,0,0,0,"N",0,0.0,0,0,0,0,0,0,0,0,0,0,0,0,0,0
"51159","5","53112","77","0","2016","1","N","Richmond County, Virginia","Private","NAICS 53112 Lessors of nonresidential buildings","County, NAICS 5-digit -- by ownership sector","All establishment sizes",1,0,0,0,0,0,0,0,"N",1.74,0,0,0,0,0,0,0,"N",0,0.0,0,0,0,0,0,0,0,0,0,0,0,0,0,0
"51159","5","53112","77","0","2016","2","N","Richmond County, Virginia","Private","NAICS 53112 Lessors of nonresidential buildings","County, NAICS 5-digit -- by ownership sector","All establishment sizes",1,0,0,0,0,0,0,0,"N",1.76,0,0,0,0,0,0,0,"N",0,0.0,0,0,0,0,0,0,0,0,0,0,0,0,0,0
"51159","5","53112","77","0","2016","3","N","Richmond County, Virginia","Private","NAICS 53112 Lessors of nonresidential buildings","County, NAICS 5-digit -- by ownership sector","All establishment sizes",1,0,0,0,0,0,0,0,"N",1.77,0,0,0,0,0,0,0,"N",0,0.0,0,0,0,0,0,0,0,0,0,0,0,0,0,0
"51159","5","53112","77","0","2016","4","N","Richmond County, Virginia","Private","NAICS 53112 Lessors of nonresidential buildings","County, NAICS 5-digit -- by ownership sector","All establishment sizes",1,0,0,0,0,0,0,0,"N",1.84,0,0,0,0,0,0,0,"N",0,0.0,0,0,0,0,0,0,0,0,0,0,0,0,0,0
"51159","5","531120","78","0","2016","1","N","Richmond County, Virginia","Private","NAICS 531120 Lessors of nonresidential buildings","County, NAICS 6-digit -- by ownership sector","All establishment sizes",1,0,0,0,0,0,0,0,"N",1.74,0,0,0,0,0,0,0,"N",0,0.0,0,0,0,0,0,0,0,0,0,0,0,0,0,0
"51159","5","531120","78","0","2016","2","N","Richmond County, Virginia","Private","NAICS 531120 Lessors of nonresidential buildings","County, NAICS 6-digit -- by ownership sector","All establishment sizes",1,0,0,0,0,0,0,0,"N",1.76,0,0,0,0,0,0,0,"N",0,0.0,0,0,0,0,0,0,0,0,0,0,0,0,0,0
"51159","5","531120","78","0","2016","3","N","Richmond County, Virginia","Private","NAICS 531120 Lessors of nonresidential buildings","County, NAICS 6-digit -- by ownership sector","All establishment sizes",1,0,0,0,0,0,0,0,"N",1.77,0,0,0,0,0,0,0,"N",0,0.0,0,0,0,0,0,0,0,0,0,0,0,0,0,0
"51159","5","531120","78","0","2016","4","N","Richmond County, Virginia","Private","NAICS 531120 Lessors of nonresidential buildings","County, NAICS 6-digit -- by ownership sector","All establishment sizes",1,0,0,0,0,0,0,0,"N",1.84,0,0,0,0,0,0,0,"N",0,0.0,0,0,0,0,0,0,0,0,0,0,0,0,0,0
"51159","5","5312","76","0","2016","1","N","Richmond County, Virginia","Private","NAICS 5312 Offices of real estate agents and brokers","County, NAICS 4-digit -- by ownership sector","All establishment sizes",2,0,0,0,0,0,0,0,"N",0.81,0,0,0,0,0,0,0,"N",1,100.0,0,0,0,0,0,0,0,0,0,0,0,0,0,0
"51159","5","5312","76","0","2016","2","N","Richmond County, Virginia","Private","NAICS 5312 Offices of real estate agents and brokers","County, NAICS 4-digit -- by ownership sector","All establishment sizes",2,0,0,0,0,0,0,0,"N",0.81,0,0,0,0,0,0,0,"N",0,0.0,0,0,0,0,0,0,0,0,0,0,0,0,0,0
"51159","5","5312","76","0","2016","3","N","Richmond County, Virginia","Private","NAICS 5312 Offices of real estate agents and brokers","County, NAICS 4-digit -- by ownership sector","All establishment sizes",2,0,0,0,0,0,0,0,"N",0.81,0,0,0,0,0,0,0,"N",0,0.0,0,0,0,0,0,0,0,0,0,0,0,0,0,0
"51159","5","5312","76","0","2016","4","N","Richmond County, Virginia","Private","NAICS 5312 Offices of real estate agents and brokers","County, NAICS 4-digit -- by ownership sector","All establishment sizes",2,0,0,0,0,0,0,0,"N",0.83,0,0,0,0,0,0,0,"N",0,0.0,0,0,0,0,0,0,0,0,0,0,0,0,0,0
"51159","5","53121","77","0","2016","1","N","Richmond County, Virginia","Private","NAICS 53121 Offices of real estate agents and brokers","County, NAICS 5-digit -- by ownership sector","All establishment sizes",2,0,0,0,0,0,0,0,"N",0.81,0,0,0,0,0,0,0,"N",1,100.0,0,0,0,0,0,0,0,0,0,0,0,0,0,0
"51159","5","53121","77","0","2016","2","N","Richmond County, Virginia","Private","NAICS 53121 Offices of real estate agents and brokers","County, NAICS 5-digit -- by ownership sector","All establishment sizes",2,0,0,0,0,0,0,0,"N",0.81,0,0,0,0,0,0,0,"N",0,0.0,0,0,0,0,0,0,0,0,0,0,0,0,0,0
"51159","5","53121","77","0","2016","3","N","Richmond County, Virginia","Private","NAICS 53121 Offices of real estate agents and brokers","County, NAICS 5-digit -- by ownership sector","All establishment sizes",2,0,0,0,0,0,0,0,"N",0.81,0,0,0,0,0,0,0,"N",0,0.0,0,0,0,0,0,0,0,0,0,0,0,0,0,0
"51159","5","53121","77","0","2016","4","N","Richmond County, Virginia","Private","NAICS 53121 Offices of real estate agents and brokers","County, NAICS 5-digit -- by ownership sector","All establishment sizes",2,0,0,0,0,0,0,0,"N",0.83,0,0,0,0,0,0,0,"N",0,0.0,0,0,0,0,0,0,0,0,0,0,0,0,0,0
"51159","5","531210","78","0","2016","1","N","Richmond County, Virginia","Private","NAICS 531210 Offices of real estate agents and brokers","County, NAICS 6-digit -- by ownership sector","All establishment sizes",2,0,0,0,0,0,0,0,"N",0.81,0,0,0,0,0,0,0,"N",1,100.0,0,0,0,0,0,0,0,0,0,0,0,0,0,0
"51159","5","531210","78","0","2016","2","N","Richmond County, Virginia","Private","NAICS 531210 Offices of real estate agents and brokers","County, NAICS 6-digit -- by ownership sector","All establishment sizes",2,0,0,0,0,0,0,0,"N",0.81,0,0,0,0,0,0,0,"N",0,0.0,0,0,0,0,0,0,0,0,0,0,0,0,0,0
"51159","5","531210","78","0","2016","3","N","Richmond County, Virginia","Private","NAICS 531210 Offices of real estate agents and brokers","County, NAICS 6-digit -- by ownership sector","All establishment sizes",2,0,0,0,0,0,0,0,"N",0.81,0,0,0,0,0,0,0,"N",0,0.0,0,0,0,0,0,0,0,0,0,0,0,0,0,0
"51159","5","531210","78","0","2016","4","N","Richmond County, Virginia","Private","NAICS 531210 Offices of real estate agents and brokers","County, NAICS 6-digit -- by ownership sector","All establishment sizes",2,0,0,0,0,0,0,0,"N",0.83,0,0,0,0,0,0,0,"N",0,0.0,0,0,0,0,0,0,0,0,0,0,0,0,0,0
"51159","5","5313","76","0","2016","1","N","Richmond County, Virginia","Private","NAICS 5313 Activities related to real estate","County, NAICS 4-digit -- by ownership sector","All establishment sizes",1,0,0,0,0,0,0,0,"N",0.41,0,0,0,0,0,0,0,"N",0,0.0,0,0,0,0,0,0,0,0,0,0,0,0,0,0
"51159","5","5313","76","0","2016","2","N","Richmond County, Virginia","Private","NAICS 5313 Activities related to real estate","County, NAICS 4-digit -- by ownership sector","All establishment sizes",1,0,0,0,0,0,0,0,"N",0.41,0,0,0,0,0,0,0,"N",0,0.0,0,0,0,0,0,0,0,0,0,0,0,0,0,0
"51159","5","5313","76","0","2016","3","N","Richmond County, Virginia","Private","NAICS 5313 Activities related to real estate","County, NAICS 4-digit -- by ownership sector","All establishment sizes",1,0,0,0,0,0,0,0,"N",0.41,0,0,0,0,0,0,0,"N",0,0.0,0,0,0,0,0,0,0,0,0,0,0,0,0,0
"51159","5","5313","76","0","2016","4","N","Richmond County, Virginia","Private","NAICS 5313 Activities related to real estate","County, NAICS 4-digit -- by ownership sector","All establishment sizes",1,0,0,0,0,0,0,0,"N",0.43,0,0,0,0,0,0,0,"N",0,0.0,0,0,0,0,0,0,0,0,0,0,0,0,0,0
"51159","5","53131","77","0","2016","1","N","Richmond County, Virginia","Private","NAICS 53131 Real estate property managers","County, NAICS 5-digit -- by ownership sector","All establishment sizes",1,0,0,0,0,0,0,0,"N",0.56,0,0,0,0,0,0,0,"N",0,0.0,0,0,0,0,0,0,0,0,0,0,0,0,0,0
"51159","5","53131","77","0","2016","2","N","Richmond County, Virginia","Private","NAICS 53131 Real estate property managers","County, NAICS 5-digit -- by ownership sector","All establishment sizes",1,0,0,0,0,0,0,0,"N",0.57,0,0,0,0,0,0,0,"N",0,0.0,0,0,0,0,0,0,0,0,0,0,0,0,0,0
"51159","5","53131","77","0","2016","3","N","Richmond County, Virginia","Private","NAICS 53131 Real estate property managers","County, NAICS 5-digit -- by ownership sector","All establishment sizes",1,0,0,0,0,0,0,0,"N",0.57,0,0,0,0,0,0,0,"N",0,0.0,0,0,0,0,0,0,0,0,0,0,0,0,0,0
"51159","5","53131","77","0","2016","4","N","Richmond County, Virginia","Private","NAICS 53131 Real estate property managers","County, NAICS 5-digit -- by ownership sector","All establishment sizes",1,0,0,0,0,0,0,0,"N",0.59,0,0,0,0,0,0,0,"N",0,0.0,0,0,0,0,0,0,0,0,0,0,0,0,0,0
"51159","5","531311","78","0","2016","1","N","Richmond County, Virginia","Private","NAICS 531311 Residential property managers","County, NAICS 6-digit -- by ownership sector","All establishment sizes",1,0,0,0,0,0,0,0,"N",0.77,0,0,0,0,0,0,0,"N",0,0.0,0,0,0,0,0,0,0,0,0,0,0,0,0,0
"51159","5","531311","78","0","2016","2","N","Richmond County, Virginia","Private","NAICS 531311 Residential property managers","County, NAICS 6-digit -- by ownership sector","All establishment sizes",1,0,0,0,0,0,0,0,"N",0.77,0,0,0,0,0,0,0,"N",0,0.0,0,0,0,0,0,0,0,0,0,0,0,0,0,0
"51159","5","531311","78","0","2016","3","N","Richmond County, Virginia","Private","NAICS 531311 Residential property managers","County, NAICS 6-digit -- by ownership sector","All establishment sizes",1,0,0,0,0,0,0,0,"N",0.77,0,0,0,0,0,0,0,"N",0,0.0,0,0,0,0,0,0,0,0,0,0,0,0,0,0
"51159","5","531311","78","0","2016","4","N","Richmond County, Virginia","Private","NAICS 531311 Residential property managers","County, NAICS 6-digit -- by ownership sector","All establishment sizes",1,0,0,0,0,0,0,0,"N",0.80,0,0,0,0,0,0,0,"N",0,0.0,0,0,0,0,0,0,0,0,0,0,0,0,0,0
"51159","5","532","75","0","2016","1","N","Richmond County, Virginia","Private","NAICS 532 Rental and leasing services","County, NAICS 3-digit -- by ownership sector","All establishment sizes",2,0,0,0,0,0,0,0,"N",1.54,0,0,0,0,0,0,0,"N",0,0.0,0,0,0,0,0,0,0,0,0,0,0,0,0,0
"51159","5","532","75","0","2016","2","","Richmond County, Virginia","Private","NAICS 532 Rental and leasing services","County, NAICS 3-digit -- by ownership sector","All establishment sizes",3,9,10,15,77740,33259,139,528,"",2.33,0.81,0.90,1.30,0.84,2.09,0.53,0.83,"N",1,50.0,0,0,0,0,0,0,0,0,0,0,0,0,0,0
"51159","5","532","75","0","2016","3","","Richmond County, Virginia","Private","NAICS 532 Rental and leasing services","County, NAICS 3-digit -- by ownership sector","All establishment sizes",3,12,13,13,70898,25224,57,431,"",2.35,1.10,1.13,1.15,0.72,2.54,0.32,0.64,"N",1,50.0,0,0,0,0,0,0,0,0,0,0,0,0,0,0
"51159","5","532","75","0","2016","4","N","Richmond County, Virginia","Private","NAICS 532 Rental and leasing services","County, NAICS 3-digit -- by ownership sector","All establishment sizes",3,0,0,0,0,0,0,0,"N",2.46,0,0,0,0,0,0,0,"N",1,50.0,0,0,0,0,0,0,0,0,0,0,0,0,0,0
"51159","5","5322","76","0","2016","1","N","Richmond County, Virginia","Private","NAICS 5322 Consumer goods rental","County, NAICS 4-digit -- by ownership sector","All establishment sizes",2,0,0,0,0,0,0,0,"N",4.22,0,0,0,0,0,0,0,"N",0,0.0,0,0,0,0,0,0,0,0,0,0,0,0,0,0
"51159","5","5322","76","0","2016","2","N","Richmond County, Virginia","Private","NAICS 5322 Consumer goods rental","County, NAICS 4-digit -- by ownership sector","All establishment sizes",2,0,0,0,0,0,0,0,"N",4.25,0,0,0,0,0,0,0,"N",0,0.0,0,0,0,0,0,0,0,0,0,0,0,0,0,0
"51159","5","5322","76","0","2016","3","N","Richmond County, Virginia","Private","NAICS 5322 Consumer goods rental","County, NAICS 4-digit -- by ownership sector","All establishment sizes",2,0,0,0,0,0,0,0,"N",4.31,0,0,0,0,0,0,0,"N",0,0.0,0,0,0,0,0,0,0,0,0,0,0,0,0,0
"51159","5","5322","76","0","2016","4","N","Richmond County, Virginia","Private","NAICS 5322 Consumer goods rental","County, NAICS 4-digit -- by ownership sector","All establishment sizes",2,0,0,0,0,0,0,0,"N",4.54,0,0,0,0,0,0,0,"N",0,0.0,0,0,0,0,0,0,0,0,0,0,0,0,0,0
"51159","5","53229","77","0","2016","1","N","Richmond County, Virginia","Private","NAICS 53229 Other consumer goods rental","County, NAICS 5-digit -- by ownership sector","All establishment sizes",2,0,0,0,0,0,0,0,"N",6.41,0,0,0,0,0,0,0,"N",0,0.0,0,0,0,0,0,0,0,0,0,0,0,0,0,0
"51159","5","53229","77","0","2016","2","N","Richmond County, Virginia","Private","NAICS 53229 Other consumer goods rental","County, NAICS 5-digit -- by ownership sector","All establishment sizes",2,0,0,0,0,0,0,0,"N",6.44,0,0,0,0,0,0,0,"N",0,0.0,0,0,0,0,0,0,0,0,0,0,0,0,0,0
"51159","5","53229","77","0","2016","3","N","Richmond County, Virginia","Private","NAICS 53229 Other consumer goods rental","County, NAICS 5-digit -- by ownership sector","All establishment sizes",2,0,0,0,0,0,0,0,"N",6.50,0,0,0,0,0,0,0,"N",0,0.0,0,0,0,0,0,0,0,0,0,0,0,0,0,0
"51159","5","53229","77","0","2016","4","N","Richmond County, Virginia","Private","NAICS 53229 Other consumer goods rental","County, NAICS 5-digit -- by ownership sector","All establishment sizes",2,0,0,0,0,0,0,0,"N",6.85,0,0,0,0,0,0,0,"N",0,0.0,0,0,0,0,0,0,0,0,0,0,0,0,0,0
"51159","5","532291","78","0","2016","1","N","Richmond County, Virginia","Private","NAICS12 532291 Home health equipment rental","County, NAICS 6-digit -- by ownership sector","All establishment sizes",1,0,0,0,0,0,0,0,"N",12.85,0,0,0,0,0,0,0,"N",0,0.0,0,0,0,0,0,0,0,0,0,0,0,0,0,0
"51159","5","532291","78","0","2016","2","N","Richmond County, Virginia","Private","NAICS12 532291 Home health equipment rental","County, NAICS 6-digit -- by ownership sector","All establishment sizes",1,0,0,0,0,0,0,0,"N",13.20,0,0,0,0,0,0,0,"N",0,0.0,0,0,0,0,0,0,0,0,0,0,0,0,0,0
"51159","5","532291","78","0","2016","3","N","Richmond County, Virginia","Private","NAICS12 532291 Home health equipment rental","County, NAICS 6-digit -- by ownership sector","All establishment sizes",1,0,0,0,0,0,0,0,"N",13.39,0,0,0,0,0,0,0,"N",0,0.0,0,0,0,0,0,0,0,0,0,0,0,0,0,0
"51159","5","532291","78","0","2016","4","N","Richmond County, Virginia","Private","NAICS12 532291 Home health equipment rental","County, NAICS 6-digit -- by ownership sector","All establishment sizes",1,0,0,0,0,0,0,0,"N",14.12,0,0,0,0,0,0,0,"N",0,0.0,0,0,0,0,0,0,0,0,0,0,0,0,0,0
"51159","5","532299","78","0","2016","1","N","Richmond County, Virginia","Private","NAICS12 532299 All other consumer goods rental","County, NAICS 6-digit -- by ownership sector","All establishment sizes",1,0,0,0,0,0,0,0,"N",5.56,0,0,0,0,0,0,0,"N",0,0.0,0,0,0,0,0,0,0,0,0,0,0,0,0,0
"51159","5","532299","78","0","2016","2","N","Richmond County, Virginia","Private","NAICS12 532299 All other consumer goods rental","County, NAICS 6-digit -- by ownership sector","All establishment sizes",1,0,0,0,0,0,0,0,"N",5.60,0,0,0,0,0,0,0,"N",0,0.0,0,0,0,0,0,0,0,0,0,0,0,0,0,0
"51159","5","532299","78","0","2016","3","N","Richmond County, Virginia","Private","NAICS12 532299 All other consumer goods rental","County, NAICS 6-digit -- by ownership sector","All establishment sizes",1,0,0,0,0,0,0,0,"N",5.65,0,0,0,0,0,0,0,"N",0,0.0,0,0,0,0,0,0,0,0,0,0,0,0,0,0
"51159","5","532299","78","0","2016","4","N","Richmond County, Virginia","Private","NAICS12 532299 All other consumer goods rental","County, NAICS 6-digit -- by ownership sector","All establishment sizes",1,0,0,0,0,0,0,0,"N",5.97,0,0,0,0,0,0,0,"N",0,0.0,0,0,0,0,0,0,0,0,0,0,0,0,0,0
"51159","5","5324","76","0","2016","1","-","Richmond County, Virginia","Private","NAICS 5324 Machinery and equipment rental and leasing","County, NAICS 4-digit -- by ownership sector","All establishment sizes",0,0,0,0,0,0,0,0,"N",0.00,0,0,0,0,0,0,0,"N",0,0,0,0,0,0,0,0,0,0,0,0,0,0,0,0
"51159","5","5324","76","0","2016","2","N","Richmond County, Virginia","Private","NAICS 5324 Machinery and equipment rental and leasing","County, NAICS 4-digit -- by ownership sector","All establishment sizes",1,0,0,0,0,0,0,0,"N",2.90,0,0,0,0,0,0,0,"N",1,100.0,0,0,0,0,0,0,0,0,0,0,0,0,0,0
"51159","5","5324","76","0","2016","3","N","Richmond County, Virginia","Private","NAICS 5324 Machinery and equipment rental and leasing","County, NAICS 4-digit -- by ownership sector","All establishment sizes",1,0,0,0,0,0,0,0,"N",2.92,0,0,0,0,0,0,0,"N",1,100.0,0,0,0,0,0,0,0,0,0,0,0,0,0,0
"51159","5","5324","76","0","2016","4","N","Richmond County, Virginia","Private","NAICS 5324 Machinery and equipment rental and leasing","County, NAICS 4-digit -- by ownership sector","All establishment sizes",1,0,0,0,0,0,0,0,"N",3.03,0,0,0,0,0,0,0,"N",1,100.0,0,0,0,0,0,0,0,0,0,0,0,0,0,0
"51159","5","53241","77","0","2016","1","-","Richmond County, Virginia","Private","NAICS 53241 Heavy machinery rental and leasing","County, NAICS 5-digit -- by ownership sector","All establishment sizes",0,0,0,0,0,0,0,0,"N",0.00,0,0,0,0,0,0,0,"N",0,0,0,0,0,0,0,0,0,0,0,0,0,0,0,0
"51159","5","53241","77","0","2016","2","N","Richmond County, Virginia","Private","NAICS 53241 Heavy machinery rental and leasing","County, NAICS 5-digit -- by ownership sector","All establishment sizes",1,0,0,0,0,0,0,0,"N",6.52,0,0,0,0,0,0,0,"N",1,100.0,0,0,0,0,0,0,0,0,0,0,0,0,0,0
"51159","5","53241","77","0","2016","3","N","Richmond County, Virginia","Private","NAICS 53241 Heavy machinery rental and leasing","County, NAICS 5-digit -- by ownership sector","All establishment sizes",1,0,0,0,0,0,0,0,"N",6.58,0,0,0,0,0,0,0,"N",1,100.0,0,0,0,0,0,0,0,0,0,0,0,0,0,0
"51159","5","53241","77","0","2016","4","N","Richmond County, Virginia","Private","NAICS 53241 Heavy machinery rental and leasing","County, NAICS 5-digit -- by ownership sector","All establishment sizes",1,0,0,0,0,0,0,0,"N",6.85,0,0,0,0,0,0,0,"N",1,100.0,0,0,0,0,0,0,0,0,0,0,0,0,0,0
"51159","5","532411","78","0","2016","1","-","Richmond County, Virginia","Private","NAICS 532411 Transportation equipment rental and leasing","County, NAICS 6-digit -- by ownership sector","All establishment sizes",0,0,0,0,0,0,0,0,"N",0.00,0,0,0,0,0,0,0,"N",0,0,0,0,0,0,0,0,0,0,0,0,0,0,0,0
"51159","5","532411","78","0","2016","2","N","Richmond County, Virginia","Private","NAICS 532411 Transportation equipment rental and leasing","County, NAICS 6-digit -- by ownership sector","All establishment sizes",1,0,0,0,0,0,0,0,"N",48.61,0,0,0,0,0,0,0,"N",1,100.0,0,0,0,0,0,0,0,0,0,0,0,0,0,0
"51159","5","532411","78","0","2016","3","N","Richmond County, Virginia","Private","NAICS 532411 Transportation equipment rental and leasing","County, NAICS 6-digit -- by ownership sector","All establishment sizes",1,0,0,0,0,0,0,0,"N",49.30,0,0,0,0,0,0,0,"N",1,100.0,0,0,0,0,0,0,0,0,0,0,0,0,0,0
"51159","5","532411","78","0","2016","4","N","Richmond County, Virginia","Private","NAICS 532411 Transportation equipment rental and leasing","County, NAICS 6-digit -- by ownership sector","All establishment sizes",1,0,0,0,0,0,0,0,"N",50.94,0,0,0,0,0,0,0,"N",1,100.0,0,0,0,0,0,0,0,0,0,0,0,0,0,0
"51159","5","54","74","0","2016","1","","Richmond County, Virginia","Private","NAICS 54 Professional and technical services","County, NAICS Sector -- by ownership sector","All establishment sizes",17,109,119,124,1560950,771634,19613,1023,"",0.62,0.62,0.67,0.69,0.61,0.72,1.29,0.92,"",1,6.2,17,18.5,27,29.3,31,33.3,281634,22.0,315647,69.2,7471,61.5,-43,-4.0
"51159","5","54","74","0","2016","2","","Richmond County, Virginia","Private","NAICS 54 Professional and technical services","County, NAICS Sector -- by ownership sector","All establishment sizes",14,106,101,105,1537780,167092,5073,1137,"",0.51,0.59,0.57,0.58,0.56,0.76,1.56,0.97,"",-2,-12.5,13,14.0,1,1.0,4,4.0,279898,22.3,-20342,-10.9,-2015,-28.4,150,15.2
"51159","5","54","74","0","2016","3","","Richmond County, Virginia","Private","NAICS 54 Professional and technical services","County, NAICS Sector -- by ownership sector","All establishment sizes",14,114,118,120,1834799,184270,5705,1203,"",0.51,0.67,0.65,0.67,0.65,1.45,2.63,0.99,"",-3,-17.6,15,15.2,15,14.6,19,18.8,468424,34.3,31934,21.0,-114,-2.0,162,15.6
"51159","5","54","74","0","2016","4","","Richmond County, Virginia","Private","NAICS 54 Professional and technical services","County, NAICS Sector -- by ownership sector","All establishment sizes",14,118,129,128,1863793,224727,7220,1147,"",0.53,0.66,0.72,0.71,0.61,2.23,3.89,0.87,"",-3,-17.6,9,8.3,23,21.7,21,19.6,257660,16.0,72586,47.7,1605,28.6,-4,-0.3
"51159","5","541","75","0","2016","1","","Richmond County, Virginia","Private","NAICS 541 Professional and technical services","County, NAICS 3-digit -- by ownership sector","All establishment sizes",17,109,119,124,1560950,771634,19613,1023,"",0.62,0.62,0.67,0.69,0.61,0.72,1.29,0.92,"",1,6.2,17,18.5,27,29.3,31,33.3,281634,22.0,315647,69.2,7471,61.5,-43,-4.0
"51159","5","541","75","0","2016","2","","Richmond County, Virginia","Private","NAICS 541 Professional and technical services","County, NAICS 3-digit -- by ownership sector","All establishment sizes",14,106,101,105,1537780,167092,5073,1137,"",0.51,0.59,0.57,0.58,0.56,0.76,1.56,0.97,"",-2,-12.5,13,14.0,1,1.0,4,4.0,279898,22.3,-20342,-10.9,-2015,-28.4,150,15.2
"51159","5","541","75","0","2016","3","","Richmond County, Virginia","Private","NAICS 541 Professional and technical services","County, NAICS 3-digit -- by ownership sector","All establishment sizes",14,114,118,120,1834799,184270,5705,1203,"",0.51,0.67,0.65,0.67,0.65,1.45,2.63,0.99,"",-3,-17.6,15,15.2,15,14.6,19,18.8,468424,34.3,31934,21.0,-114,-2.0,162,15.6
"51159","5","541","75","0","2016","4","","Richmond County, Virginia","Private","NAICS 541 Professional and technical services","County, NAICS 3-digit -- by ownership sector","All establishment sizes",14,118,129,128,1863793,224727,7220,1147,"",0.53,0.66,0.72,0.71,0.61,2.23,3.89,0.87,"",-3,-17.6,9,8.3,23,21.7,21,19.6,257660,16.0,72586,47.7,1605,28.6,-4,-0.3
"51159","5","5411","76","0","2016","1","","Richmond County, Virginia","Private","NAICS 5411 Legal services","County, NAICS 4-digit -- by ownership sector","All establishment sizes",5,9,9,9,28047,26752,45,240,"",1.11,0.40,0.40,0.40,0.09,0.20,0.03,0.23,"",0,0.0,1,12.5,0,0.0,0,0.0,-12111,-30.2,-10704,-28.6,-357,-88.8,-116,-32.6
"51159","5","5411","76","0","2016","2","","Richmond County, Virginia","Private","NAICS 5411 Legal services","County, NAICS 4-digit -- by ownership sector","All establishment sizes",5,9,9,9,34432,16626,327,294,"",1.12,0.40,0.40,0.39,0.10,0.59,0.93,0.26,"",0,0.0,1,12.5,1,12.5,1,12.5,631,1.9,4507,37.2,35,12.0,-31,-9.5
"51159","5","5411","76","0","2016","3","","Richmond County, Virginia","Private","NAICS 5411 Legal services","County, NAICS 4-digit -- by ownership sector","All establishment sizes",5,9,9,9,43618,21145,306,373,"",1.13,0.41,0.39,0.40,0.13,1.42,1.44,0.32,"",0,0.0,1,12.5,1,12.5,1,12.5,2363,5.7,13460,175.1,82,36.6,-24,-6.0
"51159","5","5411","76","0","2016","4","","Richmond County, Virginia","Private","NAICS 5411 Legal services","County, NAICS 4-digit -- by ownership sector","All establishment sizes",5,8,8,9,93004,13033,22,858,"",1.17,0.35,0.35,0.39,0.20,1.14,0.12,0.54,"",0,0.0,2,33.3,2,33.3,2,28.6,14994,19.2,887,7.3,-31,-58.5,-89,-9.4
"51159","5","54111","77","0","2016","1","N","Richmond County, Virginia","Private","NAICS 54111 Offices of lawyers","County, NAICS 5-digit -- by ownership sector","All establishment sizes",4,0,0,0,0,0,0,0,"N",0.96,0,0,0,0,0,0,0,"N",0,0.0,0,0,0,0,0,0,0,0,0,0,0,0,0,0
"51159","5","54111","77","0","2016","2","N","Richmond County, Virginia","Private","NAICS 54111 Offices of lawyers","County, NAICS 5-digit -- by ownership sector","All establishment sizes",4,0,0,0,0,0,0,0,"N",0.97,0,0,0,0,0,0,0,"N",0,0.0,0,0,0,0,0,0,0,0,0,0,0,0,0,0
"51159","5","54111","77","0","2016","3","N","Richmond County, Virginia","Private","NAICS 54111 Offices of lawyers","County, NAICS 5-digit -- by ownership sector","All establishment sizes",4,0,0,0,0,0,0,0,"N",0.97,0,0,0,0,0,0,0,"N",0,0.0,0,0,0,0,0,0,0,0,0,0,0,0,0,0
"51159","5","54111","77","0","2016","4","N","Richmond County, Virginia","Private","NAICS 54111 Offices of lawyers","County, NAICS 5-digit -- by ownership sector","All establishment sizes",4,0,0,0,0,0,0,0,"N",1.01,0,0,0,0,0,0,0,"N",0,0.0,0,0,0,0,0,0,0,0,0,0,0,0,0,0
"51159","5","541110","78","0","2016","1","N","Richmond County, Virginia","Private","NAICS 541110 Offices of lawyers","County, NAICS 6-digit -- by ownership sector","All establishment sizes",4,0,0,0,0,0,0,0,"N",0.96,0,0,0,0,0,0,0,"N",0,0.0,0,0,0,0,0,0,0,0,0,0,0,0,0,0
"51159","5","541110","78","0","2016","2","N","Richmond County, Virginia","Private","NAICS 541110 Offices of lawyers","County, NAICS 6-digit -- by ownership sector","All establishment sizes",4,0,0,0,0,0,0,0,"N",0.97,0,0,0,0,0,0,0,"N",0,0.0,0,0,0,0,0,0,0,0,0,0,0,0,0,0
"51159","5","541110","78","0","2016","3","N","Richmond County, Virginia","Private","NAICS 541110 Offices of lawyers","County, NAICS 6-digit -- by ownership sector","All establishment sizes",4,0,0,0,0,0,0,0,"N",0.97,0,0,0,0,0,0,0,"N",0,0.0,0,0,0,0,0,0,0,0,0,0,0,0,0,0
"51159","5","541110","78","0","2016","4","N","Richmond County, Virginia","Private","NAICS 541110 Offices of lawyers","County, NAICS 6-digit -- by ownership sector","All establishment sizes",4,0,0,0,0,0,0,0,"N",1.01,0,0,0,0,0,0,0,"N",0,0.0,0,0,0,0,0,0,0,0,0,0,0,0,0,0
"51159","5","54119","77","0","2016","1","N","Richmond County, Virginia","Private","NAICS 54119 Other legal services","County, NAICS 5-digit -- by ownership sector","All establishment sizes",1,0,0,0,0,0,0,0,"N",3.06,0,0,0,0,0,0,0,"N",0,0.0,0,0,0,0,0,0,0,0,0,0,0,0,0,0
"51159","5","54119","77","0","2016","2","N","Richmond County, Virginia","Private","NAICS 54119 Other legal services","County, NAICS 5-digit -- by ownership sector","All establishment sizes",1,0,0,0,0,0,0,0,"N",3.09,0,0,0,0,0,0,0,"N",0,0.0,0,0,0,0,0,0,0,0,0,0,0,0,0,0
"51159","5","54119","77","0","2016","3","N","Richmond County, Virginia","Private","NAICS 54119 Other legal services","County, NAICS 5-digit -- by ownership sector","All establishment sizes",1,0,0,0,0,0,0,0,"N",3.10,0,0,0,0,0,0,0,"N",0,0.0,0,0,0,0,0,0,0,0,0,0,0,0,0,0
"51159","5","54119","77","0","2016","4","N","Richmond County, Virginia","Private","NAICS 54119 Other legal services","County, NAICS 5-digit -- by ownership sector","All establishment sizes",1,0,0,0,0,0,0,0,"N",3.21,0,0,0,0,0,0,0,"N",0,0.0,0,0,0,0,0,0,0,0,0,0,0,0,0,0
"51159","5","541191","78","0","2016","1","N","Richmond County, Virginia","Private","NAICS 541191 Title abstract and settlement offices","County, NAICS 6-digit -- by ownership sector","All establishment sizes",1,0,0,0,0,0,0,0,"N",4.87,0,0,0,0,0,0,0,"N",0,0.0,0,0,0,0,0,0,0,0,0,0,0,0,0,0
"51159","5","541191","78","0","2016","2","N","Richmond County, Virginia","Private","NAICS 541191 Title abstract and settlement offices","County, NAICS 6-digit -- by ownership sector","All establishment sizes",1,0,0,0,0,0,0,0,"N",4.96,0,0,0,0,0,0,0,"N",0,0.0,0,0,0,0,0,0,0,0,0,0,0,0,0,0
"51159","5","541191","78","0","2016","3","N","Richmond County, Virginia","Private","NAICS 541191 Title abstract and settlement offices","County, NAICS 6-digit -- by ownership sector","All establishment sizes",1,0,0,0,0,0,0,0,"N",5.00,0,0,0,0,0,0,0,"N",0,0.0,0,0,0,0,0,0,0,0,0,0,0,0,0,0
"51159","5","541191","78","0","2016","4","N","Richmond County, Virginia","Private","NAICS 541191 Title abstract and settlement offices","County, NAICS 6-digit -- by ownership sector","All establishment sizes",1,0,0,0,0,0,0,0,"N",5.22,0,0,0,0,0,0,0,"N",0,0.0,0,0,0,0,0,0,0,0,0,0,0,0,0,0
"51159","5","5412","76","0","2016","1","N","Richmond County, Virginia","Private","NAICS 5412 Accounting and bookkeeping services","County, NAICS 4-digit -- by ownership sector","All establishment sizes",2,0,0,0,0,0,0,0,"N",0.60,0,0,0,0,0,0,0,"N",0,0.0,0,0,0,0,0,0,0,0,0,0,0,0,0,0
"51159","5","5412","76","0","2016","2","N","Richmond County, Virginia","Private","NAICS 5412 Accounting and bookkeeping services","County, NAICS 4-digit -- by ownership sector","All establishment sizes",1,0,0,0,0,0,0,0,"N",0.30,0,0,0,0,0,0,0,"N",-1,-50.0,0,0,0,0,0,0,0,0,0,0,0,0,0,0
"51159","5","5412","76","0","2016","3","N","Richmond County, Virginia","Private","NAICS 5412 Accounting and bookkeeping services","County, NAICS 4-digit -- by ownership sector","All establishment sizes",1,0,0,0,0,0,0,0,"N",0.31,0,0,0,0,0,0,0,"N",-1,-50.0,0,0,0,0,0,0,0,0,0,0,0,0,0,0
"51159","5","5412","76","0","2016","4","N","Richmond County, Virginia","Private","NAICS 5412 Accounting and bookkeeping services","County, NAICS 4-digit -- by ownership sector","All establishment sizes",1,0,0,0,0,0,0,0,"N",0.32,0,0,0,0,0,0,0,"N",-1,-50.0,0,0,0,0,0,0,0,0,0,0,0,0,0,0
"51159","5","54121","77","0","2016","1","N","Richmond County, Virginia","Private","NAICS 54121 Accounting and bookkeeping services","County, NAICS 5-digit -- by ownership sector","All establishment sizes",2,0,0,0,0,0,0,0,"N",0.60,0,0,0,0,0,0,0,"N",0,0.0,0,0,0,0,0,0,0,0,0,0,0,0,0,0
"51159","5","54121","77","0","2016","2","N","Richmond County, Virginia","Private","NAICS 54121 Accounting and bookkeeping services","County, NAICS 5-digit -- by ownership sector","All establishment sizes",1,0,0,0,0,0,0,0,"N",0.30,0,0,0,0,0,0,0,"N",-1,-50.0,0,0,0,0,0,0,0,0,0,0,0,0,0,0
"51159","5","54121","77","0","2016","3","N","Richmond County, Virginia","Private","NAICS 54121 Accounting and bookkeeping services","County, NAICS 5-digit -- by ownership sector","All establishment sizes",1,0,0,0,0,0,0,0,"N",0.31,0,0,0,0,0,0,0,"N",-1,-50.0,0,0,0,0,0,0,0,0,0,0,0,0,0,0
"51159","5","54121","77","0","2016","4","N","Richmond County, Virginia","Private","NAICS 54121 Accounting and bookkeeping services","County, NAICS 5-digit -- by ownership sector","All establishment sizes",1,0,0,0,0,0,0,0,"N",0.32,0,0,0,0,0,0,0,"N",-1,-50.0,0,0,0,0,0,0,0,0,0,0,0,0,0,0
"51159","5","541211","78","0","2016","1","N","Richmond County, Virginia","Private","NAICS 541211 Offices of certified public accountants","County, NAICS 6-digit -- by ownership sector","All establishment sizes",1,0,0,0,0,0,0,0,"N",0.77,0,0,0,0,0,0,0,"N",0,0.0,0,0,0,0,0,0,0,0,0,0,0,0,0,0
"51159","5","541211","78","0","2016","2","N","Richmond County, Virginia","Private","NAICS 541211 Offices of certified public accountants","County, NAICS 6-digit -- by ownership sector","All establishment sizes",1,0,0,0,0,0,0,0,"N",0.78,0,0,0,0,0,0,0,"N",0,0.0,0,0,0,0,0,0,0,0,0,0,0,0,0,0
"51159","5","541211","78","0","2016","3","N","Richmond County, Virginia","Private","NAICS 541211 Offices of certified public accountants","County, NAICS 6-digit -- by ownership sector","All establishment sizes",1,0,0,0,0,0,0,0,"N",0.79,0,0,0,0,0,0,0,"N",0,0.0,0,0,0,0,0,0,0,0,0,0,0,0,0,0
"51159","5","541211","78","0","2016","4","N","Richmond County, Virginia","Private","NAICS 541211 Offices of certified public accountants","County, NAICS 6-digit -- by ownership sector","All establishment sizes",1,0,0,0,0,0,0,0,"N",0.82,0,0,0,0,0,0,0,"N",0,0.0,0,0,0,0,0,0,0,0,0,0,0,0,0,0
"51159","5","541219","78","0","2016","1","N","Richmond County, Virginia","Private","NAICS 541219 Other accounting services","County, NAICS 6-digit -- by ownership sector","All establishment sizes",1,0,0,0,0,0,0,0,"N",0.92,0,0,0,0,0,0,0,"N",0,0.0,0,0,0,0,0,0,0,0,0,0,0,0,0,0
"51159","5","541219","78","0","2016","2","-","Richmond County, Virginia","Private","NAICS 541219 Other accounting services","County, NAICS 6-digit -- by ownership sector","All establishment sizes",0,0,0,0,0,0,0,0,"N",0.00,0,0,0,0,0,0,0,"N",-1,-100.0,0,0,0,0,0,0,0,0,0,0,0,0,0,0
"51159","5","541219","78","0","2016","3","-","Richmond County, Virginia","Private","NAICS 541219 Other accounting services","County, NAICS 6-digit -- by ownership sector","All establishment sizes",0,0,0,0,0,0,0,0,"N",0.00,0,0,0,0,0,0,0,"N",-1,-100.0,0,0,0,0,0,0,0,0,0,0,0,0,0,0
"51159","5","541219","78","0","2016","4","-","Richmond County, Virginia","Private","NAICS 541219 Other accounting services","County, NAICS 6-digit -- by ownership sector","All establishment sizes",0,0,0,0,0,0,0,0,"N",0.00,0,0,0,0,0,0,0,"N",-1,-100.0,0,0,0,0,0,0,0,0,0,0,0,0,0,0
"51159","5","5413","76","0","2016","1","N","Richmond County, Virginia","Private","NAICS 5413 Architectural and engineering services","County, NAICS 4-digit -- by ownership sector","All establishment sizes",2,0,0,0,0,0,0,0,"N",0.65,0,0,0,0,0,0,0,"N",0,0.0,0,0,0,0,0,0,0,0,0,0,0,0,0,0
"51159","5","5413","76","0","2016","2","N","Richmond County, Virginia","Private","NAICS 5413 Architectural and engineering services","County, NAICS 4-digit -- by ownership sector","All establishment sizes",2,0,0,0,0,0,0,0,"N",0.65,0,0,0,0,0,0,0,"N",0,0.0,0,0,0,0,0,0,0,0,0,0,0,0,0,0
"51159","5","5413","76","0","2016","3","N","Richmond County, Virginia","Private","NAICS 5413 Architectural and engineering services","County, NAICS 4-digit -- by ownership sector","All establishment sizes",2,0,0,0,0,0,0,0,"N",0.65,0,0,0,0,0,0,0,"N",0,0.0,0,0,0,0,0,0,0,0,0,0,0,0,0,0
"51159","5","5413","76","0","2016","4","N","Richmond County, Virginia","Private","NAICS 5413 Architectural and engineering services","County, NAICS 4-digit -- by ownership sector","All establishment sizes",2,0,0,0,0,0,0,0,"N",0.68,0,0,0,0,0,0,0,"N",0,0.0,0,0,0,0,0,0,0,0,0,0,0,0,0,0
"51159","5","54133","77","0","2016","1","N","Richmond County, Virginia","Private","NAICS 54133 Engineering services","County, NAICS 5-digit -- by ownership sector","All establishment sizes",1,0,0,0,0,0,0,0,"N",0.59,0,0,0,0,0,0,0,"N",0,0.0,0,0,0,0,0,0,0,0,0,0,0,0,0,0
"51159","5","54133","77","0","2016","2","N","Richmond County, Virginia","Private","NAICS 54133 Engineering services","County, NAICS 5-digit -- by ownership sector","All establishment sizes",1,0,0,0,0,0,0,0,"N",0.59,0,0,0,0,0,0,0,"N",0,0.0,0,0,0,0,0,0,0,0,0,0,0,0,0,0
"51159","5","54133","77","0","2016","3","N","Richmond County, Virginia","Private","NAICS 54133 Engineering services","County, NAICS 5-digit -- by ownership sector","All establishment sizes",1,0,0,0,0,0,0,0,"N",0.59,0,0,0,0,0,0,0,"N",0,0.0,0,0,0,0,0,0,0,0,0,0,0,0,0,0
"51159","5","54133","77","0","2016","4","N","Richmond County, Virginia","Private","NAICS 54133 Engineering services","County, NAICS 5-digit -- by ownership sector","All establishment sizes",1,0,0,0,0,0,0,0,"N",0.61,0,0,0,0,0,0,0,"N",0,0.0,0,0,0,0,0,0,0,0,0,0,0,0,0,0
"51159","5","541330","78","0","2016","1","N","Richmond County, Virginia","Private","NAICS 541330 Engineering services","County, NAICS 6-digit -- by ownership sector","All establishment sizes",1,0,0,0,0,0,0,0,"N",0.59,0,0,0,0,0,0,0,"N",0,0.0,0,0,0,0,0,0,0,0,0,0,0,0,0,0
"51159","5","541330","78","0","2016","2","N","Richmond County, Virginia","Private","NAICS 541330 Engineering services","County, NAICS 6-digit -- by ownership sector","All establishment sizes",1,0,0,0,0,0,0,0,"N",0.59,0,0,0,0,0,0,0,"N",0,0.0,0,0,0,0,0,0,0,0,0,0,0,0,0,0
"51159","5","541330","78","0","2016","3","N","Richmond County, Virginia","Private","NAICS 541330 Engineering services","County, NAICS 6-digit -- by ownership sector","All establishment sizes",1,0,0,0,0,0,0,0,"N",0.59,0,0,0,0,0,0,0,"N",0,0.0,0,0,0,0,0,0,0,0,0,0,0,0,0,0
"51159","5","541330","78","0","2016","4","N","Richmond County, Virginia","Private","NAICS 541330 Engineering services","County, NAICS 6-digit -- by ownership sector","All establishment sizes",1,0,0,0,0,0,0,0,"N",0.61,0,0,0,0,0,0,0,"N",0,0.0,0,0,0,0,0,0,0,0,0,0,0,0,0,0
"51159","5","54137","77","0","2016","1","N","Richmond County, Virginia","Private","NAICS 54137 Other surveying and mapping services","County, NAICS 5-digit -- by ownership sector","All establishment sizes",1,0,0,0,0,0,0,0,"N",5.35,0,0,0,0,0,0,0,"N",0,0.0,0,0,0,0,0,0,0,0,0,0,0,0,0,0
"51159","5","54137","77","0","2016","2","N","Richmond County, Virginia","Private","NAICS 54137 Other surveying and mapping services","County, NAICS 5-digit -- by ownership sector","All establishment sizes",1,0,0,0,0,0,0,0,"N",5.41,0,0,0,0,0,0,0,"N",0,0.0,0,0,0,0,0,0,0,0,0,0,0,0,0,0
"51159","5","54137","77","0","2016","3","N","Richmond County, Virginia","Private","NAICS 54137 Other surveying and mapping services","County, NAICS 5-digit -- by ownership sector","All establishment sizes",1,0,0,0,0,0,0,0,"N",5.45,0,0,0,0,0,0,0,"N",0,0.0,0,0,0,0,0,0,0,0,0,0,0,0,0,0
"51159","5","54137","77","0","2016","4","N","Richmond County, Virginia","Private","NAICS 54137 Other surveying and mapping services","County, NAICS 5-digit -- by ownership sector","All establishment sizes",1,0,0,0,0,0,0,0,"N",5.69,0,0,0,0,0,0,0,"N",0,0.0,0,0,0,0,0,0,0,0,0,0,0,0,0,0
"51159","5","541370","78","0","2016","1","N","Richmond County, Virginia","Private","NAICS 541370 Other surveying and mapping services","County, NAICS 6-digit -- by ownership sector","All establishment sizes",1,0,0,0,0,0,0,0,"N",5.35,0,0,0,0,0,0,0,"N",0,0.0,0,0,0,0,0,0,0,0,0,0,0,0,0,0
"51159","5","541370","78","0","2016","2","N","Richmond County, Virginia","Private","NAICS 541370 Other surveying and mapping services","County, NAICS 6-digit -- by ownership sector","All establishment sizes",1,0,0,0,0,0,0,0,"N",5.41,0,0,0,0,0,0,0,"N",0,0.0,0,0,0,0,0,0,0,0,0,0,0,0,0,0
"51159","5","541370","78","0","2016","3","N","Richmond County, Virginia","Private","NAICS 541370 Other surveying and mapping services","County, NAICS 6-digit -- by ownership sector","All establishment sizes",1,0,0,0,0,0,0,0,"N",5.45,0,0,0,0,0,0,0,"N",0,0.0,0,0,0,0,0,0,0,0,0,0,0,0,0,0
"51159","5","541370","78","0","2016","4","N","Richmond County, Virginia","Private","NAICS 541370 Other surveying and mapping services","County, NAICS 6-digit -- by ownership sector","All establishment sizes",1,0,0,0,0,0,0,0,"N",5.69,0,0,0,0,0,0,0,"N",0,0.0,0,0,0,0,0,0,0,0,0,0,0,0,0,0
"51159","5","5414","76","0","2016","1","N","Richmond County, Virginia","Private","NAICS 5414 Specialized design services","County, NAICS 4-digit -- by ownership sector","All establishment sizes",2,0,0,0,0,0,0,0,"N",2.42,0,0,0,0,0,0,0,"N",0,0.0,0,0,0,0,0,0,0,0,0,0,0,0,0,0
"51159","5","5414","76","0","2016","2","N","Richmond County, Virginia","Private","NAICS 5414 Specialized design services","County, NAICS 4-digit -- by ownership sector","All establishment sizes",2,0,0,0,0,0,0,0,"N",2.43,0,0,0,0,0,0,0,"N",0,0.0,0,0,0,0,0,0,0,0,0,0,0,0,0,0
"51159","5","5414","76","0","2016","3","N","Richmond County, Virginia","Private","NAICS 5414 Specialized design services","County, NAICS 4-digit -- by ownership sector","All establishment sizes",2,0,0,0,0,0,0,0,"N",2.43,0,0,0,0,0,0,0,"N",0,0.0,0,0,0,0,0,0,0,0,0,0,0,0,0,0
"51159","5","5414","76","0","2016","4","N","Richmond County, Virginia","Private","NAICS 5414 Specialized design services","County, NAICS 4-digit -- by ownership sector","All establishment sizes",2,0,0,0,0,0,0,0,"N",2.52,0,0,0,0,0,0,0,"N",0,0.0,0,0,0,0,0,0,0,0,0,0,0,0,0,0
"51159","5","54143","77","0","2016","1","N","Richmond County, Virginia","Private","NAICS 54143 Graphic design services","County, NAICS 5-digit -- by ownership sector","All establishment sizes",2,0,0,0,0,0,0,0,"N",5.13,0,0,0,0,0,0,0,"N",0,0.0,0,0,0,0,0,0,0,0,0,0,0,0,0,0
"51159","5","54143","77","0","2016","2","N","Richmond County, Virginia","Private","NAICS 54143 Graphic design services","County, NAICS 5-digit -- by ownership sector","All establishment sizes",2,0,0,0,0,0,0,0,"N",5.17,0,0,0,0,0,0,0,"N",0,0.0,0,0,0,0,0,0,0,0,0,0,0,0,0,0
"51159","5","54143","77","0","2016","3","N","Richmond County, Virginia","Private","NAICS 54143 Graphic design services","County, NAICS 5-digit -- by ownership sector","All establishment sizes",2,0,0,0,0,0,0,0,"N",5.18,0,0,0,0,0,0,0,"N",0,0.0,0,0,0,0,0,0,0,0,0,0,0,0,0,0
"51159","5","54143","77","0","2016","4","N","Richmond County, Virginia","Private","NAICS 54143 Graphic design services","County, NAICS 5-digit -- by ownership sector","All establishment sizes",2,0,0,0,0,0,0,0,"N",5.38,0,0,0,0,0,0,0,"N",0,0.0,0,0,0,0,0,0,0,0,0,0,0,0,0,0
"51159","5","541430","78","0","2016","1","N","Richmond County, Virginia","Private","NAICS 541430 Graphic design services","County, NAICS 6-digit -- by ownership sector","All establishment sizes",2,0,0,0,0,0,0,0,"N",5.13,0,0,0,0,0,0,0,"N",0,0.0,0,0,0,0,0,0,0,0,0,0,0,0,0,0
"51159","5","541430","78","0","2016","2","N","Richmond County, Virginia","Private","NAICS 541430 Graphic design services","County, NAICS 6-digit -- by ownership sector","All establishment sizes",2,0,0,0,0,0,0,0,"N",5.17,0,0,0,0,0,0,0,"N",0,0.0,0,0,0,0,0,0,0,0,0,0,0,0,0,0
"51159","5","541430","78","0","2016","3","N","Richmond County, Virginia","Private","NAICS 541430 Graphic design services","County, NAICS 6-digit -- by ownership sector","All establishment sizes",2,0,0,0,0,0,0,0,"N",5.18,0,0,0,0,0,0,0,"N",0,0.0,0,0,0,0,0,0,0,0,0,0,0,0,0,0
"51159","5","541430","78","0","2016","4","N","Richmond County, Virginia","Private","NAICS 541430 Graphic design services","County, NAICS 6-digit -- by ownership sector","All establishment sizes",2,0,0,0,0,0,0,0,"N",5.38,0,0,0,0,0,0,0,"N",0,0.0,0,0,0,0,0,0,0,0,0,0,0,0,0,0
"51159","5","5415","76","0","2016","1","N","Richmond County, Virginia","Private","NAICS 5415 Computer systems design and related services","County, NAICS 4-digit -- by ownership sector","All establishment sizes",3,0,0,0,0,0,0,0,"N",0.51,0,0,0,0,0,0,0,"N",0,0.0,0,0,0,0,0,0,0,0,0,0,0,0,0,0
"51159","5","5415","76","0","2016","2","N","Richmond County, Virginia","Private","NAICS 5415 Computer systems design and related services","County, NAICS 4-digit -- by ownership sector","All establishment sizes",3,0,0,0,0,0,0,0,"N",0.51,0,0,0,0,0,0,0,"N",0,0.0,0,0,0,0,0,0,0,0,0,0,0,0,0,0
"51159","5","5415","76","0","2016","3","N","Richmond County, Virginia","Private","NAICS 5415 Computer systems design and related services","County, NAICS 4-digit -- by ownership sector","All establishment sizes",3,0,0,0,0,0,0,0,"N",0.51,0,0,0,0,0,0,0,"N",0,0.0,0,0,0,0,0,0,0,0,0,0,0,0,0,0
"51159","5","5415","76","0","2016","4","N","Richmond County, Virginia","Private","NAICS 5415 Computer systems design and related services","County, NAICS 4-digit -- by ownership sector","All establishment sizes",3,0,0,0,0,0,0,0,"N",0.52,0,0,0,0,0,0,0,"N",0,0.0,0,0,0,0,0,0,0,0,0,0,0,0,0,0
"51159","5","54151","77","0","2016","1","N","Richmond County, Virginia","Private","NAICS 54151 Computer systems design and related services","County, NAICS 5-digit -- by ownership sector","All establishment sizes",3,0,0,0,0,0,0,0,"N",0.51,0,0,0,0,0,0,0,"N",0,0.0,0,0,0,0,0,0,0,0,0,0,0,0,0,0
"51159","5","54151","77","0","2016","2","N","Richmond County, Virginia","Private","NAICS 54151 Computer systems design and related services","County, NAICS 5-digit -- by ownership sector","All establishment sizes",3,0,0,0,0,0,0,0,"N",0.51,0,0,0,0,0,0,0,"N",0,0.0,0,0,0,0,0,0,0,0,0,0,0,0,0,0
"51159","5","54151","77","0","2016","3","N","Richmond County, Virginia","Private","NAICS 54151 Computer systems design and related services","County, NAICS 5-digit -- by ownership sector","All establishment sizes",3,0,0,0,0,0,0,0,"N",0.51,0,0,0,0,0,0,0,"N",0,0.0,0,0,0,0,0,0,0,0,0,0,0,0,0,0
"51159","5","54151","77","0","2016","4","N","Richmond County, Virginia","Private","NAICS 54151 Computer systems design and related services","County, NAICS 5-digit -- by ownership sector","All establishment sizes",3,0,0,0,0,0,0,0,"N",0.52,0,0,0,0,0,0,0,"N",0,0.0,0,0,0,0,0,0,0,0,0,0,0,0,0,0
"51159","5","541511","78","0","2016","1","N","Richmond County, Virginia","Private","NAICS 541511 Custom computer programming services","County, NAICS 6-digit -- by ownership sector","All establishment sizes",1,0,0,0,0,0,0,0,"N",0.38,0,0,0,0,0,0,0,"N",0,0.0,0,0,0,0,0,0,0,0,0,0,0,0,0,0
"51159","5","541511","78","0","2016","2","N","Richmond County, Virginia","Private","NAICS 541511 Custom computer programming services","County, NAICS 6-digit -- by ownership sector","All establishment sizes",1,0,0,0,0,0,0,0,"N",0.38,0,0,0,0,0,0,0,"N",0,0.0,0,0,0,0,0,0,0,0,0,0,0,0,0,0
"51159","5","541511","78","0","2016","3","N","Richmond County, Virginia","Private","NAICS 541511 Custom computer programming services","County, NAICS 6-digit -- by ownership sector","All establishment sizes",1,0,0,0,0,0,0,0,"N",0.38,0,0,0,0,0,0,0,"N",0,0.0,0,0,0,0,0,0,0,0,0,0,0,0,0,0
"51159","5","541511","78","0","2016","4","N","Richmond County, Virginia","Private","NAICS 541511 Custom computer programming services","County, NAICS 6-digit -- by ownership sector","All establishment sizes",1,0,0,0,0,0,0,0,"N",0.39,0,0,0,0,0,0,0,"N",0,0.0,0,0,0,0,0,0,0,0,0,0,0,0,0,0
"51159","5","541512","78","0","2016","1","N","Richmond County, Virginia","Private","NAICS 541512 Computer systems design services","County, NAICS 6-digit -- by ownership sector","All establishment sizes",1,0,0,0,0,0,0,0,"N",0.36,0,0,0,0,0,0,0,"N",0,0.0,0,0,0,0,0,0,0,0,0,0,0,0,0,0
"51159","5","541512","78","0","2016","2","N","Richmond County, Virginia","Private","NAICS 541512 Computer systems design services","County, NAICS 6-digit -- by ownership sector","All establishment sizes",1,0,0,0,0,0,0,0,"N",0.36,0,0,0,0,0,0,0,"N",0,0.0,0,0,0,0,0,0,0,0,0,0,0,0,0,0
"51159","5","541512","78","0","2016","3","N","Richmond County, Virginia","Private","NAICS 541512 Computer systems design services","County, NAICS 6-digit -- by ownership sector","All establishment sizes",1,0,0,0,0,0,0,0,"N",0.36,0,0,0,0,0,0,0,"N",0,0.0,0,0,0,0,0,0,0,0,0,0,0,0,0,0
"51159","5","541512","78","0","2016","4","N","Richmond County, Virginia","Private","NAICS 541512 Computer systems design services","County, NAICS 6-digit -- by ownership sector","All establishment sizes",1,0,0,0,0,0,0,0,"N",0.37,0,0,0,0,0,0,0,"N",0,0.0,0,0,0,0,0,0,0,0,0,0,0,0,0,0
"51159","5","541513","78","0","2016","1","N","Richmond County, Virginia","Private","NAICS 541513 Computer facilities management services","County, NAICS 6-digit -- by ownership sector","All establishment sizes",1,0,0,0,0,0,0,0,"N",11.17,0,0,0,0,0,0,0,"N",0,0.0,0,0,0,0,0,0,0,0,0,0,0,0,0,0
"51159","5","541513","78","0","2016","2","N","Richmond County, Virginia","Private","NAICS 541513 Computer facilities management services","County, NAICS 6-digit -- by ownership sector","All establishment sizes",1,0,0,0,0,0,0,0,"N",11.29,0,0,0,0,0,0,0,"N",0,0.0,0,0,0,0,0,0,0,0,0,0,0,0,0,0
"51159","5","541513","78","0","2016","3","N","Richmond County, Virginia","Private","NAICS 541513 Computer facilities management services","County, NAICS 6-digit -- by ownership sector","All establishment sizes",1,0,0,0,0,0,0,0,"N",11.24,0,0,0,0,0,0,0,"N",0,0.0,0,0,0,0,0,0,0,0,0,0,0,0,0,0
"51159","5","541513","78","0","2016","4","N","Richmond County, Virginia","Private","NAICS 541513 Computer facilities management services","County, NAICS 6-digit -- by ownership sector","All establishment sizes",1,0,0,0,0,0,0,0,"N",11.60,0,0,0,0,0,0,0,"N",0,0.0,0,0,0,0,0,0,0,0,0,0,0,0,0,0
"51159","5","5416","76","0","2016","1","N","Richmond County, Virginia","Private","NAICS 5416 Management and technical consulting services","County, NAICS 4-digit -- by ownership sector","All establishment sizes",1,0,0,0,0,0,0,0,"N",0.17,0,0,0,0,0,0,0,"N",0,0.0,0,0,0,0,0,0,0,0,0,0,0,0,0,0
"51159","5","5416","76","0","2016","2","-","Richmond County, Virginia","Private","NAICS 5416 Management and technical consulting services","County, NAICS 4-digit -- by ownership sector","All establishment sizes",0,0,0,0,0,0,0,0,"N",0.00,0,0,0,0,0,0,0,"N",-1,-100.0,0,0,0,0,0,0,0,0,0,0,0,0,0,0
"51159","5","5416","76","0","2016","3","-","Richmond County, Virginia","Private","NAICS 5416 Management and technical consulting services","County, NAICS 4-digit -- by ownership sector","All establishment sizes",0,0,0,0,0,0,0,0,"N",0.00,0,0,0,0,0,0,0,"N",-1,-100.0,0,0,0,0,0,0,0,0,0,0,0,0,0,0
"51159","5","5416","76","0","2016","4","-","Richmond County, Virginia","Private","NAICS 5416 Management and technical consulting services","County, NAICS 4-digit -- by ownership sector","All establishment sizes",0,0,0,0,0,0,0,0,"N",0.00,0,0,0,0,0,0,0,"N",-1,-100.0,0,0,0,0,0,0,0,0,0,0,0,0,0,0
"51159","5","54161","77","0","2016","1","N","Richmond County, Virginia","Private","NAICS 54161 Management consulting services","County, NAICS 5-digit -- by ownership sector","All establishment sizes",1,0,0,0,0,0,0,0,"N",0.23,0,0,0,0,0,0,0,"N",0,0.0,0,0,0,0,0,0,0,0,0,0,0,0,0,0
"51159","5","54161","77","0","2016","2","-","Richmond County, Virginia","Private","NAICS 54161 Management consulting services","County, NAICS 5-digit -- by ownership sector","All establishment sizes",0,0,0,0,0,0,0,0,"N",0.00,0,0,0,0,0,0,0,"N",-1,-100.0,0,0,0,0,0,0,0,0,0,0,0,0,0,0
"51159","5","54161","77","0","2016","3","-","Richmond County, Virginia","Private","NAICS 54161 Management consulting services","County, NAICS 5-digit -- by ownership sector","All establishment sizes",0,0,0,0,0,0,0,0,"N",0.00,0,0,0,0,0,0,0,"N",-1,-100.0,0,0,0,0,0,0,0,0,0,0,0,0,0,0
"51159","5","54161","77","0","2016","4","-","Richmond County, Virginia","Private","NAICS 54161 Management consulting services","County, NAICS 5-digit -- by ownership sector","All establishment sizes",0,0,0,0,0,0,0,0,"N",0.00,0,0,0,0,0,0,0,"N",-1,-100.0,0,0,0,0,0,0,0,0,0,0,0,0,0,0
"51159","5","541613","78","0","2016","1","N","Richmond County, Virginia","Private","NAICS 541613 Marketing consulting services","County, NAICS 6-digit -- by ownership sector","All establishment sizes",1,0,0,0,0,0,0,0,"N",0.97,0,0,0,0,0,0,0,"N",0,0.0,0,0,0,0,0,0,0,0,0,0,0,0,0,0
"51159","5","541613","78","0","2016","2","-","Richmond County, Virginia","Private","NAICS 541613 Marketing consulting services","County, NAICS 6-digit -- by ownership sector","All establishment sizes",0,0,0,0,0,0,0,0,"N",0.00,0,0,0,0,0,0,0,"N",-1,-100.0,0,0,0,0,0,0,0,0,0,0,0,0,0,0
"51159","5","541613","78","0","2016","3","-","Richmond County, Virginia","Private","NAICS 541613 Marketing consulting services","County, NAICS 6-digit -- by ownership sector","All establishment sizes",0,0,0,0,0,0,0,0,"N",0.00,0,0,0,0,0,0,0,"N",-1,-100.0,0,0,0,0,0,0,0,0,0,0,0,0,0,0
"51159","5","541613","78","0","2016","4","-","Richmond County, Virginia","Private","NAICS 541613 Marketing consulting services","County, NAICS 6-digit -- by ownership sector","All establishment sizes",0,0,0,0,0,0,0,0,"N",0.00,0,0,0,0,0,0,0,"N",-1,-100.0,0,0,0,0,0,0,0,0,0,0,0,0,0,0
"51159","5","5419","76","0","2016","1","N","Richmond County, Virginia","Private","NAICS 5419 Other professional and technical services","County, NAICS 4-digit -- by ownership sector","All establishment sizes",2,0,0,0,0,0,0,0,"N",0.97,0,0,0,0,0,0,0,"N",1,100.0,0,0,0,0,0,0,0,0,0,0,0,0,0,0
"51159","5","5419","76","0","2016","2","N","Richmond County, Virginia","Private","NAICS 5419 Other professional and technical services","County, NAICS 4-digit -- by ownership sector","All establishment sizes",1,0,0,0,0,0,0,0,"N",0.48,0,0,0,0,0,0,0,"N",0,0.0,0,0,0,0,0,0,0,0,0,0,0,0,0,0
"51159","5","5419","76","0","2016","3","N","Richmond County, Virginia","Private","NAICS 5419 Other professional and technical services","County, NAICS 4-digit -- by ownership sector","All establishment sizes",1,0,0,0,0,0,0,0,"N",0.48,0,0,0,0,0,0,0,"N",-1,-50.0,0,0,0,0,0,0,0,0,0,0,0,0,0,0
"51159","5","5419","76","0","2016","4","N","Richmond County, Virginia","Private","NAICS 5419 Other professional and technical services","County, NAICS 4-digit -- by ownership sector","All establishment sizes",1,0,0,0,0,0,0,0,"N",0.49,0,0,0,0,0,0,0,"N",-1,-50.0,0,0,0,0,0,0,0,0,0,0,0,0,0,0
"51159","5","54194","77","0","2016","1","N","Richmond County, Virginia","Private","NAICS 54194 Veterinary services","County, NAICS 5-digit -- by ownership sector","All establishment sizes",1,0,0,0,0,0,0,0,"N",1.38,0,0,0,0,0,0,0,"N",0,0.0,0,0,0,0,0,0,0,0,0,0,0,0,0,0
"51159","5","54194","77","0","2016","2","N","Richmond County, Virginia","Private","NAICS 54194 Veterinary services","County, NAICS 5-digit -- by ownership sector","All establishment sizes",1,0,0,0,0,0,0,0,"N",1.39,0,0,0,0,0,0,0,"N",0,0.0,0,0,0,0,0,0,0,0,0,0,0,0,0,0
"51159","5","54194","77","0","2016","3","N","Richmond County, Virginia","Private","NAICS 54194 Veterinary services","County, NAICS 5-digit -- by ownership sector","All establishment sizes",1,0,0,0,0,0,0,0,"N",1.40,0,0,0,0,0,0,0,"N",0,0.0,0,0,0,0,0,0,0,0,0,0,0,0,0,0
"51159","5","54194","77","0","2016","4","N","Richmond County, Virginia","Private","NAICS 54194 Veterinary services","County, NAICS 5-digit -- by ownership sector","All establishment sizes",1,0,0,0,0,0,0,0,"N",1.46,0,0,0,0,0,0,0,"N",0,0.0,0,0,0,0,0,0,0,0,0,0,0,0,0,0
"51159","5","541940","78","0","2016","1","N","Richmond County, Virginia","Private","NAICS 541940 Veterinary services","County, NAICS 6-digit -- by ownership sector","All establishment sizes",1,0,0,0,0,0,0,0,"N",1.38,0,0,0,0,0,0,0,"N",0,0.0,0,0,0,0,0,0,0,0,0,0,0,0,0,0
"51159","5","541940","78","0","2016","2","N","Richmond County, Virginia","Private","NAICS 541940 Veterinary services","County, NAICS 6-digit -- by ownership sector","All establishment sizes",1,0,0,0,0,0,0,0,"N",1.39,0,0,0,0,0,0,0,"N",0,0.0,0,0,0,0,0,0,0,0,0,0,0,0,0,0
"51159","5","541940","78","0","2016","3","N","Richmond County, Virginia","Private","NAICS 541940 Veterinary services","County, NAICS 6-digit -- by ownership sector","All establishment sizes",1,0,0,0,0,0,0,0,"N",1.40,0,0,0,0,0,0,0,"N",0,0.0,0,0,0,0,0,0,0,0,0,0,0,0,0,0
"51159","5","541940","78","0","2016","4","N","Richmond County, Virginia","Private","NAICS 541940 Veterinary services","County, NAICS 6-digit -- by ownership sector","All establishment sizes",1,0,0,0,0,0,0,0,"N",1.46,0,0,0,0,0,0,0,"N",0,0.0,0,0,0,0,0,0,0,0,0,0,0,0,0,0
"51159","5","54199","77","0","2016","1","N","Richmond County, Virginia","Private","NAICS 54199 All other professional and technical services","County, NAICS 5-digit -- by ownership sector","All establishment sizes",1,0,0,0,0,0,0,0,"N",1.34,0,0,0,0,0,0,0,"N",1,100.0,0,0,0,0,0,0,0,0,0,0,0,0,0,0
"51159","5","54199","77","0","2016","2","-","Richmond County, Virginia","Private","NAICS 54199 All other professional and technical services","County, NAICS 5-digit -- by ownership sector","All establishment sizes",0,0,0,0,0,0,0,0,"N",0.00,0,0,0,0,0,0,0,"N",0,0.0,0,0,0,0,0,0,0,0,0,0,0,0,0,0
"51159","5","54199","77","0","2016","3","-","Richmond County, Virginia","Private","NAICS 54199 All other professional and technical services","County, NAICS 5-digit -- by ownership sector","All establishment sizes",0,0,0,0,0,0,0,0,"N",0.00,0,0,0,0,0,0,0,"N",-1,-100.0,0,0,0,0,0,0,0,0,0,0,0,0,0,0
"51159","5","54199","77","0","2016","4","-","Richmond County, Virginia","Private","NAICS 54199 All other professional and technical services","County, NAICS 5-digit -- by ownership sector","All establishment sizes",0,0,0,0,0,0,0,0,"N",0.00,0,0,0,0,0,0,0,"N",-1,-100.0,0,0,0,0,0,0,0,0,0,0,0,0,0,0
"51159","5","541990","78","0","2016","1","N","Richmond County, Virginia","Private","NAICS 541990 All other professional and technical services","County, NAICS 6-digit -- by ownership sector","All establishment sizes",1,0,0,0,0,0,0,0,"N",1.34,0,0,0,0,0,0,0,"N",1,100.0,0,0,0,0,0,0,0,0,0,0,0,0,0,0
"51159","5","541990","78","0","2016","2","-","Richmond County, Virginia","Private","NAICS 541990 All other professional and technical services","County, NAICS 6-digit -- by ownership sector","All establishment sizes",0,0,0,0,0,0,0,0,"N",0.00,0,0,0,0,0,0,0,"N",0,0.0,0,0,0,0,0,0,0,0,0,0,0,0,0,0
"51159","5","541990","78","0","2016","3","-","Richmond County, Virginia","Private","NAICS 541990 All other professional and technical services","County, NAICS 6-digit -- by ownership sector","All establishment sizes",0,0,0,0,0,0,0,0,"N",0.00,0,0,0,0,0,0,0,"N",-1,-100.0,0,0,0,0,0,0,0,0,0,0,0,0,0,0
"51159","5","541990","78","0","2016","4","-","Richmond County, Virginia","Private","NAICS 541990 All other professional and technical services","County, NAICS 6-digit -- by ownership sector","All establishment sizes",0,0,0,0,0,0,0,0,"N",0.00,0,0,0,0,0,0,0,"N",-1,-100.0,0,0,0,0,0,0,0,0,0,0,0,0,0,0
"51159","5","56","74","0","2016","1","","Richmond County, Virginia","Private","NAICS 56 Administrative and waste services","County, NAICS Sector -- by ownership sector","All establishment sizes",11,95,92,97,813074,593156,11355,661,"",0.89,0.55,0.53,0.55,0.77,0.86,0.97,1.42,"",4,57.1,17,21.8,11,13.6,5,5.4,-389444,-32.4,81146,15.8,4234,59.5,-445,-40.2
"51159","5","56","74","0","2016","2","","Richmond County, Virginia","Private","NAICS 56 Administrative and waste services","County, NAICS Sector -- by ownership sector","All establishment sizes",11,100,99,102,835977,242642,4404,641,"",0.89,0.55,0.55,0.55,0.70,0.77,0.69,1.28,"",4,57.1,11,12.4,3,3.1,1,1.0,-883535,-51.4,91030,60.0,895,25.5,-746,-53.8
"51159","5","56","74","0","2016","3","","Richmond County, Virginia","Private","NAICS 56 Administrative and waste services","County, NAICS Sector -- by ownership sector","All establishment sizes",11,95,100,96,880321,210827,4399,698,"",0.89,0.55,0.54,0.52,0.70,0.96,0.92,1.32,"",4,57.1,-4,-4.0,4,4.2,4,4.3,-227561,-20.5,113213,116.0,2168,97.2,-193,-21.7
"51159","5","56","74","0","2016","4","","Richmond County, Virginia","Private","NAICS 56 Administrative and waste services","County, NAICS Sector -- by ownership sector","All establishment sizes",11,107,98,97,817856,109748,2376,625,"",0.93,0.58,0.53,0.53,0.66,0.60,0.56,1.21,"",-1,-8.3,-5,-4.5,-17,-14.8,-16,-14.2,-502971,-38.1,-47283,-30.1,-1121,-32.1,-271,-30.2
"51159","5","561","75","0","2016","1","N","Richmond County, Virginia","Private","NAICS 561 Administrative and support services","County, NAICS 3-digit -- by ownership sector","All establishment sizes",9,0,0,0,0,0,0,0,"N",0.77,0,0,0,0,0,0,0,"N",4,80.0,0,0,0,0,0,0,0,0,0,0,0,0,0,0
"51159","5","561","75","0","2016","2","N","Richmond County, Virginia","Private","NAICS 561 Administrative and support services","County, NAICS 3-digit -- by ownership sector","All establishment sizes",9,0,0,0,0,0,0,0,"N",0.77,0,0,0,0,0,0,0,"N",4,80.0,0,0,0,0,0,0,0,0,0,0,0,0,0,0
"51159","5","561","75","0","2016","3","N","Richmond County, Virginia","Private","NAICS 561 Administrative and support services","County, NAICS 3-digit -- by ownership sector","All establishment sizes",9,0,0,0,0,0,0,0,"N",0.77,0,0,0,0,0,0,0,"N",4,80.0,0,0,0,0,0,0,0,0,0,0,0,0,0,0
"51159","5","561","75","0","2016","4","N","Richmond County, Virginia","Private","NAICS 561 Administrative and support services","County, NAICS 3-digit -- by ownership sector","All establishment sizes",9,0,0,0,0,0,0,0,"N",0.80,0,0,0,0,0,0,0,"N",-1,-10.0,0,0,0,0,0,0,0,0,0,0,0,0,0,0
"51159","5","5611","76","0","2016","1","N","Richmond County, Virginia","Private","NAICS 5611 Office administrative services","County, NAICS 4-digit -- by ownership sector","All establishment sizes",1,0,0,0,0,0,0,0,"N",0.88,0,0,0,0,0,0,0,"N",0,0.0,0,0,0,0,0,0,0,0,0,0,0,0,0,0
"51159","5","5611","76","0","2016","2","N","Richmond County, Virginia","Private","NAICS 5611 Office administrative services","County, NAICS 4-digit -- by ownership sector","All establishment sizes",1,0,0,0,0,0,0,0,"N",0.88,0,0,0,0,0,0,0,"N",0,0.0,0,0,0,0,0,0,0,0,0,0,0,0,0,0
"51159","5","5611","76","0","2016","3","N","Richmond County, Virginia","Private","NAICS 5611 Office administrative services","County, NAICS 4-digit -- by ownership sector","All establishment sizes",1,0,0,0,0,0,0,0,"N",0.88,0,0,0,0,0,0,0,"N",0,0.0,0,0,0,0,0,0,0,0,0,0,0,0,0,0
"51159","5","5611","76","0","2016","4","N","Richmond County, Virginia","Private","NAICS 5611 Office administrative services","County, NAICS 4-digit -- by ownership sector","All establishment sizes",1,0,0,0,0,0,0,0,"N",0.91,0,0,0,0,0,0,0,"N",0,0.0,0,0,0,0,0,0,0,0,0,0,0,0,0,0
"51159","5","56111","77","0","2016","1","N","Richmond County, Virginia","Private","NAICS 56111 Office administrative services","County, NAICS 5-digit -- by ownership sector","All establishment sizes",1,0,0,0,0,0,0,0,"N",0.88,0,0,0,0,0,0,0,"N",0,0.0,0,0,0,0,0,0,0,0,0,0,0,0,0,0
"51159","5","56111","77","0","2016","2","N","Richmond County, Virginia","Private","NAICS 56111 Office administrative services","County, NAICS 5-digit -- by ownership sector","All establishment sizes",1,0,0,0,0,0,0,0,"N",0.88,0,0,0,0,0,0,0,"N",0,0.0,0,0,0,0,0,0,0,0,0,0,0,0,0,0
"51159","5","56111","77","0","2016","3","N","Richmond County, Virginia","Private","NAICS 56111 Office administrative services","County, NAICS 5-digit -- by ownership sector","All establishment sizes",1,0,0,0,0,0,0,0,"N",0.88,0,0,0,0,0,0,0,"N",0,0.0,0,0,0,0,0,0,0,0,0,0,0,0,0,0
"51159","5","56111","77","0","2016","4","N","Richmond County, Virginia","Private","NAICS 56111 Office administrative services","County, NAICS 5-digit -- by ownership sector","All establishment sizes",1,0,0,0,0,0,0,0,"N",0.91,0,0,0,0,0,0,0,"N",0,0.0,0,0,0,0,0,0,0,0,0,0,0,0,0,0
"51159","5","561110","78","0","2016","1","N","Richmond County, Virginia","Private","NAICS 561110 Office administrative services","County, NAICS 6-digit -- by ownership sector","All establishment sizes",1,0,0,0,0,0,0,0,"N",0.88,0,0,0,0,0,0,0,"N",0,0.0,0,0,0,0,0,0,0,0,0,0,0,0,0,0
"51159","5","561110","78","0","2016","2","N","Richmond County, Virginia","Private","NAICS 561110 Office administrative services","County, NAICS 6-digit -- by ownership sector","All establishment sizes",1,0,0,0,0,0,0,0,"N",0.88,0,0,0,0,0,0,0,"N",0,0.0,0,0,0,0,0,0,0,0,0,0,0,0,0,0
"51159","5","561110","78","0","2016","3","N","Richmond County, Virginia","Private","NAICS 561110 Office administrative services","County, NAICS 6-digit -- by ownership sector","All establishment sizes",1,0,0,0,0,0,0,0,"N",0.88,0,0,0,0,0,0,0,"N",0,0.0,0,0,0,0,0,0,0,0,0,0,0,0,0,0
"51159","5","561110","78","0","2016","4","N","Richmond County, Virginia","Private","NAICS 561110 Office administrative services","County, NAICS 6-digit -- by ownership sector","All establishment sizes",1,0,0,0,0,0,0,0,"N",0.91,0,0,0,0,0,0,0,"N",0,0.0,0,0,0,0,0,0,0,0,0,0,0,0,0,0
"51159","5","5613","76","0","2016","1","N","Richmond County, Virginia","Private","NAICS 5613 Employment services","County, NAICS 4-digit -- by ownership sector","All establishment sizes",5,0,0,0,0,0,0,0,"N",2.13,0,0,0,0,0,0,0,"N",4,400.0,0,0,0,0,0,0,0,0,0,0,0,0,0,0
"51159","5","5613","76","0","2016","2","N","Richmond County, Virginia","Private","NAICS 5613 Employment services","County, NAICS 4-digit -- by ownership sector","All establishment sizes",5,0,0,0,0,0,0,0,"N",2.13,0,0,0,0,0,0,0,"N",4,400.0,0,0,0,0,0,0,0,0,0,0,0,0,0,0
"51159","5","5613","76","0","2016","3","N","Richmond County, Virginia","Private","NAICS 5613 Employment services","County, NAICS 4-digit -- by ownership sector","All establishment sizes",5,0,0,0,0,0,0,0,"N",2.11,0,0,0,0,0,0,0,"N",4,400.0,0,0,0,0,0,0,0,0,0,0,0,0,0,0
"51159","5","5613","76","0","2016","4","N","Richmond County, Virginia","Private","NAICS 5613 Employment services","County, NAICS 4-digit -- by ownership sector","All establishment sizes",5,0,0,0,0,0,0,0,"N",2.16,0,0,0,0,0,0,0,"N",0,0.0,0,0,0,0,0,0,0,0,0,0,0,0,0,0
"51159","5","56132","77","0","2016","1","N","Richmond County, Virginia","Private","NAICS 56132 Temporary help services","County, NAICS 5-digit -- by ownership sector","All establishment sizes",5,0,0,0,0,0,0,0,"N",3.24,0,0,0,0,0,0,0,"N",4,400.0,0,0,0,0,0,0,0,0,0,0,0,0,0,0
"51159","5","56132","77","0","2016","2","N","Richmond County, Virginia","Private","NAICS 56132 Temporary help services","County, NAICS 5-digit -- by ownership sector","All establishment sizes",5,0,0,0,0,0,0,0,"N",3.23,0,0,0,0,0,0,0,"N",4,400.0,0,0,0,0,0,0,0,0,0,0,0,0,0,0
"51159","5","56132","77","0","2016","3","N","Richmond County, Virginia","Private","NAICS 56132 Temporary help services","County, NAICS 5-digit -- by ownership sector","All establishment sizes",5,0,0,0,0,0,0,0,"N",3.19,0,0,0,0,0,0,0,"N",4,400.0,0,0,0,0,0,0,0,0,0,0,0,0,0,0
"51159","5","56132","77","0","2016","4","N","Richmond County, Virginia","Private","NAICS 56132 Temporary help services","County, NAICS 5-digit -- by ownership sector","All establishment sizes",5,0,0,0,0,0,0,0,"N",3.27,0,0,0,0,0,0,0,"N",0,0.0,0,0,0,0,0,0,0,0,0,0,0,0,0,0
"51159","5","561320","78","0","2016","1","N","Richmond County, Virginia","Private","NAICS 561320 Temporary help services","County, NAICS 6-digit -- by ownership sector","All establishment sizes",5,0,0,0,0,0,0,0,"N",3.24,0,0,0,0,0,0,0,"N",4,400.0,0,0,0,0,0,0,0,0,0,0,0,0,0,0
"51159","5","561320","78","0","2016","2","N","Richmond County, Virginia","Private","NAICS 561320 Temporary help services","County, NAICS 6-digit -- by ownership sector","All establishment sizes",5,0,0,0,0,0,0,0,"N",3.23,0,0,0,0,0,0,0,"N",4,400.0,0,0,0,0,0,0,0,0,0,0,0,0,0,0
"51159","5","561320","78","0","2016","3","N","Richmond County, Virginia","Private","NAICS 561320 Temporary help services","County, NAICS 6-digit -- by ownership sector","All establishment sizes",5,0,0,0,0,0,0,0,"N",3.19,0,0,0,0,0,0,0,"N",4,400.0,0,0,0,0,0,0,0,0,0,0,0,0,0,0
"51159","5","561320","78","0","2016","4","N","Richmond County, Virginia","Private","NAICS 561320 Temporary help services","County, NAICS 6-digit -- by ownership sector","All establishment sizes",5,0,0,0,0,0,0,0,"N",3.27,0,0,0,0,0,0,0,"N",0,0.0,0,0,0,0,0,0,0,0,0,0,0,0,0,0
"51159","5","5617","76","0","2016","1","N","Richmond County, Virginia","Private","NAICS 5617 Services to buildings and dwellings","County, NAICS 4-digit -- by ownership sector","All establishment sizes",2,0,0,0,0,0,0,0,"N",0.41,0,0,0,0,0,0,0,"N",1,100.0,0,0,0,0,0,0,0,0,0,0,0,0,0,0
"51159","5","5617","76","0","2016","2","N","Richmond County, Virginia","Private","NAICS 5617 Services to buildings and dwellings","County, NAICS 4-digit -- by ownership sector","All establishment sizes",2,0,0,0,0,0,0,0,"N",0.40,0,0,0,0,0,0,0,"N",1,100.0,0,0,0,0,0,0,0,0,0,0,0,0,0,0
"51159","5","5617","76","0","2016","3","N","Richmond County, Virginia","Private","NAICS 5617 Services to buildings and dwellings","County, NAICS 4-digit -- by ownership sector","All establishment sizes",2,0,0,0,0,0,0,0,"N",0.40,0,0,0,0,0,0,0,"N",1,100.0,0,0,0,0,0,0,0,0,0,0,0,0,0,0
"51159","5","5617","76","0","2016","4","N","Richmond County, Virginia","Private","NAICS 5617 Services to buildings and dwellings","County, NAICS 4-digit -- by ownership sector","All establishment sizes",2,0,0,0,0,0,0,0,"N",0.42,0,0,0,0,0,0,0,"N",0,0.0,0,0,0,0,0,0,0,0,0,0,0,0,0,0
"51159","5","56171","77","0","2016","1","N","Richmond County, Virginia","Private","NAICS 56171 Exterminating and pest control services","County, NAICS 5-digit -- by ownership sector","All establishment sizes",1,0,0,0,0,0,0,0,"N",3.02,0,0,0,0,0,0,0,"N",0,0.0,0,0,0,0,0,0,0,0,0,0,0,0,0,0
"51159","5","56171","77","0","2016","2","N","Richmond County, Virginia","Private","NAICS 56171 Exterminating and pest control services","County, NAICS 5-digit -- by ownership sector","All establishment sizes",1,0,0,0,0,0,0,0,"N",3.02,0,0,0,0,0,0,0,"N",0,0.0,0,0,0,0,0,0,0,0,0,0,0,0,0,0
"51159","5","56171","77","0","2016","3","N","Richmond County, Virginia","Private","NAICS 56171 Exterminating and pest control services","County, NAICS 5-digit -- by ownership sector","All establishment sizes",1,0,0,0,0,0,0,0,"N",3.03,0,0,0,0,0,0,0,"N",0,0.0,0,0,0,0,0,0,0,0,0,0,0,0,0,0
"51159","5","56171","77","0","2016","4","N","Richmond County, Virginia","Private","NAICS 56171 Exterminating and pest control services","County, NAICS 5-digit -- by ownership sector","All establishment sizes",1,0,0,0,0,0,0,0,"N",3.15,0,0,0,0,0,0,0,"N",0,0.0,0,0,0,0,0,0,0,0,0,0,0,0,0,0
"51159","5","561710","78","0","2016","1","N","Richmond County, Virginia","Private","NAICS 561710 Exterminating and pest control services","County, NAICS 6-digit -- by ownership sector","All establishment sizes",1,0,0,0,0,0,0,0,"N",3.02,0,0,0,0,0,0,0,"N",0,0.0,0,0,0,0,0,0,0,0,0,0,0,0,0,0
"51159","5","561710","78","0","2016","2","N","Richmond County, Virginia","Private","NAICS 561710 Exterminating and pest control services","County, NAICS 6-digit -- by ownership sector","All establishment sizes",1,0,0,0,0,0,0,0,"N",3.02,0,0,0,0,0,0,0,"N",0,0.0,0,0,0,0,0,0,0,0,0,0,0,0,0,0
"51159","5","561710","78","0","2016","3","N","Richmond County, Virginia","Private","NAICS 561710 Exterminating and pest control services","County, NAICS 6-digit -- by ownership sector","All establishment sizes",1,0,0,0,0,0,0,0,"N",3.03,0,0,0,0,0,0,0,"N",0,0.0,0,0,0,0,0,0,0,0,0,0,0,0,0,0
"51159","5","561710","78","0","2016","4","N","Richmond County, Virginia","Private","NAICS 561710 Exterminating and pest control services","County, NAICS 6-digit -- by ownership sector","All establishment sizes",1,0,0,0,0,0,0,0,"N",3.15,0,0,0,0,0,0,0,"N",0,0.0,0,0,0,0,0,0,0,0,0,0,0,0,0,0
"51159","5","56172","77","0","2016","1","N","Richmond County, Virginia","Private","NAICS 56172 Janitorial services","County, NAICS 5-digit -- by ownership sector","All establishment sizes",1,0,0,0,0,0,0,0,"N",0.62,0,0,0,0,0,0,0,"N",1,100.0,0,0,0,0,0,0,0,0,0,0,0,0,0,0
"51159","5","56172","77","0","2016","2","N","Richmond County, Virginia","Private","NAICS 56172 Janitorial services","County, NAICS 5-digit -- by ownership sector","All establishment sizes",1,0,0,0,0,0,0,0,"N",0.62,0,0,0,0,0,0,0,"N",1,100.0,0,0,0,0,0,0,0,0,0,0,0,0,0,0
"51159","5","56172","77","0","2016","3","N","Richmond County, Virginia","Private","NAICS 56172 Janitorial services","County, NAICS 5-digit -- by ownership sector","All establishment sizes",1,0,0,0,0,0,0,0,"N",0.62,0,0,0,0,0,0,0,"N",1,100.0,0,0,0,0,0,0,0,0,0,0,0,0,0,0
"51159","5","56172","77","0","2016","4","N","Richmond County, Virginia","Private","NAICS 56172 Janitorial services","County, NAICS 5-digit -- by ownership sector","All establishment sizes",1,0,0,0,0,0,0,0,"N",0.64,0,0,0,0,0,0,0,"N",0,0.0,0,0,0,0,0,0,0,0,0,0,0,0,0,0
"51159","5","561720","78","0","2016","1","N","Richmond County, Virginia","Private","NAICS 561720 Janitorial services","County, NAICS 6-digit -- by ownership sector","All establishment sizes",1,0,0,0,0,0,0,0,"N",0.62,0,0,0,0,0,0,0,"N",1,100.0,0,0,0,0,0,0,0,0,0,0,0,0,0,0
"51159","5","561720","78","0","2016","2","N","Richmond County, Virginia","Private","NAICS 561720 Janitorial services","County, NAICS 6-digit -- by ownership sector","All establishment sizes",1,0,0,0,0,0,0,0,"N",0.62,0,0,0,0,0,0,0,"N",1,100.0,0,0,0,0,0,0,0,0,0,0,0,0,0,0
"51159","5","561720","78","0","2016","3","N","Richmond County, Virginia","Private","NAICS 561720 Janitorial services","County, NAICS 6-digit -- by ownership sector","All establishment sizes",1,0,0,0,0,0,0,0,"N",0.62,0,0,0,0,0,0,0,"N",1,100.0,0,0,0,0,0,0,0,0,0,0,0,0,0,0
"51159","5","561720","78","0","2016","4","N","Richmond County, Virginia","Private","NAICS 561720 Janitorial services","County, NAICS 6-digit -- by ownership sector","All establishment sizes",1,0,0,0,0,0,0,0,"N",0.64,0,0,0,0,0,0,0,"N",0,0.0,0,0,0,0,0,0,0,0,0,0,0,0,0,0
"51159","5","5619","76","0","2016","1","N","Richmond County, Virginia","Private","NAICS 5619 Other support services","County, NAICS 4-digit -- by ownership sector","All establishment sizes",1,0,0,0,0,0,0,0,"N",1.55,0,0,0,0,0,0,0,"N",0,0.0,0,0,0,0,0,0,0,0,0,0,0,0,0,0
"51159","5","5619","76","0","2016","2","N","Richmond County, Virginia","Private","NAICS 5619 Other support services","County, NAICS 4-digit -- by ownership sector","All establishment sizes",1,0,0,0,0,0,0,0,"N",1.56,0,0,0,0,0,0,0,"N",0,0.0,0,0,0,0,0,0,0,0,0,0,0,0,0,0
"51159","5","5619","76","0","2016","3","N","Richmond County, Virginia","Private","NAICS 5619 Other support services","County, NAICS 4-digit -- by ownership sector","All establishment sizes",1,0,0,0,0,0,0,0,"N",1.57,0,0,0,0,0,0,0,"N",0,0.0,0,0,0,0,0,0,0,0,0,0,0,0,0,0
"51159","5","5619","76","0","2016","4","N","Richmond County, Virginia","Private","NAICS 5619 Other support services","County, NAICS 4-digit -- by ownership sector","All establishment sizes",1,0,0,0,0,0,0,0,"N",1.63,0,0,0,0,0,0,0,"N",0,0.0,0,0,0,0,0,0,0,0,0,0,0,0,0,0
"51159","5","56199","77","0","2016","1","N","Richmond County, Virginia","Private","NAICS 56199 All other support services","County, NAICS 5-digit -- by ownership sector","All establishment sizes",1,0,0,0,0,0,0,0,"N",2.09,0,0,0,0,0,0,0,"N",0,0.0,0,0,0,0,0,0,0,0,0,0,0,0,0,0
"51159","5","56199","77","0","2016","2","N","Richmond County, Virginia","Private","NAICS 56199 All other support services","County, NAICS 5-digit -- by ownership sector","All establishment sizes",1,0,0,0,0,0,0,0,"N",2.09,0,0,0,0,0,0,0,"N",0,0.0,0,0,0,0,0,0,0,0,0,0,0,0,0,0
"51159","5","56199","77","0","2016","3","N","Richmond County, Virginia","Private","NAICS 56199 All other support services","County, NAICS 5-digit -- by ownership sector","All establishment sizes",1,0,0,0,0,0,0,0,"N",2.10,0,0,0,0,0,0,0,"N",0,0.0,0,0,0,0,0,0,0,0,0,0,0,0,0,0
"51159","5","56199","77","0","2016","4","N","Richmond County, Virginia","Private","NAICS 56199 All other support services","County, NAICS 5-digit -- by ownership sector","All establishment sizes",1,0,0,0,0,0,0,0,"N",2.19,0,0,0,0,0,0,0,"N",0,0.0,0,0,0,0,0,0,0,0,0,0,0,0,0,0
"51159","5","561990","78","0","2016","1","N","Richmond County, Virginia","Private","NAICS 561990 All other support services","County, NAICS 6-digit -- by ownership sector","All establishment sizes",1,0,0,0,0,0,0,0,"N",2.09,0,0,0,0,0,0,0,"N",0,0.0,0,0,0,0,0,0,0,0,0,0,0,0,0,0
"51159","5","561990","78","0","2016","2","N","Richmond County, Virginia","Private","NAICS 561990 All other support services","County, NAICS 6-digit -- by ownership sector","All establishment sizes",1,0,0,0,0,0,0,0,"N",2.09,0,0,0,0,0,0,0,"N",0,0.0,0,0,0,0,0,0,0,0,0,0,0,0,0,0
"51159","5","561990","78","0","2016","3","N","Richmond County, Virginia","Private","NAICS 561990 All other support services","County, NAICS 6-digit -- by ownership sector","All establishment sizes",1,0,0,0,0,0,0,0,"N",2.10,0,0,0,0,0,0,0,"N",0,0.0,0,0,0,0,0,0,0,0,0,0,0,0,0,0
"51159","5","561990","78","0","2016","4","N","Richmond County, Virginia","Private","NAICS 561990 All other support services","County, NAICS 6-digit -- by ownership sector","All establishment sizes",1,0,0,0,0,0,0,0,"N",2.19,0,0,0,0,0,0,0,"N",0,0.0,0,0,0,0,0,0,0,0,0,0,0,0,0,0
"51159","5","562","75","0","2016","1","N","Richmond County, Virginia","Private","NAICS 562 Waste management and remediation services","County, NAICS 3-digit -- by ownership sector","All establishment sizes",2,0,0,0,0,0,0,0,"N",3.08,0,0,0,0,0,0,0,"N",0,0.0,0,0,0,0,0,0,0,0,0,0,0,0,0,0
"51159","5","562","75","0","2016","2","N","Richmond County, Virginia","Private","NAICS 562 Waste management and remediation services","County, NAICS 3-digit -- by ownership sector","All establishment sizes",2,0,0,0,0,0,0,0,"N",3.12,0,0,0,0,0,0,0,"N",0,0.0,0,0,0,0,0,0,0,0,0,0,0,0,0,0
"51159","5","562","75","0","2016","3","N","Richmond County, Virginia","Private","NAICS 562 Waste management and remediation services","County, NAICS 3-digit -- by ownership sector","All establishment sizes",2,0,0,0,0,0,0,0,"N",3.13,0,0,0,0,0,0,0,"N",0,0.0,0,0,0,0,0,0,0,0,0,0,0,0,0,0
"51159","5","562","75","0","2016","4","N","Richmond County, Virginia","Private","NAICS 562 Waste management and remediation services","County, NAICS 3-digit -- by ownership sector","All establishment sizes",2,0,0,0,0,0,0,0,"N",3.26,0,0,0,0,0,0,0,"N",0,0.0,0,0,0,0,0,0,0,0,0,0,0,0,0,0
"51159","5","5621","76","0","2016","1","N","Richmond County, Virginia","Private","NAICS 5621 Waste collection","County, NAICS 4-digit -- by ownership sector","All establishment sizes",1,0,0,0,0,0,0,0,"N",3.89,0,0,0,0,0,0,0,"N",0,0.0,0,0,0,0,0,0,0,0,0,0,0,0,0,0
"51159","5","5621","76","0","2016","2","N","Richmond County, Virginia","Private","NAICS 5621 Waste collection","County, NAICS 4-digit -- by ownership sector","All establishment sizes",1,0,0,0,0,0,0,0,"N",3.92,0,0,0,0,0,0,0,"N",0,0.0,0,0,0,0,0,0,0,0,0,0,0,0,0,0
"51159","5","5621","76","0","2016","3","N","Richmond County, Virginia","Private","NAICS 5621 Waste collection","County, NAICS 4-digit -- by ownership sector","All establishment sizes",1,0,0,0,0,0,0,0,"N",3.95,0,0,0,0,0,0,0,"N",0,0.0,0,0,0,0,0,0,0,0,0,0,0,0,0,0
"51159","5","5621","76","0","2016","4","N","Richmond County, Virginia","Private","NAICS 5621 Waste collection","County, NAICS 4-digit -- by ownership sector","All establishment sizes",1,0,0,0,0,0,0,0,"N",4.12,0,0,0,0,0,0,0,"N",0,0.0,0,0,0,0,0,0,0,0,0,0,0,0,0,0
"51159","5","56211","77","0","2016","1","N","Richmond County, Virginia","Private","NAICS 56211 Waste collection","County, NAICS 5-digit -- by ownership sector","All establishment sizes",1,0,0,0,0,0,0,0,"N",3.89,0,0,0,0,0,0,0,"N",0,0.0,0,0,0,0,0,0,0,0,0,0,0,0,0,0
"51159","5","56211","77","0","2016","2","N","Richmond County, Virginia","Private","NAICS 56211 Waste collection","County, NAICS 5-digit -- by ownership sector","All establishment sizes",1,0,0,0,0,0,0,0,"N",3.92,0,0,0,0,0,0,0,"N",0,0.0,0,0,0,0,0,0,0,0,0,0,0,0,0,0
"51159","5","56211","77","0","2016","3","N","Richmond County, Virginia","Private","NAICS 56211 Waste collection","County, NAICS 5-digit -- by ownership sector","All establishment sizes",1,0,0,0,0,0,0,0,"N",3.95,0,0,0,0,0,0,0,"N",0,0.0,0,0,0,0,0,0,0,0,0,0,0,0,0,0
"51159","5","56211","77","0","2016","4","N","Richmond County, Virginia","Private","NAICS 56211 Waste collection","County, NAICS 5-digit -- by ownership sector","All establishment sizes",1,0,0,0,0,0,0,0,"N",4.12,0,0,0,0,0,0,0,"N",0,0.0,0,0,0,0,0,0,0,0,0,0,0,0,0,0
"51159","5","562111","78","0","2016","1","N","Richmond County, Virginia","Private","NAICS 562111 Solid waste collection","County, NAICS 6-digit -- by ownership sector","All establishment sizes",1,0,0,0,0,0,0,0,"N",4.76,0,0,0,0,0,0,0,"N",0,0.0,0,0,0,0,0,0,0,0,0,0,0,0,0,0
"51159","5","562111","78","0","2016","2","N","Richmond County, Virginia","Private","NAICS 562111 Solid waste collection","County, NAICS 6-digit -- by ownership sector","All establishment sizes",1,0,0,0,0,0,0,0,"N",4.82,0,0,0,0,0,0,0,"N",0,0.0,0,0,0,0,0,0,0,0,0,0,0,0,0,0
"51159","5","562111","78","0","2016","3","N","Richmond County, Virginia","Private","NAICS 562111 Solid waste collection","County, NAICS 6-digit -- by ownership sector","All establishment sizes",1,0,0,0,0,0,0,0,"N",4.85,0,0,0,0,0,0,0,"N",0,0.0,0,0,0,0,0,0,0,0,0,0,0,0,0,0
"51159","5","562111","78","0","2016","4","N","Richmond County, Virginia","Private","NAICS 562111 Solid waste collection","County, NAICS 6-digit -- by ownership sector","All establishment sizes",1,0,0,0,0,0,0,0,"N",5.06,0,0,0,0,0,0,0,"N",0,0.0,0,0,0,0,0,0,0,0,0,0,0,0,0,0
"51159","5","5629","76","0","2016","1","N","Richmond County, Virginia","Private","NAICS 5629 Remediation and other waste services","County, NAICS 4-digit -- by ownership sector","All establishment sizes",1,0,0,0,0,0,0,0,"N",3.34,0,0,0,0,0,0,0,"N",0,0.0,0,0,0,0,0,0,0,0,0,0,0,0,0,0
"51159","5","5629","76","0","2016","2","N","Richmond County, Virginia","Private","NAICS 5629 Remediation and other waste services","County, NAICS 4-digit -- by ownership sector","All establishment sizes",1,0,0,0,0,0,0,0,"N",3.37,0,0,0,0,0,0,0,"N",0,0.0,0,0,0,0,0,0,0,0,0,0,0,0,0,0
"51159","5","5629","76","0","2016","3","N","Richmond County, Virginia","Private","NAICS 5629 Remediation and other waste services","County, NAICS 4-digit -- by ownership sector","All establishment sizes",1,0,0,0,0,0,0,0,"N",3.38,0,0,0,0,0,0,0,"N",0,0.0,0,0,0,0,0,0,0,0,0,0,0,0,0,0
"51159","5","5629","76","0","2016","4","N","Richmond County, Virginia","Private","NAICS 5629 Remediation and other waste services","County, NAICS 4-digit -- by ownership sector","All establishment sizes",1,0,0,0,0,0,0,0,"N",3.52,0,0,0,0,0,0,0,"N",0,0.0,0,0,0,0,0,0,0,0,0,0,0,0,0,0
"51159","5","56292","77","0","2016","1","N","Richmond County, Virginia","Private","NAICS 56292 Materials recovery facilities","County, NAICS 5-digit -- by ownership sector","All establishment sizes",1,0,0,0,0,0,0,0,"N",34.86,0,0,0,0,0,0,0,"N",0,0.0,0,0,0,0,0,0,0,0,0,0,0,0,0,0
"51159","5","56292","77","0","2016","2","N","Richmond County, Virginia","Private","NAICS 56292 Materials recovery facilities","County, NAICS 5-digit -- by ownership sector","All establishment sizes",1,0,0,0,0,0,0,0,"N",35.86,0,0,0,0,0,0,0,"N",0,0.0,0,0,0,0,0,0,0,0,0,0,0,0,0,0
"51159","5","56292","77","0","2016","3","N","Richmond County, Virginia","Private","NAICS 56292 Materials recovery facilities","County, NAICS 5-digit -- by ownership sector","All establishment sizes",1,0,0,0,0,0,0,0,"N",36.49,0,0,0,0,0,0,0,"N",0,0.0,0,0,0,0,0,0,0,0,0,0,0,0,0,0
"51159","5","56292","77","0","2016","4","N","Richmond County, Virginia","Private","NAICS 56292 Materials recovery facilities","County, NAICS 5-digit -- by ownership sector","All establishment sizes",1,0,0,0,0,0,0,0,"N",37.91,0,0,0,0,0,0,0,"N",0,0.0,0,0,0,0,0,0,0,0,0,0,0,0,0,0
"51159","5","562920","78","0","2016","1","N","Richmond County, Virginia","Private","NAICS 562920 Materials recovery facilities","County, NAICS 6-digit -- by ownership sector","All establishment sizes",1,0,0,0,0,0,0,0,"N",34.86,0,0,0,0,0,0,0,"N",0,0.0,0,0,0,0,0,0,0,0,0,0,0,0,0,0
"51159","5","562920","78","0","2016","2","N","Richmond County, Virginia","Private","NAICS 562920 Materials recovery facilities","County, NAICS 6-digit -- by ownership sector","All establishment sizes",1,0,0,0,0,0,0,0,"N",35.86,0,0,0,0,0,0,0,"N",0,0.0,0,0,0,0,0,0,0,0,0,0,0,0,0,0
"51159","5","562920","78","0","2016","3","N","Richmond County, Virginia","Private","NAICS 562920 Materials recovery facilities","County, NAICS 6-digit -- by ownership sector","All establishment sizes",1,0,0,0,0,0,0,0,"N",36.49,0,0,0,0,0,0,0,"N",0,0.0,0,0,0,0,0,0,0,0,0,0,0,0,0,0
"51159","5","562920","78","0","2016","4","N","Richmond County, Virginia","Private","NAICS 562920 Materials recovery facilities","County, NAICS 6-digit -- by ownership sector","All establishment sizes",1,0,0,0,0,0,0,0,"N",37.91,0,0,0,0,0,0,0,"N",0,0.0,0,0,0,0,0,0,0,0,0,0,0,0,0,0
"51159","5","61","74","0","2016","1","N","Richmond County, Virginia","Private","NAICS 61 Educational services","County, NAICS Sector -- by ownership sector","All establishment sizes",1,0,0,0,0,0,0,0,"N",0.37,0,0,0,0,0,0,0,"N",-1,-50.0,0,0,0,0,0,0,0,0,0,0,0,0,0,0
"51159","5","61","74","0","2016","2","N","Richmond County, Virginia","Private","NAICS 61 Educational services","County, NAICS Sector -- by ownership sector","All establishment sizes",1,0,0,0,0,0,0,0,"N",0.37,0,0,0,0,0,0,0,"N",-1,-50.0,0,0,0,0,0,0,0,0,0,0,0,0,0,0
"51159","5","61","74","0","2016","3","N","Richmond County, Virginia","Private","NAICS 61 Educational services","County, NAICS Sector -- by ownership sector","All establishment sizes",1,0,0,0,0,0,0,0,"N",0.37,0,0,0,0,0,0,0,"N",-1,-50.0,0,0,0,0,0,0,0,0,0,0,0,0,0,0
"51159","5","61","74","0","2016","4","N","Richmond County, Virginia","Private","NAICS 61 Educational services","County, NAICS Sector -- by ownership sector","All establishment sizes",1,0,0,0,0,0,0,0,"N",0.39,0,0,0,0,0,0,0,"N",-1,-50.0,0,0,0,0,0,0,0,0,0,0,0,0,0,0
"51159","5","611","75","0","2016","1","N","Richmond County, Virginia","Private","NAICS 611 Educational services","County, NAICS 3-digit -- by ownership sector","All establishment sizes",1,0,0,0,0,0,0,0,"N",0.37,0,0,0,0,0,0,0,"N",-1,-50.0,0,0,0,0,0,0,0,0,0,0,0,0,0,0
"51159","5","611","75","0","2016","2","N","Richmond County, Virginia","Private","NAICS 611 Educational services","County, NAICS 3-digit -- by ownership sector","All establishment sizes",1,0,0,0,0,0,0,0,"N",0.37,0,0,0,0,0,0,0,"N",-1,-50.0,0,0,0,0,0,0,0,0,0,0,0,0,0,0
"51159","5","611","75","0","2016","3","N","Richmond County, Virginia","Private","NAICS 611 Educational services","County, NAICS 3-digit -- by ownership sector","All establishment sizes",1,0,0,0,0,0,0,0,"N",0.37,0,0,0,0,0,0,0,"N",-1,-50.0,0,0,0,0,0,0,0,0,0,0,0,0,0,0
"51159","5","611","75","0","2016","4","N","Richmond County, Virginia","Private","NAICS 611 Educational services","County, NAICS 3-digit -- by ownership sector","All establishment sizes",1,0,0,0,0,0,0,0,"N",0.39,0,0,0,0,0,0,0,"N",-1,-50.0,0,0,0,0,0,0,0,0,0,0,0,0,0,0
"51159","5","6111","76","0","2016","1","N","Richmond County, Virginia","Private","NAICS 6111 Elementary and secondary schools","County, NAICS 4-digit -- by ownership sector","All establishment sizes",1,0,0,0,0,0,0,0,"N",2.40,0,0,0,0,0,0,0,"N",-1,-50.0,0,0,0,0,0,0,0,0,0,0,0,0,0,0
"51159","5","6111","76","0","2016","2","N","Richmond County, Virginia","Private","NAICS 6111 Elementary and secondary schools","County, NAICS 4-digit -- by ownership sector","All establishment sizes",1,0,0,0,0,0,0,0,"N",2.42,0,0,0,0,0,0,0,"N",-1,-50.0,0,0,0,0,0,0,0,0,0,0,0,0,0,0
"51159","5","6111","76","0","2016","3","N","Richmond County, Virginia","Private","NAICS 6111 Elementary and secondary schools","County, NAICS 4-digit -- by ownership sector","All establishment sizes",1,0,0,0,0,0,0,0,"N",2.41,0,0,0,0,0,0,0,"N",-1,-50.0,0,0,0,0,0,0,0,0,0,0,0,0,0,0
"51159","5","6111","76","0","2016","4","N","Richmond County, Virginia","Private","NAICS 6111 Elementary and secondary schools","County, NAICS 4-digit -- by ownership sector","All establishment sizes",1,0,0,0,0,0,0,0,"N",2.52,0,0,0,0,0,0,0,"N",-1,-50.0,0,0,0,0,0,0,0,0,0,0,0,0,0,0
"51159","5","61111","77","0","2016","1","N","Richmond County, Virginia","Private","NAICS 61111 Elementary and secondary schools","County, NAICS 5-digit -- by ownership sector","All establishment sizes",1,0,0,0,0,0,0,0,"N",2.40,0,0,0,0,0,0,0,"N",-1,-50.0,0,0,0,0,0,0,0,0,0,0,0,0,0,0
"51159","5","61111","77","0","2016","2","N","Richmond County, Virginia","Private","NAICS 61111 Elementary and secondary schools","County, NAICS 5-digit -- by ownership sector","All establishment sizes",1,0,0,0,0,0,0,0,"N",2.42,0,0,0,0,0,0,0,"N",-1,-50.0,0,0,0,0,0,0,0,0,0,0,0,0,0,0
"51159","5","61111","77","0","2016","3","N","Richmond County, Virginia","Private","NAICS 61111 Elementary and secondary schools","County, NAICS 5-digit -- by ownership sector","All establishment sizes",1,0,0,0,0,0,0,0,"N",2.41,0,0,0,0,0,0,0,"N",-1,-50.0,0,0,0,0,0,0,0,0,0,0,0,0,0,0
"51159","5","61111","77","0","2016","4","N","Richmond County, Virginia","Private","NAICS 61111 Elementary and secondary schools","County, NAICS 5-digit -- by ownership sector","All establishment sizes",1,0,0,0,0,0,0,0,"N",2.52,0,0,0,0,0,0,0,"N",-1,-50.0,0,0,0,0,0,0,0,0,0,0,0,0,0,0
"51159","5","611110","78","0","2016","1","N","Richmond County, Virginia","Private","NAICS 611110 Elementary and secondary schools","County, NAICS 6-digit -- by ownership sector","All establishment sizes",1,0,0,0,0,0,0,0,"N",2.40,0,0,0,0,0,0,0,"N",-1,-50.0,0,0,0,0,0,0,0,0,0,0,0,0,0,0
"51159","5","611110","78","0","2016","2","N","Richmond County, Virginia","Private","NAICS 611110 Elementary and secondary schools","County, NAICS 6-digit -- by ownership sector","All establishment sizes",1,0,0,0,0,0,0,0,"N",2.42,0,0,0,0,0,0,0,"N",-1,-50.0,0,0,0,0,0,0,0,0,0,0,0,0,0,0
"51159","5","611110","78","0","2016","3","N","Richmond County, Virginia","Private","NAICS 611110 Elementary and secondary schools","County, NAICS 6-digit -- by ownership sector","All establishment sizes",1,0,0,0,0,0,0,0,"N",2.41,0,0,0,0,0,0,0,"N",-1,-50.0,0,0,0,0,0,0,0,0,0,0,0,0,0,0
"51159","5","611110","78","0","2016","4","N","Richmond County, Virginia","Private","NAICS 611110 Elementary and secondary schools","County, NAICS 6-digit -- by ownership sector","All establishment sizes",1,0,0,0,0,0,0,0,"N",2.52,0,0,0,0,0,0,0,"N",-1,-50.0,0,0,0,0,0,0,0,0,0,0,0,0,0,0
"51159","5","62","74","0","2016","1","N","Richmond County, Virginia","Private","NAICS 62 Health care and social assistance","County, NAICS Sector -- by ownership sector","All establishment sizes",28,0,0,0,0,0,0,0,"N",0.81,0,0,0,0,0,0,0,"N",3,12.0,0,0,0,0,0,0,0,0,0,0,0,0,0,0
"51159","5","62","74","0","2016","2","N","Richmond County, Virginia","Private","NAICS 62 Health care and social assistance","County, NAICS Sector -- by ownership sector","All establishment sizes",29,0,0,0,0,0,0,0,"N",0.84,0,0,0,0,0,0,0,"N",4,16.0,0,0,0,0,0,0,0,0,0,0,0,0,0,0
"51159","5","62","74","0","2016","3","N","Richmond County, Virginia","Private","NAICS 62 Health care and social assistance","County, NAICS Sector -- by ownership sector","All establishment sizes",28,0,0,0,0,0,0,0,"N",0.82,0,0,0,0,0,0,0,"N",3,12.0,0,0,0,0,0,0,0,0,0,0,0,0,0,0
"51159","5","62","74","0","2016","4","N","Richmond County, Virginia","Private","NAICS 62 Health care and social assistance","County, NAICS Sector -- by ownership sector","All establishment sizes",25,0,0,0,0,0,0,0,"N",0.75,0,0,0,0,0,0,0,"N",0,0.0,0,0,0,0,0,0,0,0,0,0,0,0,0,0
"51159","5","621","75","0","2016","1","","Richmond County, Virginia","Private","NAICS 621 Ambulatory health care services","County, NAICS 3-digit -- by ownership sector","All establishment sizes",7,111,107,104,624789,472960,5216,448,"",0.51,0.80,0.76,0.73,0.50,0.84,0.87,0.65,"",-2,-22.2,-1,-0.9,-4,-3.6,-7,-6.3,33181,5.6,4764,1.0,-2088,-28.6,39,9.5
"51159","5","621","75","0","2016","2","","Richmond County, Virginia","Private","NAICS 621 Ambulatory health care services","County, NAICS 3-digit -- by ownership sector","All establishment sizes",7,107,101,107,644060,237854,1601,472,"",0.51,0.75,0.71,0.74,0.44,1.36,0.76,0.60,"",-1,-12.5,5,4.9,-7,-6.5,-8,-7.0,17244,2.8,-59306,-20.0,-2751,-63.2,27,6.1
"51159","5","621","75","0","2016","3","","Richmond County, Virginia","Private","NAICS 621 Ambulatory health care services","County, NAICS 3-digit -- by ownership sector","All establishment sizes",6,102,104,97,672552,153705,832,512,"",0.44,0.75,0.72,0.68,0.44,1.49,0.63,0.61,"",-1,-14.3,-5,-4.7,0,0.0,-8,-7.6,-75854,-10.1,-8638,-5.3,-1352,-61.9,-35,-6.4
"51159","5","621","75","0","2016","4","","Richmond County, Virginia","Private","NAICS 621 Ambulatory health care services","County, NAICS 3-digit -- by ownership sector","All establishment sizes",6,98,98,101,701883,118490,902,545,"",0.46,0.68,0.69,0.70,0.44,1.48,0.80,0.63,"",-1,-14.3,-8,-7.5,-9,-8.4,-12,-10.6,-35825,-4.9,28879,32.2,-68,-7.0,23,4.4
"51159","5","6212","76","0","2016","1","N","Richmond County, Virginia","Private","NAICS 6212 Offices of dentists","County, NAICS 4-digit -- by ownership sector","All establishment sizes",2,0,0,0,0,0,0,0,"N",0.65,0,0,0,0,0,0,0,"N",-1,-33.3,0,0,0,0,0,0,0,0,0,0,0,0,0,0
"51159","5","6212","76","0","2016","2","N","Richmond County, Virginia","Private","NAICS 6212 Offices of dentists","County, NAICS 4-digit -- by ownership sector","All establishment sizes",2,0,0,0,0,0,0,0,"N",0.66,0,0,0,0,0,0,0,"N",0,0.0,0,0,0,0,0,0,0,0,0,0,0,0,0,0
"51159","5","6212","76","0","2016","3","N","Richmond County, Virginia","Private","NAICS 6212 Offices of dentists","County, NAICS 4-digit -- by ownership sector","All establishment sizes",2,0,0,0,0,0,0,0,"N",0.66,0,0,0,0,0,0,0,"N",0,0.0,0,0,0,0,0,0,0,0,0,0,0,0,0,0
"51159","5","6212","76","0","2016","4","N","Richmond County, Virginia","Private","NAICS 6212 Offices of dentists","County, NAICS 4-digit -- by ownership sector","All establishment sizes",2,0,0,0,0,0,0,0,"N",0.69,0,0,0,0,0,0,0,"N",0,0.0,0,0,0,0,0,0,0,0,0,0,0,0,0,0
"51159","5","62121","77","0","2016","1","N","Richmond County, Virginia","Private","NAICS 62121 Offices of dentists","County, NAICS 5-digit -- by ownership sector","All establishment sizes",2,0,0,0,0,0,0,0,"N",0.65,0,0,0,0,0,0,0,"N",-1,-33.3,0,0,0,0,0,0,0,0,0,0,0,0,0,0
"51159","5","62121","77","0","2016","2","N","Richmond County, Virginia","Private","NAICS 62121 Offices of dentists","County, NAICS 5-digit -- by ownership sector","All establishment sizes",2,0,0,0,0,0,0,0,"N",0.66,0,0,0,0,0,0,0,"N",0,0.0,0,0,0,0,0,0,0,0,0,0,0,0,0,0
"51159","5","62121","77","0","2016","3","N","Richmond County, Virginia","Private","NAICS 62121 Offices of dentists","County, NAICS 5-digit -- by ownership sector","All establishment sizes",2,0,0,0,0,0,0,0,"N",0.66,0,0,0,0,0,0,0,"N",0,0.0,0,0,0,0,0,0,0,0,0,0,0,0,0,0
"51159","5","62121","77","0","2016","4","N","Richmond County, Virginia","Private","NAICS 62121 Offices of dentists","County, NAICS 5-digit -- by ownership sector","All establishment sizes",2,0,0,0,0,0,0,0,"N",0.69,0,0,0,0,0,0,0,"N",0,0.0,0,0,0,0,0,0,0,0,0,0,0,0,0,0
"51159","5","621210","78","0","2016","1","N","Richmond County, Virginia","Private","NAICS 621210 Offices of dentists","County, NAICS 6-digit -- by ownership sector","All establishment sizes",2,0,0,0,0,0,0,0,"N",0.65,0,0,0,0,0,0,0,"N",-1,-33.3,0,0,0,0,0,0,0,0,0,0,0,0,0,0
"51159","5","621210","78","0","2016","2","N","Richmond County, Virginia","Private","NAICS 621210 Offices of dentists","County, NAICS 6-digit -- by ownership sector","All establishment sizes",2,0,0,0,0,0,0,0,"N",0.66,0,0,0,0,0,0,0,"N",0,0.0,0,0,0,0,0,0,0,0,0,0,0,0,0,0
"51159","5","621210","78","0","2016","3","N","Richmond County, Virginia","Private","NAICS 621210 Offices of dentists","County, NAICS 6-digit -- by ownership sector","All establishment sizes",2,0,0,0,0,0,0,0,"N",0.66,0,0,0,0,0,0,0,"N",0,0.0,0,0,0,0,0,0,0,0,0,0,0,0,0,0
"51159","5","621210","78","0","2016","4","N","Richmond County, Virginia","Private","NAICS 621210 Offices of dentists","County, NAICS 6-digit -- by ownership sector","All establishment sizes",2,0,0,0,0,0,0,0,"N",0.69,0,0,0,0,0,0,0,"N",0,0.0,0,0,0,0,0,0,0,0,0,0,0,0,0,0
"51159","5","6213","76","0","2016","1","N","Richmond County, Virginia","Private","NAICS 6213 Offices of other health practitioners","County, NAICS 4-digit -- by ownership sector","All establishment sizes",1,0,0,0,0,0,0,0,"N",0.31,0,0,0,0,0,0,0,"N",0,0.0,0,0,0,0,0,0,0,0,0,0,0,0,0,0
"51159","5","6213","76","0","2016","2","N","Richmond County, Virginia","Private","NAICS 6213 Offices of other health practitioners","County, NAICS 4-digit -- by ownership sector","All establishment sizes",1,0,0,0,0,0,0,0,"N",0.31,0,0,0,0,0,0,0,"N",0,0.0,0,0,0,0,0,0,0,0,0,0,0,0,0,0
"51159","5","6213","76","0","2016","3","N","Richmond County, Virginia","Private","NAICS 6213 Offices of other health practitioners","County, NAICS 4-digit -- by ownership sector","All establishment sizes",1,0,0,0,0,0,0,0,"N",0.31,0,0,0,0,0,0,0,"N",0,0.0,0,0,0,0,0,0,0,0,0,0,0,0,0,0
"51159","5","6213","76","0","2016","4","N","Richmond County, Virginia","Private","NAICS 6213 Offices of other health practitioners","County, NAICS 4-digit -- by ownership sector","All establishment sizes",1,0,0,0,0,0,0,0,"N",0.32,0,0,0,0,0,0,0,"N",0,0.0,0,0,0,0,0,0,0,0,0,0,0,0,0,0
"51159","5","62134","77","0","2016","1","N","Richmond County, Virginia","Private","NAICS 62134 Offices of specialty therapists","County, NAICS 5-digit -- by ownership sector","All establishment sizes",1,0,0,0,0,0,0,0,"N",1.22,0,0,0,0,0,0,0,"N",0,0.0,0,0,0,0,0,0,0,0,0,0,0,0,0,0
"51159","5","62134","77","0","2016","2","N","Richmond County, Virginia","Private","NAICS 62134 Offices of specialty therapists","County, NAICS 5-digit -- by ownership sector","All establishment sizes",1,0,0,0,0,0,0,0,"N",1.21,0,0,0,0,0,0,0,"N",0,0.0,0,0,0,0,0,0,0,0,0,0,0,0,0,0
"51159","5","62134","77","0","2016","3","N","Richmond County, Virginia","Private","NAICS 62134 Offices of specialty therapists","County, NAICS 5-digit -- by ownership sector","All establishment sizes",1,0,0,0,0,0,0,0,"N",1.22,0,0,0,0,0,0,0,"N",0,0.0,0,0,0,0,0,0,0,0,0,0,0,0,0,0
"51159","5","62134","77","0","2016","4","N","Richmond County, Virginia","Private","NAICS 62134 Offices of specialty therapists","County, NAICS 5-digit -- by ownership sector","All establishment sizes",1,0,0,0,0,0,0,0,"N",1.27,0,0,0,0,0,0,0,"N",0,0.0,0,0,0,0,0,0,0,0,0,0,0,0,0,0
"51159","5","621340","78","0","2016","1","N","Richmond County, Virginia","Private","NAICS 621340 Offices of specialty therapists","County, NAICS 6-digit -- by ownership sector","All establishment sizes",1,0,0,0,0,0,0,0,"N",1.22,0,0,0,0,0,0,0,"N",0,0.0,0,0,0,0,0,0,0,0,0,0,0,0,0,0
"51159","5","621340","78","0","2016","2","N","Richmond County, Virginia","Private","NAICS 621340 Offices of specialty therapists","County, NAICS 6-digit -- by ownership sector","All establishment sizes",1,0,0,0,0,0,0,0,"N",1.21,0,0,0,0,0,0,0,"N",0,0.0,0,0,0,0,0,0,0,0,0,0,0,0,0,0
"51159","5","621340","78","0","2016","3","N","Richmond County, Virginia","Private","NAICS 621340 Offices of specialty therapists","County, NAICS 6-digit -- by ownership sector","All establishment sizes",1,0,0,0,0,0,0,0,"N",1.22,0,0,0,0,0,0,0,"N",0,0.0,0,0,0,0,0,0,0,0,0,0,0,0,0,0
"51159","5","621340","78","0","2016","4","N","Richmond County, Virginia","Private","NAICS 621340 Offices of specialty therapists","County, NAICS 6-digit -- by ownership sector","All establishment sizes",1,0,0,0,0,0,0,0,"N",1.27,0,0,0,0,0,0,0,"N",0,0.0,0,0,0,0,0,0,0,0,0,0,0,0,0,0
"51159","5","6214","76","0","2016","1","N","Richmond County, Virginia","Private","NAICS 6214 Outpatient care centers","County, NAICS 4-digit -- by ownership sector","All establishment sizes",2,0,0,0,0,0,0,0,"N",2.50,0,0,0,0,0,0,0,"N",0,0.0,0,0,0,0,0,0,0,0,0,0,0,0,0,0
"51159","5","6214","76","0","2016","2","N","Richmond County, Virginia","Private","NAICS 6214 Outpatient care centers","County, NAICS 4-digit -- by ownership sector","All establishment sizes",2,0,0,0,0,0,0,0,"N",2.50,0,0,0,0,0,0,0,"N",0,0.0,0,0,0,0,0,0,0,0,0,0,0,0,0,0
"51159","5","6214","76","0","2016","3","N","Richmond County, Virginia","Private","NAICS 6214 Outpatient care centers","County, NAICS 4-digit -- by ownership sector","All establishment sizes",2,0,0,0,0,0,0,0,"N",2.50,0,0,0,0,0,0,0,"N",0,0.0,0,0,0,0,0,0,0,0,0,0,0,0,0,0
"51159","5","6214","76","0","2016","4","N","Richmond County, Virginia","Private","NAICS 6214 Outpatient care centers","County, NAICS 4-digit -- by ownership sector","All establishment sizes",2,0,0,0,0,0,0,0,"N",2.58,0,0,0,0,0,0,0,"N",0,0.0,0,0,0,0,0,0,0,0,0,0,0,0,0,0
"51159","5","62142","77","0","2016","1","N","Richmond County, Virginia","Private","NAICS 62142 Outpatient mental health centers","County, NAICS 5-digit -- by ownership sector","All establishment sizes",1,0,0,0,0,0,0,0,"N",4.53,0,0,0,0,0,0,0,"N",0,0.0,0,0,0,0,0,0,0,0,0,0,0,0,0,0
"51159","5","62142","77","0","2016","2","N","Richmond County, Virginia","Private","NAICS 62142 Outpatient mental health centers","County, NAICS 5-digit -- by ownership sector","All establishment sizes",1,0,0,0,0,0,0,0,"N",4.52,0,0,0,0,0,0,0,"N",0,0.0,0,0,0,0,0,0,0,0,0,0,0,0,0,0
"51159","5","62142","77","0","2016","3","N","Richmond County, Virginia","Private","NAICS 62142 Outpatient mental health centers","County, NAICS 5-digit -- by ownership sector","All establishment sizes",1,0,0,0,0,0,0,0,"N",4.52,0,0,0,0,0,0,0,"N",0,0.0,0,0,0,0,0,0,0,0,0,0,0,0,0,0
"51159","5","62142","77","0","2016","4","N","Richmond County, Virginia","Private","NAICS 62142 Outpatient mental health centers","County, NAICS 5-digit -- by ownership sector","All establishment sizes",1,0,0,0,0,0,0,0,"N",4.67,0,0,0,0,0,0,0,"N",0,0.0,0,0,0,0,0,0,0,0,0,0,0,0,0,0
"51159","5","621420","78","0","2016","1","N","Richmond County, Virginia","Private","NAICS 621420 Outpatient mental health centers","County, NAICS 6-digit -- by ownership sector","All establishment sizes",1,0,0,0,0,0,0,0,"N",4.53,0,0,0,0,0,0,0,"N",0,0.0,0,0,0,0,0,0,0,0,0,0,0,0,0,0
"51159","5","621420","78","0","2016","2","N","Richmond County, Virginia","Private","NAICS 621420 Outpatient mental health centers","County, NAICS 6-digit -- by ownership sector","All establishment sizes",1,0,0,0,0,0,0,0,"N",4.52,0,0,0,0,0,0,0,"N",0,0.0,0,0,0,0,0,0,0,0,0,0,0,0,0,0
"51159","5","621420","78","0","2016","3","N","Richmond County, Virginia","Private","NAICS 621420 Outpatient mental health centers","County, NAICS 6-digit -- by ownership sector","All establishment sizes",1,0,0,0,0,0,0,0,"N",4.52,0,0,0,0,0,0,0,"N",0,0.0,0,0,0,0,0,0,0,0,0,0,0,0,0,0
"51159","5","621420","78","0","2016","4","N","Richmond County, Virginia","Private","NAICS 621420 Outpatient mental health centers","County, NAICS 6-digit -- by ownership sector","All establishment sizes",1,0,0,0,0,0,0,0,"N",4.67,0,0,0,0,0,0,0,"N",0,0.0,0,0,0,0,0,0,0,0,0,0,0,0,0,0
"51159","5","62149","77","0","2016","1","N","Richmond County, Virginia","Private","NAICS 62149 Other outpatient care centers","County, NAICS 5-digit -- by ownership sector","All establishment sizes",1,0,0,0,0,0,0,0,"N",1.86,0,0,0,0,0,0,0,"N",0,0.0,0,0,0,0,0,0,0,0,0,0,0,0,0,0
"51159","5","62149","77","0","2016","2","N","Richmond County, Virginia","Private","NAICS 62149 Other outpatient care centers","County, NAICS 5-digit -- by ownership sector","All establishment sizes",1,0,0,0,0,0,0,0,"N",1.87,0,0,0,0,0,0,0,"N",0,0.0,0,0,0,0,0,0,0,0,0,0,0,0,0,0
"51159","5","62149","77","0","2016","3","N","Richmond County, Virginia","Private","NAICS 62149 Other outpatient care centers","County, NAICS 5-digit -- by ownership sector","All establishment sizes",1,0,0,0,0,0,0,0,"N",1.87,0,0,0,0,0,0,0,"N",0,0.0,0,0,0,0,0,0,0,0,0,0,0,0,0,0
"51159","5","62149","77","0","2016","4","N","Richmond County, Virginia","Private","NAICS 62149 Other outpatient care centers","County, NAICS 5-digit -- by ownership sector","All establishment sizes",1,0,0,0,0,0,0,0,"N",1.93,0,0,0,0,0,0,0,"N",0,0.0,0,0,0,0,0,0,0,0,0,0,0,0,0,0
"51159","5","621492","78","0","2016","1","N","Richmond County, Virginia","Private","NAICS 621492 Kidney dialysis centers","County, NAICS 6-digit -- by ownership sector","All establishment sizes",1,0,0,0,0,0,0,0,"N",6.35,0,0,0,0,0,0,0,"N",0,0.0,0,0,0,0,0,0,0,0,0,0,0,0,0,0
"51159","5","621492","78","0","2016","2","N","Richmond County, Virginia","Private","NAICS 621492 Kidney dialysis centers","County, NAICS 6-digit -- by ownership sector","All establishment sizes",1,0,0,0,0,0,0,0,"N",6.38,0,0,0,0,0,0,0,"N",0,0.0,0,0,0,0,0,0,0,0,0,0,0,0,0,0
"51159","5","621492","78","0","2016","3","N","Richmond County, Virginia","Private","NAICS 621492 Kidney dialysis centers","County, NAICS 6-digit -- by ownership sector","All establishment sizes",1,0,0,0,0,0,0,0,"N",6.38,0,0,0,0,0,0,0,"N",0,0.0,0,0,0,0,0,0,0,0,0,0,0,0,0,0
"51159","5","621492","78","0","2016","4","N","Richmond County, Virginia","Private","NAICS 621492 Kidney dialysis centers","County, NAICS 6-digit -- by ownership sector","All establishment sizes",1,0,0,0,0,0,0,0,"N",6.61,0,0,0,0,0,0,0,"N",0,0.0,0,0,0,0,0,0,0,0,0,0,0,0,0,0
"51159","5","6216","76","0","2016","1","N","Richmond County, Virginia","Private","NAICS 6216 Home health care services","County, NAICS 4-digit -- by ownership sector","All establishment sizes",2,0,0,0,0,0,0,0,"N",2.50,0,0,0,0,0,0,0,"N",0,0.0,0,0,0,0,0,0,0,0,0,0,0,0,0,0
"51159","5","6216","76","0","2016","2","N","Richmond County, Virginia","Private","NAICS 6216 Home health care services","County, NAICS 4-digit -- by ownership sector","All establishment sizes",2,0,0,0,0,0,0,0,"N",2.51,0,0,0,0,0,0,0,"N",0,0.0,0,0,0,0,0,0,0,0,0,0,0,0,0,0
"51159","5","6216","76","0","2016","3","N","Richmond County, Virginia","Private","NAICS 6216 Home health care services","County, NAICS 4-digit -- by ownership sector","All establishment sizes",1,0,0,0,0,0,0,0,"N",1.27,0,0,0,0,0,0,0,"N",-1,-50.0,0,0,0,0,0,0,0,0,0,0,0,0,0,0
"51159","5","6216","76","0","2016","4","N","Richmond County, Virginia","Private","NAICS 6216 Home health care services","County, NAICS 4-digit -- by ownership sector","All establishment sizes",1,0,0,0,0,0,0,0,"N",1.31,0,0,0,0,0,0,0,"N",-1,-50.0,0,0,0,0,0,0,0,0,0,0,0,0,0,0
"51159","5","62161","77","0","2016","1","N","Richmond County, Virginia","Private","NAICS 62161 Home health care services","County, NAICS 5-digit -- by ownership sector","All establishment sizes",2,0,0,0,0,0,0,0,"N",2.50,0,0,0,0,0,0,0,"N",0,0.0,0,0,0,0,0,0,0,0,0,0,0,0,0,0
"51159","5","62161","77","0","2016","2","N","Richmond County, Virginia","Private","NAICS 62161 Home health care services","County, NAICS 5-digit -- by ownership sector","All establishment sizes",2,0,0,0,0,0,0,0,"N",2.51,0,0,0,0,0,0,0,"N",0,0.0,0,0,0,0,0,0,0,0,0,0,0,0,0,0
"51159","5","62161","77","0","2016","3","N","Richmond County, Virginia","Private","NAICS 62161 Home health care services","County, NAICS 5-digit -- by ownership sector","All establishment sizes",1,0,0,0,0,0,0,0,"N",1.27,0,0,0,0,0,0,0,"N",-1,-50.0,0,0,0,0,0,0,0,0,0,0,0,0,0,0
"51159","5","62161","77","0","2016","4","N","Richmond County, Virginia","Private","NAICS 62161 Home health care services","County, NAICS 5-digit -- by ownership sector","All establishment sizes",1,0,0,0,0,0,0,0,"N",1.31,0,0,0,0,0,0,0,"N",-1,-50.0,0,0,0,0,0,0,0,0,0,0,0,0,0,0
"51159","5","621610","78","0","2016","1","N","Richmond County, Virginia","Private","NAICS 621610 Home health care services","County, NAICS 6-digit -- by ownership sector","All establishment sizes",2,0,0,0,0,0,0,0,"N",2.50,0,0,0,0,0,0,0,"N",0,0.0,0,0,0,0,0,0,0,0,0,0,0,0,0,0
"51159","5","621610","78","0","2016","2","N","Richmond County, Virginia","Private","NAICS 621610 Home health care services","County, NAICS 6-digit -- by ownership sector","All establishment sizes",2,0,0,0,0,0,0,0,"N",2.51,0,0,0,0,0,0,0,"N",0,0.0,0,0,0,0,0,0,0,0,0,0,0,0,0,0
"51159","5","621610","78","0","2016","3","N","Richmond County, Virginia","Private","NAICS 621610 Home health care services","County, NAICS 6-digit -- by ownership sector","All establishment sizes",1,0,0,0,0,0,0,0,"N",1.27,0,0,0,0,0,0,0,"N",-1,-50.0,0,0,0,0,0,0,0,0,0,0,0,0,0,0
"51159","5","621610","78","0","2016","4","N","Richmond County, Virginia","Private","NAICS 621610 Home health care services","County, NAICS 6-digit -- by ownership sector","All establishment sizes",1,0,0,0,0,0,0,0,"N",1.31,0,0,0,0,0,0,0,"N",-1,-50.0,0,0,0,0,0,0,0,0,0,0,0,0,0,0
"51159","5","623","75","0","2016","1","N","Richmond County, Virginia","Private","NAICS 623 Nursing and residential care facilities","County, NAICS 3-digit -- by ownership sector","All establishment sizes",2,0,0,0,0,0,0,0,"N",1.09,0,0,0,0,0,0,0,"N",0,0.0,0,0,0,0,0,0,0,0,0,0,0,0,0,0
"51159","5","623","75","0","2016","2","N","Richmond County, Virginia","Private","NAICS 623 Nursing and residential care facilities","County, NAICS 3-digit -- by ownership sector","All establishment sizes",2,0,0,0,0,0,0,0,"N",1.10,0,0,0,0,0,0,0,"N",0,0.0,0,0,0,0,0,0,0,0,0,0,0,0,0,0
"51159","5","623","75","0","2016","3","N","Richmond County, Virginia","Private","NAICS 623 Nursing and residential care facilities","County, NAICS 3-digit -- by ownership sector","All establishment sizes",2,0,0,0,0,0,0,0,"N",1.10,0,0,0,0,0,0,0,"N",0,0.0,0,0,0,0,0,0,0,0,0,0,0,0,0,0
"51159","5","623","75","0","2016","4","N","Richmond County, Virginia","Private","NAICS 623 Nursing and residential care facilities","County, NAICS 3-digit -- by ownership sector","All establishment sizes",2,0,0,0,0,0,0,0,"N",1.14,0,0,0,0,0,0,0,"N",0,0.0,0,0,0,0,0,0,0,0,0,0,0,0,0,0
"51159","5","6231","76","0","2016","1","N","Richmond County, Virginia","Private","NAICS 6231 Nursing care facilities, skilled nursing","County, NAICS 4-digit -- by ownership sector","All establishment sizes",1,0,0,0,0,0,0,0,"N",2.42,0,0,0,0,0,0,0,"N",0,0.0,0,0,0,0,0,0,0,0,0,0,0,0,0,0
"51159","5","6231","76","0","2016","2","N","Richmond County, Virginia","Private","NAICS 6231 Nursing care facilities, skilled nursing","County, NAICS 4-digit -- by ownership sector","All establishment sizes",1,0,0,0,0,0,0,0,"N",2.44,0,0,0,0,0,0,0,"N",0,0.0,0,0,0,0,0,0,0,0,0,0,0,0,0,0
"51159","5","6231","76","0","2016","3","N","Richmond County, Virginia","Private","NAICS 6231 Nursing care facilities, skilled nursing","County, NAICS 4-digit -- by ownership sector","All establishment sizes",1,0,0,0,0,0,0,0,"N",2.45,0,0,0,0,0,0,0,"N",0,0.0,0,0,0,0,0,0,0,0,0,0,0,0,0,0
"51159","5","6231","76","0","2016","4","N","Richmond County, Virginia","Private","NAICS 6231 Nursing care facilities, skilled nursing","County, NAICS 4-digit -- by ownership sector","All establishment sizes",1,0,0,0,0,0,0,0,"N",2.54,0,0,0,0,0,0,0,"N",0,0.0,0,0,0,0,0,0,0,0,0,0,0,0,0,0
"51159","5","62311","77","0","2016","1","N","Richmond County, Virginia","Private","NAICS 62311 Nursing care facilities, skilled nursing","County, NAICS 5-digit -- by ownership sector","All establishment sizes",1,0,0,0,0,0,0,0,"N",2.42,0,0,0,0,0,0,0,"N",0,0.0,0,0,0,0,0,0,0,0,0,0,0,0,0,0
"51159","5","62311","77","0","2016","2","N","Richmond County, Virginia","Private","NAICS 62311 Nursing care facilities, skilled nursing","County, NAICS 5-digit -- by ownership sector","All establishment sizes",1,0,0,0,0,0,0,0,"N",2.44,0,0,0,0,0,0,0,"N",0,0.0,0,0,0,0,0,0,0,0,0,0,0,0,0,0
"51159","5","62311","77","0","2016","3","N","Richmond County, Virginia","Private","NAICS 62311 Nursing care facilities, skilled nursing","County, NAICS 5-digit -- by ownership sector","All establishment sizes",1,0,0,0,0,0,0,0,"N",2.45,0,0,0,0,0,0,0,"N",0,0.0,0,0,0,0,0,0,0,0,0,0,0,0,0,0
"51159","5","62311","77","0","2016","4","N","Richmond County, Virginia","Private","NAICS 62311 Nursing care facilities, skilled nursing","County, NAICS 5-digit -- by ownership sector","All establishment sizes",1,0,0,0,0,0,0,0,"N",2.54,0,0,0,0,0,0,0,"N",0,0.0,0,0,0,0,0,0,0,0,0,0,0,0,0,0
"51159","5","623110","78","0","2016","1","N","Richmond County, Virginia","Private","NAICS 623110 Nursing care facilities, skilled nursing","County, NAICS 6-digit -- by ownership sector","All establishment sizes",1,0,0,0,0,0,0,0,"N",2.42,0,0,0,0,0,0,0,"N",0,0.0,0,0,0,0,0,0,0,0,0,0,0,0,0,0
"51159","5","623110","78","0","2016","2","N","Richmond County, Virginia","Private","NAICS 623110 Nursing care facilities, skilled nursing","County, NAICS 6-digit -- by ownership sector","All establishment sizes",1,0,0,0,0,0,0,0,"N",2.44,0,0,0,0,0,0,0,"N",0,0.0,0,0,0,0,0,0,0,0,0,0,0,0,0,0
"51159","5","623110","78","0","2016","3","N","Richmond County, Virginia","Private","NAICS 623110 Nursing care facilities, skilled nursing","County, NAICS 6-digit -- by ownership sector","All establishment sizes",1,0,0,0,0,0,0,0,"N",2.45,0,0,0,0,0,0,0,"N",0,0.0,0,0,0,0,0,0,0,0,0,0,0,0,0,0
"51159","5","623110","78","0","2016","4","N","Richmond County, Virginia","Private","NAICS 623110 Nursing care facilities, skilled nursing","County, NAICS 6-digit -- by ownership sector","All establishment sizes",1,0,0,0,0,0,0,0,"N",2.54,0,0,0,0,0,0,0,"N",0,0.0,0,0,0,0,0,0,0,0,0,0,0,0,0,0
"51159","5","6233","76","0","2016","1","N","Richmond County, Virginia","Private","NAICS 6233 Continuing care, assisted living facilities","County, NAICS 4-digit -- by ownership sector","All establishment sizes",1,0,0,0,0,0,0,0,"N",1.67,0,0,0,0,0,0,0,"N",0,0.0,0,0,0,0,0,0,0,0,0,0,0,0,0,0
"51159","5","6233","76","0","2016","2","N","Richmond County, Virginia","Private","NAICS 6233 Continuing care, assisted living facilities","County, NAICS 4-digit -- by ownership sector","All establishment sizes",1,0,0,0,0,0,0,0,"N",1.67,0,0,0,0,0,0,0,"N",0,0.0,0,0,0,0,0,0,0,0,0,0,0,0,0,0
"51159","5","6233","76","0","2016","3","N","Richmond County, Virginia","Private","NAICS 6233 Continuing care, assisted living facilities","County, NAICS 4-digit -- by ownership sector","All establishment sizes",1,0,0,0,0,0,0,0,"N",1.68,0,0,0,0,0,0,0,"N",0,0.0,0,0,0,0,0,0,0,0,0,0,0,0,0,0
"51159","5","6233","76","0","2016","4","N","Richmond County, Virginia","Private","NAICS 6233 Continuing care, assisted living facilities","County, NAICS 4-digit -- by ownership sector","All establishment sizes",1,0,0,0,0,0,0,0,"N",1.75,0,0,0,0,0,0,0,"N",0,0.0,0,0,0,0,0,0,0,0,0,0,0,0,0,0
"51159","5","62331","77","0","2016","1","N","Richmond County, Virginia","Private","NAICS 62331 Continuing care, assisted living facilities","County, NAICS 5-digit -- by ownership sector","All establishment sizes",1,0,0,0,0,0,0,0,"N",1.67,0,0,0,0,0,0,0,"N",0,0.0,0,0,0,0,0,0,0,0,0,0,0,0,0,0
"51159","5","62331","77","0","2016","2","N","Richmond County, Virginia","Private","NAICS 62331 Continuing care, assisted living facilities","County, NAICS 5-digit -- by ownership sector","All establishment sizes",1,0,0,0,0,0,0,0,"N",1.67,0,0,0,0,0,0,0,"N",0,0.0,0,0,0,0,0,0,0,0,0,0,0,0,0,0
"51159","5","62331","77","0","2016","3","N","Richmond County, Virginia","Private","NAICS 62331 Continuing care, assisted living facilities","County, NAICS 5-digit -- by ownership sector","All establishment sizes",1,0,0,0,0,0,0,0,"N",1.68,0,0,0,0,0,0,0,"N",0,0.0,0,0,0,0,0,0,0,0,0,0,0,0,0,0
"51159","5","62331","77","0","2016","4","N","Richmond County, Virginia","Private","NAICS 62331 Continuing care, assisted living facilities","County, NAICS 5-digit -- by ownership sector","All establishment sizes",1,0,0,0,0,0,0,0,"N",1.75,0,0,0,0,0,0,0,"N",0,0.0,0,0,0,0,0,0,0,0,0,0,0,0,0,0
"51159","5","623312","78","0","2016","1","N","Richmond County, Virginia","Private","NAICS 623312 Assisted living facilities for the elderly","County, NAICS 6-digit -- by ownership sector","All establishment sizes",1,0,0,0,0,0,0,0,"N",2.29,0,0,0,0,0,0,0,"N",0,0.0,0,0,0,0,0,0,0,0,0,0,0,0,0,0
"51159","5","623312","78","0","2016","2","N","Richmond County, Virginia","Private","NAICS 623312 Assisted living facilities for the elderly","County, NAICS 6-digit -- by ownership sector","All establishment sizes",1,0,0,0,0,0,0,0,"N",2.30,0,0,0,0,0,0,0,"N",0,0.0,0,0,0,0,0,0,0,0,0,0,0,0,0,0
"51159","5","623312","78","0","2016","3","N","Richmond County, Virginia","Private","NAICS 623312 Assisted living facilities for the elderly","County, NAICS 6-digit -- by ownership sector","All establishment sizes",1,0,0,0,0,0,0,0,"N",2.31,0,0,0,0,0,0,0,"N",0,0.0,0,0,0,0,0,0,0,0,0,0,0,0,0,0
"51159","5","623312","78","0","2016","4","N","Richmond County, Virginia","Private","NAICS 623312 Assisted living facilities for the elderly","County, NAICS 6-digit -- by ownership sector","All establishment sizes",1,0,0,0,0,0,0,0,"N",2.40,0,0,0,0,0,0,0,"N",0,0.0,0,0,0,0,0,0,0,0,0,0,0,0,0,0
"51159","5","624","75","0","2016","1","","Richmond County, Virginia","Private","NAICS 624 Social assistance","County, NAICS 3-digit -- by ownership sector","All establishment sizes",19,71,77,82,401270,341744,3741,403,"",1.01,1.01,1.08,1.14,1.60,2.19,1.67,1.49,"",5,35.7,-1,-1.4,1,1.3,8,10.8,76886,23.7,52807,18.3,154,4.3,66,19.6
"51159","5","624","75","0","2016","2","","Richmond County, Virginia","Private","NAICS 624 Social assistance","County, NAICS 3-digit -- by ownership sector","All establishment sizes",20,85,89,91,402464,166032,2598,350,"",1.06,1.16,1.23,1.24,1.38,1.99,1.97,1.14,"",5,33.3,12,16.4,13,17.1,14,18.2,39979,11.0,-8655,-5.0,-133,-4.9,-20,-5.4
"51159","5","624","75","0","2016","3","","Richmond County, Virginia","Private","NAICS 624 Social assistance","County, NAICS 3-digit -- by ownership sector","All establishment sizes",20,88,103,95,485967,141939,2028,392,"",1.07,1.28,1.41,1.32,1.62,2.69,2.37,1.21,"",4,25.0,17,23.9,34,49.3,24,33.8,142087,41.3,62467,78.6,595,41.5,16,4.3
"51159","5","624","75","0","2016","4","","Richmond County, Virginia","Private","NAICS 624 Social assistance","County, NAICS 3-digit -- by ownership sector","All establishment sizes",17,100,95,93,469226,94939,1636,376,"",0.92,1.36,1.31,1.27,1.61,2.32,2.30,1.22,"",1,6.2,33,49.3,27,39.7,24,34.8,101624,27.6,31424,49.5,661,67.8,-40,-9.6
"51159","5","6241","76","0","2016","1","","Richmond County, Virginia","Private","NAICS 6241 Individual and family services","County, NAICS 4-digit -- by ownership sector","All establishment sizes",14,10,15,19,57550,56576,815,302,"",0.84,0.23,0.34,0.42,0.39,0.61,0.59,1.17,"",4,40.0,-10,-50.0,-6,-28.6,3,18.8,10727,22.9,10074,21.7,254,45.3,112,58.9
"51159","5","6241","76","0","2016","2","","Richmond County, Virginia","Private","NAICS 6241 Individual and family services","County, NAICS 4-digit -- by ownership sector","All establishment sizes",15,21,22,23,61483,48143,699,215,"",0.90,0.46,0.49,0.50,0.36,0.97,0.83,0.74,"",4,36.4,2,10.5,2,10.0,4,21.1,6648,12.1,601,1.3,-6,-0.9,-3,-1.4
"51159","5","6241","76","0","2016","3","","Richmond County, Virginia","Private","NAICS 6241 Individual and family services","County, NAICS 4-digit -- by ownership sector","All establishment sizes",15,15,25,20,71752,40289,611,276,"",0.91,0.35,0.55,0.44,0.40,1.24,1.08,0.89,"",3,25.0,-1,-6.2,9,56.2,3,17.6,26740,59.4,18108,81.6,190,45.1,64,30.2
"51159","5","6241","76","0","2016","4","","Richmond County, Virginia","Private","NAICS 6241 Individual and family services","County, NAICS 4-digit -- by ownership sector","All establishment sizes",12,25,24,21,64987,21430,342,214,"",0.73,0.54,0.53,0.46,0.37,0.87,0.75,0.73,"",0,0.0,10,66.7,11,84.6,9,75.0,15755,32.0,4371,25.6,-4,-1.2,-70,-24.6
"51159","5","62412","77","0","2016","1","","Richmond County, Virginia","Private","NAICS 62412 Services for the elderly and disabled","County, NAICS 5-digit -- by ownership sector","All establishment sizes",14,10,15,19,57550,56576,815,302,"",0.89,0.31,0.46,0.58,0.67,0.90,0.91,1.48,"",4,40.0,-10,-50.0,-6,-28.6,3,18.8,10727,22.9,10074,21.7,254,45.3,112,58.9
"51159","5","62412","77","0","2016","2","","Richmond County, Virginia","Private","NAICS 62412 Services for the elderly and disabled","County, NAICS 5-digit -- by ownership sector","All establishment sizes",15,21,22,23,61483,48143,699,215,"",0.95,0.63,0.67,0.69,0.62,1.26,1.10,0.93,"",4,36.4,2,10.5,2,10.0,4,21.1,6648,12.1,601,1.3,-6,-0.9,-3,-1.4
"51159","5","62412","77","0","2016","3","","Richmond County, Virginia","Private","NAICS 62412 Services for the elderly and disabled","County, NAICS 5-digit -- by ownership sector","All establishment sizes",15,15,25,20,71752,40289,611,276,"",0.96,0.48,0.75,0.61,0.69,1.57,1.39,1.12,"",3,25.0,-1,-6.2,9,56.2,3,17.6,26740,59.4,18108,81.6,190,45.1,64,30.2
"51159","5","62412","77","0","2016","4","","Richmond County, Virginia","Private","NAICS 62412 Services for the elderly and disabled","County, NAICS 5-digit -- by ownership sector","All establishment sizes",12,25,24,21,64987,21430,342,214,"",0.77,0.74,0.72,0.63,0.64,1.11,0.97,0.92,"",0,0.0,10,66.7,11,84.6,9,75.0,15755,32.0,4371,25.6,-4,-1.2,-70,-24.6
"51159","5","624120","78","0","2016","1","","Richmond County, Virginia","Private","NAICS 624120 Services for the elderly and disabled","County, NAICS 6-digit -- by ownership sector","All establishment sizes",14,10,15,19,57550,56576,815,302,"",0.89,0.31,0.46,0.58,0.67,0.90,0.91,1.48,"",4,40.0,-10,-50.0,-6,-28.6,3,18.8,10727,22.9,10074,21.7,254,45.3,112,58.9
"51159","5","624120","78","0","2016","2","","Richmond County, Virginia","Private","NAICS 624120 Services for the elderly and disabled","County, NAICS 6-digit -- by ownership sector","All establishment sizes",15,21,22,23,61483,48143,699,215,"",0.95,0.63,0.67,0.69,0.62,1.26,1.10,0.93,"",4,36.4,2,10.5,2,10.0,4,21.1,6648,12.1,601,1.3,-6,-0.9,-3,-1.4
"51159","5","624120","78","0","2016","3","","Richmond County, Virginia","Private","NAICS 624120 Services for the elderly and disabled","County, NAICS 6-digit -- by ownership sector","All establishment sizes",15,15,25,20,71752,40289,611,276,"",0.96,0.48,0.75,0.61,0.69,1.57,1.39,1.12,"",3,25.0,-1,-6.2,9,56.2,3,17.6,26740,59.4,18108,81.6,190,45.1,64,30.2
"51159","5","624120","78","0","2016","4","","Richmond County, Virginia","Private","NAICS 624120 Services for the elderly and disabled","County, NAICS 6-digit -- by ownership sector","All establishment sizes",12,25,24,21,64987,21430,342,214,"",0.77,0.74,0.72,0.63,0.64,1.11,0.97,0.92,"",0,0.0,10,66.7,11,84.6,9,75.0,15755,32.0,4371,25.6,-4,-1.2,-70,-24.6
"51159","5","6242","76","0","2016","1","N","Richmond County, Virginia","Private","NAICS 6242 Emergency and other relief services","County, NAICS 4-digit -- by ownership sector","All establishment sizes",2,0,0,0,0,0,0,0,"N",7.62,0,0,0,0,0,0,0,"N",1,100.0,0,0,0,0,0,0,0,0,0,0,0,0,0,0
"51159","5","6242","76","0","2016","2","N","Richmond County, Virginia","Private","NAICS 6242 Emergency and other relief services","County, NAICS 4-digit -- by ownership sector","All establishment sizes",2,0,0,0,0,0,0,0,"N",7.67,0,0,0,0,0,0,0,"N",1,100.0,0,0,0,0,0,0,0,0,0,0,0,0,0,0
"51159","5","6242","76","0","2016","3","N","Richmond County, Virginia","Private","NAICS 6242 Emergency and other relief services","County, NAICS 4-digit -- by ownership sector","All establishment sizes",2,0,0,0,0,0,0,0,"N",7.71,0,0,0,0,0,0,0,"N",1,100.0,0,0,0,0,0,0,0,0,0,0,0,0,0,0
"51159","5","6242","76","0","2016","4","N","Richmond County, Virginia","Private","NAICS 6242 Emergency and other relief services","County, NAICS 4-digit -- by ownership sector","All establishment sizes",2,0,0,0,0,0,0,0,"N",7.99,0,0,0,0,0,0,0,"N",1,100.0,0,0,0,0,0,0,0,0,0,0,0,0,0,0
"51159","5","62421","77","0","2016","1","N","Richmond County, Virginia","Private","NAICS 62421 Community food services","County, NAICS 5-digit -- by ownership sector","All establishment sizes",1,0,0,0,0,0,0,0,"N",13.67,0,0,0,0,0,0,0,"N",1,100.0,0,0,0,0,0,0,0,0,0,0,0,0,0,0
"51159","5","62421","77","0","2016","2","N","Richmond County, Virginia","Private","NAICS 62421 Community food services","County, NAICS 5-digit -- by ownership sector","All establishment sizes",1,0,0,0,0,0,0,0,"N",13.72,0,0,0,0,0,0,0,"N",1,100.0,0,0,0,0,0,0,0,0,0,0,0,0,0,0
"51159","5","62421","77","0","2016","3","N","Richmond County, Virginia","Private","NAICS 62421 Community food services","County, NAICS 5-digit -- by ownership sector","All establishment sizes",1,0,0,0,0,0,0,0,"N",13.80,0,0,0,0,0,0,0,"N",1,100.0,0,0,0,0,0,0,0,0,0,0,0,0,0,0
"51159","5","62421","77","0","2016","4","N","Richmond County, Virginia","Private","NAICS 62421 Community food services","County, NAICS 5-digit -- by ownership sector","All establishment sizes",1,0,0,0,0,0,0,0,"N",14.47,0,0,0,0,0,0,0,"N",1,100.0,0,0,0,0,0,0,0,0,0,0,0,0,0,0
"51159","5","624210","78","0","2016","1","N","Richmond County, Virginia","Private","NAICS 624210 Community food services","County, NAICS 6-digit -- by ownership sector","All establishment sizes",1,0,0,0,0,0,0,0,"N",13.67,0,0,0,0,0,0,0,"N",1,100.0,0,0,0,0,0,0,0,0,0,0,0,0,0,0
"51159","5","624210","78","0","2016","2","N","Richmond County, Virginia","Private","NAICS 624210 Community food services","County, NAICS 6-digit -- by ownership sector","All establishment sizes",1,0,0,0,0,0,0,0,"N",13.72,0,0,0,0,0,0,0,"N",1,100.0,0,0,0,0,0,0,0,0,0,0,0,0,0,0
"51159","5","624210","78","0","2016","3","N","Richmond County, Virginia","Private","NAICS 624210 Community food services","County, NAICS 6-digit -- by ownership sector","All establishment sizes",1,0,0,0,0,0,0,0,"N",13.80,0,0,0,0,0,0,0,"N",1,100.0,0,0,0,0,0,0,0,0,0,0,0,0,0,0
"51159","5","624210","78","0","2016","4","N","Richmond County, Virginia","Private","NAICS 624210 Community food services","County, NAICS 6-digit -- by ownership sector","All establishment sizes",1,0,0,0,0,0,0,0,"N",14.47,0,0,0,0,0,0,0,"N",1,100.0,0,0,0,0,0,0,0,0,0,0,0,0,0,0
"51159","5","62423","77","0","2016","1","N","Richmond County, Virginia","Private","NAICS 62423 Emergency and other relief services","County, NAICS 5-digit -- by ownership sector","All establishment sizes",1,0,0,0,0,0,0,0,"N",24.95,0,0,0,0,0,0,0,"N",0,0.0,0,0,0,0,0,0,0,0,0,0,0,0,0,0
"51159","5","62423","77","0","2016","2","N","Richmond County, Virginia","Private","NAICS 62423 Emergency and other relief services","County, NAICS 5-digit -- by ownership sector","All establishment sizes",1,0,0,0,0,0,0,0,"N",25.08,0,0,0,0,0,0,0,"N",0,0.0,0,0,0,0,0,0,0,0,0,0,0,0,0,0
"51159","5","62423","77","0","2016","3","N","Richmond County, Virginia","Private","NAICS 62423 Emergency and other relief services","County, NAICS 5-digit -- by ownership sector","All establishment sizes",1,0,0,0,0,0,0,0,"N",24.86,0,0,0,0,0,0,0,"N",0,0.0,0,0,0,0,0,0,0,0,0,0,0,0,0,0
"51159","5","62423","77","0","2016","4","N","Richmond County, Virginia","Private","NAICS 62423 Emergency and other relief services","County, NAICS 5-digit -- by ownership sector","All establishment sizes",1,0,0,0,0,0,0,0,"N",25.16,0,0,0,0,0,0,0,"N",0,0.0,0,0,0,0,0,0,0,0,0,0,0,0,0,0
"51159","5","624230","78","0","2016","1","N","Richmond County, Virginia","Private","NAICS 624230 Emergency and other relief services","County, NAICS 6-digit -- by ownership sector","All establishment sizes",1,0,0,0,0,0,0,0,"N",24.95,0,0,0,0,0,0,0,"N",0,0.0,0,0,0,0,0,0,0,0,0,0,0,0,0,0
"51159","5","624230","78","0","2016","2","N","Richmond County, Virginia","Private","NAICS 624230 Emergency and other relief services","County, NAICS 6-digit -- by ownership sector","All establishment sizes",1,0,0,0,0,0,0,0,"N",25.08,0,0,0,0,0,0,0,"N",0,0.0,0,0,0,0,0,0,0,0,0,0,0,0,0,0
"51159","5","624230","78","0","2016","3","N","Richmond County, Virginia","Private","NAICS 624230 Emergency and other relief services","County, NAICS 6-digit -- by ownership sector","All establishment sizes",1,0,0,0,0,0,0,0,"N",24.86,0,0,0,0,0,0,0,"N",0,0.0,0,0,0,0,0,0,0,0,0,0,0,0,0,0
"51159","5","624230","78","0","2016","4","N","Richmond County, Virginia","Private","NAICS 624230 Emergency and other relief services","County, NAICS 6-digit -- by ownership sector","All establishment sizes",1,0,0,0,0,0,0,0,"N",25.16,0,0,0,0,0,0,0,"N",0,0.0,0,0,0,0,0,0,0,0,0,0,0,0,0,0
"51159","5","6243","76","0","2016","1","N","Richmond County, Virginia","Private","NAICS 6243 Vocational rehabilitation services","County, NAICS 4-digit -- by ownership sector","All establishment sizes",1,0,0,0,0,0,0,0,"N",4.42,0,0,0,0,0,0,0,"N",0,0.0,0,0,0,0,0,0,0,0,0,0,0,0,0,0
"51159","5","6243","76","0","2016","2","N","Richmond County, Virginia","Private","NAICS 6243 Vocational rehabilitation services","County, NAICS 4-digit -- by ownership sector","All establishment sizes",1,0,0,0,0,0,0,0,"N",4.47,0,0,0,0,0,0,0,"N",0,0.0,0,0,0,0,0,0,0,0,0,0,0,0,0,0
"51159","5","6243","76","0","2016","3","N","Richmond County, Virginia","Private","NAICS 6243 Vocational rehabilitation services","County, NAICS 4-digit -- by ownership sector","All establishment sizes",1,0,0,0,0,0,0,0,"N",4.49,0,0,0,0,0,0,0,"N",0,0.0,0,0,0,0,0,0,0,0,0,0,0,0,0,0
"51159","5","6243","76","0","2016","4","N","Richmond County, Virginia","Private","NAICS 6243 Vocational rehabilitation services","County, NAICS 4-digit -- by ownership sector","All establishment sizes",1,0,0,0,0,0,0,0,"N",4.66,0,0,0,0,0,0,0,"N",0,0.0,0,0,0,0,0,0,0,0,0,0,0,0,0,0
"51159","5","62431","77","0","2016","1","N","Richmond County, Virginia","Private","NAICS 62431 Vocational rehabilitation services","County, NAICS 5-digit -- by ownership sector","All establishment sizes",1,0,0,0,0,0,0,0,"N",4.42,0,0,0,0,0,0,0,"N",0,0.0,0,0,0,0,0,0,0,0,0,0,0,0,0,0
"51159","5","62431","77","0","2016","2","N","Richmond County, Virginia","Private","NAICS 62431 Vocational rehabilitation services","County, NAICS 5-digit -- by ownership sector","All establishment sizes",1,0,0,0,0,0,0,0,"N",4.47,0,0,0,0,0,0,0,"N",0,0.0,0,0,0,0,0,0,0,0,0,0,0,0,0,0
"51159","5","62431","77","0","2016","3","N","Richmond County, Virginia","Private","NAICS 62431 Vocational rehabilitation services","County, NAICS 5-digit -- by ownership sector","All establishment sizes",1,0,0,0,0,0,0,0,"N",4.49,0,0,0,0,0,0,0,"N",0,0.0,0,0,0,0,0,0,0,0,0,0,0,0,0,0
"51159","5","62431","77","0","2016","4","N","Richmond County, Virginia","Private","NAICS 62431 Vocational rehabilitation services","County, NAICS 5-digit -- by ownership sector","All establishment sizes",1,0,0,0,0,0,0,0,"N",4.66,0,0,0,0,0,0,0,"N",0,0.0,0,0,0,0,0,0,0,0,0,0,0,0,0,0
"51159","5","624310","78","0","2016","1","N","Richmond County, Virginia","Private","NAICS 624310 Vocational rehabilitation services","County, NAICS 6-digit -- by ownership sector","All establishment sizes",1,0,0,0,0,0,0,0,"N",4.42,0,0,0,0,0,0,0,"N",0,0.0,0,0,0,0,0,0,0,0,0,0,0,0,0,0
"51159","5","624310","78","0","2016","2","N","Richmond County, Virginia","Private","NAICS 624310 Vocational rehabilitation services","County, NAICS 6-digit -- by ownership sector","All establishment sizes",1,0,0,0,0,0,0,0,"N",4.47,0,0,0,0,0,0,0,"N",0,0.0,0,0,0,0,0,0,0,0,0,0,0,0,0,0
"51159","5","624310","78","0","2016","3","N","Richmond County, Virginia","Private","NAICS 624310 Vocational rehabilitation services","County, NAICS 6-digit -- by ownership sector","All establishment sizes",1,0,0,0,0,0,0,0,"N",4.49,0,0,0,0,0,0,0,"N",0,0.0,0,0,0,0,0,0,0,0,0,0,0,0,0,0
"51159","5","624310","78","0","2016","4","N","Richmond County, Virginia","Private","NAICS 624310 Vocational rehabilitation services","County, NAICS 6-digit -- by ownership sector","All establishment sizes",1,0,0,0,0,0,0,0,"N",4.66,0,0,0,0,0,0,0,"N",0,0.0,0,0,0,0,0,0,0,0,0,0,0,0,0,0
"51159","5","6244","76","0","2016","1","N","Richmond County, Virginia","Private","NAICS 6244 Child day care services","County, NAICS 4-digit -- by ownership sector","All establishment sizes",2,0,0,0,0,0,0,0,"N",1.20,0,0,0,0,0,0,0,"N",0,0.0,0,0,0,0,0,0,0,0,0,0,0,0,0,0
"51159","5","6244","76","0","2016","2","N","Richmond County, Virginia","Private","NAICS 6244 Child day care services","County, NAICS 4-digit -- by ownership sector","All establishment sizes",2,0,0,0,0,0,0,0,"N",1.20,0,0,0,0,0,0,0,"N",0,0.0,0,0,0,0,0,0,0,0,0,0,0,0,0,0
"51159","5","6244","76","0","2016","3","N","Richmond County, Virginia","Private","NAICS 6244 Child day care services","County, NAICS 4-digit -- by ownership sector","All establishment sizes",2,0,0,0,0,0,0,0,"N",1.21,0,0,0,0,0,0,0,"N",0,0.0,0,0,0,0,0,0,0,0,0,0,0,0,0,0
"51159","5","6244","76","0","2016","4","N","Richmond County, Virginia","Private","NAICS 6244 Child day care services","County, NAICS 4-digit -- by ownership sector","All establishment sizes",2,0,0,0,0,0,0,0,"N",1.26,0,0,0,0,0,0,0,"N",0,0.0,0,0,0,0,0,0,0,0,0,0,0,0,0,0
"51159","5","62441","77","0","2016","1","N","Richmond County, Virginia","Private","NAICS 62441 Child day care services","County, NAICS 5-digit -- by ownership sector","All establishment sizes",2,0,0,0,0,0,0,0,"N",1.20,0,0,0,0,0,0,0,"N",0,0.0,0,0,0,0,0,0,0,0,0,0,0,0,0,0
"51159","5","62441","77","0","2016","2","N","Richmond County, Virginia","Private","NAICS 62441 Child day care services","County, NAICS 5-digit -- by ownership sector","All establishment sizes",2,0,0,0,0,0,0,0,"N",1.20,0,0,0,0,0,0,0,"N",0,0.0,0,0,0,0,0,0,0,0,0,0,0,0,0,0
"51159","5","62441","77","0","2016","3","N","Richmond County, Virginia","Private","NAICS 62441 Child day care services","County, NAICS 5-digit -- by ownership sector","All establishment sizes",2,0,0,0,0,0,0,0,"N",1.21,0,0,0,0,0,0,0,"N",0,0.0,0,0,0,0,0,0,0,0,0,0,0,0,0,0
"51159","5","62441","77","0","2016","4","N","Richmond County, Virginia","Private","NAICS 62441 Child day care services","County, NAICS 5-digit -- by ownership sector","All establishment sizes",2,0,0,0,0,0,0,0,"N",1.26,0,0,0,0,0,0,0,"N",0,0.0,0,0,0,0,0,0,0,0,0,0,0,0,0,0
"51159","5","624410","78","0","2016","1","N","Richmond County, Virginia","Private","NAICS 624410 Child day care services","County, NAICS 6-digit -- by ownership sector","All establishment sizes",2,0,0,0,0,0,0,0,"N",1.20,0,0,0,0,0,0,0,"N",0,0.0,0,0,0,0,0,0,0,0,0,0,0,0,0,0
"51159","5","624410","78","0","2016","2","N","Richmond County, Virginia","Private","NAICS 624410 Child day care services","County, NAICS 6-digit -- by ownership sector","All establishment sizes",2,0,0,0,0,0,0,0,"N",1.20,0,0,0,0,0,0,0,"N",0,0.0,0,0,0,0,0,0,0,0,0,0,0,0,0,0
"51159","5","624410","78","0","2016","3","N","Richmond County, Virginia","Private","NAICS 624410 Child day care services","County, NAICS 6-digit -- by ownership sector","All establishment sizes",2,0,0,0,0,0,0,0,"N",1.21,0,0,0,0,0,0,0,"N",0,0.0,0,0,0,0,0,0,0,0,0,0,0,0,0,0
"51159","5","624410","78","0","2016","4","N","Richmond County, Virginia","Private","NAICS 624410 Child day care services","County, NAICS 6-digit -- by ownership sector","All establishment sizes",2,0,0,0,0,0,0,0,"N",1.26,0,0,0,0,0,0,0,"N",0,0.0,0,0,0,0,0,0,0,0,0,0,0,0,0,0
"51159","5","71","74","0","2016","1","","Richmond County, Virginia","Private","NAICS 71 Arts, entertainment, and recreation","County, NAICS Sector -- by ownership sector","All establishment sizes",4,29,29,29,153839,106532,1787,408,"",1.24,0.74,0.72,0.69,0.69,0.94,1.06,0.96,"",0,0.0,15,107.1,15,107.1,15,107.1,2898,1.9,1119,1.1,1323,285.1,-421,-50.8
"51159","5","71","74","0","2016","2","","Richmond County, Virginia","Private","NAICS 71 Arts, entertainment, and recreation","County, NAICS Sector -- by ownership sector","All establishment sizes",4,15,15,22,156193,16821,250,693,"",1.24,0.34,0.32,0.43,0.57,0.31,0.24,1.57,"",0,0.0,2,15.4,-8,-34.8,0,0.0,7888,5.3,5526,48.9,201,410.2,103,17.5
"51159","5","71","74","0","2016","3","","Richmond County, Virginia","Private","NAICS 71 Arts, entertainment, and recreation","County, NAICS Sector -- by ownership sector","All establishment sizes",4,23,22,21,182044,19055,115,637,"",1.24,0.47,0.43,0.45,0.58,0.44,0.13,1.31,"",0,0.0,1,4.5,-1,-4.3,-6,-22.2,20088,12.4,1898,11.1,39,51.3,118,22.7
"51159","5","71","74","0","2016","4","N","Richmond County, Virginia","Private","NAICS 71 Arts, entertainment, and recreation","County, NAICS Sector -- by ownership sector","All establishment sizes",4,0,0,0,0,0,0,0,"N",1.28,0,0,0,0,0,0,0,"N",0,0.0,0,0,0,0,0,0,0,0,0,0,0,0,0,0
"51159","5","712","75","0","2016","1","N","Richmond County, Virginia","Private","NAICS 712 Museums, historical sites, zoos, and parks","County, NAICS 3-digit -- by ownership sector","All establishment sizes",1,0,0,0,0,0,0,0,"N",6.67,0,0,0,0,0,0,0,"N",0,0.0,0,0,0,0,0,0,0,0,0,0,0,0,0,0
"51159","5","712","75","0","2016","2","N","Richmond County, Virginia","Private","NAICS 712 Museums, historical sites, zoos, and parks","County, NAICS 3-digit -- by ownership sector","All establishment sizes",1,0,0,0,0,0,0,0,"N",6.71,0,0,0,0,0,0,0,"N",0,0.0,0,0,0,0,0,0,0,0,0,0,0,0,0,0
"51159","5","712","75","0","2016","3","N","Richmond County, Virginia","Private","NAICS 712 Museums, historical sites, zoos, and parks","County, NAICS 3-digit -- by ownership sector","All establishment sizes",1,0,0,0,0,0,0,0,"N",6.74,0,0,0,0,0,0,0,"N",0,0.0,0,0,0,0,0,0,0,0,0,0,0,0,0,0
"51159","5","712","75","0","2016","4","N","Richmond County, Virginia","Private","NAICS 712 Museums, historical sites, zoos, and parks","County, NAICS 3-digit -- by ownership sector","All establishment sizes",1,0,0,0,0,0,0,0,"N",7.04,0,0,0,0,0,0,0,"N",0,0.0,0,0,0,0,0,0,0,0,0,0,0,0,0,0
"51159","5","7121","76","0","2016","1","N","Richmond County, Virginia","Private","NAICS 7121 Museums, historical sites, zoos, and parks","County, NAICS 4-digit -- by ownership sector","All establishment sizes",1,0,0,0,0,0,0,0,"N",6.67,0,0,0,0,0,0,0,"N",0,0.0,0,0,0,0,0,0,0,0,0,0,0,0,0,0
"51159","5","7121","76","0","2016","2","N","Richmond County, Virginia","Private","NAICS 7121 Museums, historical sites, zoos, and parks","County, NAICS 4-digit -- by ownership sector","All establishment sizes",1,0,0,0,0,0,0,0,"N",6.71,0,0,0,0,0,0,0,"N",0,0.0,0,0,0,0,0,0,0,0,0,0,0,0,0,0
"51159","5","7121","76","0","2016","3","N","Richmond County, Virginia","Private","NAICS 7121 Museums, historical sites, zoos, and parks","County, NAICS 4-digit -- by ownership sector","All establishment sizes",1,0,0,0,0,0,0,0,"N",6.74,0,0,0,0,0,0,0,"N",0,0.0,0,0,0,0,0,0,0,0,0,0,0,0,0,0
"51159","5","7121","76","0","2016","4","N","Richmond County, Virginia","Private","NAICS 7121 Museums, historical sites, zoos, and parks","County, NAICS 4-digit -- by ownership sector","All establishment sizes",1,0,0,0,0,0,0,0,"N",7.04,0,0,0,0,0,0,0,"N",0,0.0,0,0,0,0,0,0,0,0,0,0,0,0,0,0
"51159","5","71212","77","0","2016","1","N","Richmond County, Virginia","Private","NAICS 71212 Historical sites","County, NAICS 5-digit -- by ownership sector","All establishment sizes",1,0,0,0,0,0,0,0,"N",69.15,0,0,0,0,0,0,0,"N",0,0.0,0,0,0,0,0,0,0,0,0,0,0,0,0,0
"51159","5","71212","77","0","2016","2","N","Richmond County, Virginia","Private","NAICS 71212 Historical sites","County, NAICS 5-digit -- by ownership sector","All establishment sizes",1,0,0,0,0,0,0,0,"N",69.78,0,0,0,0,0,0,0,"N",0,0.0,0,0,0,0,0,0,0,0,0,0,0,0,0,0
"51159","5","71212","77","0","2016","3","N","Richmond County, Virginia","Private","NAICS 71212 Historical sites","County, NAICS 5-digit -- by ownership sector","All establishment sizes",1,0,0,0,0,0,0,0,"N",70.59,0,0,0,0,0,0,0,"N",0,0.0,0,0,0,0,0,0,0,0,0,0,0,0,0,0
"51159","5","71212","77","0","2016","4","N","Richmond County, Virginia","Private","NAICS 71212 Historical sites","County, NAICS 5-digit -- by ownership sector","All establishment sizes",1,0,0,0,0,0,0,0,"N",73.82,0,0,0,0,0,0,0,"N",0,0.0,0,0,0,0,0,0,0,0,0,0,0,0,0,0
"51159","5","712120","78","0","2016","1","N","Richmond County, Virginia","Private","NAICS 712120 Historical sites","County, NAICS 6-digit -- by ownership sector","All establishment sizes",1,0,0,0,0,0,0,0,"N",69.15,0,0,0,0,0,0,0,"N",0,0.0,0,0,0,0,0,0,0,0,0,0,0,0,0,0
"51159","5","712120","78","0","2016","2","N","Richmond County, Virginia","Private","NAICS 712120 Historical sites","County, NAICS 6-digit -- by ownership sector","All establishment sizes",1,0,0,0,0,0,0,0,"N",69.78,0,0,0,0,0,0,0,"N",0,0.0,0,0,0,0,0,0,0,0,0,0,0,0,0,0
"51159","5","712120","78","0","2016","3","N","Richmond County, Virginia","Private","NAICS 712120 Historical sites","County, NAICS 6-digit -- by ownership sector","All establishment sizes",1,0,0,0,0,0,0,0,"N",70.59,0,0,0,0,0,0,0,"N",0,0.0,0,0,0,0,0,0,0,0,0,0,0,0,0,0
"51159","5","712120","78","0","2016","4","N","Richmond County, Virginia","Private","NAICS 712120 Historical sites","County, NAICS 6-digit -- by ownership sector","All establishment sizes",1,0,0,0,0,0,0,0,"N",73.82,0,0,0,0,0,0,0,"N",0,0.0,0,0,0,0,0,0,0,0,0,0,0,0,0,0
"51159","5","713","75","0","2016","1","N","Richmond County, Virginia","Private","NAICS 713 Amusements, gambling, and recreation","County, NAICS 3-digit -- by ownership sector","All establishment sizes",3,0,0,0,0,0,0,0,"N",1.63,0,0,0,0,0,0,0,"N",0,0.0,0,0,0,0,0,0,0,0,0,0,0,0,0,0
"51159","5","713","75","0","2016","2","N","Richmond County, Virginia","Private","NAICS 713 Amusements, gambling, and recreation","County, NAICS 3-digit -- by ownership sector","All establishment sizes",3,0,0,0,0,0,0,0,"N",1.63,0,0,0,0,0,0,0,"N",0,0.0,0,0,0,0,0,0,0,0,0,0,0,0,0,0
"51159","5","713","75","0","2016","3","N","Richmond County, Virginia","Private","NAICS 713 Amusements, gambling, and recreation","County, NAICS 3-digit -- by ownership sector","All establishment sizes",3,0,0,0,0,0,0,0,"N",1.64,0,0,0,0,0,0,0,"N",0,0.0,0,0,0,0,0,0,0,0,0,0,0,0,0,0
"51159","5","713","75","0","2016","4","N","Richmond County, Virginia","Private","NAICS 713 Amusements, gambling, and recreation","County, NAICS 3-digit -- by ownership sector","All establishment sizes",3,0,0,0,0,0,0,0,"N",1.70,0,0,0,0,0,0,0,"N",0,0.0,0,0,0,0,0,0,0,0,0,0,0,0,0,0
"51159","5","7139","76","0","2016","1","N","Richmond County, Virginia","Private","NAICS 7139 Other amusement and recreation industries","County, NAICS 4-digit -- by ownership sector","All establishment sizes",3,0,0,0,0,0,0,0,"N",1.77,0,0,0,0,0,0,0,"N",0,0.0,0,0,0,0,0,0,0,0,0,0,0,0,0,0
"51159","5","7139","76","0","2016","2","N","Richmond County, Virginia","Private","NAICS 7139 Other amusement and recreation industries","County, NAICS 4-digit -- by ownership sector","All establishment sizes",3,0,0,0,0,0,0,0,"N",1.77,0,0,0,0,0,0,0,"N",0,0.0,0,0,0,0,0,0,0,0,0,0,0,0,0,0
"51159","5","7139","76","0","2016","3","N","Richmond County, Virginia","Private","NAICS 7139 Other amusement and recreation industries","County, NAICS 4-digit -- by ownership sector","All establishment sizes",3,0,0,0,0,0,0,0,"N",1.78,0,0,0,0,0,0,0,"N",0,0.0,0,0,0,0,0,0,0,0,0,0,0,0,0,0
"51159","5","7139","76","0","2016","4","N","Richmond County, Virginia","Private","NAICS 7139 Other amusement and recreation industries","County, NAICS 4-digit -- by ownership sector","All establishment sizes",3,0,0,0,0,0,0,0,"N",1.84,0,0,0,0,0,0,0,"N",0,0.0,0,0,0,0,0,0,0,0,0,0,0,0,0,0
"51159","5","71393","77","0","2016","1","N","Richmond County, Virginia","Private","NAICS 71393 Marinas","County, NAICS 5-digit -- by ownership sector","All establishment sizes",2,0,0,0,0,0,0,0,"N",21.39,0,0,0,0,0,0,0,"N",0,0.0,0,0,0,0,0,0,0,0,0,0,0,0,0,0
"51159","5","71393","77","0","2016","2","N","Richmond County, Virginia","Private","NAICS 71393 Marinas","County, NAICS 5-digit -- by ownership sector","All establishment sizes",2,0,0,0,0,0,0,0,"N",21.53,0,0,0,0,0,0,0,"N",0,0.0,0,0,0,0,0,0,0,0,0,0,0,0,0,0
"51159","5","71393","77","0","2016","3","N","Richmond County, Virginia","Private","NAICS 71393 Marinas","County, NAICS 5-digit -- by ownership sector","All establishment sizes",2,0,0,0,0,0,0,0,"N",21.81,0,0,0,0,0,0,0,"N",0,0.0,0,0,0,0,0,0,0,0,0,0,0,0,0,0
"51159","5","71393","77","0","2016","4","N","Richmond County, Virginia","Private","NAICS 71393 Marinas","County, NAICS 5-digit -- by ownership sector","All establishment sizes",2,0,0,0,0,0,0,0,"N",22.76,0,0,0,0,0,0,0,"N",0,0.0,0,0,0,0,0,0,0,0,0,0,0,0,0,0
"51159","5","713930","78","0","2016","1","N","Richmond County, Virginia","Private","NAICS 713930 Marinas","County, NAICS 6-digit -- by ownership sector","All establishment sizes",2,0,0,0,0,0,0,0,"N",21.39,0,0,0,0,0,0,0,"N",0,0.0,0,0,0,0,0,0,0,0,0,0,0,0,0,0
"51159","5","713930","78","0","2016","2","N","Richmond County, Virginia","Private","NAICS 713930 Marinas","County, NAICS 6-digit -- by ownership sector","All establishment sizes",2,0,0,0,0,0,0,0,"N",21.53,0,0,0,0,0,0,0,"N",0,0.0,0,0,0,0,0,0,0,0,0,0,0,0,0,0
"51159","5","713930","78","0","2016","3","N","Richmond County, Virginia","Private","NAICS 713930 Marinas","County, NAICS 6-digit -- by ownership sector","All establishment sizes",2,0,0,0,0,0,0,0,"N",21.81,0,0,0,0,0,0,0,"N",0,0.0,0,0,0,0,0,0,0,0,0,0,0,0,0,0
"51159","5","713930","78","0","2016","4","N","Richmond County, Virginia","Private","NAICS 713930 Marinas","County, NAICS 6-digit -- by ownership sector","All establishment sizes",2,0,0,0,0,0,0,0,"N",22.76,0,0,0,0,0,0,0,"N",0,0.0,0,0,0,0,0,0,0,0,0,0,0,0,0,0
"51159","5","71394","77","0","2016","1","N","Richmond County, Virginia","Private","NAICS 71394 Fitness and recreational sports centers","County, NAICS 5-digit -- by ownership sector","All establishment sizes",1,0,0,0,0,0,0,0,"N",1.26,0,0,0,0,0,0,0,"N",0,0.0,0,0,0,0,0,0,0,0,0,0,0,0,0,0
"51159","5","71394","77","0","2016","2","N","Richmond County, Virginia","Private","NAICS 71394 Fitness and recreational sports centers","County, NAICS 5-digit -- by ownership sector","All establishment sizes",1,0,0,0,0,0,0,0,"N",1.26,0,0,0,0,0,0,0,"N",0,0.0,0,0,0,0,0,0,0,0,0,0,0,0,0,0
"51159","5","71394","77","0","2016","3","N","Richmond County, Virginia","Private","NAICS 71394 Fitness and recreational sports centers","County, NAICS 5-digit -- by ownership sector","All establishment sizes",1,0,0,0,0,0,0,0,"N",1.26,0,0,0,0,0,0,0,"N",0,0.0,0,0,0,0,0,0,0,0,0,0,0,0,0,0
"51159","5","71394","77","0","2016","4","N","Richmond County, Virginia","Private","NAICS 71394 Fitness and recreational sports centers","County, NAICS 5-digit -- by ownership sector","All establishment sizes",1,0,0,0,0,0,0,0,"N",1.30,0,0,0,0,0,0,0,"N",0,0.0,0,0,0,0,0,0,0,0,0,0,0,0,0,0
"51159","5","713940","78","0","2016","1","N","Richmond County, Virginia","Private","NAICS 713940 Fitness and recreational sports centers","County, NAICS 6-digit -- by ownership sector","All establishment sizes",1,0,0,0,0,0,0,0,"N",1.26,0,0,0,0,0,0,0,"N",0,0.0,0,0,0,0,0,0,0,0,0,0,0,0,0,0
"51159","5","713940","78","0","2016","2","N","Richmond County, Virginia","Private","NAICS 713940 Fitness and recreational sports centers","County, NAICS 6-digit -- by ownership sector","All establishment sizes",1,0,0,0,0,0,0,0,"N",1.26,0,0,0,0,0,0,0,"N",0,0.0,0,0,0,0,0,0,0,0,0,0,0,0,0,0
"51159","5","713940","78","0","2016","3","N","Richmond County, Virginia","Private","NAICS 713940 Fitness and recreational sports centers","County, NAICS 6-digit -- by ownership sector","All establishment sizes",1,0,0,0,0,0,0,0,"N",1.26,0,0,0,0,0,0,0,"N",0,0.0,0,0,0,0,0,0,0,0,0,0,0,0,0,0
"51159","5","713940","78","0","2016","4","N","Richmond County, Virginia","Private","NAICS 713940 Fitness and recreational sports centers","County, NAICS 6-digit -- by ownership sector","All establishment sizes",1,0,0,0,0,0,0,0,"N",1.30,0,0,0,0,0,0,0,"N",0,0.0,0,0,0,0,0,0,0,0,0,0,0,0,0,0
"51159","5","72","74","0","2016","1","","Richmond County, Virginia","Private","NAICS 72 Accommodation and food services","County, NAICS Sector -- by ownership sector","All establishment sizes",12,115,115,116,380005,347976,3161,253,"",0.75,0.45,0.44,0.44,0.47,0.50,0.43,1.05,"",1,9.1,4,3.6,6,5.5,1,0.9,64305,20.4,63287,22.2,-555,-14.9,36,16.6
"51159","5","72","74","0","2016","2","","Richmond County, Virginia","Private","NAICS 72 Accommodation and food services","County, NAICS Sector -- by ownership sector","All establishment sizes",12,118,134,129,409508,279250,2746,248,"",0.75,0.44,0.49,0.46,0.43,0.71,0.57,0.93,"",1,9.1,-1,-0.8,7,5.5,-2,-1.5,19351,5.0,24567,9.6,-839,-23.4,9,3.8
"51159","5","72","74","0","2016","3","","Richmond County, Virginia","Private","NAICS 72 Accommodation and food services","County, NAICS Sector -- by ownership sector","All establishment sizes",12,140,132,125,443493,220245,2302,258,"",0.75,0.53,0.47,0.46,0.44,0.78,0.61,0.91,"",1,9.1,11,8.5,4,3.1,10,8.7,43611,10.9,20600,10.3,-803,-25.9,10,4.0
"51159","5","72","74","0","2016","4","N","Richmond County, Virginia","Private","NAICS 72 Accommodation and food services","County, NAICS Sector -- by ownership sector","All establishment sizes",12,0,0,0,0,0,0,0,"N",0.78,0,0,0,0,0,0,0,"N",0,0.0,0,0,0,0,0,0,0,0,0,0,0,0,0,0
"51159","5","721","75","0","2016","1","N","Richmond County, Virginia","Private","NAICS 721 Accommodation","County, NAICS 3-digit -- by ownership sector","All establishment sizes",3,0,0,0,0,0,0,0,"N",1.86,0,0,0,0,0,0,0,"N",0,0.0,0,0,0,0,0,0,0,0,0,0,0,0,0,0
"51159","5","721","75","0","2016","2","","Richmond County, Virginia","Private","NAICS 721 Accommodation","County, NAICS 3-digit -- by ownership sector","All establishment sizes",3,17,19,17,40399,35669,924,176,"",1.87,0.44,0.48,0.41,0.19,0.50,0.93,0.44,"",0,0.0,4,30.8,4,26.7,4,30.8,8490,26.6,5443,18.0,53,6.1,-4,-2.2
"51159","5","721","75","0","2016","3","","Richmond County, Virginia","Private","NAICS 721 Accommodation","County, NAICS 3-digit -- by ownership sector","All establishment sizes",3,15,15,17,42631,28845,813,209,"",1.88,0.37,0.35,0.42,0.19,0.56,1.01,0.50,"",0,0.0,-1,-6.2,1,7.1,2,13.3,12414,41.1,8553,42.1,157,23.9,54,34.8
"51159","5","721","75","0","2016","4","N","Richmond County, Virginia","Private","NAICS 721 Accommodation","County, NAICS 3-digit -- by ownership sector","All establishment sizes",3,0,0,0,0,0,0,0,"N",1.95,0,0,0,0,0,0,0,"N",0,0.0,0,0,0,0,0,0,0,0,0,0,0,0,0,0
"51159","5","7211","76","0","2016","1","N","Richmond County, Virginia","Private","NAICS 7211 Traveler accommodation","County, NAICS 4-digit -- by ownership sector","All establishment sizes",1,0,0,0,0,0,0,0,"N",0.72,0,0,0,0,0,0,0,"N",0,0.0,0,0,0,0,0,0,0,0,0,0,0,0,0,0
"51159","5","7211","76","0","2016","2","N","Richmond County, Virginia","Private","NAICS 7211 Traveler accommodation","County, NAICS 4-digit -- by ownership sector","All establishment sizes",1,0,0,0,0,0,0,0,"N",0.72,0,0,0,0,0,0,0,"N",0,0.0,0,0,0,0,0,0,0,0,0,0,0,0,0,0
"51159","5","7211","76","0","2016","3","N","Richmond County, Virginia","Private","NAICS 7211 Traveler accommodation","County, NAICS 4-digit -- by ownership sector","All establishment sizes",1,0,0,0,0,0,0,0,"N",0.72,0,0,0,0,0,0,0,"N",0,0.0,0,0,0,0,0,0,0,0,0,0,0,0,0,0
"51159","5","7211","76","0","2016","4","N","Richmond County, Virginia","Private","NAICS 7211 Traveler accommodation","County, NAICS 4-digit -- by ownership sector","All establishment sizes",1,0,0,0,0,0,0,0,"N",0.75,0,0,0,0,0,0,0,"N",0,0.0,0,0,0,0,0,0,0,0,0,0,0,0,0,0
"51159","5","72111","77","0","2016","1","N","Richmond County, Virginia","Private","NAICS 72111 Hotels and motels, except casino hotels","County, NAICS 5-digit -- by ownership sector","All establishment sizes",1,0,0,0,0,0,0,0,"N",0.78,0,0,0,0,0,0,0,"N",0,0.0,0,0,0,0,0,0,0,0,0,0,0,0,0,0
"51159","5","72111","77","0","2016","2","N","Richmond County, Virginia","Private","NAICS 72111 Hotels and motels, except casino hotels","County, NAICS 5-digit -- by ownership sector","All establishment sizes",1,0,0,0,0,0,0,0,"N",0.79,0,0,0,0,0,0,0,"N",0,0.0,0,0,0,0,0,0,0,0,0,0,0,0,0,0
"51159","5","72111","77","0","2016","3","N","Richmond County, Virginia","Private","NAICS 72111 Hotels and motels, except casino hotels","County, NAICS 5-digit -- by ownership sector","All establishment sizes",1,0,0,0,0,0,0,0,"N",0.79,0,0,0,0,0,0,0,"N",0,0.0,0,0,0,0,0,0,0,0,0,0,0,0,0,0
"51159","5","72111","77","0","2016","4","N","Richmond County, Virginia","Private","NAICS 72111 Hotels and motels, except casino hotels","County, NAICS 5-digit -- by ownership sector","All establishment sizes",1,0,0,0,0,0,0,0,"N",0.82,0,0,0,0,0,0,0,"N",0,0.0,0,0,0,0,0,0,0,0,0,0,0,0,0,0
"51159","5","721110","78","0","2016","1","N","Richmond County, Virginia","Private","NAICS 721110 Hotels and motels, except casino hotels","County, NAICS 6-digit -- by ownership sector","All establishment sizes",1,0,0,0,0,0,0,0,"N",0.78,0,0,0,0,0,0,0,"N",0,0.0,0,0,0,0,0,0,0,0,0,0,0,0,0,0
"51159","5","721110","78","0","2016","2","N","Richmond County, Virginia","Private","NAICS 721110 Hotels and motels, except casino hotels","County, NAICS 6-digit -- by ownership sector","All establishment sizes",1,0,0,0,0,0,0,0,"N",0.79,0,0,0,0,0,0,0,"N",0,0.0,0,0,0,0,0,0,0,0,0,0,0,0,0,0
"51159","5","721110","78","0","2016","3","N","Richmond County, Virginia","Private","NAICS 721110 Hotels and motels, except casino hotels","County, NAICS 6-digit -- by ownership sector","All establishment sizes",1,0,0,0,0,0,0,0,"N",0.79,0,0,0,0,0,0,0,"N",0,0.0,0,0,0,0,0,0,0,0,0,0,0,0,0,0
"51159","5","721110","78","0","2016","4","N","Richmond County, Virginia","Private","NAICS 721110 Hotels and motels, except casino hotels","County, NAICS 6-digit -- by ownership sector","All establishment sizes",1,0,0,0,0,0,0,0,"N",0.82,0,0,0,0,0,0,0,"N",0,0.0,0,0,0,0,0,0,0,0,0,0,0,0,0,0
"51159","5","7212","76","0","2016","1","N","Richmond County, Virginia","Private","NAICS 7212 Rv parks and recreational camps","County, NAICS 4-digit -- by ownership sector","All establishment sizes",2,0,0,0,0,0,0,0,"N",11.98,0,0,0,0,0,0,0,"N",0,0.0,0,0,0,0,0,0,0,0,0,0,0,0,0,0
"51159","5","7212","76","0","2016","2","N","Richmond County, Virginia","Private","NAICS 7212 Rv parks and recreational camps","County, NAICS 4-digit -- by ownership sector","All establishment sizes",2,0,0,0,0,0,0,0,"N",11.99,0,0,0,0,0,0,0,"N",0,0.0,0,0,0,0,0,0,0,0,0,0,0,0,0,0
"51159","5","7212","76","0","2016","3","N","Richmond County, Virginia","Private","NAICS 7212 Rv parks and recreational camps","County, NAICS 4-digit -- by ownership sector","All establishment sizes",2,0,0,0,0,0,0,0,"N",12.00,0,0,0,0,0,0,0,"N",0,0.0,0,0,0,0,0,0,0,0,0,0,0,0,0,0
"51159","5","7212","76","0","2016","4","N","Richmond County, Virginia","Private","NAICS 7212 Rv parks and recreational camps","County, NAICS 4-digit -- by ownership sector","All establishment sizes",2,0,0,0,0,0,0,0,"N",12.50,0,0,0,0,0,0,0,"N",0,0.0,0,0,0,0,0,0,0,0,0,0,0,0,0,0
"51159","5","72121","77","0","2016","1","N","Richmond County, Virginia","Private","NAICS 72121 Rv parks and recreational camps","County, NAICS 5-digit -- by ownership sector","All establishment sizes",2,0,0,0,0,0,0,0,"N",11.98,0,0,0,0,0,0,0,"N",0,0.0,0,0,0,0,0,0,0,0,0,0,0,0,0,0
"51159","5","72121","77","0","2016","2","N","Richmond County, Virginia","Private","NAICS 72121 Rv parks and recreational camps","County, NAICS 5-digit -- by ownership sector","All establishment sizes",2,0,0,0,0,0,0,0,"N",11.99,0,0,0,0,0,0,0,"N",0,0.0,0,0,0,0,0,0,0,0,0,0,0,0,0,0
"51159","5","72121","77","0","2016","3","N","Richmond County, Virginia","Private","NAICS 72121 Rv parks and recreational camps","County, NAICS 5-digit -- by ownership sector","All establishment sizes",2,0,0,0,0,0,0,0,"N",12.00,0,0,0,0,0,0,0,"N",0,0.0,0,0,0,0,0,0,0,0,0,0,0,0,0,0
"51159","5","72121","77","0","2016","4","N","Richmond County, Virginia","Private","NAICS 72121 Rv parks and recreational camps","County, NAICS 5-digit -- by ownership sector","All establishment sizes",2,0,0,0,0,0,0,0,"N",12.50,0,0,0,0,0,0,0,"N",0,0.0,0,0,0,0,0,0,0,0,0,0,0,0,0,0
"51159","5","721211","78","0","2016","1","N","Richmond County, Virginia","Private","NAICS 721211 Rv parks and campgrounds","County, NAICS 6-digit -- by ownership sector","All establishment sizes",2,0,0,0,0,0,0,0,"N",19.60,0,0,0,0,0,0,0,"N",0,0.0,0,0,0,0,0,0,0,0,0,0,0,0,0,0
"51159","5","721211","78","0","2016","2","N","Richmond County, Virginia","Private","NAICS 721211 Rv parks and campgrounds","County, NAICS 6-digit -- by ownership sector","All establishment sizes",2,0,0,0,0,0,0,0,"N",19.54,0,0,0,0,0,0,0,"N",0,0.0,0,0,0,0,0,0,0,0,0,0,0,0,0,0
"51159","5","721211","78","0","2016","3","N","Richmond County, Virginia","Private","NAICS 721211 Rv parks and campgrounds","County, NAICS 6-digit -- by ownership sector","All establishment sizes",2,0,0,0,0,0,0,0,"N",19.55,0,0,0,0,0,0,0,"N",0,0.0,0,0,0,0,0,0,0,0,0,0,0,0,0,0
"51159","5","721211","78","0","2016","4","N","Richmond County, Virginia","Private","NAICS 721211 Rv parks and campgrounds","County, NAICS 6-digit -- by ownership sector","All establishment sizes",2,0,0,0,0,0,0,0,"N",20.33,0,0,0,0,0,0,0,"N",0,0.0,0,0,0,0,0,0,0,0,0,0,0,0,0,0
"51159","5","722","75","0","2016","1","N","Richmond County, Virginia","Private","NAICS 722 Food services and drinking places","County, NAICS 3-digit -- by ownership sector","All establishment sizes",9,0,0,0,0,0,0,0,"N",0.63,0,0,0,0,0,0,0,"N",1,12.5,0,0,0,0,0,0,0,0,0,0,0,0,0,0
"51159","5","722","75","0","2016","2","","Richmond County, Virginia","Private","NAICS 722 Food services and drinking places","County, NAICS 3-digit -- by ownership sector","All establishment sizes",9,101,115,112,369109,243581,1822,260,"",0.63,0.44,0.49,0.47,0.50,0.75,0.47,1.06,"",1,12.5,-5,-4.7,3,2.7,-6,-5.1,10861,3.0,19124,8.5,-892,-32.9,14,5.7
"51159","5","722","75","0","2016","3","","Richmond County, Virginia","Private","NAICS 722 Food services and drinking places","County, NAICS 3-digit -- by ownership sector","All establishment sizes",9,125,117,108,400862,191400,1489,264,"",0.63,0.56,0.49,0.46,0.51,0.83,0.50,1.02,"",1,12.5,12,10.6,3,2.6,8,8.0,31197,8.4,12047,6.7,-960,-39.2,3,1.1
"51159","5","722","75","0","2016","4","","Richmond County, Virginia","Private","NAICS 722 Food services and drinking places","County, NAICS 3-digit -- by ownership sector","All establishment sizes",9,115,115,112,373489,135867,1017,252,"",0.65,0.50,0.50,0.49,0.51,0.76,0.43,1.02,"N",0,0.0,0,0,0,0,0,0,0,0,0,0,0,0,0,0
"51159","5","7223","76","0","2016","1","N","Richmond County, Virginia","Private","NAICS 7223 Special food services","County, NAICS 4-digit -- by ownership sector","All establishment sizes",1,0,0,0,0,0,0,0,"N",1.14,0,0,0,0,0,0,0,"N",0,0.0,0,0,0,0,0,0,0,0,0,0,0,0,0,0
"51159","5","7223","76","0","2016","2","-","Richmond County, Virginia","Private","NAICS 7223 Special food services","County, NAICS 4-digit -- by ownership sector","All establishment sizes",0,0,0,0,0,0,0,0,"N",0.00,0,0,0,0,0,0,0,"N",-1,-100.0,0,0,0,0,0,0,0,0,0,0,0,0,0,0
"51159","5","7223","76","0","2016","3","-","Richmond County, Virginia","Private","NAICS 7223 Special food services","County, NAICS 4-digit -- by ownership sector","All establishment sizes",0,0,0,0,0,0,0,0,"N",0.00,0,0,0,0,0,0,0,"N",-1,-100.0,0,0,0,0,0,0,0,0,0,0,0,0,0,0
"51159","5","7223","76","0","2016","4","-","Richmond County, Virginia","Private","NAICS 7223 Special food services","County, NAICS 4-digit -- by ownership sector","All establishment sizes",0,0,0,0,0,0,0,0,"N",0.00,0,0,0,0,0,0,0,"N",-1,-100.0,0,0,0,0,0,0,0,0,0,0,0,0,0,0
"51159","5","72231","77","0","2016","1","N","Richmond County, Virginia","Private","NAICS 72231 Food service contractors","County, NAICS 5-digit -- by ownership sector","All establishment sizes",1,0,0,0,0,0,0,0,"N",1.98,0,0,0,0,0,0,0,"N",0,0.0,0,0,0,0,0,0,0,0,0,0,0,0,0,0
"51159","5","72231","77","0","2016","2","-","Richmond County, Virginia","Private","NAICS 72231 Food service contractors","County, NAICS 5-digit -- by ownership sector","All establishment sizes",0,0,0,0,0,0,0,0,"N",0.00,0,0,0,0,0,0,0,"N",-1,-100.0,0,0,0,0,0,0,0,0,0,0,0,0,0,0
"51159","5","72231","77","0","2016","3","-","Richmond County, Virginia","Private","NAICS 72231 Food service contractors","County, NAICS 5-digit -- by ownership sector","All establishment sizes",0,0,0,0,0,0,0,0,"N",0.00,0,0,0,0,0,0,0,"N",-1,-100.0,0,0,0,0,0,0,0,0,0,0,0,0,0,0
"51159","5","72231","77","0","2016","4","-","Richmond County, Virginia","Private","NAICS 72231 Food service contractors","County, NAICS 5-digit -- by ownership sector","All establishment sizes",0,0,0,0,0,0,0,0,"N",0.00,0,0,0,0,0,0,0,"N",-1,-100.0,0,0,0,0,0,0,0,0,0,0,0,0,0,0
"51159","5","722310","78","0","2016","1","N","Richmond County, Virginia","Private","NAICS 722310 Food service contractors","County, NAICS 6-digit -- by ownership sector","All establishment sizes",1,0,0,0,0,0,0,0,"N",1.98,0,0,0,0,0,0,0,"N",0,0.0,0,0,0,0,0,0,0,0,0,0,0,0,0,0
"51159","5","722310","78","0","2016","2","-","Richmond County, Virginia","Private","NAICS 722310 Food service contractors","County, NAICS 6-digit -- by ownership sector","All establishment sizes",0,0,0,0,0,0,0,0,"N",0.00,0,0,0,0,0,0,0,"N",-1,-100.0,0,0,0,0,0,0,0,0,0,0,0,0,0,0
"51159","5","722310","78","0","2016","3","-","Richmond County, Virginia","Private","NAICS 722310 Food service contractors","County, NAICS 6-digit -- by ownership sector","All establishment sizes",0,0,0,0,0,0,0,0,"N",0.00,0,0,0,0,0,0,0,"N",-1,-100.0,0,0,0,0,0,0,0,0,0,0,0,0,0,0
"51159","5","722310","78","0","2016","4","-","Richmond County, Virginia","Private","NAICS 722310 Food service contractors","County, NAICS 6-digit -- by ownership sector","All establishment sizes",0,0,0,0,0,0,0,0,"N",0.00,0,0,0,0,0,0,0,"N",-1,-100.0,0,0,0,0,0,0,0,0,0,0,0,0,0,0
"51159","5","7225","76","0","2016","1","","Richmond County, Virginia","Private","NAICS 7225 Restaurants and other eating places","County, NAICS 4-digit -- by ownership sector","All establishment sizes",8,101,101,103,338738,308888,2133,256,"",0.64,0.51,0.50,0.50,0.60,0.63,0.48,1.20,"",1,14.3,3,3.1,6,6.3,2,2.0,56928,20.2,56077,22.2,-638,-23.0,35,15.8
"51159","5","7225","76","0","2016","2","","Richmond County, Virginia","Private","NAICS 7225 Restaurants and other eating places","County, NAICS 4-digit -- by ownership sector","All establishment sizes",9,101,115,112,369109,243581,1822,260,"",0.72,0.48,0.54,0.52,0.56,0.83,0.58,1.09,"N",2,28.6,0,0,0,0,0,0,0,0,0,0,0,0,0,0
"51159","5","7225","76","0","2016","3","","Richmond County, Virginia","Private","NAICS 7225 Restaurants and other eating places","County, NAICS 4-digit -- by ownership sector","All establishment sizes",9,125,117,108,400862,191400,1489,264,"",0.72,0.61,0.54,0.51,0.58,0.92,0.60,1.04,"N",2,28.6,0,0,0,0,0,0,0,0,0,0,0,0,0,0
"51159","5","7225","76","0","2016","4","","Richmond County, Virginia","Private","NAICS 7225 Restaurants and other eating places","County, NAICS 4-digit -- by ownership sector","All establishment sizes",9,115,115,112,373489,135867,1017,252,"",0.75,0.55,0.56,0.54,0.58,0.84,0.52,1.05,"N",1,12.5,0,0,0,0,0,0,0,0,0,0,0,0,0,0
"51159","5","72251","77","0","2016","1","","Richmond County, Virginia","Private","NAICS 72251 Restaurants and other eating places","County, NAICS 5-digit -- by ownership sector","All establishment sizes",8,101,101,103,338738,308888,2133,256,"",0.64,0.51,0.50,0.50,0.60,0.63,0.48,1.20,"",1,14.3,3,3.1,6,6.3,2,2.0,56928,20.2,56077,22.2,-638,-23.0,35,15.8
"51159","5","72251","77","0","2016","2","","Richmond County, Virginia","Private","NAICS 72251 Restaurants and other eating places","County, NAICS 5-digit -- by ownership sector","All establishment sizes",9,101,115,112,369109,243581,1822,260,"",0.72,0.48,0.54,0.52,0.56,0.83,0.58,1.09,"N",2,28.6,0,0,0,0,0,0,0,0,0,0,0,0,0,0
"51159","5","72251","77","0","2016","3","","Richmond County, Virginia","Private","NAICS 72251 Restaurants and other eating places","County, NAICS 5-digit -- by ownership sector","All establishment sizes",9,125,117,108,400862,191400,1489,264,"",0.72,0.61,0.54,0.51,0.58,0.92,0.60,1.04,"N",2,28.6,0,0,0,0,0,0,0,0,0,0,0,0,0,0
"51159","5","72251","77","0","2016","4","","Richmond County, Virginia","Private","NAICS 72251 Restaurants and other eating places","County, NAICS 5-digit -- by ownership sector","All establishment sizes",9,115,115,112,373489,135867,1017,252,"",0.75,0.55,0.56,0.54,0.58,0.84,0.52,1.05,"N",1,12.5,0,0,0,0,0,0,0,0,0,0,0,0,0,0
"51159","5","722511","78","0","2016","1","N","Richmond County, Virginia","Private","NAICS 722511 Full-service restaurants","County, NAICS 6-digit -- by ownership sector","All establishment sizes",6,0,0,0,0,0,0,0,"N",1.07,0,0,0,0,0,0,0,"N",1,20.0,0,0,0,0,0,0,0,0,0,0,0,0,0,0
"51159","5","722511","78","0","2016","2","N","Richmond County, Virginia","Private","NAICS 722511 Full-service restaurants","County, NAICS 6-digit -- by ownership sector","All establishment sizes",6,0,0,0,0,0,0,0,"N",1.07,0,0,0,0,0,0,0,"N",1,20.0,0,0,0,0,0,0,0,0,0,0,0,0,0,0
"51159","5","722511","78","0","2016","3","N","Richmond County, Virginia","Private","NAICS 722511 Full-service restaurants","County, NAICS 6-digit -- by ownership sector","All establishment sizes",6,0,0,0,0,0,0,0,"N",1.08,0,0,0,0,0,0,0,"N",1,20.0,0,0,0,0,0,0,0,0,0,0,0,0,0,0
"51159","5","722511","78","0","2016","4","N","Richmond County, Virginia","Private","NAICS 722511 Full-service restaurants","County, NAICS 6-digit -- by ownership sector","All establishment sizes",6,0,0,0,0,0,0,0,"N",1.12,0,0,0,0,0,0,0,"N",0,0.0,0,0,0,0,0,0,0,0,0,0,0,0,0,0
"51159","5","722513","78","0","2016","1","N","Richmond County, Virginia","Private","NAICS 722513 Limited-service restaurants","County, NAICS 6-digit -- by ownership sector","All establishment sizes",2,0,0,0,0,0,0,0,"N",0.37,0,0,0,0,0,0,0,"N",0,0.0,0,0,0,0,0,0,0,0,0,0,0,0,0,0
"51159","5","722513","78","0","2016","2","N","Richmond County, Virginia","Private","NAICS 722513 Limited-service restaurants","County, NAICS 6-digit -- by ownership sector","All establishment sizes",3,0,0,0,0,0,0,0,"N",0.55,0,0,0,0,0,0,0,"N",1,50.0,0,0,0,0,0,0,0,0,0,0,0,0,0,0
"51159","5","722513","78","0","2016","3","N","Richmond County, Virginia","Private","NAICS 722513 Limited-service restaurants","County, NAICS 6-digit -- by ownership sector","All establishment sizes",3,0,0,0,0,0,0,0,"N",0.55,0,0,0,0,0,0,0,"N",1,50.0,0,0,0,0,0,0,0,0,0,0,0,0,0,0
"51159","5","722513","78","0","2016","4","N","Richmond County, Virginia","Private","NAICS 722513 Limited-service restaurants","County, NAICS 6-digit -- by ownership sector","All establishment sizes",3,0,0,0,0,0,0,0,"N",0.58,0,0,0,0,0,0,0,"N",1,50.0,0,0,0,0,0,0,0,0,0,0,0,0,0,0
"51159","5","81","74","0","2016","1","","Richmond County, Virginia","Private","NAICS 81 Other services, except public administration","County, NAICS Sector -- by ownership sector","All establishment sizes",20,157,157,154,1212879,831960,8238,598,"",1.02,1.83,1.80,1.75,2.47,2.69,2.15,1.38,"",0,0.0,19,13.8,17,12.1,14,10.0,234951,24.0,149226,21.9,4358,112.3,58,10.7
"51159","5","81","74","0","2016","2","","Richmond County, Virginia","Private","NAICS 81 Other services, except public administration","County, NAICS Sector -- by ownership sector","All establishment sizes",20,162,159,161,1316391,168627,1959,630,"",1.03,1.81,1.79,1.77,2.37,1.45,1.26,1.32,"",-4,-16.7,28,20.9,25,18.7,30,22.9,203669,18.3,40192,31.3,984,100.9,-14,-2.2
"51159","5","81","74","0","2016","3","","Richmond County, Virginia","Private","NAICS 81 Other services, except public administration","County, NAICS Sector -- by ownership sector","All establishment sizes",20,164,161,155,1398775,100859,1000,672,"",1.03,1.91,1.77,1.74,2.42,1.42,0.97,1.34,"",-3,-13.0,21,14.7,20,14.2,12,8.4,370582,36.0,7064,7.5,315,46.0,116,20.9
"51159","5","81","74","0","2016","4","","Richmond County, Virginia","Private","NAICS 81 Other services, except public administration","County, NAICS Sector -- by ownership sector","All establishment sizes",17,134,134,131,1265388,76059,1338,732,"",0.91,1.50,1.52,1.48,2.24,1.41,1.59,1.49,"",-5,-22.7,0,0.0,-16,-10.7,-23,-14.9,-143150,-10.2,-96845,-56.0,-2089,-61.0,-10,-1.3
"51159","5","811","75","0","2016","1","","Richmond County, Virginia","Private","NAICS 811 Repair and maintenance","County, NAICS 3-digit -- by ownership sector","All establishment sizes",11,87,88,90,787010,601075,5856,685,"",2.05,3.42,3.39,3.43,4.66,4.96,3.77,1.36,"",3,37.5,26,42.6,27,44.3,29,47.5,312147,65.7,220604,58.0,4182,249.8,86,14.4
"51159","5","811","75","0","2016","2","","Richmond County, Virginia","Private","NAICS 811 Repair and maintenance","County, NAICS 3-digit -- by ownership sector","All establishment sizes",11,92,92,93,846252,130723,1538,705,"",2.06,3.48,3.51,3.49,4.37,3.13,2.69,1.25,"",-1,-8.3,33,55.9,33,55.9,38,69.1,319343,60.6,49871,61.7,852,124.2,2,0.3
"51159","5","811","75","0","2016","3","","Richmond County, Virginia","Private","NAICS 811 Repair and maintenance","County, NAICS 3-digit -- by ownership sector","All establishment sizes",11,94,92,90,865117,78257,751,723,"",2.07,3.75,3.46,3.43,4.29,3.27,2.15,1.21,"",0,0.0,26,38.2,24,35.3,22,32.4,279964,47.8,16941,27.6,250,49.9,61,9.2
"51159","5","811","75","0","2016","4","","Richmond County, Virginia","Private","NAICS 811 Repair and maintenance","County, NAICS 3-digit -- by ownership sector","All establishment sizes",10,88,89,88,849139,72057,1210,739,"",1.96,3.35,3.45,3.39,4.28,4.04,4.15,1.26,"",-2,-16.7,21,31.3,8,9.9,2,2.3,38513,4.8,-71927,-50.0,-2089,-63.3,-60,-7.5
"51159","5","8111","76","0","2016","1","","Richmond County, Virginia","Private","NAICS 8111 Automotive repair and maintenance","County, NAICS 4-digit -- by ownership sector","All establishment sizes",6,21,21,20,128812,119948,1842,479,"",1.58,1.17,1.15,1.08,1.24,1.50,1.96,1.09,"",1,20.0,9,75.0,9,75.0,8,66.7,66993,108.4,65194,119.1,1601,664.3,83,21.0
"51159","5","8111","76","0","2016","2","","Richmond County, Virginia","Private","NAICS 8111 Automotive repair and maintenance","County, NAICS 4-digit -- by ownership sector","All establishment sizes",6,23,20,20,145996,40622,746,535,"",1.59,1.23,1.08,1.06,1.21,1.37,1.97,1.07,"",-2,-25.0,11,91.7,8,66.7,8,66.7,71162,95.1,6458,18.9,265,55.1,55,11.5
"51159","5","8111","76","0","2016","3","","Richmond County, Virginia","Private","NAICS 8111 Automotive repair and maintenance","County, NAICS 4-digit -- by ownership sector","All establishment sizes",6,24,22,21,146751,23647,461,505,"",1.60,1.35,1.17,1.13,1.15,1.36,1.94,0.95,"",-1,-14.3,3,14.3,1,4.8,0,0.0,19771,15.6,-11236,-32.2,76,19.7,40,8.6
"51159","5","8111","76","0","2016","4","","Richmond County, Virginia","Private","NAICS 8111 Automotive repair and maintenance","County, NAICS 4-digit -- by ownership sector","All establishment sizes",5,21,22,21,138645,25385,675,500,"",1.39,1.14,1.21,1.15,1.14,1.99,3.63,0.98,"",-2,-28.6,0,0.0,0,0.0,-1,-4.5,-10861,-7.3,7611,42.8,582,625.8,-31,-5.8
"51159","5","81111","77","0","2016","1","N","Richmond County, Virginia","Private","NAICS 81111 Automotive mechanical and electrical repair","County, NAICS 5-digit -- by ownership sector","All establishment sizes",4,0,0,0,0,0,0,0,"N",1.82,0,0,0,0,0,0,0,"N",0,0.0,0,0,0,0,0,0,0,0,0,0,0,0,0,0
"51159","5","81111","77","0","2016","2","N","Richmond County, Virginia","Private","NAICS 81111 Automotive mechanical and electrical repair","County, NAICS 5-digit -- by ownership sector","All establishment sizes",4,0,0,0,0,0,0,0,"N",1.84,0,0,0,0,0,0,0,"N",-1,-20.0,0,0,0,0,0,0,0,0,0,0,0,0,0,0
"51159","5","81111","77","0","2016","3","N","Richmond County, Virginia","Private","NAICS 81111 Automotive mechanical and electrical repair","County, NAICS 5-digit -- by ownership sector","All establishment sizes",4,0,0,0,0,0,0,0,"N",1.85,0,0,0,0,0,0,0,"N",0,0.0,0,0,0,0,0,0,0,0,0,0,0,0,0,0
"51159","5","81111","77","0","2016","4","N","Richmond County, Virginia","Private","NAICS 81111 Automotive mechanical and electrical repair","County, NAICS 5-digit -- by ownership sector","All establishment sizes",3,0,0,0,0,0,0,0,"N",1.45,0,0,0,0,0,0,0,"N",-1,-25.0,0,0,0,0,0,0,0,0,0,0,0,0,0,0
"51159","5","811111","78","0","2016","1","","Richmond County, Virginia","Private","NAICS 811111 General automotive repair","County, NAICS 6-digit -- by ownership sector","All establishment sizes",3,10,10,10,55204,52800,186,425,"",1.59,1.47,1.45,1.44,1.32,1.62,0.50,0.91,"",0,0.0,-1,-9.1,-1,-9.1,-1,-9.1,5865,11.9,6046,12.9,-20,-9.7,80,23.2
"51159","5","811111","78","0","2016","2","","Richmond County, Virginia","Private","NAICS 811111 General automotive repair","County, NAICS 6-digit -- by ownership sector","All establishment sizes",3,10,9,9,54069,18516,126,446,"",1.60,1.43,1.30,1.28,1.12,1.62,0.89,0.84,"",-1,-25.0,1,11.1,0,0.0,0,0.0,1631,3.1,-5732,-23.6,-73,-36.7,-2,-0.4
"51159","5","811111","78","0","2016","3","","Richmond County, Virginia","Private","NAICS 811111 General automotive repair","County, NAICS 6-digit -- by ownership sector","All establishment sizes",3,9,9,9,55259,7744,13,472,"",1.61,1.35,1.27,1.29,1.09,1.19,0.15,0.83,"",0,0.0,0,0.0,0,0.0,0,0.0,-136,-0.2,-9558,-55.2,-164,-92.7,-1,-0.2
"51159","5","811111","78","0","2016","4","N","Richmond County, Virginia","Private","NAICS 811111 General automotive repair","County, NAICS 6-digit -- by ownership sector","All establishment sizes",3,0,0,0,0,0,0,0,"N",1.68,0,0,0,0,0,0,0,"N",0,0.0,0,0,0,0,0,0,0,0,0,0,0,0,0,0
"51159","5","811113","78","0","2016","1","N","Richmond County, Virginia","Private","NAICS 811113 Automotive transmission repair","County, NAICS 6-digit -- by ownership sector","All establishment sizes",1,0,0,0,0,0,0,0,"N",9.33,0,0,0,0,0,0,0,"N",0,0.0,0,0,0,0,0,0,0,0,0,0,0,0,0,0
"51159","5","811113","78","0","2016","2","N","Richmond County, Virginia","Private","NAICS 811113 Automotive transmission repair","County, NAICS 6-digit -- by ownership sector","All establishment sizes",1,0,0,0,0,0,0,0,"N",9.47,0,0,0,0,0,0,0,"N",0,0.0,0,0,0,0,0,0,0,0,0,0,0,0,0,0
"51159","5","811113","78","0","2016","3","N","Richmond County, Virginia","Private","NAICS 811113 Automotive transmission repair","County, NAICS 6-digit -- by ownership sector","All establishment sizes",1,0,0,0,0,0,0,0,"N",9.65,0,0,0,0,0,0,0,"N",0,0.0,0,0,0,0,0,0,0,0,0,0,0,0,0,0
"51159","5","811113","78","0","2016","4","-","Richmond County, Virginia","Private","NAICS 811113 Automotive transmission repair","County, NAICS 6-digit -- by ownership sector","All establishment sizes",0,0,0,0,0,0,0,0,"N",0.00,0,0,0,0,0,0,0,"N",-1,-100.0,0,0,0,0,0,0,0,0,0,0,0,0,0,0
"51159","5","81112","77","0","2016","1","N","Richmond County, Virginia","Private","NAICS 81112 Automotive body, interior, and glass repair","County, NAICS 5-digit -- by ownership sector","All establishment sizes",2,0,0,0,0,0,0,0,"N",2.09,0,0,0,0,0,0,0,"N",1,100.0,0,0,0,0,0,0,0,0,0,0,0,0,0,0
"51159","5","81112","77","0","2016","2","N","Richmond County, Virginia","Private","NAICS 81112 Automotive body, interior, and glass repair","County, NAICS 5-digit -- by ownership sector","All establishment sizes",2,0,0,0,0,0,0,0,"N",2.11,0,0,0,0,0,0,0,"N",-1,-33.3,0,0,0,0,0,0,0,0,0,0,0,0,0,0
"51159","5","81112","77","0","2016","3","N","Richmond County, Virginia","Private","NAICS 81112 Automotive body, interior, and glass repair","County, NAICS 5-digit -- by ownership sector","All establishment sizes",2,0,0,0,0,0,0,0,"N",2.12,0,0,0,0,0,0,0,"N",-1,-33.3,0,0,0,0,0,0,0,0,0,0,0,0,0,0
"51159","5","81112","77","0","2016","4","N","Richmond County, Virginia","Private","NAICS 81112 Automotive body, interior, and glass repair","County, NAICS 5-digit -- by ownership sector","All establishment sizes",2,0,0,0,0,0,0,0,"N",2.21,0,0,0,0,0,0,0,"N",-1,-33.3,0,0,0,0,0,0,0,0,0,0,0,0,0,0
"51159","5","811121","78","0","2016","1","N","Richmond County, Virginia","Private","NAICS 811121 Automotive body and interior repair","County, NAICS 6-digit -- by ownership sector","All establishment sizes",1,0,0,0,0,0,0,0,"N",1.22,0,0,0,0,0,0,0,"N",0,0.0,0,0,0,0,0,0,0,0,0,0,0,0,0,0
"51159","5","811121","78","0","2016","2","N","Richmond County, Virginia","Private","NAICS 811121 Automotive body and interior repair","County, NAICS 6-digit -- by ownership sector","All establishment sizes",1,0,0,0,0,0,0,0,"N",1.23,0,0,0,0,0,0,0,"N",-1,-50.0,0,0,0,0,0,0,0,0,0,0,0,0,0,0
"51159","5","811121","78","0","2016","3","N","Richmond County, Virginia","Private","NAICS 811121 Automotive body and interior repair","County, NAICS 6-digit -- by ownership sector","All establishment sizes",1,0,0,0,0,0,0,0,"N",1.24,0,0,0,0,0,0,0,"N",-1,-50.0,0,0,0,0,0,0,0,0,0,0,0,0,0,0
"51159","5","811121","78","0","2016","4","N","Richmond County, Virginia","Private","NAICS 811121 Automotive body and interior repair","County, NAICS 6-digit -- by ownership sector","All establishment sizes",1,0,0,0,0,0,0,0,"N",1.29,0,0,0,0,0,0,0,"N",-1,-50.0,0,0,0,0,0,0,0,0,0,0,0,0,0,0
"51159","5","811122","78","0","2016","1","N","Richmond County, Virginia","Private","NAICS 811122 Automotive glass replacement shops","County, NAICS 6-digit -- by ownership sector","All establishment sizes",1,0,0,0,0,0,0,0,"N",7.34,0,0,0,0,0,0,0,"N",1,100.0,0,0,0,0,0,0,0,0,0,0,0,0,0,0
"51159","5","811122","78","0","2016","2","N","Richmond County, Virginia","Private","NAICS 811122 Automotive glass replacement shops","County, NAICS 6-digit -- by ownership sector","All establishment sizes",1,0,0,0,0,0,0,0,"N",7.36,0,0,0,0,0,0,0,"N",0,0.0,0,0,0,0,0,0,0,0,0,0,0,0,0,0
"51159","5","811122","78","0","2016","3","N","Richmond County, Virginia","Private","NAICS 811122 Automotive glass replacement shops","County, NAICS 6-digit -- by ownership sector","All establishment sizes",1,0,0,0,0,0,0,0,"N",7.38,0,0,0,0,0,0,0,"N",0,0.0,0,0,0,0,0,0,0,0,0,0,0,0,0,0
"51159","5","811122","78","0","2016","4","N","Richmond County, Virginia","Private","NAICS 811122 Automotive glass replacement shops","County, NAICS 6-digit -- by ownership sector","All establishment sizes",1,0,0,0,0,0,0,0,"N",7.69,0,0,0,0,0,0,0,"N",0,0.0,0,0,0,0,0,0,0,0,0,0,0,0,0,0
"51159","5","8112","76","0","2016","1","N","Richmond County, Virginia","Private","NAICS 8112 Electronic equipment repair and maintenance","County, NAICS 4-digit -- by ownership sector","All establishment sizes",1,0,0,0,0,0,0,0,"N",2.55,0,0,0,0,0,0,0,"N",1,100.0,0,0,0,0,0,0,0,0,0,0,0,0,0,0
"51159","5","8112","76","0","2016","2","N","Richmond County, Virginia","Private","NAICS 8112 Electronic equipment repair and maintenance","County, NAICS 4-digit -- by ownership sector","All establishment sizes",1,0,0,0,0,0,0,0,"N",2.56,0,0,0,0,0,0,0,"N",1,100.0,0,0,0,0,0,0,0,0,0,0,0,0,0,0
"51159","5","8112","76","0","2016","3","N","Richmond County, Virginia","Private","NAICS 8112 Electronic equipment repair and maintenance","County, NAICS 4-digit -- by ownership sector","All establishment sizes",1,0,0,0,0,0,0,0,"N",2.58,0,0,0,0,0,0,0,"N",1,100.0,0,0,0,0,0,0,0,0,0,0,0,0,0,0
"51159","5","8112","76","0","2016","4","N","Richmond County, Virginia","Private","NAICS 8112 Electronic equipment repair and maintenance","County, NAICS 4-digit -- by ownership sector","All establishment sizes",1,0,0,0,0,0,0,0,"N",2.69,0,0,0,0,0,0,0,"N",0,0.0,0,0,0,0,0,0,0,0,0,0,0,0,0,0
"51159","5","81121","77","0","2016","1","N","Richmond County, Virginia","Private","NAICS 81121 Electronic equipment repair and maintenance","County, NAICS 5-digit -- by ownership sector","All establishment sizes",1,0,0,0,0,0,0,0,"N",2.55,0,0,0,0,0,0,0,"N",1,100.0,0,0,0,0,0,0,0,0,0,0,0,0,0,0
"51159","5","81121","77","0","2016","2","N","Richmond County, Virginia","Private","NAICS 81121 Electronic equipment repair and maintenance","County, NAICS 5-digit -- by ownership sector","All establishment sizes",1,0,0,0,0,0,0,0,"N",2.56,0,0,0,0,0,0,0,"N",1,100.0,0,0,0,0,0,0,0,0,0,0,0,0,0,0
"51159","5","81121","77","0","2016","3","N","Richmond County, Virginia","Private","NAICS 81121 Electronic equipment repair and maintenance","County, NAICS 5-digit -- by ownership sector","All establishment sizes",1,0,0,0,0,0,0,0,"N",2.58,0,0,0,0,0,0,0,"N",1,100.0,0,0,0,0,0,0,0,0,0,0,0,0,0,0
"51159","5","81121","77","0","2016","4","N","Richmond County, Virginia","Private","NAICS 81121 Electronic equipment repair and maintenance","County, NAICS 5-digit -- by ownership sector","All establishment sizes",1,0,0,0,0,0,0,0,"N",2.69,0,0,0,0,0,0,0,"N",0,0.0,0,0,0,0,0,0,0,0,0,0,0,0,0,0
"51159","5","811212","78","0","2016","1","N","Richmond County, Virginia","Private","NAICS 811212 Computer and office machine repair","County, NAICS 6-digit -- by ownership sector","All establishment sizes",1,0,0,0,0,0,0,0,"N",5.97,0,0,0,0,0,0,0,"N",1,100.0,0,0,0,0,0,0,0,0,0,0,0,0,0,0
"51159","5","811212","78","0","2016","2","N","Richmond County, Virginia","Private","NAICS 811212 Computer and office machine repair","County, NAICS 6-digit -- by ownership sector","All establishment sizes",1,0,0,0,0,0,0,0,"N",6.04,0,0,0,0,0,0,0,"N",1,100.0,0,0,0,0,0,0,0,0,0,0,0,0,0,0
"51159","5","811212","78","0","2016","3","N","Richmond County, Virginia","Private","NAICS 811212 Computer and office machine repair","County, NAICS 6-digit -- by ownership sector","All establishment sizes",1,0,0,0,0,0,0,0,"N",6.08,0,0,0,0,0,0,0,"N",1,100.0,0,0,0,0,0,0,0,0,0,0,0,0,0,0
"51159","5","811212","78","0","2016","4","N","Richmond County, Virginia","Private","NAICS 811212 Computer and office machine repair","County, NAICS 6-digit -- by ownership sector","All establishment sizes",1,0,0,0,0,0,0,0,"N",6.36,0,0,0,0,0,0,0,"N",0,0.0,0,0,0,0,0,0,0,0,0,0,0,0,0,0
"51159","5","8113","76","0","2016","1","N","Richmond County, Virginia","Private","NAICS 8113 Commercial machinery repair and maintenance","County, NAICS 4-digit -- by ownership sector","All establishment sizes",3,0,0,0,0,0,0,0,"N",4.50,0,0,0,0,0,0,0,"N",1,50.0,0,0,0,0,0,0,0,0,0,0,0,0,0,0
"51159","5","8113","76","0","2016","2","N","Richmond County, Virginia","Private","NAICS 8113 Commercial machinery repair and maintenance","County, NAICS 4-digit -- by ownership sector","All establishment sizes",3,0,0,0,0,0,0,0,"N",4.55,0,0,0,0,0,0,0,"N",0,0.0,0,0,0,0,0,0,0,0,0,0,0,0,0,0
"51159","5","8113","76","0","2016","3","N","Richmond County, Virginia","Private","NAICS 8113 Commercial machinery repair and maintenance","County, NAICS 4-digit -- by ownership sector","All establishment sizes",3,0,0,0,0,0,0,0,"N",4.58,0,0,0,0,0,0,0,"N",0,0.0,0,0,0,0,0,0,0,0,0,0,0,0,0,0
"51159","5","8113","76","0","2016","4","N","Richmond County, Virginia","Private","NAICS 8113 Commercial machinery repair and maintenance","County, NAICS 4-digit -- by ownership sector","All establishment sizes",3,0,0,0,0,0,0,0,"N",4.77,0,0,0,0,0,0,0,"N",0,0.0,0,0,0,0,0,0,0,0,0,0,0,0,0,0
"51159","5","81131","77","0","2016","1","N","Richmond County, Virginia","Private","NAICS 81131 Commercial machinery repair and maintenance","County, NAICS 5-digit -- by ownership sector","All establishment sizes",3,0,0,0,0,0,0,0,"N",4.50,0,0,0,0,0,0,0,"N",1,50.0,0,0,0,0,0,0,0,0,0,0,0,0,0,0
"51159","5","81131","77","0","2016","2","N","Richmond County, Virginia","Private","NAICS 81131 Commercial machinery repair and maintenance","County, NAICS 5-digit -- by ownership sector","All establishment sizes",3,0,0,0,0,0,0,0,"N",4.55,0,0,0,0,0,0,0,"N",0,0.0,0,0,0,0,0,0,0,0,0,0,0,0,0,0
"51159","5","81131","77","0","2016","3","N","Richmond County, Virginia","Private","NAICS 81131 Commercial machinery repair and maintenance","County, NAICS 5-digit -- by ownership sector","All establishment sizes",3,0,0,0,0,0,0,0,"N",4.58,0,0,0,0,0,0,0,"N",0,0.0,0,0,0,0,0,0,0,0,0,0,0,0,0,0
"51159","5","81131","77","0","2016","4","N","Richmond County, Virginia","Private","NAICS 81131 Commercial machinery repair and maintenance","County, NAICS 5-digit -- by ownership sector","All establishment sizes",3,0,0,0,0,0,0,0,"N",4.77,0,0,0,0,0,0,0,"N",0,0.0,0,0,0,0,0,0,0,0,0,0,0,0,0,0
"51159","5","811310","78","0","2016","1","N","Richmond County, Virginia","Private","NAICS 811310 Commercial machinery repair and maintenance","County, NAICS 6-digit -- by ownership sector","All establishment sizes",3,0,0,0,0,0,0,0,"N",4.50,0,0,0,0,0,0,0,"N",1,50.0,0,0,0,0,0,0,0,0,0,0,0,0,0,0
"51159","5","811310","78","0","2016","2","N","Richmond County, Virginia","Private","NAICS 811310 Commercial machinery repair and maintenance","County, NAICS 6-digit -- by ownership sector","All establishment sizes",3,0,0,0,0,0,0,0,"N",4.55,0,0,0,0,0,0,0,"N",0,0.0,0,0,0,0,0,0,0,0,0,0,0,0,0,0
"51159","5","811310","78","0","2016","3","N","Richmond County, Virginia","Private","NAICS 811310 Commercial machinery repair and maintenance","County, NAICS 6-digit -- by ownership sector","All establishment sizes",3,0,0,0,0,0,0,0,"N",4.58,0,0,0,0,0,0,0,"N",0,0.0,0,0,0,0,0,0,0,0,0,0,0,0,0,0
"51159","5","811310","78","0","2016","4","N","Richmond County, Virginia","Private","NAICS 811310 Commercial machinery repair and maintenance","County, NAICS 6-digit -- by ownership sector","All establishment sizes",3,0,0,0,0,0,0,0,"N",4.77,0,0,0,0,0,0,0,"N",0,0.0,0,0,0,0,0,0,0,0,0,0,0,0,0,0
"51159","5","8114","76","0","2016","1","N","Richmond County, Virginia","Private","NAICS 8114 Household goods repair and maintenance","County, NAICS 4-digit -- by ownership sector","All establishment sizes",1,0,0,0,0,0,0,0,"N",1.95,0,0,0,0,0,0,0,"N",0,0.0,0,0,0,0,0,0,0,0,0,0,0,0,0,0
"51159","5","8114","76","0","2016","2","N","Richmond County, Virginia","Private","NAICS 8114 Household goods repair and maintenance","County, NAICS 4-digit -- by ownership sector","All establishment sizes",1,0,0,0,0,0,0,0,"N",1.95,0,0,0,0,0,0,0,"N",0,0.0,0,0,0,0,0,0,0,0,0,0,0,0,0,0
"51159","5","8114","76","0","2016","3","N","Richmond County, Virginia","Private","NAICS 8114 Household goods repair and maintenance","County, NAICS 4-digit -- by ownership sector","All establishment sizes",1,0,0,0,0,0,0,0,"N",1.96,0,0,0,0,0,0,0,"N",0,0.0,0,0,0,0,0,0,0,0,0,0,0,0,0,0
"51159","5","8114","76","0","2016","4","N","Richmond County, Virginia","Private","NAICS 8114 Household goods repair and maintenance","County, NAICS 4-digit -- by ownership sector","All establishment sizes",1,0,0,0,0,0,0,0,"N",2.03,0,0,0,0,0,0,0,"N",0,0.0,0,0,0,0,0,0,0,0,0,0,0,0,0,0
"51159","5","81142","77","0","2016","1","N","Richmond County, Virginia","Private","NAICS 81142 Reupholstery and furniture repair","County, NAICS 5-digit -- by ownership sector","All establishment sizes",1,0,0,0,0,0,0,0,"N",10.50,0,0,0,0,0,0,0,"N",0,0.0,0,0,0,0,0,0,0,0,0,0,0,0,0,0
"51159","5","81142","77","0","2016","2","N","Richmond County, Virginia","Private","NAICS 81142 Reupholstery and furniture repair","County, NAICS 5-digit -- by ownership sector","All establishment sizes",1,0,0,0,0,0,0,0,"N",10.62,0,0,0,0,0,0,0,"N",0,0.0,0,0,0,0,0,0,0,0,0,0,0,0,0,0
"51159","5","81142","77","0","2016","3","N","Richmond County, Virginia","Private","NAICS 81142 Reupholstery and furniture repair","County, NAICS 5-digit -- by ownership sector","All establishment sizes",1,0,0,0,0,0,0,0,"N",10.76,0,0,0,0,0,0,0,"N",0,0.0,0,0,0,0,0,0,0,0,0,0,0,0,0,0
"51159","5","81142","77","0","2016","4","N","Richmond County, Virginia","Private","NAICS 81142 Reupholstery and furniture repair","County, NAICS 5-digit -- by ownership sector","All establishment sizes",1,0,0,0,0,0,0,0,"N",11.21,0,0,0,0,0,0,0,"N",0,0.0,0,0,0,0,0,0,0,0,0,0,0,0,0,0
"51159","5","811420","78","0","2016","1","N","Richmond County, Virginia","Private","NAICS 811420 Reupholstery and furniture repair","County, NAICS 6-digit -- by ownership sector","All establishment sizes",1,0,0,0,0,0,0,0,"N",10.50,0,0,0,0,0,0,0,"N",0,0.0,0,0,0,0,0,0,0,0,0,0,0,0,0,0
"51159","5","811420","78","0","2016","2","N","Richmond County, Virginia","Private","NAICS 811420 Reupholstery and furniture repair","County, NAICS 6-digit -- by ownership sector","All establishment sizes",1,0,0,0,0,0,0,0,"N",10.62,0,0,0,0,0,0,0,"N",0,0.0,0,0,0,0,0,0,0,0,0,0,0,0,0,0
"51159","5","811420","78","0","2016","3","N","Richmond County, Virginia","Private","NAICS 811420 Reupholstery and furniture repair","County, NAICS 6-digit -- by ownership sector","All establishment sizes",1,0,0,0,0,0,0,0,"N",10.76,0,0,0,0,0,0,0,"N",0,0.0,0,0,0,0,0,0,0,0,0,0,0,0,0,0
"51159","5","811420","78","0","2016","4","N","Richmond County, Virginia","Private","NAICS 811420 Reupholstery and furniture repair","County, NAICS 6-digit -- by ownership sector","All establishment sizes",1,0,0,0,0,0,0,0,"N",11.21,0,0,0,0,0,0,0,"N",0,0.0,0,0,0,0,0,0,0,0,0,0,0,0,0,0
"51159","5","812","75","0","2016","1","N","Richmond County, Virginia","Private","NAICS 812 Personal and laundry services","County, NAICS 3-digit -- by ownership sector","All establishment sizes",2,0,0,0,0,0,0,0,"N",0.40,0,0,0,0,0,0,0,"N",0,0.0,0,0,0,0,0,0,0,0,0,0,0,0,0,0
"51159","5","812","75","0","2016","2","N","Richmond County, Virginia","Private","NAICS 812 Personal and laundry services","County, NAICS 3-digit -- by ownership sector","All establishment sizes",2,0,0,0,0,0,0,0,"N",0.40,0,0,0,0,0,0,0,"N",0,0.0,0,0,0,0,0,0,0,0,0,0,0,0,0,0
"51159","5","812","75","0","2016","3","N","Richmond County, Virginia","Private","NAICS 812 Personal and laundry services","County, NAICS 3-digit -- by ownership sector","All establishment sizes",2,0,0,0,0,0,0,0,"N",0.40,0,0,0,0,0,0,0,"N",0,0.0,0,0,0,0,0,0,0,0,0,0,0,0,0,0
"51159","5","812","75","0","2016","4","N","Richmond County, Virginia","Private","NAICS 812 Personal and laundry services","County, NAICS 3-digit -- by ownership sector","All establishment sizes",2,0,0,0,0,0,0,0,"N",0.41,0,0,0,0,0,0,0,"N",0,0.0,0,0,0,0,0,0,0,0,0,0,0,0,0,0
"51159","5","8122","76","0","2016","1","N","Richmond County, Virginia","Private","NAICS 8122 Death care services","County, NAICS 4-digit -- by ownership sector","All establishment sizes",1,0,0,0,0,0,0,0,"N",2.27,0,0,0,0,0,0,0,"N",0,0.0,0,0,0,0,0,0,0,0,0,0,0,0,0,0
"51159","5","8122","76","0","2016","2","N","Richmond County, Virginia","Private","NAICS 8122 Death care services","County, NAICS 4-digit -- by ownership sector","All establishment sizes",1,0,0,0,0,0,0,0,"N",2.31,0,0,0,0,0,0,0,"N",0,0.0,0,0,0,0,0,0,0,0,0,0,0,0,0,0
"51159","5","8122","76","0","2016","3","N","Richmond County, Virginia","Private","NAICS 8122 Death care services","County, NAICS 4-digit -- by ownership sector","All establishment sizes",1,0,0,0,0,0,0,0,"N",2.33,0,0,0,0,0,0,0,"N",0,0.0,0,0,0,0,0,0,0,0,0,0,0,0,0,0
"51159","5","8122","76","0","2016","4","N","Richmond County, Virginia","Private","NAICS 8122 Death care services","County, NAICS 4-digit -- by ownership sector","All establishment sizes",1,0,0,0,0,0,0,0,"N",2.43,0,0,0,0,0,0,0,"N",0,0.0,0,0,0,0,0,0,0,0,0,0,0,0,0,0
"51159","5","81221","77","0","2016","1","N","Richmond County, Virginia","Private","NAICS 81221 Funeral homes and funeral services","County, NAICS 5-digit -- by ownership sector","All establishment sizes",1,0,0,0,0,0,0,0,"N",3.00,0,0,0,0,0,0,0,"N",0,0.0,0,0,0,0,0,0,0,0,0,0,0,0,0,0
"51159","5","81221","77","0","2016","2","N","Richmond County, Virginia","Private","NAICS 81221 Funeral homes and funeral services","County, NAICS 5-digit -- by ownership sector","All establishment sizes",1,0,0,0,0,0,0,0,"N",3.05,0,0,0,0,0,0,0,"N",0,0.0,0,0,0,0,0,0,0,0,0,0,0,0,0,0
"51159","5","81221","77","0","2016","3","N","Richmond County, Virginia","Private","NAICS 81221 Funeral homes and funeral services","County, NAICS 5-digit -- by ownership sector","All establishment sizes",1,0,0,0,0,0,0,0,"N",3.07,0,0,0,0,0,0,0,"N",0,0.0,0,0,0,0,0,0,0,0,0,0,0,0,0,0
"51159","5","81221","77","0","2016","4","N","Richmond County, Virginia","Private","NAICS 81221 Funeral homes and funeral services","County, NAICS 5-digit -- by ownership sector","All establishment sizes",1,0,0,0,0,0,0,0,"N",3.20,0,0,0,0,0,0,0,"N",0,0.0,0,0,0,0,0,0,0,0,0,0,0,0,0,0
"51159","5","812210","78","0","2016","1","N","Richmond County, Virginia","Private","NAICS 812210 Funeral homes and funeral services","County, NAICS 6-digit -- by ownership sector","All establishment sizes",1,0,0,0,0,0,0,0,"N",3.00,0,0,0,0,0,0,0,"N",0,0.0,0,0,0,0,0,0,0,0,0,0,0,0,0,0
"51159","5","812210","78","0","2016","2","N","Richmond County, Virginia","Private","NAICS 812210 Funeral homes and funeral services","County, NAICS 6-digit -- by ownership sector","All establishment sizes",1,0,0,0,0,0,0,0,"N",3.05,0,0,0,0,0,0,0,"N",0,0.0,0,0,0,0,0,0,0,0,0,0,0,0,0,0
"51159","5","812210","78","0","2016","3","N","Richmond County, Virginia","Private","NAICS 812210 Funeral homes and funeral services","County, NAICS 6-digit -- by ownership sector","All establishment sizes",1,0,0,0,0,0,0,0,"N",3.07,0,0,0,0,0,0,0,"N",0,0.0,0,0,0,0,0,0,0,0,0,0,0,0,0,0
"51159","5","812210","78","0","2016","4","N","Richmond County, Virginia","Private","NAICS 812210 Funeral homes and funeral services","County, NAICS 6-digit -- by ownership sector","All establishment sizes",1,0,0,0,0,0,0,0,"N",3.20,0,0,0,0,0,0,0,"N",0,0.0,0,0,0,0,0,0,0,0,0,0,0,0,0,0
"51159","5","8129","76","0","2016","1","N","Richmond County, Virginia","Private","NAICS 8129 Other personal services","County, NAICS 4-digit -- by ownership sector","All establishment sizes",1,0,0,0,0,0,0,0,"N",1.02,0,0,0,0,0,0,0,"N",0,0.0,0,0,0,0,0,0,0,0,0,0,0,0,0,0
"51159","5","8129","76","0","2016","2","N","Richmond County, Virginia","Private","NAICS 8129 Other personal services","County, NAICS 4-digit -- by ownership sector","All establishment sizes",1,0,0,0,0,0,0,0,"N",1.01,0,0,0,0,0,0,0,"N",0,0.0,0,0,0,0,0,0,0,0,0,0,0,0,0,0
"51159","5","8129","76","0","2016","3","N","Richmond County, Virginia","Private","NAICS 8129 Other personal services","County, NAICS 4-digit -- by ownership sector","All establishment sizes",1,0,0,0,0,0,0,0,"N",1.01,0,0,0,0,0,0,0,"N",0,0.0,0,0,0,0,0,0,0,0,0,0,0,0,0,0
"51159","5","8129","76","0","2016","4","N","Richmond County, Virginia","Private","NAICS 8129 Other personal services","County, NAICS 4-digit -- by ownership sector","All establishment sizes",1,0,0,0,0,0,0,0,"N",1.05,0,0,0,0,0,0,0,"N",0,0.0,0,0,0,0,0,0,0,0,0,0,0,0,0,0
"51159","5","81291","77","0","2016","1","N","Richmond County, Virginia","Private","NAICS 81291 Pet care, except veterinary, services","County, NAICS 5-digit -- by ownership sector","All establishment sizes",1,0,0,0,0,0,0,0,"N",2.57,0,0,0,0,0,0,0,"N",0,0.0,0,0,0,0,0,0,0,0,0,0,0,0,0,0
"51159","5","81291","77","0","2016","2","N","Richmond County, Virginia","Private","NAICS 81291 Pet care, except veterinary, services","County, NAICS 5-digit -- by ownership sector","All establishment sizes",1,0,0,0,0,0,0,0,"N",2.56,0,0,0,0,0,0,0,"N",0,0.0,0,0,0,0,0,0,0,0,0,0,0,0,0,0
"51159","5","81291","77","0","2016","3","N","Richmond County, Virginia","Private","NAICS 81291 Pet care, except veterinary, services","County, NAICS 5-digit -- by ownership sector","All establishment sizes",1,0,0,0,0,0,0,0,"N",2.55,0,0,0,0,0,0,0,"N",0,0.0,0,0,0,0,0,0,0,0,0,0,0,0,0,0
"51159","5","81291","77","0","2016","4","N","Richmond County, Virginia","Private","NAICS 81291 Pet care, except veterinary, services","County, NAICS 5-digit -- by ownership sector","All establishment sizes",1,0,0,0,0,0,0,0,"N",2.63,0,0,0,0,0,0,0,"N",0,0.0,0,0,0,0,0,0,0,0,0,0,0,0,0,0
"51159","5","812910","78","0","2016","1","N","Richmond County, Virginia","Private","NAICS 812910 Pet care, except veterinary, services","County, NAICS 6-digit -- by ownership sector","All establishment sizes",1,0,0,0,0,0,0,0,"N",2.57,0,0,0,0,0,0,0,"N",0,0.0,0,0,0,0,0,0,0,0,0,0,0,0,0,0
"51159","5","812910","78","0","2016","2","N","Richmond County, Virginia","Private","NAICS 812910 Pet care, except veterinary, services","County, NAICS 6-digit -- by ownership sector","All establishment sizes",1,0,0,0,0,0,0,0,"N",2.56,0,0,0,0,0,0,0,"N",0,0.0,0,0,0,0,0,0,0,0,0,0,0,0,0,0
"51159","5","812910","78","0","2016","3","N","Richmond County, Virginia","Private","NAICS 812910 Pet care, except veterinary, services","County, NAICS 6-digit -- by ownership sector","All establishment sizes",1,0,0,0,0,0,0,0,"N",2.55,0,0,0,0,0,0,0,"N",0,0.0,0,0,0,0,0,0,0,0,0,0,0,0,0,0
"51159","5","812910","78","0","2016","4","N","Richmond County, Virginia","Private","NAICS 812910 Pet care, except veterinary, services","County, NAICS 6-digit -- by ownership sector","All establishment sizes",1,0,0,0,0,0,0,0,"N",2.63,0,0,0,0,0,0,0,"N",0,0.0,0,0,0,0,0,0,0,0,0,0,0,0,0,0
"51159","5","813","75","0","2016","1","N","Richmond County, Virginia","Private","NAICS 813 Membership associations and organizations","County, NAICS 3-digit -- by ownership sector","All establishment sizes",3,0,0,0,0,0,0,0,"N",0.87,0,0,0,0,0,0,0,"N",-1,-25.0,0,0,0,0,0,0,0,0,0,0,0,0,0,0
"51159","5","813","75","0","2016","2","N","Richmond County, Virginia","Private","NAICS 813 Membership associations and organizations","County, NAICS 3-digit -- by ownership sector","All establishment sizes",3,0,0,0,0,0,0,0,"N",0.88,0,0,0,0,0,0,0,"N",-1,-25.0,0,0,0,0,0,0,0,0,0,0,0,0,0,0
"51159","5","813","75","0","2016","3","N","Richmond County, Virginia","Private","NAICS 813 Membership associations and organizations","County, NAICS 3-digit -- by ownership sector","All establishment sizes",3,0,0,0,0,0,0,0,"N",0.88,0,0,0,0,0,0,0,"N",-1,-25.0,0,0,0,0,0,0,0,0,0,0,0,0,0,0
"51159","5","813","75","0","2016","4","N","Richmond County, Virginia","Private","NAICS 813 Membership associations and organizations","County, NAICS 3-digit -- by ownership sector","All establishment sizes",2,0,0,0,0,0,0,0,"N",0.61,0,0,0,0,0,0,0,"N",-2,-50.0,0,0,0,0,0,0,0,0,0,0,0,0,0,0
"51159","5","8132","76","0","2016","1","N","Richmond County, Virginia","Private","NAICS 8132 Grantmaking and giving services","County, NAICS 4-digit -- by ownership sector","All establishment sizes",1,0,0,0,0,0,0,0,"N",2.76,0,0,0,0,0,0,0,"N",0,0.0,0,0,0,0,0,0,0,0,0,0,0,0,0,0
"51159","5","8132","76","0","2016","2","N","Richmond County, Virginia","Private","NAICS 8132 Grantmaking and giving services","County, NAICS 4-digit -- by ownership sector","All establishment sizes",1,0,0,0,0,0,0,0,"N",2.75,0,0,0,0,0,0,0,"N",0,0.0,0,0,0,0,0,0,0,0,0,0,0,0,0,0
"51159","5","8132","76","0","2016","3","N","Richmond County, Virginia","Private","NAICS 8132 Grantmaking and giving services","County, NAICS 4-digit -- by ownership sector","All establishment sizes",1,0,0,0,0,0,0,0,"N",2.75,0,0,0,0,0,0,0,"N",0,0.0,0,0,0,0,0,0,0,0,0,0,0,0,0,0
"51159","5","8132","76","0","2016","4","-","Richmond County, Virginia","Private","NAICS 8132 Grantmaking and giving services","County, NAICS 4-digit -- by ownership sector","All establishment sizes",0,0,0,0,0,0,0,0,"N",0.00,0,0,0,0,0,0,0,"N",-1,-100.0,0,0,0,0,0,0,0,0,0,0,0,0,0,0
"51159","5","81321","77","0","2016","1","N","Richmond County, Virginia","Private","NAICS 81321 Grantmaking and giving services","County, NAICS 5-digit -- by ownership sector","All establishment sizes",1,0,0,0,0,0,0,0,"N",2.76,0,0,0,0,0,0,0,"N",0,0.0,0,0,0,0,0,0,0,0,0,0,0,0,0,0
"51159","5","81321","77","0","2016","2","N","Richmond County, Virginia","Private","NAICS 81321 Grantmaking and giving services","County, NAICS 5-digit -- by ownership sector","All establishment sizes",1,0,0,0,0,0,0,0,"N",2.75,0,0,0,0,0,0,0,"N",0,0.0,0,0,0,0,0,0,0,0,0,0,0,0,0,0
"51159","5","81321","77","0","2016","3","N","Richmond County, Virginia","Private","NAICS 81321 Grantmaking and giving services","County, NAICS 5-digit -- by ownership sector","All establishment sizes",1,0,0,0,0,0,0,0,"N",2.75,0,0,0,0,0,0,0,"N",0,0.0,0,0,0,0,0,0,0,0,0,0,0,0,0,0
"51159","5","81321","77","0","2016","4","-","Richmond County, Virginia","Private","NAICS 81321 Grantmaking and giving services","County, NAICS 5-digit -- by ownership sector","All establishment sizes",0,0,0,0,0,0,0,0,"N",0.00,0,0,0,0,0,0,0,"N",-1,-100.0,0,0,0,0,0,0,0,0,0,0,0,0,0,0
"51159","5","813212","78","0","2016","1","N","Richmond County, Virginia","Private","NAICS 813212 Voluntary health organizations","County, NAICS 6-digit -- by ownership sector","All establishment sizes",1,0,0,0,0,0,0,0,"N",11.10,0,0,0,0,0,0,0,"N",0,0.0,0,0,0,0,0,0,0,0,0,0,0,0,0,0
"51159","5","813212","78","0","2016","2","N","Richmond County, Virginia","Private","NAICS 813212 Voluntary health organizations","County, NAICS 6-digit -- by ownership sector","All establishment sizes",1,0,0,0,0,0,0,0,"N",11.08,0,0,0,0,0,0,0,"N",0,0.0,0,0,0,0,0,0,0,0,0,0,0,0,0,0
"51159","5","813212","78","0","2016","3","N","Richmond County, Virginia","Private","NAICS 813212 Voluntary health organizations","County, NAICS 6-digit -- by ownership sector","All establishment sizes",1,0,0,0,0,0,0,0,"N",11.20,0,0,0,0,0,0,0,"N",0,0.0,0,0,0,0,0,0,0,0,0,0,0,0,0,0
"51159","5","813212","78","0","2016","4","-","Richmond County, Virginia","Private","NAICS 813212 Voluntary health organizations","County, NAICS 6-digit -- by ownership sector","All establishment sizes",0,0,0,0,0,0,0,0,"N",0.00,0,0,0,0,0,0,0,"N",-1,-100.0,0,0,0,0,0,0,0,0,0,0,0,0,0,0
"51159","5","8134","76","0","2016","1","N","Richmond County, Virginia","Private","NAICS 8134 Civic and social organizations","County, NAICS 4-digit -- by ownership sector","All establishment sizes",1,0,0,0,0,0,0,0,"N",1.62,0,0,0,0,0,0,0,"N",0,0.0,0,0,0,0,0,0,0,0,0,0,0,0,0,0
"51159","5","8134","76","0","2016","2","N","Richmond County, Virginia","Private","NAICS 8134 Civic and social organizations","County, NAICS 4-digit -- by ownership sector","All establishment sizes",1,0,0,0,0,0,0,0,"N",1.64,0,0,0,0,0,0,0,"N",0,0.0,0,0,0,0,0,0,0,0,0,0,0,0,0,0
"51159","5","8134","76","0","2016","3","N","Richmond County, Virginia","Private","NAICS 8134 Civic and social organizations","County, NAICS 4-digit -- by ownership sector","All establishment sizes",1,0,0,0,0,0,0,0,"N",1.66,0,0,0,0,0,0,0,"N",0,0.0,0,0,0,0,0,0,0,0,0,0,0,0,0,0
"51159","5","8134","76","0","2016","4","N","Richmond County, Virginia","Private","NAICS 8134 Civic and social organizations","County, NAICS 4-digit -- by ownership sector","All establishment sizes",1,0,0,0,0,0,0,0,"N",1.73,0,0,0,0,0,0,0,"N",0,0.0,0,0,0,0,0,0,0,0,0,0,0,0,0,0
"51159","5","81341","77","0","2016","1","N","Richmond County, Virginia","Private","NAICS 81341 Civic and social organizations","County, NAICS 5-digit -- by ownership sector","All establishment sizes",1,0,0,0,0,0,0,0,"N",1.62,0,0,0,0,0,0,0,"N",0,0.0,0,0,0,0,0,0,0,0,0,0,0,0,0,0
"51159","5","81341","77","0","2016","2","N","Richmond County, Virginia","Private","NAICS 81341 Civic and social organizations","County, NAICS 5-digit -- by ownership sector","All establishment sizes",1,0,0,0,0,0,0,0,"N",1.64,0,0,0,0,0,0,0,"N",0,0.0,0,0,0,0,0,0,0,0,0,0,0,0,0,0
"51159","5","81341","77","0","2016","3","N","Richmond County, Virginia","Private","NAICS 81341 Civic and social organizations","County, NAICS 5-digit -- by ownership sector","All establishment sizes",1,0,0,0,0,0,0,0,"N",1.66,0,0,0,0,0,0,0,"N",0,0.0,0,0,0,0,0,0,0,0,0,0,0,0,0,0
"51159","5","81341","77","0","2016","4","N","Richmond County, Virginia","Private","NAICS 81341 Civic and social organizations","County, NAICS 5-digit -- by ownership sector","All establishment sizes",1,0,0,0,0,0,0,0,"N",1.73,0,0,0,0,0,0,0,"N",0,0.0,0,0,0,0,0,0,0,0,0,0,0,0,0,0
"51159","5","813410","78","0","2016","1","N","Richmond County, Virginia","Private","NAICS 813410 Civic and social organizations","County, NAICS 6-digit -- by ownership sector","All establishment sizes",1,0,0,0,0,0,0,0,"N",1.62,0,0,0,0,0,0,0,"N",0,0.0,0,0,0,0,0,0,0,0,0,0,0,0,0,0
"51159","5","813410","78","0","2016","2","N","Richmond County, Virginia","Private","NAICS 813410 Civic and social organizations","County, NAICS 6-digit -- by ownership sector","All establishment sizes",1,0,0,0,0,0,0,0,"N",1.64,0,0,0,0,0,0,0,"N",0,0.0,0,0,0,0,0,0,0,0,0,0,0,0,0,0
"51159","5","813410","78","0","2016","3","N","Richmond County, Virginia","Private","NAICS 813410 Civic and social organizations","County, NAICS 6-digit -- by ownership sector","All establishment sizes",1,0,0,0,0,0,0,0,"N",1.66,0,0,0,0,0,0,0,"N",0,0.0,0,0,0,0,0,0,0,0,0,0,0,0,0,0
"51159","5","813410","78","0","2016","4","N","Richmond County, Virginia","Private","NAICS 813410 Civic and social organizations","County, NAICS 6-digit -- by ownership sector","All establishment sizes",1,0,0,0,0,0,0,0,"N",1.73,0,0,0,0,0,0,0,"N",0,0.0,0,0,0,0,0,0,0,0,0,0,0,0,0,0
"51159","5","8139","76","0","2016","1","N","Richmond County, Virginia","Private","NAICS 8139 Professional and similar organizations","County, NAICS 4-digit -- by ownership sector","All establishment sizes",1,0,0,0,0,0,0,0,"N",0.71,0,0,0,0,0,0,0,"N",0,0.0,0,0,0,0,0,0,0,0,0,0,0,0,0,0
"51159","5","8139","76","0","2016","2","N","Richmond County, Virginia","Private","NAICS 8139 Professional and similar organizations","County, NAICS 4-digit -- by ownership sector","All establishment sizes",1,0,0,0,0,0,0,0,"N",0.72,0,0,0,0,0,0,0,"N",0,0.0,0,0,0,0,0,0,0,0,0,0,0,0,0,0
"51159","5","8139","76","0","2016","3","N","Richmond County, Virginia","Private","NAICS 8139 Professional and similar organizations","County, NAICS 4-digit -- by ownership sector","All establishment sizes",1,0,0,0,0,0,0,0,"N",0.72,0,0,0,0,0,0,0,"N",0,0.0,0,0,0,0,0,0,0,0,0,0,0,0,0,0
"51159","5","8139","76","0","2016","4","N","Richmond County, Virginia","Private","NAICS 8139 Professional and similar organizations","County, NAICS 4-digit -- by ownership sector","All establishment sizes",1,0,0,0,0,0,0,0,"N",0.75,0,0,0,0,0,0,0,"N",0,0.0,0,0,0,0,0,0,0,0,0,0,0,0,0,0
"51159","5","81391","77","0","2016","1","N","Richmond County, Virginia","Private","NAICS 81391 Business associations","County, NAICS 5-digit -- by ownership sector","All establishment sizes",1,0,0,0,0,0,0,0,"N",2.17,0,0,0,0,0,0,0,"N",0,0.0,0,0,0,0,0,0,0,0,0,0,0,0,0,0
"51159","5","81391","77","0","2016","2","N","Richmond County, Virginia","Private","NAICS 81391 Business associations","County, NAICS 5-digit -- by ownership sector","All establishment sizes",1,0,0,0,0,0,0,0,"N",2.19,0,0,0,0,0,0,0,"N",0,0.0,0,0,0,0,0,0,0,0,0,0,0,0,0,0
"51159","5","81391","77","0","2016","3","N","Richmond County, Virginia","Private","NAICS 81391 Business associations","County, NAICS 5-digit -- by ownership sector","All establishment sizes",1,0,0,0,0,0,0,0,"N",2.21,0,0,0,0,0,0,0,"N",0,0.0,0,0,0,0,0,0,0,0,0,0,0,0,0,0
"51159","5","81391","77","0","2016","4","N","Richmond County, Virginia","Private","NAICS 81391 Business associations","County, NAICS 5-digit -- by ownership sector","All establishment sizes",1,0,0,0,0,0,0,0,"N",2.31,0,0,0,0,0,0,0,"N",0,0.0,0,0,0,0,0,0,0,0,0,0,0,0,0,0
"51159","5","813910","78","0","2016","1","N","Richmond County, Virginia","Private","NAICS 813910 Business associations","County, NAICS 6-digit -- by ownership sector","All establishment sizes",1,0,0,0,0,0,0,0,"N",2.17,0,0,0,0,0,0,0,"N",0,0.0,0,0,0,0,0,0,0,0,0,0,0,0,0,0
"51159","5","813910","78","0","2016","2","N","Richmond County, Virginia","Private","NAICS 813910 Business associations","County, NAICS 6-digit -- by ownership sector","All establishment sizes",1,0,0,0,0,0,0,0,"N",2.19,0,0,0,0,0,0,0,"N",0,0.0,0,0,0,0,0,0,0,0,0,0,0,0,0,0
"51159","5","813910","78","0","2016","3","N","Richmond County, Virginia","Private","NAICS 813910 Business associations","County, NAICS 6-digit -- by ownership sector","All establishment sizes",1,0,0,0,0,0,0,0,"N",2.21,0,0,0,0,0,0,0,"N",0,0.0,0,0,0,0,0,0,0,0,0,0,0,0,0,0
"51159","5","813910","78","0","2016","4","N","Richmond County, Virginia","Private","NAICS 813910 Business associations","County, NAICS 6-digit -- by ownership sector","All establishment sizes",1,0,0,0,0,0,0,0,"N",2.31,0,0,0,0,0,0,0,"N",0,0.0,0,0,0,0,0,0,0,0,0,0,0,0,0,0
"51159","5","814","75","0","2016","1","","Richmond County, Virginia","Private","NAICS 814 Private households","County, NAICS 3-digit -- by ownership sector","All establishment sizes",4,5,5,5,29815,17453,152,459,"",0.70,0.89,0.88,0.87,1.37,1.00,0.72,1.55,"",-2,-33.3,-2,-28.6,-3,-37.5,-2,-28.6,-6838,-18.7,-17705,-50.4,-879,-85.3,75,19.5
"51159","5","814","75","0","2016","2","","Richmond County, Virginia","Private","NAICS 814 Private households","County, NAICS 3-digit -- by ownership sector","All establishment sizes",4,5,5,5,28741,8103,136,442,"",0.70,0.86,0.86,0.85,1.16,1.01,1.26,1.35,"",-2,-33.3,-1,-16.7,-1,-16.7,-1,-16.7,-2731,-8.7,-3876,-32.4,3,2.3,39,9.7
"51159","5","814","75","0","2016","3","","Richmond County, Virginia","Private","NAICS 814 Private households","County, NAICS 3-digit -- by ownership sector","All establishment sizes",4,5,4,4,21869,5229,130,388,"",0.70,0.91,0.69,0.70,0.87,1.01,1.68,1.14,"",-2,-33.3,-2,-28.6,-1,-20.0,-1,-20.0,-4421,-16.8,-2402,-31.5,55,73.3,31,8.7
"51159","5","814","75","0","2016","4","N","Richmond County, Virginia","Private","NAICS 814 Private households","County, NAICS 3-digit -- by ownership sector","All establishment sizes",3,0,0,0,0,0,0,0,"N",0.54,0,0,0,0,0,0,0,"N",-1,-25.0,0,0,0,0,0,0,0,0,0,0,0,0,0,0
"51159","5","8141","76","0","2016","1","","Richmond County, Virginia","Private","NAICS 8141 Private households","County, NAICS 4-digit -- by ownership sector","All establishment sizes",4,5,5,5,29815,17453,152,459,"",0.70,0.89,0.88,0.87,1.37,1.00,0.72,1.55,"",-2,-33.3,-2,-28.6,-3,-37.5,-2,-28.6,-6838,-18.7,-17705,-50.4,-879,-85.3,75,19.5
"51159","5","8141","76","0","2016","2","","Richmond County, Virginia","Private","NAICS 8141 Private households","County, NAICS 4-digit -- by ownership sector","All establishment sizes",4,5,5,5,28741,8103,136,442,"",0.70,0.86,0.86,0.85,1.16,1.01,1.26,1.35,"",-2,-33.3,-1,-16.7,-1,-16.7,-1,-16.7,-2731,-8.7,-3876,-32.4,3,2.3,39,9.7
"51159","5","8141","76","0","2016","3","","Richmond County, Virginia","Private","NAICS 8141 Private households","County, NAICS 4-digit -- by ownership sector","All establishment sizes",4,5,4,4,21869,5229,130,388,"",0.70,0.91,0.69,0.70,0.87,1.01,1.68,1.14,"",-2,-33.3,-2,-28.6,-1,-20.0,-1,-20.0,-4421,-16.8,-2402,-31.5,55,73.3,31,8.7
"51159","5","8141","76","0","2016","4","N","Richmond County, Virginia","Private","NAICS 8141 Private households","County, NAICS 4-digit -- by ownership sector","All establishment sizes",3,0,0,0,0,0,0,0,"N",0.54,0,0,0,0,0,0,0,"N",-1,-25.0,0,0,0,0,0,0,0,0,0,0,0,0,0,0
"51159","5","81411","77","0","2016","1","","Richmond County, Virginia","Private","NAICS 81411 Private households","County, NAICS 5-digit -- by ownership sector","All establishment sizes",4,5,5,5,29815,17453,152,459,"",0.70,0.89,0.88,0.87,1.37,1.00,0.72,1.55,"",-2,-33.3,-2,-28.6,-3,-37.5,-2,-28.6,-6838,-18.7,-17705,-50.4,-879,-85.3,75,19.5
"51159","5","81411","77","0","2016","2","","Richmond County, Virginia","Private","NAICS 81411 Private households","County, NAICS 5-digit -- by ownership sector","All establishment sizes",4,5,5,5,28741,8103,136,442,"",0.70,0.86,0.86,0.85,1.16,1.01,1.26,1.35,"",-2,-33.3,-1,-16.7,-1,-16.7,-1,-16.7,-2731,-8.7,-3876,-32.4,3,2.3,39,9.7
"51159","5","81411","77","0","2016","3","","Richmond County, Virginia","Private","NAICS 81411 Private households","County, NAICS 5-digit -- by ownership sector","All establishment sizes",4,5,4,4,21869,5229,130,388,"",0.70,0.91,0.69,0.70,0.87,1.01,1.68,1.14,"",-2,-33.3,-2,-28.6,-1,-20.0,-1,-20.0,-4421,-16.8,-2402,-31.5,55,73.3,31,8.7
"51159","5","81411","77","0","2016","4","N","Richmond County, Virginia","Private","NAICS 81411 Private households","County, NAICS 5-digit -- by ownership sector","All establishment sizes",3,0,0,0,0,0,0,0,"N",0.54,0,0,0,0,0,0,0,"N",-1,-25.0,0,0,0,0,0,0,0,0,0,0,0,0,0,0
"51159","5","814110","78","0","2016","1","","Richmond County, Virginia","Private","NAICS 814110 Private households","County, NAICS 6-digit -- by ownership sector","All establishment sizes",4,5,5,5,29815,17453,152,459,"",0.70,0.89,0.88,0.87,1.37,1.00,0.72,1.55,"",-2,-33.3,-2,-28.6,-3,-37.5,-2,-28.6,-6838,-18.7,-17705,-50.4,-879,-85.3,75,19.5
"51159","5","814110","78","0","2016","2","","Richmond County, Virginia","Private","NAICS 814110 Private households","County, NAICS 6-digit -- by ownership sector","All establishment sizes",4,5,5,5,28741,8103,136,442,"",0.70,0.86,0.86,0.85,1.16,1.01,1.26,1.35,"",-2,-33.3,-1,-16.7,-1,-16.7,-1,-16.7,-2731,-8.7,-3876,-32.4,3,2.3,39,9.7
"51159","5","814110","78","0","2016","3","","Richmond County, Virginia","Private","NAICS 814110 Private households","County, NAICS 6-digit -- by ownership sector","All establishment sizes",4,5,4,4,21869,5229,130,388,"",0.70,0.91,0.69,0.70,0.87,1.01,1.68,1.14,"",-2,-33.3,-2,-28.6,-1,-20.0,-1,-20.0,-4421,-16.8,-2402,-31.5,55,73.3,31,8.7
"51159","5","814110","78","0","2016","4","N","Richmond County, Virginia","Private","NAICS 814110 Private households","County, NAICS 6-digit -- by ownership sector","All establishment sizes",3,0,0,0,0,0,0,0,"N",0.54,0,0,0,0,0,0,0,"N",-1,-25.0,0,0,0,0,0,0,0,0,0,0,0,0,0,0
"51159","5","99","74","0","2016","1","N","Richmond County, Virginia","Private","NAICS 99 Unclassified","County, NAICS Sector -- by ownership sector","All establishment sizes",2,0,0,0,0,0,0,0,"N",0.41,0,0,0,0,0,0,0,"N",2,100.0,0,0,0,0,0,0,0,0,0,0,0,0,0,0
"51159","5","99","74","0","2016","2","N","Richmond County, Virginia","Private","NAICS 99 Unclassified","County, NAICS Sector -- by ownership sector","All establishment sizes",2,0,0,0,0,0,0,0,"N",0.40,0,0,0,0,0,0,0,"N",2,100.0,0,0,0,0,0,0,0,0,0,0,0,0,0,0
"51159","5","99","74","0","2016","3","N","Richmond County, Virginia","Private","NAICS 99 Unclassified","County, NAICS Sector -- by ownership sector","All establishment sizes",2,0,0,0,0,0,0,0,"N",0.34,0,0,0,0,0,0,0,"N",2,100.0,0,0,0,0,0,0,0,0,0,0,0,0,0,0
"51159","5","99","74","0","2016","4","N","Richmond County, Virginia","Private","NAICS 99 Unclassified","County, NAICS Sector -- by ownership sector","All establishment sizes",1,0,0,0,0,0,0,0,"N",0.18,0,0,0,0,0,0,0,"N",1,100.0,0,0,0,0,0,0,0,0,0,0,0,0,0,0
"51159","5","999","75","0","2016","1","N","Richmond County, Virginia","Private","NAICS 999 Unclassified","County, NAICS 3-digit -- by ownership sector","All establishment sizes",2,0,0,0,0,0,0,0,"N",0.41,0,0,0,0,0,0,0,"N",2,100.0,0,0,0,0,0,0,0,0,0,0,0,0,0,0
"51159","5","999","75","0","2016","2","N","Richmond County, Virginia","Private","NAICS 999 Unclassified","County, NAICS 3-digit -- by ownership sector","All establishment sizes",2,0,0,0,0,0,0,0,"N",0.40,0,0,0,0,0,0,0,"N",2,100.0,0,0,0,0,0,0,0,0,0,0,0,0,0,0
"51159","5","999","75","0","2016","3","N","Richmond County, Virginia","Private","NAICS 999 Unclassified","County, NAICS 3-digit -- by ownership sector","All establishment sizes",2,0,0,0,0,0,0,0,"N",0.34,0,0,0,0,0,0,0,"N",2,100.0,0,0,0,0,0,0,0,0,0,0,0,0,0,0
"51159","5","999","75","0","2016","4","N","Richmond County, Virginia","Private","NAICS 999 Unclassified","County, NAICS 3-digit -- by ownership sector","All establishment sizes",1,0,0,0,0,0,0,0,"N",0.18,0,0,0,0,0,0,0,"N",1,100.0,0,0,0,0,0,0,0,0,0,0,0,0,0,0
"51159","5","9999","76","0","2016","1","N","Richmond County, Virginia","Private","NAICS 9999 Unclassified","County, NAICS 4-digit -- by ownership sector","All establishment sizes",2,0,0,0,0,0,0,0,"N",0.41,0,0,0,0,0,0,0,"N",2,100.0,0,0,0,0,0,0,0,0,0,0,0,0,0,0
"51159","5","9999","76","0","2016","2","N","Richmond County, Virginia","Private","NAICS 9999 Unclassified","County, NAICS 4-digit -- by ownership sector","All establishment sizes",2,0,0,0,0,0,0,0,"N",0.40,0,0,0,0,0,0,0,"N",2,100.0,0,0,0,0,0,0,0,0,0,0,0,0,0,0
"51159","5","9999","76","0","2016","3","N","Richmond County, Virginia","Private","NAICS 9999 Unclassified","County, NAICS 4-digit -- by ownership sector","All establishment sizes",2,0,0,0,0,0,0,0,"N",0.34,0,0,0,0,0,0,0,"N",2,100.0,0,0,0,0,0,0,0,0,0,0,0,0,0,0
"51159","5","9999","76","0","2016","4","N","Richmond County, Virginia","Private","NAICS 9999 Unclassified","County, NAICS 4-digit -- by ownership sector","All establishment sizes",1,0,0,0,0,0,0,0,"N",0.18,0,0,0,0,0,0,0,"N",1,100.0,0,0,0,0,0,0,0,0,0,0,0,0,0,0
"51159","5","99999","77","0","2016","1","N","Richmond County, Virginia","Private","NAICS 99999 Unclassified","County, NAICS 5-digit -- by ownership sector","All establishment sizes",2,0,0,0,0,0,0,0,"N",0.41,0,0,0,0,0,0,0,"N",2,100.0,0,0,0,0,0,0,0,0,0,0,0,0,0,0
"51159","5","99999","77","0","2016","2","N","Richmond County, Virginia","Private","NAICS 99999 Unclassified","County, NAICS 5-digit -- by ownership sector","All establishment sizes",2,0,0,0,0,0,0,0,"N",0.40,0,0,0,0,0,0,0,"N",2,100.0,0,0,0,0,0,0,0,0,0,0,0,0,0,0
"51159","5","99999","77","0","2016","3","N","Richmond County, Virginia","Private","NAICS 99999 Unclassified","County, NAICS 5-digit -- by ownership sector","All establishment sizes",2,0,0,0,0,0,0,0,"N",0.34,0,0,0,0,0,0,0,"N",2,100.0,0,0,0,0,0,0,0,0,0,0,0,0,0,0
"51159","5","99999","77","0","2016","4","N","Richmond County, Virginia","Private","NAICS 99999 Unclassified","County, NAICS 5-digit -- by ownership sector","All establishment sizes",1,0,0,0,0,0,0,0,"N",0.18,0,0,0,0,0,0,0,"N",1,100.0,0,0,0,0,0,0,0,0,0,0,0,0,0,0
"51159","5","999999","78","0","2016","1","N","Richmond County, Virginia","Private","NAICS 999999 Unclassified","County, NAICS 6-digit -- by ownership sector","All establishment sizes",2,0,0,0,0,0,0,0,"N",0.41,0,0,0,0,0,0,0,"N",2,100.0,0,0,0,0,0,0,0,0,0,0,0,0,0,0
"51159","5","999999","78","0","2016","2","N","Richmond County, Virginia","Private","NAICS 999999 Unclassified","County, NAICS 6-digit -- by ownership sector","All establishment sizes",2,0,0,0,0,0,0,0,"N",0.40,0,0,0,0,0,0,0,"N",2,100.0,0,0,0,0,0,0,0,0,0,0,0,0,0,0
"51159","5","999999","78","0","2016","3","N","Richmond County, Virginia","Private","NAICS 999999 Unclassified","County, NAICS 6-digit -- by ownership sector","All establishment sizes",2,0,0,0,0,0,0,0,"N",0.34,0,0,0,0,0,0,0,"N",2,100.0,0,0,0,0,0,0,0,0,0,0,0,0,0,0
"51159","5","999999","78","0","2016","4","N","Richmond County, Virginia","Private","NAICS 999999 Unclassified","County, NAICS 6-digit -- by ownership sector","All establishment sizes",1,0,0,0,0,0,0,0,"N",0.18,0,0,0,0,0,0,0,"N",1,100.0,0,0,0,0,0,0,0,0,0,0,0,0,0,0
