"area_fips","own_code","industry_code","agglvl_code","size_code","year","qtr","disclosure_code","area_title","own_title","industry_title","agglvl_title","size_title","qtrly_estabs_count","month1_emplvl","month2_emplvl","month3_emplvl","total_qtrly_wages","taxable_qtrly_wages","qtrly_contributions","avg_wkly_wage","lq_disclosure_code","lq_qtrly_estabs_count","lq_month1_emplvl","lq_month2_emplvl","lq_month3_emplvl","lq_total_qtrly_wages","lq_taxable_qtrly_wages","lq_qtrly_contributions","lq_avg_wkly_wage","oty_disclosure_code","oty_qtrly_estabs_count_chg","oty_qtrly_estabs_count_pct_chg","oty_month1_emplvl_chg","oty_month1_emplvl_pct_chg","oty_month2_emplvl_chg","oty_month2_emplvl_pct_chg","oty_month3_emplvl_chg","oty_month3_emplvl_pct_chg","oty_total_qtrly_wages_chg","oty_total_qtrly_wages_pct_chg","oty_taxable_qtrly_wages_chg","oty_taxable_qtrly_wages_pct_chg","oty_qtrly_contributions_chg","oty_qtrly_contributions_pct_chg","oty_avg_wkly_wage_chg","oty_avg_wkly_wage_pct_chg"
"29075","0","10","70","0","2016","1","","Gentry County, Missouri","Total Covered","10 Total, all industries","County, Total Covered","All establishment sizes",237,2187,2178,2194,16403265,9130116,112816,577,"",1.00,1.00,1.00,1.00,1.00,1.00,1.00,1.00,"",-8,-3.3,-39,-1.8,-45,-2.0,-59,-2.6,-15330,-0.1,89322,1.0,-10758,-8.7,12,2.1
"29075","0","10","70","0","2016","2","","Gentry County, Missouri","Total Covered","10 Total, all industries","County, Total Covered","All establishment sizes",235,2239,2236,2293,17656866,5553139,74370,602,"",1.00,1.00,1.00,1.00,1.00,1.00,1.00,1.00,"",-3,-1.3,-45,-2.0,-76,-3.3,-67,-2.8,295624,1.7,-1462,0.0,-7588,-9.3,26,4.5
"29075","0","10","70","0","2016","3","","Gentry County, Missouri","Total Covered","10 Total, all industries","County, Total Covered","All establishment sizes",230,2130,2165,2220,17436302,2903199,42014,618,"",1.00,1.00,1.00,1.00,1.00,1.00,1.00,1.00,"",-9,-3.8,-44,-2.0,-1,0.0,4,0.2,234659,1.4,-145452,-4.8,-8066,-16.1,13,2.1
"29075","0","10","70","0","2016","4","","Gentry County, Missouri","Total Covered","10 Total, all industries","County, Total Covered","All establishment sizes",231,2195,2200,2205,18665861,1985140,29009,653,"",1.00,1.00,1.00,1.00,1.00,1.00,1.00,1.00,"",-7,-2.9,-64,-2.8,-45,-2.0,-42,-1.9,-451398,-2.4,-234189,-10.6,-6593,-18.5,0,0.0
"29075","1","10","71","0","2016","1","","Gentry County, Missouri","Federal Government","10 Total, all industries","County, Total -- by ownership sector","All establishment sizes",8,39,37,39,358333,0,0,719,"",5.36,0.90,0.86,0.90,0.77,0.00,0.00,0.87,"",0,0.0,7,21.9,5,15.6,5,14.7,-11969,-3.2,0,0.0,0,0.0,-153,-17.5
"29075","1","10","71","0","2016","2","","Gentry County, Missouri","Federal Government","10 Total, all industries","County, Total -- by ownership sector","All establishment sizes",8,36,34,40,329932,0,0,692,"",5.46,0.82,0.78,0.89,0.68,0.00,0.00,0.82,"",0,0.0,2,5.9,1,3.0,7,21.2,13118,4.1,0,0.0,0,0.0,-39,-5.3
"29075","1","10","71","0","2016","3","","Gentry County, Missouri","Federal Government","10 Total, all industries","County, Total -- by ownership sector","All establishment sizes",8,42,35,39,402879,0,0,801,"",5.62,0.99,0.82,0.89,0.75,0.00,0.00,0.83,"",0,0.0,9,27.3,-5,-12.5,3,8.3,13414,3.4,0,0.0,0,0.0,-24,-2.9
"29075","1","10","71","0","2016","4","","Gentry County, Missouri","Federal Government","10 Total, all industries","County, Total -- by ownership sector","All establishment sizes",8,34,37,40,384114,0,0,799,"",5.64,0.79,0.86,0.92,0.73,0.00,0.00,0.85,"",0,0.0,-3,-8.1,2,5.7,0,0.0,8263,2.2,0,0.0,0,0.0,25,3.2
"29075","1","102","72","0","2016","1","","Gentry County, Missouri","Federal Government","102 Service-providing","County, by Domain -- by ownership sector","All establishment sizes",8,39,37,39,358333,0,0,719,"",5.37,0.91,0.87,0.92,0.78,0.00,0.00,0.87,"",0,0.0,7,21.9,5,15.6,5,14.7,-11969,-3.2,0,0.0,0,0.0,-153,-17.5
"29075","1","102","72","0","2016","2","","Gentry County, Missouri","Federal Government","102 Service-providing","County, by Domain -- by ownership sector","All establishment sizes",8,36,34,40,329932,0,0,692,"",5.47,0.84,0.79,0.90,0.69,0.00,0.00,0.82,"",0,0.0,2,5.9,1,3.0,7,21.2,13118,4.1,0,0.0,0,0.0,-39,-5.3
"29075","1","102","72","0","2016","3","","Gentry County, Missouri","Federal Government","102 Service-providing","County, by Domain -- by ownership sector","All establishment sizes",8,42,35,39,402879,0,0,801,"",5.64,1.01,0.83,0.91,0.76,0.00,0.00,0.83,"",0,0.0,9,27.3,-5,-12.5,3,8.3,13414,3.4,0,0.0,0,0.0,-24,-2.9
"29075","1","102","72","0","2016","4","","Gentry County, Missouri","Federal Government","102 Service-providing","County, by Domain -- by ownership sector","All establishment sizes",8,34,37,40,384114,0,0,799,"",5.65,0.81,0.88,0.94,0.74,0.00,0.00,0.85,"",0,0.0,-3,-8.1,2,5.7,0,0.0,8263,2.2,0,0.0,0,0.0,25,3.2
"29075","1","1021","73","0","2016","1","","Gentry County, Missouri","Federal Government","1021 Trade, transportation, and utilities","County, by Supersector -- by ownership sector","All establishment sizes",5,27,26,27,244550,0,0,705,"",6.71,2.57,2.47,2.55,3.01,0.00,0.00,1.19,"",0,0.0,2,8.0,1,4.0,4,17.4,-25969,-9.6,0,0.0,0,0.0,-150,-17.5
"29075","1","1021","73","0","2016","2","","Gentry County, Missouri","Federal Government","1021 Trade, transportation, and utilities","County, by Supersector -- by ownership sector","All establishment sizes",5,28,26,28,239940,0,0,675,"",6.82,2.63,2.44,2.56,2.72,0.00,0.00,1.07,"",0,0.0,2,7.7,1,4.0,3,12.0,9425,4.1,0,0.0,0,0.0,-25,-3.6
"29075","1","1021","73","0","2016","3","","Gentry County, Missouri","Federal Government","1021 Trade, transportation, and utilities","County, by Supersector -- by ownership sector","All establishment sizes",5,29,26,26,286893,0,0,817,"",7.05,2.84,2.51,2.45,2.94,0.00,0.00,1.13,"",0,0.0,5,20.8,-3,-10.3,-1,-3.7,6679,2.4,0,0.0,0,0.0,9,1.1
"29075","1","1021","73","0","2016","4","","Gentry County, Missouri","Federal Government","1021 Trade, transportation, and utilities","County, by Supersector -- by ownership sector","All establishment sizes",5,26,26,28,290396,0,0,838,"",7.06,2.49,2.49,2.57,2.72,0.00,0.00,1.08,"",0,0.0,-2,-7.1,0,0.0,1,3.7,8705,3.1,0,0.0,0,0.0,35,4.4
"29075","1","1028","73","0","2016","1","","Gentry County, Missouri","Federal Government","1028 Public administration","County, by Supersector -- by ownership sector","All establishment sizes",3,12,11,12,113783,0,0,750,"",4.93,0.51,0.47,0.51,0.39,0.00,0.00,0.79,"",0,0.0,5,71.4,4,57.1,1,9.1,14000,14.0,0,0.0,0,0.0,-171,-18.6
"29075","1","1028","73","0","2016","2","","Gentry County, Missouri","Federal Government","1028 Public administration","County, by Supersector -- by ownership sector","All establishment sizes",3,8,8,12,89992,0,0,742,"",5.03,0.34,0.34,0.49,0.30,0.00,0.00,0.78,"",0,0.0,0,0.0,0,0.0,4,50.0,3693,4.3,0,0.0,0,0.0,-88,-10.6
"29075","1","1028","73","0","2016","3","","Gentry County, Missouri","Federal Government","1028 Public administration","County, by Supersector -- by ownership sector","All establishment sizes",3,13,9,13,115986,0,0,765,"",5.17,0.56,0.39,0.55,0.35,0.00,0.00,0.70,"",0,0.0,4,44.4,-2,-18.2,4,44.4,6735,6.2,0,0.0,0,0.0,-104,-12.0
"29075","1","1028","73","0","2016","4","","Gentry County, Missouri","Federal Government","1028 Public administration","County, by Supersector -- by ownership sector","All establishment sizes",3,8,11,12,93718,0,0,698,"",5.19,0.34,0.47,0.51,0.30,0.00,0.00,0.68,"",0,0.0,-1,-11.1,2,22.2,-1,-7.7,-442,-0.5,0,0.0,0,0.0,-3,-0.4
"29075","1","48-49","74","0","2016","1","","Gentry County, Missouri","Federal Government","NAICS 48-49 Transportation and warehousing","County, NAICS Sector -- by ownership sector","All establishment sizes",5,27,26,27,244550,0,0,705,"",6.91,2.82,2.71,2.79,3.25,0.00,0.00,1.17,"",0,0.0,2,8.0,1,4.0,4,17.4,-25969,-9.6,0,0.0,0,0.0,-150,-17.5
"29075","1","48-49","74","0","2016","2","","Gentry County, Missouri","Federal Government","NAICS 48-49 Transportation and warehousing","County, NAICS Sector -- by ownership sector","All establishment sizes",5,28,26,28,239940,0,0,675,"",7.02,2.88,2.67,2.80,2.94,0.00,0.00,1.06,"",0,0.0,2,7.7,1,4.0,3,12.0,9425,4.1,0,0.0,0,0.0,-25,-3.6
"29075","1","48-49","74","0","2016","3","","Gentry County, Missouri","Federal Government","NAICS 48-49 Transportation and warehousing","County, NAICS Sector -- by ownership sector","All establishment sizes",5,29,26,26,286893,0,0,817,"",7.25,3.11,2.74,2.68,3.15,0.00,0.00,1.11,"",0,0.0,5,20.8,-3,-10.3,-1,-3.7,6679,2.4,0,0.0,0,0.0,9,1.1
"29075","1","48-49","74","0","2016","4","","Gentry County, Missouri","Federal Government","NAICS 48-49 Transportation and warehousing","County, NAICS Sector -- by ownership sector","All establishment sizes",5,26,26,28,290396,0,0,838,"",7.27,2.73,2.72,2.81,2.94,0.00,0.00,1.07,"",0,0.0,-2,-7.1,0,0.0,1,3.7,8705,3.1,0,0.0,0,0.0,35,4.4
"29075","1","491","75","0","2016","1","","Gentry County, Missouri","Federal Government","NAICS 491 Postal service","County, NAICS 3-digit -- by ownership sector","All establishment sizes",5,27,26,27,244550,0,0,705,"",6.96,2.88,2.77,2.85,3.41,0.00,0.00,1.21,"",0,0.0,2,8.0,1,4.0,4,17.4,-25969,-9.6,0,0.0,0,0.0,-150,-17.5
"29075","1","491","75","0","2016","2","","Gentry County, Missouri","Federal Government","NAICS 491 Postal service","County, NAICS 3-digit -- by ownership sector","All establishment sizes",5,28,26,28,239940,0,0,675,"",7.07,2.94,2.73,2.86,3.07,0.00,0.00,1.08,"",0,0.0,2,7.7,1,4.0,3,12.0,9425,4.1,0,0.0,0,0.0,-25,-3.6
"29075","1","491","75","0","2016","3","","Gentry County, Missouri","Federal Government","NAICS 491 Postal service","County, NAICS 3-digit -- by ownership sector","All establishment sizes",5,29,26,26,286893,0,0,817,"",7.30,3.17,2.80,2.74,3.30,0.00,0.00,1.14,"",0,0.0,5,20.8,-3,-10.3,-1,-3.7,6679,2.4,0,0.0,0,0.0,9,1.1
"29075","1","491","75","0","2016","4","","Gentry County, Missouri","Federal Government","NAICS 491 Postal service","County, NAICS 3-digit -- by ownership sector","All establishment sizes",5,26,26,28,290396,0,0,838,"",7.32,2.79,2.78,2.86,3.04,0.00,0.00,1.08,"",0,0.0,-2,-7.1,0,0.0,1,3.7,8705,3.1,0,0.0,0,0.0,35,4.4
"29075","1","4911","76","0","2016","1","","Gentry County, Missouri","Federal Government","NAICS 4911 Postal service","County, NAICS 4-digit -- by ownership sector","All establishment sizes",5,27,26,27,244550,0,0,705,"",6.96,2.88,2.77,2.85,3.41,0.00,0.00,1.21,"",0,0.0,2,8.0,1,4.0,4,17.4,-25969,-9.6,0,0.0,0,0.0,-150,-17.5
"29075","1","4911","76","0","2016","2","","Gentry County, Missouri","Federal Government","NAICS 4911 Postal service","County, NAICS 4-digit -- by ownership sector","All establishment sizes",5,28,26,28,239940,0,0,675,"",7.07,2.94,2.73,2.86,3.07,0.00,0.00,1.08,"",0,0.0,2,7.7,1,4.0,3,12.0,9425,4.1,0,0.0,0,0.0,-25,-3.6
"29075","1","4911","76","0","2016","3","","Gentry County, Missouri","Federal Government","NAICS 4911 Postal service","County, NAICS 4-digit -- by ownership sector","All establishment sizes",5,29,26,26,286893,0,0,817,"",7.30,3.17,2.80,2.74,3.30,0.00,0.00,1.14,"",0,0.0,5,20.8,-3,-10.3,-1,-3.7,6679,2.4,0,0.0,0,0.0,9,1.1
"29075","1","4911","76","0","2016","4","","Gentry County, Missouri","Federal Government","NAICS 4911 Postal service","County, NAICS 4-digit -- by ownership sector","All establishment sizes",5,26,26,28,290396,0,0,838,"",7.32,2.79,2.78,2.86,3.04,0.00,0.00,1.08,"",0,0.0,-2,-7.1,0,0.0,1,3.7,8705,3.1,0,0.0,0,0.0,35,4.4
"29075","1","49111","77","0","2016","1","","Gentry County, Missouri","Federal Government","NAICS 49111 Postal service","County, NAICS 5-digit -- by ownership sector","All establishment sizes",5,27,26,27,244550,0,0,705,"",6.96,2.88,2.77,2.85,3.41,0.00,0.00,1.21,"",0,0.0,2,8.0,1,4.0,4,17.4,-25969,-9.6,0,0.0,0,0.0,-150,-17.5
"29075","1","49111","77","0","2016","2","","Gentry County, Missouri","Federal Government","NAICS 49111 Postal service","County, NAICS 5-digit -- by ownership sector","All establishment sizes",5,28,26,28,239940,0,0,675,"",7.07,2.94,2.73,2.86,3.07,0.00,0.00,1.08,"",0,0.0,2,7.7,1,4.0,3,12.0,9425,4.1,0,0.0,0,0.0,-25,-3.6
"29075","1","49111","77","0","2016","3","","Gentry County, Missouri","Federal Government","NAICS 49111 Postal service","County, NAICS 5-digit -- by ownership sector","All establishment sizes",5,29,26,26,286893,0,0,817,"",7.30,3.17,2.80,2.74,3.30,0.00,0.00,1.14,"",0,0.0,5,20.8,-3,-10.3,-1,-3.7,6679,2.4,0,0.0,0,0.0,9,1.1
"29075","1","49111","77","0","2016","4","","Gentry County, Missouri","Federal Government","NAICS 49111 Postal service","County, NAICS 5-digit -- by ownership sector","All establishment sizes",5,26,26,28,290396,0,0,838,"",7.32,2.79,2.78,2.86,3.04,0.00,0.00,1.08,"",0,0.0,-2,-7.1,0,0.0,1,3.7,8705,3.1,0,0.0,0,0.0,35,4.4
"29075","1","491110","78","0","2016","1","","Gentry County, Missouri","Federal Government","NAICS 491110 Postal service","County, NAICS 6-digit -- by ownership sector","All establishment sizes",5,27,26,27,244550,0,0,705,"",6.96,2.88,2.77,2.85,3.41,0.00,0.00,1.21,"",0,0.0,2,8.0,1,4.0,4,17.4,-25969,-9.6,0,0.0,0,0.0,-150,-17.5
"29075","1","491110","78","0","2016","2","","Gentry County, Missouri","Federal Government","NAICS 491110 Postal service","County, NAICS 6-digit -- by ownership sector","All establishment sizes",5,28,26,28,239940,0,0,675,"",7.07,2.94,2.73,2.86,3.07,0.00,0.00,1.08,"",0,0.0,2,7.7,1,4.0,3,12.0,9425,4.1,0,0.0,0,0.0,-25,-3.6
"29075","1","491110","78","0","2016","3","","Gentry County, Missouri","Federal Government","NAICS 491110 Postal service","County, NAICS 6-digit -- by ownership sector","All establishment sizes",5,29,26,26,286893,0,0,817,"",7.30,3.17,2.80,2.74,3.30,0.00,0.00,1.14,"",0,0.0,5,20.8,-3,-10.3,-1,-3.7,6679,2.4,0,0.0,0,0.0,9,1.1
"29075","1","491110","78","0","2016","4","","Gentry County, Missouri","Federal Government","NAICS 491110 Postal service","County, NAICS 6-digit -- by ownership sector","All establishment sizes",5,26,26,28,290396,0,0,838,"",7.32,2.79,2.78,2.86,3.04,0.00,0.00,1.08,"",0,0.0,-2,-7.1,0,0.0,1,3.7,8705,3.1,0,0.0,0,0.0,35,4.4
"29075","1","92","74","0","2016","1","","Gentry County, Missouri","Federal Government","NAICS 92 Public administration","County, NAICS Sector -- by ownership sector","All establishment sizes",3,12,11,12,113783,0,0,750,"",4.93,0.51,0.47,0.51,0.39,0.00,0.00,0.79,"",0,0.0,5,71.4,4,57.1,1,9.1,14000,14.0,0,0.0,0,0.0,-171,-18.6
"29075","1","92","74","0","2016","2","","Gentry County, Missouri","Federal Government","NAICS 92 Public administration","County, NAICS Sector -- by ownership sector","All establishment sizes",3,8,8,12,89992,0,0,742,"",5.03,0.34,0.34,0.49,0.30,0.00,0.00,0.78,"",0,0.0,0,0.0,0,0.0,4,50.0,3693,4.3,0,0.0,0,0.0,-88,-10.6
"29075","1","92","74","0","2016","3","","Gentry County, Missouri","Federal Government","NAICS 92 Public administration","County, NAICS Sector -- by ownership sector","All establishment sizes",3,13,9,13,115986,0,0,765,"",5.17,0.56,0.39,0.55,0.35,0.00,0.00,0.70,"",0,0.0,4,44.4,-2,-18.2,4,44.4,6735,6.2,0,0.0,0,0.0,-104,-12.0
"29075","1","92","74","0","2016","4","","Gentry County, Missouri","Federal Government","NAICS 92 Public administration","County, NAICS Sector -- by ownership sector","All establishment sizes",3,8,11,12,93718,0,0,698,"",5.19,0.34,0.47,0.51,0.30,0.00,0.00,0.68,"",0,0.0,-1,-11.1,2,22.2,-1,-7.7,-442,-0.5,0,0.0,0,0.0,-3,-0.4
"29075","1","924","75","0","2016","1","","Gentry County, Missouri","Federal Government","NAICS 924 Administration of environmental programs","County, NAICS 3-digit -- by ownership sector","All establishment sizes",2,11,10,11,103826,0,0,749,"",14.54,7.54,7.01,7.61,6.03,0.00,0.00,0.82,"",0,0.0,5,83.3,4,66.7,1,10.0,12205,13.3,0,0.0,0,0.0,-212,-22.1
"29075","1","924","75","0","2016","2","","Gentry County, Missouri","Federal Government","NAICS 924 Administration of environmental programs","County, NAICS 3-digit -- by ownership sector","All establishment sizes",2,7,7,11,81429,0,0,752,"",14.78,4.64,4.50,6.40,4.68,0.00,0.00,0.90,"",0,0.0,0,0.0,0,0.0,4,57.1,4684,6.1,0,0.0,0,0.0,-91,-10.8
"29075","1","924","75","0","2016","3","","Gentry County, Missouri","Federal Government","NAICS 924 Administration of environmental programs","County, NAICS 3-digit -- by ownership sector","All establishment sizes",2,12,8,12,105996,0,0,764,"",15.27,7.37,4.89,7.37,4.89,0.00,0.00,0.75,"",0,0.0,4,50.0,-2,-20.0,4,50.0,4934,4.9,0,0.0,0,0.0,-133,-14.8
"29075","1","924","75","0","2016","4","","Gentry County, Missouri","Federal Government","NAICS 924 Administration of environmental programs","County, NAICS 3-digit -- by ownership sector","All establishment sizes",2,7,10,11,85018,0,0,701,"",15.36,4.54,6.71,7.45,4.91,0.00,0.00,0.79,"",0,0.0,-1,-12.5,2,25.0,-1,-8.3,548,0.6,0,0.0,0,0.0,5,0.7
"29075","1","9241","76","0","2016","1","","Gentry County, Missouri","Federal Government","NAICS 9241 Administration of environmental programs","County, NAICS 4-digit -- by ownership sector","All establishment sizes",2,11,10,11,103826,0,0,749,"",14.54,7.54,7.01,7.61,6.03,0.00,0.00,0.82,"",0,0.0,5,83.3,4,66.7,1,10.0,12205,13.3,0,0.0,0,0.0,-212,-22.1
"29075","1","9241","76","0","2016","2","","Gentry County, Missouri","Federal Government","NAICS 9241 Administration of environmental programs","County, NAICS 4-digit -- by ownership sector","All establishment sizes",2,7,7,11,81429,0,0,752,"",14.78,4.64,4.50,6.40,4.68,0.00,0.00,0.90,"",0,0.0,0,0.0,0,0.0,4,57.1,4684,6.1,0,0.0,0,0.0,-91,-10.8
"29075","1","9241","76","0","2016","3","","Gentry County, Missouri","Federal Government","NAICS 9241 Administration of environmental programs","County, NAICS 4-digit -- by ownership sector","All establishment sizes",2,12,8,12,105996,0,0,764,"",15.27,7.37,4.89,7.37,4.89,0.00,0.00,0.75,"",0,0.0,4,50.0,-2,-20.0,4,50.0,4934,4.9,0,0.0,0,0.0,-133,-14.8
"29075","1","9241","76","0","2016","4","","Gentry County, Missouri","Federal Government","NAICS 9241 Administration of environmental programs","County, NAICS 4-digit -- by ownership sector","All establishment sizes",2,7,10,11,85018,0,0,701,"",15.36,4.54,6.71,7.45,4.91,0.00,0.00,0.79,"",0,0.0,-1,-12.5,2,25.0,-1,-8.3,548,0.6,0,0.0,0,0.0,5,0.7
"29075","1","92412","77","0","2016","1","","Gentry County, Missouri","Federal Government","NAICS 92412 Administration of conservation programs","County, NAICS 5-digit -- by ownership sector","All establishment sizes",2,11,10,11,103826,0,0,749,"",15.28,9.26,8.63,9.37,8.08,0.00,0.00,0.89,"",0,0.0,5,83.3,4,66.7,1,10.0,12205,13.3,0,0.0,0,0.0,-212,-22.1
"29075","1","92412","77","0","2016","2","","Gentry County, Missouri","Federal Government","NAICS 92412 Administration of conservation programs","County, NAICS 5-digit -- by ownership sector","All establishment sizes",2,7,7,11,81429,0,0,752,"",15.54,5.66,5.44,7.64,6.21,0.00,0.00,0.98,"",0,0.0,0,0.0,0,0.0,4,57.1,4684,6.1,0,0.0,0,0.0,-91,-10.8
"29075","1","92412","77","0","2016","3","","Gentry County, Missouri","Federal Government","NAICS 92412 Administration of conservation programs","County, NAICS 5-digit -- by ownership sector","All establishment sizes",2,12,8,12,105996,0,0,764,"",16.05,8.78,5.84,8.85,6.30,0.00,0.00,0.80,"",0,0.0,4,50.0,-2,-20.0,4,50.0,4934,4.9,0,0.0,0,0.0,-133,-14.8
"29075","1","92412","77","0","2016","4","","Gentry County, Missouri","Federal Government","NAICS 92412 Administration of conservation programs","County, NAICS 5-digit -- by ownership sector","All establishment sizes",2,7,10,11,85018,0,0,701,"",16.15,5.48,8.16,9.11,6.45,0.00,0.00,0.85,"",0,0.0,-1,-12.5,2,25.0,-1,-8.3,548,0.6,0,0.0,0,0.0,5,0.7
"29075","1","924120","78","0","2016","1","","Gentry County, Missouri","Federal Government","NAICS 924120 Administration of conservation programs","County, NAICS 6-digit -- by ownership sector","All establishment sizes",2,11,10,11,103826,0,0,749,"",15.28,9.26,8.63,9.37,8.08,0.00,0.00,0.89,"",0,0.0,5,83.3,4,66.7,1,10.0,12205,13.3,0,0.0,0,0.0,-212,-22.1
"29075","1","924120","78","0","2016","2","","Gentry County, Missouri","Federal Government","NAICS 924120 Administration of conservation programs","County, NAICS 6-digit -- by ownership sector","All establishment sizes",2,7,7,11,81429,0,0,752,"",15.54,5.66,5.44,7.64,6.21,0.00,0.00,0.98,"",0,0.0,0,0.0,0,0.0,4,57.1,4684,6.1,0,0.0,0,0.0,-91,-10.8
"29075","1","924120","78","0","2016","3","","Gentry County, Missouri","Federal Government","NAICS 924120 Administration of conservation programs","County, NAICS 6-digit -- by ownership sector","All establishment sizes",2,12,8,12,105996,0,0,764,"",16.05,8.78,5.84,8.85,6.30,0.00,0.00,0.80,"",0,0.0,4,50.0,-2,-20.0,4,50.0,4934,4.9,0,0.0,0,0.0,-133,-14.8
"29075","1","924120","78","0","2016","4","","Gentry County, Missouri","Federal Government","NAICS 924120 Administration of conservation programs","County, NAICS 6-digit -- by ownership sector","All establishment sizes",2,7,10,11,85018,0,0,701,"",16.15,5.48,8.16,9.11,6.45,0.00,0.00,0.85,"",0,0.0,-1,-12.5,2,25.0,-1,-8.3,548,0.6,0,0.0,0,0.0,5,0.7
"29075","1","928","75","0","2016","1","","Gentry County, Missouri","Federal Government","NAICS 928 National security and international affairs","County, NAICS 3-digit -- by ownership sector","All establishment sizes",1,1,1,1,9957,0,0,766,"",17.04,0.11,0.11,0.11,0.10,0.00,0.00,0.89,"",0,0.0,0,0.0,0,0.0,0,0.0,1795,22.0,0,0.0,0,0.0,138,22.0
"29075","1","928","75","0","2016","2","","Gentry County, Missouri","Federal Government","NAICS 928 National security and international affairs","County, NAICS 3-digit -- by ownership sector","All establishment sizes",1,1,1,1,8563,0,0,659,"",17.49,0.11,0.11,0.11,0.08,0.00,0.00,0.73,"",0,0.0,0,0.0,0,0.0,0,0.0,-991,-10.4,0,0.0,0,0.0,-76,-10.3
"29075","1","928","75","0","2016","3","","Gentry County, Missouri","Federal Government","NAICS 928 National security and international affairs","County, NAICS 3-digit -- by ownership sector","All establishment sizes",1,1,1,1,9990,0,0,768,"",17.89,0.12,0.12,0.11,0.09,0.00,0.00,0.74,"",0,0.0,0,0.0,0,0.0,0,0.0,1801,22.0,0,0.0,0,0.0,138,21.9
"29075","1","928","75","0","2016","4","","Gentry County, Missouri","Federal Government","NAICS 928 National security and international affairs","County, NAICS 3-digit -- by ownership sector","All establishment sizes",1,1,1,1,8700,0,0,669,"",17.93,0.12,0.12,0.11,0.08,0.00,0.00,0.66,"",0,0.0,0,0.0,0,0.0,0,0.0,-990,-10.2,0,0.0,0,0.0,-76,-10.2
"29075","1","9281","76","0","2016","1","","Gentry County, Missouri","Federal Government","NAICS 9281 National security and international affairs","County, NAICS 4-digit -- by ownership sector","All establishment sizes",1,1,1,1,9957,0,0,766,"",17.04,0.11,0.11,0.11,0.10,0.00,0.00,0.89,"",0,0.0,0,0.0,0,0.0,0,0.0,1795,22.0,0,0.0,0,0.0,138,22.0
"29075","1","9281","76","0","2016","2","","Gentry County, Missouri","Federal Government","NAICS 9281 National security and international affairs","County, NAICS 4-digit -- by ownership sector","All establishment sizes",1,1,1,1,8563,0,0,659,"",17.49,0.11,0.11,0.11,0.08,0.00,0.00,0.73,"",0,0.0,0,0.0,0,0.0,0,0.0,-991,-10.4,0,0.0,0,0.0,-76,-10.3
"29075","1","9281","76","0","2016","3","","Gentry County, Missouri","Federal Government","NAICS 9281 National security and international affairs","County, NAICS 4-digit -- by ownership sector","All establishment sizes",1,1,1,1,9990,0,0,768,"",17.89,0.12,0.12,0.11,0.09,0.00,0.00,0.74,"",0,0.0,0,0.0,0,0.0,0,0.0,1801,22.0,0,0.0,0,0.0,138,21.9
"29075","1","9281","76","0","2016","4","","Gentry County, Missouri","Federal Government","NAICS 9281 National security and international affairs","County, NAICS 4-digit -- by ownership sector","All establishment sizes",1,1,1,1,8700,0,0,669,"",17.93,0.12,0.12,0.11,0.08,0.00,0.00,0.66,"",0,0.0,0,0.0,0,0.0,0,0.0,-990,-10.2,0,0.0,0,0.0,-76,-10.2
"29075","1","92811","77","0","2016","1","","Gentry County, Missouri","Federal Government","NAICS 92811 National security","County, NAICS 5-digit -- by ownership sector","All establishment sizes",1,1,1,1,9957,0,0,766,"",19.67,0.12,0.12,0.12,0.11,0.00,0.00,0.90,"",0,0.0,0,0.0,0,0.0,0,0.0,1795,22.0,0,0.0,0,0.0,138,22.0
"29075","1","92811","77","0","2016","2","","Gentry County, Missouri","Federal Government","NAICS 92811 National security","County, NAICS 5-digit -- by ownership sector","All establishment sizes",1,1,1,1,8563,0,0,659,"",20.18,0.12,0.12,0.12,0.09,0.00,0.00,0.74,"",0,0.0,0,0.0,0,0.0,0,0.0,-991,-10.4,0,0.0,0,0.0,-76,-10.3
"29075","1","92811","77","0","2016","3","","Gentry County, Missouri","Federal Government","NAICS 92811 National security","County, NAICS 5-digit -- by ownership sector","All establishment sizes",1,1,1,1,9990,0,0,768,"",20.85,0.12,0.12,0.12,0.09,0.00,0.00,0.75,"",0,0.0,0,0.0,0,0.0,0,0.0,1801,22.0,0,0.0,0,0.0,138,21.9
"29075","1","92811","77","0","2016","4","","Gentry County, Missouri","Federal Government","NAICS 92811 National security","County, NAICS 5-digit -- by ownership sector","All establishment sizes",1,1,1,1,8700,0,0,669,"",20.95,0.12,0.12,0.12,0.08,0.00,0.00,0.67,"",0,0.0,0,0.0,0,0.0,0,0.0,-990,-10.2,0,0.0,0,0.0,-76,-10.2
"29075","1","928110","78","0","2016","1","","Gentry County, Missouri","Federal Government","NAICS 928110 National security","County, NAICS 6-digit -- by ownership sector","All establishment sizes",1,1,1,1,9957,0,0,766,"",19.67,0.12,0.12,0.12,0.11,0.00,0.00,0.90,"",0,0.0,0,0.0,0,0.0,0,0.0,1795,22.0,0,0.0,0,0.0,138,22.0
"29075","1","928110","78","0","2016","2","","Gentry County, Missouri","Federal Government","NAICS 928110 National security","County, NAICS 6-digit -- by ownership sector","All establishment sizes",1,1,1,1,8563,0,0,659,"",20.18,0.12,0.12,0.12,0.09,0.00,0.00,0.74,"",0,0.0,0,0.0,0,0.0,0,0.0,-991,-10.4,0,0.0,0,0.0,-76,-10.3
"29075","1","928110","78","0","2016","3","","Gentry County, Missouri","Federal Government","NAICS 928110 National security","County, NAICS 6-digit -- by ownership sector","All establishment sizes",1,1,1,1,9990,0,0,768,"",20.85,0.12,0.12,0.12,0.09,0.00,0.00,0.75,"",0,0.0,0,0.0,0,0.0,0,0.0,1801,22.0,0,0.0,0,0.0,138,21.9
"29075","1","928110","78","0","2016","4","","Gentry County, Missouri","Federal Government","NAICS 928110 National security","County, NAICS 6-digit -- by ownership sector","All establishment sizes",1,1,1,1,8700,0,0,669,"",20.95,0.12,0.12,0.12,0.08,0.00,0.00,0.67,"",0,0.0,0,0.0,0,0.0,0,0.0,-990,-10.2,0,0.0,0,0.0,-76,-10.2
"29075","2","10","71","0","2016","1","","Gentry County, Missouri","State Government","10 Total, all industries","County, Total -- by ownership sector","All establishment sizes",7,43,42,44,415769,0,0,744,"",4.10,0.61,0.59,0.61,0.76,0.00,0.00,1.26,"",0,0.0,-8,-15.7,-6,-12.5,-5,-10.2,-53460,-11.4,0,0.0,0,0.0,12,1.6
"29075","2","10","71","0","2016","2","","Gentry County, Missouri","State Government","10 Total, all industries","County, Total -- by ownership sector","All establishment sizes",5,37,39,39,349147,0,0,701,"",2.98,0.51,0.54,0.54,0.56,0.00,0.00,1.05,"",-2,-28.6,-11,-22.9,-11,-22.0,-11,-22.0,-109623,-23.9,0,0.0,0,0.0,-14,-2.0
"29075","2","10","71","0","2016","3","","Gentry County, Missouri","State Government","10 Total, all industries","County, Total -- by ownership sector","All establishment sizes",5,33,34,30,295553,0,0,703,"",3.07,0.49,0.50,0.42,0.48,0.00,0.00,1.02,"",-2,-28.6,-18,-35.3,-16,-32.0,-20,-40.0,-193188,-39.5,0,0.0,0,0.0,-44,-5.9
"29075","2","10","71","0","2016","4","","Gentry County, Missouri","State Government","10 Total, all industries","County, Total -- by ownership sector","All establishment sizes",5,30,31,30,279270,0,0,708,"",3.07,0.42,0.44,0.42,0.45,0.00,0.00,1.05,"",-2,-28.6,-19,-38.8,-16,-34.0,-15,-33.3,-189026,-40.4,0,0.0,0,0.0,-58,-7.6
"29075","2","101","72","0","2016","1","N","Gentry County, Missouri","State Government","101 Goods-producing","County, by Domain -- by ownership sector","All establishment sizes",1,0,0,0,0,0,0,0,"N",20.60,0,0,0,0,0,0,0,"N",0,0.0,0,0,0,0,0,0,0,0,0,0,0,0,0,0
"29075","2","101","72","0","2016","2","N","Gentry County, Missouri","State Government","101 Goods-producing","County, by Domain -- by ownership sector","All establishment sizes",1,0,0,0,0,0,0,0,"N",21.03,0,0,0,0,0,0,0,"N",0,0.0,0,0,0,0,0,0,0,0,0,0,0,0,0,0
"29075","2","101","72","0","2016","3","N","Gentry County, Missouri","State Government","101 Goods-producing","County, by Domain -- by ownership sector","All establishment sizes",1,0,0,0,0,0,0,0,"N",21.68,0,0,0,0,0,0,0,"N",0,0.0,0,0,0,0,0,0,0,0,0,0,0,0,0,0
"29075","2","101","72","0","2016","4","N","Gentry County, Missouri","State Government","101 Goods-producing","County, by Domain -- by ownership sector","All establishment sizes",1,0,0,0,0,0,0,0,"N",21.84,0,0,0,0,0,0,0,"N",0,0.0,0,0,0,0,0,0,0,0,0,0,0,0,0,0
"29075","2","1012","73","0","2016","1","N","Gentry County, Missouri","State Government","1012 Construction","County, by Supersector -- by ownership sector","All establishment sizes",1,0,0,0,0,0,0,0,"N",22.54,0,0,0,0,0,0,0,"N",0,0.0,0,0,0,0,0,0,0,0,0,0,0,0,0,0
"29075","2","1012","73","0","2016","2","N","Gentry County, Missouri","State Government","1012 Construction","County, by Supersector -- by ownership sector","All establishment sizes",1,0,0,0,0,0,0,0,"N",22.98,0,0,0,0,0,0,0,"N",0,0.0,0,0,0,0,0,0,0,0,0,0,0,0,0,0
"29075","2","1012","73","0","2016","3","N","Gentry County, Missouri","State Government","1012 Construction","County, by Supersector -- by ownership sector","All establishment sizes",1,0,0,0,0,0,0,0,"N",23.68,0,0,0,0,0,0,0,"N",0,0.0,0,0,0,0,0,0,0,0,0,0,0,0,0,0
"29075","2","1012","73","0","2016","4","N","Gentry County, Missouri","State Government","1012 Construction","County, by Supersector -- by ownership sector","All establishment sizes",1,0,0,0,0,0,0,0,"N",23.86,0,0,0,0,0,0,0,"N",0,0.0,0,0,0,0,0,0,0,0,0,0,0,0,0,0
"29075","2","102","72","0","2016","1","N","Gentry County, Missouri","State Government","102 Service-providing","County, by Domain -- by ownership sector","All establishment sizes",6,0,0,0,0,0,0,0,"N",3.62,0,0,0,0,0,0,0,"N",0,0.0,0,0,0,0,0,0,0,0,0,0,0,0,0,0
"29075","2","102","72","0","2016","2","N","Gentry County, Missouri","State Government","102 Service-providing","County, by Domain -- by ownership sector","All establishment sizes",4,0,0,0,0,0,0,0,"N",2.45,0,0,0,0,0,0,0,"N",-2,-33.3,0,0,0,0,0,0,0,0,0,0,0,0,0,0
"29075","2","102","72","0","2016","3","N","Gentry County, Missouri","State Government","102 Service-providing","County, by Domain -- by ownership sector","All establishment sizes",4,0,0,0,0,0,0,0,"N",2.52,0,0,0,0,0,0,0,"N",-2,-33.3,0,0,0,0,0,0,0,0,0,0,0,0,0,0
"29075","2","102","72","0","2016","4","N","Gentry County, Missouri","State Government","102 Service-providing","County, by Domain -- by ownership sector","All establishment sizes",4,0,0,0,0,0,0,0,"N",2.53,0,0,0,0,0,0,0,"N",-2,-33.3,0,0,0,0,0,0,0,0,0,0,0,0,0,0
"29075","2","1025","73","0","2016","1","N","Gentry County, Missouri","State Government","1025 Education and health services","County, by Supersector -- by ownership sector","All establishment sizes",1,0,0,0,0,0,0,0,"N",2.77,0,0,0,0,0,0,0,"N",0,0.0,0,0,0,0,0,0,0,0,0,0,0,0,0,0
"29075","2","1025","73","0","2016","2","N","Gentry County, Missouri","State Government","1025 Education and health services","County, by Supersector -- by ownership sector","All establishment sizes",1,0,0,0,0,0,0,0,"N",2.80,0,0,0,0,0,0,0,"N",0,0.0,0,0,0,0,0,0,0,0,0,0,0,0,0,0
"29075","2","1025","73","0","2016","3","N","Gentry County, Missouri","State Government","1025 Education and health services","County, by Supersector -- by ownership sector","All establishment sizes",1,0,0,0,0,0,0,0,"N",2.89,0,0,0,0,0,0,0,"N",0,0.0,0,0,0,0,0,0,0,0,0,0,0,0,0,0
"29075","2","1025","73","0","2016","4","N","Gentry County, Missouri","State Government","1025 Education and health services","County, by Supersector -- by ownership sector","All establishment sizes",1,0,0,0,0,0,0,0,"N",2.94,0,0,0,0,0,0,0,"N",0,0.0,0,0,0,0,0,0,0,0,0,0,0,0,0,0
"29075","2","1028","73","0","2016","1","","Gentry County, Missouri","State Government","1028 Public administration","County, by Supersector -- by ownership sector","All establishment sizes",5,5,5,5,50191,0,0,772,"",4.15,0.18,0.18,0.18,0.24,0.00,0.00,1.31,"",0,0.0,-1,-16.7,0,0.0,0,0.0,-1344,-2.6,0,0.0,0,0.0,29,3.9
"29075","2","1028","73","0","2016","2","","Gentry County, Missouri","State Government","1028 Public administration","County, by Supersector -- by ownership sector","All establishment sizes",3,5,6,6,52538,0,0,713,"",2.53,0.18,0.21,0.21,0.21,0.00,0.00,1.08,"",-2,-40.0,0,0.0,1,20.0,0,0.0,1887,3.7,0,0.0,0,0.0,-18,-2.5
"29075","2","1028","73","0","2016","3","","Gentry County, Missouri","State Government","1028 Public administration","County, by Supersector -- by ownership sector","All establishment sizes",3,6,6,5,53412,0,0,725,"",2.60,0.22,0.22,0.18,0.22,0.00,0.00,1.08,"",-2,-40.0,0,0.0,1,20.0,0,0.0,1149,2.2,0,0.0,0,0.0,-29,-3.8
"29075","2","1028","73","0","2016","4","","Gentry County, Missouri","State Government","1028 Public administration","County, by Supersector -- by ownership sector","All establishment sizes",3,5,5,5,51680,0,0,795,"",2.59,0.18,0.18,0.18,0.21,0.00,0.00,1.16,"",-2,-40.0,0,0.0,0,0.0,0,0.0,1626,3.2,0,0.0,0,0.0,25,3.2
"29075","2","23","74","0","2016","1","N","Gentry County, Missouri","State Government","NAICS 23 Construction","County, NAICS Sector -- by ownership sector","All establishment sizes",1,0,0,0,0,0,0,0,"N",22.54,0,0,0,0,0,0,0,"N",0,0.0,0,0,0,0,0,0,0,0,0,0,0,0,0,0
"29075","2","23","74","0","2016","2","N","Gentry County, Missouri","State Government","NAICS 23 Construction","County, NAICS Sector -- by ownership sector","All establishment sizes",1,0,0,0,0,0,0,0,"N",22.98,0,0,0,0,0,0,0,"N",0,0.0,0,0,0,0,0,0,0,0,0,0,0,0,0,0
"29075","2","23","74","0","2016","3","N","Gentry County, Missouri","State Government","NAICS 23 Construction","County, NAICS Sector -- by ownership sector","All establishment sizes",1,0,0,0,0,0,0,0,"N",23.68,0,0,0,0,0,0,0,"N",0,0.0,0,0,0,0,0,0,0,0,0,0,0,0,0,0
"29075","2","23","74","0","2016","4","N","Gentry County, Missouri","State Government","NAICS 23 Construction","County, NAICS Sector -- by ownership sector","All establishment sizes",1,0,0,0,0,0,0,0,"N",23.86,0,0,0,0,0,0,0,"N",0,0.0,0,0,0,0,0,0,0,0,0,0,0,0,0,0
"29075","2","237","75","0","2016","1","N","Gentry County, Missouri","State Government","NAICS 237 Heavy and civil engineering construction","County, NAICS 3-digit -- by ownership sector","All establishment sizes",1,0,0,0,0,0,0,0,"N",22.59,0,0,0,0,0,0,0,"N",0,0.0,0,0,0,0,0,0,0,0,0,0,0,0,0,0
"29075","2","237","75","0","2016","2","N","Gentry County, Missouri","State Government","NAICS 237 Heavy and civil engineering construction","County, NAICS 3-digit -- by ownership sector","All establishment sizes",1,0,0,0,0,0,0,0,"N",23.03,0,0,0,0,0,0,0,"N",0,0.0,0,0,0,0,0,0,0,0,0,0,0,0,0,0
"29075","2","237","75","0","2016","3","N","Gentry County, Missouri","State Government","NAICS 237 Heavy and civil engineering construction","County, NAICS 3-digit -- by ownership sector","All establishment sizes",1,0,0,0,0,0,0,0,"N",23.73,0,0,0,0,0,0,0,"N",0,0.0,0,0,0,0,0,0,0,0,0,0,0,0,0,0
"29075","2","237","75","0","2016","4","N","Gentry County, Missouri","State Government","NAICS 237 Heavy and civil engineering construction","County, NAICS 3-digit -- by ownership sector","All establishment sizes",1,0,0,0,0,0,0,0,"N",23.92,0,0,0,0,0,0,0,"N",0,0.0,0,0,0,0,0,0,0,0,0,0,0,0,0,0
"29075","2","2373","76","0","2016","1","N","Gentry County, Missouri","State Government","NAICS 2373 Highway, street, and bridge construction","County, NAICS 4-digit -- by ownership sector","All establishment sizes",1,0,0,0,0,0,0,0,"N",22.63,0,0,0,0,0,0,0,"N",0,0.0,0,0,0,0,0,0,0,0,0,0,0,0,0,0
"29075","2","2373","76","0","2016","2","N","Gentry County, Missouri","State Government","NAICS 2373 Highway, street, and bridge construction","County, NAICS 4-digit -- by ownership sector","All establishment sizes",1,0,0,0,0,0,0,0,"N",23.08,0,0,0,0,0,0,0,"N",0,0.0,0,0,0,0,0,0,0,0,0,0,0,0,0,0
"29075","2","2373","76","0","2016","3","N","Gentry County, Missouri","State Government","NAICS 2373 Highway, street, and bridge construction","County, NAICS 4-digit -- by ownership sector","All establishment sizes",1,0,0,0,0,0,0,0,"N",23.78,0,0,0,0,0,0,0,"N",0,0.0,0,0,0,0,0,0,0,0,0,0,0,0,0,0
"29075","2","2373","76","0","2016","4","N","Gentry County, Missouri","State Government","NAICS 2373 Highway, street, and bridge construction","County, NAICS 4-digit -- by ownership sector","All establishment sizes",1,0,0,0,0,0,0,0,"N",23.97,0,0,0,0,0,0,0,"N",0,0.0,0,0,0,0,0,0,0,0,0,0,0,0,0,0
"29075","2","23731","77","0","2016","1","N","Gentry County, Missouri","State Government","NAICS 23731 Highway, street, and bridge construction","County, NAICS 5-digit -- by ownership sector","All establishment sizes",1,0,0,0,0,0,0,0,"N",22.63,0,0,0,0,0,0,0,"N",0,0.0,0,0,0,0,0,0,0,0,0,0,0,0,0,0
"29075","2","23731","77","0","2016","2","N","Gentry County, Missouri","State Government","NAICS 23731 Highway, street, and bridge construction","County, NAICS 5-digit -- by ownership sector","All establishment sizes",1,0,0,0,0,0,0,0,"N",23.08,0,0,0,0,0,0,0,"N",0,0.0,0,0,0,0,0,0,0,0,0,0,0,0,0,0
"29075","2","23731","77","0","2016","3","N","Gentry County, Missouri","State Government","NAICS 23731 Highway, street, and bridge construction","County, NAICS 5-digit -- by ownership sector","All establishment sizes",1,0,0,0,0,0,0,0,"N",23.78,0,0,0,0,0,0,0,"N",0,0.0,0,0,0,0,0,0,0,0,0,0,0,0,0,0
"29075","2","23731","77","0","2016","4","N","Gentry County, Missouri","State Government","NAICS 23731 Highway, street, and bridge construction","County, NAICS 5-digit -- by ownership sector","All establishment sizes",1,0,0,0,0,0,0,0,"N",23.97,0,0,0,0,0,0,0,"N",0,0.0,0,0,0,0,0,0,0,0,0,0,0,0,0,0
"29075","2","237310","78","0","2016","1","N","Gentry County, Missouri","State Government","NAICS 237310 Highway, street, and bridge construction","County, NAICS 6-digit -- by ownership sector","All establishment sizes",1,0,0,0,0,0,0,0,"N",22.63,0,0,0,0,0,0,0,"N",0,0.0,0,0,0,0,0,0,0,0,0,0,0,0,0,0
"29075","2","237310","78","0","2016","2","N","Gentry County, Missouri","State Government","NAICS 237310 Highway, street, and bridge construction","County, NAICS 6-digit -- by ownership sector","All establishment sizes",1,0,0,0,0,0,0,0,"N",23.08,0,0,0,0,0,0,0,"N",0,0.0,0,0,0,0,0,0,0,0,0,0,0,0,0,0
"29075","2","237310","78","0","2016","3","N","Gentry County, Missouri","State Government","NAICS 237310 Highway, street, and bridge construction","County, NAICS 6-digit -- by ownership sector","All establishment sizes",1,0,0,0,0,0,0,0,"N",23.78,0,0,0,0,0,0,0,"N",0,0.0,0,0,0,0,0,0,0,0,0,0,0,0,0,0
"29075","2","237310","78","0","2016","4","N","Gentry County, Missouri","State Government","NAICS 237310 Highway, street, and bridge construction","County, NAICS 6-digit -- by ownership sector","All establishment sizes",1,0,0,0,0,0,0,0,"N",23.97,0,0,0,0,0,0,0,"N",0,0.0,0,0,0,0,0,0,0,0,0,0,0,0,0,0
"29075","2","62","74","0","2016","1","N","Gentry County, Missouri","State Government","NAICS 62 Health care and social assistance","County, NAICS Sector -- by ownership sector","All establishment sizes",1,0,0,0,0,0,0,0,"N",5.90,0,0,0,0,0,0,0,"N",0,0.0,0,0,0,0,0,0,0,0,0,0,0,0,0,0
"29075","2","62","74","0","2016","2","N","Gentry County, Missouri","State Government","NAICS 62 Health care and social assistance","County, NAICS Sector -- by ownership sector","All establishment sizes",1,0,0,0,0,0,0,0,"N",6.01,0,0,0,0,0,0,0,"N",0,0.0,0,0,0,0,0,0,0,0,0,0,0,0,0,0
"29075","2","62","74","0","2016","3","N","Gentry County, Missouri","State Government","NAICS 62 Health care and social assistance","County, NAICS Sector -- by ownership sector","All establishment sizes",1,0,0,0,0,0,0,0,"N",6.15,0,0,0,0,0,0,0,"N",0,0.0,0,0,0,0,0,0,0,0,0,0,0,0,0,0
"29075","2","62","74","0","2016","4","N","Gentry County, Missouri","State Government","NAICS 62 Health care and social assistance","County, NAICS Sector -- by ownership sector","All establishment sizes",1,0,0,0,0,0,0,0,"N",6.30,0,0,0,0,0,0,0,"N",0,0.0,0,0,0,0,0,0,0,0,0,0,0,0,0,0
"29075","2","621","75","0","2016","1","N","Gentry County, Missouri","State Government","NAICS 621 Ambulatory health care services","County, NAICS 3-digit -- by ownership sector","All establishment sizes",1,0,0,0,0,0,0,0,"N",33.54,0,0,0,0,0,0,0,"N",0,0.0,0,0,0,0,0,0,0,0,0,0,0,0,0,0
"29075","2","621","75","0","2016","2","N","Gentry County, Missouri","State Government","NAICS 621 Ambulatory health care services","County, NAICS 3-digit -- by ownership sector","All establishment sizes",1,0,0,0,0,0,0,0,"N",34.55,0,0,0,0,0,0,0,"N",0,0.0,0,0,0,0,0,0,0,0,0,0,0,0,0,0
"29075","2","621","75","0","2016","3","N","Gentry County, Missouri","State Government","NAICS 621 Ambulatory health care services","County, NAICS 3-digit -- by ownership sector","All establishment sizes",1,0,0,0,0,0,0,0,"N",35.12,0,0,0,0,0,0,0,"N",0,0.0,0,0,0,0,0,0,0,0,0,0,0,0,0,0
"29075","2","621","75","0","2016","4","N","Gentry County, Missouri","State Government","NAICS 621 Ambulatory health care services","County, NAICS 3-digit -- by ownership sector","All establishment sizes",1,0,0,0,0,0,0,0,"N",37.32,0,0,0,0,0,0,0,"N",0,0.0,0,0,0,0,0,0,0,0,0,0,0,0,0,0
"29075","2","6214","76","0","2016","1","N","Gentry County, Missouri","State Government","NAICS 6214 Outpatient care centers","County, NAICS 4-digit -- by ownership sector","All establishment sizes",1,0,0,0,0,0,0,0,"N",44.18,0,0,0,0,0,0,0,"N",0,0.0,0,0,0,0,0,0,0,0,0,0,0,0,0,0
"29075","2","6214","76","0","2016","2","N","Gentry County, Missouri","State Government","NAICS 6214 Outpatient care centers","County, NAICS 4-digit -- by ownership sector","All establishment sizes",1,0,0,0,0,0,0,0,"N",45.71,0,0,0,0,0,0,0,"N",0,0.0,0,0,0,0,0,0,0,0,0,0,0,0,0,0
"29075","2","6214","76","0","2016","3","N","Gentry County, Missouri","State Government","NAICS 6214 Outpatient care centers","County, NAICS 4-digit -- by ownership sector","All establishment sizes",1,0,0,0,0,0,0,0,"N",46.27,0,0,0,0,0,0,0,"N",0,0.0,0,0,0,0,0,0,0,0,0,0,0,0,0,0
"29075","2","6214","76","0","2016","4","N","Gentry County, Missouri","State Government","NAICS 6214 Outpatient care centers","County, NAICS 4-digit -- by ownership sector","All establishment sizes",1,0,0,0,0,0,0,0,"N",46.25,0,0,0,0,0,0,0,"N",0,0.0,0,0,0,0,0,0,0,0,0,0,0,0,0,0
"29075","2","62142","77","0","2016","1","N","Gentry County, Missouri","State Government","NAICS 62142 Outpatient mental health centers","County, NAICS 5-digit -- by ownership sector","All establishment sizes",1,0,0,0,0,0,0,0,"N",89.23,0,0,0,0,0,0,0,"N",0,0.0,0,0,0,0,0,0,0,0,0,0,0,0,0,0
"29075","2","62142","77","0","2016","2","N","Gentry County, Missouri","State Government","NAICS 62142 Outpatient mental health centers","County, NAICS 5-digit -- by ownership sector","All establishment sizes",1,0,0,0,0,0,0,0,"N",94.67,0,0,0,0,0,0,0,"N",0,0.0,0,0,0,0,0,0,0,0,0,0,0,0,0,0
"29075","2","62142","77","0","2016","3","N","Gentry County, Missouri","State Government","NAICS 62142 Outpatient mental health centers","County, NAICS 5-digit -- by ownership sector","All establishment sizes",1,0,0,0,0,0,0,0,"N",95.35,0,0,0,0,0,0,0,"N",0,0.0,0,0,0,0,0,0,0,0,0,0,0,0,0,0
"29075","2","62142","77","0","2016","4","N","Gentry County, Missouri","State Government","NAICS 62142 Outpatient mental health centers","County, NAICS 5-digit -- by ownership sector","All establishment sizes",1,0,0,0,0,0,0,0,"N",95.40,0,0,0,0,0,0,0,"N",0,0.0,0,0,0,0,0,0,0,0,0,0,0,0,0,0
"29075","2","621420","78","0","2016","1","N","Gentry County, Missouri","State Government","NAICS 621420 Outpatient mental health centers","County, NAICS 6-digit -- by ownership sector","All establishment sizes",1,0,0,0,0,0,0,0,"N",89.23,0,0,0,0,0,0,0,"N",0,0.0,0,0,0,0,0,0,0,0,0,0,0,0,0,0
"29075","2","621420","78","0","2016","2","N","Gentry County, Missouri","State Government","NAICS 621420 Outpatient mental health centers","County, NAICS 6-digit -- by ownership sector","All establishment sizes",1,0,0,0,0,0,0,0,"N",94.67,0,0,0,0,0,0,0,"N",0,0.0,0,0,0,0,0,0,0,0,0,0,0,0,0,0
"29075","2","621420","78","0","2016","3","N","Gentry County, Missouri","State Government","NAICS 621420 Outpatient mental health centers","County, NAICS 6-digit -- by ownership sector","All establishment sizes",1,0,0,0,0,0,0,0,"N",95.35,0,0,0,0,0,0,0,"N",0,0.0,0,0,0,0,0,0,0,0,0,0,0,0,0,0
"29075","2","621420","78","0","2016","4","N","Gentry County, Missouri","State Government","NAICS 621420 Outpatient mental health centers","County, NAICS 6-digit -- by ownership sector","All establishment sizes",1,0,0,0,0,0,0,0,"N",95.40,0,0,0,0,0,0,0,"N",0,0.0,0,0,0,0,0,0,0,0,0,0,0,0,0,0
"29075","2","92","74","0","2016","1","","Gentry County, Missouri","State Government","NAICS 92 Public administration","County, NAICS Sector -- by ownership sector","All establishment sizes",5,5,5,5,50191,0,0,772,"",4.15,0.18,0.18,0.18,0.24,0.00,0.00,1.31,"",0,0.0,-1,-16.7,0,0.0,0,0.0,-1344,-2.6,0,0.0,0,0.0,29,3.9
"29075","2","92","74","0","2016","2","","Gentry County, Missouri","State Government","NAICS 92 Public administration","County, NAICS Sector -- by ownership sector","All establishment sizes",3,5,6,6,52538,0,0,713,"",2.53,0.18,0.21,0.21,0.21,0.00,0.00,1.08,"",-2,-40.0,0,0.0,1,20.0,0,0.0,1887,3.7,0,0.0,0,0.0,-18,-2.5
"29075","2","92","74","0","2016","3","","Gentry County, Missouri","State Government","NAICS 92 Public administration","County, NAICS Sector -- by ownership sector","All establishment sizes",3,6,6,5,53412,0,0,725,"",2.60,0.22,0.22,0.18,0.22,0.00,0.00,1.08,"",-2,-40.0,0,0.0,1,20.0,0,0.0,1149,2.2,0,0.0,0,0.0,-29,-3.8
"29075","2","92","74","0","2016","4","","Gentry County, Missouri","State Government","NAICS 92 Public administration","County, NAICS Sector -- by ownership sector","All establishment sizes",3,5,5,5,51680,0,0,795,"",2.59,0.18,0.18,0.18,0.21,0.00,0.00,1.16,"",-2,-40.0,0,0.0,0,0.0,0,0.0,1626,3.2,0,0.0,0,0.0,25,3.2
"29075","2","921","75","0","2016","1","N","Gentry County, Missouri","State Government","NAICS 921 Executive, legislative and general government","County, NAICS 3-digit -- by ownership sector","All establishment sizes",2,0,0,0,0,0,0,0,"N",13.86,0,0,0,0,0,0,0,"N",0,0.0,0,0,0,0,0,0,0,0,0,0,0,0,0,0
"29075","2","921","75","0","2016","2","N","Gentry County, Missouri","State Government","NAICS 921 Executive, legislative and general government","County, NAICS 3-digit -- by ownership sector","All establishment sizes",1,0,0,0,0,0,0,0,"N",7.07,0,0,0,0,0,0,0,"N",-1,-50.0,0,0,0,0,0,0,0,0,0,0,0,0,0,0
"29075","2","921","75","0","2016","3","N","Gentry County, Missouri","State Government","NAICS 921 Executive, legislative and general government","County, NAICS 3-digit -- by ownership sector","All establishment sizes",1,0,0,0,0,0,0,0,"N",7.31,0,0,0,0,0,0,0,"N",-1,-50.0,0,0,0,0,0,0,0,0,0,0,0,0,0,0
"29075","2","921","75","0","2016","4","N","Gentry County, Missouri","State Government","NAICS 921 Executive, legislative and general government","County, NAICS 3-digit -- by ownership sector","All establishment sizes",1,0,0,0,0,0,0,0,"N",7.29,0,0,0,0,0,0,0,"N",-1,-50.0,0,0,0,0,0,0,0,0,0,0,0,0,0,0
"29075","2","9211","76","0","2016","1","N","Gentry County, Missouri","State Government","NAICS 9211 Executive, legislative and general government","County, NAICS 4-digit -- by ownership sector","All establishment sizes",2,0,0,0,0,0,0,0,"N",13.86,0,0,0,0,0,0,0,"N",0,0.0,0,0,0,0,0,0,0,0,0,0,0,0,0,0
"29075","2","9211","76","0","2016","2","N","Gentry County, Missouri","State Government","NAICS 9211 Executive, legislative and general government","County, NAICS 4-digit -- by ownership sector","All establishment sizes",1,0,0,0,0,0,0,0,"N",7.07,0,0,0,0,0,0,0,"N",-1,-50.0,0,0,0,0,0,0,0,0,0,0,0,0,0,0
"29075","2","9211","76","0","2016","3","N","Gentry County, Missouri","State Government","NAICS 9211 Executive, legislative and general government","County, NAICS 4-digit -- by ownership sector","All establishment sizes",1,0,0,0,0,0,0,0,"N",7.31,0,0,0,0,0,0,0,"N",-1,-50.0,0,0,0,0,0,0,0,0,0,0,0,0,0,0
"29075","2","9211","76","0","2016","4","N","Gentry County, Missouri","State Government","NAICS 9211 Executive, legislative and general government","County, NAICS 4-digit -- by ownership sector","All establishment sizes",1,0,0,0,0,0,0,0,"N",7.29,0,0,0,0,0,0,0,"N",-1,-50.0,0,0,0,0,0,0,0,0,0,0,0,0,0,0
"29075","2","92113","77","0","2016","1","N","Gentry County, Missouri","State Government","NAICS 92113 Public finance activities","County, NAICS 5-digit -- by ownership sector","All establishment sizes",1,0,0,0,0,0,0,0,"N",16.71,0,0,0,0,0,0,0,"N",0,0.0,0,0,0,0,0,0,0,0,0,0,0,0,0,0
"29075","2","92113","77","0","2016","2","-","Gentry County, Missouri","State Government","NAICS 92113 Public finance activities","County, NAICS 5-digit -- by ownership sector","All establishment sizes",0,0,0,0,0,0,0,0,"N",0.00,0,0,0,0,0,0,0,"N",-1,-100.0,0,0,0,0,0,0,0,0,0,0,0,0,0,0
"29075","2","92113","77","0","2016","3","-","Gentry County, Missouri","State Government","NAICS 92113 Public finance activities","County, NAICS 5-digit -- by ownership sector","All establishment sizes",0,0,0,0,0,0,0,0,"N",0.00,0,0,0,0,0,0,0,"N",-1,-100.0,0,0,0,0,0,0,0,0,0,0,0,0,0,0
"29075","2","92113","77","0","2016","4","-","Gentry County, Missouri","State Government","NAICS 92113 Public finance activities","County, NAICS 5-digit -- by ownership sector","All establishment sizes",0,0,0,0,0,0,0,0,"N",0.00,0,0,0,0,0,0,0,"N",-1,-100.0,0,0,0,0,0,0,0,0,0,0,0,0,0,0
"29075","2","921130","78","0","2016","1","N","Gentry County, Missouri","State Government","NAICS 921130 Public finance activities","County, NAICS 6-digit -- by ownership sector","All establishment sizes",1,0,0,0,0,0,0,0,"N",16.71,0,0,0,0,0,0,0,"N",0,0.0,0,0,0,0,0,0,0,0,0,0,0,0,0,0
"29075","2","921130","78","0","2016","2","-","Gentry County, Missouri","State Government","NAICS 921130 Public finance activities","County, NAICS 6-digit -- by ownership sector","All establishment sizes",0,0,0,0,0,0,0,0,"N",0.00,0,0,0,0,0,0,0,"N",-1,-100.0,0,0,0,0,0,0,0,0,0,0,0,0,0,0
"29075","2","921130","78","0","2016","3","-","Gentry County, Missouri","State Government","NAICS 921130 Public finance activities","County, NAICS 6-digit -- by ownership sector","All establishment sizes",0,0,0,0,0,0,0,0,"N",0.00,0,0,0,0,0,0,0,"N",-1,-100.0,0,0,0,0,0,0,0,0,0,0,0,0,0,0
"29075","2","921130","78","0","2016","4","-","Gentry County, Missouri","State Government","NAICS 921130 Public finance activities","County, NAICS 6-digit -- by ownership sector","All establishment sizes",0,0,0,0,0,0,0,0,"N",0.00,0,0,0,0,0,0,0,"N",-1,-100.0,0,0,0,0,0,0,0,0,0,0,0,0,0,0
"29075","2","92119","77","0","2016","1","N","Gentry County, Missouri","State Government","NAICS 92119 Other general government support","County, NAICS 5-digit -- by ownership sector","All establishment sizes",1,0,0,0,0,0,0,0,"N",17.08,0,0,0,0,0,0,0,"N",0,0.0,0,0,0,0,0,0,0,0,0,0,0,0,0,0
"29075","2","92119","77","0","2016","2","N","Gentry County, Missouri","State Government","NAICS 92119 Other general government support","County, NAICS 5-digit -- by ownership sector","All establishment sizes",1,0,0,0,0,0,0,0,"N",17.33,0,0,0,0,0,0,0,"N",0,0.0,0,0,0,0,0,0,0,0,0,0,0,0,0,0
"29075","2","92119","77","0","2016","3","N","Gentry County, Missouri","State Government","NAICS 92119 Other general government support","County, NAICS 5-digit -- by ownership sector","All establishment sizes",1,0,0,0,0,0,0,0,"N",17.76,0,0,0,0,0,0,0,"N",0,0.0,0,0,0,0,0,0,0,0,0,0,0,0,0,0
"29075","2","92119","77","0","2016","4","N","Gentry County, Missouri","State Government","NAICS 92119 Other general government support","County, NAICS 5-digit -- by ownership sector","All establishment sizes",1,0,0,0,0,0,0,0,"N",17.69,0,0,0,0,0,0,0,"N",0,0.0,0,0,0,0,0,0,0,0,0,0,0,0,0,0
"29075","2","921190","78","0","2016","1","N","Gentry County, Missouri","State Government","NAICS 921190 Other general government support","County, NAICS 6-digit -- by ownership sector","All establishment sizes",1,0,0,0,0,0,0,0,"N",17.08,0,0,0,0,0,0,0,"N",0,0.0,0,0,0,0,0,0,0,0,0,0,0,0,0,0
"29075","2","921190","78","0","2016","2","N","Gentry County, Missouri","State Government","NAICS 921190 Other general government support","County, NAICS 6-digit -- by ownership sector","All establishment sizes",1,0,0,0,0,0,0,0,"N",17.33,0,0,0,0,0,0,0,"N",0,0.0,0,0,0,0,0,0,0,0,0,0,0,0,0,0
"29075","2","921190","78","0","2016","3","N","Gentry County, Missouri","State Government","NAICS 921190 Other general government support","County, NAICS 6-digit -- by ownership sector","All establishment sizes",1,0,0,0,0,0,0,0,"N",17.76,0,0,0,0,0,0,0,"N",0,0.0,0,0,0,0,0,0,0,0,0,0,0,0,0,0
"29075","2","921190","78","0","2016","4","N","Gentry County, Missouri","State Government","NAICS 921190 Other general government support","County, NAICS 6-digit -- by ownership sector","All establishment sizes",1,0,0,0,0,0,0,0,"N",17.69,0,0,0,0,0,0,0,"N",0,0.0,0,0,0,0,0,0,0,0,0,0,0,0,0,0
"29075","2","922","75","0","2016","1","N","Gentry County, Missouri","State Government","NAICS 922 Justice, public order, and safety activities","County, NAICS 3-digit -- by ownership sector","All establishment sizes",1,0,0,0,0,0,0,0,"N",2.88,0,0,0,0,0,0,0,"N",0,0.0,0,0,0,0,0,0,0,0,0,0,0,0,0,0
"29075","2","922","75","0","2016","2","N","Gentry County, Missouri","State Government","NAICS 922 Justice, public order, and safety activities","County, NAICS 3-digit -- by ownership sector","All establishment sizes",1,0,0,0,0,0,0,0,"N",2.92,0,0,0,0,0,0,0,"N",0,0.0,0,0,0,0,0,0,0,0,0,0,0,0,0,0
"29075","2","922","75","0","2016","3","N","Gentry County, Missouri","State Government","NAICS 922 Justice, public order, and safety activities","County, NAICS 3-digit -- by ownership sector","All establishment sizes",1,0,0,0,0,0,0,0,"N",2.99,0,0,0,0,0,0,0,"N",0,0.0,0,0,0,0,0,0,0,0,0,0,0,0,0,0
"29075","2","922","75","0","2016","4","N","Gentry County, Missouri","State Government","NAICS 922 Justice, public order, and safety activities","County, NAICS 3-digit -- by ownership sector","All establishment sizes",1,0,0,0,0,0,0,0,"N",2.98,0,0,0,0,0,0,0,"N",0,0.0,0,0,0,0,0,0,0,0,0,0,0,0,0,0
"29075","2","9221","76","0","2016","1","N","Gentry County, Missouri","State Government","NAICS 9221 Justice, public order, and safety activities","County, NAICS 4-digit -- by ownership sector","All establishment sizes",1,0,0,0,0,0,0,0,"N",2.88,0,0,0,0,0,0,0,"N",0,0.0,0,0,0,0,0,0,0,0,0,0,0,0,0,0
"29075","2","9221","76","0","2016","2","N","Gentry County, Missouri","State Government","NAICS 9221 Justice, public order, and safety activities","County, NAICS 4-digit -- by ownership sector","All establishment sizes",1,0,0,0,0,0,0,0,"N",2.92,0,0,0,0,0,0,0,"N",0,0.0,0,0,0,0,0,0,0,0,0,0,0,0,0,0
"29075","2","9221","76","0","2016","3","N","Gentry County, Missouri","State Government","NAICS 9221 Justice, public order, and safety activities","County, NAICS 4-digit -- by ownership sector","All establishment sizes",1,0,0,0,0,0,0,0,"N",2.99,0,0,0,0,0,0,0,"N",0,0.0,0,0,0,0,0,0,0,0,0,0,0,0,0,0
"29075","2","9221","76","0","2016","4","N","Gentry County, Missouri","State Government","NAICS 9221 Justice, public order, and safety activities","County, NAICS 4-digit -- by ownership sector","All establishment sizes",1,0,0,0,0,0,0,0,"N",2.98,0,0,0,0,0,0,0,"N",0,0.0,0,0,0,0,0,0,0,0,0,0,0,0,0,0
"29075","2","92211","77","0","2016","1","N","Gentry County, Missouri","State Government","NAICS 92211 Courts","County, NAICS 5-digit -- by ownership sector","All establishment sizes",1,0,0,0,0,0,0,0,"N",10.68,0,0,0,0,0,0,0,"N",0,0.0,0,0,0,0,0,0,0,0,0,0,0,0,0,0
"29075","2","92211","77","0","2016","2","N","Gentry County, Missouri","State Government","NAICS 92211 Courts","County, NAICS 5-digit -- by ownership sector","All establishment sizes",1,0,0,0,0,0,0,0,"N",10.85,0,0,0,0,0,0,0,"N",0,0.0,0,0,0,0,0,0,0,0,0,0,0,0,0,0
"29075","2","92211","77","0","2016","3","N","Gentry County, Missouri","State Government","NAICS 92211 Courts","County, NAICS 5-digit -- by ownership sector","All establishment sizes",1,0,0,0,0,0,0,0,"N",11.15,0,0,0,0,0,0,0,"N",0,0.0,0,0,0,0,0,0,0,0,0,0,0,0,0,0
"29075","2","92211","77","0","2016","4","N","Gentry County, Missouri","State Government","NAICS 92211 Courts","County, NAICS 5-digit -- by ownership sector","All establishment sizes",1,0,0,0,0,0,0,0,"N",11.18,0,0,0,0,0,0,0,"N",0,0.0,0,0,0,0,0,0,0,0,0,0,0,0,0,0
"29075","2","922110","78","0","2016","1","N","Gentry County, Missouri","State Government","NAICS 922110 Courts","County, NAICS 6-digit -- by ownership sector","All establishment sizes",1,0,0,0,0,0,0,0,"N",10.68,0,0,0,0,0,0,0,"N",0,0.0,0,0,0,0,0,0,0,0,0,0,0,0,0,0
"29075","2","922110","78","0","2016","2","N","Gentry County, Missouri","State Government","NAICS 922110 Courts","County, NAICS 6-digit -- by ownership sector","All establishment sizes",1,0,0,0,0,0,0,0,"N",10.85,0,0,0,0,0,0,0,"N",0,0.0,0,0,0,0,0,0,0,0,0,0,0,0,0,0
"29075","2","922110","78","0","2016","3","N","Gentry County, Missouri","State Government","NAICS 922110 Courts","County, NAICS 6-digit -- by ownership sector","All establishment sizes",1,0,0,0,0,0,0,0,"N",11.15,0,0,0,0,0,0,0,"N",0,0.0,0,0,0,0,0,0,0,0,0,0,0,0,0,0
"29075","2","922110","78","0","2016","4","N","Gentry County, Missouri","State Government","NAICS 922110 Courts","County, NAICS 6-digit -- by ownership sector","All establishment sizes",1,0,0,0,0,0,0,0,"N",11.18,0,0,0,0,0,0,0,"N",0,0.0,0,0,0,0,0,0,0,0,0,0,0,0,0,0
"29075","2","923","75","0","2016","1","N","Gentry County, Missouri","State Government","NAICS 923 Administration of human resource programs","County, NAICS 3-digit -- by ownership sector","All establishment sizes",1,0,0,0,0,0,0,0,"N",3.97,0,0,0,0,0,0,0,"N",0,0.0,0,0,0,0,0,0,0,0,0,0,0,0,0,0
"29075","2","923","75","0","2016","2","-","Gentry County, Missouri","State Government","NAICS 923 Administration of human resource programs","County, NAICS 3-digit -- by ownership sector","All establishment sizes",0,0,0,0,0,0,0,0,"N",0.00,0,0,0,0,0,0,0,"N",-1,-100.0,0,0,0,0,0,0,0,0,0,0,0,0,0,0
"29075","2","923","75","0","2016","3","-","Gentry County, Missouri","State Government","NAICS 923 Administration of human resource programs","County, NAICS 3-digit -- by ownership sector","All establishment sizes",0,0,0,0,0,0,0,0,"N",0.00,0,0,0,0,0,0,0,"N",-1,-100.0,0,0,0,0,0,0,0,0,0,0,0,0,0,0
"29075","2","923","75","0","2016","4","-","Gentry County, Missouri","State Government","NAICS 923 Administration of human resource programs","County, NAICS 3-digit -- by ownership sector","All establishment sizes",0,0,0,0,0,0,0,0,"N",0.00,0,0,0,0,0,0,0,"N",-1,-100.0,0,0,0,0,0,0,0,0,0,0,0,0,0,0
"29075","2","9231","76","0","2016","1","N","Gentry County, Missouri","State Government","NAICS 9231 Administration of human resource programs","County, NAICS 4-digit -- by ownership sector","All establishment sizes",1,0,0,0,0,0,0,0,"N",3.97,0,0,0,0,0,0,0,"N",0,0.0,0,0,0,0,0,0,0,0,0,0,0,0,0,0
"29075","2","9231","76","0","2016","2","-","Gentry County, Missouri","State Government","NAICS 9231 Administration of human resource programs","County, NAICS 4-digit -- by ownership sector","All establishment sizes",0,0,0,0,0,0,0,0,"N",0.00,0,0,0,0,0,0,0,"N",-1,-100.0,0,0,0,0,0,0,0,0,0,0,0,0,0,0
"29075","2","9231","76","0","2016","3","-","Gentry County, Missouri","State Government","NAICS 9231 Administration of human resource programs","County, NAICS 4-digit -- by ownership sector","All establishment sizes",0,0,0,0,0,0,0,0,"N",0.00,0,0,0,0,0,0,0,"N",-1,-100.0,0,0,0,0,0,0,0,0,0,0,0,0,0,0
"29075","2","9231","76","0","2016","4","-","Gentry County, Missouri","State Government","NAICS 9231 Administration of human resource programs","County, NAICS 4-digit -- by ownership sector","All establishment sizes",0,0,0,0,0,0,0,0,"N",0.00,0,0,0,0,0,0,0,"N",-1,-100.0,0,0,0,0,0,0,0,0,0,0,0,0,0,0
"29075","2","92313","77","0","2016","1","N","Gentry County, Missouri","State Government","NAICS 92313 Other human resource programs administration","County, NAICS 5-digit -- by ownership sector","All establishment sizes",1,0,0,0,0,0,0,0,"N",7.56,0,0,0,0,0,0,0,"N",0,0.0,0,0,0,0,0,0,0,0,0,0,0,0,0,0
"29075","2","92313","77","0","2016","2","-","Gentry County, Missouri","State Government","NAICS 92313 Other human resource programs administration","County, NAICS 5-digit -- by ownership sector","All establishment sizes",0,0,0,0,0,0,0,0,"N",0.00,0,0,0,0,0,0,0,"N",-1,-100.0,0,0,0,0,0,0,0,0,0,0,0,0,0,0
"29075","2","92313","77","0","2016","3","-","Gentry County, Missouri","State Government","NAICS 92313 Other human resource programs administration","County, NAICS 5-digit -- by ownership sector","All establishment sizes",0,0,0,0,0,0,0,0,"N",0.00,0,0,0,0,0,0,0,"N",-1,-100.0,0,0,0,0,0,0,0,0,0,0,0,0,0,0
"29075","2","92313","77","0","2016","4","-","Gentry County, Missouri","State Government","NAICS 92313 Other human resource programs administration","County, NAICS 5-digit -- by ownership sector","All establishment sizes",0,0,0,0,0,0,0,0,"N",0.00,0,0,0,0,0,0,0,"N",-1,-100.0,0,0,0,0,0,0,0,0,0,0,0,0,0,0
"29075","2","923130","78","0","2016","1","N","Gentry County, Missouri","State Government","NAICS 923130 Other human resource programs administration","County, NAICS 6-digit -- by ownership sector","All establishment sizes",1,0,0,0,0,0,0,0,"N",7.56,0,0,0,0,0,0,0,"N",0,0.0,0,0,0,0,0,0,0,0,0,0,0,0,0,0
"29075","2","923130","78","0","2016","2","-","Gentry County, Missouri","State Government","NAICS 923130 Other human resource programs administration","County, NAICS 6-digit -- by ownership sector","All establishment sizes",0,0,0,0,0,0,0,0,"N",0.00,0,0,0,0,0,0,0,"N",-1,-100.0,0,0,0,0,0,0,0,0,0,0,0,0,0,0
"29075","2","923130","78","0","2016","3","-","Gentry County, Missouri","State Government","NAICS 923130 Other human resource programs administration","County, NAICS 6-digit -- by ownership sector","All establishment sizes",0,0,0,0,0,0,0,0,"N",0.00,0,0,0,0,0,0,0,"N",-1,-100.0,0,0,0,0,0,0,0,0,0,0,0,0,0,0
"29075","2","923130","78","0","2016","4","-","Gentry County, Missouri","State Government","NAICS 923130 Other human resource programs administration","County, NAICS 6-digit -- by ownership sector","All establishment sizes",0,0,0,0,0,0,0,0,"N",0.00,0,0,0,0,0,0,0,"N",-1,-100.0,0,0,0,0,0,0,0,0,0,0,0,0,0,0
"29075","2","926","75","0","2016","1","N","Gentry County, Missouri","State Government","NAICS 926 Administration of economic programs","County, NAICS 3-digit -- by ownership sector","All establishment sizes",1,0,0,0,0,0,0,0,"N",3.74,0,0,0,0,0,0,0,"N",0,0.0,0,0,0,0,0,0,0,0,0,0,0,0,0,0
"29075","2","926","75","0","2016","2","N","Gentry County, Missouri","State Government","NAICS 926 Administration of economic programs","County, NAICS 3-digit -- by ownership sector","All establishment sizes",1,0,0,0,0,0,0,0,"N",3.80,0,0,0,0,0,0,0,"N",0,0.0,0,0,0,0,0,0,0,0,0,0,0,0,0,0
"29075","2","926","75","0","2016","3","N","Gentry County, Missouri","State Government","NAICS 926 Administration of economic programs","County, NAICS 3-digit -- by ownership sector","All establishment sizes",1,0,0,0,0,0,0,0,"N",3.92,0,0,0,0,0,0,0,"N",0,0.0,0,0,0,0,0,0,0,0,0,0,0,0,0,0
"29075","2","926","75","0","2016","4","N","Gentry County, Missouri","State Government","NAICS 926 Administration of economic programs","County, NAICS 3-digit -- by ownership sector","All establishment sizes",1,0,0,0,0,0,0,0,"N",3.92,0,0,0,0,0,0,0,"N",0,0.0,0,0,0,0,0,0,0,0,0,0,0,0,0,0
"29075","2","9261","76","0","2016","1","N","Gentry County, Missouri","State Government","NAICS 9261 Administration of economic programs","County, NAICS 4-digit -- by ownership sector","All establishment sizes",1,0,0,0,0,0,0,0,"N",3.74,0,0,0,0,0,0,0,"N",0,0.0,0,0,0,0,0,0,0,0,0,0,0,0,0,0
"29075","2","9261","76","0","2016","2","N","Gentry County, Missouri","State Government","NAICS 9261 Administration of economic programs","County, NAICS 4-digit -- by ownership sector","All establishment sizes",1,0,0,0,0,0,0,0,"N",3.80,0,0,0,0,0,0,0,"N",0,0.0,0,0,0,0,0,0,0,0,0,0,0,0,0,0
"29075","2","9261","76","0","2016","3","N","Gentry County, Missouri","State Government","NAICS 9261 Administration of economic programs","County, NAICS 4-digit -- by ownership sector","All establishment sizes",1,0,0,0,0,0,0,0,"N",3.92,0,0,0,0,0,0,0,"N",0,0.0,0,0,0,0,0,0,0,0,0,0,0,0,0,0
"29075","2","9261","76","0","2016","4","N","Gentry County, Missouri","State Government","NAICS 9261 Administration of economic programs","County, NAICS 4-digit -- by ownership sector","All establishment sizes",1,0,0,0,0,0,0,0,"N",3.92,0,0,0,0,0,0,0,"N",0,0.0,0,0,0,0,0,0,0,0,0,0,0,0,0,0
"29075","2","92614","77","0","2016","1","N","Gentry County, Missouri","State Government","NAICS 92614 Agricultural market and commodity regulation","County, NAICS 5-digit -- by ownership sector","All establishment sizes",1,0,0,0,0,0,0,0,"N",12.58,0,0,0,0,0,0,0,"N",0,0.0,0,0,0,0,0,0,0,0,0,0,0,0,0,0
"29075","2","92614","77","0","2016","2","N","Gentry County, Missouri","State Government","NAICS 92614 Agricultural market and commodity regulation","County, NAICS 5-digit -- by ownership sector","All establishment sizes",1,0,0,0,0,0,0,0,"N",12.81,0,0,0,0,0,0,0,"N",0,0.0,0,0,0,0,0,0,0,0,0,0,0,0,0,0
"29075","2","92614","77","0","2016","3","N","Gentry County, Missouri","State Government","NAICS 92614 Agricultural market and commodity regulation","County, NAICS 5-digit -- by ownership sector","All establishment sizes",1,0,0,0,0,0,0,0,"N",13.19,0,0,0,0,0,0,0,"N",0,0.0,0,0,0,0,0,0,0,0,0,0,0,0,0,0
"29075","2","92614","77","0","2016","4","N","Gentry County, Missouri","State Government","NAICS 92614 Agricultural market and commodity regulation","County, NAICS 5-digit -- by ownership sector","All establishment sizes",1,0,0,0,0,0,0,0,"N",13.13,0,0,0,0,0,0,0,"N",0,0.0,0,0,0,0,0,0,0,0,0,0,0,0,0,0
"29075","2","926140","78","0","2016","1","N","Gentry County, Missouri","State Government","NAICS 926140 Agricultural market and commodity regulation","County, NAICS 6-digit -- by ownership sector","All establishment sizes",1,0,0,0,0,0,0,0,"N",12.58,0,0,0,0,0,0,0,"N",0,0.0,0,0,0,0,0,0,0,0,0,0,0,0,0,0
"29075","2","926140","78","0","2016","2","N","Gentry County, Missouri","State Government","NAICS 926140 Agricultural market and commodity regulation","County, NAICS 6-digit -- by ownership sector","All establishment sizes",1,0,0,0,0,0,0,0,"N",12.81,0,0,0,0,0,0,0,"N",0,0.0,0,0,0,0,0,0,0,0,0,0,0,0,0,0
"29075","2","926140","78","0","2016","3","N","Gentry County, Missouri","State Government","NAICS 926140 Agricultural market and commodity regulation","County, NAICS 6-digit -- by ownership sector","All establishment sizes",1,0,0,0,0,0,0,0,"N",13.19,0,0,0,0,0,0,0,"N",0,0.0,0,0,0,0,0,0,0,0,0,0,0,0,0,0
"29075","2","926140","78","0","2016","4","N","Gentry County, Missouri","State Government","NAICS 926140 Agricultural market and commodity regulation","County, NAICS 6-digit -- by ownership sector","All establishment sizes",1,0,0,0,0,0,0,0,"N",13.13,0,0,0,0,0,0,0,"N",0,0.0,0,0,0,0,0,0,0,0,0,0,0,0,0,0
"29075","3","10","71","0","2016","1","","Gentry County, Missouri","Local Government","10 Total, all industries","County, Total -- by ownership sector","All establishment sizes",26,362,358,354,2344583,360720,4200,504,"",6.23,1.63,1.61,1.57,1.63,3.73,6.84,1.02,"",0,0.0,-5,-1.4,-15,-4.0,-20,-5.3,44799,1.9,29584,8.9,1211,40.5,28,5.9
"29075","3","10","71","0","2016","2","","Gentry County, Missouri","Local Government","10 Total, all industries","County, Total -- by ownership sector","All establishment sizes",26,364,378,431,3138774,271023,3063,618,"",6.32,1.60,1.66,1.90,1.82,3.05,6.78,1.06,"",0,0.0,-19,-5.0,-22,-5.5,-18,-4.0,58057,1.9,-6184,-2.2,614,25.1,41,7.1
"29075","3","10","71","0","2016","3","","Gentry County, Missouri","Local Government","10 Total, all industries","County, Total -- by ownership sector","All establishment sizes",26,268,280,373,2019778,110143,994,506,"",6.51,1.46,1.44,1.70,1.38,2.32,3.98,0.89,"",0,0.0,-16,-5.6,33,13.4,18,5.1,11874,0.6,-12429,-10.1,-207,-17.2,-17,-3.3
"29075","3","10","71","0","2016","4","","Gentry County, Missouri","Local Government","10 Total, all industries","County, Total -- by ownership sector","All establishment sizes",26,372,376,389,2480779,78961,818,504,"",6.53,1.69,1.70,1.76,1.51,1.98,4.85,0.88,"",0,0.0,-2,-0.5,4,1.1,2,0.5,57133,2.4,10505,15.3,106,14.9,10,2.0
"29075","3","102","72","0","2016","1","","Gentry County, Missouri","Local Government","102 Service-providing","County, by Domain -- by ownership sector","All establishment sizes",26,362,358,354,2344583,360720,4200,504,"",6.41,1.64,1.62,1.59,1.65,3.78,6.94,1.02,"",0,0.0,-5,-1.4,-15,-4.0,-20,-5.3,44799,1.9,29584,8.9,1211,40.5,28,5.9
"29075","3","102","72","0","2016","2","","Gentry County, Missouri","Local Government","102 Service-providing","County, by Domain -- by ownership sector","All establishment sizes",26,364,378,431,3138774,271023,3063,618,"",6.50,1.61,1.68,1.91,1.84,3.09,6.93,1.06,"",0,0.0,-19,-5.0,-22,-5.5,-18,-4.0,58057,1.9,-6184,-2.2,614,25.1,41,7.1
"29075","3","102","72","0","2016","3","","Gentry County, Missouri","Local Government","102 Service-providing","County, by Domain -- by ownership sector","All establishment sizes",26,268,280,373,2019778,110143,994,506,"",6.69,1.48,1.45,1.72,1.39,2.35,4.07,0.89,"",0,0.0,-16,-5.6,33,13.4,18,5.1,11874,0.6,-12429,-10.1,-207,-17.2,-17,-3.3
"29075","3","102","72","0","2016","4","","Gentry County, Missouri","Local Government","102 Service-providing","County, by Domain -- by ownership sector","All establishment sizes",26,372,376,389,2480779,78961,818,504,"",6.72,1.70,1.71,1.77,1.52,2.00,4.92,0.88,"",0,0.0,-2,-0.5,4,1.1,2,0.5,57133,2.4,10505,15.3,106,14.9,10,2.0
"29075","3","1021","73","0","2016","1","N","Gentry County, Missouri","Local Government","1021 Trade, transportation, and utilities","County, by Supersector -- by ownership sector","All establishment sizes",2,0,0,0,0,0,0,0,"N",6.75,0,0,0,0,0,0,0,"N",0,0.0,0,0,0,0,0,0,0,0,0,0,0,0,0,0
"29075","3","1021","73","0","2016","2","N","Gentry County, Missouri","Local Government","1021 Trade, transportation, and utilities","County, by Supersector -- by ownership sector","All establishment sizes",2,0,0,0,0,0,0,0,"N",6.86,0,0,0,0,0,0,0,"N",0,0.0,0,0,0,0,0,0,0,0,0,0,0,0,0,0
"29075","3","1021","73","0","2016","3","N","Gentry County, Missouri","Local Government","1021 Trade, transportation, and utilities","County, by Supersector -- by ownership sector","All establishment sizes",2,0,0,0,0,0,0,0,"N",7.07,0,0,0,0,0,0,0,"N",0,0.0,0,0,0,0,0,0,0,0,0,0,0,0,0,0
"29075","3","1021","73","0","2016","4","N","Gentry County, Missouri","Local Government","1021 Trade, transportation, and utilities","County, by Supersector -- by ownership sector","All establishment sizes",2,0,0,0,0,0,0,0,"N",7.10,0,0,0,0,0,0,0,"N",0,0.0,0,0,0,0,0,0,0,0,0,0,0,0,0,0
"29075","3","1022","73","0","2016","1","N","Gentry County, Missouri","Local Government","1022 Information","County, by Supersector -- by ownership sector","All establishment sizes",1,0,0,0,0,0,0,0,"N",7.91,0,0,0,0,0,0,0,"N",0,0.0,0,0,0,0,0,0,0,0,0,0,0,0,0,0
"29075","3","1022","73","0","2016","2","N","Gentry County, Missouri","Local Government","1022 Information","County, by Supersector -- by ownership sector","All establishment sizes",1,0,0,0,0,0,0,0,"N",8.03,0,0,0,0,0,0,0,"N",0,0.0,0,0,0,0,0,0,0,0,0,0,0,0,0,0
"29075","3","1022","73","0","2016","3","N","Gentry County, Missouri","Local Government","1022 Information","County, by Supersector -- by ownership sector","All establishment sizes",1,0,0,0,0,0,0,0,"N",8.27,0,0,0,0,0,0,0,"N",0,0.0,0,0,0,0,0,0,0,0,0,0,0,0,0,0
"29075","3","1022","73","0","2016","4","N","Gentry County, Missouri","Local Government","1022 Information","County, by Supersector -- by ownership sector","All establishment sizes",1,0,0,0,0,0,0,0,"N",8.30,0,0,0,0,0,0,0,"N",0,0.0,0,0,0,0,0,0,0,0,0,0,0,0,0,0
"29075","3","1025","73","0","2016","1","","Gentry County, Missouri","Local Government","1025 Education and health services","County, by Supersector -- by ownership sector","All establishment sizes",8,253,254,250,1788306,0,0,545,"",4.45,1.81,1.80,1.75,2.07,0.00,0.00,1.16,"",0,0.0,-15,-5.6,-10,-3.8,-17,-6.4,35775,2.0,0,0.0,0,0.0,39,7.7
"29075","3","1025","73","0","2016","2","","Gentry County, Missouri","Local Government","1025 Education and health services","County, by Supersector -- by ownership sector","All establishment sizes",8,257,263,250,2529533,0,0,758,"",4.52,1.79,1.84,1.81,2.39,0.00,0.00,1.32,"",0,0.0,-13,-4.8,-6,-2.2,-17,-6.4,51681,2.1,0,0.0,0,0.0,49,6.9
"29075","3","1025","73","0","2016","3","","Gentry County, Missouri","Local Government","1025 Education and health services","County, by Supersector -- by ownership sector","All establishment sizes",8,116,128,247,1338784,0,0,629,"",4.64,1.17,1.17,1.82,1.69,0.00,0.00,1.18,"",0,0.0,-18,-13.4,26,25.5,6,2.5,2628,0.2,0,0.0,0,0.0,-17,-2.6
"29075","3","1025","73","0","2016","4","","Gentry County, Missouri","Local Government","1025 Education and health services","County, by Supersector -- by ownership sector","All establishment sizes",8,260,265,265,1835187,0,0,536,"",4.66,1.88,1.90,1.90,1.88,0.00,0.00,0.99,"",0,0.0,-2,-0.8,4,1.5,8,3.1,29399,1.6,0,0.0,0,0.0,2,0.4
"29075","3","1028","73","0","2016","1","","Gentry County, Missouri","Local Government","1028 Public administration","County, by Supersector -- by ownership sector","All establishment sizes",15,95,92,91,515034,346110,4184,428,"",9.92,1.55,1.51,1.48,1.18,8.32,16.37,0.78,"",0,0.0,6,6.7,-6,-6.1,-5,-5.2,2978,0.6,27318,8.6,1211,40.7,10,2.4
"29075","3","1028","73","0","2016","2","","Gentry County, Missouri","Local Government","1028 Public administration","County, by Supersector -- by ownership sector","All establishment sizes",15,95,103,169,567948,259150,3046,357,"",10.07,1.52,1.64,2.56,1.12,7.07,14.42,0.58,"",0,0.0,-6,-5.9,-17,-14.2,-1,-0.6,6913,1.2,-4082,-1.6,613,25.2,26,7.9
"29075","3","1028","73","0","2016","3","","Gentry County, Missouri","Local Government","1028 Public administration","County, by Supersector -- by ownership sector","All establishment sizes",15,139,140,114,633985,97844,976,372,"",10.37,2.22,2.22,1.83,1.23,4.39,8.17,0.59,"",0,0.0,1,0.7,6,4.5,11,10.7,1425,0.2,-18957,-16.2,-209,-17.6,-17,-4.4
"29075","3","1028","73","0","2016","4","","Gentry County, Missouri","Local Government","1028 Public administration","County, by Supersector -- by ownership sector","All establishment sizes",15,99,98,111,602559,69702,801,451,"",10.40,1.63,1.60,1.82,1.18,4.32,10.86,0.70,"",0,0.0,-1,-1.0,0,0.0,-6,-5.1,26858,4.7,12261,21.3,105,15.1,29,6.9
"29075","3","22","74","0","2016","1","N","Gentry County, Missouri","Local Government","NAICS 22 Utilities","County, NAICS Sector -- by ownership sector","All establishment sizes",2,0,0,0,0,0,0,0,"N",9.54,0,0,0,0,0,0,0,"N",0,0.0,0,0,0,0,0,0,0,0,0,0,0,0,0,0
"29075","3","22","74","0","2016","2","N","Gentry County, Missouri","Local Government","NAICS 22 Utilities","County, NAICS Sector -- by ownership sector","All establishment sizes",2,0,0,0,0,0,0,0,"N",9.70,0,0,0,0,0,0,0,"N",0,0.0,0,0,0,0,0,0,0,0,0,0,0,0,0,0
"29075","3","22","74","0","2016","3","N","Gentry County, Missouri","Local Government","NAICS 22 Utilities","County, NAICS Sector -- by ownership sector","All establishment sizes",2,0,0,0,0,0,0,0,"N",10.00,0,0,0,0,0,0,0,"N",0,0.0,0,0,0,0,0,0,0,0,0,0,0,0,0,0
"29075","3","22","74","0","2016","4","N","Gentry County, Missouri","Local Government","NAICS 22 Utilities","County, NAICS Sector -- by ownership sector","All establishment sizes",2,0,0,0,0,0,0,0,"N",10.06,0,0,0,0,0,0,0,"N",0,0.0,0,0,0,0,0,0,0,0,0,0,0,0,0,0
"29075","3","221","75","0","2016","1","N","Gentry County, Missouri","Local Government","NAICS 221 Utilities","County, NAICS 3-digit -- by ownership sector","All establishment sizes",2,0,0,0,0,0,0,0,"N",9.54,0,0,0,0,0,0,0,"N",0,0.0,0,0,0,0,0,0,0,0,0,0,0,0,0,0
"29075","3","221","75","0","2016","2","N","Gentry County, Missouri","Local Government","NAICS 221 Utilities","County, NAICS 3-digit -- by ownership sector","All establishment sizes",2,0,0,0,0,0,0,0,"N",9.70,0,0,0,0,0,0,0,"N",0,0.0,0,0,0,0,0,0,0,0,0,0,0,0,0,0
"29075","3","221","75","0","2016","3","N","Gentry County, Missouri","Local Government","NAICS 221 Utilities","County, NAICS 3-digit -- by ownership sector","All establishment sizes",2,0,0,0,0,0,0,0,"N",10.00,0,0,0,0,0,0,0,"N",0,0.0,0,0,0,0,0,0,0,0,0,0,0,0,0,0
"29075","3","221","75","0","2016","4","N","Gentry County, Missouri","Local Government","NAICS 221 Utilities","County, NAICS 3-digit -- by ownership sector","All establishment sizes",2,0,0,0,0,0,0,0,"N",10.06,0,0,0,0,0,0,0,"N",0,0.0,0,0,0,0,0,0,0,0,0,0,0,0,0,0
"29075","3","2213","76","0","2016","1","N","Gentry County, Missouri","Local Government","NAICS 2213 Water, sewage and other systems","County, NAICS 4-digit -- by ownership sector","All establishment sizes",2,0,0,0,0,0,0,0,"N",11.05,0,0,0,0,0,0,0,"N",0,0.0,0,0,0,0,0,0,0,0,0,0,0,0,0,0
"29075","3","2213","76","0","2016","2","N","Gentry County, Missouri","Local Government","NAICS 2213 Water, sewage and other systems","County, NAICS 4-digit -- by ownership sector","All establishment sizes",2,0,0,0,0,0,0,0,"N",11.23,0,0,0,0,0,0,0,"N",0,0.0,0,0,0,0,0,0,0,0,0,0,0,0,0,0
"29075","3","2213","76","0","2016","3","N","Gentry County, Missouri","Local Government","NAICS 2213 Water, sewage and other systems","County, NAICS 4-digit -- by ownership sector","All establishment sizes",2,0,0,0,0,0,0,0,"N",11.58,0,0,0,0,0,0,0,"N",0,0.0,0,0,0,0,0,0,0,0,0,0,0,0,0,0
"29075","3","2213","76","0","2016","4","N","Gentry County, Missouri","Local Government","NAICS 2213 Water, sewage and other systems","County, NAICS 4-digit -- by ownership sector","All establishment sizes",2,0,0,0,0,0,0,0,"N",11.65,0,0,0,0,0,0,0,"N",0,0.0,0,0,0,0,0,0,0,0,0,0,0,0,0,0
"29075","3","22131","77","0","2016","1","N","Gentry County, Missouri","Local Government","NAICS 22131 Water supply and irrigation systems","County, NAICS 5-digit -- by ownership sector","All establishment sizes",2,0,0,0,0,0,0,0,"N",16.31,0,0,0,0,0,0,0,"N",0,0.0,0,0,0,0,0,0,0,0,0,0,0,0,0,0
"29075","3","22131","77","0","2016","2","N","Gentry County, Missouri","Local Government","NAICS 22131 Water supply and irrigation systems","County, NAICS 5-digit -- by ownership sector","All establishment sizes",2,0,0,0,0,0,0,0,"N",16.56,0,0,0,0,0,0,0,"N",0,0.0,0,0,0,0,0,0,0,0,0,0,0,0,0,0
"29075","3","22131","77","0","2016","3","N","Gentry County, Missouri","Local Government","NAICS 22131 Water supply and irrigation systems","County, NAICS 5-digit -- by ownership sector","All establishment sizes",2,0,0,0,0,0,0,0,"N",17.09,0,0,0,0,0,0,0,"N",0,0.0,0,0,0,0,0,0,0,0,0,0,0,0,0,0
"29075","3","22131","77","0","2016","4","N","Gentry County, Missouri","Local Government","NAICS 22131 Water supply and irrigation systems","County, NAICS 5-digit -- by ownership sector","All establishment sizes",2,0,0,0,0,0,0,0,"N",17.17,0,0,0,0,0,0,0,"N",0,0.0,0,0,0,0,0,0,0,0,0,0,0,0,0,0
"29075","3","221310","78","0","2016","1","N","Gentry County, Missouri","Local Government","NAICS 221310 Water supply and irrigation systems","County, NAICS 6-digit -- by ownership sector","All establishment sizes",2,0,0,0,0,0,0,0,"N",16.31,0,0,0,0,0,0,0,"N",0,0.0,0,0,0,0,0,0,0,0,0,0,0,0,0,0
"29075","3","221310","78","0","2016","2","N","Gentry County, Missouri","Local Government","NAICS 221310 Water supply and irrigation systems","County, NAICS 6-digit -- by ownership sector","All establishment sizes",2,0,0,0,0,0,0,0,"N",16.56,0,0,0,0,0,0,0,"N",0,0.0,0,0,0,0,0,0,0,0,0,0,0,0,0,0
"29075","3","221310","78","0","2016","3","N","Gentry County, Missouri","Local Government","NAICS 221310 Water supply and irrigation systems","County, NAICS 6-digit -- by ownership sector","All establishment sizes",2,0,0,0,0,0,0,0,"N",17.09,0,0,0,0,0,0,0,"N",0,0.0,0,0,0,0,0,0,0,0,0,0,0,0,0,0
"29075","3","221310","78","0","2016","4","N","Gentry County, Missouri","Local Government","NAICS 221310 Water supply and irrigation systems","County, NAICS 6-digit -- by ownership sector","All establishment sizes",2,0,0,0,0,0,0,0,"N",17.17,0,0,0,0,0,0,0,"N",0,0.0,0,0,0,0,0,0,0,0,0,0,0,0,0,0
"29075","3","51","74","0","2016","1","N","Gentry County, Missouri","Local Government","NAICS 51 Information","County, NAICS Sector -- by ownership sector","All establishment sizes",1,0,0,0,0,0,0,0,"N",7.91,0,0,0,0,0,0,0,"N",0,0.0,0,0,0,0,0,0,0,0,0,0,0,0,0,0
"29075","3","51","74","0","2016","2","N","Gentry County, Missouri","Local Government","NAICS 51 Information","County, NAICS Sector -- by ownership sector","All establishment sizes",1,0,0,0,0,0,0,0,"N",8.03,0,0,0,0,0,0,0,"N",0,0.0,0,0,0,0,0,0,0,0,0,0,0,0,0,0
"29075","3","51","74","0","2016","3","N","Gentry County, Missouri","Local Government","NAICS 51 Information","County, NAICS Sector -- by ownership sector","All establishment sizes",1,0,0,0,0,0,0,0,"N",8.27,0,0,0,0,0,0,0,"N",0,0.0,0,0,0,0,0,0,0,0,0,0,0,0,0,0
"29075","3","51","74","0","2016","4","N","Gentry County, Missouri","Local Government","NAICS 51 Information","County, NAICS Sector -- by ownership sector","All establishment sizes",1,0,0,0,0,0,0,0,"N",8.30,0,0,0,0,0,0,0,"N",0,0.0,0,0,0,0,0,0,0,0,0,0,0,0,0,0
"29075","3","519","75","0","2016","1","N","Gentry County, Missouri","Local Government","NAICS 519 Other information services","County, NAICS 3-digit -- by ownership sector","All establishment sizes",1,0,0,0,0,0,0,0,"N",8.25,0,0,0,0,0,0,0,"N",0,0.0,0,0,0,0,0,0,0,0,0,0,0,0,0,0
"29075","3","519","75","0","2016","2","N","Gentry County, Missouri","Local Government","NAICS 519 Other information services","County, NAICS 3-digit -- by ownership sector","All establishment sizes",1,0,0,0,0,0,0,0,"N",8.37,0,0,0,0,0,0,0,"N",0,0.0,0,0,0,0,0,0,0,0,0,0,0,0,0,0
"29075","3","519","75","0","2016","3","N","Gentry County, Missouri","Local Government","NAICS 519 Other information services","County, NAICS 3-digit -- by ownership sector","All establishment sizes",1,0,0,0,0,0,0,0,"N",8.62,0,0,0,0,0,0,0,"N",0,0.0,0,0,0,0,0,0,0,0,0,0,0,0,0,0
"29075","3","519","75","0","2016","4","N","Gentry County, Missouri","Local Government","NAICS 519 Other information services","County, NAICS 3-digit -- by ownership sector","All establishment sizes",1,0,0,0,0,0,0,0,"N",8.64,0,0,0,0,0,0,0,"N",0,0.0,0,0,0,0,0,0,0,0,0,0,0,0,0,0
"29075","3","5191","76","0","2016","1","N","Gentry County, Missouri","Local Government","NAICS 5191 Other information services","County, NAICS 4-digit -- by ownership sector","All establishment sizes",1,0,0,0,0,0,0,0,"N",8.25,0,0,0,0,0,0,0,"N",0,0.0,0,0,0,0,0,0,0,0,0,0,0,0,0,0
"29075","3","5191","76","0","2016","2","N","Gentry County, Missouri","Local Government","NAICS 5191 Other information services","County, NAICS 4-digit -- by ownership sector","All establishment sizes",1,0,0,0,0,0,0,0,"N",8.37,0,0,0,0,0,0,0,"N",0,0.0,0,0,0,0,0,0,0,0,0,0,0,0,0,0
"29075","3","5191","76","0","2016","3","N","Gentry County, Missouri","Local Government","NAICS 5191 Other information services","County, NAICS 4-digit -- by ownership sector","All establishment sizes",1,0,0,0,0,0,0,0,"N",8.62,0,0,0,0,0,0,0,"N",0,0.0,0,0,0,0,0,0,0,0,0,0,0,0,0,0
"29075","3","5191","76","0","2016","4","N","Gentry County, Missouri","Local Government","NAICS 5191 Other information services","County, NAICS 4-digit -- by ownership sector","All establishment sizes",1,0,0,0,0,0,0,0,"N",8.64,0,0,0,0,0,0,0,"N",0,0.0,0,0,0,0,0,0,0,0,0,0,0,0,0,0
"29075","3","51912","77","0","2016","1","N","Gentry County, Missouri","Local Government","NAICS 51912 Libraries and archives","County, NAICS 5-digit -- by ownership sector","All establishment sizes",1,0,0,0,0,0,0,0,"N",8.25,0,0,0,0,0,0,0,"N",0,0.0,0,0,0,0,0,0,0,0,0,0,0,0,0,0
"29075","3","51912","77","0","2016","2","N","Gentry County, Missouri","Local Government","NAICS 51912 Libraries and archives","County, NAICS 5-digit -- by ownership sector","All establishment sizes",1,0,0,0,0,0,0,0,"N",8.37,0,0,0,0,0,0,0,"N",0,0.0,0,0,0,0,0,0,0,0,0,0,0,0,0,0
"29075","3","51912","77","0","2016","3","N","Gentry County, Missouri","Local Government","NAICS 51912 Libraries and archives","County, NAICS 5-digit -- by ownership sector","All establishment sizes",1,0,0,0,0,0,0,0,"N",8.62,0,0,0,0,0,0,0,"N",0,0.0,0,0,0,0,0,0,0,0,0,0,0,0,0,0
"29075","3","51912","77","0","2016","4","N","Gentry County, Missouri","Local Government","NAICS 51912 Libraries and archives","County, NAICS 5-digit -- by ownership sector","All establishment sizes",1,0,0,0,0,0,0,0,"N",8.64,0,0,0,0,0,0,0,"N",0,0.0,0,0,0,0,0,0,0,0,0,0,0,0,0,0
"29075","3","519120","78","0","2016","1","N","Gentry County, Missouri","Local Government","NAICS 519120 Libraries and archives","County, NAICS 6-digit -- by ownership sector","All establishment sizes",1,0,0,0,0,0,0,0,"N",8.25,0,0,0,0,0,0,0,"N",0,0.0,0,0,0,0,0,0,0,0,0,0,0,0,0,0
"29075","3","519120","78","0","2016","2","N","Gentry County, Missouri","Local Government","NAICS 519120 Libraries and archives","County, NAICS 6-digit -- by ownership sector","All establishment sizes",1,0,0,0,0,0,0,0,"N",8.37,0,0,0,0,0,0,0,"N",0,0.0,0,0,0,0,0,0,0,0,0,0,0,0,0,0
"29075","3","519120","78","0","2016","3","N","Gentry County, Missouri","Local Government","NAICS 519120 Libraries and archives","County, NAICS 6-digit -- by ownership sector","All establishment sizes",1,0,0,0,0,0,0,0,"N",8.62,0,0,0,0,0,0,0,"N",0,0.0,0,0,0,0,0,0,0,0,0,0,0,0,0,0
"29075","3","519120","78","0","2016","4","N","Gentry County, Missouri","Local Government","NAICS 519120 Libraries and archives","County, NAICS 6-digit -- by ownership sector","All establishment sizes",1,0,0,0,0,0,0,0,"N",8.64,0,0,0,0,0,0,0,"N",0,0.0,0,0,0,0,0,0,0,0,0,0,0,0,0,0
"29075","3","61","74","0","2016","1","","Gentry County, Missouri","Local Government","NAICS 61 Educational services","County, NAICS Sector -- by ownership sector","All establishment sizes",4,224,227,224,1548191,0,0,529,"",2.46,1.78,1.79,1.75,2.03,0.00,0.00,1.15,"",0,0.0,-14,-5.9,-8,-3.4,-14,-5.9,-650,0.0,0,0.0,0,0.0,26,5.2
"29075","3","61","74","0","2016","2","","Gentry County, Missouri","Local Government","NAICS 61 Educational services","County, NAICS Sector -- by ownership sector","All establishment sizes",4,231,236,225,2318814,0,0,773,"",2.50,1.79,1.84,1.83,2.46,0.00,0.00,1.36,"",0,0.0,-8,-3.3,-4,-1.7,-15,-6.2,75513,3.4,0,0.0,0,0.0,53,7.4
"29075","3","61","74","0","2016","3","","Gentry County, Missouri","Local Government","NAICS 61 Educational services","County, NAICS Sector -- by ownership sector","All establishment sizes",4,90,101,217,1094945,0,0,619,"",2.57,1.05,1.06,1.79,1.62,0.00,0.00,1.20,"",0,0.0,-16,-15.1,27,36.5,3,1.4,-40024,-3.5,0,0.0,0,0.0,-46,-6.9
"29075","3","61","74","0","2016","4","","Gentry County, Missouri","Local Government","NAICS 61 Educational services","County, NAICS Sector -- by ownership sector","All establishment sizes",4,231,236,234,1610026,0,0,530,"",2.58,1.86,1.88,1.87,1.88,0.00,0.00,1.00,"",0,0.0,-1,-0.4,4,1.7,7,3.1,43502,2.8,0,0.0,0,0.0,7,1.3
"29075","3","611","75","0","2016","1","","Gentry County, Missouri","Local Government","NAICS 611 Educational services","County, NAICS 3-digit -- by ownership sector","All establishment sizes",4,224,227,224,1548191,0,0,529,"",2.46,1.78,1.79,1.75,2.03,0.00,0.00,1.15,"",0,0.0,-14,-5.9,-8,-3.4,-14,-5.9,-650,0.0,0,0.0,0,0.0,26,5.2
"29075","3","611","75","0","2016","2","","Gentry County, Missouri","Local Government","NAICS 611 Educational services","County, NAICS 3-digit -- by ownership sector","All establishment sizes",4,231,236,225,2318814,0,0,773,"",2.50,1.79,1.84,1.83,2.46,0.00,0.00,1.36,"",0,0.0,-8,-3.3,-4,-1.7,-15,-6.2,75513,3.4,0,0.0,0,0.0,53,7.4
"29075","3","611","75","0","2016","3","","Gentry County, Missouri","Local Government","NAICS 611 Educational services","County, NAICS 3-digit -- by ownership sector","All establishment sizes",4,90,101,217,1094945,0,0,619,"",2.57,1.05,1.06,1.79,1.62,0.00,0.00,1.20,"",0,0.0,-16,-15.1,27,36.5,3,1.4,-40024,-3.5,0,0.0,0,0.0,-46,-6.9
"29075","3","611","75","0","2016","4","","Gentry County, Missouri","Local Government","NAICS 611 Educational services","County, NAICS 3-digit -- by ownership sector","All establishment sizes",4,231,236,234,1610026,0,0,530,"",2.58,1.86,1.88,1.87,1.88,0.00,0.00,1.00,"",0,0.0,-1,-0.4,4,1.7,7,3.1,43502,2.8,0,0.0,0,0.0,7,1.3
"29075","3","6111","76","0","2016","1","","Gentry County, Missouri","Local Government","NAICS 6111 Elementary and secondary schools","County, NAICS 4-digit -- by ownership sector","All establishment sizes",4,224,227,224,1548191,0,0,529,"",2.54,1.91,1.93,1.89,2.18,0.00,0.00,1.14,"",0,0.0,-14,-5.9,-8,-3.4,-14,-5.9,-650,0.0,0,0.0,0,0.0,26,5.2
"29075","3","6111","76","0","2016","2","","Gentry County, Missouri","Local Government","NAICS 6111 Elementary and secondary schools","County, NAICS 4-digit -- by ownership sector","All establishment sizes",4,231,236,225,2318814,0,0,773,"",2.58,1.94,1.98,1.96,2.63,0.00,0.00,1.34,"",0,0.0,-8,-3.3,-4,-1.7,-15,-6.2,75513,3.4,0,0.0,0,0.0,53,7.4
"29075","3","6111","76","0","2016","3","","Gentry County, Missouri","Local Government","NAICS 6111 Elementary and secondary schools","County, NAICS 4-digit -- by ownership sector","All establishment sizes",4,90,101,217,1094945,0,0,619,"",2.66,1.16,1.15,1.94,1.77,0.00,0.00,1.20,"",0,0.0,-16,-15.1,27,36.5,3,1.4,-40024,-3.5,0,0.0,0,0.0,-46,-6.9
"29075","3","6111","76","0","2016","4","","Gentry County, Missouri","Local Government","NAICS 6111 Elementary and secondary schools","County, NAICS 4-digit -- by ownership sector","All establishment sizes",4,231,236,234,1610026,0,0,530,"",2.67,2.01,2.03,2.02,2.02,0.00,0.00,1.00,"",0,0.0,-1,-0.4,4,1.7,7,3.1,43502,2.8,0,0.0,0,0.0,7,1.3
"29075","3","61111","77","0","2016","1","","Gentry County, Missouri","Local Government","NAICS 61111 Elementary and secondary schools","County, NAICS 5-digit -- by ownership sector","All establishment sizes",4,224,227,224,1548191,0,0,529,"",2.54,1.91,1.93,1.89,2.18,0.00,0.00,1.14,"",0,0.0,-14,-5.9,-8,-3.4,-14,-5.9,-650,0.0,0,0.0,0,0.0,26,5.2
"29075","3","61111","77","0","2016","2","","Gentry County, Missouri","Local Government","NAICS 61111 Elementary and secondary schools","County, NAICS 5-digit -- by ownership sector","All establishment sizes",4,231,236,225,2318814,0,0,773,"",2.58,1.94,1.98,1.96,2.63,0.00,0.00,1.34,"",0,0.0,-8,-3.3,-4,-1.7,-15,-6.2,75513,3.4,0,0.0,0,0.0,53,7.4
"29075","3","61111","77","0","2016","3","","Gentry County, Missouri","Local Government","NAICS 61111 Elementary and secondary schools","County, NAICS 5-digit -- by ownership sector","All establishment sizes",4,90,101,217,1094945,0,0,619,"",2.66,1.16,1.15,1.94,1.77,0.00,0.00,1.20,"",0,0.0,-16,-15.1,27,36.5,3,1.4,-40024,-3.5,0,0.0,0,0.0,-46,-6.9
"29075","3","61111","77","0","2016","4","","Gentry County, Missouri","Local Government","NAICS 61111 Elementary and secondary schools","County, NAICS 5-digit -- by ownership sector","All establishment sizes",4,231,236,234,1610026,0,0,530,"",2.67,2.01,2.03,2.02,2.02,0.00,0.00,1.00,"",0,0.0,-1,-0.4,4,1.7,7,3.1,43502,2.8,0,0.0,0,0.0,7,1.3
"29075","3","611110","78","0","2016","1","","Gentry County, Missouri","Local Government","NAICS 611110 Elementary and secondary schools","County, NAICS 6-digit -- by ownership sector","All establishment sizes",4,224,227,224,1548191,0,0,529,"",2.54,1.91,1.93,1.89,2.18,0.00,0.00,1.14,"",0,0.0,-14,-5.9,-8,-3.4,-14,-5.9,-650,0.0,0,0.0,0,0.0,26,5.2
"29075","3","611110","78","0","2016","2","","Gentry County, Missouri","Local Government","NAICS 611110 Elementary and secondary schools","County, NAICS 6-digit -- by ownership sector","All establishment sizes",4,231,236,225,2318814,0,0,773,"",2.58,1.94,1.98,1.96,2.63,0.00,0.00,1.34,"",0,0.0,-8,-3.3,-4,-1.7,-15,-6.2,75513,3.4,0,0.0,0,0.0,53,7.4
"29075","3","611110","78","0","2016","3","","Gentry County, Missouri","Local Government","NAICS 611110 Elementary and secondary schools","County, NAICS 6-digit -- by ownership sector","All establishment sizes",4,90,101,217,1094945,0,0,619,"",2.66,1.16,1.15,1.94,1.77,0.00,0.00,1.20,"",0,0.0,-16,-15.1,27,36.5,3,1.4,-40024,-3.5,0,0.0,0,0.0,-46,-6.9
"29075","3","611110","78","0","2016","4","","Gentry County, Missouri","Local Government","NAICS 611110 Elementary and secondary schools","County, NAICS 6-digit -- by ownership sector","All establishment sizes",4,231,236,234,1610026,0,0,530,"",2.67,2.01,2.03,2.02,2.02,0.00,0.00,1.00,"",0,0.0,-1,-0.4,4,1.7,7,3.1,43502,2.8,0,0.0,0,0.0,7,1.3
"29075","3","62","74","0","2016","1","","Gentry County, Missouri","Local Government","NAICS 62 Health care and social assistance","County, NAICS Sector -- by ownership sector","All establishment sizes",4,29,27,26,240115,0,0,676,"",23.15,2.03,1.90,1.82,2.35,0.00,0.00,1.23,"",0,0.0,-1,-3.3,-2,-6.9,-3,-10.3,36425,17.9,0,0.0,0,0.0,142,26.6
"29075","3","62","74","0","2016","2","","Gentry County, Missouri","Local Government","NAICS 62 Health care and social assistance","County, NAICS Sector -- by ownership sector","All establishment sizes",4,26,27,25,210719,0,0,623,"",23.42,1.80,1.88,1.69,1.77,0.00,0.00,0.99,"",0,0.0,-5,-16.1,-2,-6.9,-2,-7.4,-23832,-10.2,0,0.0,0,0.0,1,0.2
"29075","3","62","74","0","2016","3","","Gentry County, Missouri","Local Government","NAICS 62 Health care and social assistance","County, NAICS Sector -- by ownership sector","All establishment sizes",4,26,27,30,243839,0,0,678,"",23.97,1.87,1.92,2.09,2.05,0.00,0.00,1.04,"",0,0.0,-2,-7.1,-1,-3.6,3,11.1,42652,21.2,0,0.0,0,0.0,119,21.3
"29075","3","62","74","0","2016","4","","Gentry County, Missouri","Local Government","NAICS 62 Health care and social assistance","County, NAICS Sector -- by ownership sector","All establishment sizes",4,29,29,31,225161,0,0,584,"",23.90,2.05,2.05,2.18,1.86,0.00,0.00,0.89,"",0,0.0,-1,-3.3,0,0.0,1,3.3,-14103,-5.9,0,0.0,0,0.0,-36,-5.8
"29075","3","621","75","0","2016","1","","Gentry County, Missouri","Local Government","NAICS 621 Ambulatory health care services","County, NAICS 3-digit -- by ownership sector","All establishment sizes",4,29,27,26,240115,0,0,676,"",72.77,26.11,24.43,23.36,30.37,0.00,0.00,1.23,"",0,0.0,-1,-3.3,-2,-6.9,-3,-10.3,36425,17.9,0,0.0,0,0.0,142,26.6
"29075","3","621","75","0","2016","2","","Gentry County, Missouri","Local Government","NAICS 621 Ambulatory health care services","County, NAICS 3-digit -- by ownership sector","All establishment sizes",4,26,27,25,210719,0,0,623,"",73.37,22.87,23.90,21.50,23.57,0.00,0.00,1.03,"",0,0.0,-5,-16.1,-2,-6.9,-2,-7.4,-23832,-10.2,0,0.0,0,0.0,1,0.2
"29075","3","621","75","0","2016","3","","Gentry County, Missouri","Local Government","NAICS 621 Ambulatory health care services","County, NAICS 3-digit -- by ownership sector","All establishment sizes",4,26,27,30,243839,0,0,678,"",76.00,23.81,24.37,26.43,26.37,0.00,0.00,1.06,"",0,0.0,-2,-7.1,-1,-3.6,3,11.1,42652,21.2,0,0.0,0,0.0,119,21.3
"29075","3","621","75","0","2016","4","","Gentry County, Missouri","Local Government","NAICS 621 Ambulatory health care services","County, NAICS 3-digit -- by ownership sector","All establishment sizes",4,29,29,31,225161,0,0,584,"",75.34,25.94,25.91,27.46,24.52,0.00,0.00,0.93,"",0,0.0,-1,-3.3,0,0.0,1,3.3,-14103,-5.9,0,0.0,0,0.0,-36,-5.8
"29075","3","6219","76","0","2016","1","","Gentry County, Missouri","Local Government","NAICS 6219 Other ambulatory health care services","County, NAICS 4-digit -- by ownership sector","All establishment sizes",4,29,27,26,240115,0,0,676,"",233.16,103.60,96.95,92.41,183.54,0.00,0.00,1.88,"",0,0.0,-1,-3.3,-2,-6.9,-3,-10.3,36425,17.9,0,0.0,0,0.0,142,26.6
"29075","3","6219","76","0","2016","2","","Gentry County, Missouri","Local Government","NAICS 6219 Other ambulatory health care services","County, NAICS 4-digit -- by ownership sector","All establishment sizes",4,26,27,25,210719,0,0,623,"",236.00,91.46,96.09,86.03,139.62,0.00,0.00,1.53,"",0,0.0,-5,-16.1,-2,-6.9,-2,-7.4,-23832,-10.2,0,0.0,0,0.0,1,0.2
"29075","3","6219","76","0","2016","3","","Gentry County, Missouri","Local Government","NAICS 6219 Other ambulatory health care services","County, NAICS 4-digit -- by ownership sector","All establishment sizes",4,26,27,30,243839,0,0,678,"",242.80,94.40,97.13,105.22,155.44,0.00,0.00,1.57,"",0,0.0,-2,-7.1,-1,-3.6,3,11.1,42652,21.2,0,0.0,0,0.0,119,21.3
"29075","3","6219","76","0","2016","4","","Gentry County, Missouri","Local Government","NAICS 6219 Other ambulatory health care services","County, NAICS 4-digit -- by ownership sector","All establishment sizes",4,29,29,31,225161,0,0,584,"",242.44,102.53,102.56,108.36,140.79,0.00,0.00,1.35,"",0,0.0,-1,-3.3,0,0.0,1,3.3,-14103,-5.9,0,0.0,0,0.0,-36,-5.8
"29075","3","62191","77","0","2016","1","N","Gentry County, Missouri","Local Government","NAICS 62191 Ambulance services","County, NAICS 5-digit -- by ownership sector","All establishment sizes",3,0,0,0,0,0,0,0,"N",208.83,0,0,0,0,0,0,0,"N",0,0.0,0,0,0,0,0,0,0,0,0,0,0,0,0,0
"29075","3","62191","77","0","2016","2","N","Gentry County, Missouri","Local Government","NAICS 62191 Ambulance services","County, NAICS 5-digit -- by ownership sector","All establishment sizes",3,0,0,0,0,0,0,0,"N",211.19,0,0,0,0,0,0,0,"N",0,0.0,0,0,0,0,0,0,0,0,0,0,0,0,0,0
"29075","3","62191","77","0","2016","3","N","Gentry County, Missouri","Local Government","NAICS 62191 Ambulance services","County, NAICS 5-digit -- by ownership sector","All establishment sizes",3,0,0,0,0,0,0,0,"N",217.21,0,0,0,0,0,0,0,"N",0,0.0,0,0,0,0,0,0,0,0,0,0,0,0,0,0
"29075","3","62191","77","0","2016","4","N","Gentry County, Missouri","Local Government","NAICS 62191 Ambulance services","County, NAICS 5-digit -- by ownership sector","All establishment sizes",3,0,0,0,0,0,0,0,"N",216.72,0,0,0,0,0,0,0,"N",0,0.0,0,0,0,0,0,0,0,0,0,0,0,0,0,0
"29075","3","621910","78","0","2016","1","N","Gentry County, Missouri","Local Government","NAICS 621910 Ambulance services","County, NAICS 6-digit -- by ownership sector","All establishment sizes",3,0,0,0,0,0,0,0,"N",208.83,0,0,0,0,0,0,0,"N",0,0.0,0,0,0,0,0,0,0,0,0,0,0,0,0,0
"29075","3","621910","78","0","2016","2","N","Gentry County, Missouri","Local Government","NAICS 621910 Ambulance services","County, NAICS 6-digit -- by ownership sector","All establishment sizes",3,0,0,0,0,0,0,0,"N",211.19,0,0,0,0,0,0,0,"N",0,0.0,0,0,0,0,0,0,0,0,0,0,0,0,0,0
"29075","3","621910","78","0","2016","3","N","Gentry County, Missouri","Local Government","NAICS 621910 Ambulance services","County, NAICS 6-digit -- by ownership sector","All establishment sizes",3,0,0,0,0,0,0,0,"N",217.21,0,0,0,0,0,0,0,"N",0,0.0,0,0,0,0,0,0,0,0,0,0,0,0,0,0
"29075","3","621910","78","0","2016","4","N","Gentry County, Missouri","Local Government","NAICS 621910 Ambulance services","County, NAICS 6-digit -- by ownership sector","All establishment sizes",3,0,0,0,0,0,0,0,"N",216.72,0,0,0,0,0,0,0,"N",0,0.0,0,0,0,0,0,0,0,0,0,0,0,0,0,0
"29075","3","62199","77","0","2016","1","N","Gentry County, Missouri","Local Government","NAICS 62199 All other ambulatory health care services","County, NAICS 5-digit -- by ownership sector","All establishment sizes",1,0,0,0,0,0,0,0,"N",358.52,0,0,0,0,0,0,0,"N",0,0.0,0,0,0,0,0,0,0,0,0,0,0,0,0,0
"29075","3","62199","77","0","2016","2","N","Gentry County, Missouri","Local Government","NAICS 62199 All other ambulatory health care services","County, NAICS 5-digit -- by ownership sector","All establishment sizes",1,0,0,0,0,0,0,0,"N",364.44,0,0,0,0,0,0,0,"N",0,0.0,0,0,0,0,0,0,0,0,0,0,0,0,0,0
"29075","3","62199","77","0","2016","3","N","Gentry County, Missouri","Local Government","NAICS 62199 All other ambulatory health care services","County, NAICS 5-digit -- by ownership sector","All establishment sizes",1,0,0,0,0,0,0,0,"N",375.47,0,0,0,0,0,0,0,"N",0,0.0,0,0,0,0,0,0,0,0,0,0,0,0,0,0
"29075","3","62199","77","0","2016","4","N","Gentry County, Missouri","Local Government","NAICS 62199 All other ambulatory health care services","County, NAICS 5-digit -- by ownership sector","All establishment sizes",1,0,0,0,0,0,0,0,"N",376.54,0,0,0,0,0,0,0,"N",0,0.0,0,0,0,0,0,0,0,0,0,0,0,0,0,0
"29075","3","621999","78","0","2016","1","N","Gentry County, Missouri","Local Government","NAICS 621999 Miscellaneous ambulatory health care services","County, NAICS 6-digit -- by ownership sector","All establishment sizes",1,0,0,0,0,0,0,0,"N",361.72,0,0,0,0,0,0,0,"N",0,0.0,0,0,0,0,0,0,0,0,0,0,0,0,0,0
"29075","3","621999","78","0","2016","2","N","Gentry County, Missouri","Local Government","NAICS 621999 Miscellaneous ambulatory health care services","County, NAICS 6-digit -- by ownership sector","All establishment sizes",1,0,0,0,0,0,0,0,"N",367.69,0,0,0,0,0,0,0,"N",0,0.0,0,0,0,0,0,0,0,0,0,0,0,0,0,0
"29075","3","621999","78","0","2016","3","N","Gentry County, Missouri","Local Government","NAICS 621999 Miscellaneous ambulatory health care services","County, NAICS 6-digit -- by ownership sector","All establishment sizes",1,0,0,0,0,0,0,0,"N",378.83,0,0,0,0,0,0,0,"N",0,0.0,0,0,0,0,0,0,0,0,0,0,0,0,0,0
"29075","3","621999","78","0","2016","4","N","Gentry County, Missouri","Local Government","NAICS 621999 Miscellaneous ambulatory health care services","County, NAICS 6-digit -- by ownership sector","All establishment sizes",1,0,0,0,0,0,0,0,"N",379.90,0,0,0,0,0,0,0,"N",0,0.0,0,0,0,0,0,0,0,0,0,0,0,0,0,0
"29075","3","92","74","0","2016","1","","Gentry County, Missouri","Local Government","NAICS 92 Public administration","County, NAICS Sector -- by ownership sector","All establishment sizes",15,95,92,91,515034,346110,4184,428,"",9.92,1.55,1.51,1.48,1.18,8.32,16.37,0.78,"",0,0.0,6,6.7,-6,-6.1,-5,-5.2,2978,0.6,27318,8.6,1211,40.7,10,2.4
"29075","3","92","74","0","2016","2","","Gentry County, Missouri","Local Government","NAICS 92 Public administration","County, NAICS Sector -- by ownership sector","All establishment sizes",15,95,103,169,567948,259150,3046,357,"",10.07,1.52,1.64,2.56,1.12,7.07,14.42,0.58,"",0,0.0,-6,-5.9,-17,-14.2,-1,-0.6,6913,1.2,-4082,-1.6,613,25.2,26,7.9
"29075","3","92","74","0","2016","3","","Gentry County, Missouri","Local Government","NAICS 92 Public administration","County, NAICS Sector -- by ownership sector","All establishment sizes",15,139,140,114,633985,97844,976,372,"",10.37,2.22,2.22,1.83,1.23,4.39,8.17,0.59,"",0,0.0,1,0.7,6,4.5,11,10.7,1425,0.2,-18957,-16.2,-209,-17.6,-17,-4.4
"29075","3","92","74","0","2016","4","","Gentry County, Missouri","Local Government","NAICS 92 Public administration","County, NAICS Sector -- by ownership sector","All establishment sizes",15,99,98,111,602559,69702,801,451,"",10.40,1.63,1.60,1.82,1.18,4.32,10.86,0.70,"",0,0.0,-1,-1.0,0,0.0,-6,-5.1,26858,4.7,12261,21.3,105,15.1,29,6.9
"29075","3","921","75","0","2016","1","","Gentry County, Missouri","Local Government","NAICS 921 Executive, legislative and general government","County, NAICS 3-digit -- by ownership sector","All establishment sizes",11,85,81,80,451721,282797,3697,424,"",12.23,2.10,2.02,1.97,1.72,9.33,20.23,0.85,"",0,0.0,6,7.6,-6,-6.9,-4,-4.8,-3975,-0.9,20365,7.8,911,32.7,3,0.7
"29075","3","921","75","0","2016","2","","Gentry County, Missouri","Local Government","NAICS 921 Executive, legislative and general government","County, NAICS 3-digit -- by ownership sector","All establishment sizes",11,86,93,133,501751,215315,2704,371,"",12.43,2.08,2.23,3.00,1.64,7.56,16.98,0.67,"",0,0.0,-3,-3.4,-14,-13.1,0,0.0,5939,1.2,1324,0.6,440,19.4,23,6.6
"29075","3","921","75","0","2016","3","","Gentry County, Missouri","Local Government","NAICS 921 Executive, legislative and general government","County, NAICS 3-digit -- by ownership sector","All establishment sizes",11,127,128,103,568524,81375,863,366,"",12.81,3.00,3.01,2.48,1.83,4.55,9.42,0.64,"",0,0.0,1,0.8,8,6.7,11,12.0,-262,0.0,-11275,-12.2,-237,-21.5,-22,-5.7
"29075","3","921","75","0","2016","4","","Gentry County, Missouri","Local Government","NAICS 921 Executive, legislative and general government","County, NAICS 3-digit -- by ownership sector","All establishment sizes",11,88,86,84,539017,62267,742,482,"",12.84,2.18,2.11,2.08,1.74,4.81,13.10,0.82,"",0,0.0,-1,-1.1,1,1.2,-8,-8.7,19894,3.8,21551,52.9,107,16.9,32,7.1
"29075","3","9211","76","0","2016","1","","Gentry County, Missouri","Local Government","NAICS 9211 Executive, legislative and general government","County, NAICS 4-digit -- by ownership sector","All establishment sizes",11,85,81,80,451721,282797,3697,424,"",12.23,2.10,2.02,1.97,1.72,9.33,20.23,0.85,"",0,0.0,6,7.6,-6,-6.9,-4,-4.8,-3975,-0.9,20365,7.8,911,32.7,3,0.7
"29075","3","9211","76","0","2016","2","","Gentry County, Missouri","Local Government","NAICS 9211 Executive, legislative and general government","County, NAICS 4-digit -- by ownership sector","All establishment sizes",11,86,93,133,501751,215315,2704,371,"",12.43,2.08,2.23,3.00,1.64,7.56,16.98,0.67,"",0,0.0,-3,-3.4,-14,-13.1,0,0.0,5939,1.2,1324,0.6,440,19.4,23,6.6
"29075","3","9211","76","0","2016","3","","Gentry County, Missouri","Local Government","NAICS 9211 Executive, legislative and general government","County, NAICS 4-digit -- by ownership sector","All establishment sizes",11,127,128,103,568524,81375,863,366,"",12.81,3.00,3.01,2.48,1.83,4.55,9.42,0.64,"",0,0.0,1,0.8,8,6.7,11,12.0,-262,0.0,-11275,-12.2,-237,-21.5,-22,-5.7
"29075","3","9211","76","0","2016","4","","Gentry County, Missouri","Local Government","NAICS 9211 Executive, legislative and general government","County, NAICS 4-digit -- by ownership sector","All establishment sizes",11,88,86,84,539017,62267,742,482,"",12.84,2.18,2.11,2.08,1.74,4.81,13.10,0.82,"",0,0.0,-1,-1.1,1,1.2,-8,-8.7,19894,3.8,21551,52.9,107,16.9,32,7.1
"29075","3","92114","77","0","2016","1","","Gentry County, Missouri","Local Government","NAICS 92114 Executive and legislative offices, combined","County, NAICS 5-digit -- by ownership sector","All establishment sizes",11,85,81,80,451721,282797,3697,424,"",20.89,3.25,3.11,3.03,2.68,16.39,52.48,0.86,"",0,0.0,6,7.6,-6,-6.9,-4,-4.8,-3975,-0.9,20365,7.8,911,32.7,3,0.7
"29075","3","92114","77","0","2016","2","","Gentry County, Missouri","Local Government","NAICS 92114 Executive and legislative offices, combined","County, NAICS 5-digit -- by ownership sector","All establishment sizes",11,86,93,133,501751,215315,2704,371,"",21.22,3.20,3.44,4.61,2.53,12.48,44.87,0.67,"",0,0.0,-3,-3.4,-14,-13.1,0,0.0,5939,1.2,1324,0.6,440,19.4,23,6.6
"29075","3","92114","77","0","2016","3","","Gentry County, Missouri","Local Government","NAICS 92114 Executive and legislative offices, combined","County, NAICS 5-digit -- by ownership sector","All establishment sizes",11,127,128,103,568524,81375,863,366,"",21.87,4.65,4.65,3.83,2.83,7.20,24.74,0.65,"",0,0.0,1,0.8,8,6.7,11,12.0,-262,0.0,-11275,-12.2,-237,-21.5,-22,-5.7
"29075","3","92114","77","0","2016","4","","Gentry County, Missouri","Local Government","NAICS 92114 Executive and legislative offices, combined","County, NAICS 5-digit -- by ownership sector","All establishment sizes",11,88,86,84,539017,62267,742,482,"",21.94,3.36,3.25,3.22,2.71,7.34,32.85,0.82,"",0,0.0,-1,-1.1,1,1.2,-8,-8.7,19894,3.8,21551,52.9,107,16.9,32,7.1
"29075","3","921140","78","0","2016","1","","Gentry County, Missouri","Local Government","NAICS 921140 Executive and legislative offices, combined","County, NAICS 6-digit -- by ownership sector","All establishment sizes",11,85,81,80,451721,282797,3697,424,"",20.89,3.25,3.11,3.03,2.68,16.39,52.48,0.86,"",0,0.0,6,7.6,-6,-6.9,-4,-4.8,-3975,-0.9,20365,7.8,911,32.7,3,0.7
"29075","3","921140","78","0","2016","2","","Gentry County, Missouri","Local Government","NAICS 921140 Executive and legislative offices, combined","County, NAICS 6-digit -- by ownership sector","All establishment sizes",11,86,93,133,501751,215315,2704,371,"",21.22,3.20,3.44,4.61,2.53,12.48,44.87,0.67,"",0,0.0,-3,-3.4,-14,-13.1,0,0.0,5939,1.2,1324,0.6,440,19.4,23,6.6
"29075","3","921140","78","0","2016","3","","Gentry County, Missouri","Local Government","NAICS 921140 Executive and legislative offices, combined","County, NAICS 6-digit -- by ownership sector","All establishment sizes",11,127,128,103,568524,81375,863,366,"",21.87,4.65,4.65,3.83,2.83,7.20,24.74,0.65,"",0,0.0,1,0.8,8,6.7,11,12.0,-262,0.0,-11275,-12.2,-237,-21.5,-22,-5.7
"29075","3","921140","78","0","2016","4","","Gentry County, Missouri","Local Government","NAICS 921140 Executive and legislative offices, combined","County, NAICS 6-digit -- by ownership sector","All establishment sizes",11,88,86,84,539017,62267,742,482,"",21.94,3.36,3.25,3.22,2.71,7.34,32.85,0.82,"",0,0.0,-1,-1.1,1,1.2,-8,-8.7,19894,3.8,21551,52.9,107,16.9,32,7.1
"29075","3","922","75","0","2016","1","N","Gentry County, Missouri","Local Government","NAICS 922 Justice, public order, and safety activities","County, NAICS 3-digit -- by ownership sector","All establishment sizes",2,0,0,0,0,0,0,0,"N",6.31,0,0,0,0,0,0,0,"N",0,0.0,0,0,0,0,0,0,0,0,0,0,0,0,0,0
"29075","3","922","75","0","2016","2","N","Gentry County, Missouri","Local Government","NAICS 922 Justice, public order, and safety activities","County, NAICS 3-digit -- by ownership sector","All establishment sizes",2,0,0,0,0,0,0,0,"N",6.40,0,0,0,0,0,0,0,"N",0,0.0,0,0,0,0,0,0,0,0,0,0,0,0,0,0
"29075","3","922","75","0","2016","3","N","Gentry County, Missouri","Local Government","NAICS 922 Justice, public order, and safety activities","County, NAICS 3-digit -- by ownership sector","All establishment sizes",2,0,0,0,0,0,0,0,"N",6.59,0,0,0,0,0,0,0,"N",0,0.0,0,0,0,0,0,0,0,0,0,0,0,0,0,0
"29075","3","922","75","0","2016","4","N","Gentry County, Missouri","Local Government","NAICS 922 Justice, public order, and safety activities","County, NAICS 3-digit -- by ownership sector","All establishment sizes",2,0,0,0,0,0,0,0,"N",6.61,0,0,0,0,0,0,0,"N",0,0.0,0,0,0,0,0,0,0,0,0,0,0,0,0,0
"29075","3","9221","76","0","2016","1","N","Gentry County, Missouri","Local Government","NAICS 9221 Justice, public order, and safety activities","County, NAICS 4-digit -- by ownership sector","All establishment sizes",2,0,0,0,0,0,0,0,"N",6.31,0,0,0,0,0,0,0,"N",0,0.0,0,0,0,0,0,0,0,0,0,0,0,0,0,0
"29075","3","9221","76","0","2016","2","N","Gentry County, Missouri","Local Government","NAICS 9221 Justice, public order, and safety activities","County, NAICS 4-digit -- by ownership sector","All establishment sizes",2,0,0,0,0,0,0,0,"N",6.40,0,0,0,0,0,0,0,"N",0,0.0,0,0,0,0,0,0,0,0,0,0,0,0,0,0
"29075","3","9221","76","0","2016","3","N","Gentry County, Missouri","Local Government","NAICS 9221 Justice, public order, and safety activities","County, NAICS 4-digit -- by ownership sector","All establishment sizes",2,0,0,0,0,0,0,0,"N",6.59,0,0,0,0,0,0,0,"N",0,0.0,0,0,0,0,0,0,0,0,0,0,0,0,0,0
"29075","3","9221","76","0","2016","4","N","Gentry County, Missouri","Local Government","NAICS 9221 Justice, public order, and safety activities","County, NAICS 4-digit -- by ownership sector","All establishment sizes",2,0,0,0,0,0,0,0,"N",6.61,0,0,0,0,0,0,0,"N",0,0.0,0,0,0,0,0,0,0,0,0,0,0,0,0,0
"29075","3","92216","77","0","2016","1","N","Gentry County, Missouri","Local Government","NAICS 92216 Fire protection","County, NAICS 5-digit -- by ownership sector","All establishment sizes",1,0,0,0,0,0,0,0,"N",7.79,0,0,0,0,0,0,0,"N",0,0.0,0,0,0,0,0,0,0,0,0,0,0,0,0,0
"29075","3","92216","77","0","2016","2","N","Gentry County, Missouri","Local Government","NAICS 92216 Fire protection","County, NAICS 5-digit -- by ownership sector","All establishment sizes",1,0,0,0,0,0,0,0,"N",7.90,0,0,0,0,0,0,0,"N",0,0.0,0,0,0,0,0,0,0,0,0,0,0,0,0,0
"29075","3","92216","77","0","2016","3","N","Gentry County, Missouri","Local Government","NAICS 92216 Fire protection","County, NAICS 5-digit -- by ownership sector","All establishment sizes",1,0,0,0,0,0,0,0,"N",8.14,0,0,0,0,0,0,0,"N",0,0.0,0,0,0,0,0,0,0,0,0,0,0,0,0,0
"29075","3","92216","77","0","2016","4","N","Gentry County, Missouri","Local Government","NAICS 92216 Fire protection","County, NAICS 5-digit -- by ownership sector","All establishment sizes",1,0,0,0,0,0,0,0,"N",8.16,0,0,0,0,0,0,0,"N",0,0.0,0,0,0,0,0,0,0,0,0,0,0,0,0,0
"29075","3","922160","78","0","2016","1","N","Gentry County, Missouri","Local Government","NAICS 922160 Fire protection","County, NAICS 6-digit -- by ownership sector","All establishment sizes",1,0,0,0,0,0,0,0,"N",7.79,0,0,0,0,0,0,0,"N",0,0.0,0,0,0,0,0,0,0,0,0,0,0,0,0,0
"29075","3","922160","78","0","2016","2","N","Gentry County, Missouri","Local Government","NAICS 922160 Fire protection","County, NAICS 6-digit -- by ownership sector","All establishment sizes",1,0,0,0,0,0,0,0,"N",7.90,0,0,0,0,0,0,0,"N",0,0.0,0,0,0,0,0,0,0,0,0,0,0,0,0,0
"29075","3","922160","78","0","2016","3","N","Gentry County, Missouri","Local Government","NAICS 922160 Fire protection","County, NAICS 6-digit -- by ownership sector","All establishment sizes",1,0,0,0,0,0,0,0,"N",8.14,0,0,0,0,0,0,0,"N",0,0.0,0,0,0,0,0,0,0,0,0,0,0,0,0,0
"29075","3","922160","78","0","2016","4","N","Gentry County, Missouri","Local Government","NAICS 922160 Fire protection","County, NAICS 6-digit -- by ownership sector","All establishment sizes",1,0,0,0,0,0,0,0,"N",8.16,0,0,0,0,0,0,0,"N",0,0.0,0,0,0,0,0,0,0,0,0,0,0,0,0,0
"29075","3","92219","77","0","2016","1","N","Gentry County, Missouri","Local Government","NAICS 92219 Other justice and safety activities","County, NAICS 5-digit -- by ownership sector","All establishment sizes",1,0,0,0,0,0,0,0,"N",56.98,0,0,0,0,0,0,0,"N",0,0.0,0,0,0,0,0,0,0,0,0,0,0,0,0,0
"29075","3","92219","77","0","2016","2","N","Gentry County, Missouri","Local Government","NAICS 92219 Other justice and safety activities","County, NAICS 5-digit -- by ownership sector","All establishment sizes",1,0,0,0,0,0,0,0,"N",57.68,0,0,0,0,0,0,0,"N",0,0.0,0,0,0,0,0,0,0,0,0,0,0,0,0,0
"29075","3","92219","77","0","2016","3","N","Gentry County, Missouri","Local Government","NAICS 92219 Other justice and safety activities","County, NAICS 5-digit -- by ownership sector","All establishment sizes",1,0,0,0,0,0,0,0,"N",59.42,0,0,0,0,0,0,0,"N",0,0.0,0,0,0,0,0,0,0,0,0,0,0,0,0,0
"29075","3","92219","77","0","2016","4","N","Gentry County, Missouri","Local Government","NAICS 92219 Other justice and safety activities","County, NAICS 5-digit -- by ownership sector","All establishment sizes",1,0,0,0,0,0,0,0,"N",59.59,0,0,0,0,0,0,0,"N",0,0.0,0,0,0,0,0,0,0,0,0,0,0,0,0,0
"29075","3","922190","78","0","2016","1","N","Gentry County, Missouri","Local Government","NAICS 922190 Other justice and safety activities","County, NAICS 6-digit -- by ownership sector","All establishment sizes",1,0,0,0,0,0,0,0,"N",56.98,0,0,0,0,0,0,0,"N",0,0.0,0,0,0,0,0,0,0,0,0,0,0,0,0,0
"29075","3","922190","78","0","2016","2","N","Gentry County, Missouri","Local Government","NAICS 922190 Other justice and safety activities","County, NAICS 6-digit -- by ownership sector","All establishment sizes",1,0,0,0,0,0,0,0,"N",57.68,0,0,0,0,0,0,0,"N",0,0.0,0,0,0,0,0,0,0,0,0,0,0,0,0,0
"29075","3","922190","78","0","2016","3","N","Gentry County, Missouri","Local Government","NAICS 922190 Other justice and safety activities","County, NAICS 6-digit -- by ownership sector","All establishment sizes",1,0,0,0,0,0,0,0,"N",59.42,0,0,0,0,0,0,0,"N",0,0.0,0,0,0,0,0,0,0,0,0,0,0,0,0,0
"29075","3","922190","78","0","2016","4","N","Gentry County, Missouri","Local Government","NAICS 922190 Other justice and safety activities","County, NAICS 6-digit -- by ownership sector","All establishment sizes",1,0,0,0,0,0,0,0,"N",59.59,0,0,0,0,0,0,0,"N",0,0.0,0,0,0,0,0,0,0,0,0,0,0,0,0,0
"29075","3","924","75","0","2016","1","N","Gentry County, Missouri","Local Government","NAICS 924 Administration of environmental programs","County, NAICS 3-digit -- by ownership sector","All establishment sizes",1,0,0,0,0,0,0,0,"N",10.48,0,0,0,0,0,0,0,"N",0,0.0,0,0,0,0,0,0,0,0,0,0,0,0,0,0
"29075","3","924","75","0","2016","2","N","Gentry County, Missouri","Local Government","NAICS 924 Administration of environmental programs","County, NAICS 3-digit -- by ownership sector","All establishment sizes",1,0,0,0,0,0,0,0,"N",10.62,0,0,0,0,0,0,0,"N",0,0.0,0,0,0,0,0,0,0,0,0,0,0,0,0,0
"29075","3","924","75","0","2016","3","N","Gentry County, Missouri","Local Government","NAICS 924 Administration of environmental programs","County, NAICS 3-digit -- by ownership sector","All establishment sizes",1,0,0,0,0,0,0,0,"N",10.96,0,0,0,0,0,0,0,"N",0,0.0,0,0,0,0,0,0,0,0,0,0,0,0,0,0
"29075","3","924","75","0","2016","4","N","Gentry County, Missouri","Local Government","NAICS 924 Administration of environmental programs","County, NAICS 3-digit -- by ownership sector","All establishment sizes",1,0,0,0,0,0,0,0,"N",10.99,0,0,0,0,0,0,0,"N",0,0.0,0,0,0,0,0,0,0,0,0,0,0,0,0,0
"29075","3","9241","76","0","2016","1","N","Gentry County, Missouri","Local Government","NAICS 9241 Administration of environmental programs","County, NAICS 4-digit -- by ownership sector","All establishment sizes",1,0,0,0,0,0,0,0,"N",10.48,0,0,0,0,0,0,0,"N",0,0.0,0,0,0,0,0,0,0,0,0,0,0,0,0,0
"29075","3","9241","76","0","2016","2","N","Gentry County, Missouri","Local Government","NAICS 9241 Administration of environmental programs","County, NAICS 4-digit -- by ownership sector","All establishment sizes",1,0,0,0,0,0,0,0,"N",10.62,0,0,0,0,0,0,0,"N",0,0.0,0,0,0,0,0,0,0,0,0,0,0,0,0,0
"29075","3","9241","76","0","2016","3","N","Gentry County, Missouri","Local Government","NAICS 9241 Administration of environmental programs","County, NAICS 4-digit -- by ownership sector","All establishment sizes",1,0,0,0,0,0,0,0,"N",10.96,0,0,0,0,0,0,0,"N",0,0.0,0,0,0,0,0,0,0,0,0,0,0,0,0,0
"29075","3","9241","76","0","2016","4","N","Gentry County, Missouri","Local Government","NAICS 9241 Administration of environmental programs","County, NAICS 4-digit -- by ownership sector","All establishment sizes",1,0,0,0,0,0,0,0,"N",10.99,0,0,0,0,0,0,0,"N",0,0.0,0,0,0,0,0,0,0,0,0,0,0,0,0,0
"29075","3","92412","77","0","2016","1","N","Gentry County, Missouri","Local Government","NAICS 92412 Administration of conservation programs","County, NAICS 5-digit -- by ownership sector","All establishment sizes",1,0,0,0,0,0,0,0,"N",16.70,0,0,0,0,0,0,0,"N",0,0.0,0,0,0,0,0,0,0,0,0,0,0,0,0,0
"29075","3","92412","77","0","2016","2","N","Gentry County, Missouri","Local Government","NAICS 92412 Administration of conservation programs","County, NAICS 5-digit -- by ownership sector","All establishment sizes",1,0,0,0,0,0,0,0,"N",16.95,0,0,0,0,0,0,0,"N",0,0.0,0,0,0,0,0,0,0,0,0,0,0,0,0,0
"29075","3","92412","77","0","2016","3","N","Gentry County, Missouri","Local Government","NAICS 92412 Administration of conservation programs","County, NAICS 5-digit -- by ownership sector","All establishment sizes",1,0,0,0,0,0,0,0,"N",17.53,0,0,0,0,0,0,0,"N",0,0.0,0,0,0,0,0,0,0,0,0,0,0,0,0,0
"29075","3","92412","77","0","2016","4","N","Gentry County, Missouri","Local Government","NAICS 92412 Administration of conservation programs","County, NAICS 5-digit -- by ownership sector","All establishment sizes",1,0,0,0,0,0,0,0,"N",17.58,0,0,0,0,0,0,0,"N",0,0.0,0,0,0,0,0,0,0,0,0,0,0,0,0,0
"29075","3","924120","78","0","2016","1","N","Gentry County, Missouri","Local Government","NAICS 924120 Administration of conservation programs","County, NAICS 6-digit -- by ownership sector","All establishment sizes",1,0,0,0,0,0,0,0,"N",16.70,0,0,0,0,0,0,0,"N",0,0.0,0,0,0,0,0,0,0,0,0,0,0,0,0,0
"29075","3","924120","78","0","2016","2","N","Gentry County, Missouri","Local Government","NAICS 924120 Administration of conservation programs","County, NAICS 6-digit -- by ownership sector","All establishment sizes",1,0,0,0,0,0,0,0,"N",16.95,0,0,0,0,0,0,0,"N",0,0.0,0,0,0,0,0,0,0,0,0,0,0,0,0,0
"29075","3","924120","78","0","2016","3","N","Gentry County, Missouri","Local Government","NAICS 924120 Administration of conservation programs","County, NAICS 6-digit -- by ownership sector","All establishment sizes",1,0,0,0,0,0,0,0,"N",17.53,0,0,0,0,0,0,0,"N",0,0.0,0,0,0,0,0,0,0,0,0,0,0,0,0,0
"29075","3","924120","78","0","2016","4","N","Gentry County, Missouri","Local Government","NAICS 924120 Administration of conservation programs","County, NAICS 6-digit -- by ownership sector","All establishment sizes",1,0,0,0,0,0,0,0,"N",17.58,0,0,0,0,0,0,0,"N",0,0.0,0,0,0,0,0,0,0,0,0,0,0,0,0,0
"29075","3","926","75","0","2016","1","N","Gentry County, Missouri","Local Government","NAICS 926 Administration of economic programs","County, NAICS 3-digit -- by ownership sector","All establishment sizes",1,0,0,0,0,0,0,0,"N",14.97,0,0,0,0,0,0,0,"N",0,0.0,0,0,0,0,0,0,0,0,0,0,0,0,0,0
"29075","3","926","75","0","2016","2","N","Gentry County, Missouri","Local Government","NAICS 926 Administration of economic programs","County, NAICS 3-digit -- by ownership sector","All establishment sizes",1,0,0,0,0,0,0,0,"N",15.21,0,0,0,0,0,0,0,"N",0,0.0,0,0,0,0,0,0,0,0,0,0,0,0,0,0
"29075","3","926","75","0","2016","3","N","Gentry County, Missouri","Local Government","NAICS 926 Administration of economic programs","County, NAICS 3-digit -- by ownership sector","All establishment sizes",1,0,0,0,0,0,0,0,"N",15.63,0,0,0,0,0,0,0,"N",0,0.0,0,0,0,0,0,0,0,0,0,0,0,0,0,0
"29075","3","926","75","0","2016","4","N","Gentry County, Missouri","Local Government","NAICS 926 Administration of economic programs","County, NAICS 3-digit -- by ownership sector","All establishment sizes",1,0,0,0,0,0,0,0,"N",15.75,0,0,0,0,0,0,0,"N",0,0.0,0,0,0,0,0,0,0,0,0,0,0,0,0,0
"29075","3","9261","76","0","2016","1","N","Gentry County, Missouri","Local Government","NAICS 9261 Administration of economic programs","County, NAICS 4-digit -- by ownership sector","All establishment sizes",1,0,0,0,0,0,0,0,"N",14.97,0,0,0,0,0,0,0,"N",0,0.0,0,0,0,0,0,0,0,0,0,0,0,0,0,0
"29075","3","9261","76","0","2016","2","N","Gentry County, Missouri","Local Government","NAICS 9261 Administration of economic programs","County, NAICS 4-digit -- by ownership sector","All establishment sizes",1,0,0,0,0,0,0,0,"N",15.21,0,0,0,0,0,0,0,"N",0,0.0,0,0,0,0,0,0,0,0,0,0,0,0,0,0
"29075","3","9261","76","0","2016","3","N","Gentry County, Missouri","Local Government","NAICS 9261 Administration of economic programs","County, NAICS 4-digit -- by ownership sector","All establishment sizes",1,0,0,0,0,0,0,0,"N",15.63,0,0,0,0,0,0,0,"N",0,0.0,0,0,0,0,0,0,0,0,0,0,0,0,0,0
"29075","3","9261","76","0","2016","4","N","Gentry County, Missouri","Local Government","NAICS 9261 Administration of economic programs","County, NAICS 4-digit -- by ownership sector","All establishment sizes",1,0,0,0,0,0,0,0,"N",15.75,0,0,0,0,0,0,0,"N",0,0.0,0,0,0,0,0,0,0,0,0,0,0,0,0,0
"29075","3","92614","77","0","2016","1","N","Gentry County, Missouri","Local Government","NAICS 92614 Agricultural market and commodity regulation","County, NAICS 5-digit -- by ownership sector","All establishment sizes",1,0,0,0,0,0,0,0,"N",73.93,0,0,0,0,0,0,0,"N",0,0.0,0,0,0,0,0,0,0,0,0,0,0,0,0,0
"29075","3","92614","77","0","2016","2","N","Gentry County, Missouri","Local Government","NAICS 92614 Agricultural market and commodity regulation","County, NAICS 5-digit -- by ownership sector","All establishment sizes",1,0,0,0,0,0,0,0,"N",75.29,0,0,0,0,0,0,0,"N",0,0.0,0,0,0,0,0,0,0,0,0,0,0,0,0,0
"29075","3","92614","77","0","2016","3","N","Gentry County, Missouri","Local Government","NAICS 92614 Agricultural market and commodity regulation","County, NAICS 5-digit -- by ownership sector","All establishment sizes",1,0,0,0,0,0,0,0,"N",77.42,0,0,0,0,0,0,0,"N",0,0.0,0,0,0,0,0,0,0,0,0,0,0,0,0,0
"29075","3","92614","77","0","2016","4","N","Gentry County, Missouri","Local Government","NAICS 92614 Agricultural market and commodity regulation","County, NAICS 5-digit -- by ownership sector","All establishment sizes",1,0,0,0,0,0,0,0,"N",77.79,0,0,0,0,0,0,0,"N",0,0.0,0,0,0,0,0,0,0,0,0,0,0,0,0,0
"29075","3","926140","78","0","2016","1","N","Gentry County, Missouri","Local Government","NAICS 926140 Agricultural market and commodity regulation","County, NAICS 6-digit -- by ownership sector","All establishment sizes",1,0,0,0,0,0,0,0,"N",73.93,0,0,0,0,0,0,0,"N",0,0.0,0,0,0,0,0,0,0,0,0,0,0,0,0,0
"29075","3","926140","78","0","2016","2","N","Gentry County, Missouri","Local Government","NAICS 926140 Agricultural market and commodity regulation","County, NAICS 6-digit -- by ownership sector","All establishment sizes",1,0,0,0,0,0,0,0,"N",75.29,0,0,0,0,0,0,0,"N",0,0.0,0,0,0,0,0,0,0,0,0,0,0,0,0,0
"29075","3","926140","78","0","2016","3","N","Gentry County, Missouri","Local Government","NAICS 926140 Agricultural market and commodity regulation","County, NAICS 6-digit -- by ownership sector","All establishment sizes",1,0,0,0,0,0,0,0,"N",77.42,0,0,0,0,0,0,0,"N",0,0.0,0,0,0,0,0,0,0,0,0,0,0,0,0,0
"29075","3","926140","78","0","2016","4","N","Gentry County, Missouri","Local Government","NAICS 926140 Agricultural market and commodity regulation","County, NAICS 6-digit -- by ownership sector","All establishment sizes",1,0,0,0,0,0,0,0,"N",77.79,0,0,0,0,0,0,0,"N",0,0.0,0,0,0,0,0,0,0,0,0,0,0,0,0,0
"29075","5","10","71","0","2016","1","","Gentry County, Missouri","Private","10 Total, all industries","County, Total -- by ownership sector","All establishment sizes",196,1743,1741,1757,13284580,8769396,108616,585,"",0.85,0.94,0.95,0.95,0.95,0.97,0.97,1.01,"",-8,-3.9,-33,-1.9,-29,-1.6,-39,-2.2,5300,0.0,59738,0.7,-11969,-9.9,11,1.9
"29075","5","10","71","0","2016","2","","Gentry County, Missouri","Private","10 Total, all industries","County, Total -- by ownership sector","All establishment sizes",196,1802,1785,1783,13839013,5282116,71307,595,"",0.86,0.95,0.94,0.92,0.93,0.97,0.97,1.00,"",-1,-0.5,-17,-0.9,-44,-2.4,-45,-2.5,334072,2.5,4722,0.1,-8202,-10.3,26,4.6
"29075","5","10","71","0","2016","3","","Gentry County, Missouri","Private","10 Total, all industries","County, Total -- by ownership sector","All establishment sizes",191,1787,1816,1778,14718092,2793056,41020,631,"",0.86,0.97,0.98,0.94,0.99,0.99,0.98,1.03,"",-7,-3.5,-19,-1.1,-13,-0.7,3,0.2,402559,2.8,-133023,-4.5,-7859,-16.1,20,3.3
"29075","5","10","71","0","2016","4","","Gentry County, Missouri","Private","10 Total, all industries","County, Total -- by ownership sector","All establishment sizes",192,1759,1756,1746,15521698,1906179,28191,681,"",0.86,0.94,0.94,0.93,0.98,0.99,0.98,1.04,"",-5,-2.5,-40,-2.2,-35,-2.0,-29,-1.6,-327768,-2.1,-244694,-11.4,-6699,-19.2,-1,-0.1
"29075","5","101","72","0","2016","1","","Gentry County, Missouri","Private","101 Goods-producing","County, by Domain -- by ownership sector","All establishment sizes",35,286,284,291,2522253,2105080,26495,676,"",1.14,0.90,0.90,0.91,0.93,1.03,0.83,1.03,"",-1,-2.8,-2,-0.7,-4,-1.4,-7,-2.3,145104,6.1,-60002,-2.8,-3198,-10.8,48,7.6
"29075","5","101","72","0","2016","2","","Gentry County, Missouri","Private","101 Goods-producing","County, by Domain -- by ownership sector","All establishment sizes",35,300,291,295,2752149,1174477,16701,717,"",1.15,0.92,0.89,0.87,0.91,1.05,0.83,1.03,"",1,2.9,5,1.7,-6,-2.0,1,0.3,222648,8.8,107720,10.1,85,0.5,58,8.8
"29075","5","101","72","0","2016","3","","Gentry County, Missouri","Private","101 Goods-producing","County, by Domain -- by ownership sector","All establishment sizes",32,293,300,293,2908455,365385,6234,758,"",1.08,0.91,0.92,0.89,0.96,0.68,0.58,1.06,"",-3,-8.6,-5,-1.7,5,1.7,0,0.0,259191,9.8,-59568,-14.0,-3268,-34.4,68,9.9
"29075","5","101","72","0","2016","4","","Gentry County, Missouri","Private","101 Goods-producing","County, by Domain -- by ownership sector","All establishment sizes",31,289,287,297,3142868,208021,4150,831,"",1.04,0.89,0.90,0.93,0.98,0.64,0.63,1.08,"",-4,-11.4,-2,-0.7,-3,-1.0,11,3.8,26753,0.9,-111321,-34.9,-1741,-29.6,2,0.2
"29075","5","1011","73","0","2016","1","","Gentry County, Missouri","Private","1011 Natural resources and mining","County, by Supersector -- by ownership sector","All establishment sizes",7,56,54,56,583524,394481,6049,811,"",2.06,2.03,1.97,2.03,2.47,2.45,2.78,1.23,"",-1,-12.5,-13,-18.8,-16,-22.9,-20,-26.3,-2781,-0.5,-143117,-26.6,-1238,-17.0,182,28.9
"29075","5","1011","73","0","2016","2","","Gentry County, Missouri","Private","1011 Natural resources and mining","County, by Supersector -- by ownership sector","All establishment sizes",7,57,53,49,511197,249993,3899,742,"",2.10,1.93,1.75,1.54,2.09,2.20,1.94,1.20,"",-1,-12.5,-12,-17.4,-21,-28.4,-26,-34.7,-88284,-14.7,-47284,-15.9,-371,-8.7,107,16.9
"29075","5","1011","73","0","2016","3","","Gentry County, Missouri","Private","1011 Natural resources and mining","County, by Supersector -- by ownership sector","All establishment sizes",6,53,54,52,475197,107345,1757,690,"",1.85,1.76,1.80,1.71,1.97,1.63,1.37,1.12,"",-2,-25.0,-12,-18.5,-11,-16.9,-9,-14.8,-83190,-14.9,-7538,-6.6,-70,-3.8,15,2.2
"29075","5","1011","73","0","2016","4","","Gentry County, Missouri","Private","1011 Natural resources and mining","County, by Supersector -- by ownership sector","All establishment sizes",5,53,50,51,530594,69715,1211,795,"",1.54,1.79,1.79,1.90,2.15,1.70,1.57,1.18,"",-3,-37.5,-7,-11.7,-12,-19.4,-4,-7.3,-214702,-28.8,-12808,-15.5,-93,-7.1,-177,-18.2
"29075","5","1012","73","0","2016","1","N","Gentry County, Missouri","Private","1012 Construction","County, by Supersector -- by ownership sector","All establishment sizes",22,0,0,0,0,0,0,0,"N",1.17,0,0,0,0,0,0,0,"N",0,0.0,0,0,0,0,0,0,0,0,0,0,0,0,0,0
"29075","5","1012","73","0","2016","2","","Gentry County, Missouri","Private","1012 Construction","County, by Supersector -- by ownership sector","All establishment sizes",22,41,44,46,235937,166909,4879,416,"",1.17,0.39,0.42,0.42,0.26,0.40,0.47,0.63,"N",2,10.0,0,0,0,0,0,0,0,0,0,0,0,0,0,0
"29075","5","1012","73","0","2016","3","N","Gentry County, Missouri","Private","1012 Construction","County, by Supersector -- by ownership sector","All establishment sizes",20,0,0,0,0,0,0,0,"N",1.09,0,0,0,0,0,0,0,"N",-1,-4.8,0,0,0,0,0,0,0,0,0,0,0,0,0,0
"29075","5","1012","73","0","2016","4","N","Gentry County, Missouri","Private","1012 Construction","County, by Supersector -- by ownership sector","All establishment sizes",20,0,0,0,0,0,0,0,"N",1.09,0,0,0,0,0,0,0,"N",-1,-4.8,0,0,0,0,0,0,0,0,0,0,0,0,0,0
"29075","5","1013","73","0","2016","1","N","Gentry County, Missouri","Private","1013 Manufacturing","County, by Supersector -- by ownership sector","All establishment sizes",6,0,0,0,0,0,0,0,"N",0.71,0,0,0,0,0,0,0,"N",0,0.0,0,0,0,0,0,0,0,0,0,0,0,0,0,0
"29075","5","1013","73","0","2016","2","","Gentry County, Missouri","Private","1013 Manufacturing","County, by Supersector -- by ownership sector","All establishment sizes",6,202,194,200,2005015,757575,7923,776,"",0.72,1.04,1.01,1.01,1.08,1.30,1.02,1.06,"N",0,0.0,0,0,0,0,0,0,0,0,0,0,0,0,0,0
"29075","5","1013","73","0","2016","3","N","Gentry County, Missouri","Private","1013 Manufacturing","County, by Supersector -- by ownership sector","All establishment sizes",6,0,0,0,0,0,0,0,"N",0.74,0,0,0,0,0,0,0,"N",0,0.0,0,0,0,0,0,0,0,0,0,0,0,0,0,0
"29075","5","1013","73","0","2016","4","N","Gentry County, Missouri","Private","1013 Manufacturing","County, by Supersector -- by ownership sector","All establishment sizes",6,0,0,0,0,0,0,0,"N",0.74,0,0,0,0,0,0,0,"N",0,0.0,0,0,0,0,0,0,0,0,0,0,0,0,0,0
"29075","5","102","72","0","2016","1","","Gentry County, Missouri","Private","102 Service-providing","County, by Domain -- by ownership sector","All establishment sizes",161,1457,1457,1466,10762327,6664316,82121,567,"",0.81,0.95,0.96,0.96,0.96,0.96,1.02,1.00,"",-7,-4.2,-31,-2.1,-25,-1.7,-32,-2.1,-139804,-1.3,119740,1.8,-8771,-9.6,4,0.7
"29075","5","102","72","0","2016","2","","Gentry County, Missouri","Private","102 Service-providing","County, by Domain -- by ownership sector","All establishment sizes",161,1502,1494,1488,11086864,4107639,54606,571,"",0.82,0.96,0.95,0.93,0.94,0.95,1.02,0.99,"",-2,-1.2,-22,-1.4,-38,-2.5,-46,-3.0,111424,1.0,-102998,-2.4,-8287,-13.2,19,3.4
"29075","5","102","72","0","2016","3","","Gentry County, Missouri","Private","102 Service-providing","County, by Domain -- by ownership sector","All establishment sizes",159,1494,1516,1485,11809637,2427671,34786,606,"",0.82,0.99,0.99,0.95,1.00,1.06,1.12,1.02,"",-4,-2.5,-14,-0.9,-18,-1.2,3,0.2,143368,1.2,-73455,-2.9,-4591,-11.7,11,1.8
"29075","5","102","72","0","2016","4","","Gentry County, Missouri","Private","102 Service-providing","County, by Domain -- by ownership sector","All establishment sizes",161,1470,1469,1449,12378830,1698158,24041,651,"",0.83,0.96,0.95,0.93,0.98,1.07,1.08,1.03,"",-1,-0.6,-38,-2.5,-32,-2.1,-40,-2.7,-354521,-2.8,-133373,-7.3,-4958,-17.1,-2,-0.3
"29075","5","1021","73","0","2016","1","","Gentry County, Missouri","Private","1021 Trade, transportation, and utilities","County, by Supersector -- by ownership sector","All establishment sizes",56,426,430,435,3916331,3245406,42585,700,"",1.19,1.02,1.04,1.05,1.52,1.60,1.98,1.48,"",-5,-8.2,-30,-6.6,-23,-5.1,-28,-6.0,-29572,-0.7,-8212,-0.3,-4780,-10.1,36,5.4
"29075","5","1021","73","0","2016","2","","Gentry County, Missouri","Private","1021 Trade, transportation, and utilities","County, by Supersector -- by ownership sector","All establishment sizes",56,446,439,421,4065317,1648700,24185,718,"",1.20,1.06,1.04,0.97,1.44,1.28,1.68,1.41,"",-3,-5.1,-19,-4.1,-20,-4.4,-24,-5.4,-55303,-1.3,-147829,-8.2,-3218,-11.7,23,3.3
"29075","5","1021","73","0","2016","3","","Gentry County, Missouri","Private","1021 Trade, transportation, and utilities","County, by Supersector -- by ownership sector","All establishment sizes",56,421,446,434,4463066,884978,14870,792,"",1.24,1.03,1.08,1.04,1.60,1.38,1.99,1.52,"",-2,-3.4,-13,-3.0,2,0.5,1,0.2,238116,5.6,25072,2.9,429,3.0,48,6.5
"29075","5","1021","73","0","2016","4","","Gentry County, Missouri","Private","1021 Trade, transportation, and utilities","County, by Supersector -- by ownership sector","All establishment sizes",58,435,447,439,4349052,680039,10772,760,"",1.28,1.05,1.05,1.02,1.47,1.51,1.97,1.41,"",1,1.8,-5,-1.1,5,1.1,8,1.9,-282339,-6.1,27768,4.3,856,8.6,-54,-6.6
"29075","5","1022","73","0","2016","1","N","Gentry County, Missouri","Private","1022 Information","County, by Supersector -- by ownership sector","All establishment sizes",2,0,0,0,0,0,0,0,"N",0.52,0,0,0,0,0,0,0,"N",-1,-33.3,0,0,0,0,0,0,0,0,0,0,0,0,0,0
"29075","5","1022","73","0","2016","2","N","Gentry County, Missouri","Private","1022 Information","County, by Supersector -- by ownership sector","All establishment sizes",1,0,0,0,0,0,0,0,"N",0.26,0,0,0,0,0,0,0,"N",-2,-66.7,0,0,0,0,0,0,0,0,0,0,0,0,0,0
"29075","5","1022","73","0","2016","3","N","Gentry County, Missouri","Private","1022 Information","County, by Supersector -- by ownership sector","All establishment sizes",1,0,0,0,0,0,0,0,"N",0.27,0,0,0,0,0,0,0,"N",-2,-66.7,0,0,0,0,0,0,0,0,0,0,0,0,0,0
"29075","5","1022","73","0","2016","4","N","Gentry County, Missouri","Private","1022 Information","County, by Supersector -- by ownership sector","All establishment sizes",1,0,0,0,0,0,0,0,"N",0.27,0,0,0,0,0,0,0,"N",-1,-50.0,0,0,0,0,0,0,0,0,0,0,0,0,0,0
"29075","5","1023","73","0","2016","1","","Gentry County, Missouri","Private","1023 Financial activities","County, by Supersector -- by ownership sector","All establishment sizes",20,102,101,100,604956,519711,2669,461,"",0.95,0.83,0.82,0.81,0.32,0.63,0.28,0.39,"",-1,-4.8,-4,-3.8,-4,-3.8,-4,-3.8,-1503,-0.2,-3368,-0.6,-1245,-31.8,17,3.8
"29075","5","1023","73","0","2016","2","","Gentry County, Missouri","Private","1023 Financial activities","County, by Supersector -- by ownership sector","All establishment sizes",21,98,101,102,601189,285451,2014,461,"",1.01,0.78,0.81,0.80,0.40,0.87,0.53,0.51,"",1,5.0,-8,-7.5,-1,-1.0,-2,-1.9,18059,3.1,6458,2.3,-741,-26.9,30,7.0
"29075","5","1023","73","0","2016","3","","Gentry County, Missouri","Private","1023 Financial activities","County, by Supersector -- by ownership sector","All establishment sizes",21,112,100,102,655489,164051,1069,482,"",1.04,0.92,0.82,0.82,0.45,1.06,0.54,0.52,"",1,5.0,11,10.9,2,2.0,4,4.1,39181,6.4,11472,7.5,-301,-22.0,3,0.6
"29075","5","1023","73","0","2016","4","","Gentry County, Missouri","Private","1023 Financial activities","County, by Supersector -- by ownership sector","All establishment sizes",20,97,96,91,635307,95145,463,516,"",0.98,0.79,0.78,0.74,0.38,0.94,0.33,0.49,"",0,0.0,-5,-4.9,-3,-3.0,-11,-10.8,-52478,-7.6,-11959,-11.2,-300,-39.3,-8,-1.5
"29075","5","1024","73","0","2016","1","","Gentry County, Missouri","Private","1024 Professional and business services","County, by Supersector -- by ownership sector","All establishment sizes",14,70,67,74,496572,311890,4119,543,"",0.33,0.23,0.22,0.24,0.16,0.17,0.17,0.71,"N",2,16.7,0,0,0,0,0,0,0,0,0,0,0,0,0,0
"29075","5","1024","73","0","2016","2","","Gentry County, Missouri","Private","1024 Professional and business services","County, by Supersector -- by ownership sector","All establishment sizes",14,82,70,78,615455,227570,3125,618,"",0.33,0.26,0.22,0.24,0.19,0.23,0.20,0.79,"",2,16.7,11,15.5,-2,-2.8,11,16.4,60921,11.0,-5483,-2.4,-1086,-25.8,9,1.5
"29075","5","1024","73","0","2016","3","","Gentry County, Missouri","Private","1024 Professional and business services","County, by Supersector -- by ownership sector","All establishment sizes",14,79,81,74,549352,109789,2043,542,"",0.34,0.26,0.26,0.24,0.17,0.20,0.22,0.69,"",1,7.7,11,16.2,6,8.0,5,7.2,2836,0.5,-18542,-14.4,-908,-30.8,-53,-8.9
"29075","5","1024","73","0","2016","4","","Gentry County, Missouri","Private","1024 Professional and business services","County, by Supersector -- by ownership sector","All establishment sizes",15,71,65,67,608099,74455,1547,691,"",0.36,0.23,0.21,0.22,0.17,0.19,0.22,0.80,"N",1,7.1,0,0,0,0,0,0,0,0,0,0,0,0,0,0
"29075","5","1025","73","0","2016","1","","Gentry County, Missouri","Private","1025 Education and health services","County, by Supersector -- by ownership sector","All establishment sizes",42,688,702,699,4958385,1854945,26384,548,"",1.08,2.05,2.09,2.08,2.38,1.95,2.69,1.15,"",1,2.4,-6,-0.9,11,1.6,4,0.6,-128521,-2.5,99585,5.7,-2008,-7.1,-16,-2.8
"29075","5","1025","73","0","2016","2","","Gentry County, Missouri","Private","1025 Education and health services","County, by Supersector -- by ownership sector","All establishment sizes",43,710,707,710,4877408,1500141,20315,529,"",1.12,2.07,2.08,2.06,1.99,2.32,2.71,0.96,"",3,7.5,18,2.6,17,2.5,-5,-0.7,94969,2.0,59613,4.1,-1689,-7.7,3,0.6
"29075","5","1025","73","0","2016","3","","Gentry County, Missouri","Private","1025 Education and health services","County, by Supersector -- by ownership sector","All establishment sizes",42,714,717,720,5225664,992774,13691,561,"",1.12,2.20,2.18,2.13,2.11,2.96,3.38,0.97,"",0,0.0,-3,-0.4,-19,-2.6,14,2.0,-210078,-3.9,-62320,-5.9,-1712,-11.1,-20,-3.4
"29075","5","1025","73","0","2016","4","","Gentry County, Missouri","Private","1025 Education and health services","County, by Supersector -- by ownership sector","All establishment sizes",42,718,717,704,5964867,631592,7915,644,"",1.10,2.14,2.13,2.09,2.29,2.69,2.68,1.08,"",0,0.0,2,0.3,3,0.4,-2,-0.3,87919,1.5,-89097,-12.4,-4056,-33.9,9,1.4
"29075","5","1026","73","0","2016","1","","Gentry County, Missouri","Private","1026 Leisure and hospitality","County, by Supersector -- by ownership sector","All establishment sizes",14,108,94,92,214429,214429,3533,168,"",0.70,0.47,0.41,0.39,0.31,0.31,0.50,0.75,"",-3,-17.6,5,4.9,-12,-11.3,-17,-15.6,-4510,-2.1,-4510,-2.1,-392,-10.0,9,5.7
"29075","5","1026","73","0","2016","2","","Gentry County, Missouri","Private","1026 Leisure and hospitality","County, by Supersector -- by ownership sector","All establishment sizes",13,99,106,108,255717,246117,3736,189,"",0.65,0.40,0.43,0.42,0.31,0.34,0.44,0.75,"",-3,-18.8,-21,-17.5,-33,-23.7,-26,-19.4,-30930,-10.8,-37530,-13.2,-1274,-25.4,21,12.5
"29075","5","1026","73","0","2016","3","","Gentry County, Missouri","Private","1026 Leisure and hospitality","County, by Supersector -- by ownership sector","All establishment sizes",12,100,99,87,225969,194595,2639,182,"",0.62,0.41,0.40,0.35,0.27,0.43,0.46,0.69,"",-2,-14.3,-23,-18.7,-17,-14.7,-27,-23.7,-31886,-12.4,-54877,-22.0,-2217,-45.7,13,7.7
"29075","5","1026","73","0","2016","4","","Gentry County, Missouri","Private","1026 Leisure and hospitality","County, by Supersector -- by ownership sector","All establishment sizes",12,80,83,81,220112,170614,3073,208,"",0.62,0.34,0.35,0.34,0.25,0.57,0.85,0.74,"",-2,-14.3,-33,-29.2,-33,-28.4,-39,-32.5,-59082,-21.2,-36068,-17.5,-958,-23.8,23,12.4
"29075","5","1027","73","0","2016","1","N","Gentry County, Missouri","Private","1027 Other services","County, by Supersector -- by ownership sector","All establishment sizes",13,0,0,0,0,0,0,0,"N",0.64,0,0,0,0,0,0,0,"N",0,0.0,0,0,0,0,0,0,0,0,0,0,0,0,0,0
"29075","5","1027","73","0","2016","2","N","Gentry County, Missouri","Private","1027 Other services","County, by Supersector -- by ownership sector","All establishment sizes",13,0,0,0,0,0,0,0,"N",0.65,0,0,0,0,0,0,0,"N",0,0.0,0,0,0,0,0,0,0,0,0,0,0,0,0,0
"29075","5","1027","73","0","2016","3","N","Gentry County, Missouri","Private","1027 Other services","County, by Supersector -- by ownership sector","All establishment sizes",13,0,0,0,0,0,0,0,"N",0.66,0,0,0,0,0,0,0,"N",0,0.0,0,0,0,0,0,0,0,0,0,0,0,0,0,0
"29075","5","1027","73","0","2016","4","N","Gentry County, Missouri","Private","1027 Other services","County, by Supersector -- by ownership sector","All establishment sizes",13,0,0,0,0,0,0,0,"N",0.66,0,0,0,0,0,0,0,"N",0,0.0,0,0,0,0,0,0,0,0,0,0,0,0,0,0
"29075","5","11","74","0","2016","1","","Gentry County, Missouri","Private","NAICS 11 Agriculture, forestry, fishing and hunting","County, NAICS Sector -- by ownership sector","All establishment sizes",7,56,54,56,583524,394481,6049,811,"",2.76,3.26,3.11,3.14,7.77,4.99,5.41,2.45,"",-1,-12.5,-13,-18.8,-16,-22.9,-20,-26.3,-2781,-0.5,-143117,-26.6,-1238,-17.0,182,28.9
"29075","5","11","74","0","2016","2","","Gentry County, Missouri","Private","NAICS 11 Agriculture, forestry, fishing and hunting","County, NAICS Sector -- by ownership sector","All establishment sizes",7,57,53,49,511197,249993,3899,742,"",2.80,2.87,2.56,2.22,4.99,2.89,2.47,1.96,"",-1,-12.5,-12,-17.4,-21,-28.4,-26,-34.7,-88284,-14.7,-47284,-15.9,-371,-8.7,107,16.9
"29075","5","11","74","0","2016","3","","Gentry County, Missouri","Private","NAICS 11 Agriculture, forestry, fishing and hunting","County, NAICS Sector -- by ownership sector","All establishment sizes",6,53,54,52,475197,107345,1757,690,"",2.45,2.52,2.60,2.45,4.45,1.98,1.68,1.76,"",-2,-25.0,-12,-18.5,-11,-16.9,-9,-14.8,-83190,-14.9,-7538,-6.6,-70,-3.8,15,2.2
"29075","5","11","74","0","2016","4","","Gentry County, Missouri","Private","NAICS 11 Agriculture, forestry, fishing and hunting","County, NAICS Sector -- by ownership sector","All establishment sizes",5,53,50,51,530594,69715,1211,795,"",2.04,2.60,2.66,2.91,5.13,2.14,2.01,1.89,"",-3,-37.5,-7,-11.7,-12,-19.4,-4,-7.3,-214702,-28.8,-12808,-15.5,-93,-7.1,-177,-18.2
"29075","5","111","75","0","2016","1","N","Gentry County, Missouri","Private","NAICS 111 Crop production","County, NAICS 3-digit -- by ownership sector","All establishment sizes",2,0,0,0,0,0,0,0,"N",1.73,0,0,0,0,0,0,0,"N",-1,-33.3,0,0,0,0,0,0,0,0,0,0,0,0,0,0
"29075","5","111","75","0","2016","2","N","Gentry County, Missouri","Private","NAICS 111 Crop production","County, NAICS 3-digit -- by ownership sector","All establishment sizes",2,0,0,0,0,0,0,0,"N",1.75,0,0,0,0,0,0,0,"N",-1,-33.3,0,0,0,0,0,0,0,0,0,0,0,0,0,0
"29075","5","111","75","0","2016","3","N","Gentry County, Missouri","Private","NAICS 111 Crop production","County, NAICS 3-digit -- by ownership sector","All establishment sizes",2,0,0,0,0,0,0,0,"N",1.79,0,0,0,0,0,0,0,"N",-1,-33.3,0,0,0,0,0,0,0,0,0,0,0,0,0,0
"29075","5","111","75","0","2016","4","N","Gentry County, Missouri","Private","NAICS 111 Crop production","County, NAICS 3-digit -- by ownership sector","All establishment sizes",1,0,0,0,0,0,0,0,"N",0.90,0,0,0,0,0,0,0,"N",-2,-66.7,0,0,0,0,0,0,0,0,0,0,0,0,0,0
"29075","5","1111","76","0","2016","1","N","Gentry County, Missouri","Private","NAICS 1111 Oilseed and grain farming","County, NAICS 4-digit -- by ownership sector","All establishment sizes",2,0,0,0,0,0,0,0,"N",6.58,0,0,0,0,0,0,0,"N",0,0.0,0,0,0,0,0,0,0,0,0,0,0,0,0,0
"29075","5","1111","76","0","2016","2","N","Gentry County, Missouri","Private","NAICS 1111 Oilseed and grain farming","County, NAICS 4-digit -- by ownership sector","All establishment sizes",2,0,0,0,0,0,0,0,"N",6.68,0,0,0,0,0,0,0,"N",0,0.0,0,0,0,0,0,0,0,0,0,0,0,0,0,0
"29075","5","1111","76","0","2016","3","N","Gentry County, Missouri","Private","NAICS 1111 Oilseed and grain farming","County, NAICS 4-digit -- by ownership sector","All establishment sizes",2,0,0,0,0,0,0,0,"N",6.82,0,0,0,0,0,0,0,"N",0,0.0,0,0,0,0,0,0,0,0,0,0,0,0,0,0
"29075","5","1111","76","0","2016","4","N","Gentry County, Missouri","Private","NAICS 1111 Oilseed and grain farming","County, NAICS 4-digit -- by ownership sector","All establishment sizes",1,0,0,0,0,0,0,0,"N",3.40,0,0,0,0,0,0,0,"N",-1,-50.0,0,0,0,0,0,0,0,0,0,0,0,0,0,0
"29075","5","11119","77","0","2016","1","N","Gentry County, Missouri","Private","NAICS 11119 Other grain farming","County, NAICS 5-digit -- by ownership sector","All establishment sizes",2,0,0,0,0,0,0,0,"N",16.23,0,0,0,0,0,0,0,"N",0,0.0,0,0,0,0,0,0,0,0,0,0,0,0,0,0
"29075","5","11119","77","0","2016","2","N","Gentry County, Missouri","Private","NAICS 11119 Other grain farming","County, NAICS 5-digit -- by ownership sector","All establishment sizes",2,0,0,0,0,0,0,0,"N",16.45,0,0,0,0,0,0,0,"N",0,0.0,0,0,0,0,0,0,0,0,0,0,0,0,0,0
"29075","5","11119","77","0","2016","3","N","Gentry County, Missouri","Private","NAICS 11119 Other grain farming","County, NAICS 5-digit -- by ownership sector","All establishment sizes",2,0,0,0,0,0,0,0,"N",16.74,0,0,0,0,0,0,0,"N",0,0.0,0,0,0,0,0,0,0,0,0,0,0,0,0,0
"29075","5","11119","77","0","2016","4","N","Gentry County, Missouri","Private","NAICS 11119 Other grain farming","County, NAICS 5-digit -- by ownership sector","All establishment sizes",1,0,0,0,0,0,0,0,"N",8.32,0,0,0,0,0,0,0,"N",-1,-50.0,0,0,0,0,0,0,0,0,0,0,0,0,0,0
"29075","5","111191","78","0","2016","1","N","Gentry County, Missouri","Private","NAICS 111191 Oilseed and grain combination farming","County, NAICS 6-digit -- by ownership sector","All establishment sizes",2,0,0,0,0,0,0,0,"N",20.48,0,0,0,0,0,0,0,"N",0,0.0,0,0,0,0,0,0,0,0,0,0,0,0,0,0
"29075","5","111191","78","0","2016","2","N","Gentry County, Missouri","Private","NAICS 111191 Oilseed and grain combination farming","County, NAICS 6-digit -- by ownership sector","All establishment sizes",2,0,0,0,0,0,0,0,"N",20.71,0,0,0,0,0,0,0,"N",0,0.0,0,0,0,0,0,0,0,0,0,0,0,0,0,0
"29075","5","111191","78","0","2016","3","N","Gentry County, Missouri","Private","NAICS 111191 Oilseed and grain combination farming","County, NAICS 6-digit -- by ownership sector","All establishment sizes",2,0,0,0,0,0,0,0,"N",21.07,0,0,0,0,0,0,0,"N",0,0.0,0,0,0,0,0,0,0,0,0,0,0,0,0,0
"29075","5","111191","78","0","2016","4","N","Gentry County, Missouri","Private","NAICS 111191 Oilseed and grain combination farming","County, NAICS 6-digit -- by ownership sector","All establishment sizes",1,0,0,0,0,0,0,0,"N",10.47,0,0,0,0,0,0,0,"N",-1,-50.0,0,0,0,0,0,0,0,0,0,0,0,0,0,0
"29075","5","112","75","0","2016","1","N","Gentry County, Missouri","Private","NAICS 112 Animal production and aquaculture","County, NAICS 3-digit -- by ownership sector","All establishment sizes",5,0,0,0,0,0,0,0,"N",8.06,0,0,0,0,0,0,0,"N",0,0.0,0,0,0,0,0,0,0,0,0,0,0,0,0,0
"29075","5","112","75","0","2016","2","N","Gentry County, Missouri","Private","NAICS 112 Animal production and aquaculture","County, NAICS 3-digit -- by ownership sector","All establishment sizes",5,0,0,0,0,0,0,0,"N",8.17,0,0,0,0,0,0,0,"N",0,0.0,0,0,0,0,0,0,0,0,0,0,0,0,0,0
"29075","5","112","75","0","2016","3","N","Gentry County, Missouri","Private","NAICS 112 Animal production and aquaculture","County, NAICS 3-digit -- by ownership sector","All establishment sizes",4,0,0,0,0,0,0,0,"N",6.70,0,0,0,0,0,0,0,"N",-1,-20.0,0,0,0,0,0,0,0,0,0,0,0,0,0,0
"29075","5","112","75","0","2016","4","N","Gentry County, Missouri","Private","NAICS 112 Animal production and aquaculture","County, NAICS 3-digit -- by ownership sector","All establishment sizes",4,0,0,0,0,0,0,0,"N",6.70,0,0,0,0,0,0,0,"N",-1,-20.0,0,0,0,0,0,0,0,0,0,0,0,0,0,0
"29075","5","1121","76","0","2016","1","N","Gentry County, Missouri","Private","NAICS 1121 Cattle ranching and farming","County, NAICS 4-digit -- by ownership sector","All establishment sizes",2,0,0,0,0,0,0,0,"N",4.91,0,0,0,0,0,0,0,"N",0,0.0,0,0,0,0,0,0,0,0,0,0,0,0,0,0
"29075","5","1121","76","0","2016","2","N","Gentry County, Missouri","Private","NAICS 1121 Cattle ranching and farming","County, NAICS 4-digit -- by ownership sector","All establishment sizes",2,0,0,0,0,0,0,0,"N",4.97,0,0,0,0,0,0,0,"N",0,0.0,0,0,0,0,0,0,0,0,0,0,0,0,0,0
"29075","5","1121","76","0","2016","3","N","Gentry County, Missouri","Private","NAICS 1121 Cattle ranching and farming","County, NAICS 4-digit -- by ownership sector","All establishment sizes",2,0,0,0,0,0,0,0,"N",5.10,0,0,0,0,0,0,0,"N",0,0.0,0,0,0,0,0,0,0,0,0,0,0,0,0,0
"29075","5","1121","76","0","2016","4","N","Gentry County, Missouri","Private","NAICS 1121 Cattle ranching and farming","County, NAICS 4-digit -- by ownership sector","All establishment sizes",2,0,0,0,0,0,0,0,"N",5.10,0,0,0,0,0,0,0,"N",0,0.0,0,0,0,0,0,0,0,0,0,0,0,0,0,0
"29075","5","11211","77","0","2016","1","N","Gentry County, Missouri","Private","NAICS 11211 Beef cattle ranching, farming, and feedlots","County, NAICS 5-digit -- by ownership sector","All establishment sizes",2,0,0,0,0,0,0,0,"N",8.64,0,0,0,0,0,0,0,"N",0,0.0,0,0,0,0,0,0,0,0,0,0,0,0,0,0
"29075","5","11211","77","0","2016","2","N","Gentry County, Missouri","Private","NAICS 11211 Beef cattle ranching, farming, and feedlots","County, NAICS 5-digit -- by ownership sector","All establishment sizes",2,0,0,0,0,0,0,0,"N",8.72,0,0,0,0,0,0,0,"N",0,0.0,0,0,0,0,0,0,0,0,0,0,0,0,0,0
"29075","5","11211","77","0","2016","3","N","Gentry County, Missouri","Private","NAICS 11211 Beef cattle ranching, farming, and feedlots","County, NAICS 5-digit -- by ownership sector","All establishment sizes",2,0,0,0,0,0,0,0,"N",8.92,0,0,0,0,0,0,0,"N",0,0.0,0,0,0,0,0,0,0,0,0,0,0,0,0,0
"29075","5","11211","77","0","2016","4","N","Gentry County, Missouri","Private","NAICS 11211 Beef cattle ranching, farming, and feedlots","County, NAICS 5-digit -- by ownership sector","All establishment sizes",2,0,0,0,0,0,0,0,"N",8.90,0,0,0,0,0,0,0,"N",0,0.0,0,0,0,0,0,0,0,0,0,0,0,0,0,0
"29075","5","112111","78","0","2016","1","N","Gentry County, Missouri","Private","NAICS 112111 Beef cattle ranching and farming","County, NAICS 6-digit -- by ownership sector","All establishment sizes",2,0,0,0,0,0,0,0,"N",9.80,0,0,0,0,0,0,0,"N",0,0.0,0,0,0,0,0,0,0,0,0,0,0,0,0,0
"29075","5","112111","78","0","2016","2","N","Gentry County, Missouri","Private","NAICS 112111 Beef cattle ranching and farming","County, NAICS 6-digit -- by ownership sector","All establishment sizes",2,0,0,0,0,0,0,0,"N",9.88,0,0,0,0,0,0,0,"N",0,0.0,0,0,0,0,0,0,0,0,0,0,0,0,0,0
"29075","5","112111","78","0","2016","3","N","Gentry County, Missouri","Private","NAICS 112111 Beef cattle ranching and farming","County, NAICS 6-digit -- by ownership sector","All establishment sizes",2,0,0,0,0,0,0,0,"N",10.10,0,0,0,0,0,0,0,"N",0,0.0,0,0,0,0,0,0,0,0,0,0,0,0,0,0
"29075","5","112111","78","0","2016","4","N","Gentry County, Missouri","Private","NAICS 112111 Beef cattle ranching and farming","County, NAICS 6-digit -- by ownership sector","All establishment sizes",2,0,0,0,0,0,0,0,"N",10.06,0,0,0,0,0,0,0,"N",0,0.0,0,0,0,0,0,0,0,0,0,0,0,0,0,0
"29075","5","1122","76","0","2016","1","N","Gentry County, Missouri","Private","NAICS 1122 Hog and pig farming","County, NAICS 4-digit -- by ownership sector","All establishment sizes",3,0,0,0,0,0,0,0,"N",51.11,0,0,0,0,0,0,0,"N",0,0.0,0,0,0,0,0,0,0,0,0,0,0,0,0,0
"29075","5","1122","76","0","2016","2","N","Gentry County, Missouri","Private","NAICS 1122 Hog and pig farming","County, NAICS 4-digit -- by ownership sector","All establishment sizes",3,0,0,0,0,0,0,0,"N",52.19,0,0,0,0,0,0,0,"N",0,0.0,0,0,0,0,0,0,0,0,0,0,0,0,0,0
"29075","5","1122","76","0","2016","3","N","Gentry County, Missouri","Private","NAICS 1122 Hog and pig farming","County, NAICS 4-digit -- by ownership sector","All establishment sizes",2,0,0,0,0,0,0,0,"N",35.80,0,0,0,0,0,0,0,"N",-1,-33.3,0,0,0,0,0,0,0,0,0,0,0,0,0,0
"29075","5","1122","76","0","2016","4","N","Gentry County, Missouri","Private","NAICS 1122 Hog and pig farming","County, NAICS 4-digit -- by ownership sector","All establishment sizes",2,0,0,0,0,0,0,0,"N",35.68,0,0,0,0,0,0,0,"N",-1,-33.3,0,0,0,0,0,0,0,0,0,0,0,0,0,0
"29075","5","11221","77","0","2016","1","N","Gentry County, Missouri","Private","NAICS 11221 Hog and pig farming","County, NAICS 5-digit -- by ownership sector","All establishment sizes",3,0,0,0,0,0,0,0,"N",51.11,0,0,0,0,0,0,0,"N",0,0.0,0,0,0,0,0,0,0,0,0,0,0,0,0,0
"29075","5","11221","77","0","2016","2","N","Gentry County, Missouri","Private","NAICS 11221 Hog and pig farming","County, NAICS 5-digit -- by ownership sector","All establishment sizes",3,0,0,0,0,0,0,0,"N",52.19,0,0,0,0,0,0,0,"N",0,0.0,0,0,0,0,0,0,0,0,0,0,0,0,0,0
"29075","5","11221","77","0","2016","3","N","Gentry County, Missouri","Private","NAICS 11221 Hog and pig farming","County, NAICS 5-digit -- by ownership sector","All establishment sizes",2,0,0,0,0,0,0,0,"N",35.80,0,0,0,0,0,0,0,"N",-1,-33.3,0,0,0,0,0,0,0,0,0,0,0,0,0,0
"29075","5","11221","77","0","2016","4","N","Gentry County, Missouri","Private","NAICS 11221 Hog and pig farming","County, NAICS 5-digit -- by ownership sector","All establishment sizes",2,0,0,0,0,0,0,0,"N",35.68,0,0,0,0,0,0,0,"N",-1,-33.3,0,0,0,0,0,0,0,0,0,0,0,0,0,0
"29075","5","112210","78","0","2016","1","N","Gentry County, Missouri","Private","NAICS 112210 Hog and pig farming","County, NAICS 6-digit -- by ownership sector","All establishment sizes",3,0,0,0,0,0,0,0,"N",51.11,0,0,0,0,0,0,0,"N",0,0.0,0,0,0,0,0,0,0,0,0,0,0,0,0,0
"29075","5","112210","78","0","2016","2","N","Gentry County, Missouri","Private","NAICS 112210 Hog and pig farming","County, NAICS 6-digit -- by ownership sector","All establishment sizes",3,0,0,0,0,0,0,0,"N",52.19,0,0,0,0,0,0,0,"N",0,0.0,0,0,0,0,0,0,0,0,0,0,0,0,0,0
"29075","5","112210","78","0","2016","3","N","Gentry County, Missouri","Private","NAICS 112210 Hog and pig farming","County, NAICS 6-digit -- by ownership sector","All establishment sizes",2,0,0,0,0,0,0,0,"N",35.80,0,0,0,0,0,0,0,"N",-1,-33.3,0,0,0,0,0,0,0,0,0,0,0,0,0,0
"29075","5","112210","78","0","2016","4","N","Gentry County, Missouri","Private","NAICS 112210 Hog and pig farming","County, NAICS 6-digit -- by ownership sector","All establishment sizes",2,0,0,0,0,0,0,0,"N",35.68,0,0,0,0,0,0,0,"N",-1,-33.3,0,0,0,0,0,0,0,0,0,0,0,0,0,0
"29075","5","22","74","0","2016","1","N","Gentry County, Missouri","Private","NAICS 22 Utilities","County, NAICS Sector -- by ownership sector","All establishment sizes",1,0,0,0,0,0,0,0,"N",2.30,0,0,0,0,0,0,0,"N",0,0.0,0,0,0,0,0,0,0,0,0,0,0,0,0,0
"29075","5","22","74","0","2016","2","N","Gentry County, Missouri","Private","NAICS 22 Utilities","County, NAICS Sector -- by ownership sector","All establishment sizes",1,0,0,0,0,0,0,0,"N",2.33,0,0,0,0,0,0,0,"N",0,0.0,0,0,0,0,0,0,0,0,0,0,0,0,0,0
"29075","5","22","74","0","2016","3","N","Gentry County, Missouri","Private","NAICS 22 Utilities","County, NAICS Sector -- by ownership sector","All establishment sizes",1,0,0,0,0,0,0,0,"N",2.40,0,0,0,0,0,0,0,"N",0,0.0,0,0,0,0,0,0,0,0,0,0,0,0,0,0
"29075","5","22","74","0","2016","4","N","Gentry County, Missouri","Private","NAICS 22 Utilities","County, NAICS Sector -- by ownership sector","All establishment sizes",1,0,0,0,0,0,0,0,"N",2.40,0,0,0,0,0,0,0,"N",0,0.0,0,0,0,0,0,0,0,0,0,0,0,0,0,0
"29075","5","221","75","0","2016","1","N","Gentry County, Missouri","Private","NAICS 221 Utilities","County, NAICS 3-digit -- by ownership sector","All establishment sizes",1,0,0,0,0,0,0,0,"N",2.30,0,0,0,0,0,0,0,"N",0,0.0,0,0,0,0,0,0,0,0,0,0,0,0,0,0
"29075","5","221","75","0","2016","2","N","Gentry County, Missouri","Private","NAICS 221 Utilities","County, NAICS 3-digit -- by ownership sector","All establishment sizes",1,0,0,0,0,0,0,0,"N",2.33,0,0,0,0,0,0,0,"N",0,0.0,0,0,0,0,0,0,0,0,0,0,0,0,0,0
"29075","5","221","75","0","2016","3","N","Gentry County, Missouri","Private","NAICS 221 Utilities","County, NAICS 3-digit -- by ownership sector","All establishment sizes",1,0,0,0,0,0,0,0,"N",2.40,0,0,0,0,0,0,0,"N",0,0.0,0,0,0,0,0,0,0,0,0,0,0,0,0,0
"29075","5","221","75","0","2016","4","N","Gentry County, Missouri","Private","NAICS 221 Utilities","County, NAICS 3-digit -- by ownership sector","All establishment sizes",1,0,0,0,0,0,0,0,"N",2.40,0,0,0,0,0,0,0,"N",0,0.0,0,0,0,0,0,0,0,0,0,0,0,0,0,0
"29075","5","2213","76","0","2016","1","N","Gentry County, Missouri","Private","NAICS 2213 Water, sewage and other systems","County, NAICS 4-digit -- by ownership sector","All establishment sizes",1,0,0,0,0,0,0,0,"N",7.09,0,0,0,0,0,0,0,"N",0,0.0,0,0,0,0,0,0,0,0,0,0,0,0,0,0
"29075","5","2213","76","0","2016","2","N","Gentry County, Missouri","Private","NAICS 2213 Water, sewage and other systems","County, NAICS 4-digit -- by ownership sector","All establishment sizes",1,0,0,0,0,0,0,0,"N",7.17,0,0,0,0,0,0,0,"N",0,0.0,0,0,0,0,0,0,0,0,0,0,0,0,0,0
"29075","5","2213","76","0","2016","3","N","Gentry County, Missouri","Private","NAICS 2213 Water, sewage and other systems","County, NAICS 4-digit -- by ownership sector","All establishment sizes",1,0,0,0,0,0,0,0,"N",7.36,0,0,0,0,0,0,0,"N",0,0.0,0,0,0,0,0,0,0,0,0,0,0,0,0,0
"29075","5","2213","76","0","2016","4","N","Gentry County, Missouri","Private","NAICS 2213 Water, sewage and other systems","County, NAICS 4-digit -- by ownership sector","All establishment sizes",1,0,0,0,0,0,0,0,"N",7.37,0,0,0,0,0,0,0,"N",0,0.0,0,0,0,0,0,0,0,0,0,0,0,0,0,0
"29075","5","22131","77","0","2016","1","N","Gentry County, Missouri","Private","NAICS 22131 Water supply and irrigation systems","County, NAICS 5-digit -- by ownership sector","All establishment sizes",1,0,0,0,0,0,0,0,"N",8.20,0,0,0,0,0,0,0,"N",0,0.0,0,0,0,0,0,0,0,0,0,0,0,0,0,0
"29075","5","22131","77","0","2016","2","N","Gentry County, Missouri","Private","NAICS 22131 Water supply and irrigation systems","County, NAICS 5-digit -- by ownership sector","All establishment sizes",1,0,0,0,0,0,0,0,"N",8.31,0,0,0,0,0,0,0,"N",0,0.0,0,0,0,0,0,0,0,0,0,0,0,0,0,0
"29075","5","22131","77","0","2016","3","N","Gentry County, Missouri","Private","NAICS 22131 Water supply and irrigation systems","County, NAICS 5-digit -- by ownership sector","All establishment sizes",1,0,0,0,0,0,0,0,"N",8.53,0,0,0,0,0,0,0,"N",0,0.0,0,0,0,0,0,0,0,0,0,0,0,0,0,0
"29075","5","22131","77","0","2016","4","N","Gentry County, Missouri","Private","NAICS 22131 Water supply and irrigation systems","County, NAICS 5-digit -- by ownership sector","All establishment sizes",1,0,0,0,0,0,0,0,"N",8.53,0,0,0,0,0,0,0,"N",0,0.0,0,0,0,0,0,0,0,0,0,0,0,0,0,0
"29075","5","221310","78","0","2016","1","N","Gentry County, Missouri","Private","NAICS 221310 Water supply and irrigation systems","County, NAICS 6-digit -- by ownership sector","All establishment sizes",1,0,0,0,0,0,0,0,"N",8.20,0,0,0,0,0,0,0,"N",0,0.0,0,0,0,0,0,0,0,0,0,0,0,0,0,0
"29075","5","221310","78","0","2016","2","N","Gentry County, Missouri","Private","NAICS 221310 Water supply and irrigation systems","County, NAICS 6-digit -- by ownership sector","All establishment sizes",1,0,0,0,0,0,0,0,"N",8.31,0,0,0,0,0,0,0,"N",0,0.0,0,0,0,0,0,0,0,0,0,0,0,0,0,0
"29075","5","221310","78","0","2016","3","N","Gentry County, Missouri","Private","NAICS 221310 Water supply and irrigation systems","County, NAICS 6-digit -- by ownership sector","All establishment sizes",1,0,0,0,0,0,0,0,"N",8.53,0,0,0,0,0,0,0,"N",0,0.0,0,0,0,0,0,0,0,0,0,0,0,0,0,0
"29075","5","221310","78","0","2016","4","N","Gentry County, Missouri","Private","NAICS 221310 Water supply and irrigation systems","County, NAICS 6-digit -- by ownership sector","All establishment sizes",1,0,0,0,0,0,0,0,"N",8.53,0,0,0,0,0,0,0,"N",0,0.0,0,0,0,0,0,0,0,0,0,0,0,0,0,0
"29075","5","23","74","0","2016","1","N","Gentry County, Missouri","Private","NAICS 23 Construction","County, NAICS Sector -- by ownership sector","All establishment sizes",22,0,0,0,0,0,0,0,"N",1.17,0,0,0,0,0,0,0,"N",0,0.0,0,0,0,0,0,0,0,0,0,0,0,0,0,0
"29075","5","23","74","0","2016","2","","Gentry County, Missouri","Private","NAICS 23 Construction","County, NAICS Sector -- by ownership sector","All establishment sizes",22,41,44,46,235937,166909,4879,416,"",1.17,0.39,0.42,0.42,0.26,0.40,0.47,0.63,"N",2,10.0,0,0,0,0,0,0,0,0,0,0,0,0,0,0
"29075","5","23","74","0","2016","3","N","Gentry County, Missouri","Private","NAICS 23 Construction","County, NAICS Sector -- by ownership sector","All establishment sizes",20,0,0,0,0,0,0,0,"N",1.09,0,0,0,0,0,0,0,"N",-1,-4.8,0,0,0,0,0,0,0,0,0,0,0,0,0,0
"29075","5","23","74","0","2016","4","N","Gentry County, Missouri","Private","NAICS 23 Construction","County, NAICS Sector -- by ownership sector","All establishment sizes",20,0,0,0,0,0,0,0,"N",1.09,0,0,0,0,0,0,0,"N",-1,-4.8,0,0,0,0,0,0,0,0,0,0,0,0,0,0
"29075","5","236","75","0","2016","1","","Gentry County, Missouri","Private","NAICS 236 Construction of buildings","County, NAICS 3-digit -- by ownership sector","All establishment sizes",7,16,19,15,94277,94277,2172,435,"",1.24,0.72,0.86,0.67,0.50,0.65,0.76,0.67,"",0,0.0,0,0.0,2,11.8,-1,-6.2,8959,10.5,8959,10.5,-42,-1.9,33,8.2
"29075","5","236","75","0","2016","2","N","Gentry County, Missouri","Private","NAICS 236 Construction of buildings","County, NAICS 3-digit -- by ownership sector","All establishment sizes",7,0,0,0,0,0,0,0,"N",1.24,0,0,0,0,0,0,0,"N",1,16.7,0,0,0,0,0,0,0,0,0,0,0,0,0,0
"29075","5","236","75","0","2016","3","","Gentry County, Missouri","Private","NAICS 236 Construction of buildings","County, NAICS 3-digit -- by ownership sector","All establishment sizes",7,13,14,12,86032,27631,534,509,"",1.26,0.56,0.60,0.51,0.39,0.57,0.46,0.70,"",1,16.7,-2,-13.3,-2,-12.5,-3,-20.0,-475,-0.5,-13489,-32.8,-272,-33.7,75,17.3
"29075","5","236","75","0","2016","4","N","Gentry County, Missouri","Private","NAICS 236 Construction of buildings","County, NAICS 3-digit -- by ownership sector","All establishment sizes",7,0,0,0,0,0,0,0,"N",1.26,0,0,0,0,0,0,0,"N",1,16.7,0,0,0,0,0,0,0,0,0,0,0,0,0,0
"29075","5","2361","76","0","2016","1","N","Gentry County, Missouri","Private","NAICS 2361 Residential building construction","County, NAICS 4-digit -- by ownership sector","All establishment sizes",4,0,0,0,0,0,0,0,"N",0.92,0,0,0,0,0,0,0,"N",0,0.0,0,0,0,0,0,0,0,0,0,0,0,0,0,0
"29075","5","2361","76","0","2016","2","","Gentry County, Missouri","Private","NAICS 2361 Residential building construction","County, NAICS 4-digit -- by ownership sector","All establishment sizes",4,12,11,12,63862,51692,1263,421,"",0.92,1.07,0.97,1.01,0.73,1.19,1.61,0.72,"N",1,33.3,0,0,0,0,0,0,0,0,0,0,0,0,0,0
"29075","5","2361","76","0","2016","3","N","Gentry County, Missouri","Private","NAICS 2361 Residential building construction","County, NAICS 4-digit -- by ownership sector","All establishment sizes",4,0,0,0,0,0,0,0,"N",0.94,0,0,0,0,0,0,0,"N",1,33.3,0,0,0,0,0,0,0,0,0,0,0,0,0,0
"29075","5","2361","76","0","2016","4","","Gentry County, Missouri","Private","NAICS 2361 Residential building construction","County, NAICS 4-digit -- by ownership sector","All establishment sizes",4,9,9,16,59409,21247,596,403,"",0.93,0.79,0.79,1.41,0.59,1.26,1.86,0.59,"",1,33.3,-2,-18.2,-3,-25.0,4,33.3,-8753,-12.8,-7145,-25.2,38,6.8,-46,-10.2
"29075","5","23611","77","0","2016","1","N","Gentry County, Missouri","Private","NAICS 23611 Residential building construction","County, NAICS 5-digit -- by ownership sector","All establishment sizes",4,0,0,0,0,0,0,0,"N",0.92,0,0,0,0,0,0,0,"N",0,0.0,0,0,0,0,0,0,0,0,0,0,0,0,0,0
"29075","5","23611","77","0","2016","2","","Gentry County, Missouri","Private","NAICS 23611 Residential building construction","County, NAICS 5-digit -- by ownership sector","All establishment sizes",4,12,11,12,63862,51692,1263,421,"",0.92,1.07,0.97,1.01,0.73,1.19,1.61,0.72,"N",1,33.3,0,0,0,0,0,0,0,0,0,0,0,0,0,0
"29075","5","23611","77","0","2016","3","N","Gentry County, Missouri","Private","NAICS 23611 Residential building construction","County, NAICS 5-digit -- by ownership sector","All establishment sizes",4,0,0,0,0,0,0,0,"N",0.94,0,0,0,0,0,0,0,"N",1,33.3,0,0,0,0,0,0,0,0,0,0,0,0,0,0
"29075","5","23611","77","0","2016","4","","Gentry County, Missouri","Private","NAICS 23611 Residential building construction","County, NAICS 5-digit -- by ownership sector","All establishment sizes",4,9,9,16,59409,21247,596,403,"",0.93,0.79,0.79,1.41,0.59,1.26,1.86,0.59,"",1,33.3,-2,-18.2,-3,-25.0,4,33.3,-8753,-12.8,-7145,-25.2,38,6.8,-46,-10.2
"29075","5","236115","78","0","2016","1","N","Gentry County, Missouri","Private","NAICS 236115 New single-family general contractors","County, NAICS 6-digit -- by ownership sector","All establishment sizes",3,0,0,0,0,0,0,0,"N",1.50,0,0,0,0,0,0,0,"N",1,50.0,0,0,0,0,0,0,0,0,0,0,0,0,0,0
"29075","5","236115","78","0","2016","2","N","Gentry County, Missouri","Private","NAICS 236115 New single-family general contractors","County, NAICS 6-digit -- by ownership sector","All establishment sizes",3,0,0,0,0,0,0,0,"N",1.50,0,0,0,0,0,0,0,"N",1,50.0,0,0,0,0,0,0,0,0,0,0,0,0,0,0
"29075","5","236115","78","0","2016","3","N","Gentry County, Missouri","Private","NAICS 236115 New single-family general contractors","County, NAICS 6-digit -- by ownership sector","All establishment sizes",3,0,0,0,0,0,0,0,"N",1.52,0,0,0,0,0,0,0,"N",1,50.0,0,0,0,0,0,0,0,0,0,0,0,0,0,0
"29075","5","236115","78","0","2016","4","N","Gentry County, Missouri","Private","NAICS 236115 New single-family general contractors","County, NAICS 6-digit -- by ownership sector","All establishment sizes",3,0,0,0,0,0,0,0,"N",1.51,0,0,0,0,0,0,0,"N",1,50.0,0,0,0,0,0,0,0,0,0,0,0,0,0,0
"29075","5","236118","78","0","2016","1","N","Gentry County, Missouri","Private","NAICS 236118 Residential remodelers","County, NAICS 6-digit -- by ownership sector","All establishment sizes",1,0,0,0,0,0,0,0,"N",0.47,0,0,0,0,0,0,0,"N",-1,-50.0,0,0,0,0,0,0,0,0,0,0,0,0,0,0
"29075","5","236118","78","0","2016","2","N","Gentry County, Missouri","Private","NAICS 236118 Residential remodelers","County, NAICS 6-digit -- by ownership sector","All establishment sizes",1,0,0,0,0,0,0,0,"N",0.47,0,0,0,0,0,0,0,"N",0,0.0,0,0,0,0,0,0,0,0,0,0,0,0,0,0
"29075","5","236118","78","0","2016","3","N","Gentry County, Missouri","Private","NAICS 236118 Residential remodelers","County, NAICS 6-digit -- by ownership sector","All establishment sizes",1,0,0,0,0,0,0,0,"N",0.48,0,0,0,0,0,0,0,"N",0,0.0,0,0,0,0,0,0,0,0,0,0,0,0,0,0
"29075","5","236118","78","0","2016","4","N","Gentry County, Missouri","Private","NAICS 236118 Residential remodelers","County, NAICS 6-digit -- by ownership sector","All establishment sizes",1,0,0,0,0,0,0,0,"N",0.47,0,0,0,0,0,0,0,"N",0,0.0,0,0,0,0,0,0,0,0,0,0,0,0,0,0
"29075","5","2362","76","0","2016","1","N","Gentry County, Missouri","Private","NAICS 2362 Nonresidential building construction","County, NAICS 4-digit -- by ownership sector","All establishment sizes",3,0,0,0,0,0,0,0,"N",2.27,0,0,0,0,0,0,0,"N",0,0.0,0,0,0,0,0,0,0,0,0,0,0,0,0,0
"29075","5","2362","76","0","2016","2","N","Gentry County, Missouri","Private","NAICS 2362 Nonresidential building construction","County, NAICS 4-digit -- by ownership sector","All establishment sizes",3,0,0,0,0,0,0,0,"N",2.29,0,0,0,0,0,0,0,"N",0,0.0,0,0,0,0,0,0,0,0,0,0,0,0,0,0
"29075","5","2362","76","0","2016","3","N","Gentry County, Missouri","Private","NAICS 2362 Nonresidential building construction","County, NAICS 4-digit -- by ownership sector","All establishment sizes",3,0,0,0,0,0,0,0,"N",2.34,0,0,0,0,0,0,0,"N",0,0.0,0,0,0,0,0,0,0,0,0,0,0,0,0,0
"29075","5","2362","76","0","2016","4","N","Gentry County, Missouri","Private","NAICS 2362 Nonresidential building construction","County, NAICS 4-digit -- by ownership sector","All establishment sizes",3,0,0,0,0,0,0,0,"N",2.33,0,0,0,0,0,0,0,"N",0,0.0,0,0,0,0,0,0,0,0,0,0,0,0,0,0
"29075","5","23621","77","0","2016","1","N","Gentry County, Missouri","Private","NAICS 23621 Industrial building construction","County, NAICS 5-digit -- by ownership sector","All establishment sizes",1,0,0,0,0,0,0,0,"N",6.60,0,0,0,0,0,0,0,"N",0,0.0,0,0,0,0,0,0,0,0,0,0,0,0,0,0
"29075","5","23621","77","0","2016","2","N","Gentry County, Missouri","Private","NAICS 23621 Industrial building construction","County, NAICS 5-digit -- by ownership sector","All establishment sizes",1,0,0,0,0,0,0,0,"N",6.63,0,0,0,0,0,0,0,"N",0,0.0,0,0,0,0,0,0,0,0,0,0,0,0,0,0
"29075","5","23621","77","0","2016","3","N","Gentry County, Missouri","Private","NAICS 23621 Industrial building construction","County, NAICS 5-digit -- by ownership sector","All establishment sizes",1,0,0,0,0,0,0,0,"N",6.77,0,0,0,0,0,0,0,"N",0,0.0,0,0,0,0,0,0,0,0,0,0,0,0,0,0
"29075","5","23621","77","0","2016","4","N","Gentry County, Missouri","Private","NAICS 23621 Industrial building construction","County, NAICS 5-digit -- by ownership sector","All establishment sizes",1,0,0,0,0,0,0,0,"N",6.73,0,0,0,0,0,0,0,"N",0,0.0,0,0,0,0,0,0,0,0,0,0,0,0,0,0
"29075","5","236210","78","0","2016","1","N","Gentry County, Missouri","Private","NAICS 236210 Industrial building construction","County, NAICS 6-digit -- by ownership sector","All establishment sizes",1,0,0,0,0,0,0,0,"N",6.60,0,0,0,0,0,0,0,"N",0,0.0,0,0,0,0,0,0,0,0,0,0,0,0,0,0
"29075","5","236210","78","0","2016","2","N","Gentry County, Missouri","Private","NAICS 236210 Industrial building construction","County, NAICS 6-digit -- by ownership sector","All establishment sizes",1,0,0,0,0,0,0,0,"N",6.63,0,0,0,0,0,0,0,"N",0,0.0,0,0,0,0,0,0,0,0,0,0,0,0,0,0
"29075","5","236210","78","0","2016","3","N","Gentry County, Missouri","Private","NAICS 236210 Industrial building construction","County, NAICS 6-digit -- by ownership sector","All establishment sizes",1,0,0,0,0,0,0,0,"N",6.77,0,0,0,0,0,0,0,"N",0,0.0,0,0,0,0,0,0,0,0,0,0,0,0,0,0
"29075","5","236210","78","0","2016","4","N","Gentry County, Missouri","Private","NAICS 236210 Industrial building construction","County, NAICS 6-digit -- by ownership sector","All establishment sizes",1,0,0,0,0,0,0,0,"N",6.73,0,0,0,0,0,0,0,"N",0,0.0,0,0,0,0,0,0,0,0,0,0,0,0,0,0
"29075","5","23622","77","0","2016","1","N","Gentry County, Missouri","Private","NAICS 23622 Commercial building construction","County, NAICS 5-digit -- by ownership sector","All establishment sizes",2,0,0,0,0,0,0,0,"N",1.71,0,0,0,0,0,0,0,"N",0,0.0,0,0,0,0,0,0,0,0,0,0,0,0,0,0
"29075","5","23622","77","0","2016","2","N","Gentry County, Missouri","Private","NAICS 23622 Commercial building construction","County, NAICS 5-digit -- by ownership sector","All establishment sizes",2,0,0,0,0,0,0,0,"N",1.72,0,0,0,0,0,0,0,"N",0,0.0,0,0,0,0,0,0,0,0,0,0,0,0,0,0
"29075","5","23622","77","0","2016","3","N","Gentry County, Missouri","Private","NAICS 23622 Commercial building construction","County, NAICS 5-digit -- by ownership sector","All establishment sizes",2,0,0,0,0,0,0,0,"N",1.76,0,0,0,0,0,0,0,"N",0,0.0,0,0,0,0,0,0,0,0,0,0,0,0,0,0
"29075","5","23622","77","0","2016","4","N","Gentry County, Missouri","Private","NAICS 23622 Commercial building construction","County, NAICS 5-digit -- by ownership sector","All establishment sizes",2,0,0,0,0,0,0,0,"N",1.76,0,0,0,0,0,0,0,"N",0,0.0,0,0,0,0,0,0,0,0,0,0,0,0,0,0
"29075","5","236220","78","0","2016","1","N","Gentry County, Missouri","Private","NAICS 236220 Commercial building construction","County, NAICS 6-digit -- by ownership sector","All establishment sizes",2,0,0,0,0,0,0,0,"N",1.71,0,0,0,0,0,0,0,"N",0,0.0,0,0,0,0,0,0,0,0,0,0,0,0,0,0
"29075","5","236220","78","0","2016","2","N","Gentry County, Missouri","Private","NAICS 236220 Commercial building construction","County, NAICS 6-digit -- by ownership sector","All establishment sizes",2,0,0,0,0,0,0,0,"N",1.72,0,0,0,0,0,0,0,"N",0,0.0,0,0,0,0,0,0,0,0,0,0,0,0,0,0
"29075","5","236220","78","0","2016","3","N","Gentry County, Missouri","Private","NAICS 236220 Commercial building construction","County, NAICS 6-digit -- by ownership sector","All establishment sizes",2,0,0,0,0,0,0,0,"N",1.76,0,0,0,0,0,0,0,"N",0,0.0,0,0,0,0,0,0,0,0,0,0,0,0,0,0
"29075","5","236220","78","0","2016","4","N","Gentry County, Missouri","Private","NAICS 236220 Commercial building construction","County, NAICS 6-digit -- by ownership sector","All establishment sizes",2,0,0,0,0,0,0,0,"N",1.76,0,0,0,0,0,0,0,"N",0,0.0,0,0,0,0,0,0,0,0,0,0,0,0,0,0
"29075","5","237","75","0","2016","1","N","Gentry County, Missouri","Private","NAICS 237 Heavy and civil engineering construction","County, NAICS 3-digit -- by ownership sector","All establishment sizes",2,0,0,0,0,0,0,0,"N",1.62,0,0,0,0,0,0,0,"N",0,0.0,0,0,0,0,0,0,0,0,0,0,0,0,0,0
"29075","5","237","75","0","2016","2","N","Gentry County, Missouri","Private","NAICS 237 Heavy and civil engineering construction","County, NAICS 3-digit -- by ownership sector","All establishment sizes",2,0,0,0,0,0,0,0,"N",1.64,0,0,0,0,0,0,0,"N",0,0.0,0,0,0,0,0,0,0,0,0,0,0,0,0,0
"29075","5","237","75","0","2016","3","N","Gentry County, Missouri","Private","NAICS 237 Heavy and civil engineering construction","County, NAICS 3-digit -- by ownership sector","All establishment sizes",2,0,0,0,0,0,0,0,"N",1.68,0,0,0,0,0,0,0,"N",0,0.0,0,0,0,0,0,0,0,0,0,0,0,0,0,0
"29075","5","237","75","0","2016","4","N","Gentry County, Missouri","Private","NAICS 237 Heavy and civil engineering construction","County, NAICS 3-digit -- by ownership sector","All establishment sizes",2,0,0,0,0,0,0,0,"N",1.68,0,0,0,0,0,0,0,"N",0,0.0,0,0,0,0,0,0,0,0,0,0,0,0,0,0
"29075","5","2371","76","0","2016","1","N","Gentry County, Missouri","Private","NAICS 2371 Utility system construction","County, NAICS 4-digit -- by ownership sector","All establishment sizes",1,0,0,0,0,0,0,0,"N",1.62,0,0,0,0,0,0,0,"N",0,0.0,0,0,0,0,0,0,0,0,0,0,0,0,0,0
"29075","5","2371","76","0","2016","2","N","Gentry County, Missouri","Private","NAICS 2371 Utility system construction","County, NAICS 4-digit -- by ownership sector","All establishment sizes",1,0,0,0,0,0,0,0,"N",1.64,0,0,0,0,0,0,0,"N",0,0.0,0,0,0,0,0,0,0,0,0,0,0,0,0,0
"29075","5","2371","76","0","2016","3","N","Gentry County, Missouri","Private","NAICS 2371 Utility system construction","County, NAICS 4-digit -- by ownership sector","All establishment sizes",1,0,0,0,0,0,0,0,"N",1.68,0,0,0,0,0,0,0,"N",0,0.0,0,0,0,0,0,0,0,0,0,0,0,0,0,0
"29075","5","2371","76","0","2016","4","N","Gentry County, Missouri","Private","NAICS 2371 Utility system construction","County, NAICS 4-digit -- by ownership sector","All establishment sizes",1,0,0,0,0,0,0,0,"N",1.69,0,0,0,0,0,0,0,"N",0,0.0,0,0,0,0,0,0,0,0,0,0,0,0,0,0
"29075","5","23713","77","0","2016","1","N","Gentry County, Missouri","Private","NAICS 23713 Power and communication system construction","County, NAICS 5-digit -- by ownership sector","All establishment sizes",1,0,0,0,0,0,0,0,"N",4.53,0,0,0,0,0,0,0,"N",0,0.0,0,0,0,0,0,0,0,0,0,0,0,0,0,0
"29075","5","23713","77","0","2016","2","N","Gentry County, Missouri","Private","NAICS 23713 Power and communication system construction","County, NAICS 5-digit -- by ownership sector","All establishment sizes",1,0,0,0,0,0,0,0,"N",4.57,0,0,0,0,0,0,0,"N",0,0.0,0,0,0,0,0,0,0,0,0,0,0,0,0,0
"29075","5","23713","77","0","2016","3","N","Gentry County, Missouri","Private","NAICS 23713 Power and communication system construction","County, NAICS 5-digit -- by ownership sector","All establishment sizes",1,0,0,0,0,0,0,0,"N",4.67,0,0,0,0,0,0,0,"N",0,0.0,0,0,0,0,0,0,0,0,0,0,0,0,0,0
"29075","5","23713","77","0","2016","4","N","Gentry County, Missouri","Private","NAICS 23713 Power and communication system construction","County, NAICS 5-digit -- by ownership sector","All establishment sizes",1,0,0,0,0,0,0,0,"N",4.67,0,0,0,0,0,0,0,"N",0,0.0,0,0,0,0,0,0,0,0,0,0,0,0,0,0
"29075","5","237130","78","0","2016","1","N","Gentry County, Missouri","Private","NAICS 237130 Power and communication system construction","County, NAICS 6-digit -- by ownership sector","All establishment sizes",1,0,0,0,0,0,0,0,"N",4.53,0,0,0,0,0,0,0,"N",0,0.0,0,0,0,0,0,0,0,0,0,0,0,0,0,0
"29075","5","237130","78","0","2016","2","N","Gentry County, Missouri","Private","NAICS 237130 Power and communication system construction","County, NAICS 6-digit -- by ownership sector","All establishment sizes",1,0,0,0,0,0,0,0,"N",4.57,0,0,0,0,0,0,0,"N",0,0.0,0,0,0,0,0,0,0,0,0,0,0,0,0,0
"29075","5","237130","78","0","2016","3","N","Gentry County, Missouri","Private","NAICS 237130 Power and communication system construction","County, NAICS 6-digit -- by ownership sector","All establishment sizes",1,0,0,0,0,0,0,0,"N",4.67,0,0,0,0,0,0,0,"N",0,0.0,0,0,0,0,0,0,0,0,0,0,0,0,0,0
"29075","5","237130","78","0","2016","4","N","Gentry County, Missouri","Private","NAICS 237130 Power and communication system construction","County, NAICS 6-digit -- by ownership sector","All establishment sizes",1,0,0,0,0,0,0,0,"N",4.67,0,0,0,0,0,0,0,"N",0,0.0,0,0,0,0,0,0,0,0,0,0,0,0,0,0
"29075","5","2379","76","0","2016","1","N","Gentry County, Missouri","Private","NAICS 2379 Other heavy construction","County, NAICS 4-digit -- by ownership sector","All establishment sizes",1,0,0,0,0,0,0,0,"N",5.18,0,0,0,0,0,0,0,"N",0,0.0,0,0,0,0,0,0,0,0,0,0,0,0,0,0
"29075","5","2379","76","0","2016","2","N","Gentry County, Missouri","Private","NAICS 2379 Other heavy construction","County, NAICS 4-digit -- by ownership sector","All establishment sizes",1,0,0,0,0,0,0,0,"N",5.22,0,0,0,0,0,0,0,"N",0,0.0,0,0,0,0,0,0,0,0,0,0,0,0,0,0
"29075","5","2379","76","0","2016","3","N","Gentry County, Missouri","Private","NAICS 2379 Other heavy construction","County, NAICS 4-digit -- by ownership sector","All establishment sizes",1,0,0,0,0,0,0,0,"N",5.35,0,0,0,0,0,0,0,"N",0,0.0,0,0,0,0,0,0,0,0,0,0,0,0,0,0
"29075","5","2379","76","0","2016","4","N","Gentry County, Missouri","Private","NAICS 2379 Other heavy construction","County, NAICS 4-digit -- by ownership sector","All establishment sizes",1,0,0,0,0,0,0,0,"N",5.35,0,0,0,0,0,0,0,"N",0,0.0,0,0,0,0,0,0,0,0,0,0,0,0,0,0
"29075","5","23799","77","0","2016","1","N","Gentry County, Missouri","Private","NAICS 23799 Other heavy construction","County, NAICS 5-digit -- by ownership sector","All establishment sizes",1,0,0,0,0,0,0,0,"N",5.18,0,0,0,0,0,0,0,"N",0,0.0,0,0,0,0,0,0,0,0,0,0,0,0,0,0
"29075","5","23799","77","0","2016","2","N","Gentry County, Missouri","Private","NAICS 23799 Other heavy construction","County, NAICS 5-digit -- by ownership sector","All establishment sizes",1,0,0,0,0,0,0,0,"N",5.22,0,0,0,0,0,0,0,"N",0,0.0,0,0,0,0,0,0,0,0,0,0,0,0,0,0
"29075","5","23799","77","0","2016","3","N","Gentry County, Missouri","Private","NAICS 23799 Other heavy construction","County, NAICS 5-digit -- by ownership sector","All establishment sizes",1,0,0,0,0,0,0,0,"N",5.35,0,0,0,0,0,0,0,"N",0,0.0,0,0,0,0,0,0,0,0,0,0,0,0,0,0
"29075","5","23799","77","0","2016","4","N","Gentry County, Missouri","Private","NAICS 23799 Other heavy construction","County, NAICS 5-digit -- by ownership sector","All establishment sizes",1,0,0,0,0,0,0,0,"N",5.35,0,0,0,0,0,0,0,"N",0,0.0,0,0,0,0,0,0,0,0,0,0,0,0,0,0
"29075","5","237990","78","0","2016","1","N","Gentry County, Missouri","Private","NAICS 237990 Other heavy construction","County, NAICS 6-digit -- by ownership sector","All establishment sizes",1,0,0,0,0,0,0,0,"N",5.18,0,0,0,0,0,0,0,"N",0,0.0,0,0,0,0,0,0,0,0,0,0,0,0,0,0
"29075","5","237990","78","0","2016","2","N","Gentry County, Missouri","Private","NAICS 237990 Other heavy construction","County, NAICS 6-digit -- by ownership sector","All establishment sizes",1,0,0,0,0,0,0,0,"N",5.22,0,0,0,0,0,0,0,"N",0,0.0,0,0,0,0,0,0,0,0,0,0,0,0,0,0
"29075","5","237990","78","0","2016","3","N","Gentry County, Missouri","Private","NAICS 237990 Other heavy construction","County, NAICS 6-digit -- by ownership sector","All establishment sizes",1,0,0,0,0,0,0,0,"N",5.35,0,0,0,0,0,0,0,"N",0,0.0,0,0,0,0,0,0,0,0,0,0,0,0,0,0
"29075","5","237990","78","0","2016","4","N","Gentry County, Missouri","Private","NAICS 237990 Other heavy construction","County, NAICS 6-digit -- by ownership sector","All establishment sizes",1,0,0,0,0,0,0,0,"N",5.35,0,0,0,0,0,0,0,"N",0,0.0,0,0,0,0,0,0,0,0,0,0,0,0,0,0
"29075","5","238","75","0","2016","1","","Gentry County, Missouri","Private","NAICS 238 Specialty trade contractors","County, NAICS 3-digit -- by ownership sector","All establishment sizes",13,20,21,22,84753,84753,1863,310,"",1.09,0.32,0.34,0.35,0.19,0.22,0.24,0.58,"",0,0.0,1,5.3,5,31.2,-4,-15.4,440,0.5,440,0.5,131,7.6,-9,-2.8
"29075","5","238","75","0","2016","2","","Gentry County, Missouri","Private","NAICS 238 Specialty trade contractors","County, NAICS 3-digit -- by ownership sector","All establishment sizes",13,23,27,28,110736,89762,2550,328,"",1.09,0.35,0.40,0.40,0.21,0.34,0.41,0.54,"",1,8.3,-4,-14.8,1,3.8,-2,-6.7,-19687,-15.1,-19045,-17.5,-246,-8.8,-35,-9.6
"29075","5","238","75","0","2016","3","","Gentry County, Missouri","Private","NAICS 238 Specialty trade contractors","County, NAICS 3-digit -- by ownership sector","All establishment sizes",11,27,28,25,121878,66208,1872,352,"",0.95,0.41,0.42,0.37,0.22,0.47,0.52,0.55,"",-2,-15.4,-10,-27.0,-5,-15.2,-2,-7.4,-29995,-19.8,-36323,-35.4,-2377,-55.9,-9,-2.5
"29075","5","238","75","0","2016","4","","Gentry County, Missouri","Private","NAICS 238 Specialty trade contractors","County, NAICS 3-digit -- by ownership sector","All establishment sizes",11,24,22,22,116393,41626,1414,395,"",0.94,0.36,0.33,0.34,0.19,0.46,0.63,0.57,"",-2,-15.4,-2,-7.7,-3,-12.0,-1,-4.3,-2086,-1.8,-5340,-11.4,-510,-26.5,26,7.0
"29075","5","2381","76","0","2016","1","N","Gentry County, Missouri","Private","NAICS 2381 Building foundation and exterior contractors","County, NAICS 4-digit -- by ownership sector","All establishment sizes",3,0,0,0,0,0,0,0,"N",1.28,0,0,0,0,0,0,0,"N",0,0.0,0,0,0,0,0,0,0,0,0,0,0,0,0,0
"29075","5","2381","76","0","2016","2","N","Gentry County, Missouri","Private","NAICS 2381 Building foundation and exterior contractors","County, NAICS 4-digit -- by ownership sector","All establishment sizes",3,0,0,0,0,0,0,0,"N",1.28,0,0,0,0,0,0,0,"N",0,0.0,0,0,0,0,0,0,0,0,0,0,0,0,0,0
"29075","5","2381","76","0","2016","3","N","Gentry County, Missouri","Private","NAICS 2381 Building foundation and exterior contractors","County, NAICS 4-digit -- by ownership sector","All establishment sizes",2,0,0,0,0,0,0,0,"N",0.87,0,0,0,0,0,0,0,"N",-1,-33.3,0,0,0,0,0,0,0,0,0,0,0,0,0,0
"29075","5","2381","76","0","2016","4","N","Gentry County, Missouri","Private","NAICS 2381 Building foundation and exterior contractors","County, NAICS 4-digit -- by ownership sector","All establishment sizes",2,0,0,0,0,0,0,0,"N",0.87,0,0,0,0,0,0,0,"N",-1,-33.3,0,0,0,0,0,0,0,0,0,0,0,0,0,0
"29075","5","23811","77","0","2016","1","N","Gentry County, Missouri","Private","NAICS 23811 Poured concrete structure contractors","County, NAICS 5-digit -- by ownership sector","All establishment sizes",1,0,0,0,0,0,0,0,"N",2.19,0,0,0,0,0,0,0,"N",0,0.0,0,0,0,0,0,0,0,0,0,0,0,0,0,0
"29075","5","23811","77","0","2016","2","N","Gentry County, Missouri","Private","NAICS 23811 Poured concrete structure contractors","County, NAICS 5-digit -- by ownership sector","All establishment sizes",1,0,0,0,0,0,0,0,"N",2.19,0,0,0,0,0,0,0,"N",0,0.0,0,0,0,0,0,0,0,0,0,0,0,0,0,0
"29075","5","23811","77","0","2016","3","-","Gentry County, Missouri","Private","NAICS 23811 Poured concrete structure contractors","County, NAICS 5-digit -- by ownership sector","All establishment sizes",0,0,0,0,0,0,0,0,"N",0.00,0,0,0,0,0,0,0,"N",-1,-100.0,0,0,0,0,0,0,0,0,0,0,0,0,0,0
"29075","5","23811","77","0","2016","4","-","Gentry County, Missouri","Private","NAICS 23811 Poured concrete structure contractors","County, NAICS 5-digit -- by ownership sector","All establishment sizes",0,0,0,0,0,0,0,0,"N",0.00,0,0,0,0,0,0,0,"N",-1,-100.0,0,0,0,0,0,0,0,0,0,0,0,0,0,0
"29075","5","238112","78","0","2016","1","N","Gentry County, Missouri","Private","NAICS 238112 Nonresidential poured foundation contractors","County, NAICS 6-digit -- by ownership sector","All establishment sizes",1,0,0,0,0,0,0,0,"N",7.27,0,0,0,0,0,0,0,"N",0,0.0,0,0,0,0,0,0,0,0,0,0,0,0,0,0
"29075","5","238112","78","0","2016","2","N","Gentry County, Missouri","Private","NAICS 238112 Nonresidential poured foundation contractors","County, NAICS 6-digit -- by ownership sector","All establishment sizes",1,0,0,0,0,0,0,0,"N",7.43,0,0,0,0,0,0,0,"N",0,0.0,0,0,0,0,0,0,0,0,0,0,0,0,0,0
"29075","5","238112","78","0","2016","3","-","Gentry County, Missouri","Private","NAICS 238112 Nonresidential poured foundation contractors","County, NAICS 6-digit -- by ownership sector","All establishment sizes",0,0,0,0,0,0,0,0,"N",0.00,0,0,0,0,0,0,0,"N",-1,-100.0,0,0,0,0,0,0,0,0,0,0,0,0,0,0
"29075","5","238112","78","0","2016","4","-","Gentry County, Missouri","Private","NAICS 238112 Nonresidential poured foundation contractors","County, NAICS 6-digit -- by ownership sector","All establishment sizes",0,0,0,0,0,0,0,0,"N",0.00,0,0,0,0,0,0,0,"N",-1,-100.0,0,0,0,0,0,0,0,0,0,0,0,0,0,0
"29075","5","23816","77","0","2016","1","N","Gentry County, Missouri","Private","NAICS 23816 Roofing contractors","County, NAICS 5-digit -- by ownership sector","All establishment sizes",2,0,0,0,0,0,0,0,"N",3.87,0,0,0,0,0,0,0,"N",0,0.0,0,0,0,0,0,0,0,0,0,0,0,0,0,0
"29075","5","23816","77","0","2016","2","N","Gentry County, Missouri","Private","NAICS 23816 Roofing contractors","County, NAICS 5-digit -- by ownership sector","All establishment sizes",2,0,0,0,0,0,0,0,"N",3.90,0,0,0,0,0,0,0,"N",0,0.0,0,0,0,0,0,0,0,0,0,0,0,0,0,0
"29075","5","23816","77","0","2016","3","N","Gentry County, Missouri","Private","NAICS 23816 Roofing contractors","County, NAICS 5-digit -- by ownership sector","All establishment sizes",2,0,0,0,0,0,0,0,"N",3.96,0,0,0,0,0,0,0,"N",0,0.0,0,0,0,0,0,0,0,0,0,0,0,0,0,0
"29075","5","23816","77","0","2016","4","N","Gentry County, Missouri","Private","NAICS 23816 Roofing contractors","County, NAICS 5-digit -- by ownership sector","All establishment sizes",2,0,0,0,0,0,0,0,"N",3.94,0,0,0,0,0,0,0,"N",0,0.0,0,0,0,0,0,0,0,0,0,0,0,0,0,0
"29075","5","238161","78","0","2016","1","N","Gentry County, Missouri","Private","NAICS 238161 Residential roofing contractors","County, NAICS 6-digit -- by ownership sector","All establishment sizes",2,0,0,0,0,0,0,0,"N",5.25,0,0,0,0,0,0,0,"N",0,0.0,0,0,0,0,0,0,0,0,0,0,0,0,0,0
"29075","5","238161","78","0","2016","2","N","Gentry County, Missouri","Private","NAICS 238161 Residential roofing contractors","County, NAICS 6-digit -- by ownership sector","All establishment sizes",2,0,0,0,0,0,0,0,"N",5.27,0,0,0,0,0,0,0,"N",0,0.0,0,0,0,0,0,0,0,0,0,0,0,0,0,0
"29075","5","238161","78","0","2016","3","N","Gentry County, Missouri","Private","NAICS 238161 Residential roofing contractors","County, NAICS 6-digit -- by ownership sector","All establishment sizes",2,0,0,0,0,0,0,0,"N",5.34,0,0,0,0,0,0,0,"N",0,0.0,0,0,0,0,0,0,0,0,0,0,0,0,0,0
"29075","5","238161","78","0","2016","4","N","Gentry County, Missouri","Private","NAICS 238161 Residential roofing contractors","County, NAICS 6-digit -- by ownership sector","All establishment sizes",2,0,0,0,0,0,0,0,"N",5.29,0,0,0,0,0,0,0,"N",0,0.0,0,0,0,0,0,0,0,0,0,0,0,0,0,0
"29075","5","2382","76","0","2016","1","N","Gentry County, Missouri","Private","NAICS 2382 Building equipment contractors","County, NAICS 4-digit -- by ownership sector","All establishment sizes",2,0,0,0,0,0,0,0,"N",0.42,0,0,0,0,0,0,0,"N",0,0.0,0,0,0,0,0,0,0,0,0,0,0,0,0,0
"29075","5","2382","76","0","2016","2","N","Gentry County, Missouri","Private","NAICS 2382 Building equipment contractors","County, NAICS 4-digit -- by ownership sector","All establishment sizes",2,0,0,0,0,0,0,0,"N",0.42,0,0,0,0,0,0,0,"N",0,0.0,0,0,0,0,0,0,0,0,0,0,0,0,0,0
"29075","5","2382","76","0","2016","3","N","Gentry County, Missouri","Private","NAICS 2382 Building equipment contractors","County, NAICS 4-digit -- by ownership sector","All establishment sizes",2,0,0,0,0,0,0,0,"N",0.43,0,0,0,0,0,0,0,"N",0,0.0,0,0,0,0,0,0,0,0,0,0,0,0,0,0
"29075","5","2382","76","0","2016","4","N","Gentry County, Missouri","Private","NAICS 2382 Building equipment contractors","County, NAICS 4-digit -- by ownership sector","All establishment sizes",2,0,0,0,0,0,0,0,"N",0.43,0,0,0,0,0,0,0,"N",0,0.0,0,0,0,0,0,0,0,0,0,0,0,0,0,0
"29075","5","23822","77","0","2016","1","N","Gentry County, Missouri","Private","NAICS 23822 Plumbing and hvac contractors","County, NAICS 5-digit -- by ownership sector","All establishment sizes",2,0,0,0,0,0,0,0,"N",0.79,0,0,0,0,0,0,0,"N",0,0.0,0,0,0,0,0,0,0,0,0,0,0,0,0,0
"29075","5","23822","77","0","2016","2","N","Gentry County, Missouri","Private","NAICS 23822 Plumbing and hvac contractors","County, NAICS 5-digit -- by ownership sector","All establishment sizes",2,0,0,0,0,0,0,0,"N",0.80,0,0,0,0,0,0,0,"N",0,0.0,0,0,0,0,0,0,0,0,0,0,0,0,0,0
"29075","5","23822","77","0","2016","3","N","Gentry County, Missouri","Private","NAICS 23822 Plumbing and hvac contractors","County, NAICS 5-digit -- by ownership sector","All establishment sizes",2,0,0,0,0,0,0,0,"N",0.82,0,0,0,0,0,0,0,"N",0,0.0,0,0,0,0,0,0,0,0,0,0,0,0,0,0
"29075","5","23822","77","0","2016","4","N","Gentry County, Missouri","Private","NAICS 23822 Plumbing and hvac contractors","County, NAICS 5-digit -- by ownership sector","All establishment sizes",2,0,0,0,0,0,0,0,"N",0.82,0,0,0,0,0,0,0,"N",0,0.0,0,0,0,0,0,0,0,0,0,0,0,0,0,0
"29075","5","238221","78","0","2016","1","N","Gentry County, Missouri","Private","NAICS 238221 Residential plumbing and hvac contractors","County, NAICS 6-digit -- by ownership sector","All establishment sizes",2,0,0,0,0,0,0,0,"N",1.10,0,0,0,0,0,0,0,"N",0,0.0,0,0,0,0,0,0,0,0,0,0,0,0,0,0
"29075","5","238221","78","0","2016","2","N","Gentry County, Missouri","Private","NAICS 238221 Residential plumbing and hvac contractors","County, NAICS 6-digit -- by ownership sector","All establishment sizes",2,0,0,0,0,0,0,0,"N",1.11,0,0,0,0,0,0,0,"N",0,0.0,0,0,0,0,0,0,0,0,0,0,0,0,0,0
"29075","5","238221","78","0","2016","3","N","Gentry County, Missouri","Private","NAICS 238221 Residential plumbing and hvac contractors","County, NAICS 6-digit -- by ownership sector","All establishment sizes",2,0,0,0,0,0,0,0,"N",1.13,0,0,0,0,0,0,0,"N",0,0.0,0,0,0,0,0,0,0,0,0,0,0,0,0,0
"29075","5","238221","78","0","2016","4","N","Gentry County, Missouri","Private","NAICS 238221 Residential plumbing and hvac contractors","County, NAICS 6-digit -- by ownership sector","All establishment sizes",2,0,0,0,0,0,0,0,"N",1.13,0,0,0,0,0,0,0,"N",0,0.0,0,0,0,0,0,0,0,0,0,0,0,0,0,0
"29075","5","2383","76","0","2016","1","N","Gentry County, Missouri","Private","NAICS 2383 Building finishing contractors","County, NAICS 4-digit -- by ownership sector","All establishment sizes",3,0,0,0,0,0,0,0,"N",1.03,0,0,0,0,0,0,0,"N",0,0.0,0,0,0,0,0,0,0,0,0,0,0,0,0,0
"29075","5","2383","76","0","2016","2","N","Gentry County, Missouri","Private","NAICS 2383 Building finishing contractors","County, NAICS 4-digit -- by ownership sector","All establishment sizes",3,0,0,0,0,0,0,0,"N",1.03,0,0,0,0,0,0,0,"N",1,50.0,0,0,0,0,0,0,0,0,0,0,0,0,0,0
"29075","5","2383","76","0","2016","3","N","Gentry County, Missouri","Private","NAICS 2383 Building finishing contractors","County, NAICS 4-digit -- by ownership sector","All establishment sizes",3,0,0,0,0,0,0,0,"N",1.05,0,0,0,0,0,0,0,"N",0,0.0,0,0,0,0,0,0,0,0,0,0,0,0,0,0
"29075","5","2383","76","0","2016","4","N","Gentry County, Missouri","Private","NAICS 2383 Building finishing contractors","County, NAICS 4-digit -- by ownership sector","All establishment sizes",3,0,0,0,0,0,0,0,"N",1.05,0,0,0,0,0,0,0,"N",0,0.0,0,0,0,0,0,0,0,0,0,0,0,0,0,0
"29075","5","23831","77","0","2016","1","N","Gentry County, Missouri","Private","NAICS 23831 Drywall and insulation contractors","County, NAICS 5-digit -- by ownership sector","All establishment sizes",1,0,0,0,0,0,0,0,"N",2.05,0,0,0,0,0,0,0,"N",0,0.0,0,0,0,0,0,0,0,0,0,0,0,0,0,0
"29075","5","23831","77","0","2016","2","N","Gentry County, Missouri","Private","NAICS 23831 Drywall and insulation contractors","County, NAICS 5-digit -- by ownership sector","All establishment sizes",1,0,0,0,0,0,0,0,"N",2.07,0,0,0,0,0,0,0,"N",1,100.0,0,0,0,0,0,0,0,0,0,0,0,0,0,0
"29075","5","23831","77","0","2016","3","N","Gentry County, Missouri","Private","NAICS 23831 Drywall and insulation contractors","County, NAICS 5-digit -- by ownership sector","All establishment sizes",1,0,0,0,0,0,0,0,"N",2.11,0,0,0,0,0,0,0,"N",0,0.0,0,0,0,0,0,0,0,0,0,0,0,0,0,0
"29075","5","23831","77","0","2016","4","N","Gentry County, Missouri","Private","NAICS 23831 Drywall and insulation contractors","County, NAICS 5-digit -- by ownership sector","All establishment sizes",1,0,0,0,0,0,0,0,"N",2.11,0,0,0,0,0,0,0,"N",0,0.0,0,0,0,0,0,0,0,0,0,0,0,0,0,0
"29075","5","238311","78","0","2016","1","N","Gentry County, Missouri","Private","NAICS 238311 Residential drywall contractors","County, NAICS 6-digit -- by ownership sector","All establishment sizes",1,0,0,0,0,0,0,0,"N",3.04,0,0,0,0,0,0,0,"N",0,0.0,0,0,0,0,0,0,0,0,0,0,0,0,0,0
"29075","5","238311","78","0","2016","2","N","Gentry County, Missouri","Private","NAICS 238311 Residential drywall contractors","County, NAICS 6-digit -- by ownership sector","All establishment sizes",1,0,0,0,0,0,0,0,"N",3.05,0,0,0,0,0,0,0,"N",1,100.0,0,0,0,0,0,0,0,0,0,0,0,0,0,0
"29075","5","238311","78","0","2016","3","N","Gentry County, Missouri","Private","NAICS 238311 Residential drywall contractors","County, NAICS 6-digit -- by ownership sector","All establishment sizes",1,0,0,0,0,0,0,0,"N",3.11,0,0,0,0,0,0,0,"N",0,0.0,0,0,0,0,0,0,0,0,0,0,0,0,0,0
"29075","5","238311","78","0","2016","4","N","Gentry County, Missouri","Private","NAICS 238311 Residential drywall contractors","County, NAICS 6-digit -- by ownership sector","All establishment sizes",1,0,0,0,0,0,0,0,"N",3.10,0,0,0,0,0,0,0,"N",0,0.0,0,0,0,0,0,0,0,0,0,0,0,0,0,0
"29075","5","23835","77","0","2016","1","N","Gentry County, Missouri","Private","NAICS 23835 Finish carpentry contractors","County, NAICS 5-digit -- by ownership sector","All establishment sizes",2,0,0,0,0,0,0,0,"N",2.84,0,0,0,0,0,0,0,"N",0,0.0,0,0,0,0,0,0,0,0,0,0,0,0,0,0
"29075","5","23835","77","0","2016","2","N","Gentry County, Missouri","Private","NAICS 23835 Finish carpentry contractors","County, NAICS 5-digit -- by ownership sector","All establishment sizes",2,0,0,0,0,0,0,0,"N",2.86,0,0,0,0,0,0,0,"N",0,0.0,0,0,0,0,0,0,0,0,0,0,0,0,0,0
"29075","5","23835","77","0","2016","3","N","Gentry County, Missouri","Private","NAICS 23835 Finish carpentry contractors","County, NAICS 5-digit -- by ownership sector","All establishment sizes",2,0,0,0,0,0,0,0,"N",2.93,0,0,0,0,0,0,0,"N",0,0.0,0,0,0,0,0,0,0,0,0,0,0,0,0,0
"29075","5","23835","77","0","2016","4","N","Gentry County, Missouri","Private","NAICS 23835 Finish carpentry contractors","County, NAICS 5-digit -- by ownership sector","All establishment sizes",2,0,0,0,0,0,0,0,"N",2.92,0,0,0,0,0,0,0,"N",0,0.0,0,0,0,0,0,0,0,0,0,0,0,0,0,0
"29075","5","238351","78","0","2016","1","N","Gentry County, Missouri","Private","NAICS 238351 Residential finish carpentry contractors","County, NAICS 6-digit -- by ownership sector","All establishment sizes",2,0,0,0,0,0,0,0,"N",3.33,0,0,0,0,0,0,0,"N",0,0.0,0,0,0,0,0,0,0,0,0,0,0,0,0,0
"29075","5","238351","78","0","2016","2","N","Gentry County, Missouri","Private","NAICS 238351 Residential finish carpentry contractors","County, NAICS 6-digit -- by ownership sector","All establishment sizes",2,0,0,0,0,0,0,0,"N",3.35,0,0,0,0,0,0,0,"N",0,0.0,0,0,0,0,0,0,0,0,0,0,0,0,0,0
"29075","5","238351","78","0","2016","3","N","Gentry County, Missouri","Private","NAICS 238351 Residential finish carpentry contractors","County, NAICS 6-digit -- by ownership sector","All establishment sizes",2,0,0,0,0,0,0,0,"N",3.42,0,0,0,0,0,0,0,"N",0,0.0,0,0,0,0,0,0,0,0,0,0,0,0,0,0
"29075","5","238351","78","0","2016","4","N","Gentry County, Missouri","Private","NAICS 238351 Residential finish carpentry contractors","County, NAICS 6-digit -- by ownership sector","All establishment sizes",2,0,0,0,0,0,0,0,"N",3.42,0,0,0,0,0,0,0,"N",0,0.0,0,0,0,0,0,0,0,0,0,0,0,0,0,0
"29075","5","2389","76","0","2016","1","","Gentry County, Missouri","Private","NAICS 2389 Other specialty trade contractors","County, NAICS 4-digit -- by ownership sector","All establishment sizes",5,8,9,10,43746,43746,1485,374,"",2.65,0.92,1.05,1.12,0.77,0.84,1.33,0.75,"",0,0.0,2,33.3,5,125.0,-1,-9.1,9069,26.2,9069,26.2,267,21.9,-7,-1.8
"29075","5","2389","76","0","2016","2","","Gentry County, Missouri","Private","NAICS 2389 Other specialty trade contractors","County, NAICS 4-digit -- by ownership sector","All establishment sizes",5,12,15,14,62262,45494,2063,350,"",2.66,1.23,1.47,1.31,0.80,1.01,1.57,0.60,"",0,0.0,1,9.1,3,25.0,1,7.7,-3210,-4.9,-3210,-6.6,-65,-3.1,-70,-16.7
"29075","5","2389","76","0","2016","3","","Gentry County, Missouri","Private","NAICS 2389 Other specialty trade contractors","County, NAICS 4-digit -- by ownership sector","All establishment sizes",4,15,14,13,66054,36210,1548,363,"",2.18,1.48,1.37,1.25,0.79,1.48,2.13,0.58,"",-1,-20.0,3,25.0,1,7.7,2,18.2,-1676,-2.5,-6137,-14.5,-665,-30.0,-71,-16.4
"29075","5","2389","76","0","2016","4","","Gentry County, Missouri","Private","NAICS 2389 Other specialty trade contractors","County, NAICS 4-digit -- by ownership sector","All establishment sizes",4,14,13,13,66462,24347,1163,383,"",2.17,1.38,1.31,1.39,0.77,1.79,3.11,0.56,"",-1,-20.0,3,27.3,2,18.2,4,44.4,6860,11.5,-346,-1.4,-273,-19.0,-61,-13.7
"29075","5","23891","77","0","2016","1","N","Gentry County, Missouri","Private","NAICS 23891 Site preparation contractors","County, NAICS 5-digit -- by ownership sector","All establishment sizes",2,0,0,0,0,0,0,0,"N",2.26,0,0,0,0,0,0,0,"N",0,0.0,0,0,0,0,0,0,0,0,0,0,0,0,0,0
"29075","5","23891","77","0","2016","2","N","Gentry County, Missouri","Private","NAICS 23891 Site preparation contractors","County, NAICS 5-digit -- by ownership sector","All establishment sizes",2,0,0,0,0,0,0,0,"N",2.28,0,0,0,0,0,0,0,"N",0,0.0,0,0,0,0,0,0,0,0,0,0,0,0,0,0
"29075","5","23891","77","0","2016","3","N","Gentry County, Missouri","Private","NAICS 23891 Site preparation contractors","County, NAICS 5-digit -- by ownership sector","All establishment sizes",2,0,0,0,0,0,0,0,"N",2.35,0,0,0,0,0,0,0,"N",0,0.0,0,0,0,0,0,0,0,0,0,0,0,0,0,0
"29075","5","23891","77","0","2016","4","N","Gentry County, Missouri","Private","NAICS 23891 Site preparation contractors","County, NAICS 5-digit -- by ownership sector","All establishment sizes",2,0,0,0,0,0,0,0,"N",2.35,0,0,0,0,0,0,0,"N",0,0.0,0,0,0,0,0,0,0,0,0,0,0,0,0,0
"29075","5","238911","78","0","2016","1","N","Gentry County, Missouri","Private","NAICS 238911 Residential site preparation contractors","County, NAICS 6-digit -- by ownership sector","All establishment sizes",2,0,0,0,0,0,0,0,"N",4.09,0,0,0,0,0,0,0,"N",0,0.0,0,0,0,0,0,0,0,0,0,0,0,0,0,0
"29075","5","238911","78","0","2016","2","N","Gentry County, Missouri","Private","NAICS 238911 Residential site preparation contractors","County, NAICS 6-digit -- by ownership sector","All establishment sizes",2,0,0,0,0,0,0,0,"N",4.11,0,0,0,0,0,0,0,"N",0,0.0,0,0,0,0,0,0,0,0,0,0,0,0,0,0
"29075","5","238911","78","0","2016","3","N","Gentry County, Missouri","Private","NAICS 238911 Residential site preparation contractors","County, NAICS 6-digit -- by ownership sector","All establishment sizes",2,0,0,0,0,0,0,0,"N",4.22,0,0,0,0,0,0,0,"N",0,0.0,0,0,0,0,0,0,0,0,0,0,0,0,0,0
"29075","5","238911","78","0","2016","4","N","Gentry County, Missouri","Private","NAICS 238911 Residential site preparation contractors","County, NAICS 6-digit -- by ownership sector","All establishment sizes",2,0,0,0,0,0,0,0,"N",4.22,0,0,0,0,0,0,0,"N",0,0.0,0,0,0,0,0,0,0,0,0,0,0,0,0,0
"29075","5","23899","77","0","2016","1","N","Gentry County, Missouri","Private","NAICS 23899 All other specialty trade contractors","County, NAICS 5-digit -- by ownership sector","All establishment sizes",3,0,0,0,0,0,0,0,"N",2.99,0,0,0,0,0,0,0,"N",0,0.0,0,0,0,0,0,0,0,0,0,0,0,0,0,0
"29075","5","23899","77","0","2016","2","N","Gentry County, Missouri","Private","NAICS 23899 All other specialty trade contractors","County, NAICS 5-digit -- by ownership sector","All establishment sizes",3,0,0,0,0,0,0,0,"N",2.99,0,0,0,0,0,0,0,"N",0,0.0,0,0,0,0,0,0,0,0,0,0,0,0,0,0
"29075","5","23899","77","0","2016","3","N","Gentry County, Missouri","Private","NAICS 23899 All other specialty trade contractors","County, NAICS 5-digit -- by ownership sector","All establishment sizes",2,0,0,0,0,0,0,0,"N",2.03,0,0,0,0,0,0,0,"N",-1,-33.3,0,0,0,0,0,0,0,0,0,0,0,0,0,0
"29075","5","23899","77","0","2016","4","N","Gentry County, Missouri","Private","NAICS 23899 All other specialty trade contractors","County, NAICS 5-digit -- by ownership sector","All establishment sizes",2,0,0,0,0,0,0,0,"N",2.02,0,0,0,0,0,0,0,"N",-1,-33.3,0,0,0,0,0,0,0,0,0,0,0,0,0,0
"29075","5","238992","78","0","2016","1","N","Gentry County, Missouri","Private","NAICS 238992 All other nonresidential trade contractors","County, NAICS 6-digit -- by ownership sector","All establishment sizes",3,0,0,0,0,0,0,0,"N",8.53,0,0,0,0,0,0,0,"N",0,0.0,0,0,0,0,0,0,0,0,0,0,0,0,0,0
"29075","5","238992","78","0","2016","2","N","Gentry County, Missouri","Private","NAICS 238992 All other nonresidential trade contractors","County, NAICS 6-digit -- by ownership sector","All establishment sizes",3,0,0,0,0,0,0,0,"N",8.56,0,0,0,0,0,0,0,"N",0,0.0,0,0,0,0,0,0,0,0,0,0,0,0,0,0
"29075","5","238992","78","0","2016","3","N","Gentry County, Missouri","Private","NAICS 238992 All other nonresidential trade contractors","County, NAICS 6-digit -- by ownership sector","All establishment sizes",2,0,0,0,0,0,0,0,"N",5.82,0,0,0,0,0,0,0,"N",-1,-33.3,0,0,0,0,0,0,0,0,0,0,0,0,0,0
"29075","5","238992","78","0","2016","4","N","Gentry County, Missouri","Private","NAICS 238992 All other nonresidential trade contractors","County, NAICS 6-digit -- by ownership sector","All establishment sizes",2,0,0,0,0,0,0,0,"N",5.80,0,0,0,0,0,0,0,"N",-1,-33.3,0,0,0,0,0,0,0,0,0,0,0,0,0,0
"29075","5","31-33","74","0","2016","1","N","Gentry County, Missouri","Private","NAICS 31-33 Manufacturing","County, NAICS Sector -- by ownership sector","All establishment sizes",6,0,0,0,0,0,0,0,"N",0.71,0,0,0,0,0,0,0,"N",0,0.0,0,0,0,0,0,0,0,0,0,0,0,0,0,0
"29075","5","31-33","74","0","2016","2","","Gentry County, Missouri","Private","NAICS 31-33 Manufacturing","County, NAICS Sector -- by ownership sector","All establishment sizes",6,202,194,200,2005015,757575,7923,776,"",0.72,1.04,1.01,1.01,1.08,1.30,1.02,1.06,"N",0,0.0,0,0,0,0,0,0,0,0,0,0,0,0,0,0
"29075","5","31-33","74","0","2016","3","N","Gentry County, Missouri","Private","NAICS 31-33 Manufacturing","County, NAICS Sector -- by ownership sector","All establishment sizes",6,0,0,0,0,0,0,0,"N",0.74,0,0,0,0,0,0,0,"N",0,0.0,0,0,0,0,0,0,0,0,0,0,0,0,0,0
"29075","5","31-33","74","0","2016","4","N","Gentry County, Missouri","Private","NAICS 31-33 Manufacturing","County, NAICS Sector -- by ownership sector","All establishment sizes",6,0,0,0,0,0,0,0,"N",0.74,0,0,0,0,0,0,0,"N",0,0.0,0,0,0,0,0,0,0,0,0,0,0,0,0,0
"29075","5","322","75","0","2016","1","N","Gentry County, Missouri","Private","NAICS 322 Paper manufacturing","County, NAICS 3-digit -- by ownership sector","All establishment sizes",1,0,0,0,0,0,0,0,"N",7.42,0,0,0,0,0,0,0,"N",0,0.0,0,0,0,0,0,0,0,0,0,0,0,0,0,0
"29075","5","322","75","0","2016","2","N","Gentry County, Missouri","Private","NAICS 322 Paper manufacturing","County, NAICS 3-digit -- by ownership sector","All establishment sizes",1,0,0,0,0,0,0,0,"N",7.53,0,0,0,0,0,0,0,"N",0,0.0,0,0,0,0,0,0,0,0,0,0,0,0,0,0
"29075","5","322","75","0","2016","3","N","Gentry County, Missouri","Private","NAICS 322 Paper manufacturing","County, NAICS 3-digit -- by ownership sector","All establishment sizes",1,0,0,0,0,0,0,0,"N",7.74,0,0,0,0,0,0,0,"N",0,0.0,0,0,0,0,0,0,0,0,0,0,0,0,0,0
"29075","5","322","75","0","2016","4","N","Gentry County, Missouri","Private","NAICS 322 Paper manufacturing","County, NAICS 3-digit -- by ownership sector","All establishment sizes",1,0,0,0,0,0,0,0,"N",7.77,0,0,0,0,0,0,0,"N",0,0.0,0,0,0,0,0,0,0,0,0,0,0,0,0,0
"29075","5","3222","76","0","2016","1","N","Gentry County, Missouri","Private","NAICS 3222 Converted paper product manufacturing","County, NAICS 4-digit -- by ownership sector","All establishment sizes",1,0,0,0,0,0,0,0,"N",8.64,0,0,0,0,0,0,0,"N",0,0.0,0,0,0,0,0,0,0,0,0,0,0,0,0,0
"29075","5","3222","76","0","2016","2","N","Gentry County, Missouri","Private","NAICS 3222 Converted paper product manufacturing","County, NAICS 4-digit -- by ownership sector","All establishment sizes",1,0,0,0,0,0,0,0,"N",8.77,0,0,0,0,0,0,0,"N",0,0.0,0,0,0,0,0,0,0,0,0,0,0,0,0,0
"29075","5","3222","76","0","2016","3","N","Gentry County, Missouri","Private","NAICS 3222 Converted paper product manufacturing","County, NAICS 4-digit -- by ownership sector","All establishment sizes",1,0,0,0,0,0,0,0,"N",9.02,0,0,0,0,0,0,0,"N",0,0.0,0,0,0,0,0,0,0,0,0,0,0,0,0,0
"29075","5","3222","76","0","2016","4","N","Gentry County, Missouri","Private","NAICS 3222 Converted paper product manufacturing","County, NAICS 4-digit -- by ownership sector","All establishment sizes",1,0,0,0,0,0,0,0,"N",9.07,0,0,0,0,0,0,0,"N",0,0.0,0,0,0,0,0,0,0,0,0,0,0,0,0,0
"29075","5","32229","77","0","2016","1","N","Gentry County, Missouri","Private","NAICS 32229 Other converted paper product manufacturing","County, NAICS 5-digit -- by ownership sector","All establishment sizes",1,0,0,0,0,0,0,0,"N",55.19,0,0,0,0,0,0,0,"N",0,0.0,0,0,0,0,0,0,0,0,0,0,0,0,0,0
"29075","5","32229","77","0","2016","2","N","Gentry County, Missouri","Private","NAICS 32229 Other converted paper product manufacturing","County, NAICS 5-digit -- by ownership sector","All establishment sizes",1,0,0,0,0,0,0,0,"N",56.57,0,0,0,0,0,0,0,"N",0,0.0,0,0,0,0,0,0,0,0,0,0,0,0,0,0
"29075","5","32229","77","0","2016","3","N","Gentry County, Missouri","Private","NAICS 32229 Other converted paper product manufacturing","County, NAICS 5-digit -- by ownership sector","All establishment sizes",1,0,0,0,0,0,0,0,"N",58.28,0,0,0,0,0,0,0,"N",0,0.0,0,0,0,0,0,0,0,0,0,0,0,0,0,0
"29075","5","32229","77","0","2016","4","N","Gentry County, Missouri","Private","NAICS 32229 Other converted paper product manufacturing","County, NAICS 5-digit -- by ownership sector","All establishment sizes",1,0,0,0,0,0,0,0,"N",58.61,0,0,0,0,0,0,0,"N",0,0.0,0,0,0,0,0,0,0,0,0,0,0,0,0,0
"29075","5","322299","78","0","2016","1","N","Gentry County, Missouri","Private","NAICS 322299 All other converted paper product mfg.","County, NAICS 6-digit -- by ownership sector","All establishment sizes",1,0,0,0,0,0,0,0,"N",75.72,0,0,0,0,0,0,0,"N",0,0.0,0,0,0,0,0,0,0,0,0,0,0,0,0,0
"29075","5","322299","78","0","2016","2","N","Gentry County, Missouri","Private","NAICS 322299 All other converted paper product mfg.","County, NAICS 6-digit -- by ownership sector","All establishment sizes",1,0,0,0,0,0,0,0,"N",78.00,0,0,0,0,0,0,0,"N",0,0.0,0,0,0,0,0,0,0,0,0,0,0,0,0,0
"29075","5","322299","78","0","2016","3","N","Gentry County, Missouri","Private","NAICS 322299 All other converted paper product mfg.","County, NAICS 6-digit -- by ownership sector","All establishment sizes",1,0,0,0,0,0,0,0,"N",80.36,0,0,0,0,0,0,0,"N",0,0.0,0,0,0,0,0,0,0,0,0,0,0,0,0,0
"29075","5","322299","78","0","2016","4","N","Gentry County, Missouri","Private","NAICS 322299 All other converted paper product mfg.","County, NAICS 6-digit -- by ownership sector","All establishment sizes",1,0,0,0,0,0,0,0,"N",81.05,0,0,0,0,0,0,0,"N",0,0.0,0,0,0,0,0,0,0,0,0,0,0,0,0,0
"29075","5","323","75","0","2016","1","N","Gentry County, Missouri","Private","NAICS 323 Printing and related support activities","County, NAICS 3-digit -- by ownership sector","All establishment sizes",1,0,0,0,0,0,0,0,"N",1.41,0,0,0,0,0,0,0,"N",0,0.0,0,0,0,0,0,0,0,0,0,0,0,0,0,0
"29075","5","323","75","0","2016","2","N","Gentry County, Missouri","Private","NAICS 323 Printing and related support activities","County, NAICS 3-digit -- by ownership sector","All establishment sizes",1,0,0,0,0,0,0,0,"N",1.43,0,0,0,0,0,0,0,"N",0,0.0,0,0,0,0,0,0,0,0,0,0,0,0,0,0
"29075","5","323","75","0","2016","3","N","Gentry County, Missouri","Private","NAICS 323 Printing and related support activities","County, NAICS 3-digit -- by ownership sector","All establishment sizes",1,0,0,0,0,0,0,0,"N",1.48,0,0,0,0,0,0,0,"N",0,0.0,0,0,0,0,0,0,0,0,0,0,0,0,0,0
"29075","5","323","75","0","2016","4","N","Gentry County, Missouri","Private","NAICS 323 Printing and related support activities","County, NAICS 3-digit -- by ownership sector","All establishment sizes",1,0,0,0,0,0,0,0,"N",1.48,0,0,0,0,0,0,0,"N",0,0.0,0,0,0,0,0,0,0,0,0,0,0,0,0,0
"29075","5","3231","76","0","2016","1","N","Gentry County, Missouri","Private","NAICS 3231 Printing and related support activities","County, NAICS 4-digit -- by ownership sector","All establishment sizes",1,0,0,0,0,0,0,0,"N",1.41,0,0,0,0,0,0,0,"N",0,0.0,0,0,0,0,0,0,0,0,0,0,0,0,0,0
"29075","5","3231","76","0","2016","2","N","Gentry County, Missouri","Private","NAICS 3231 Printing and related support activities","County, NAICS 4-digit -- by ownership sector","All establishment sizes",1,0,0,0,0,0,0,0,"N",1.43,0,0,0,0,0,0,0,"N",0,0.0,0,0,0,0,0,0,0,0,0,0,0,0,0,0
"29075","5","3231","76","0","2016","3","N","Gentry County, Missouri","Private","NAICS 3231 Printing and related support activities","County, NAICS 4-digit -- by ownership sector","All establishment sizes",1,0,0,0,0,0,0,0,"N",1.48,0,0,0,0,0,0,0,"N",0,0.0,0,0,0,0,0,0,0,0,0,0,0,0,0,0
"29075","5","3231","76","0","2016","4","N","Gentry County, Missouri","Private","NAICS 3231 Printing and related support activities","County, NAICS 4-digit -- by ownership sector","All establishment sizes",1,0,0,0,0,0,0,0,"N",1.48,0,0,0,0,0,0,0,"N",0,0.0,0,0,0,0,0,0,0,0,0,0,0,0,0,0
"29075","5","32311","77","0","2016","1","N","Gentry County, Missouri","Private","NAICS 32311 Printing","County, NAICS 5-digit -- by ownership sector","All establishment sizes",1,0,0,0,0,0,0,0,"N",1.49,0,0,0,0,0,0,0,"N",0,0.0,0,0,0,0,0,0,0,0,0,0,0,0,0,0
"29075","5","32311","77","0","2016","2","N","Gentry County, Missouri","Private","NAICS 32311 Printing","County, NAICS 5-digit -- by ownership sector","All establishment sizes",1,0,0,0,0,0,0,0,"N",1.52,0,0,0,0,0,0,0,"N",0,0.0,0,0,0,0,0,0,0,0,0,0,0,0,0,0
"29075","5","32311","77","0","2016","3","N","Gentry County, Missouri","Private","NAICS 32311 Printing","County, NAICS 5-digit -- by ownership sector","All establishment sizes",1,0,0,0,0,0,0,0,"N",1.57,0,0,0,0,0,0,0,"N",0,0.0,0,0,0,0,0,0,0,0,0,0,0,0,0,0
"29075","5","32311","77","0","2016","4","N","Gentry County, Missouri","Private","NAICS 32311 Printing","County, NAICS 5-digit -- by ownership sector","All establishment sizes",1,0,0,0,0,0,0,0,"N",1.57,0,0,0,0,0,0,0,"N",0,0.0,0,0,0,0,0,0,0,0,0,0,0,0,0,0
"29075","5","323111","78","0","2016","1","N","Gentry County, Missouri","Private","NAICS 323111 Commercial printing, except screen and books","County, NAICS 6-digit -- by ownership sector","All establishment sizes",1,0,0,0,0,0,0,0,"N",1.98,0,0,0,0,0,0,0,"N",0,0.0,0,0,0,0,0,0,0,0,0,0,0,0,0,0
"29075","5","323111","78","0","2016","2","N","Gentry County, Missouri","Private","NAICS 323111 Commercial printing, except screen and books","County, NAICS 6-digit -- by ownership sector","All establishment sizes",1,0,0,0,0,0,0,0,"N",2.02,0,0,0,0,0,0,0,"N",0,0.0,0,0,0,0,0,0,0,0,0,0,0,0,0,0
"29075","5","323111","78","0","2016","3","N","Gentry County, Missouri","Private","NAICS 323111 Commercial printing, except screen and books","County, NAICS 6-digit -- by ownership sector","All establishment sizes",1,0,0,0,0,0,0,0,"N",2.09,0,0,0,0,0,0,0,"N",0,0.0,0,0,0,0,0,0,0,0,0,0,0,0,0,0
"29075","5","323111","78","0","2016","4","N","Gentry County, Missouri","Private","NAICS 323111 Commercial printing, except screen and books","County, NAICS 6-digit -- by ownership sector","All establishment sizes",1,0,0,0,0,0,0,0,"N",2.10,0,0,0,0,0,0,0,"N",0,0.0,0,0,0,0,0,0,0,0,0,0,0,0,0,0
"29075","5","326","75","0","2016","1","N","Gentry County, Missouri","Private","NAICS 326 Plastics and rubber products manufacturing","County, NAICS 3-digit -- by ownership sector","All establishment sizes",1,0,0,0,0,0,0,0,"N",3.09,0,0,0,0,0,0,0,"N",0,0.0,0,0,0,0,0,0,0,0,0,0,0,0,0,0
"29075","5","326","75","0","2016","2","N","Gentry County, Missouri","Private","NAICS 326 Plastics and rubber products manufacturing","County, NAICS 3-digit -- by ownership sector","All establishment sizes",1,0,0,0,0,0,0,0,"N",3.13,0,0,0,0,0,0,0,"N",0,0.0,0,0,0,0,0,0,0,0,0,0,0,0,0,0
"29075","5","326","75","0","2016","3","N","Gentry County, Missouri","Private","NAICS 326 Plastics and rubber products manufacturing","County, NAICS 3-digit -- by ownership sector","All establishment sizes",1,0,0,0,0,0,0,0,"N",3.22,0,0,0,0,0,0,0,"N",0,0.0,0,0,0,0,0,0,0,0,0,0,0,0,0,0
"29075","5","326","75","0","2016","4","N","Gentry County, Missouri","Private","NAICS 326 Plastics and rubber products manufacturing","County, NAICS 3-digit -- by ownership sector","All establishment sizes",1,0,0,0,0,0,0,0,"N",3.22,0,0,0,0,0,0,0,"N",0,0.0,0,0,0,0,0,0,0,0,0,0,0,0,0,0
"29075","5","3261","76","0","2016","1","N","Gentry County, Missouri","Private","NAICS 3261 Plastics product manufacturing","County, NAICS 4-digit -- by ownership sector","All establishment sizes",1,0,0,0,0,0,0,0,"N",3.65,0,0,0,0,0,0,0,"N",0,0.0,0,0,0,0,0,0,0,0,0,0,0,0,0,0
"29075","5","3261","76","0","2016","2","N","Gentry County, Missouri","Private","NAICS 3261 Plastics product manufacturing","County, NAICS 4-digit -- by ownership sector","All establishment sizes",1,0,0,0,0,0,0,0,"N",3.70,0,0,0,0,0,0,0,"N",0,0.0,0,0,0,0,0,0,0,0,0,0,0,0,0,0
"29075","5","3261","76","0","2016","3","N","Gentry County, Missouri","Private","NAICS 3261 Plastics product manufacturing","County, NAICS 4-digit -- by ownership sector","All establishment sizes",1,0,0,0,0,0,0,0,"N",3.81,0,0,0,0,0,0,0,"N",0,0.0,0,0,0,0,0,0,0,0,0,0,0,0,0,0
"29075","5","3261","76","0","2016","4","N","Gentry County, Missouri","Private","NAICS 3261 Plastics product manufacturing","County, NAICS 4-digit -- by ownership sector","All establishment sizes",1,0,0,0,0,0,0,0,"N",3.82,0,0,0,0,0,0,0,"N",0,0.0,0,0,0,0,0,0,0,0,0,0,0,0,0,0
"29075","5","32619","77","0","2016","1","N","Gentry County, Missouri","Private","NAICS 32619 Other plastics product manufacturing","County, NAICS 5-digit -- by ownership sector","All establishment sizes",1,0,0,0,0,0,0,0,"N",6.48,0,0,0,0,0,0,0,"N",0,0.0,0,0,0,0,0,0,0,0,0,0,0,0,0,0
"29075","5","32619","77","0","2016","2","N","Gentry County, Missouri","Private","NAICS 32619 Other plastics product manufacturing","County, NAICS 5-digit -- by ownership sector","All establishment sizes",1,0,0,0,0,0,0,0,"N",6.59,0,0,0,0,0,0,0,"N",0,0.0,0,0,0,0,0,0,0,0,0,0,0,0,0,0
"29075","5","32619","77","0","2016","3","N","Gentry County, Missouri","Private","NAICS 32619 Other plastics product manufacturing","County, NAICS 5-digit -- by ownership sector","All establishment sizes",1,0,0,0,0,0,0,0,"N",6.80,0,0,0,0,0,0,0,"N",0,0.0,0,0,0,0,0,0,0,0,0,0,0,0,0,0
"29075","5","32619","77","0","2016","4","N","Gentry County, Missouri","Private","NAICS 32619 Other plastics product manufacturing","County, NAICS 5-digit -- by ownership sector","All establishment sizes",1,0,0,0,0,0,0,0,"N",6.81,0,0,0,0,0,0,0,"N",0,0.0,0,0,0,0,0,0,0,0,0,0,0,0,0,0
"29075","5","326199","78","0","2016","1","N","Gentry County, Missouri","Private","NAICS 326199 All other plastics product manufacturing","County, NAICS 6-digit -- by ownership sector","All establishment sizes",1,0,0,0,0,0,0,0,"N",6.89,0,0,0,0,0,0,0,"N",0,0.0,0,0,0,0,0,0,0,0,0,0,0,0,0,0
"29075","5","326199","78","0","2016","2","N","Gentry County, Missouri","Private","NAICS 326199 All other plastics product manufacturing","County, NAICS 6-digit -- by ownership sector","All establishment sizes",1,0,0,0,0,0,0,0,"N",7.01,0,0,0,0,0,0,0,"N",0,0.0,0,0,0,0,0,0,0,0,0,0,0,0,0,0
"29075","5","326199","78","0","2016","3","N","Gentry County, Missouri","Private","NAICS 326199 All other plastics product manufacturing","County, NAICS 6-digit -- by ownership sector","All establishment sizes",1,0,0,0,0,0,0,0,"N",7.23,0,0,0,0,0,0,0,"N",0,0.0,0,0,0,0,0,0,0,0,0,0,0,0,0,0
"29075","5","326199","78","0","2016","4","N","Gentry County, Missouri","Private","NAICS 326199 All other plastics product manufacturing","County, NAICS 6-digit -- by ownership sector","All establishment sizes",1,0,0,0,0,0,0,0,"N",7.24,0,0,0,0,0,0,0,"N",0,0.0,0,0,0,0,0,0,0,0,0,0,0,0,0,0
"29075","5","332","75","0","2016","1","N","Gentry County, Missouri","Private","NAICS 332 Fabricated metal product manufacturing","County, NAICS 3-digit -- by ownership sector","All establishment sizes",1,0,0,0,0,0,0,0,"N",0.70,0,0,0,0,0,0,0,"N",0,0.0,0,0,0,0,0,0,0,0,0,0,0,0,0,0
"29075","5","332","75","0","2016","2","N","Gentry County, Missouri","Private","NAICS 332 Fabricated metal product manufacturing","County, NAICS 3-digit -- by ownership sector","All establishment sizes",1,0,0,0,0,0,0,0,"N",0.71,0,0,0,0,0,0,0,"N",0,0.0,0,0,0,0,0,0,0,0,0,0,0,0,0,0
"29075","5","332","75","0","2016","3","N","Gentry County, Missouri","Private","NAICS 332 Fabricated metal product manufacturing","County, NAICS 3-digit -- by ownership sector","All establishment sizes",1,0,0,0,0,0,0,0,"N",0.73,0,0,0,0,0,0,0,"N",0,0.0,0,0,0,0,0,0,0,0,0,0,0,0,0,0
"29075","5","332","75","0","2016","4","N","Gentry County, Missouri","Private","NAICS 332 Fabricated metal product manufacturing","County, NAICS 3-digit -- by ownership sector","All establishment sizes",1,0,0,0,0,0,0,0,"N",0.73,0,0,0,0,0,0,0,"N",0,0.0,0,0,0,0,0,0,0,0,0,0,0,0,0,0
"29075","5","3327","76","0","2016","1","N","Gentry County, Missouri","Private","NAICS 3327 Machine shops and threaded product mfg.","County, NAICS 4-digit -- by ownership sector","All establishment sizes",1,0,0,0,0,0,0,0,"N",1.79,0,0,0,0,0,0,0,"N",0,0.0,0,0,0,0,0,0,0,0,0,0,0,0,0,0
"29075","5","3327","76","0","2016","2","N","Gentry County, Missouri","Private","NAICS 3327 Machine shops and threaded product mfg.","County, NAICS 4-digit -- by ownership sector","All establishment sizes",1,0,0,0,0,0,0,0,"N",1.83,0,0,0,0,0,0,0,"N",0,0.0,0,0,0,0,0,0,0,0,0,0,0,0,0,0
"29075","5","3327","76","0","2016","3","N","Gentry County, Missouri","Private","NAICS 3327 Machine shops and threaded product mfg.","County, NAICS 4-digit -- by ownership sector","All establishment sizes",1,0,0,0,0,0,0,0,"N",1.89,0,0,0,0,0,0,0,"N",0,0.0,0,0,0,0,0,0,0,0,0,0,0,0,0,0
"29075","5","3327","76","0","2016","4","N","Gentry County, Missouri","Private","NAICS 3327 Machine shops and threaded product mfg.","County, NAICS 4-digit -- by ownership sector","All establishment sizes",1,0,0,0,0,0,0,0,"N",1.90,0,0,0,0,0,0,0,"N",0,0.0,0,0,0,0,0,0,0,0,0,0,0,0,0,0
"29075","5","33271","77","0","2016","1","N","Gentry County, Missouri","Private","NAICS 33271 Machine shops","County, NAICS 5-digit -- by ownership sector","All establishment sizes",1,0,0,0,0,0,0,0,"N",1.98,0,0,0,0,0,0,0,"N",0,0.0,0,0,0,0,0,0,0,0,0,0,0,0,0,0
"29075","5","33271","77","0","2016","2","N","Gentry County, Missouri","Private","NAICS 33271 Machine shops","County, NAICS 5-digit -- by ownership sector","All establishment sizes",1,0,0,0,0,0,0,0,"N",2.03,0,0,0,0,0,0,0,"N",0,0.0,0,0,0,0,0,0,0,0,0,0,0,0,0,0
"29075","5","33271","77","0","2016","3","N","Gentry County, Missouri","Private","NAICS 33271 Machine shops","County, NAICS 5-digit -- by ownership sector","All establishment sizes",1,0,0,0,0,0,0,0,"N",2.09,0,0,0,0,0,0,0,"N",0,0.0,0,0,0,0,0,0,0,0,0,0,0,0,0,0
"29075","5","33271","77","0","2016","4","N","Gentry County, Missouri","Private","NAICS 33271 Machine shops","County, NAICS 5-digit -- by ownership sector","All establishment sizes",1,0,0,0,0,0,0,0,"N",2.11,0,0,0,0,0,0,0,"N",0,0.0,0,0,0,0,0,0,0,0,0,0,0,0,0,0
"29075","5","332710","78","0","2016","1","N","Gentry County, Missouri","Private","NAICS 332710 Machine shops","County, NAICS 6-digit -- by ownership sector","All establishment sizes",1,0,0,0,0,0,0,0,"N",1.98,0,0,0,0,0,0,0,"N",0,0.0,0,0,0,0,0,0,0,0,0,0,0,0,0,0
"29075","5","332710","78","0","2016","2","N","Gentry County, Missouri","Private","NAICS 332710 Machine shops","County, NAICS 6-digit -- by ownership sector","All establishment sizes",1,0,0,0,0,0,0,0,"N",2.03,0,0,0,0,0,0,0,"N",0,0.0,0,0,0,0,0,0,0,0,0,0,0,0,0,0
"29075","5","332710","78","0","2016","3","N","Gentry County, Missouri","Private","NAICS 332710 Machine shops","County, NAICS 6-digit -- by ownership sector","All establishment sizes",1,0,0,0,0,0,0,0,"N",2.09,0,0,0,0,0,0,0,"N",0,0.0,0,0,0,0,0,0,0,0,0,0,0,0,0,0
"29075","5","332710","78","0","2016","4","N","Gentry County, Missouri","Private","NAICS 332710 Machine shops","County, NAICS 6-digit -- by ownership sector","All establishment sizes",1,0,0,0,0,0,0,0,"N",2.11,0,0,0,0,0,0,0,"N",0,0.0,0,0,0,0,0,0,0,0,0,0,0,0,0,0
"29075","5","333","75","0","2016","1","N","Gentry County, Missouri","Private","NAICS 333 Machinery manufacturing","County, NAICS 3-digit -- by ownership sector","All establishment sizes",2,0,0,0,0,0,0,0,"N",2.72,0,0,0,0,0,0,0,"N",0,0.0,0,0,0,0,0,0,0,0,0,0,0,0,0,0
"29075","5","333","75","0","2016","2","N","Gentry County, Missouri","Private","NAICS 333 Machinery manufacturing","County, NAICS 3-digit -- by ownership sector","All establishment sizes",2,0,0,0,0,0,0,0,"N",2.75,0,0,0,0,0,0,0,"N",0,0.0,0,0,0,0,0,0,0,0,0,0,0,0,0,0
"29075","5","333","75","0","2016","3","N","Gentry County, Missouri","Private","NAICS 333 Machinery manufacturing","County, NAICS 3-digit -- by ownership sector","All establishment sizes",2,0,0,0,0,0,0,0,"N",2.83,0,0,0,0,0,0,0,"N",0,0.0,0,0,0,0,0,0,0,0,0,0,0,0,0,0
"29075","5","333","75","0","2016","4","N","Gentry County, Missouri","Private","NAICS 333 Machinery manufacturing","County, NAICS 3-digit -- by ownership sector","All establishment sizes",2,0,0,0,0,0,0,0,"N",2.83,0,0,0,0,0,0,0,"N",0,0.0,0,0,0,0,0,0,0,0,0,0,0,0,0,0
"29075","5","3334","76","0","2016","1","N","Gentry County, Missouri","Private","NAICS 3334 Hvac and commercial refrigeration equipment","County, NAICS 4-digit -- by ownership sector","All establishment sizes",1,0,0,0,0,0,0,0,"N",17.80,0,0,0,0,0,0,0,"N",0,0.0,0,0,0,0,0,0,0,0,0,0,0,0,0,0
"29075","5","3334","76","0","2016","2","N","Gentry County, Missouri","Private","NAICS 3334 Hvac and commercial refrigeration equipment","County, NAICS 4-digit -- by ownership sector","All establishment sizes",1,0,0,0,0,0,0,0,"N",17.98,0,0,0,0,0,0,0,"N",0,0.0,0,0,0,0,0,0,0,0,0,0,0,0,0,0
"29075","5","3334","76","0","2016","3","N","Gentry County, Missouri","Private","NAICS 3334 Hvac and commercial refrigeration equipment","County, NAICS 4-digit -- by ownership sector","All establishment sizes",1,0,0,0,0,0,0,0,"N",18.53,0,0,0,0,0,0,0,"N",0,0.0,0,0,0,0,0,0,0,0,0,0,0,0,0,0
"29075","5","3334","76","0","2016","4","N","Gentry County, Missouri","Private","NAICS 3334 Hvac and commercial refrigeration equipment","County, NAICS 4-digit -- by ownership sector","All establishment sizes",1,0,0,0,0,0,0,0,"N",18.43,0,0,0,0,0,0,0,"N",0,0.0,0,0,0,0,0,0,0,0,0,0,0,0,0,0
"29075","5","33341","77","0","2016","1","N","Gentry County, Missouri","Private","NAICS 33341 Hvac and commercial refrigeration equipment","County, NAICS 5-digit -- by ownership sector","All establishment sizes",1,0,0,0,0,0,0,0,"N",17.80,0,0,0,0,0,0,0,"N",0,0.0,0,0,0,0,0,0,0,0,0,0,0,0,0,0
"29075","5","33341","77","0","2016","2","N","Gentry County, Missouri","Private","NAICS 33341 Hvac and commercial refrigeration equipment","County, NAICS 5-digit -- by ownership sector","All establishment sizes",1,0,0,0,0,0,0,0,"N",17.98,0,0,0,0,0,0,0,"N",0,0.0,0,0,0,0,0,0,0,0,0,0,0,0,0,0
"29075","5","33341","77","0","2016","3","N","Gentry County, Missouri","Private","NAICS 33341 Hvac and commercial refrigeration equipment","County, NAICS 5-digit -- by ownership sector","All establishment sizes",1,0,0,0,0,0,0,0,"N",18.53,0,0,0,0,0,0,0,"N",0,0.0,0,0,0,0,0,0,0,0,0,0,0,0,0,0
"29075","5","33341","77","0","2016","4","N","Gentry County, Missouri","Private","NAICS 33341 Hvac and commercial refrigeration equipment","County, NAICS 5-digit -- by ownership sector","All establishment sizes",1,0,0,0,0,0,0,0,"N",18.43,0,0,0,0,0,0,0,"N",0,0.0,0,0,0,0,0,0,0,0,0,0,0,0,0,0
"29075","5","333415","78","0","2016","1","N","Gentry County, Missouri","Private","NAICS 333415 Ac, refrigeration, and forced air heating","County, NAICS 6-digit -- by ownership sector","All establishment sizes",1,0,0,0,0,0,0,0,"N",34.89,0,0,0,0,0,0,0,"N",0,0.0,0,0,0,0,0,0,0,0,0,0,0,0,0,0
"29075","5","333415","78","0","2016","2","N","Gentry County, Missouri","Private","NAICS 333415 Ac, refrigeration, and forced air heating","County, NAICS 6-digit -- by ownership sector","All establishment sizes",1,0,0,0,0,0,0,0,"N",35.14,0,0,0,0,0,0,0,"N",0,0.0,0,0,0,0,0,0,0,0,0,0,0,0,0,0
"29075","5","333415","78","0","2016","3","N","Gentry County, Missouri","Private","NAICS 333415 Ac, refrigeration, and forced air heating","County, NAICS 6-digit -- by ownership sector","All establishment sizes",1,0,0,0,0,0,0,0,"N",36.17,0,0,0,0,0,0,0,"N",0,0.0,0,0,0,0,0,0,0,0,0,0,0,0,0,0
"29075","5","333415","78","0","2016","4","N","Gentry County, Missouri","Private","NAICS 333415 Ac, refrigeration, and forced air heating","County, NAICS 6-digit -- by ownership sector","All establishment sizes",1,0,0,0,0,0,0,0,"N",35.88,0,0,0,0,0,0,0,"N",0,0.0,0,0,0,0,0,0,0,0,0,0,0,0,0,0
"29075","5","3335","76","0","2016","1","N","Gentry County, Missouri","Private","NAICS 3335 Metalworking machinery manufacturing","County, NAICS 4-digit -- by ownership sector","All establishment sizes",1,0,0,0,0,0,0,0,"N",4.77,0,0,0,0,0,0,0,"N",0,0.0,0,0,0,0,0,0,0,0,0,0,0,0,0,0
"29075","5","3335","76","0","2016","2","N","Gentry County, Missouri","Private","NAICS 3335 Metalworking machinery manufacturing","County, NAICS 4-digit -- by ownership sector","All establishment sizes",1,0,0,0,0,0,0,0,"N",4.85,0,0,0,0,0,0,0,"N",0,0.0,0,0,0,0,0,0,0,0,0,0,0,0,0,0
"29075","5","3335","76","0","2016","3","N","Gentry County, Missouri","Private","NAICS 3335 Metalworking machinery manufacturing","County, NAICS 4-digit -- by ownership sector","All establishment sizes",1,0,0,0,0,0,0,0,"N",5.00,0,0,0,0,0,0,0,"N",0,0.0,0,0,0,0,0,0,0,0,0,0,0,0,0,0
"29075","5","3335","76","0","2016","4","N","Gentry County, Missouri","Private","NAICS 3335 Metalworking machinery manufacturing","County, NAICS 4-digit -- by ownership sector","All establishment sizes",1,0,0,0,0,0,0,0,"N",5.03,0,0,0,0,0,0,0,"N",0,0.0,0,0,0,0,0,0,0,0,0,0,0,0,0,0
"29075","5","33351","77","0","2016","1","N","Gentry County, Missouri","Private","NAICS 33351 Metalworking machinery manufacturing","County, NAICS 5-digit -- by ownership sector","All establishment sizes",1,0,0,0,0,0,0,0,"N",4.77,0,0,0,0,0,0,0,"N",0,0.0,0,0,0,0,0,0,0,0,0,0,0,0,0,0
"29075","5","33351","77","0","2016","2","N","Gentry County, Missouri","Private","NAICS 33351 Metalworking machinery manufacturing","County, NAICS 5-digit -- by ownership sector","All establishment sizes",1,0,0,0,0,0,0,0,"N",4.85,0,0,0,0,0,0,0,"N",0,0.0,0,0,0,0,0,0,0,0,0,0,0,0,0,0
"29075","5","33351","77","0","2016","3","N","Gentry County, Missouri","Private","NAICS 33351 Metalworking machinery manufacturing","County, NAICS 5-digit -- by ownership sector","All establishment sizes",1,0,0,0,0,0,0,0,"N",5.00,0,0,0,0,0,0,0,"N",0,0.0,0,0,0,0,0,0,0,0,0,0,0,0,0,0
"29075","5","33351","77","0","2016","4","N","Gentry County, Missouri","Private","NAICS 33351 Metalworking machinery manufacturing","County, NAICS 5-digit -- by ownership sector","All establishment sizes",1,0,0,0,0,0,0,0,"N",5.03,0,0,0,0,0,0,0,"N",0,0.0,0,0,0,0,0,0,0,0,0,0,0,0,0,0
"29075","5","333514","78","0","2016","1","N","Gentry County, Missouri","Private","NAICS 333514 Special tool, die, jig, and fixture mfg.","County, NAICS 6-digit -- by ownership sector","All establishment sizes",1,0,0,0,0,0,0,0,"N",12.52,0,0,0,0,0,0,0,"N",0,0.0,0,0,0,0,0,0,0,0,0,0,0,0,0,0
"29075","5","333514","78","0","2016","2","N","Gentry County, Missouri","Private","NAICS 333514 Special tool, die, jig, and fixture mfg.","County, NAICS 6-digit -- by ownership sector","All establishment sizes",1,0,0,0,0,0,0,0,"N",12.82,0,0,0,0,0,0,0,"N",0,0.0,0,0,0,0,0,0,0,0,0,0,0,0,0,0
"29075","5","333514","78","0","2016","3","N","Gentry County, Missouri","Private","NAICS 333514 Special tool, die, jig, and fixture mfg.","County, NAICS 6-digit -- by ownership sector","All establishment sizes",1,0,0,0,0,0,0,0,"N",13.22,0,0,0,0,0,0,0,"N",0,0.0,0,0,0,0,0,0,0,0,0,0,0,0,0,0
"29075","5","333514","78","0","2016","4","N","Gentry County, Missouri","Private","NAICS 333514 Special tool, die, jig, and fixture mfg.","County, NAICS 6-digit -- by ownership sector","All establishment sizes",1,0,0,0,0,0,0,0,"N",13.33,0,0,0,0,0,0,0,"N",0,0.0,0,0,0,0,0,0,0,0,0,0,0,0,0,0
"29075","5","42","74","0","2016","1","","Gentry County, Missouri","Private","NAICS 42 Wholesale trade","County, NAICS Sector -- by ownership sector","All establishment sizes",12,132,136,136,2294670,1751848,23064,1311,"",0.79,1.45,1.50,1.49,2.46,2.88,3.16,1.66,"",-5,-29.4,-19,-12.6,-13,-8.7,-17,-11.1,-29356,-1.3,-19774,-1.1,-2767,-10.7,127,10.7
"29075","5","42","74","0","2016","2","","Gentry County, Missouri","Private","NAICS 42 Wholesale trade","County, NAICS Sector -- by ownership sector","All establishment sizes",12,131,139,140,2296915,609592,8701,1293,"",0.80,1.42,1.51,1.48,2.30,2.23,2.65,1.57,"",-5,-29.4,-20,-13.2,-14,-9.2,-10,-6.7,25534,1.1,-117774,-16.2,-1609,-15.6,138,11.9
"29075","5","42","74","0","2016","3","","Gentry County, Missouri","Private","NAICS 42 Wholesale trade","County, NAICS Sector -- by ownership sector","All establishment sizes",12,142,142,140,2346189,288102,4961,1277,"",0.83,1.60,1.58,1.54,2.37,2.36,3.16,1.51,"",-3,-20.0,1,0.7,5,3.6,7,5.3,65711,2.9,29110,11.2,1034,26.3,-3,-0.2
"29075","5","42","74","0","2016","4","","Gentry County, Missouri","Private","NAICS 42 Wholesale trade","County, NAICS Sector -- by ownership sector","All establishment sizes",13,142,142,143,2414044,192496,3048,1305,"",0.90,1.58,1.58,1.58,2.27,2.48,2.81,1.44,"",0,0.0,7,5.2,8,6.0,8,5.9,-22745,-0.9,50072,35.2,1245,69.1,-87,-6.2
"29075","5","423","75","0","2016","1","","Gentry County, Missouri","Private","NAICS 423 Merchant wholesalers, durable goods","County, NAICS 3-digit -- by ownership sector","All establishment sizes",4,24,24,24,176547,168113,1506,566,"",0.64,0.52,0.53,0.53,0.39,0.55,0.40,0.75,"N",0,0.0,0,0,0,0,0,0,0,0,0,0,0,0,0,0
"29075","5","423","75","0","2016","2","","Gentry County, Missouri","Private","NAICS 423 Merchant wholesalers, durable goods","County, NAICS 3-digit -- by ownership sector","All establishment sizes",5,22,22,23,205455,65924,890,708,"",0.81,0.48,0.48,0.49,0.42,0.49,0.55,0.87,"N",1,25.0,0,0,0,0,0,0,0,0,0,0,0,0,0,0
"29075","5","423","75","0","2016","3","","Gentry County, Missouri","Private","NAICS 423 Merchant wholesalers, durable goods","County, NAICS 3-digit -- by ownership sector","All establishment sizes",5,24,25,26,184741,29870,1040,568,"",0.84,0.54,0.56,0.57,0.38,0.52,1.40,0.68,"N",1,25.0,0,0,0,0,0,0,0,0,0,0,0,0,0,0
"29075","5","423","75","0","2016","4","","Gentry County, Missouri","Private","NAICS 423 Merchant wholesalers, durable goods","County, NAICS 3-digit -- by ownership sector","All establishment sizes",5,26,27,24,199970,15001,390,599,"",0.84,0.58,0.60,0.53,0.38,0.42,0.78,0.66,"N",1,25.0,0,0,0,0,0,0,0,0,0,0,0,0,0,0
"29075","5","4232","76","0","2016","1","N","Gentry County, Missouri","Private","NAICS 4232 Furniture and furnishing merchant wholesalers","County, NAICS 4-digit -- by ownership sector","All establishment sizes",1,0,0,0,0,0,0,0,"N",3.90,0,0,0,0,0,0,0,"N",0,0.0,0,0,0,0,0,0,0,0,0,0,0,0,0,0
"29075","5","4232","76","0","2016","2","N","Gentry County, Missouri","Private","NAICS 4232 Furniture and furnishing merchant wholesalers","County, NAICS 4-digit -- by ownership sector","All establishment sizes",1,0,0,0,0,0,0,0,"N",3.94,0,0,0,0,0,0,0,"N",0,0.0,0,0,0,0,0,0,0,0,0,0,0,0,0,0
"29075","5","4232","76","0","2016","3","N","Gentry County, Missouri","Private","NAICS 4232 Furniture and furnishing merchant wholesalers","County, NAICS 4-digit -- by ownership sector","All establishment sizes",1,0,0,0,0,0,0,0,"N",4.06,0,0,0,0,0,0,0,"N",0,0.0,0,0,0,0,0,0,0,0,0,0,0,0,0,0
"29075","5","4232","76","0","2016","4","N","Gentry County, Missouri","Private","NAICS 4232 Furniture and furnishing merchant wholesalers","County, NAICS 4-digit -- by ownership sector","All establishment sizes",1,0,0,0,0,0,0,0,"N",4.06,0,0,0,0,0,0,0,"N",0,0.0,0,0,0,0,0,0,0,0,0,0,0,0,0,0
"29075","5","42322","77","0","2016","1","N","Gentry County, Missouri","Private","NAICS 42322 Home furnishing merchant wholesalers","County, NAICS 5-digit -- by ownership sector","All establishment sizes",1,0,0,0,0,0,0,0,"N",6.91,0,0,0,0,0,0,0,"N",0,0.0,0,0,0,0,0,0,0,0,0,0,0,0,0,0
"29075","5","42322","77","0","2016","2","N","Gentry County, Missouri","Private","NAICS 42322 Home furnishing merchant wholesalers","County, NAICS 5-digit -- by ownership sector","All establishment sizes",1,0,0,0,0,0,0,0,"N",7.00,0,0,0,0,0,0,0,"N",0,0.0,0,0,0,0,0,0,0,0,0,0,0,0,0,0
"29075","5","42322","77","0","2016","3","N","Gentry County, Missouri","Private","NAICS 42322 Home furnishing merchant wholesalers","County, NAICS 5-digit -- by ownership sector","All establishment sizes",1,0,0,0,0,0,0,0,"N",7.23,0,0,0,0,0,0,0,"N",0,0.0,0,0,0,0,0,0,0,0,0,0,0,0,0,0
"29075","5","42322","77","0","2016","4","N","Gentry County, Missouri","Private","NAICS 42322 Home furnishing merchant wholesalers","County, NAICS 5-digit -- by ownership sector","All establishment sizes",1,0,0,0,0,0,0,0,"N",7.24,0,0,0,0,0,0,0,"N",0,0.0,0,0,0,0,0,0,0,0,0,0,0,0,0,0
"29075","5","423220","78","0","2016","1","N","Gentry County, Missouri","Private","NAICS 423220 Home furnishing merchant wholesalers","County, NAICS 6-digit -- by ownership sector","All establishment sizes",1,0,0,0,0,0,0,0,"N",6.91,0,0,0,0,0,0,0,"N",0,0.0,0,0,0,0,0,0,0,0,0,0,0,0,0,0
"29075","5","423220","78","0","2016","2","N","Gentry County, Missouri","Private","NAICS 423220 Home furnishing merchant wholesalers","County, NAICS 6-digit -- by ownership sector","All establishment sizes",1,0,0,0,0,0,0,0,"N",7.00,0,0,0,0,0,0,0,"N",0,0.0,0,0,0,0,0,0,0,0,0,0,0,0,0,0
"29075","5","423220","78","0","2016","3","N","Gentry County, Missouri","Private","NAICS 423220 Home furnishing merchant wholesalers","County, NAICS 6-digit -- by ownership sector","All establishment sizes",1,0,0,0,0,0,0,0,"N",7.23,0,0,0,0,0,0,0,"N",0,0.0,0,0,0,0,0,0,0,0,0,0,0,0,0,0
"29075","5","423220","78","0","2016","4","N","Gentry County, Missouri","Private","NAICS 423220 Home furnishing merchant wholesalers","County, NAICS 6-digit -- by ownership sector","All establishment sizes",1,0,0,0,0,0,0,0,"N",7.24,0,0,0,0,0,0,0,"N",0,0.0,0,0,0,0,0,0,0,0,0,0,0,0,0,0
"29075","5","4233","76","0","2016","1","-","Gentry County, Missouri","Private","NAICS 4233 Lumber and const. supply merchant wholesalers","County, NAICS 4-digit -- by ownership sector","All establishment sizes",0,0,0,0,0,0,0,0,"N",0.00,0,0,0,0,0,0,0,"N",0,0,0,0,0,0,0,0,0,0,0,0,0,0,0,0
"29075","5","4233","76","0","2016","2","N","Gentry County, Missouri","Private","NAICS 4233 Lumber and const. supply merchant wholesalers","County, NAICS 4-digit -- by ownership sector","All establishment sizes",1,0,0,0,0,0,0,0,"N",2.22,0,0,0,0,0,0,0,"N",1,100.0,0,0,0,0,0,0,0,0,0,0,0,0,0,0
"29075","5","4233","76","0","2016","3","N","Gentry County, Missouri","Private","NAICS 4233 Lumber and const. supply merchant wholesalers","County, NAICS 4-digit -- by ownership sector","All establishment sizes",1,0,0,0,0,0,0,0,"N",2.28,0,0,0,0,0,0,0,"N",1,100.0,0,0,0,0,0,0,0,0,0,0,0,0,0,0
"29075","5","4233","76","0","2016","4","N","Gentry County, Missouri","Private","NAICS 4233 Lumber and const. supply merchant wholesalers","County, NAICS 4-digit -- by ownership sector","All establishment sizes",1,0,0,0,0,0,0,0,"N",2.28,0,0,0,0,0,0,0,"N",1,100.0,0,0,0,0,0,0,0,0,0,0,0,0,0,0
"29075","5","42332","77","0","2016","1","-","Gentry County, Missouri","Private","NAICS 42332 Masonry material merchant wholesalers","County, NAICS 5-digit -- by ownership sector","All establishment sizes",0,0,0,0,0,0,0,0,"N",0.00,0,0,0,0,0,0,0,"N",0,0,0,0,0,0,0,0,0,0,0,0,0,0,0,0
"29075","5","42332","77","0","2016","2","N","Gentry County, Missouri","Private","NAICS 42332 Masonry material merchant wholesalers","County, NAICS 5-digit -- by ownership sector","All establishment sizes",1,0,0,0,0,0,0,0,"N",7.48,0,0,0,0,0,0,0,"N",1,100.0,0,0,0,0,0,0,0,0,0,0,0,0,0,0
"29075","5","42332","77","0","2016","3","N","Gentry County, Missouri","Private","NAICS 42332 Masonry material merchant wholesalers","County, NAICS 5-digit -- by ownership sector","All establishment sizes",1,0,0,0,0,0,0,0,"N",7.71,0,0,0,0,0,0,0,"N",1,100.0,0,0,0,0,0,0,0,0,0,0,0,0,0,0
"29075","5","42332","77","0","2016","4","N","Gentry County, Missouri","Private","NAICS 42332 Masonry material merchant wholesalers","County, NAICS 5-digit -- by ownership sector","All establishment sizes",1,0,0,0,0,0,0,0,"N",7.69,0,0,0,0,0,0,0,"N",1,100.0,0,0,0,0,0,0,0,0,0,0,0,0,0,0
"29075","5","423320","78","0","2016","1","-","Gentry County, Missouri","Private","NAICS 423320 Masonry material merchant wholesalers","County, NAICS 6-digit -- by ownership sector","All establishment sizes",0,0,0,0,0,0,0,0,"N",0.00,0,0,0,0,0,0,0,"N",0,0,0,0,0,0,0,0,0,0,0,0,0,0,0,0
"29075","5","423320","78","0","2016","2","N","Gentry County, Missouri","Private","NAICS 423320 Masonry material merchant wholesalers","County, NAICS 6-digit -- by ownership sector","All establishment sizes",1,0,0,0,0,0,0,0,"N",7.48,0,0,0,0,0,0,0,"N",1,100.0,0,0,0,0,0,0,0,0,0,0,0,0,0,0
"29075","5","423320","78","0","2016","3","N","Gentry County, Missouri","Private","NAICS 423320 Masonry material merchant wholesalers","County, NAICS 6-digit -- by ownership sector","All establishment sizes",1,0,0,0,0,0,0,0,"N",7.71,0,0,0,0,0,0,0,"N",1,100.0,0,0,0,0,0,0,0,0,0,0,0,0,0,0
"29075","5","423320","78","0","2016","4","N","Gentry County, Missouri","Private","NAICS 423320 Masonry material merchant wholesalers","County, NAICS 6-digit -- by ownership sector","All establishment sizes",1,0,0,0,0,0,0,0,"N",7.69,0,0,0,0,0,0,0,"N",1,100.0,0,0,0,0,0,0,0,0,0,0,0,0,0,0
"29075","5","4238","76","0","2016","1","N","Gentry County, Missouri","Private","NAICS 4238 Machinery and supply merchant wholesalers","County, NAICS 4-digit -- by ownership sector","All establishment sizes",1,0,0,0,0,0,0,0,"N",0.67,0,0,0,0,0,0,0,"N",0,0.0,0,0,0,0,0,0,0,0,0,0,0,0,0,0
"29075","5","4238","76","0","2016","2","N","Gentry County, Missouri","Private","NAICS 4238 Machinery and supply merchant wholesalers","County, NAICS 4-digit -- by ownership sector","All establishment sizes",1,0,0,0,0,0,0,0,"N",0.68,0,0,0,0,0,0,0,"N",0,0.0,0,0,0,0,0,0,0,0,0,0,0,0,0,0
"29075","5","4238","76","0","2016","3","N","Gentry County, Missouri","Private","NAICS 4238 Machinery and supply merchant wholesalers","County, NAICS 4-digit -- by ownership sector","All establishment sizes",1,0,0,0,0,0,0,0,"N",0.70,0,0,0,0,0,0,0,"N",0,0.0,0,0,0,0,0,0,0,0,0,0,0,0,0,0
"29075","5","4238","76","0","2016","4","N","Gentry County, Missouri","Private","NAICS 4238 Machinery and supply merchant wholesalers","County, NAICS 4-digit -- by ownership sector","All establishment sizes",1,0,0,0,0,0,0,0,"N",0.70,0,0,0,0,0,0,0,"N",0,0.0,0,0,0,0,0,0,0,0,0,0,0,0,0,0
"29075","5","42382","77","0","2016","1","N","Gentry County, Missouri","Private","NAICS 42382 Farm and garden equip. merchant wholesalers","County, NAICS 5-digit -- by ownership sector","All establishment sizes",1,0,0,0,0,0,0,0,"N",4.97,0,0,0,0,0,0,0,"N",0,0.0,0,0,0,0,0,0,0,0,0,0,0,0,0,0
"29075","5","42382","77","0","2016","2","N","Gentry County, Missouri","Private","NAICS 42382 Farm and garden equip. merchant wholesalers","County, NAICS 5-digit -- by ownership sector","All establishment sizes",1,0,0,0,0,0,0,0,"N",5.07,0,0,0,0,0,0,0,"N",0,0.0,0,0,0,0,0,0,0,0,0,0,0,0,0,0
"29075","5","42382","77","0","2016","3","N","Gentry County, Missouri","Private","NAICS 42382 Farm and garden equip. merchant wholesalers","County, NAICS 5-digit -- by ownership sector","All establishment sizes",1,0,0,0,0,0,0,0,"N",5.23,0,0,0,0,0,0,0,"N",0,0.0,0,0,0,0,0,0,0,0,0,0,0,0,0,0
"29075","5","42382","77","0","2016","4","N","Gentry County, Missouri","Private","NAICS 42382 Farm and garden equip. merchant wholesalers","County, NAICS 5-digit -- by ownership sector","All establishment sizes",1,0,0,0,0,0,0,0,"N",5.25,0,0,0,0,0,0,0,"N",0,0.0,0,0,0,0,0,0,0,0,0,0,0,0,0,0
"29075","5","423820","78","0","2016","1","N","Gentry County, Missouri","Private","NAICS 423820 Farm and garden equip. merchant wholesalers","County, NAICS 6-digit -- by ownership sector","All establishment sizes",1,0,0,0,0,0,0,0,"N",4.97,0,0,0,0,0,0,0,"N",0,0.0,0,0,0,0,0,0,0,0,0,0,0,0,0,0
"29075","5","423820","78","0","2016","2","N","Gentry County, Missouri","Private","NAICS 423820 Farm and garden equip. merchant wholesalers","County, NAICS 6-digit -- by ownership sector","All establishment sizes",1,0,0,0,0,0,0,0,"N",5.07,0,0,0,0,0,0,0,"N",0,0.0,0,0,0,0,0,0,0,0,0,0,0,0,0,0
"29075","5","423820","78","0","2016","3","N","Gentry County, Missouri","Private","NAICS 423820 Farm and garden equip. merchant wholesalers","County, NAICS 6-digit -- by ownership sector","All establishment sizes",1,0,0,0,0,0,0,0,"N",5.23,0,0,0,0,0,0,0,"N",0,0.0,0,0,0,0,0,0,0,0,0,0,0,0,0,0
"29075","5","423820","78","0","2016","4","N","Gentry County, Missouri","Private","NAICS 423820 Farm and garden equip. merchant wholesalers","County, NAICS 6-digit -- by ownership sector","All establishment sizes",1,0,0,0,0,0,0,0,"N",5.25,0,0,0,0,0,0,0,"N",0,0.0,0,0,0,0,0,0,0,0,0,0,0,0,0,0
"29075","5","4239","76","0","2016","1","N","Gentry County, Missouri","Private","NAICS 4239 Misc. durable goods merchant wholesalers","County, NAICS 4-digit -- by ownership sector","All establishment sizes",2,0,0,0,0,0,0,0,"N",2.34,0,0,0,0,0,0,0,"N",0,0.0,0,0,0,0,0,0,0,0,0,0,0,0,0,0
"29075","5","4239","76","0","2016","2","N","Gentry County, Missouri","Private","NAICS 4239 Misc. durable goods merchant wholesalers","County, NAICS 4-digit -- by ownership sector","All establishment sizes",2,0,0,0,0,0,0,0,"N",2.37,0,0,0,0,0,0,0,"N",0,0.0,0,0,0,0,0,0,0,0,0,0,0,0,0,0
"29075","5","4239","76","0","2016","3","N","Gentry County, Missouri","Private","NAICS 4239 Misc. durable goods merchant wholesalers","County, NAICS 4-digit -- by ownership sector","All establishment sizes",2,0,0,0,0,0,0,0,"N",2.44,0,0,0,0,0,0,0,"N",0,0.0,0,0,0,0,0,0,0,0,0,0,0,0,0,0
"29075","5","4239","76","0","2016","4","N","Gentry County, Missouri","Private","NAICS 4239 Misc. durable goods merchant wholesalers","County, NAICS 4-digit -- by ownership sector","All establishment sizes",2,0,0,0,0,0,0,0,"N",2.44,0,0,0,0,0,0,0,"N",0,0.0,0,0,0,0,0,0,0,0,0,0,0,0,0,0
"29075","5","42393","77","0","2016","1","N","Gentry County, Missouri","Private","NAICS 42393 Recyclable material merchant wholesalers","County, NAICS 5-digit -- by ownership sector","All establishment sizes",2,0,0,0,0,0,0,0,"N",9.49,0,0,0,0,0,0,0,"N",0,0.0,0,0,0,0,0,0,0,0,0,0,0,0,0,0
"29075","5","42393","77","0","2016","2","N","Gentry County, Missouri","Private","NAICS 42393 Recyclable material merchant wholesalers","County, NAICS 5-digit -- by ownership sector","All establishment sizes",2,0,0,0,0,0,0,0,"N",9.71,0,0,0,0,0,0,0,"N",0,0.0,0,0,0,0,0,0,0,0,0,0,0,0,0,0
"29075","5","42393","77","0","2016","3","N","Gentry County, Missouri","Private","NAICS 42393 Recyclable material merchant wholesalers","County, NAICS 5-digit -- by ownership sector","All establishment sizes",2,0,0,0,0,0,0,0,"N",10.08,0,0,0,0,0,0,0,"N",0,0.0,0,0,0,0,0,0,0,0,0,0,0,0,0,0
"29075","5","42393","77","0","2016","4","N","Gentry County, Missouri","Private","NAICS 42393 Recyclable material merchant wholesalers","County, NAICS 5-digit -- by ownership sector","All establishment sizes",2,0,0,0,0,0,0,0,"N",10.17,0,0,0,0,0,0,0,"N",0,0.0,0,0,0,0,0,0,0,0,0,0,0,0,0,0
"29075","5","423930","78","0","2016","1","N","Gentry County, Missouri","Private","NAICS 423930 Recyclable material merchant wholesalers","County, NAICS 6-digit -- by ownership sector","All establishment sizes",2,0,0,0,0,0,0,0,"N",9.49,0,0,0,0,0,0,0,"N",0,0.0,0,0,0,0,0,0,0,0,0,0,0,0,0,0
"29075","5","423930","78","0","2016","2","N","Gentry County, Missouri","Private","NAICS 423930 Recyclable material merchant wholesalers","County, NAICS 6-digit -- by ownership sector","All establishment sizes",2,0,0,0,0,0,0,0,"N",9.71,0,0,0,0,0,0,0,"N",0,0.0,0,0,0,0,0,0,0,0,0,0,0,0,0,0
"29075","5","423930","78","0","2016","3","N","Gentry County, Missouri","Private","NAICS 423930 Recyclable material merchant wholesalers","County, NAICS 6-digit -- by ownership sector","All establishment sizes",2,0,0,0,0,0,0,0,"N",10.08,0,0,0,0,0,0,0,"N",0,0.0,0,0,0,0,0,0,0,0,0,0,0,0,0,0
"29075","5","423930","78","0","2016","4","N","Gentry County, Missouri","Private","NAICS 423930 Recyclable material merchant wholesalers","County, NAICS 6-digit -- by ownership sector","All establishment sizes",2,0,0,0,0,0,0,0,"N",10.17,0,0,0,0,0,0,0,"N",0,0.0,0,0,0,0,0,0,0,0,0,0,0,0,0,0
"29075","5","424","75","0","2016","1","","Gentry County, Missouri","Private","NAICS 424 Merchant wholesalers, nondurable goods","County, NAICS 3-digit -- by ownership sector","All establishment sizes",8,108,112,112,2118123,1583735,21558,1472,"",2.35,3.42,3.57,3.56,7.26,7.91,9.18,2.06,"",-4,-33.3,-21,-16.3,-15,-11.8,-19,-14.5,-23320,-1.1,-18375,-1.1,-1532,-6.6,195,15.3
"29075","5","424","75","0","2016","2","","Gentry County, Missouri","Private","NAICS 424 Merchant wholesalers, nondurable goods","County, NAICS 3-digit -- by ownership sector","All establishment sizes",7,109,117,117,2091460,543668,7811,1407,"",2.08,3.39,3.65,3.56,6.79,5.37,6.59,1.92,"",-5,-41.7,-22,-16.8,-14,-10.7,-10,-7.9,2056,0.1,-128119,-19.1,-1340,-14.6,167,13.5
"29075","5","424","75","0","2016","3","","Gentry County, Missouri","Private","NAICS 424 Merchant wholesalers, nondurable goods","County, NAICS 3-digit -- by ownership sector","All establishment sizes",7,118,117,114,2161448,258232,3921,1429,"",2.13,3.82,3.75,3.60,7.11,5.62,6.94,1.91,"",-3,-30.0,2,1.7,5,4.5,6,5.6,111912,5.5,36213,16.3,1109,39.4,21,1.5
"29075","5","424","75","0","2016","4","","Gentry County, Missouri","Private","NAICS 424 Merchant wholesalers, nondurable goods","County, NAICS 3-digit -- by ownership sector","All establishment sizes",8,116,115,119,2214074,177495,2658,1460,"",2.44,3.71,3.68,3.79,6.81,6.11,6.90,1.83,"",0,0.0,5,4.5,5,4.5,8,7.2,-25372,-1.1,48455,37.6,1114,72.2,-97,-6.2
"29075","5","4245","76","0","2016","1","N","Gentry County, Missouri","Private","NAICS 4245 Farm product raw material merch. whls.","County, NAICS 4-digit -- by ownership sector","All establishment sizes",1,0,0,0,0,0,0,0,"N",6.48,0,0,0,0,0,0,0,"N",-2,-66.7,0,0,0,0,0,0,0,0,0,0,0,0,0,0
"29075","5","4245","76","0","2016","2","N","Gentry County, Missouri","Private","NAICS 4245 Farm product raw material merch. whls.","County, NAICS 4-digit -- by ownership sector","All establishment sizes",1,0,0,0,0,0,0,0,"N",6.61,0,0,0,0,0,0,0,"N",-2,-66.7,0,0,0,0,0,0,0,0,0,0,0,0,0,0
"29075","5","4245","76","0","2016","3","N","Gentry County, Missouri","Private","NAICS 4245 Farm product raw material merch. whls.","County, NAICS 4-digit -- by ownership sector","All establishment sizes",1,0,0,0,0,0,0,0,"N",6.81,0,0,0,0,0,0,0,"N",-1,-50.0,0,0,0,0,0,0,0,0,0,0,0,0,0,0
"29075","5","4245","76","0","2016","4","N","Gentry County, Missouri","Private","NAICS 4245 Farm product raw material merch. whls.","County, NAICS 4-digit -- by ownership sector","All establishment sizes",1,0,0,0,0,0,0,0,"N",6.84,0,0,0,0,0,0,0,"N",0,0.0,0,0,0,0,0,0,0,0,0,0,0,0,0,0
"29075","5","42451","77","0","2016","1","N","Gentry County, Missouri","Private","NAICS 42451 Grain and field bean merchant wholesalers","County, NAICS 5-digit -- by ownership sector","All establishment sizes",1,0,0,0,0,0,0,0,"N",10.04,0,0,0,0,0,0,0,"N",-2,-66.7,0,0,0,0,0,0,0,0,0,0,0,0,0,0
"29075","5","42451","77","0","2016","2","N","Gentry County, Missouri","Private","NAICS 42451 Grain and field bean merchant wholesalers","County, NAICS 5-digit -- by ownership sector","All establishment sizes",1,0,0,0,0,0,0,0,"N",10.32,0,0,0,0,0,0,0,"N",-2,-66.7,0,0,0,0,0,0,0,0,0,0,0,0,0,0
"29075","5","42451","77","0","2016","3","N","Gentry County, Missouri","Private","NAICS 42451 Grain and field bean merchant wholesalers","County, NAICS 5-digit -- by ownership sector","All establishment sizes",1,0,0,0,0,0,0,0,"N",10.59,0,0,0,0,0,0,0,"N",-1,-50.0,0,0,0,0,0,0,0,0,0,0,0,0,0,0
"29075","5","42451","77","0","2016","4","N","Gentry County, Missouri","Private","NAICS 42451 Grain and field bean merchant wholesalers","County, NAICS 5-digit -- by ownership sector","All establishment sizes",1,0,0,0,0,0,0,0,"N",10.69,0,0,0,0,0,0,0,"N",0,0.0,0,0,0,0,0,0,0,0,0,0,0,0,0,0
"29075","5","424510","78","0","2016","1","N","Gentry County, Missouri","Private","NAICS 424510 Grain and field bean merchant wholesalers","County, NAICS 6-digit -- by ownership sector","All establishment sizes",1,0,0,0,0,0,0,0,"N",10.04,0,0,0,0,0,0,0,"N",-2,-66.7,0,0,0,0,0,0,0,0,0,0,0,0,0,0
"29075","5","424510","78","0","2016","2","N","Gentry County, Missouri","Private","NAICS 424510 Grain and field bean merchant wholesalers","County, NAICS 6-digit -- by ownership sector","All establishment sizes",1,0,0,0,0,0,0,0,"N",10.32,0,0,0,0,0,0,0,"N",-2,-66.7,0,0,0,0,0,0,0,0,0,0,0,0,0,0
"29075","5","424510","78","0","2016","3","N","Gentry County, Missouri","Private","NAICS 424510 Grain and field bean merchant wholesalers","County, NAICS 6-digit -- by ownership sector","All establishment sizes",1,0,0,0,0,0,0,0,"N",10.59,0,0,0,0,0,0,0,"N",-1,-50.0,0,0,0,0,0,0,0,0,0,0,0,0,0,0
"29075","5","424510","78","0","2016","4","N","Gentry County, Missouri","Private","NAICS 424510 Grain and field bean merchant wholesalers","County, NAICS 6-digit -- by ownership sector","All establishment sizes",1,0,0,0,0,0,0,0,"N",10.69,0,0,0,0,0,0,0,"N",0,0.0,0,0,0,0,0,0,0,0,0,0,0,0,0,0
"29075","5","4247","76","0","2016","1","N","Gentry County, Missouri","Private","NAICS 4247 Petroleum merchant wholesalers","County, NAICS 4-digit -- by ownership sector","All establishment sizes",2,0,0,0,0,0,0,0,"N",10.58,0,0,0,0,0,0,0,"N",0,0.0,0,0,0,0,0,0,0,0,0,0,0,0,0,0
"29075","5","4247","76","0","2016","2","N","Gentry County, Missouri","Private","NAICS 4247 Petroleum merchant wholesalers","County, NAICS 4-digit -- by ownership sector","All establishment sizes",2,0,0,0,0,0,0,0,"N",10.80,0,0,0,0,0,0,0,"N",0,0.0,0,0,0,0,0,0,0,0,0,0,0,0,0,0
"29075","5","4247","76","0","2016","3","N","Gentry County, Missouri","Private","NAICS 4247 Petroleum merchant wholesalers","County, NAICS 4-digit -- by ownership sector","All establishment sizes",2,0,0,0,0,0,0,0,"N",11.14,0,0,0,0,0,0,0,"N",0,0.0,0,0,0,0,0,0,0,0,0,0,0,0,0,0
"29075","5","4247","76","0","2016","4","N","Gentry County, Missouri","Private","NAICS 4247 Petroleum merchant wholesalers","County, NAICS 4-digit -- by ownership sector","All establishment sizes",2,0,0,0,0,0,0,0,"N",11.18,0,0,0,0,0,0,0,"N",0,0.0,0,0,0,0,0,0,0,0,0,0,0,0,0,0
"29075","5","42471","77","0","2016","1","N","Gentry County, Missouri","Private","NAICS 42471 Petroleum bulk stations and terminals","County, NAICS 5-digit -- by ownership sector","All establishment sizes",2,0,0,0,0,0,0,0,"N",30.22,0,0,0,0,0,0,0,"N",0,0.0,0,0,0,0,0,0,0,0,0,0,0,0,0,0
"29075","5","42471","77","0","2016","2","N","Gentry County, Missouri","Private","NAICS 42471 Petroleum bulk stations and terminals","County, NAICS 5-digit -- by ownership sector","All establishment sizes",2,0,0,0,0,0,0,0,"N",30.89,0,0,0,0,0,0,0,"N",0,0.0,0,0,0,0,0,0,0,0,0,0,0,0,0,0
"29075","5","42471","77","0","2016","3","N","Gentry County, Missouri","Private","NAICS 42471 Petroleum bulk stations and terminals","County, NAICS 5-digit -- by ownership sector","All establishment sizes",2,0,0,0,0,0,0,0,"N",31.83,0,0,0,0,0,0,0,"N",0,0.0,0,0,0,0,0,0,0,0,0,0,0,0,0,0
"29075","5","42471","77","0","2016","4","N","Gentry County, Missouri","Private","NAICS 42471 Petroleum bulk stations and terminals","County, NAICS 5-digit -- by ownership sector","All establishment sizes",2,0,0,0,0,0,0,0,"N",31.94,0,0,0,0,0,0,0,"N",0,0.0,0,0,0,0,0,0,0,0,0,0,0,0,0,0
"29075","5","424710","78","0","2016","1","N","Gentry County, Missouri","Private","NAICS 424710 Petroleum bulk stations and terminals","County, NAICS 6-digit -- by ownership sector","All establishment sizes",2,0,0,0,0,0,0,0,"N",30.22,0,0,0,0,0,0,0,"N",0,0.0,0,0,0,0,0,0,0,0,0,0,0,0,0,0
"29075","5","424710","78","0","2016","2","N","Gentry County, Missouri","Private","NAICS 424710 Petroleum bulk stations and terminals","County, NAICS 6-digit -- by ownership sector","All establishment sizes",2,0,0,0,0,0,0,0,"N",30.89,0,0,0,0,0,0,0,"N",0,0.0,0,0,0,0,0,0,0,0,0,0,0,0,0,0
"29075","5","424710","78","0","2016","3","N","Gentry County, Missouri","Private","NAICS 424710 Petroleum bulk stations and terminals","County, NAICS 6-digit -- by ownership sector","All establishment sizes",2,0,0,0,0,0,0,0,"N",31.83,0,0,0,0,0,0,0,"N",0,0.0,0,0,0,0,0,0,0,0,0,0,0,0,0,0
"29075","5","424710","78","0","2016","4","N","Gentry County, Missouri","Private","NAICS 424710 Petroleum bulk stations and terminals","County, NAICS 6-digit -- by ownership sector","All establishment sizes",2,0,0,0,0,0,0,0,"N",31.94,0,0,0,0,0,0,0,"N",0,0.0,0,0,0,0,0,0,0,0,0,0,0,0,0,0
"29075","5","4249","76","0","2016","1","N","Gentry County, Missouri","Private","NAICS 4249 Misc. nondurable goods merchant wholesalers","County, NAICS 4-digit -- by ownership sector","All establishment sizes",5,0,0,0,0,0,0,0,"N",6.21,0,0,0,0,0,0,0,"N",-2,-28.6,0,0,0,0,0,0,0,0,0,0,0,0,0,0
"29075","5","4249","76","0","2016","2","N","Gentry County, Missouri","Private","NAICS 4249 Misc. nondurable goods merchant wholesalers","County, NAICS 4-digit -- by ownership sector","All establishment sizes",4,0,0,0,0,0,0,0,"N",5.04,0,0,0,0,0,0,0,"N",-3,-42.9,0,0,0,0,0,0,0,0,0,0,0,0,0,0
"29075","5","4249","76","0","2016","3","N","Gentry County, Missouri","Private","NAICS 4249 Misc. nondurable goods merchant wholesalers","County, NAICS 4-digit -- by ownership sector","All establishment sizes",4,0,0,0,0,0,0,0,"N",5.18,0,0,0,0,0,0,0,"N",-2,-33.3,0,0,0,0,0,0,0,0,0,0,0,0,0,0
"29075","5","4249","76","0","2016","4","N","Gentry County, Missouri","Private","NAICS 4249 Misc. nondurable goods merchant wholesalers","County, NAICS 4-digit -- by ownership sector","All establishment sizes",5,0,0,0,0,0,0,0,"N",6.47,0,0,0,0,0,0,0,"N",0,0.0,0,0,0,0,0,0,0,0,0,0,0,0,0,0
"29075","5","42491","77","0","2016","1","N","Gentry County, Missouri","Private","NAICS 42491 Farm supplies merchant wholesalers","County, NAICS 5-digit -- by ownership sector","All establishment sizes",5,0,0,0,0,0,0,0,"N",18.13,0,0,0,0,0,0,0,"N",-2,-28.6,0,0,0,0,0,0,0,0,0,0,0,0,0,0
"29075","5","42491","77","0","2016","2","N","Gentry County, Missouri","Private","NAICS 42491 Farm supplies merchant wholesalers","County, NAICS 5-digit -- by ownership sector","All establishment sizes",4,0,0,0,0,0,0,0,"N",14.77,0,0,0,0,0,0,0,"N",-3,-42.9,0,0,0,0,0,0,0,0,0,0,0,0,0,0
"29075","5","42491","77","0","2016","3","N","Gentry County, Missouri","Private","NAICS 42491 Farm supplies merchant wholesalers","County, NAICS 5-digit -- by ownership sector","All establishment sizes",4,0,0,0,0,0,0,0,"N",15.18,0,0,0,0,0,0,0,"N",-2,-33.3,0,0,0,0,0,0,0,0,0,0,0,0,0,0
"29075","5","42491","77","0","2016","4","N","Gentry County, Missouri","Private","NAICS 42491 Farm supplies merchant wholesalers","County, NAICS 5-digit -- by ownership sector","All establishment sizes",5,0,0,0,0,0,0,0,"N",18.96,0,0,0,0,0,0,0,"N",0,0.0,0,0,0,0,0,0,0,0,0,0,0,0,0,0
"29075","5","424910","78","0","2016","1","N","Gentry County, Missouri","Private","NAICS 424910 Farm supplies merchant wholesalers","County, NAICS 6-digit -- by ownership sector","All establishment sizes",5,0,0,0,0,0,0,0,"N",18.13,0,0,0,0,0,0,0,"N",-2,-28.6,0,0,0,0,0,0,0,0,0,0,0,0,0,0
"29075","5","424910","78","0","2016","2","N","Gentry County, Missouri","Private","NAICS 424910 Farm supplies merchant wholesalers","County, NAICS 6-digit -- by ownership sector","All establishment sizes",4,0,0,0,0,0,0,0,"N",14.77,0,0,0,0,0,0,0,"N",-3,-42.9,0,0,0,0,0,0,0,0,0,0,0,0,0,0
"29075","5","424910","78","0","2016","3","N","Gentry County, Missouri","Private","NAICS 424910 Farm supplies merchant wholesalers","County, NAICS 6-digit -- by ownership sector","All establishment sizes",4,0,0,0,0,0,0,0,"N",15.18,0,0,0,0,0,0,0,"N",-2,-33.3,0,0,0,0,0,0,0,0,0,0,0,0,0,0
"29075","5","424910","78","0","2016","4","N","Gentry County, Missouri","Private","NAICS 424910 Farm supplies merchant wholesalers","County, NAICS 6-digit -- by ownership sector","All establishment sizes",5,0,0,0,0,0,0,0,"N",18.96,0,0,0,0,0,0,0,"N",0,0.0,0,0,0,0,0,0,0,0,0,0,0,0,0,0
"29075","5","44-45","74","0","2016","1","","Gentry County, Missouri","Private","NAICS 44-45 Retail trade","County, NAICS Sector -- by ownership sector","All establishment sizes",32,233,235,241,1234213,1139906,10416,402,"",1.25,0.95,0.97,0.99,1.26,1.22,1.16,1.30,"",0,0.0,-22,-8.6,-16,-6.4,-18,-6.9,-59992,-4.6,-32318,-2.8,-3476,-25.0,12,3.1
"29075","5","44-45","74","0","2016","2","","Gentry County, Missouri","Private","NAICS 44-45 Retail trade","County, NAICS Sector -- by ownership sector","All establishment sizes",32,252,243,242,1386388,852606,10566,434,"",1.26,1.02,0.98,0.95,1.21,1.14,1.38,1.23,"",1,3.2,-6,-2.3,-13,-5.1,-14,-5.5,-127546,-8.4,-46599,-5.2,-1832,-14.8,-20,-4.4
"29075","5","44-45","74","0","2016","3","","Gentry County, Missouri","Private","NAICS 44-45 Retail trade","County, NAICS Sector -- by ownership sector","All establishment sizes",32,242,243,236,1726815,482280,6586,553,"",1.30,1.01,1.00,0.97,1.54,1.22,1.57,1.55,"",0,0.0,-15,-5.8,-10,-4.0,-10,-4.1,125898,7.9,-3589,-0.7,-459,-6.5,64,13.1
"29075","5","44-45","74","0","2016","4","","Gentry County, Missouri","Private","NAICS 44-45 Retail trade","County, NAICS Sector -- by ownership sector","All establishment sizes",33,230,239,238,1447640,323033,3519,473,"",1.34,0.95,0.96,0.94,1.22,1.15,1.14,1.29,"",1,3.1,-19,-7.6,-14,-5.5,0,0.0,-295010,-16.9,-56404,-14.9,-1289,-26.8,-70,-12.9
"29075","5","441","75","0","2016","1","","Gentry County, Missouri","Private","NAICS 441 Motor vehicle and parts dealers","County, NAICS 3-digit -- by ownership sector","All establishment sizes",6,19,19,19,120773,117933,407,489,"",2.09,0.62,0.62,0.62,0.63,0.71,0.22,1.01,"",0,0.0,-3,-13.6,-3,-13.6,-3,-13.6,-13057,-9.8,-13859,-10.5,-512,-55.7,21,4.5
"29075","5","441","75","0","2016","2","","Gentry County, Missouri","Private","NAICS 441 Motor vehicle and parts dealers","County, NAICS 3-digit -- by ownership sector","All establishment sizes",6,22,20,20,127084,93171,421,473,"",2.12,0.70,0.64,0.63,0.55,0.90,0.34,0.84,"",0,0.0,0,0.0,-2,-9.1,-2,-9.1,-2377,-1.8,2868,3.2,-259,-38.1,20,4.4
"29075","5","441","75","0","2016","3","","Gentry County, Missouri","Private","NAICS 441 Motor vehicle and parts dealers","County, NAICS 3-digit -- by ownership sector","All establishment sizes",6,23,21,21,135237,34506,170,480,"",2.18,0.76,0.69,0.68,0.59,0.68,0.26,0.83,"",0,0.0,1,4.5,-1,-4.5,-1,-4.5,7327,5.7,2430,7.6,-105,-38.2,33,7.4
"29075","5","441","75","0","2016","4","","Gentry County, Missouri","Private","NAICS 441 Motor vehicle and parts dealers","County, NAICS 3-digit -- by ownership sector","All establishment sizes",7,22,22,23,137739,19459,306,474,"",2.54,0.72,0.73,0.76,0.58,0.58,0.69,0.79,"",1,16.7,2,10.0,2,10.0,3,15.0,-1320,-0.9,10051,106.8,180,142.9,-61,-11.4
"29075","5","4411","76","0","2016","1","N","Gentry County, Missouri","Private","NAICS 4411 Automobile dealers","County, NAICS 4-digit -- by ownership sector","All establishment sizes",1,0,0,0,0,0,0,0,"N",0.89,0,0,0,0,0,0,0,"N",0,0.0,0,0,0,0,0,0,0,0,0,0,0,0,0,0
"29075","5","4411","76","0","2016","2","N","Gentry County, Missouri","Private","NAICS 4411 Automobile dealers","County, NAICS 4-digit -- by ownership sector","All establishment sizes",1,0,0,0,0,0,0,0,"N",0.90,0,0,0,0,0,0,0,"N",0,0.0,0,0,0,0,0,0,0,0,0,0,0,0,0,0
"29075","5","4411","76","0","2016","3","N","Gentry County, Missouri","Private","NAICS 4411 Automobile dealers","County, NAICS 4-digit -- by ownership sector","All establishment sizes",1,0,0,0,0,0,0,0,"N",0.92,0,0,0,0,0,0,0,"N",0,0.0,0,0,0,0,0,0,0,0,0,0,0,0,0,0
"29075","5","4411","76","0","2016","4","N","Gentry County, Missouri","Private","NAICS 4411 Automobile dealers","County, NAICS 4-digit -- by ownership sector","All establishment sizes",1,0,0,0,0,0,0,0,"N",0.92,0,0,0,0,0,0,0,"N",0,0.0,0,0,0,0,0,0,0,0,0,0,0,0,0,0
"29075","5","44112","77","0","2016","1","N","Gentry County, Missouri","Private","NAICS 44112 Used car dealers","County, NAICS 5-digit -- by ownership sector","All establishment sizes",1,0,0,0,0,0,0,0,"N",1.58,0,0,0,0,0,0,0,"N",0,0.0,0,0,0,0,0,0,0,0,0,0,0,0,0,0
"29075","5","44112","77","0","2016","2","N","Gentry County, Missouri","Private","NAICS 44112 Used car dealers","County, NAICS 5-digit -- by ownership sector","All establishment sizes",1,0,0,0,0,0,0,0,"N",1.59,0,0,0,0,0,0,0,"N",0,0.0,0,0,0,0,0,0,0,0,0,0,0,0,0,0
"29075","5","44112","77","0","2016","3","N","Gentry County, Missouri","Private","NAICS 44112 Used car dealers","County, NAICS 5-digit -- by ownership sector","All establishment sizes",1,0,0,0,0,0,0,0,"N",1.64,0,0,0,0,0,0,0,"N",0,0.0,0,0,0,0,0,0,0,0,0,0,0,0,0,0
"29075","5","44112","77","0","2016","4","N","Gentry County, Missouri","Private","NAICS 44112 Used car dealers","County, NAICS 5-digit -- by ownership sector","All establishment sizes",1,0,0,0,0,0,0,0,"N",1.64,0,0,0,0,0,0,0,"N",0,0.0,0,0,0,0,0,0,0,0,0,0,0,0,0,0
"29075","5","441120","78","0","2016","1","N","Gentry County, Missouri","Private","NAICS 441120 Used car dealers","County, NAICS 6-digit -- by ownership sector","All establishment sizes",1,0,0,0,0,0,0,0,"N",1.58,0,0,0,0,0,0,0,"N",0,0.0,0,0,0,0,0,0,0,0,0,0,0,0,0,0
"29075","5","441120","78","0","2016","2","N","Gentry County, Missouri","Private","NAICS 441120 Used car dealers","County, NAICS 6-digit -- by ownership sector","All establishment sizes",1,0,0,0,0,0,0,0,"N",1.59,0,0,0,0,0,0,0,"N",0,0.0,0,0,0,0,0,0,0,0,0,0,0,0,0,0
"29075","5","441120","78","0","2016","3","N","Gentry County, Missouri","Private","NAICS 441120 Used car dealers","County, NAICS 6-digit -- by ownership sector","All establishment sizes",1,0,0,0,0,0,0,0,"N",1.64,0,0,0,0,0,0,0,"N",0,0.0,0,0,0,0,0,0,0,0,0,0,0,0,0,0
"29075","5","441120","78","0","2016","4","N","Gentry County, Missouri","Private","NAICS 441120 Used car dealers","County, NAICS 6-digit -- by ownership sector","All establishment sizes",1,0,0,0,0,0,0,0,"N",1.64,0,0,0,0,0,0,0,"N",0,0.0,0,0,0,0,0,0,0,0,0,0,0,0,0,0
"29075","5","4413","76","0","2016","1","N","Gentry County, Missouri","Private","NAICS 4413 Auto parts, accessories, and tire stores","County, NAICS 4-digit -- by ownership sector","All establishment sizes",5,0,0,0,0,0,0,0,"N",3.60,0,0,0,0,0,0,0,"N",0,0.0,0,0,0,0,0,0,0,0,0,0,0,0,0,0
"29075","5","4413","76","0","2016","2","N","Gentry County, Missouri","Private","NAICS 4413 Auto parts, accessories, and tire stores","County, NAICS 4-digit -- by ownership sector","All establishment sizes",5,0,0,0,0,0,0,0,"N",3.65,0,0,0,0,0,0,0,"N",0,0.0,0,0,0,0,0,0,0,0,0,0,0,0,0,0
"29075","5","4413","76","0","2016","3","N","Gentry County, Missouri","Private","NAICS 4413 Auto parts, accessories, and tire stores","County, NAICS 4-digit -- by ownership sector","All establishment sizes",5,0,0,0,0,0,0,0,"N",3.76,0,0,0,0,0,0,0,"N",0,0.0,0,0,0,0,0,0,0,0,0,0,0,0,0,0
"29075","5","4413","76","0","2016","4","N","Gentry County, Missouri","Private","NAICS 4413 Auto parts, accessories, and tire stores","County, NAICS 4-digit -- by ownership sector","All establishment sizes",6,0,0,0,0,0,0,0,"N",4.49,0,0,0,0,0,0,0,"N",1,20.0,0,0,0,0,0,0,0,0,0,0,0,0,0,0
"29075","5","44131","77","0","2016","1","N","Gentry County, Missouri","Private","NAICS 44131 Automotive parts and accessories stores","County, NAICS 5-digit -- by ownership sector","All establishment sizes",2,0,0,0,0,0,0,0,"N",2.22,0,0,0,0,0,0,0,"N",0,0.0,0,0,0,0,0,0,0,0,0,0,0,0,0,0
"29075","5","44131","77","0","2016","2","N","Gentry County, Missouri","Private","NAICS 44131 Automotive parts and accessories stores","County, NAICS 5-digit -- by ownership sector","All establishment sizes",2,0,0,0,0,0,0,0,"N",2.26,0,0,0,0,0,0,0,"N",0,0.0,0,0,0,0,0,0,0,0,0,0,0,0,0,0
"29075","5","44131","77","0","2016","3","N","Gentry County, Missouri","Private","NAICS 44131 Automotive parts and accessories stores","County, NAICS 5-digit -- by ownership sector","All establishment sizes",2,0,0,0,0,0,0,0,"N",2.32,0,0,0,0,0,0,0,"N",0,0.0,0,0,0,0,0,0,0,0,0,0,0,0,0,0
"29075","5","44131","77","0","2016","4","N","Gentry County, Missouri","Private","NAICS 44131 Automotive parts and accessories stores","County, NAICS 5-digit -- by ownership sector","All establishment sizes",2,0,0,0,0,0,0,0,"N",2.31,0,0,0,0,0,0,0,"N",0,0.0,0,0,0,0,0,0,0,0,0,0,0,0,0,0
"29075","5","441310","78","0","2016","1","N","Gentry County, Missouri","Private","NAICS 441310 Automotive parts and accessories stores","County, NAICS 6-digit -- by ownership sector","All establishment sizes",2,0,0,0,0,0,0,0,"N",2.22,0,0,0,0,0,0,0,"N",0,0.0,0,0,0,0,0,0,0,0,0,0,0,0,0,0
"29075","5","441310","78","0","2016","2","N","Gentry County, Missouri","Private","NAICS 441310 Automotive parts and accessories stores","County, NAICS 6-digit -- by ownership sector","All establishment sizes",2,0,0,0,0,0,0,0,"N",2.26,0,0,0,0,0,0,0,"N",0,0.0,0,0,0,0,0,0,0,0,0,0,0,0,0,0
"29075","5","441310","78","0","2016","3","N","Gentry County, Missouri","Private","NAICS 441310 Automotive parts and accessories stores","County, NAICS 6-digit -- by ownership sector","All establishment sizes",2,0,0,0,0,0,0,0,"N",2.32,0,0,0,0,0,0,0,"N",0,0.0,0,0,0,0,0,0,0,0,0,0,0,0,0,0
"29075","5","441310","78","0","2016","4","N","Gentry County, Missouri","Private","NAICS 441310 Automotive parts and accessories stores","County, NAICS 6-digit -- by ownership sector","All establishment sizes",2,0,0,0,0,0,0,0,"N",2.31,0,0,0,0,0,0,0,"N",0,0.0,0,0,0,0,0,0,0,0,0,0,0,0,0,0
"29075","5","44132","77","0","2016","1","","Gentry County, Missouri","Private","NAICS 44132 Tire dealers","County, NAICS 5-digit -- by ownership sector","All establishment sizes",3,9,9,9,62473,62473,238,534,"",6.14,3.18,3.21,3.20,4.07,4.17,1.67,1.27,"",0,0.0,-2,-18.2,-2,-18.2,-2,-18.2,-15081,-19.4,-15081,-19.4,-396,-62.5,-8,-1.5
"29075","5","44132","77","0","2016","2","","Gentry County, Missouri","Private","NAICS 44132 Tire dealers","County, NAICS 5-digit -- by ownership sector","All establishment sizes",3,11,9,9,69574,50690,206,554,"",6.22,3.86,3.18,3.12,4.06,5.18,2.12,1.20,"",0,0.0,0,0.0,-2,-18.2,-2,-18.2,-5433,-7.2,1583,3.2,-238,-53.6,29,5.5
"29075","5","44132","77","0","2016","3","","Gentry County, Missouri","Private","NAICS 44132 Tire dealers","County, NAICS 5-digit -- by ownership sector","All establishment sizes",3,12,10,10,72902,15741,38,526,"",6.41,4.37,3.61,3.54,4.16,3.24,0.73,1.08,"",0,0.0,1,9.1,0,0.0,0,0.0,-483,-0.7,3173,25.2,-67,-63.8,-20,-3.7
"29075","5","44132","77","0","2016","4","","Gentry County, Missouri","Private","NAICS 44132 Tire dealers","County, NAICS 5-digit -- by ownership sector","All establishment sizes",4,11,11,11,75569,12778,232,528,"",8.53,3.94,3.93,3.90,4.17,3.94,6.38,1.06,"",1,33.3,2,22.2,2,22.2,2,22.2,920,1.2,10766,535.1,206,792.3,-110,-17.2
"29075","5","441320","78","0","2016","1","","Gentry County, Missouri","Private","NAICS 441320 Tire dealers","County, NAICS 6-digit -- by ownership sector","All establishment sizes",3,9,9,9,62473,62473,238,534,"",6.14,3.18,3.21,3.20,4.07,4.17,1.67,1.27,"",0,0.0,-2,-18.2,-2,-18.2,-2,-18.2,-15081,-19.4,-15081,-19.4,-396,-62.5,-8,-1.5
"29075","5","441320","78","0","2016","2","","Gentry County, Missouri","Private","NAICS 441320 Tire dealers","County, NAICS 6-digit -- by ownership sector","All establishment sizes",3,11,9,9,69574,50690,206,554,"",6.22,3.86,3.18,3.12,4.06,5.18,2.12,1.20,"",0,0.0,0,0.0,-2,-18.2,-2,-18.2,-5433,-7.2,1583,3.2,-238,-53.6,29,5.5
"29075","5","441320","78","0","2016","3","","Gentry County, Missouri","Private","NAICS 441320 Tire dealers","County, NAICS 6-digit -- by ownership sector","All establishment sizes",3,12,10,10,72902,15741,38,526,"",6.41,4.37,3.61,3.54,4.16,3.24,0.73,1.08,"",0,0.0,1,9.1,0,0.0,0,0.0,-483,-0.7,3173,25.2,-67,-63.8,-20,-3.7
"29075","5","441320","78","0","2016","4","","Gentry County, Missouri","Private","NAICS 441320 Tire dealers","County, NAICS 6-digit -- by ownership sector","All establishment sizes",4,11,11,11,75569,12778,232,528,"",8.53,3.94,3.93,3.90,4.17,3.94,6.38,1.06,"",1,33.3,2,22.2,2,22.2,2,22.2,920,1.2,10766,535.1,206,792.3,-110,-17.2
"29075","5","442","75","0","2016","1","N","Gentry County, Missouri","Private","NAICS 442 Furniture and home furnishings stores","County, NAICS 3-digit -- by ownership sector","All establishment sizes",2,0,0,0,0,0,0,0,"N",1.71,0,0,0,0,0,0,0,"N",0,0.0,0,0,0,0,0,0,0,0,0,0,0,0,0,0
"29075","5","442","75","0","2016","2","N","Gentry County, Missouri","Private","NAICS 442 Furniture and home furnishings stores","County, NAICS 3-digit -- by ownership sector","All establishment sizes",2,0,0,0,0,0,0,0,"N",1.74,0,0,0,0,0,0,0,"N",0,0.0,0,0,0,0,0,0,0,0,0,0,0,0,0,0
"29075","5","442","75","0","2016","3","N","Gentry County, Missouri","Private","NAICS 442 Furniture and home furnishings stores","County, NAICS 3-digit -- by ownership sector","All establishment sizes",2,0,0,0,0,0,0,0,"N",1.79,0,0,0,0,0,0,0,"N",0,0.0,0,0,0,0,0,0,0,0,0,0,0,0,0,0
"29075","5","442","75","0","2016","4","N","Gentry County, Missouri","Private","NAICS 442 Furniture and home furnishings stores","County, NAICS 3-digit -- by ownership sector","All establishment sizes",2,0,0,0,0,0,0,0,"N",1.79,0,0,0,0,0,0,0,"N",0,0.0,0,0,0,0,0,0,0,0,0,0,0,0,0,0
"29075","5","4422","76","0","2016","1","N","Gentry County, Missouri","Private","NAICS 4422 Home furnishings stores","County, NAICS 4-digit -- by ownership sector","All establishment sizes",2,0,0,0,0,0,0,0,"N",3.19,0,0,0,0,0,0,0,"N",0,0.0,0,0,0,0,0,0,0,0,0,0,0,0,0,0
"29075","5","4422","76","0","2016","2","N","Gentry County, Missouri","Private","NAICS 4422 Home furnishings stores","County, NAICS 4-digit -- by ownership sector","All establishment sizes",2,0,0,0,0,0,0,0,"N",3.24,0,0,0,0,0,0,0,"N",0,0.0,0,0,0,0,0,0,0,0,0,0,0,0,0,0
"29075","5","4422","76","0","2016","3","N","Gentry County, Missouri","Private","NAICS 4422 Home furnishings stores","County, NAICS 4-digit -- by ownership sector","All establishment sizes",2,0,0,0,0,0,0,0,"N",3.33,0,0,0,0,0,0,0,"N",0,0.0,0,0,0,0,0,0,0,0,0,0,0,0,0,0
"29075","5","4422","76","0","2016","4","N","Gentry County, Missouri","Private","NAICS 4422 Home furnishings stores","County, NAICS 4-digit -- by ownership sector","All establishment sizes",2,0,0,0,0,0,0,0,"N",3.34,0,0,0,0,0,0,0,"N",0,0.0,0,0,0,0,0,0,0,0,0,0,0,0,0,0
"29075","5","44221","77","0","2016","1","N","Gentry County, Missouri","Private","NAICS 44221 Floor covering stores","County, NAICS 5-digit -- by ownership sector","All establishment sizes",2,0,0,0,0,0,0,0,"N",7.86,0,0,0,0,0,0,0,"N",0,0.0,0,0,0,0,0,0,0,0,0,0,0,0,0,0
"29075","5","44221","77","0","2016","2","N","Gentry County, Missouri","Private","NAICS 44221 Floor covering stores","County, NAICS 5-digit -- by ownership sector","All establishment sizes",2,0,0,0,0,0,0,0,"N",8.00,0,0,0,0,0,0,0,"N",0,0.0,0,0,0,0,0,0,0,0,0,0,0,0,0,0
"29075","5","44221","77","0","2016","3","N","Gentry County, Missouri","Private","NAICS 44221 Floor covering stores","County, NAICS 5-digit -- by ownership sector","All establishment sizes",2,0,0,0,0,0,0,0,"N",8.22,0,0,0,0,0,0,0,"N",0,0.0,0,0,0,0,0,0,0,0,0,0,0,0,0,0
"29075","5","44221","77","0","2016","4","N","Gentry County, Missouri","Private","NAICS 44221 Floor covering stores","County, NAICS 5-digit -- by ownership sector","All establishment sizes",2,0,0,0,0,0,0,0,"N",8.26,0,0,0,0,0,0,0,"N",0,0.0,0,0,0,0,0,0,0,0,0,0,0,0,0,0
"29075","5","442210","78","0","2016","1","N","Gentry County, Missouri","Private","NAICS 442210 Floor covering stores","County, NAICS 6-digit -- by ownership sector","All establishment sizes",2,0,0,0,0,0,0,0,"N",7.86,0,0,0,0,0,0,0,"N",0,0.0,0,0,0,0,0,0,0,0,0,0,0,0,0,0
"29075","5","442210","78","0","2016","2","N","Gentry County, Missouri","Private","NAICS 442210 Floor covering stores","County, NAICS 6-digit -- by ownership sector","All establishment sizes",2,0,0,0,0,0,0,0,"N",8.00,0,0,0,0,0,0,0,"N",0,0.0,0,0,0,0,0,0,0,0,0,0,0,0,0,0
"29075","5","442210","78","0","2016","3","N","Gentry County, Missouri","Private","NAICS 442210 Floor covering stores","County, NAICS 6-digit -- by ownership sector","All establishment sizes",2,0,0,0,0,0,0,0,"N",8.22,0,0,0,0,0,0,0,"N",0,0.0,0,0,0,0,0,0,0,0,0,0,0,0,0,0
"29075","5","442210","78","0","2016","4","N","Gentry County, Missouri","Private","NAICS 442210 Floor covering stores","County, NAICS 6-digit -- by ownership sector","All establishment sizes",2,0,0,0,0,0,0,0,"N",8.26,0,0,0,0,0,0,0,"N",0,0.0,0,0,0,0,0,0,0,0,0,0,0,0,0,0
"29075","5","444","75","0","2016","1","","Gentry County, Missouri","Private","NAICS 444 Building material and garden supply stores","County, NAICS 3-digit -- by ownership sector","All establishment sizes",7,58,55,65,449615,417409,4900,583,"",4.06,3.09,2.89,3.29,5.23,5.01,5.69,1.69,"",1,16.7,3,5.5,1,1.9,7,12.1,-8295,-1.8,11147,2.7,-1605,-24.7,-50,-7.9
"29075","5","444","75","0","2016","2","","Gentry County, Missouri","Private","NAICS 444 Building material and garden supply stores","County, NAICS 3-digit -- by ownership sector","All establishment sizes",7,69,68,68,552314,275955,5523,622,"",4.12,3.32,3.23,3.17,5.50,3.92,6.71,1.70,"",1,16.7,8,13.1,3,4.6,3,4.6,-35047,-6.0,1728,0.6,-519,-8.6,-88,-12.4
"29075","5","444","75","0","2016","3","","Gentry County, Missouri","Private","NAICS 444 Building material and garden supply stores","County, NAICS 3-digit -- by ownership sector","All establishment sizes",7,66,65,61,552241,86401,2690,664,"",4.25,3.35,3.32,3.12,5.53,2.55,6.75,1.69,"",0,0.0,-1,-1.5,1,1.6,1,1.7,8348,1.5,-16169,-15.8,-34,-1.2,7,1.1
"29075","5","444","75","0","2016","4","","Gentry County, Missouri","Private","NAICS 444 Building material and garden supply stores","County, NAICS 3-digit -- by ownership sector","All establishment sizes",7,59,64,61,637246,62488,808,799,"",4.26,3.08,3.35,3.20,6.50,3.27,3.64,2.02,"",0,0.0,-3,-4.8,-2,-3.0,2,3.4,-228194,-26.4,-8326,-11.8,-374,-31.6,-269,-25.2
"29075","5","4441","76","0","2016","1","N","Gentry County, Missouri","Private","NAICS 4441 Building material and supplies dealers","County, NAICS 4-digit -- by ownership sector","All establishment sizes",5,0,0,0,0,0,0,0,"N",3.81,0,0,0,0,0,0,0,"N",1,25.0,0,0,0,0,0,0,0,0,0,0,0,0,0,0
"29075","5","4441","76","0","2016","2","N","Gentry County, Missouri","Private","NAICS 4441 Building material and supplies dealers","County, NAICS 4-digit -- by ownership sector","All establishment sizes",5,0,0,0,0,0,0,0,"N",3.86,0,0,0,0,0,0,0,"N",1,25.0,0,0,0,0,0,0,0,0,0,0,0,0,0,0
"29075","5","4441","76","0","2016","3","N","Gentry County, Missouri","Private","NAICS 4441 Building material and supplies dealers","County, NAICS 4-digit -- by ownership sector","All establishment sizes",5,0,0,0,0,0,0,0,"N",3.98,0,0,0,0,0,0,0,"N",0,0.0,0,0,0,0,0,0,0,0,0,0,0,0,0,0
"29075","5","4441","76","0","2016","4","N","Gentry County, Missouri","Private","NAICS 4441 Building material and supplies dealers","County, NAICS 4-digit -- by ownership sector","All establishment sizes",5,0,0,0,0,0,0,0,"N",3.99,0,0,0,0,0,0,0,"N",0,0.0,0,0,0,0,0,0,0,0,0,0,0,0,0,0
"29075","5","44411","77","0","2016","1","N","Gentry County, Missouri","Private","NAICS 44411 Home centers","County, NAICS 5-digit -- by ownership sector","All establishment sizes",3,0,0,0,0,0,0,0,"N",12.60,0,0,0,0,0,0,0,"N",1,50.0,0,0,0,0,0,0,0,0,0,0,0,0,0,0
"29075","5","44411","77","0","2016","2","N","Gentry County, Missouri","Private","NAICS 44411 Home centers","County, NAICS 5-digit -- by ownership sector","All establishment sizes",3,0,0,0,0,0,0,0,"N",12.81,0,0,0,0,0,0,0,"N",1,50.0,0,0,0,0,0,0,0,0,0,0,0,0,0,0
"29075","5","44411","77","0","2016","3","N","Gentry County, Missouri","Private","NAICS 44411 Home centers","County, NAICS 5-digit -- by ownership sector","All establishment sizes",3,0,0,0,0,0,0,0,"N",13.19,0,0,0,0,0,0,0,"N",0,0.0,0,0,0,0,0,0,0,0,0,0,0,0,0,0
"29075","5","44411","77","0","2016","4","N","Gentry County, Missouri","Private","NAICS 44411 Home centers","County, NAICS 5-digit -- by ownership sector","All establishment sizes",3,0,0,0,0,0,0,0,"N",13.22,0,0,0,0,0,0,0,"N",0,0.0,0,0,0,0,0,0,0,0,0,0,0,0,0,0
"29075","5","444110","78","0","2016","1","N","Gentry County, Missouri","Private","NAICS 444110 Home centers","County, NAICS 6-digit -- by ownership sector","All establishment sizes",3,0,0,0,0,0,0,0,"N",12.60,0,0,0,0,0,0,0,"N",1,50.0,0,0,0,0,0,0,0,0,0,0,0,0,0,0
"29075","5","444110","78","0","2016","2","N","Gentry County, Missouri","Private","NAICS 444110 Home centers","County, NAICS 6-digit -- by ownership sector","All establishment sizes",3,0,0,0,0,0,0,0,"N",12.81,0,0,0,0,0,0,0,"N",1,50.0,0,0,0,0,0,0,0,0,0,0,0,0,0,0
"29075","5","444110","78","0","2016","3","N","Gentry County, Missouri","Private","NAICS 444110 Home centers","County, NAICS 6-digit -- by ownership sector","All establishment sizes",3,0,0,0,0,0,0,0,"N",13.19,0,0,0,0,0,0,0,"N",0,0.0,0,0,0,0,0,0,0,0,0,0,0,0,0,0
"29075","5","444110","78","0","2016","4","N","Gentry County, Missouri","Private","NAICS 444110 Home centers","County, NAICS 6-digit -- by ownership sector","All establishment sizes",3,0,0,0,0,0,0,0,"N",13.22,0,0,0,0,0,0,0,"N",0,0.0,0,0,0,0,0,0,0,0,0,0,0,0,0,0
"29075","5","44413","77","0","2016","1","N","Gentry County, Missouri","Private","NAICS 44413 Hardware stores","County, NAICS 5-digit -- by ownership sector","All establishment sizes",1,0,0,0,0,0,0,0,"N",2.74,0,0,0,0,0,0,0,"N",0,0.0,0,0,0,0,0,0,0,0,0,0,0,0,0,0
"29075","5","44413","77","0","2016","2","N","Gentry County, Missouri","Private","NAICS 44413 Hardware stores","County, NAICS 5-digit -- by ownership sector","All establishment sizes",1,0,0,0,0,0,0,0,"N",2.79,0,0,0,0,0,0,0,"N",0,0.0,0,0,0,0,0,0,0,0,0,0,0,0,0,0
"29075","5","44413","77","0","2016","3","N","Gentry County, Missouri","Private","NAICS 44413 Hardware stores","County, NAICS 5-digit -- by ownership sector","All establishment sizes",1,0,0,0,0,0,0,0,"N",2.87,0,0,0,0,0,0,0,"N",0,0.0,0,0,0,0,0,0,0,0,0,0,0,0,0,0
"29075","5","44413","77","0","2016","4","N","Gentry County, Missouri","Private","NAICS 44413 Hardware stores","County, NAICS 5-digit -- by ownership sector","All establishment sizes",1,0,0,0,0,0,0,0,"N",2.88,0,0,0,0,0,0,0,"N",0,0.0,0,0,0,0,0,0,0,0,0,0,0,0,0,0
"29075","5","444130","78","0","2016","1","N","Gentry County, Missouri","Private","NAICS 444130 Hardware stores","County, NAICS 6-digit -- by ownership sector","All establishment sizes",1,0,0,0,0,0,0,0,"N",2.74,0,0,0,0,0,0,0,"N",0,0.0,0,0,0,0,0,0,0,0,0,0,0,0,0,0
"29075","5","444130","78","0","2016","2","N","Gentry County, Missouri","Private","NAICS 444130 Hardware stores","County, NAICS 6-digit -- by ownership sector","All establishment sizes",1,0,0,0,0,0,0,0,"N",2.79,0,0,0,0,0,0,0,"N",0,0.0,0,0,0,0,0,0,0,0,0,0,0,0,0,0
"29075","5","444130","78","0","2016","3","N","Gentry County, Missouri","Private","NAICS 444130 Hardware stores","County, NAICS 6-digit -- by ownership sector","All establishment sizes",1,0,0,0,0,0,0,0,"N",2.87,0,0,0,0,0,0,0,"N",0,0.0,0,0,0,0,0,0,0,0,0,0,0,0,0,0
"29075","5","444130","78","0","2016","4","N","Gentry County, Missouri","Private","NAICS 444130 Hardware stores","County, NAICS 6-digit -- by ownership sector","All establishment sizes",1,0,0,0,0,0,0,0,"N",2.88,0,0,0,0,0,0,0,"N",0,0.0,0,0,0,0,0,0,0,0,0,0,0,0,0,0
"29075","5","44419","77","0","2016","1","N","Gentry County, Missouri","Private","NAICS 44419 Other building material dealers","County, NAICS 5-digit -- by ownership sector","All establishment sizes",1,0,0,0,0,0,0,0,"N",1.79,0,0,0,0,0,0,0,"N",0,0.0,0,0,0,0,0,0,0,0,0,0,0,0,0,0
"29075","5","44419","77","0","2016","2","N","Gentry County, Missouri","Private","NAICS 44419 Other building material dealers","County, NAICS 5-digit -- by ownership sector","All establishment sizes",1,0,0,0,0,0,0,0,"N",1.81,0,0,0,0,0,0,0,"N",0,0.0,0,0,0,0,0,0,0,0,0,0,0,0,0,0
"29075","5","44419","77","0","2016","3","N","Gentry County, Missouri","Private","NAICS 44419 Other building material dealers","County, NAICS 5-digit -- by ownership sector","All establishment sizes",1,0,0,0,0,0,0,0,"N",1.87,0,0,0,0,0,0,0,"N",0,0.0,0,0,0,0,0,0,0,0,0,0,0,0,0,0
"29075","5","44419","77","0","2016","4","N","Gentry County, Missouri","Private","NAICS 44419 Other building material dealers","County, NAICS 5-digit -- by ownership sector","All establishment sizes",1,0,0,0,0,0,0,0,"N",1.87,0,0,0,0,0,0,0,"N",0,0.0,0,0,0,0,0,0,0,0,0,0,0,0,0,0
"29075","5","444190","78","0","2016","1","N","Gentry County, Missouri","Private","NAICS 444190 Other building material dealers","County, NAICS 6-digit -- by ownership sector","All establishment sizes",1,0,0,0,0,0,0,0,"N",1.79,0,0,0,0,0,0,0,"N",0,0.0,0,0,0,0,0,0,0,0,0,0,0,0,0,0
"29075","5","444190","78","0","2016","2","N","Gentry County, Missouri","Private","NAICS 444190 Other building material dealers","County, NAICS 6-digit -- by ownership sector","All establishment sizes",1,0,0,0,0,0,0,0,"N",1.81,0,0,0,0,0,0,0,"N",0,0.0,0,0,0,0,0,0,0,0,0,0,0,0,0,0
"29075","5","444190","78","0","2016","3","N","Gentry County, Missouri","Private","NAICS 444190 Other building material dealers","County, NAICS 6-digit -- by ownership sector","All establishment sizes",1,0,0,0,0,0,0,0,"N",1.87,0,0,0,0,0,0,0,"N",0,0.0,0,0,0,0,0,0,0,0,0,0,0,0,0,0
"29075","5","444190","78","0","2016","4","N","Gentry County, Missouri","Private","NAICS 444190 Other building material dealers","County, NAICS 6-digit -- by ownership sector","All establishment sizes",1,0,0,0,0,0,0,0,"N",1.87,0,0,0,0,0,0,0,"N",0,0.0,0,0,0,0,0,0,0,0,0,0,0,0,0,0
"29075","5","4442","76","0","2016","1","N","Gentry County, Missouri","Private","NAICS 4442 Lawn and garden equipment and supplies stores","County, NAICS 4-digit -- by ownership sector","All establishment sizes",2,0,0,0,0,0,0,0,"N",4.89,0,0,0,0,0,0,0,"N",0,0.0,0,0,0,0,0,0,0,0,0,0,0,0,0,0
"29075","5","4442","76","0","2016","2","N","Gentry County, Missouri","Private","NAICS 4442 Lawn and garden equipment and supplies stores","County, NAICS 4-digit -- by ownership sector","All establishment sizes",2,0,0,0,0,0,0,0,"N",4.96,0,0,0,0,0,0,0,"N",0,0.0,0,0,0,0,0,0,0,0,0,0,0,0,0,0
"29075","5","4442","76","0","2016","3","N","Gentry County, Missouri","Private","NAICS 4442 Lawn and garden equipment and supplies stores","County, NAICS 4-digit -- by ownership sector","All establishment sizes",2,0,0,0,0,0,0,0,"N",5.11,0,0,0,0,0,0,0,"N",0,0.0,0,0,0,0,0,0,0,0,0,0,0,0,0,0
"29075","5","4442","76","0","2016","4","N","Gentry County, Missouri","Private","NAICS 4442 Lawn and garden equipment and supplies stores","County, NAICS 4-digit -- by ownership sector","All establishment sizes",2,0,0,0,0,0,0,0,"N",5.14,0,0,0,0,0,0,0,"N",0,0.0,0,0,0,0,0,0,0,0,0,0,0,0,0,0
"29075","5","44422","77","0","2016","1","N","Gentry County, Missouri","Private","NAICS 44422 Nursery, garden, and farm supply stores","County, NAICS 5-digit -- by ownership sector","All establishment sizes",2,0,0,0,0,0,0,0,"N",6.57,0,0,0,0,0,0,0,"N",0,0.0,0,0,0,0,0,0,0,0,0,0,0,0,0,0
"29075","5","44422","77","0","2016","2","N","Gentry County, Missouri","Private","NAICS 44422 Nursery, garden, and farm supply stores","County, NAICS 5-digit -- by ownership sector","All establishment sizes",2,0,0,0,0,0,0,0,"N",6.66,0,0,0,0,0,0,0,"N",0,0.0,0,0,0,0,0,0,0,0,0,0,0,0,0,0
"29075","5","44422","77","0","2016","3","N","Gentry County, Missouri","Private","NAICS 44422 Nursery, garden, and farm supply stores","County, NAICS 5-digit -- by ownership sector","All establishment sizes",2,0,0,0,0,0,0,0,"N",6.85,0,0,0,0,0,0,0,"N",0,0.0,0,0,0,0,0,0,0,0,0,0,0,0,0,0
"29075","5","44422","77","0","2016","4","N","Gentry County, Missouri","Private","NAICS 44422 Nursery, garden, and farm supply stores","County, NAICS 5-digit -- by ownership sector","All establishment sizes",2,0,0,0,0,0,0,0,"N",6.89,0,0,0,0,0,0,0,"N",0,0.0,0,0,0,0,0,0,0,0,0,0,0,0,0,0
"29075","5","444220","78","0","2016","1","N","Gentry County, Missouri","Private","NAICS 444220 Nursery, garden, and farm supply stores","County, NAICS 6-digit -- by ownership sector","All establishment sizes",2,0,0,0,0,0,0,0,"N",6.57,0,0,0,0,0,0,0,"N",0,0.0,0,0,0,0,0,0,0,0,0,0,0,0,0,0
"29075","5","444220","78","0","2016","2","N","Gentry County, Missouri","Private","NAICS 444220 Nursery, garden, and farm supply stores","County, NAICS 6-digit -- by ownership sector","All establishment sizes",2,0,0,0,0,0,0,0,"N",6.66,0,0,0,0,0,0,0,"N",0,0.0,0,0,0,0,0,0,0,0,0,0,0,0,0,0
"29075","5","444220","78","0","2016","3","N","Gentry County, Missouri","Private","NAICS 444220 Nursery, garden, and farm supply stores","County, NAICS 6-digit -- by ownership sector","All establishment sizes",2,0,0,0,0,0,0,0,"N",6.85,0,0,0,0,0,0,0,"N",0,0.0,0,0,0,0,0,0,0,0,0,0,0,0,0,0
"29075","5","444220","78","0","2016","4","N","Gentry County, Missouri","Private","NAICS 444220 Nursery, garden, and farm supply stores","County, NAICS 6-digit -- by ownership sector","All establishment sizes",2,0,0,0,0,0,0,0,"N",6.89,0,0,0,0,0,0,0,"N",0,0.0,0,0,0,0,0,0,0,0,0,0,0,0,0,0
"29075","5","445","75","0","2016","1","","Gentry County, Missouri","Private","NAICS 445 Food and beverage stores","County, NAICS 3-digit -- by ownership sector","All establishment sizes",3,40,43,44,139326,128219,586,253,"",0.84,0.84,0.91,0.92,0.91,0.79,0.48,1.03,"",0,0.0,-13,-24.5,-11,-20.4,-13,-22.8,-27204,-16.3,-28835,-18.4,-619,-51.4,19,8.1
"29075","5","445","75","0","2016","2","","Gentry County, Missouri","Private","NAICS 445 Food and beverage stores","County, NAICS 3-digit -- by ownership sector","All establishment sizes",3,41,40,38,138321,91729,386,268,"",0.85,0.85,0.83,0.76,0.80,0.66,0.33,0.98,"",0,0.0,-15,-26.8,-16,-28.6,-12,-24.0,-49197,-26.2,-38087,-29.3,-557,-59.1,1,0.4
"29075","5","445","75","0","2016","3","N","Gentry County, Missouri","Private","NAICS 445 Food and beverage stores","County, NAICS 3-digit -- by ownership sector","All establishment sizes",3,0,0,0,0,0,0,0,"N",0.87,0,0,0,0,0,0,0,"N",0,0.0,0,0,0,0,0,0,0,0,0,0,0,0,0,0
"29075","5","445","75","0","2016","4","N","Gentry County, Missouri","Private","NAICS 445 Food and beverage stores","County, NAICS 3-digit -- by ownership sector","All establishment sizes",3,0,0,0,0,0,0,0,"N",0.87,0,0,0,0,0,0,0,"N",0,0.0,0,0,0,0,0,0,0,0,0,0,0,0,0,0
"29075","5","4451","76","0","2016","1","","Gentry County, Missouri","Private","NAICS 4451 Grocery stores","County, NAICS 4-digit -- by ownership sector","All establishment sizes",3,40,43,44,139326,128219,586,253,"",1.37,0.95,1.03,1.05,1.04,0.90,0.58,1.03,"",0,0.0,-13,-24.5,-11,-20.4,-13,-22.8,-27204,-16.3,-28835,-18.4,-619,-51.4,19,8.1
"29075","5","4451","76","0","2016","2","","Gentry County, Missouri","Private","NAICS 4451 Grocery stores","County, NAICS 4-digit -- by ownership sector","All establishment sizes",3,41,40,38,138321,91729,386,268,"",1.38,0.97,0.95,0.87,0.91,0.76,0.40,0.98,"",0,0.0,-15,-26.8,-16,-28.6,-12,-24.0,-49197,-26.2,-38087,-29.3,-557,-59.1,1,0.4
"29075","5","4451","76","0","2016","3","N","Gentry County, Missouri","Private","NAICS 4451 Grocery stores","County, NAICS 4-digit -- by ownership sector","All establishment sizes",3,0,0,0,0,0,0,0,"N",1.42,0,0,0,0,0,0,0,"N",0,0.0,0,0,0,0,0,0,0,0,0,0,0,0,0,0
"29075","5","4451","76","0","2016","4","N","Gentry County, Missouri","Private","NAICS 4451 Grocery stores","County, NAICS 4-digit -- by ownership sector","All establishment sizes",3,0,0,0,0,0,0,0,"N",1.42,0,0,0,0,0,0,0,"N",0,0.0,0,0,0,0,0,0,0,0,0,0,0,0,0,0
"29075","5","44511","77","0","2016","1","","Gentry County, Missouri","Private","NAICS 44511 Supermarkets and other grocery stores","County, NAICS 5-digit -- by ownership sector","All establishment sizes",3,40,43,44,139326,128219,586,253,"",2.04,1.01,1.10,1.12,1.09,0.95,0.62,1.02,"",0,0.0,-13,-24.5,-11,-20.4,-13,-22.8,-27204,-16.3,-28835,-18.4,-619,-51.4,19,8.1
"29075","5","44511","77","0","2016","2","","Gentry County, Missouri","Private","NAICS 44511 Supermarkets and other grocery stores","County, NAICS 5-digit -- by ownership sector","All establishment sizes",3,41,40,38,138321,91729,386,268,"",2.05,1.03,1.01,0.93,0.96,0.81,0.44,0.97,"",0,0.0,-15,-26.8,-16,-28.6,-12,-24.0,-49197,-26.2,-38087,-29.3,-557,-59.1,1,0.4
"29075","5","44511","77","0","2016","3","N","Gentry County, Missouri","Private","NAICS 44511 Supermarkets and other grocery stores","County, NAICS 5-digit -- by ownership sector","All establishment sizes",3,0,0,0,0,0,0,0,"N",2.12,0,0,0,0,0,0,0,"N",0,0.0,0,0,0,0,0,0,0,0,0,0,0,0,0,0
"29075","5","44511","77","0","2016","4","N","Gentry County, Missouri","Private","NAICS 44511 Supermarkets and other grocery stores","County, NAICS 5-digit -- by ownership sector","All establishment sizes",3,0,0,0,0,0,0,0,"N",2.12,0,0,0,0,0,0,0,"N",0,0.0,0,0,0,0,0,0,0,0,0,0,0,0,0,0
"29075","5","445110","78","0","2016","1","","Gentry County, Missouri","Private","NAICS 445110 Supermarkets and other grocery stores","County, NAICS 6-digit -- by ownership sector","All establishment sizes",3,40,43,44,139326,128219,586,253,"",2.04,1.01,1.10,1.12,1.09,0.95,0.62,1.02,"",0,0.0,-13,-24.5,-11,-20.4,-13,-22.8,-27204,-16.3,-28835,-18.4,-619,-51.4,19,8.1
"29075","5","445110","78","0","2016","2","","Gentry County, Missouri","Private","NAICS 445110 Supermarkets and other grocery stores","County, NAICS 6-digit -- by ownership sector","All establishment sizes",3,41,40,38,138321,91729,386,268,"",2.05,1.03,1.01,0.93,0.96,0.81,0.44,0.97,"",0,0.0,-15,-26.8,-16,-28.6,-12,-24.0,-49197,-26.2,-38087,-29.3,-557,-59.1,1,0.4
"29075","5","445110","78","0","2016","3","N","Gentry County, Missouri","Private","NAICS 445110 Supermarkets and other grocery stores","County, NAICS 6-digit -- by ownership sector","All establishment sizes",3,0,0,0,0,0,0,0,"N",2.12,0,0,0,0,0,0,0,"N",0,0.0,0,0,0,0,0,0,0,0,0,0,0,0,0,0
"29075","5","445110","78","0","2016","4","N","Gentry County, Missouri","Private","NAICS 445110 Supermarkets and other grocery stores","County, NAICS 6-digit -- by ownership sector","All establishment sizes",3,0,0,0,0,0,0,0,"N",2.12,0,0,0,0,0,0,0,"N",0,0.0,0,0,0,0,0,0,0,0,0,0,0,0,0,0
"29075","5","446","75","0","2016","1","N","Gentry County, Missouri","Private","NAICS 446 Health and personal care stores","County, NAICS 3-digit -- by ownership sector","All establishment sizes",2,0,0,0,0,0,0,0,"N",0.75,0,0,0,0,0,0,0,"N",0,0.0,0,0,0,0,0,0,0,0,0,0,0,0,0,0
"29075","5","446","75","0","2016","2","N","Gentry County, Missouri","Private","NAICS 446 Health and personal care stores","County, NAICS 3-digit -- by ownership sector","All establishment sizes",2,0,0,0,0,0,0,0,"N",0.75,0,0,0,0,0,0,0,"N",0,0.0,0,0,0,0,0,0,0,0,0,0,0,0,0,0
"29075","5","446","75","0","2016","3","N","Gentry County, Missouri","Private","NAICS 446 Health and personal care stores","County, NAICS 3-digit -- by ownership sector","All establishment sizes",2,0,0,0,0,0,0,0,"N",0.77,0,0,0,0,0,0,0,"N",0,0.0,0,0,0,0,0,0,0,0,0,0,0,0,0,0
"29075","5","446","75","0","2016","4","N","Gentry County, Missouri","Private","NAICS 446 Health and personal care stores","County, NAICS 3-digit -- by ownership sector","All establishment sizes",2,0,0,0,0,0,0,0,"N",0.77,0,0,0,0,0,0,0,"N",0,0.0,0,0,0,0,0,0,0,0,0,0,0,0,0,0
"29075","5","4461","76","0","2016","1","N","Gentry County, Missouri","Private","NAICS 4461 Health and personal care stores","County, NAICS 4-digit -- by ownership sector","All establishment sizes",2,0,0,0,0,0,0,0,"N",0.75,0,0,0,0,0,0,0,"N",0,0.0,0,0,0,0,0,0,0,0,0,0,0,0,0,0
"29075","5","4461","76","0","2016","2","N","Gentry County, Missouri","Private","NAICS 4461 Health and personal care stores","County, NAICS 4-digit -- by ownership sector","All establishment sizes",2,0,0,0,0,0,0,0,"N",0.75,0,0,0,0,0,0,0,"N",0,0.0,0,0,0,0,0,0,0,0,0,0,0,0,0,0
"29075","5","4461","76","0","2016","3","N","Gentry County, Missouri","Private","NAICS 4461 Health and personal care stores","County, NAICS 4-digit -- by ownership sector","All establishment sizes",2,0,0,0,0,0,0,0,"N",0.77,0,0,0,0,0,0,0,"N",0,0.0,0,0,0,0,0,0,0,0,0,0,0,0,0,0
"29075","5","4461","76","0","2016","4","N","Gentry County, Missouri","Private","NAICS 4461 Health and personal care stores","County, NAICS 4-digit -- by ownership sector","All establishment sizes",2,0,0,0,0,0,0,0,"N",0.77,0,0,0,0,0,0,0,"N",0,0.0,0,0,0,0,0,0,0,0,0,0,0,0,0,0
"29075","5","44611","77","0","2016","1","N","Gentry County, Missouri","Private","NAICS 44611 Pharmacies and drug stores","County, NAICS 5-digit -- by ownership sector","All establishment sizes",1,0,0,0,0,0,0,0,"N",0.64,0,0,0,0,0,0,0,"N",0,0.0,0,0,0,0,0,0,0,0,0,0,0,0,0,0
"29075","5","44611","77","0","2016","2","N","Gentry County, Missouri","Private","NAICS 44611 Pharmacies and drug stores","County, NAICS 5-digit -- by ownership sector","All establishment sizes",1,0,0,0,0,0,0,0,"N",0.64,0,0,0,0,0,0,0,"N",0,0.0,0,0,0,0,0,0,0,0,0,0,0,0,0,0
"29075","5","44611","77","0","2016","3","N","Gentry County, Missouri","Private","NAICS 44611 Pharmacies and drug stores","County, NAICS 5-digit -- by ownership sector","All establishment sizes",1,0,0,0,0,0,0,0,"N",0.66,0,0,0,0,0,0,0,"N",0,0.0,0,0,0,0,0,0,0,0,0,0,0,0,0,0
"29075","5","44611","77","0","2016","4","N","Gentry County, Missouri","Private","NAICS 44611 Pharmacies and drug stores","County, NAICS 5-digit -- by ownership sector","All establishment sizes",1,0,0,0,0,0,0,0,"N",0.67,0,0,0,0,0,0,0,"N",0,0.0,0,0,0,0,0,0,0,0,0,0,0,0,0,0
"29075","5","446110","78","0","2016","1","N","Gentry County, Missouri","Private","NAICS 446110 Pharmacies and drug stores","County, NAICS 6-digit -- by ownership sector","All establishment sizes",1,0,0,0,0,0,0,0,"N",0.64,0,0,0,0,0,0,0,"N",0,0.0,0,0,0,0,0,0,0,0,0,0,0,0,0,0
"29075","5","446110","78","0","2016","2","N","Gentry County, Missouri","Private","NAICS 446110 Pharmacies and drug stores","County, NAICS 6-digit -- by ownership sector","All establishment sizes",1,0,0,0,0,0,0,0,"N",0.64,0,0,0,0,0,0,0,"N",0,0.0,0,0,0,0,0,0,0,0,0,0,0,0,0,0
"29075","5","446110","78","0","2016","3","N","Gentry County, Missouri","Private","NAICS 446110 Pharmacies and drug stores","County, NAICS 6-digit -- by ownership sector","All establishment sizes",1,0,0,0,0,0,0,0,"N",0.66,0,0,0,0,0,0,0,"N",0,0.0,0,0,0,0,0,0,0,0,0,0,0,0,0,0
"29075","5","446110","78","0","2016","4","N","Gentry County, Missouri","Private","NAICS 446110 Pharmacies and drug stores","County, NAICS 6-digit -- by ownership sector","All establishment sizes",1,0,0,0,0,0,0,0,"N",0.67,0,0,0,0,0,0,0,"N",0,0.0,0,0,0,0,0,0,0,0,0,0,0,0,0,0
"29075","5","44619","77","0","2016","1","N","Gentry County, Missouri","Private","NAICS 44619 Other health and personal care stores","County, NAICS 5-digit -- by ownership sector","All establishment sizes",1,0,0,0,0,0,0,0,"N",2.13,0,0,0,0,0,0,0,"N",0,0.0,0,0,0,0,0,0,0,0,0,0,0,0,0,0
"29075","5","44619","77","0","2016","2","N","Gentry County, Missouri","Private","NAICS 44619 Other health and personal care stores","County, NAICS 5-digit -- by ownership sector","All establishment sizes",1,0,0,0,0,0,0,0,"N",2.15,0,0,0,0,0,0,0,"N",0,0.0,0,0,0,0,0,0,0,0,0,0,0,0,0,0
"29075","5","44619","77","0","2016","3","N","Gentry County, Missouri","Private","NAICS 44619 Other health and personal care stores","County, NAICS 5-digit -- by ownership sector","All establishment sizes",1,0,0,0,0,0,0,0,"N",2.18,0,0,0,0,0,0,0,"N",0,0.0,0,0,0,0,0,0,0,0,0,0,0,0,0,0
"29075","5","44619","77","0","2016","4","N","Gentry County, Missouri","Private","NAICS 44619 Other health and personal care stores","County, NAICS 5-digit -- by ownership sector","All establishment sizes",1,0,0,0,0,0,0,0,"N",2.20,0,0,0,0,0,0,0,"N",0,0.0,0,0,0,0,0,0,0,0,0,0,0,0,0,0
"29075","5","446199","78","0","2016","1","N","Gentry County, Missouri","Private","NAICS 446199 All other health and personal care stores","County, NAICS 6-digit -- by ownership sector","All establishment sizes",1,0,0,0,0,0,0,0,"N",4.35,0,0,0,0,0,0,0,"N",0,0.0,0,0,0,0,0,0,0,0,0,0,0,0,0,0
"29075","5","446199","78","0","2016","2","N","Gentry County, Missouri","Private","NAICS 446199 All other health and personal care stores","County, NAICS 6-digit -- by ownership sector","All establishment sizes",1,0,0,0,0,0,0,0,"N",4.39,0,0,0,0,0,0,0,"N",0,0.0,0,0,0,0,0,0,0,0,0,0,0,0,0,0
"29075","5","446199","78","0","2016","3","N","Gentry County, Missouri","Private","NAICS 446199 All other health and personal care stores","County, NAICS 6-digit -- by ownership sector","All establishment sizes",1,0,0,0,0,0,0,0,"N",4.44,0,0,0,0,0,0,0,"N",0,0.0,0,0,0,0,0,0,0,0,0,0,0,0,0,0
"29075","5","446199","78","0","2016","4","N","Gentry County, Missouri","Private","NAICS 446199 All other health and personal care stores","County, NAICS 6-digit -- by ownership sector","All establishment sizes",1,0,0,0,0,0,0,0,"N",4.47,0,0,0,0,0,0,0,"N",0,0.0,0,0,0,0,0,0,0,0,0,0,0,0,0,0
"29075","5","447","75","0","2016","1","","Gentry County, Missouri","Private","NAICS 447 Gasoline stations","County, NAICS 3-digit -- by ownership sector","All establishment sizes",5,53,55,51,191552,190948,2775,278,"",1.94,3.72,3.89,3.59,4.93,4.39,7.96,1.32,"",-1,-16.7,-1,-1.9,3,5.8,-1,-1.9,7763,4.2,7935,4.3,-175,-5.9,10,3.7
"29075","5","447","75","0","2016","2","","Gentry County, Missouri","Private","NAICS 447 Gasoline stations","County, NAICS 3-digit -- by ownership sector","All establishment sizes",5,54,51,52,218814,194806,2875,322,"",1.96,3.73,3.51,3.48,4.83,4.28,6.83,1.35,"",0,0.0,3,5.9,7,15.9,1,2.0,11935,5.8,10930,5.9,-118,-3.9,-5,-1.5
"29075","5","447","75","0","2016","3","","Gentry County, Missouri","Private","NAICS 447 Gasoline stations","County, NAICS 3-digit -- by ownership sector","All establishment sizes",5,54,52,52,234004,170353,2554,342,"",2.02,3.83,3.62,3.60,5.11,6.52,10.09,1.39,"",0,0.0,2,3.8,1,2.0,2,4.0,32581,16.2,17732,11.6,25,1.0,38,12.5
"29075","5","447","75","0","2016","4","","Gentry County, Missouri","Private","NAICS 447 Gasoline stations","County, NAICS 3-digit -- by ownership sector","All establishment sizes",5,48,49,49,214703,103316,1535,339,"",2.02,3.42,3.48,3.47,4.55,5.67,8.61,1.31,"",0,0.0,-7,-12.7,-5,-9.3,-4,-7.5,-16117,-7.0,-26992,-20.7,-613,-28.5,10,3.0
"29075","5","4471","76","0","2016","1","","Gentry County, Missouri","Private","NAICS 4471 Gasoline stations","County, NAICS 4-digit -- by ownership sector","All establishment sizes",5,53,55,51,191552,190948,2775,278,"",1.94,3.72,3.89,3.59,4.93,4.39,7.96,1.32,"",-1,-16.7,-1,-1.9,3,5.8,-1,-1.9,7763,4.2,7935,4.3,-175,-5.9,10,3.7
"29075","5","4471","76","0","2016","2","","Gentry County, Missouri","Private","NAICS 4471 Gasoline stations","County, NAICS 4-digit -- by ownership sector","All establishment sizes",5,54,51,52,218814,194806,2875,322,"",1.96,3.73,3.51,3.48,4.83,4.28,6.83,1.35,"",0,0.0,3,5.9,7,15.9,1,2.0,11935,5.8,10930,5.9,-118,-3.9,-5,-1.5
"29075","5","4471","76","0","2016","3","","Gentry County, Missouri","Private","NAICS 4471 Gasoline stations","County, NAICS 4-digit -- by ownership sector","All establishment sizes",5,54,52,52,234004,170353,2554,342,"",2.02,3.83,3.62,3.60,5.11,6.52,10.09,1.39,"",0,0.0,2,3.8,1,2.0,2,4.0,32581,16.2,17732,11.6,25,1.0,38,12.5
"29075","5","4471","76","0","2016","4","","Gentry County, Missouri","Private","NAICS 4471 Gasoline stations","County, NAICS 4-digit -- by ownership sector","All establishment sizes",5,48,49,49,214703,103316,1535,339,"",2.02,3.42,3.48,3.47,4.55,5.67,8.61,1.31,"",0,0.0,-7,-12.7,-5,-9.3,-4,-7.5,-16117,-7.0,-26992,-20.7,-613,-28.5,10,3.0
"29075","5","44711","77","0","2016","1","","Gentry County, Missouri","Private","NAICS 44711 Gasoline stations with convenience stores","County, NAICS 5-digit -- by ownership sector","All establishment sizes",5,53,55,51,191552,190948,2775,278,"",2.16,4.21,4.40,4.06,5.72,5.07,9.42,1.36,"",-1,-16.7,-1,-1.9,3,5.8,-1,-1.9,7763,4.2,7935,4.3,-175,-5.9,10,3.7
"29075","5","44711","77","0","2016","2","","Gentry County, Missouri","Private","NAICS 44711 Gasoline stations with convenience stores","County, NAICS 5-digit -- by ownership sector","All establishment sizes",5,54,51,52,218814,194806,2875,322,"",2.19,4.21,3.96,3.93,5.60,4.90,8.02,1.39,"",0,0.0,3,5.9,7,15.9,1,2.0,11935,5.8,10930,5.9,-118,-3.9,-5,-1.5
"29075","5","44711","77","0","2016","3","","Gentry County, Missouri","Private","NAICS 44711 Gasoline stations with convenience stores","County, NAICS 5-digit -- by ownership sector","All establishment sizes",5,54,52,52,234004,170353,2554,342,"",2.25,4.31,4.08,4.05,5.89,7.40,11.68,1.42,"",0,0.0,2,3.8,1,2.0,2,4.0,32581,16.2,17732,11.6,25,1.0,38,12.5
"29075","5","44711","77","0","2016","4","","Gentry County, Missouri","Private","NAICS 44711 Gasoline stations with convenience stores","County, NAICS 5-digit -- by ownership sector","All establishment sizes",5,48,49,49,214703,103316,1535,339,"",2.25,3.86,3.93,3.91,5.29,6.46,10.01,1.35,"",0,0.0,-7,-12.7,-5,-9.3,-4,-7.5,-16117,-7.0,-26992,-20.7,-613,-28.5,10,3.0
"29075","5","447110","78","0","2016","1","","Gentry County, Missouri","Private","NAICS 447110 Gasoline stations with convenience stores","County, NAICS 6-digit -- by ownership sector","All establishment sizes",5,53,55,51,191552,190948,2775,278,"",2.16,4.21,4.40,4.06,5.72,5.07,9.42,1.36,"",-1,-16.7,-1,-1.9,3,5.8,-1,-1.9,7763,4.2,7935,4.3,-175,-5.9,10,3.7
"29075","5","447110","78","0","2016","2","","Gentry County, Missouri","Private","NAICS 447110 Gasoline stations with convenience stores","County, NAICS 6-digit -- by ownership sector","All establishment sizes",5,54,51,52,218814,194806,2875,322,"",2.19,4.21,3.96,3.93,5.60,4.90,8.02,1.39,"",0,0.0,3,5.9,7,15.9,1,2.0,11935,5.8,10930,5.9,-118,-3.9,-5,-1.5
"29075","5","447110","78","0","2016","3","","Gentry County, Missouri","Private","NAICS 447110 Gasoline stations with convenience stores","County, NAICS 6-digit -- by ownership sector","All establishment sizes",5,54,52,52,234004,170353,2554,342,"",2.25,4.31,4.08,4.05,5.89,7.40,11.68,1.42,"",0,0.0,2,3.8,1,2.0,2,4.0,32581,16.2,17732,11.6,25,1.0,38,12.5
"29075","5","447110","78","0","2016","4","","Gentry County, Missouri","Private","NAICS 447110 Gasoline stations with convenience stores","County, NAICS 6-digit -- by ownership sector","All establishment sizes",5,48,49,49,214703,103316,1535,339,"",2.25,3.86,3.93,3.91,5.29,6.46,10.01,1.35,"",0,0.0,-7,-12.7,-5,-9.3,-4,-7.5,-16117,-7.0,-26992,-20.7,-613,-28.5,10,3.0
"29075","5","452","75","0","2016","1","N","Gentry County, Missouri","Private","NAICS 452 General merchandise stores","County, NAICS 3-digit -- by ownership sector","All establishment sizes",4,0,0,0,0,0,0,0,"N",2.63,0,0,0,0,0,0,0,"N",0,0.0,0,0,0,0,0,0,0,0,0,0,0,0,0,0
"29075","5","452","75","0","2016","2","N","Gentry County, Missouri","Private","NAICS 452 General merchandise stores","County, NAICS 3-digit -- by ownership sector","All establishment sizes",4,0,0,0,0,0,0,0,"N",2.66,0,0,0,0,0,0,0,"N",0,0.0,0,0,0,0,0,0,0,0,0,0,0,0,0,0
"29075","5","452","75","0","2016","3","N","Gentry County, Missouri","Private","NAICS 452 General merchandise stores","County, NAICS 3-digit -- by ownership sector","All establishment sizes",4,0,0,0,0,0,0,0,"N",2.73,0,0,0,0,0,0,0,"N",0,0.0,0,0,0,0,0,0,0,0,0,0,0,0,0,0
"29075","5","452","75","0","2016","4","N","Gentry County, Missouri","Private","NAICS 452 General merchandise stores","County, NAICS 3-digit -- by ownership sector","All establishment sizes",4,0,0,0,0,0,0,0,"N",2.72,0,0,0,0,0,0,0,"N",0,0.0,0,0,0,0,0,0,0,0,0,0,0,0,0,0
"29075","5","4521","76","0","2016","1","N","Gentry County, Missouri","Private","NAICS12 4521 Department stores","County, NAICS 4-digit -- by ownership sector","All establishment sizes",1,0,0,0,0,0,0,0,"N",2.68,0,0,0,0,0,0,0,"N",0,0.0,0,0,0,0,0,0,0,0,0,0,0,0,0,0
"29075","5","4521","76","0","2016","2","N","Gentry County, Missouri","Private","NAICS12 4521 Department stores","County, NAICS 4-digit -- by ownership sector","All establishment sizes",1,0,0,0,0,0,0,0,"N",2.72,0,0,0,0,0,0,0,"N",0,0.0,0,0,0,0,0,0,0,0,0,0,0,0,0,0
"29075","5","4521","76","0","2016","3","N","Gentry County, Missouri","Private","NAICS12 4521 Department stores","County, NAICS 4-digit -- by ownership sector","All establishment sizes",1,0,0,0,0,0,0,0,"N",2.80,0,0,0,0,0,0,0,"N",0,0.0,0,0,0,0,0,0,0,0,0,0,0,0,0,0
"29075","5","4521","76","0","2016","4","N","Gentry County, Missouri","Private","NAICS12 4521 Department stores","County, NAICS 4-digit -- by ownership sector","All establishment sizes",1,0,0,0,0,0,0,0,"N",2.83,0,0,0,0,0,0,0,"N",0,0.0,0,0,0,0,0,0,0,0,0,0,0,0,0,0
"29075","5","45211","77","0","2016","1","N","Gentry County, Missouri","Private","NAICS12 45211 Department stores","County, NAICS 5-digit -- by ownership sector","All establishment sizes",1,0,0,0,0,0,0,0,"N",2.68,0,0,0,0,0,0,0,"N",0,0.0,0,0,0,0,0,0,0,0,0,0,0,0,0,0
"29075","5","45211","77","0","2016","2","N","Gentry County, Missouri","Private","NAICS12 45211 Department stores","County, NAICS 5-digit -- by ownership sector","All establishment sizes",1,0,0,0,0,0,0,0,"N",2.72,0,0,0,0,0,0,0,"N",0,0.0,0,0,0,0,0,0,0,0,0,0,0,0,0,0
"29075","5","45211","77","0","2016","3","N","Gentry County, Missouri","Private","NAICS12 45211 Department stores","County, NAICS 5-digit -- by ownership sector","All establishment sizes",1,0,0,0,0,0,0,0,"N",2.80,0,0,0,0,0,0,0,"N",0,0.0,0,0,0,0,0,0,0,0,0,0,0,0,0,0
"29075","5","45211","77","0","2016","4","N","Gentry County, Missouri","Private","NAICS12 45211 Department stores","County, NAICS 5-digit -- by ownership sector","All establishment sizes",1,0,0,0,0,0,0,0,"N",2.83,0,0,0,0,0,0,0,"N",0,0.0,0,0,0,0,0,0,0,0,0,0,0,0,0,0
"29075","5","452112","78","0","2016","1","N","Gentry County, Missouri","Private","NAICS12 452112 Discount department stores","County, NAICS 6-digit -- by ownership sector","All establishment sizes",1,0,0,0,0,0,0,0,"N",3.89,0,0,0,0,0,0,0,"N",0,0.0,0,0,0,0,0,0,0,0,0,0,0,0,0,0
"29075","5","452112","78","0","2016","2","N","Gentry County, Missouri","Private","NAICS12 452112 Discount department stores","County, NAICS 6-digit -- by ownership sector","All establishment sizes",1,0,0,0,0,0,0,0,"N",3.94,0,0,0,0,0,0,0,"N",0,0.0,0,0,0,0,0,0,0,0,0,0,0,0,0,0
"29075","5","452112","78","0","2016","3","N","Gentry County, Missouri","Private","NAICS12 452112 Discount department stores","County, NAICS 6-digit -- by ownership sector","All establishment sizes",1,0,0,0,0,0,0,0,"N",4.05,0,0,0,0,0,0,0,"N",0,0.0,0,0,0,0,0,0,0,0,0,0,0,0,0,0
"29075","5","452112","78","0","2016","4","N","Gentry County, Missouri","Private","NAICS12 452112 Discount department stores","County, NAICS 6-digit -- by ownership sector","All establishment sizes",1,0,0,0,0,0,0,0,"N",4.08,0,0,0,0,0,0,0,"N",0,0.0,0,0,0,0,0,0,0,0,0,0,0,0,0,0
"29075","5","4529","76","0","2016","1","N","Gentry County, Missouri","Private","NAICS12 4529 Other general merchandise stores","County, NAICS 4-digit -- by ownership sector","All establishment sizes",3,0,0,0,0,0,0,0,"N",2.61,0,0,0,0,0,0,0,"N",0,0.0,0,0,0,0,0,0,0,0,0,0,0,0,0,0
"29075","5","4529","76","0","2016","2","N","Gentry County, Missouri","Private","NAICS12 4529 Other general merchandise stores","County, NAICS 4-digit -- by ownership sector","All establishment sizes",3,0,0,0,0,0,0,0,"N",2.64,0,0,0,0,0,0,0,"N",0,0.0,0,0,0,0,0,0,0,0,0,0,0,0,0,0
"29075","5","4529","76","0","2016","3","N","Gentry County, Missouri","Private","NAICS12 4529 Other general merchandise stores","County, NAICS 4-digit -- by ownership sector","All establishment sizes",3,0,0,0,0,0,0,0,"N",2.71,0,0,0,0,0,0,0,"N",0,0.0,0,0,0,0,0,0,0,0,0,0,0,0,0,0
"29075","5","4529","76","0","2016","4","N","Gentry County, Missouri","Private","NAICS12 4529 Other general merchandise stores","County, NAICS 4-digit -- by ownership sector","All establishment sizes",3,0,0,0,0,0,0,0,"N",2.69,0,0,0,0,0,0,0,"N",0,0.0,0,0,0,0,0,0,0,0,0,0,0,0,0,0
"29075","5","45299","77","0","2016","1","N","Gentry County, Missouri","Private","NAICS12 45299 All other general merchandise stores","County, NAICS 5-digit -- by ownership sector","All establishment sizes",3,0,0,0,0,0,0,0,"N",3.00,0,0,0,0,0,0,0,"N",0,0.0,0,0,0,0,0,0,0,0,0,0,0,0,0,0
"29075","5","45299","77","0","2016","2","N","Gentry County, Missouri","Private","NAICS12 45299 All other general merchandise stores","County, NAICS 5-digit -- by ownership sector","All establishment sizes",3,0,0,0,0,0,0,0,"N",3.04,0,0,0,0,0,0,0,"N",0,0.0,0,0,0,0,0,0,0,0,0,0,0,0,0,0
"29075","5","45299","77","0","2016","3","N","Gentry County, Missouri","Private","NAICS12 45299 All other general merchandise stores","County, NAICS 5-digit -- by ownership sector","All establishment sizes",3,0,0,0,0,0,0,0,"N",3.11,0,0,0,0,0,0,0,"N",0,0.0,0,0,0,0,0,0,0,0,0,0,0,0,0,0
"29075","5","45299","77","0","2016","4","N","Gentry County, Missouri","Private","NAICS12 45299 All other general merchandise stores","County, NAICS 5-digit -- by ownership sector","All establishment sizes",3,0,0,0,0,0,0,0,"N",3.08,0,0,0,0,0,0,0,"N",0,0.0,0,0,0,0,0,0,0,0,0,0,0,0,0,0
"29075","5","452990","78","0","2016","1","N","Gentry County, Missouri","Private","NAICS12 452990 All other general merchandise stores","County, NAICS 6-digit -- by ownership sector","All establishment sizes",3,0,0,0,0,0,0,0,"N",3.00,0,0,0,0,0,0,0,"N",0,0.0,0,0,0,0,0,0,0,0,0,0,0,0,0,0
"29075","5","452990","78","0","2016","2","N","Gentry County, Missouri","Private","NAICS12 452990 All other general merchandise stores","County, NAICS 6-digit -- by ownership sector","All establishment sizes",3,0,0,0,0,0,0,0,"N",3.04,0,0,0,0,0,0,0,"N",0,0.0,0,0,0,0,0,0,0,0,0,0,0,0,0,0
"29075","5","452990","78","0","2016","3","N","Gentry County, Missouri","Private","NAICS12 452990 All other general merchandise stores","County, NAICS 6-digit -- by ownership sector","All establishment sizes",3,0,0,0,0,0,0,0,"N",3.11,0,0,0,0,0,0,0,"N",0,0.0,0,0,0,0,0,0,0,0,0,0,0,0,0,0
"29075","5","452990","78","0","2016","4","N","Gentry County, Missouri","Private","NAICS12 452990 All other general merchandise stores","County, NAICS 6-digit -- by ownership sector","All establishment sizes",3,0,0,0,0,0,0,0,"N",3.08,0,0,0,0,0,0,0,"N",0,0.0,0,0,0,0,0,0,0,0,0,0,0,0,0,0
"29075","5","453","75","0","2016","1","N","Gentry County, Missouri","Private","NAICS 453 Miscellaneous store retailers","County, NAICS 3-digit -- by ownership sector","All establishment sizes",3,0,0,0,0,0,0,0,"N",1.08,0,0,0,0,0,0,0,"N",0,0.0,0,0,0,0,0,0,0,0,0,0,0,0,0,0
"29075","5","453","75","0","2016","2","N","Gentry County, Missouri","Private","NAICS 453 Miscellaneous store retailers","County, NAICS 3-digit -- by ownership sector","All establishment sizes",3,0,0,0,0,0,0,0,"N",1.09,0,0,0,0,0,0,0,"N",0,0.0,0,0,0,0,0,0,0,0,0,0,0,0,0,0
"29075","5","453","75","0","2016","3","N","Gentry County, Missouri","Private","NAICS 453 Miscellaneous store retailers","County, NAICS 3-digit -- by ownership sector","All establishment sizes",3,0,0,0,0,0,0,0,"N",1.12,0,0,0,0,0,0,0,"N",0,0.0,0,0,0,0,0,0,0,0,0,0,0,0,0,0
"29075","5","453","75","0","2016","4","N","Gentry County, Missouri","Private","NAICS 453 Miscellaneous store retailers","County, NAICS 3-digit -- by ownership sector","All establishment sizes",3,0,0,0,0,0,0,0,"N",1.13,0,0,0,0,0,0,0,"N",0,0.0,0,0,0,0,0,0,0,0,0,0,0,0,0,0
"29075","5","4531","76","0","2016","1","N","Gentry County, Missouri","Private","NAICS 4531 Florists","County, NAICS 4-digit -- by ownership sector","All establishment sizes",2,0,0,0,0,0,0,0,"N",6.09,0,0,0,0,0,0,0,"N",0,0.0,0,0,0,0,0,0,0,0,0,0,0,0,0,0
"29075","5","4531","76","0","2016","2","N","Gentry County, Missouri","Private","NAICS 4531 Florists","County, NAICS 4-digit -- by ownership sector","All establishment sizes",2,0,0,0,0,0,0,0,"N",6.20,0,0,0,0,0,0,0,"N",0,0.0,0,0,0,0,0,0,0,0,0,0,0,0,0,0
"29075","5","4531","76","0","2016","3","N","Gentry County, Missouri","Private","NAICS 4531 Florists","County, NAICS 4-digit -- by ownership sector","All establishment sizes",2,0,0,0,0,0,0,0,"N",6.44,0,0,0,0,0,0,0,"N",0,0.0,0,0,0,0,0,0,0,0,0,0,0,0,0,0
"29075","5","4531","76","0","2016","4","N","Gentry County, Missouri","Private","NAICS 4531 Florists","County, NAICS 4-digit -- by ownership sector","All establishment sizes",2,0,0,0,0,0,0,0,"N",6.48,0,0,0,0,0,0,0,"N",0,0.0,0,0,0,0,0,0,0,0,0,0,0,0,0,0
"29075","5","45311","77","0","2016","1","N","Gentry County, Missouri","Private","NAICS 45311 Florists","County, NAICS 5-digit -- by ownership sector","All establishment sizes",2,0,0,0,0,0,0,0,"N",6.09,0,0,0,0,0,0,0,"N",0,0.0,0,0,0,0,0,0,0,0,0,0,0,0,0,0
"29075","5","45311","77","0","2016","2","N","Gentry County, Missouri","Private","NAICS 45311 Florists","County, NAICS 5-digit -- by ownership sector","All establishment sizes",2,0,0,0,0,0,0,0,"N",6.20,0,0,0,0,0,0,0,"N",0,0.0,0,0,0,0,0,0,0,0,0,0,0,0,0,0
"29075","5","45311","77","0","2016","3","N","Gentry County, Missouri","Private","NAICS 45311 Florists","County, NAICS 5-digit -- by ownership sector","All establishment sizes",2,0,0,0,0,0,0,0,"N",6.44,0,0,0,0,0,0,0,"N",0,0.0,0,0,0,0,0,0,0,0,0,0,0,0,0,0
"29075","5","45311","77","0","2016","4","N","Gentry County, Missouri","Private","NAICS 45311 Florists","County, NAICS 5-digit -- by ownership sector","All establishment sizes",2,0,0,0,0,0,0,0,"N",6.48,0,0,0,0,0,0,0,"N",0,0.0,0,0,0,0,0,0,0,0,0,0,0,0,0,0
"29075","5","453110","78","0","2016","1","N","Gentry County, Missouri","Private","NAICS 453110 Florists","County, NAICS 6-digit -- by ownership sector","All establishment sizes",2,0,0,0,0,0,0,0,"N",6.09,0,0,0,0,0,0,0,"N",0,0.0,0,0,0,0,0,0,0,0,0,0,0,0,0,0
"29075","5","453110","78","0","2016","2","N","Gentry County, Missouri","Private","NAICS 453110 Florists","County, NAICS 6-digit -- by ownership sector","All establishment sizes",2,0,0,0,0,0,0,0,"N",6.20,0,0,0,0,0,0,0,"N",0,0.0,0,0,0,0,0,0,0,0,0,0,0,0,0,0
"29075","5","453110","78","0","2016","3","N","Gentry County, Missouri","Private","NAICS 453110 Florists","County, NAICS 6-digit -- by ownership sector","All establishment sizes",2,0,0,0,0,0,0,0,"N",6.44,0,0,0,0,0,0,0,"N",0,0.0,0,0,0,0,0,0,0,0,0,0,0,0,0,0
"29075","5","453110","78","0","2016","4","N","Gentry County, Missouri","Private","NAICS 453110 Florists","County, NAICS 6-digit -- by ownership sector","All establishment sizes",2,0,0,0,0,0,0,0,"N",6.48,0,0,0,0,0,0,0,"N",0,0.0,0,0,0,0,0,0,0,0,0,0,0,0,0,0
"29075","5","4532","76","0","2016","1","N","Gentry County, Missouri","Private","NAICS 4532 Office supplies, stationery, and gift stores","County, NAICS 4-digit -- by ownership sector","All establishment sizes",1,0,0,0,0,0,0,0,"N",1.36,0,0,0,0,0,0,0,"N",0,0.0,0,0,0,0,0,0,0,0,0,0,0,0,0,0
"29075","5","4532","76","0","2016","2","N","Gentry County, Missouri","Private","NAICS 4532 Office supplies, stationery, and gift stores","County, NAICS 4-digit -- by ownership sector","All establishment sizes",1,0,0,0,0,0,0,0,"N",1.39,0,0,0,0,0,0,0,"N",0,0.0,0,0,0,0,0,0,0,0,0,0,0,0,0,0
"29075","5","4532","76","0","2016","3","N","Gentry County, Missouri","Private","NAICS 4532 Office supplies, stationery, and gift stores","County, NAICS 4-digit -- by ownership sector","All establishment sizes",1,0,0,0,0,0,0,0,"N",1.44,0,0,0,0,0,0,0,"N",0,0.0,0,0,0,0,0,0,0,0,0,0,0,0,0,0
"29075","5","4532","76","0","2016","4","N","Gentry County, Missouri","Private","NAICS 4532 Office supplies, stationery, and gift stores","County, NAICS 4-digit -- by ownership sector","All establishment sizes",1,0,0,0,0,0,0,0,"N",1.45,0,0,0,0,0,0,0,"N",0,0.0,0,0,0,0,0,0,0,0,0,0,0,0,0,0
"29075","5","45322","77","0","2016","1","N","Gentry County, Missouri","Private","NAICS 45322 Gift, novelty, and souvenir stores","County, NAICS 5-digit -- by ownership sector","All establishment sizes",1,0,0,0,0,0,0,0,"N",1.90,0,0,0,0,0,0,0,"N",0,0.0,0,0,0,0,0,0,0,0,0,0,0,0,0,0
"29075","5","45322","77","0","2016","2","N","Gentry County, Missouri","Private","NAICS 45322 Gift, novelty, and souvenir stores","County, NAICS 5-digit -- by ownership sector","All establishment sizes",1,0,0,0,0,0,0,0,"N",1.95,0,0,0,0,0,0,0,"N",0,0.0,0,0,0,0,0,0,0,0,0,0,0,0,0,0
"29075","5","45322","77","0","2016","3","N","Gentry County, Missouri","Private","NAICS 45322 Gift, novelty, and souvenir stores","County, NAICS 5-digit -- by ownership sector","All establishment sizes",1,0,0,0,0,0,0,0,"N",2.01,0,0,0,0,0,0,0,"N",0,0.0,0,0,0,0,0,0,0,0,0,0,0,0,0,0
"29075","5","45322","77","0","2016","4","N","Gentry County, Missouri","Private","NAICS 45322 Gift, novelty, and souvenir stores","County, NAICS 5-digit -- by ownership sector","All establishment sizes",1,0,0,0,0,0,0,0,"N",2.02,0,0,0,0,0,0,0,"N",0,0.0,0,0,0,0,0,0,0,0,0,0,0,0,0,0
"29075","5","453220","78","0","2016","1","N","Gentry County, Missouri","Private","NAICS 453220 Gift, novelty, and souvenir stores","County, NAICS 6-digit -- by ownership sector","All establishment sizes",1,0,0,0,0,0,0,0,"N",1.90,0,0,0,0,0,0,0,"N",0,0.0,0,0,0,0,0,0,0,0,0,0,0,0,0,0
"29075","5","453220","78","0","2016","2","N","Gentry County, Missouri","Private","NAICS 453220 Gift, novelty, and souvenir stores","County, NAICS 6-digit -- by ownership sector","All establishment sizes",1,0,0,0,0,0,0,0,"N",1.95,0,0,0,0,0,0,0,"N",0,0.0,0,0,0,0,0,0,0,0,0,0,0,0,0,0
"29075","5","453220","78","0","2016","3","N","Gentry County, Missouri","Private","NAICS 453220 Gift, novelty, and souvenir stores","County, NAICS 6-digit -- by ownership sector","All establishment sizes",1,0,0,0,0,0,0,0,"N",2.01,0,0,0,0,0,0,0,"N",0,0.0,0,0,0,0,0,0,0,0,0,0,0,0,0,0
"29075","5","453220","78","0","2016","4","N","Gentry County, Missouri","Private","NAICS 453220 Gift, novelty, and souvenir stores","County, NAICS 6-digit -- by ownership sector","All establishment sizes",1,0,0,0,0,0,0,0,"N",2.02,0,0,0,0,0,0,0,"N",0,0.0,0,0,0,0,0,0,0,0,0,0,0,0,0,0
"29075","5","48-49","74","0","2016","1","N","Gentry County, Missouri","Private","NAICS 48-49 Transportation and warehousing","County, NAICS Sector -- by ownership sector","All establishment sizes",11,0,0,0,0,0,0,0,"N",1.87,0,0,0,0,0,0,0,"N",0,0.0,0,0,0,0,0,0,0,0,0,0,0,0,0,0
"29075","5","48-49","74","0","2016","2","N","Gentry County, Missouri","Private","NAICS 48-49 Transportation and warehousing","County, NAICS Sector -- by ownership sector","All establishment sizes",11,0,0,0,0,0,0,0,"N",1.89,0,0,0,0,0,0,0,"N",1,10.0,0,0,0,0,0,0,0,0,0,0,0,0,0,0
"29075","5","48-49","74","0","2016","3","N","Gentry County, Missouri","Private","NAICS 48-49 Transportation and warehousing","County, NAICS Sector -- by ownership sector","All establishment sizes",11,0,0,0,0,0,0,0,"N",1.94,0,0,0,0,0,0,0,"N",1,10.0,0,0,0,0,0,0,0,0,0,0,0,0,0,0
"29075","5","48-49","74","0","2016","4","N","Gentry County, Missouri","Private","NAICS 48-49 Transportation and warehousing","County, NAICS Sector -- by ownership sector","All establishment sizes",11,0,0,0,0,0,0,0,"N",1.94,0,0,0,0,0,0,0,"N",0,0.0,0,0,0,0,0,0,0,0,0,0,0,0,0,0
"29075","5","484","75","0","2016","1","","Gentry County, Missouri","Private","NAICS 484 Truck transportation","County, NAICS 3-digit -- by ownership sector","All establishment sizes",7,30,29,28,295248,262124,5980,783,"",2.28,1.34,1.31,1.26,2.11,1.92,3.97,1.61,"",-1,-12.5,8,36.4,5,20.8,5,21.7,73734,33.3,47205,22.0,1938,47.9,42,5.7
"29075","5","484","75","0","2016","2","","Gentry County, Missouri","Private","NAICS 484 Truck transportation","County, NAICS 3-digit -- by ownership sector","All establishment sizes",7,30,27,25,290630,104964,2205,818,"",2.30,1.32,1.19,1.07,1.74,1.27,2.16,1.46,"",0,0.0,2,7.1,5,22.7,1,4.2,42075,16.9,11562,12.4,277,14.4,43,5.5
"29075","5","484","75","0","2016","3","","Gentry County, Missouri","Private","NAICS 484 Truck transportation","County, NAICS 3-digit -- by ownership sector","All establishment sizes",7,27,28,27,308586,68819,1607,868,"",2.36,1.22,1.25,1.19,1.81,1.67,2.84,1.48,"",0,0.0,1,3.8,1,3.7,2,8.0,39574,14.7,-3184,-4.4,-135,-7.7,72,9.0
"29075","5","484","75","0","2016","4","","Gentry County, Missouri","Private","NAICS 484 Truck transportation","County, NAICS 3-digit -- by ownership sector","All establishment sizes",7,29,31,29,370054,85692,1233,960,"",2.36,1.30,1.40,1.31,2.16,3.28,3.46,1.62,"",0,0.0,3,11.5,5,19.2,2,7.4,77355,26.4,52126,155.3,664,116.7,105,12.3
"29075","5","4841","76","0","2016","1","N","Gentry County, Missouri","Private","NAICS 4841 General freight trucking","County, NAICS 4-digit -- by ownership sector","All establishment sizes",2,0,0,0,0,0,0,0,"N",1.05,0,0,0,0,0,0,0,"N",0,0.0,0,0,0,0,0,0,0,0,0,0,0,0,0,0
"29075","5","4841","76","0","2016","2","N","Gentry County, Missouri","Private","NAICS 4841 General freight trucking","County, NAICS 4-digit -- by ownership sector","All establishment sizes",2,0,0,0,0,0,0,0,"N",1.06,0,0,0,0,0,0,0,"N",0,0.0,0,0,0,0,0,0,0,0,0,0,0,0,0,0
"29075","5","4841","76","0","2016","3","N","Gentry County, Missouri","Private","NAICS 4841 General freight trucking","County, NAICS 4-digit -- by ownership sector","All establishment sizes",2,0,0,0,0,0,0,0,"N",1.08,0,0,0,0,0,0,0,"N",0,0.0,0,0,0,0,0,0,0,0,0,0,0,0,0,0
"29075","5","4841","76","0","2016","4","N","Gentry County, Missouri","Private","NAICS 4841 General freight trucking","County, NAICS 4-digit -- by ownership sector","All establishment sizes",2,0,0,0,0,0,0,0,"N",1.08,0,0,0,0,0,0,0,"N",0,0.0,0,0,0,0,0,0,0,0,0,0,0,0,0,0
"29075","5","48411","77","0","2016","1","N","Gentry County, Missouri","Private","NAICS 48411 General freight trucking, local","County, NAICS 5-digit -- by ownership sector","All establishment sizes",1,0,0,0,0,0,0,0,"N",1.24,0,0,0,0,0,0,0,"N",0,0.0,0,0,0,0,0,0,0,0,0,0,0,0,0,0
"29075","5","48411","77","0","2016","2","N","Gentry County, Missouri","Private","NAICS 48411 General freight trucking, local","County, NAICS 5-digit -- by ownership sector","All establishment sizes",1,0,0,0,0,0,0,0,"N",1.24,0,0,0,0,0,0,0,"N",0,0.0,0,0,0,0,0,0,0,0,0,0,0,0,0,0
"29075","5","48411","77","0","2016","3","N","Gentry County, Missouri","Private","NAICS 48411 General freight trucking, local","County, NAICS 5-digit -- by ownership sector","All establishment sizes",1,0,0,0,0,0,0,0,"N",1.26,0,0,0,0,0,0,0,"N",0,0.0,0,0,0,0,0,0,0,0,0,0,0,0,0,0
"29075","5","48411","77","0","2016","4","N","Gentry County, Missouri","Private","NAICS 48411 General freight trucking, local","County, NAICS 5-digit -- by ownership sector","All establishment sizes",1,0,0,0,0,0,0,0,"N",1.26,0,0,0,0,0,0,0,"N",0,0.0,0,0,0,0,0,0,0,0,0,0,0,0,0,0
"29075","5","484110","78","0","2016","1","N","Gentry County, Missouri","Private","NAICS 484110 General freight trucking, local","County, NAICS 6-digit -- by ownership sector","All establishment sizes",1,0,0,0,0,0,0,0,"N",1.24,0,0,0,0,0,0,0,"N",0,0.0,0,0,0,0,0,0,0,0,0,0,0,0,0,0
"29075","5","484110","78","0","2016","2","N","Gentry County, Missouri","Private","NAICS 484110 General freight trucking, local","County, NAICS 6-digit -- by ownership sector","All establishment sizes",1,0,0,0,0,0,0,0,"N",1.24,0,0,0,0,0,0,0,"N",0,0.0,0,0,0,0,0,0,0,0,0,0,0,0,0,0
"29075","5","484110","78","0","2016","3","N","Gentry County, Missouri","Private","NAICS 484110 General freight trucking, local","County, NAICS 6-digit -- by ownership sector","All establishment sizes",1,0,0,0,0,0,0,0,"N",1.26,0,0,0,0,0,0,0,"N",0,0.0,0,0,0,0,0,0,0,0,0,0,0,0,0,0
"29075","5","484110","78","0","2016","4","N","Gentry County, Missouri","Private","NAICS 484110 General freight trucking, local","County, NAICS 6-digit -- by ownership sector","All establishment sizes",1,0,0,0,0,0,0,0,"N",1.26,0,0,0,0,0,0,0,"N",0,0.0,0,0,0,0,0,0,0,0,0,0,0,0,0,0
"29075","5","48412","77","0","2016","1","N","Gentry County, Missouri","Private","NAICS 48412 General freight trucking, long-distance","County, NAICS 5-digit -- by ownership sector","All establishment sizes",1,0,0,0,0,0,0,0,"N",0.91,0,0,0,0,0,0,0,"N",0,0.0,0,0,0,0,0,0,0,0,0,0,0,0,0,0
"29075","5","48412","77","0","2016","2","N","Gentry County, Missouri","Private","NAICS 48412 General freight trucking, long-distance","County, NAICS 5-digit -- by ownership sector","All establishment sizes",1,0,0,0,0,0,0,0,"N",0.92,0,0,0,0,0,0,0,"N",0,0.0,0,0,0,0,0,0,0,0,0,0,0,0,0,0
"29075","5","48412","77","0","2016","3","N","Gentry County, Missouri","Private","NAICS 48412 General freight trucking, long-distance","County, NAICS 5-digit -- by ownership sector","All establishment sizes",1,0,0,0,0,0,0,0,"N",0.94,0,0,0,0,0,0,0,"N",0,0.0,0,0,0,0,0,0,0,0,0,0,0,0,0,0
"29075","5","48412","77","0","2016","4","N","Gentry County, Missouri","Private","NAICS 48412 General freight trucking, long-distance","County, NAICS 5-digit -- by ownership sector","All establishment sizes",1,0,0,0,0,0,0,0,"N",0.94,0,0,0,0,0,0,0,"N",0,0.0,0,0,0,0,0,0,0,0,0,0,0,0,0,0
"29075","5","484121","78","0","2016","1","N","Gentry County, Missouri","Private","NAICS 484121 General freight trucking, long-distance tl","County, NAICS 6-digit -- by ownership sector","All establishment sizes",1,0,0,0,0,0,0,0,"N",1.14,0,0,0,0,0,0,0,"N",0,0.0,0,0,0,0,0,0,0,0,0,0,0,0,0,0
"29075","5","484121","78","0","2016","2","N","Gentry County, Missouri","Private","NAICS 484121 General freight trucking, long-distance tl","County, NAICS 6-digit -- by ownership sector","All establishment sizes",1,0,0,0,0,0,0,0,"N",1.15,0,0,0,0,0,0,0,"N",0,0.0,0,0,0,0,0,0,0,0,0,0,0,0,0,0
"29075","5","484121","78","0","2016","3","N","Gentry County, Missouri","Private","NAICS 484121 General freight trucking, long-distance tl","County, NAICS 6-digit -- by ownership sector","All establishment sizes",1,0,0,0,0,0,0,0,"N",1.18,0,0,0,0,0,0,0,"N",0,0.0,0,0,0,0,0,0,0,0,0,0,0,0,0,0
"29075","5","484121","78","0","2016","4","N","Gentry County, Missouri","Private","NAICS 484121 General freight trucking, long-distance tl","County, NAICS 6-digit -- by ownership sector","All establishment sizes",1,0,0,0,0,0,0,0,"N",1.18,0,0,0,0,0,0,0,"N",0,0.0,0,0,0,0,0,0,0,0,0,0,0,0,0,0
"29075","5","4842","76","0","2016","1","N","Gentry County, Missouri","Private","NAICS 4842 Specialized freight trucking","County, NAICS 4-digit -- by ownership sector","All establishment sizes",5,0,0,0,0,0,0,0,"N",4.29,0,0,0,0,0,0,0,"N",-1,-16.7,0,0,0,0,0,0,0,0,0,0,0,0,0,0
"29075","5","4842","76","0","2016","2","N","Gentry County, Missouri","Private","NAICS 4842 Specialized freight trucking","County, NAICS 4-digit -- by ownership sector","All establishment sizes",5,0,0,0,0,0,0,0,"N",4.34,0,0,0,0,0,0,0,"N",0,0.0,0,0,0,0,0,0,0,0,0,0,0,0,0,0
"29075","5","4842","76","0","2016","3","N","Gentry County, Missouri","Private","NAICS 4842 Specialized freight trucking","County, NAICS 4-digit -- by ownership sector","All establishment sizes",5,0,0,0,0,0,0,0,"N",4.47,0,0,0,0,0,0,0,"N",0,0.0,0,0,0,0,0,0,0,0,0,0,0,0,0,0
"29075","5","4842","76","0","2016","4","N","Gentry County, Missouri","Private","NAICS 4842 Specialized freight trucking","County, NAICS 4-digit -- by ownership sector","All establishment sizes",5,0,0,0,0,0,0,0,"N",4.47,0,0,0,0,0,0,0,"N",0,0.0,0,0,0,0,0,0,0,0,0,0,0,0,0,0
"29075","5","48422","77","0","2016","1","N","Gentry County, Missouri","Private","NAICS 48422 Other specialized trucking, local","County, NAICS 5-digit -- by ownership sector","All establishment sizes",1,0,0,0,0,0,0,0,"N",1.41,0,0,0,0,0,0,0,"N",0,0.0,0,0,0,0,0,0,0,0,0,0,0,0,0,0
"29075","5","48422","77","0","2016","2","N","Gentry County, Missouri","Private","NAICS 48422 Other specialized trucking, local","County, NAICS 5-digit -- by ownership sector","All establishment sizes",1,0,0,0,0,0,0,0,"N",1.43,0,0,0,0,0,0,0,"N",0,0.0,0,0,0,0,0,0,0,0,0,0,0,0,0,0
"29075","5","48422","77","0","2016","3","N","Gentry County, Missouri","Private","NAICS 48422 Other specialized trucking, local","County, NAICS 5-digit -- by ownership sector","All establishment sizes",1,0,0,0,0,0,0,0,"N",1.48,0,0,0,0,0,0,0,"N",0,0.0,0,0,0,0,0,0,0,0,0,0,0,0,0,0
"29075","5","48422","77","0","2016","4","N","Gentry County, Missouri","Private","NAICS 48422 Other specialized trucking, local","County, NAICS 5-digit -- by ownership sector","All establishment sizes",1,0,0,0,0,0,0,0,"N",1.48,0,0,0,0,0,0,0,"N",0,0.0,0,0,0,0,0,0,0,0,0,0,0,0,0,0
"29075","5","484220","78","0","2016","1","N","Gentry County, Missouri","Private","NAICS 484220 Other specialized trucking, local","County, NAICS 6-digit -- by ownership sector","All establishment sizes",1,0,0,0,0,0,0,0,"N",1.41,0,0,0,0,0,0,0,"N",0,0.0,0,0,0,0,0,0,0,0,0,0,0,0,0,0
"29075","5","484220","78","0","2016","2","N","Gentry County, Missouri","Private","NAICS 484220 Other specialized trucking, local","County, NAICS 6-digit -- by ownership sector","All establishment sizes",1,0,0,0,0,0,0,0,"N",1.43,0,0,0,0,0,0,0,"N",0,0.0,0,0,0,0,0,0,0,0,0,0,0,0,0,0
"29075","5","484220","78","0","2016","3","N","Gentry County, Missouri","Private","NAICS 484220 Other specialized trucking, local","County, NAICS 6-digit -- by ownership sector","All establishment sizes",1,0,0,0,0,0,0,0,"N",1.48,0,0,0,0,0,0,0,"N",0,0.0,0,0,0,0,0,0,0,0,0,0,0,0,0,0
"29075","5","484220","78","0","2016","4","N","Gentry County, Missouri","Private","NAICS 484220 Other specialized trucking, local","County, NAICS 6-digit -- by ownership sector","All establishment sizes",1,0,0,0,0,0,0,0,"N",1.48,0,0,0,0,0,0,0,"N",0,0.0,0,0,0,0,0,0,0,0,0,0,0,0,0,0
"29075","5","48423","77","0","2016","1","","Gentry County, Missouri","Private","NAICS 48423 Other specialized trucking, long-distance","County, NAICS 5-digit -- by ownership sector","All establishment sizes",4,15,14,12,152590,134348,1853,859,"",15.23,7.09,6.66,5.69,9.86,10.01,13.98,1.52,"",-1,-20.0,3,25.0,1,7.7,-1,-7.7,18711,14.0,7064,5.5,165,9.8,46,5.7
"29075","5","48423","77","0","2016","2","","Gentry County, Missouri","Private","NAICS 48423 Other specialized trucking, long-distance","County, NAICS 5-digit -- by ownership sector","All establishment sizes",4,15,13,10,134411,55646,598,816,"",15.38,7.01,6.11,4.60,7.84,7.46,7.73,1.33,"",0,0.0,2,15.4,0,0.0,-3,-23.1,-32504,-19.5,3556,6.8,-137,-18.6,-172,-17.4
"29075","5","48423","77","0","2016","3","","Gentry County, Missouri","Private","NAICS 48423 Other specialized trucking, long-distance","County, NAICS 5-digit -- by ownership sector","All establishment sizes",4,12,12,12,100457,25417,239,644,"",15.82,5.82,5.75,5.65,5.85,6.64,5.62,1.02,"",0,0.0,-3,-20.0,-2,-14.3,-3,-20.0,-69885,-41.0,-45,-0.2,-71,-22.9,-249,-27.9
"29075","5","48423","77","0","2016","4","","Gentry County, Missouri","Private","NAICS 48423 Other specialized trucking, long-distance","County, NAICS 5-digit -- by ownership sector","All establishment sizes",4,10,11,9,126922,16308,142,976,"",15.79,4.81,5.32,4.34,7.28,6.56,5.07,1.51,"",0,0.0,-5,-33.3,-2,-15.4,-6,-40.0,-65708,-34.1,3806,30.4,30,26.8,-58,-5.6
"29075","5","484230","78","0","2016","1","","Gentry County, Missouri","Private","NAICS 484230 Other specialized trucking, long-distance","County, NAICS 6-digit -- by ownership sector","All establishment sizes",4,15,14,12,152590,134348,1853,859,"",15.23,7.09,6.66,5.69,9.86,10.01,13.98,1.52,"",-1,-20.0,3,25.0,1,7.7,-1,-7.7,18711,14.0,7064,5.5,165,9.8,46,5.7
"29075","5","484230","78","0","2016","2","","Gentry County, Missouri","Private","NAICS 484230 Other specialized trucking, long-distance","County, NAICS 6-digit -- by ownership sector","All establishment sizes",4,15,13,10,134411,55646,598,816,"",15.38,7.01,6.11,4.60,7.84,7.46,7.73,1.33,"",0,0.0,2,15.4,0,0.0,-3,-23.1,-32504,-19.5,3556,6.8,-137,-18.6,-172,-17.4
"29075","5","484230","78","0","2016","3","","Gentry County, Missouri","Private","NAICS 484230 Other specialized trucking, long-distance","County, NAICS 6-digit -- by ownership sector","All establishment sizes",4,12,12,12,100457,25417,239,644,"",15.82,5.82,5.75,5.65,5.85,6.64,5.62,1.02,"",0,0.0,-3,-20.0,-2,-14.3,-3,-20.0,-69885,-41.0,-45,-0.2,-71,-22.9,-249,-27.9
"29075","5","484230","78","0","2016","4","","Gentry County, Missouri","Private","NAICS 484230 Other specialized trucking, long-distance","County, NAICS 6-digit -- by ownership sector","All establishment sizes",4,10,11,9,126922,16308,142,976,"",15.79,4.81,5.32,4.34,7.28,6.56,5.07,1.51,"",0,0.0,-5,-33.3,-2,-15.4,-6,-40.0,-65708,-34.1,3806,30.4,30,26.8,-58,-5.6
"29075","5","485","75","0","2016","1","N","Gentry County, Missouri","Private","NAICS 485 Transit and ground passenger transportation","County, NAICS 3-digit -- by ownership sector","All establishment sizes",3,0,0,0,0,0,0,0,"N",5.99,0,0,0,0,0,0,0,"N",0,0.0,0,0,0,0,0,0,0,0,0,0,0,0,0,0
"29075","5","485","75","0","2016","2","N","Gentry County, Missouri","Private","NAICS 485 Transit and ground passenger transportation","County, NAICS 3-digit -- by ownership sector","All establishment sizes",3,0,0,0,0,0,0,0,"N",6.03,0,0,0,0,0,0,0,"N",0,0.0,0,0,0,0,0,0,0,0,0,0,0,0,0,0
"29075","5","485","75","0","2016","3","N","Gentry County, Missouri","Private","NAICS 485 Transit and ground passenger transportation","County, NAICS 3-digit -- by ownership sector","All establishment sizes",3,0,0,0,0,0,0,0,"N",6.21,0,0,0,0,0,0,0,"N",0,0.0,0,0,0,0,0,0,0,0,0,0,0,0,0,0
"29075","5","485","75","0","2016","4","N","Gentry County, Missouri","Private","NAICS 485 Transit and ground passenger transportation","County, NAICS 3-digit -- by ownership sector","All establishment sizes",3,0,0,0,0,0,0,0,"N",6.22,0,0,0,0,0,0,0,"N",0,0.0,0,0,0,0,0,0,0,0,0,0,0,0,0,0
"29075","5","4854","76","0","2016","1","N","Gentry County, Missouri","Private","NAICS 4854 School and employee bus transportation","County, NAICS 4-digit -- by ownership sector","All establishment sizes",3,0,0,0,0,0,0,0,"N",27.96,0,0,0,0,0,0,0,"N",0,0.0,0,0,0,0,0,0,0,0,0,0,0,0,0,0
"29075","5","4854","76","0","2016","2","N","Gentry County, Missouri","Private","NAICS 4854 School and employee bus transportation","County, NAICS 4-digit -- by ownership sector","All establishment sizes",3,0,0,0,0,0,0,0,"N",28.37,0,0,0,0,0,0,0,"N",0,0.0,0,0,0,0,0,0,0,0,0,0,0,0,0,0
"29075","5","4854","76","0","2016","3","N","Gentry County, Missouri","Private","NAICS 4854 School and employee bus transportation","County, NAICS 4-digit -- by ownership sector","All establishment sizes",3,0,0,0,0,0,0,0,"N",29.19,0,0,0,0,0,0,0,"N",0,0.0,0,0,0,0,0,0,0,0,0,0,0,0,0,0
"29075","5","4854","76","0","2016","4","N","Gentry County, Missouri","Private","NAICS 4854 School and employee bus transportation","County, NAICS 4-digit -- by ownership sector","All establishment sizes",3,0,0,0,0,0,0,0,"N",29.35,0,0,0,0,0,0,0,"N",0,0.0,0,0,0,0,0,0,0,0,0,0,0,0,0,0
"29075","5","48541","77","0","2016","1","N","Gentry County, Missouri","Private","NAICS 48541 School and employee bus transportation","County, NAICS 5-digit -- by ownership sector","All establishment sizes",3,0,0,0,0,0,0,0,"N",27.96,0,0,0,0,0,0,0,"N",0,0.0,0,0,0,0,0,0,0,0,0,0,0,0,0,0
"29075","5","48541","77","0","2016","2","N","Gentry County, Missouri","Private","NAICS 48541 School and employee bus transportation","County, NAICS 5-digit -- by ownership sector","All establishment sizes",3,0,0,0,0,0,0,0,"N",28.37,0,0,0,0,0,0,0,"N",0,0.0,0,0,0,0,0,0,0,0,0,0,0,0,0,0
"29075","5","48541","77","0","2016","3","N","Gentry County, Missouri","Private","NAICS 48541 School and employee bus transportation","County, NAICS 5-digit -- by ownership sector","All establishment sizes",3,0,0,0,0,0,0,0,"N",29.19,0,0,0,0,0,0,0,"N",0,0.0,0,0,0,0,0,0,0,0,0,0,0,0,0,0
"29075","5","48541","77","0","2016","4","N","Gentry County, Missouri","Private","NAICS 48541 School and employee bus transportation","County, NAICS 5-digit -- by ownership sector","All establishment sizes",3,0,0,0,0,0,0,0,"N",29.35,0,0,0,0,0,0,0,"N",0,0.0,0,0,0,0,0,0,0,0,0,0,0,0,0,0
"29075","5","485410","78","0","2016","1","N","Gentry County, Missouri","Private","NAICS 485410 School and employee bus transportation","County, NAICS 6-digit -- by ownership sector","All establishment sizes",3,0,0,0,0,0,0,0,"N",27.96,0,0,0,0,0,0,0,"N",0,0.0,0,0,0,0,0,0,0,0,0,0,0,0,0,0
"29075","5","485410","78","0","2016","2","N","Gentry County, Missouri","Private","NAICS 485410 School and employee bus transportation","County, NAICS 6-digit -- by ownership sector","All establishment sizes",3,0,0,0,0,0,0,0,"N",28.37,0,0,0,0,0,0,0,"N",0,0.0,0,0,0,0,0,0,0,0,0,0,0,0,0,0
"29075","5","485410","78","0","2016","3","N","Gentry County, Missouri","Private","NAICS 485410 School and employee bus transportation","County, NAICS 6-digit -- by ownership sector","All establishment sizes",3,0,0,0,0,0,0,0,"N",29.19,0,0,0,0,0,0,0,"N",0,0.0,0,0,0,0,0,0,0,0,0,0,0,0,0,0
"29075","5","485410","78","0","2016","4","N","Gentry County, Missouri","Private","NAICS 485410 School and employee bus transportation","County, NAICS 6-digit -- by ownership sector","All establishment sizes",3,0,0,0,0,0,0,0,"N",29.35,0,0,0,0,0,0,0,"N",0,0.0,0,0,0,0,0,0,0,0,0,0,0,0,0,0
"29075","5","493","75","0","2016","1","N","Gentry County, Missouri","Private","NAICS 493 Warehousing and storage","County, NAICS 3-digit -- by ownership sector","All establishment sizes",1,0,0,0,0,0,0,0,"N",2.41,0,0,0,0,0,0,0,"N",1,100.0,0,0,0,0,0,0,0,0,0,0,0,0,0,0
"29075","5","493","75","0","2016","2","N","Gentry County, Missouri","Private","NAICS 493 Warehousing and storage","County, NAICS 3-digit -- by ownership sector","All establishment sizes",1,0,0,0,0,0,0,0,"N",2.43,0,0,0,0,0,0,0,"N",1,100.0,0,0,0,0,0,0,0,0,0,0,0,0,0,0
"29075","5","493","75","0","2016","3","N","Gentry County, Missouri","Private","NAICS 493 Warehousing and storage","County, NAICS 3-digit -- by ownership sector","All establishment sizes",1,0,0,0,0,0,0,0,"N",2.49,0,0,0,0,0,0,0,"N",1,100.0,0,0,0,0,0,0,0,0,0,0,0,0,0,0
"29075","5","493","75","0","2016","4","N","Gentry County, Missouri","Private","NAICS 493 Warehousing and storage","County, NAICS 3-digit -- by ownership sector","All establishment sizes",1,0,0,0,0,0,0,0,"N",2.48,0,0,0,0,0,0,0,"N",0,0.0,0,0,0,0,0,0,0,0,0,0,0,0,0,0
"29075","5","4931","76","0","2016","1","N","Gentry County, Missouri","Private","NAICS 4931 Warehousing and storage","County, NAICS 4-digit -- by ownership sector","All establishment sizes",1,0,0,0,0,0,0,0,"N",2.41,0,0,0,0,0,0,0,"N",1,100.0,0,0,0,0,0,0,0,0,0,0,0,0,0,0
"29075","5","4931","76","0","2016","2","N","Gentry County, Missouri","Private","NAICS 4931 Warehousing and storage","County, NAICS 4-digit -- by ownership sector","All establishment sizes",1,0,0,0,0,0,0,0,"N",2.43,0,0,0,0,0,0,0,"N",1,100.0,0,0,0,0,0,0,0,0,0,0,0,0,0,0
"29075","5","4931","76","0","2016","3","N","Gentry County, Missouri","Private","NAICS 4931 Warehousing and storage","County, NAICS 4-digit -- by ownership sector","All establishment sizes",1,0,0,0,0,0,0,0,"N",2.49,0,0,0,0,0,0,0,"N",1,100.0,0,0,0,0,0,0,0,0,0,0,0,0,0,0
"29075","5","4931","76","0","2016","4","N","Gentry County, Missouri","Private","NAICS 4931 Warehousing and storage","County, NAICS 4-digit -- by ownership sector","All establishment sizes",1,0,0,0,0,0,0,0,"N",2.48,0,0,0,0,0,0,0,"N",0,0.0,0,0,0,0,0,0,0,0,0,0,0,0,0,0
"29075","5","49313","77","0","2016","1","N","Gentry County, Missouri","Private","NAICS 49313 Farm product warehousing and storage","County, NAICS 5-digit -- by ownership sector","All establishment sizes",1,0,0,0,0,0,0,0,"N",44.81,0,0,0,0,0,0,0,"N",1,100.0,0,0,0,0,0,0,0,0,0,0,0,0,0,0
"29075","5","49313","77","0","2016","2","N","Gentry County, Missouri","Private","NAICS 49313 Farm product warehousing and storage","County, NAICS 5-digit -- by ownership sector","All establishment sizes",1,0,0,0,0,0,0,0,"N",45.96,0,0,0,0,0,0,0,"N",1,100.0,0,0,0,0,0,0,0,0,0,0,0,0,0,0
"29075","5","49313","77","0","2016","3","N","Gentry County, Missouri","Private","NAICS 49313 Farm product warehousing and storage","County, NAICS 5-digit -- by ownership sector","All establishment sizes",1,0,0,0,0,0,0,0,"N",46.93,0,0,0,0,0,0,0,"N",1,100.0,0,0,0,0,0,0,0,0,0,0,0,0,0,0
"29075","5","49313","77","0","2016","4","N","Gentry County, Missouri","Private","NAICS 49313 Farm product warehousing and storage","County, NAICS 5-digit -- by ownership sector","All establishment sizes",1,0,0,0,0,0,0,0,"N",46.91,0,0,0,0,0,0,0,"N",0,0.0,0,0,0,0,0,0,0,0,0,0,0,0,0,0
"29075","5","493130","78","0","2016","1","N","Gentry County, Missouri","Private","NAICS 493130 Farm product warehousing and storage","County, NAICS 6-digit -- by ownership sector","All establishment sizes",1,0,0,0,0,0,0,0,"N",44.81,0,0,0,0,0,0,0,"N",1,100.0,0,0,0,0,0,0,0,0,0,0,0,0,0,0
"29075","5","493130","78","0","2016","2","N","Gentry County, Missouri","Private","NAICS 493130 Farm product warehousing and storage","County, NAICS 6-digit -- by ownership sector","All establishment sizes",1,0,0,0,0,0,0,0,"N",45.96,0,0,0,0,0,0,0,"N",1,100.0,0,0,0,0,0,0,0,0,0,0,0,0,0,0
"29075","5","493130","78","0","2016","3","N","Gentry County, Missouri","Private","NAICS 493130 Farm product warehousing and storage","County, NAICS 6-digit -- by ownership sector","All establishment sizes",1,0,0,0,0,0,0,0,"N",46.93,0,0,0,0,0,0,0,"N",1,100.0,0,0,0,0,0,0,0,0,0,0,0,0,0,0
"29075","5","493130","78","0","2016","4","N","Gentry County, Missouri","Private","NAICS 493130 Farm product warehousing and storage","County, NAICS 6-digit -- by ownership sector","All establishment sizes",1,0,0,0,0,0,0,0,"N",46.91,0,0,0,0,0,0,0,"N",0,0.0,0,0,0,0,0,0,0,0,0,0,0,0,0,0
"29075","5","51","74","0","2016","1","N","Gentry County, Missouri","Private","NAICS 51 Information","County, NAICS Sector -- by ownership sector","All establishment sizes",2,0,0,0,0,0,0,0,"N",0.52,0,0,0,0,0,0,0,"N",-1,-33.3,0,0,0,0,0,0,0,0,0,0,0,0,0,0
"29075","5","51","74","0","2016","2","N","Gentry County, Missouri","Private","NAICS 51 Information","County, NAICS Sector -- by ownership sector","All establishment sizes",1,0,0,0,0,0,0,0,"N",0.26,0,0,0,0,0,0,0,"N",-2,-66.7,0,0,0,0,0,0,0,0,0,0,0,0,0,0
"29075","5","51","74","0","2016","3","N","Gentry County, Missouri","Private","NAICS 51 Information","County, NAICS Sector -- by ownership sector","All establishment sizes",1,0,0,0,0,0,0,0,"N",0.27,0,0,0,0,0,0,0,"N",-2,-66.7,0,0,0,0,0,0,0,0,0,0,0,0,0,0
"29075","5","51","74","0","2016","4","N","Gentry County, Missouri","Private","NAICS 51 Information","County, NAICS Sector -- by ownership sector","All establishment sizes",1,0,0,0,0,0,0,0,"N",0.27,0,0,0,0,0,0,0,"N",-1,-50.0,0,0,0,0,0,0,0,0,0,0,0,0,0,0
"29075","5","511","75","0","2016","1","N","Gentry County, Missouri","Private","NAICS 511 Publishing industries, except internet","County, NAICS 3-digit -- by ownership sector","All establishment sizes",2,0,0,0,0,0,0,0,"N",1.99,0,0,0,0,0,0,0,"N",0,0.0,0,0,0,0,0,0,0,0,0,0,0,0,0,0
"29075","5","511","75","0","2016","2","N","Gentry County, Missouri","Private","NAICS 511 Publishing industries, except internet","County, NAICS 3-digit -- by ownership sector","All establishment sizes",1,0,0,0,0,0,0,0,"N",1.00,0,0,0,0,0,0,0,"N",-1,-50.0,0,0,0,0,0,0,0,0,0,0,0,0,0,0
"29075","5","511","75","0","2016","3","N","Gentry County, Missouri","Private","NAICS 511 Publishing industries, except internet","County, NAICS 3-digit -- by ownership sector","All establishment sizes",1,0,0,0,0,0,0,0,"N",1.01,0,0,0,0,0,0,0,"N",-1,-50.0,0,0,0,0,0,0,0,0,0,0,0,0,0,0
"29075","5","511","75","0","2016","4","N","Gentry County, Missouri","Private","NAICS 511 Publishing industries, except internet","County, NAICS 3-digit -- by ownership sector","All establishment sizes",1,0,0,0,0,0,0,0,"N",1.00,0,0,0,0,0,0,0,"N",-1,-50.0,0,0,0,0,0,0,0,0,0,0,0,0,0,0
"29075","5","5111","76","0","2016","1","N","Gentry County, Missouri","Private","NAICS 5111 Newspaper, book, and directory publishers","County, NAICS 4-digit -- by ownership sector","All establishment sizes",2,0,0,0,0,0,0,0,"N",3.80,0,0,0,0,0,0,0,"N",0,0.0,0,0,0,0,0,0,0,0,0,0,0,0,0,0
"29075","5","5111","76","0","2016","2","N","Gentry County, Missouri","Private","NAICS 5111 Newspaper, book, and directory publishers","County, NAICS 4-digit -- by ownership sector","All establishment sizes",1,0,0,0,0,0,0,0,"N",1.93,0,0,0,0,0,0,0,"N",-1,-50.0,0,0,0,0,0,0,0,0,0,0,0,0,0,0
"29075","5","5111","76","0","2016","3","N","Gentry County, Missouri","Private","NAICS 5111 Newspaper, book, and directory publishers","County, NAICS 4-digit -- by ownership sector","All establishment sizes",1,0,0,0,0,0,0,0,"N",1.99,0,0,0,0,0,0,0,"N",-1,-50.0,0,0,0,0,0,0,0,0,0,0,0,0,0,0
"29075","5","5111","76","0","2016","4","N","Gentry County, Missouri","Private","NAICS 5111 Newspaper, book, and directory publishers","County, NAICS 4-digit -- by ownership sector","All establishment sizes",1,0,0,0,0,0,0,0,"N",2.00,0,0,0,0,0,0,0,"N",-1,-50.0,0,0,0,0,0,0,0,0,0,0,0,0,0,0
"29075","5","51111","77","0","2016","1","N","Gentry County, Missouri","Private","NAICS 51111 Newspaper publishers","County, NAICS 5-digit -- by ownership sector","All establishment sizes",2,0,0,0,0,0,0,0,"N",10.65,0,0,0,0,0,0,0,"N",0,0.0,0,0,0,0,0,0,0,0,0,0,0,0,0,0
"29075","5","51111","77","0","2016","2","N","Gentry County, Missouri","Private","NAICS 51111 Newspaper publishers","County, NAICS 5-digit -- by ownership sector","All establishment sizes",1,0,0,0,0,0,0,0,"N",5.40,0,0,0,0,0,0,0,"N",-1,-50.0,0,0,0,0,0,0,0,0,0,0,0,0,0,0
"29075","5","51111","77","0","2016","3","N","Gentry County, Missouri","Private","NAICS 51111 Newspaper publishers","County, NAICS 5-digit -- by ownership sector","All establishment sizes",1,0,0,0,0,0,0,0,"N",5.55,0,0,0,0,0,0,0,"N",-1,-50.0,0,0,0,0,0,0,0,0,0,0,0,0,0,0
"29075","5","51111","77","0","2016","4","N","Gentry County, Missouri","Private","NAICS 51111 Newspaper publishers","County, NAICS 5-digit -- by ownership sector","All establishment sizes",1,0,0,0,0,0,0,0,"N",5.61,0,0,0,0,0,0,0,"N",-1,-50.0,0,0,0,0,0,0,0,0,0,0,0,0,0,0
"29075","5","511110","78","0","2016","1","N","Gentry County, Missouri","Private","NAICS 511110 Newspaper publishers","County, NAICS 6-digit -- by ownership sector","All establishment sizes",2,0,0,0,0,0,0,0,"N",10.65,0,0,0,0,0,0,0,"N",0,0.0,0,0,0,0,0,0,0,0,0,0,0,0,0,0
"29075","5","511110","78","0","2016","2","N","Gentry County, Missouri","Private","NAICS 511110 Newspaper publishers","County, NAICS 6-digit -- by ownership sector","All establishment sizes",1,0,0,0,0,0,0,0,"N",5.40,0,0,0,0,0,0,0,"N",-1,-50.0,0,0,0,0,0,0,0,0,0,0,0,0,0,0
"29075","5","511110","78","0","2016","3","N","Gentry County, Missouri","Private","NAICS 511110 Newspaper publishers","County, NAICS 6-digit -- by ownership sector","All establishment sizes",1,0,0,0,0,0,0,0,"N",5.55,0,0,0,0,0,0,0,"N",-1,-50.0,0,0,0,0,0,0,0,0,0,0,0,0,0,0
"29075","5","511110","78","0","2016","4","N","Gentry County, Missouri","Private","NAICS 511110 Newspaper publishers","County, NAICS 6-digit -- by ownership sector","All establishment sizes",1,0,0,0,0,0,0,0,"N",5.61,0,0,0,0,0,0,0,"N",-1,-50.0,0,0,0,0,0,0,0,0,0,0,0,0,0,0
"29075","5","52","74","0","2016","1","N","Gentry County, Missouri","Private","NAICS 52 Finance and insurance","County, NAICS Sector -- by ownership sector","All establishment sizes",15,0,0,0,0,0,0,0,"N",1.27,0,0,0,0,0,0,0,"N",-1,-6.2,0,0,0,0,0,0,0,0,0,0,0,0,0,0
"29075","5","52","74","0","2016","2","N","Gentry County, Missouri","Private","NAICS 52 Finance and insurance","County, NAICS Sector -- by ownership sector","All establishment sizes",16,0,0,0,0,0,0,0,"N",1.37,0,0,0,0,0,0,0,"N",1,6.7,0,0,0,0,0,0,0,0,0,0,0,0,0,0
"29075","5","52","74","0","2016","3","N","Gentry County, Missouri","Private","NAICS 52 Finance and insurance","County, NAICS Sector -- by ownership sector","All establishment sizes",16,0,0,0,0,0,0,0,"N",1.41,0,0,0,0,0,0,0,"N",1,6.7,0,0,0,0,0,0,0,0,0,0,0,0,0,0
"29075","5","52","74","0","2016","4","N","Gentry County, Missouri","Private","NAICS 52 Finance and insurance","County, NAICS Sector -- by ownership sector","All establishment sizes",15,0,0,0,0,0,0,0,"N",1.32,0,0,0,0,0,0,0,"N",0,0.0,0,0,0,0,0,0,0,0,0,0,0,0,0,0
"29075","5","522","75","0","2016","1","","Gentry County, Missouri","Private","NAICS 522 Credit intermediation and related activities","County, NAICS 3-digit -- by ownership sector","All establishment sizes",5,33,33,33,337931,275599,688,788,"",1.13,0.81,0.82,0.82,0.65,1.02,0.22,0.80,"",0,0.0,1,3.1,-1,-2.9,0,0.0,-9168,-2.6,-10176,-3.6,-418,-37.8,-21,-2.6
"29075","5","522","75","0","2016","2","","Gentry County, Missouri","Private","NAICS 522 Credit intermediation and related activities","County, NAICS 3-digit -- by ownership sector","All establishment sizes",5,33,34,33,333293,109941,288,769,"",1.14,0.81,0.84,0.79,0.75,0.97,0.24,0.92,"",0,0.0,1,3.1,0,0.0,-3,-8.3,11468,3.6,11849,12.1,-163,-36.1,41,5.6
"29075","5","522","75","0","2016","3","","Gentry County, Missouri","Private","NAICS 522 Credit intermediation and related activities","County, NAICS 3-digit -- by ownership sector","All establishment sizes",6,43,32,33,385157,56537,169,823,"",1.41,1.09,0.80,0.82,0.87,1.12,0.28,0.96,"",1,20.0,11,34.4,0,0.0,1,3.1,26793,7.5,18745,49.6,35,26.1,-38,-4.4
"29075","5","522","75","0","2016","4","","Gentry County, Missouri","Private","NAICS 522 Credit intermediation and related activities","County, NAICS 3-digit -- by ownership sector","All establishment sizes",5,32,31,30,373138,25824,102,926,"",1.18,0.80,0.77,0.74,0.79,0.81,0.25,1.02,"",0,0.0,-1,-3.0,-2,-6.1,-3,-9.1,-39389,-9.5,9228,55.6,37,56.9,-36,-3.7
"29075","5","5221","76","0","2016","1","","Gentry County, Missouri","Private","NAICS 5221 Depository credit intermediation","County, NAICS 4-digit -- by ownership sector","All establishment sizes",5,33,33,33,337931,275599,688,788,"",1.87,1.24,1.25,1.25,1.06,1.57,0.37,0.85,"",0,0.0,1,3.1,-1,-2.9,0,0.0,-9168,-2.6,-10176,-3.6,-418,-37.8,-21,-2.6
"29075","5","5221","76","0","2016","2","","Gentry County, Missouri","Private","NAICS 5221 Depository credit intermediation","County, NAICS 4-digit -- by ownership sector","All establishment sizes",5,33,34,33,333293,109941,288,769,"",1.90,1.24,1.28,1.21,1.26,1.45,0.39,1.01,"",0,0.0,1,3.1,0,0.0,-3,-8.3,11468,3.6,11849,12.1,-163,-36.1,41,5.6
"29075","5","5221","76","0","2016","3","","Gentry County, Missouri","Private","NAICS 5221 Depository credit intermediation","County, NAICS 4-digit -- by ownership sector","All establishment sizes",6,43,32,33,385157,56537,169,823,"",2.36,1.68,1.23,1.26,1.47,1.73,0.50,1.06,"",1,20.0,11,34.4,0,0.0,1,3.1,26793,7.5,18745,49.6,35,26.1,-38,-4.4
"29075","5","5221","76","0","2016","4","","Gentry County, Missouri","Private","NAICS 5221 Depository credit intermediation","County, NAICS 4-digit -- by ownership sector","All establishment sizes",5,32,31,30,373138,25824,102,926,"",1.97,1.24,1.20,1.15,1.33,1.33,0.48,1.11,"",0,0.0,-1,-3.0,-2,-6.1,-3,-9.1,-39389,-9.5,9228,55.6,37,56.9,-36,-3.7
"29075","5","52211","77","0","2016","1","","Gentry County, Missouri","Private","NAICS 52211 Commercial banking","County, NAICS 5-digit -- by ownership sector","All establishment sizes",5,33,33,33,337931,275599,688,788,"",2.47,1.61,1.62,1.62,1.26,2.00,0.46,0.78,"",0,0.0,1,3.1,-1,-2.9,0,0.0,-9168,-2.6,-10176,-3.6,-418,-37.8,-21,-2.6
"29075","5","52211","77","0","2016","2","","Gentry County, Missouri","Private","NAICS 52211 Commercial banking","County, NAICS 5-digit -- by ownership sector","All establishment sizes",5,33,34,33,333293,109941,288,769,"",2.51,1.60,1.66,1.57,1.55,1.94,0.51,0.96,"",0,0.0,1,3.1,0,0.0,-3,-8.3,11468,3.6,11849,12.1,-163,-36.1,41,5.6
"29075","5","52211","77","0","2016","3","","Gentry County, Missouri","Private","NAICS 52211 Commercial banking","County, NAICS 5-digit -- by ownership sector","All establishment sizes",6,43,32,33,385157,56537,169,823,"",3.12,2.18,1.60,1.64,1.82,2.33,0.65,1.01,"",1,20.0,11,34.4,0,0.0,1,3.1,26793,7.5,18745,49.6,35,26.1,-38,-4.4
"29075","5","52211","77","0","2016","4","","Gentry County, Missouri","Private","NAICS 52211 Commercial banking","County, NAICS 5-digit -- by ownership sector","All establishment sizes",5,32,31,30,373138,25824,102,926,"",2.61,1.61,1.56,1.49,1.63,1.79,0.62,1.05,"",0,0.0,-1,-3.0,-2,-6.1,-3,-9.1,-39389,-9.5,9228,55.6,37,56.9,-36,-3.7
"29075","5","522110","78","0","2016","1","","Gentry County, Missouri","Private","NAICS 522110 Commercial banking","County, NAICS 6-digit -- by ownership sector","All establishment sizes",5,33,33,33,337931,275599,688,788,"",2.47,1.61,1.62,1.62,1.26,2.00,0.46,0.78,"",0,0.0,1,3.1,-1,-2.9,0,0.0,-9168,-2.6,-10176,-3.6,-418,-37.8,-21,-2.6
"29075","5","522110","78","0","2016","2","","Gentry County, Missouri","Private","NAICS 522110 Commercial banking","County, NAICS 6-digit -- by ownership sector","All establishment sizes",5,33,34,33,333293,109941,288,769,"",2.51,1.60,1.66,1.57,1.55,1.94,0.51,0.96,"",0,0.0,1,3.1,0,0.0,-3,-8.3,11468,3.6,11849,12.1,-163,-36.1,41,5.6
"29075","5","522110","78","0","2016","3","","Gentry County, Missouri","Private","NAICS 522110 Commercial banking","County, NAICS 6-digit -- by ownership sector","All establishment sizes",6,43,32,33,385157,56537,169,823,"",3.12,2.18,1.60,1.64,1.82,2.33,0.65,1.01,"",1,20.0,11,34.4,0,0.0,1,3.1,26793,7.5,18745,49.6,35,26.1,-38,-4.4
"29075","5","522110","78","0","2016","4","","Gentry County, Missouri","Private","NAICS 522110 Commercial banking","County, NAICS 6-digit -- by ownership sector","All establishment sizes",5,32,31,30,373138,25824,102,926,"",2.61,1.61,1.56,1.49,1.63,1.79,0.62,1.05,"",0,0.0,-1,-3.0,-2,-6.1,-3,-9.1,-39389,-9.5,9228,55.6,37,56.9,-36,-3.7
"29075","5","523","75","0","2016","1","N","Gentry County, Missouri","Private","NAICS 523 Securities, commodity contracts, investments","County, NAICS 3-digit -- by ownership sector","All establishment sizes",1,0,0,0,0,0,0,0,"N",0.39,0,0,0,0,0,0,0,"N",0,0.0,0,0,0,0,0,0,0,0,0,0,0,0,0,0
"29075","5","523","75","0","2016","2","N","Gentry County, Missouri","Private","NAICS 523 Securities, commodity contracts, investments","County, NAICS 3-digit -- by ownership sector","All establishment sizes",1,0,0,0,0,0,0,0,"N",0.40,0,0,0,0,0,0,0,"N",0,0.0,0,0,0,0,0,0,0,0,0,0,0,0,0,0
"29075","5","523","75","0","2016","3","N","Gentry County, Missouri","Private","NAICS 523 Securities, commodity contracts, investments","County, NAICS 3-digit -- by ownership sector","All establishment sizes",1,0,0,0,0,0,0,0,"N",0.41,0,0,0,0,0,0,0,"N",0,0.0,0,0,0,0,0,0,0,0,0,0,0,0,0,0
"29075","5","523","75","0","2016","4","N","Gentry County, Missouri","Private","NAICS 523 Securities, commodity contracts, investments","County, NAICS 3-digit -- by ownership sector","All establishment sizes",1,0,0,0,0,0,0,0,"N",0.40,0,0,0,0,0,0,0,"N",0,0.0,0,0,0,0,0,0,0,0,0,0,0,0,0,0
"29075","5","5231","76","0","2016","1","N","Gentry County, Missouri","Private","NAICS 5231 Securities and commodity contracts brokerage","County, NAICS 4-digit -- by ownership sector","All establishment sizes",1,0,0,0,0,0,0,0,"N",1.21,0,0,0,0,0,0,0,"N",0,0.0,0,0,0,0,0,0,0,0,0,0,0,0,0,0
"29075","5","5231","76","0","2016","2","N","Gentry County, Missouri","Private","NAICS 5231 Securities and commodity contracts brokerage","County, NAICS 4-digit -- by ownership sector","All establishment sizes",1,0,0,0,0,0,0,0,"N",1.23,0,0,0,0,0,0,0,"N",0,0.0,0,0,0,0,0,0,0,0,0,0,0,0,0,0
"29075","5","5231","76","0","2016","3","N","Gentry County, Missouri","Private","NAICS 5231 Securities and commodity contracts brokerage","County, NAICS 4-digit -- by ownership sector","All establishment sizes",1,0,0,0,0,0,0,0,"N",1.25,0,0,0,0,0,0,0,"N",0,0.0,0,0,0,0,0,0,0,0,0,0,0,0,0,0
"29075","5","5231","76","0","2016","4","N","Gentry County, Missouri","Private","NAICS 5231 Securities and commodity contracts brokerage","County, NAICS 4-digit -- by ownership sector","All establishment sizes",1,0,0,0,0,0,0,0,"N",1.24,0,0,0,0,0,0,0,"N",0,0.0,0,0,0,0,0,0,0,0,0,0,0,0,0,0
"29075","5","52312","77","0","2016","1","N","Gentry County, Missouri","Private","NAICS 52312 Securities brokerage","County, NAICS 5-digit -- by ownership sector","All establishment sizes",1,0,0,0,0,0,0,0,"N",1.73,0,0,0,0,0,0,0,"N",0,0.0,0,0,0,0,0,0,0,0,0,0,0,0,0,0
"29075","5","52312","77","0","2016","2","N","Gentry County, Missouri","Private","NAICS 52312 Securities brokerage","County, NAICS 5-digit -- by ownership sector","All establishment sizes",1,0,0,0,0,0,0,0,"N",1.76,0,0,0,0,0,0,0,"N",0,0.0,0,0,0,0,0,0,0,0,0,0,0,0,0,0
"29075","5","52312","77","0","2016","3","N","Gentry County, Missouri","Private","NAICS 52312 Securities brokerage","County, NAICS 5-digit -- by ownership sector","All establishment sizes",1,0,0,0,0,0,0,0,"N",1.77,0,0,0,0,0,0,0,"N",0,0.0,0,0,0,0,0,0,0,0,0,0,0,0,0,0
"29075","5","52312","77","0","2016","4","N","Gentry County, Missouri","Private","NAICS 52312 Securities brokerage","County, NAICS 5-digit -- by ownership sector","All establishment sizes",1,0,0,0,0,0,0,0,"N",1.76,0,0,0,0,0,0,0,"N",0,0.0,0,0,0,0,0,0,0,0,0,0,0,0,0,0
"29075","5","523120","78","0","2016","1","N","Gentry County, Missouri","Private","NAICS 523120 Securities brokerage","County, NAICS 6-digit -- by ownership sector","All establishment sizes",1,0,0,0,0,0,0,0,"N",1.73,0,0,0,0,0,0,0,"N",0,0.0,0,0,0,0,0,0,0,0,0,0,0,0,0,0
"29075","5","523120","78","0","2016","2","N","Gentry County, Missouri","Private","NAICS 523120 Securities brokerage","County, NAICS 6-digit -- by ownership sector","All establishment sizes",1,0,0,0,0,0,0,0,"N",1.76,0,0,0,0,0,0,0,"N",0,0.0,0,0,0,0,0,0,0,0,0,0,0,0,0,0
"29075","5","523120","78","0","2016","3","N","Gentry County, Missouri","Private","NAICS 523120 Securities brokerage","County, NAICS 6-digit -- by ownership sector","All establishment sizes",1,0,0,0,0,0,0,0,"N",1.77,0,0,0,0,0,0,0,"N",0,0.0,0,0,0,0,0,0,0,0,0,0,0,0,0,0
"29075","5","523120","78","0","2016","4","N","Gentry County, Missouri","Private","NAICS 523120 Securities brokerage","County, NAICS 6-digit -- by ownership sector","All establishment sizes",1,0,0,0,0,0,0,0,"N",1.76,0,0,0,0,0,0,0,"N",0,0.0,0,0,0,0,0,0,0,0,0,0,0,0,0,0
"29075","5","524","75","0","2016","1","","Gentry County, Missouri","Private","NAICS 524 Insurance carriers and related activities","County, NAICS 3-digit -- by ownership sector","All establishment sizes",9,17,19,17,99086,94030,1191,431,"",1.91,0.48,0.54,0.48,0.21,0.37,0.44,0.42,"",-1,-10.0,-3,-15.0,1,5.6,0,0.0,14972,17.8,13192,16.3,-647,-35.2,78,22.1
"29075","5","524","75","0","2016","2","","Gentry County, Missouri","Private","NAICS 524 Insurance carriers and related activities","County, NAICS 3-digit -- by ownership sector","All establishment sizes",10,19,19,20,95548,63247,1091,380,"",2.15,0.53,0.53,0.55,0.23,0.71,1.21,0.42,"N",1,11.1,0,0,0,0,0,0,0,0,0,0,0,0,0,0
"29075","5","524","75","0","2016","3","","Gentry County, Missouri","Private","NAICS 524 Insurance carriers and related activities","County, NAICS 3-digit -- by ownership sector","All establishment sizes",9,19,18,18,96914,34518,738,407,"",1.99,0.55,0.52,0.51,0.24,0.91,1.70,0.46,"",0,0.0,0,0.0,1,5.9,2,12.5,5181,5.6,4865,16.4,-158,-17.6,0,0.0
"29075","5","524","75","0","2016","4","","Gentry County, Missouri","Private","NAICS 524 Insurance carriers and related activities","County, NAICS 3-digit -- by ownership sector","All establishment sizes",9,17,17,16,85569,19273,325,395,"",1.99,0.48,0.48,0.45,0.20,0.80,1.06,0.43,"N",0,0.0,0,0,0,0,0,0,0,0,0,0,0,0,0,0
"29075","5","5241","76","0","2016","1","N","Gentry County, Missouri","Private","NAICS 5241 Insurance carriers","County, NAICS 4-digit -- by ownership sector","All establishment sizes",2,0,0,0,0,0,0,0,"N",2.78,0,0,0,0,0,0,0,"N",-1,-33.3,0,0,0,0,0,0,0,0,0,0,0,0,0,0
"29075","5","5241","76","0","2016","2","N","Gentry County, Missouri","Private","NAICS 5241 Insurance carriers","County, NAICS 4-digit -- by ownership sector","All establishment sizes",2,0,0,0,0,0,0,0,"N",2.80,0,0,0,0,0,0,0,"N",-1,-33.3,0,0,0,0,0,0,0,0,0,0,0,0,0,0
"29075","5","5241","76","0","2016","3","N","Gentry County, Missouri","Private","NAICS 5241 Insurance carriers","County, NAICS 4-digit -- by ownership sector","All establishment sizes",2,0,0,0,0,0,0,0,"N",2.88,0,0,0,0,0,0,0,"N",-1,-33.3,0,0,0,0,0,0,0,0,0,0,0,0,0,0
"29075","5","5241","76","0","2016","4","N","Gentry County, Missouri","Private","NAICS 5241 Insurance carriers","County, NAICS 4-digit -- by ownership sector","All establishment sizes",2,0,0,0,0,0,0,0,"N",2.88,0,0,0,0,0,0,0,"N",-1,-33.3,0,0,0,0,0,0,0,0,0,0,0,0,0,0
"29075","5","52412","77","0","2016","1","N","Gentry County, Missouri","Private","NAICS 52412 Direct insurers, except life and health","County, NAICS 5-digit -- by ownership sector","All establishment sizes",2,0,0,0,0,0,0,0,"N",4.35,0,0,0,0,0,0,0,"N",-1,-33.3,0,0,0,0,0,0,0,0,0,0,0,0,0,0
"29075","5","52412","77","0","2016","2","N","Gentry County, Missouri","Private","NAICS 52412 Direct insurers, except life and health","County, NAICS 5-digit -- by ownership sector","All establishment sizes",2,0,0,0,0,0,0,0,"N",4.40,0,0,0,0,0,0,0,"N",-1,-33.3,0,0,0,0,0,0,0,0,0,0,0,0,0,0
"29075","5","52412","77","0","2016","3","N","Gentry County, Missouri","Private","NAICS 52412 Direct insurers, except life and health","County, NAICS 5-digit -- by ownership sector","All establishment sizes",2,0,0,0,0,0,0,0,"N",4.53,0,0,0,0,0,0,0,"N",-1,-33.3,0,0,0,0,0,0,0,0,0,0,0,0,0,0
"29075","5","52412","77","0","2016","4","N","Gentry County, Missouri","Private","NAICS 52412 Direct insurers, except life and health","County, NAICS 5-digit -- by ownership sector","All establishment sizes",2,0,0,0,0,0,0,0,"N",4.54,0,0,0,0,0,0,0,"N",-1,-33.3,0,0,0,0,0,0,0,0,0,0,0,0,0,0
"29075","5","524126","78","0","2016","1","N","Gentry County, Missouri","Private","NAICS 524126 Direct property and casualty insurers","County, NAICS 6-digit -- by ownership sector","All establishment sizes",2,0,0,0,0,0,0,0,"N",6.72,0,0,0,0,0,0,0,"N",-1,-33.3,0,0,0,0,0,0,0,0,0,0,0,0,0,0
"29075","5","524126","78","0","2016","2","N","Gentry County, Missouri","Private","NAICS 524126 Direct property and casualty insurers","County, NAICS 6-digit -- by ownership sector","All establishment sizes",2,0,0,0,0,0,0,0,"N",6.80,0,0,0,0,0,0,0,"N",-1,-33.3,0,0,0,0,0,0,0,0,0,0,0,0,0,0
"29075","5","524126","78","0","2016","3","N","Gentry County, Missouri","Private","NAICS 524126 Direct property and casualty insurers","County, NAICS 6-digit -- by ownership sector","All establishment sizes",2,0,0,0,0,0,0,0,"N",7.01,0,0,0,0,0,0,0,"N",-1,-33.3,0,0,0,0,0,0,0,0,0,0,0,0,0,0
"29075","5","524126","78","0","2016","4","N","Gentry County, Missouri","Private","NAICS 524126 Direct property and casualty insurers","County, NAICS 6-digit -- by ownership sector","All establishment sizes",2,0,0,0,0,0,0,0,"N",7.02,0,0,0,0,0,0,0,"N",-1,-33.3,0,0,0,0,0,0,0,0,0,0,0,0,0,0
"29075","5","5242","76","0","2016","1","N","Gentry County, Missouri","Private","NAICS 5242 Insurance agencies and brokerages","County, NAICS 4-digit -- by ownership sector","All establishment sizes",7,0,0,0,0,0,0,0,"N",1.75,0,0,0,0,0,0,0,"N",0,0.0,0,0,0,0,0,0,0,0,0,0,0,0,0,0
"29075","5","5242","76","0","2016","2","N","Gentry County, Missouri","Private","NAICS 5242 Insurance agencies and brokerages","County, NAICS 4-digit -- by ownership sector","All establishment sizes",8,0,0,0,0,0,0,0,"N",2.03,0,0,0,0,0,0,0,"N",2,33.3,0,0,0,0,0,0,0,0,0,0,0,0,0,0
"29075","5","5242","76","0","2016","3","N","Gentry County, Missouri","Private","NAICS 5242 Insurance agencies and brokerages","County, NAICS 4-digit -- by ownership sector","All establishment sizes",7,0,0,0,0,0,0,0,"N",1.82,0,0,0,0,0,0,0,"N",1,16.7,0,0,0,0,0,0,0,0,0,0,0,0,0,0
"29075","5","5242","76","0","2016","4","N","Gentry County, Missouri","Private","NAICS 5242 Insurance agencies and brokerages","County, NAICS 4-digit -- by ownership sector","All establishment sizes",7,0,0,0,0,0,0,0,"N",1.82,0,0,0,0,0,0,0,"N",1,16.7,0,0,0,0,0,0,0,0,0,0,0,0,0,0
"29075","5","52421","77","0","2016","1","N","Gentry County, Missouri","Private","NAICS 52421 Insurance agencies and brokerages","County, NAICS 5-digit -- by ownership sector","All establishment sizes",7,0,0,0,0,0,0,0,"N",2.01,0,0,0,0,0,0,0,"N",0,0.0,0,0,0,0,0,0,0,0,0,0,0,0,0,0
"29075","5","52421","77","0","2016","2","N","Gentry County, Missouri","Private","NAICS 52421 Insurance agencies and brokerages","County, NAICS 5-digit -- by ownership sector","All establishment sizes",8,0,0,0,0,0,0,0,"N",2.34,0,0,0,0,0,0,0,"N",2,33.3,0,0,0,0,0,0,0,0,0,0,0,0,0,0
"29075","5","52421","77","0","2016","3","N","Gentry County, Missouri","Private","NAICS 52421 Insurance agencies and brokerages","County, NAICS 5-digit -- by ownership sector","All establishment sizes",7,0,0,0,0,0,0,0,"N",2.10,0,0,0,0,0,0,0,"N",1,16.7,0,0,0,0,0,0,0,0,0,0,0,0,0,0
"29075","5","52421","77","0","2016","4","N","Gentry County, Missouri","Private","NAICS 52421 Insurance agencies and brokerages","County, NAICS 5-digit -- by ownership sector","All establishment sizes",7,0,0,0,0,0,0,0,"N",2.10,0,0,0,0,0,0,0,"N",1,16.7,0,0,0,0,0,0,0,0,0,0,0,0,0,0
"29075","5","524210","78","0","2016","1","N","Gentry County, Missouri","Private","NAICS 524210 Insurance agencies and brokerages","County, NAICS 6-digit -- by ownership sector","All establishment sizes",7,0,0,0,0,0,0,0,"N",2.01,0,0,0,0,0,0,0,"N",0,0.0,0,0,0,0,0,0,0,0,0,0,0,0,0,0
"29075","5","524210","78","0","2016","2","N","Gentry County, Missouri","Private","NAICS 524210 Insurance agencies and brokerages","County, NAICS 6-digit -- by ownership sector","All establishment sizes",8,0,0,0,0,0,0,0,"N",2.34,0,0,0,0,0,0,0,"N",2,33.3,0,0,0,0,0,0,0,0,0,0,0,0,0,0
"29075","5","524210","78","0","2016","3","N","Gentry County, Missouri","Private","NAICS 524210 Insurance agencies and brokerages","County, NAICS 6-digit -- by ownership sector","All establishment sizes",7,0,0,0,0,0,0,0,"N",2.10,0,0,0,0,0,0,0,"N",1,16.7,0,0,0,0,0,0,0,0,0,0,0,0,0,0
"29075","5","524210","78","0","2016","4","N","Gentry County, Missouri","Private","NAICS 524210 Insurance agencies and brokerages","County, NAICS 6-digit -- by ownership sector","All establishment sizes",7,0,0,0,0,0,0,0,"N",2.10,0,0,0,0,0,0,0,"N",1,16.7,0,0,0,0,0,0,0,0,0,0,0,0,0,0
"29075","5","53","74","0","2016","1","N","Gentry County, Missouri","Private","NAICS 53 Real estate and rental and leasing","County, NAICS Sector -- by ownership sector","All establishment sizes",5,0,0,0,0,0,0,0,"N",0.54,0,0,0,0,0,0,0,"N",0,0.0,0,0,0,0,0,0,0,0,0,0,0,0,0,0
"29075","5","53","74","0","2016","2","N","Gentry County, Missouri","Private","NAICS 53 Real estate and rental and leasing","County, NAICS Sector -- by ownership sector","All establishment sizes",5,0,0,0,0,0,0,0,"N",0.55,0,0,0,0,0,0,0,"N",0,0.0,0,0,0,0,0,0,0,0,0,0,0,0,0,0
"29075","5","53","74","0","2016","3","N","Gentry County, Missouri","Private","NAICS 53 Real estate and rental and leasing","County, NAICS Sector -- by ownership sector","All establishment sizes",5,0,0,0,0,0,0,0,"N",0.56,0,0,0,0,0,0,0,"N",0,0.0,0,0,0,0,0,0,0,0,0,0,0,0,0,0
"29075","5","53","74","0","2016","4","N","Gentry County, Missouri","Private","NAICS 53 Real estate and rental and leasing","County, NAICS Sector -- by ownership sector","All establishment sizes",5,0,0,0,0,0,0,0,"N",0.56,0,0,0,0,0,0,0,"N",0,0.0,0,0,0,0,0,0,0,0,0,0,0,0,0,0
"29075","5","531","75","0","2016","1","N","Gentry County, Missouri","Private","NAICS 531 Real estate","County, NAICS 3-digit -- by ownership sector","All establishment sizes",5,0,0,0,0,0,0,0,"N",0.64,0,0,0,0,0,0,0,"N",0,0.0,0,0,0,0,0,0,0,0,0,0,0,0,0,0
"29075","5","531","75","0","2016","2","N","Gentry County, Missouri","Private","NAICS 531 Real estate","County, NAICS 3-digit -- by ownership sector","All establishment sizes",5,0,0,0,0,0,0,0,"N",0.65,0,0,0,0,0,0,0,"N",0,0.0,0,0,0,0,0,0,0,0,0,0,0,0,0,0
"29075","5","531","75","0","2016","3","N","Gentry County, Missouri","Private","NAICS 531 Real estate","County, NAICS 3-digit -- by ownership sector","All establishment sizes",5,0,0,0,0,0,0,0,"N",0.66,0,0,0,0,0,0,0,"N",0,0.0,0,0,0,0,0,0,0,0,0,0,0,0,0,0
"29075","5","531","75","0","2016","4","N","Gentry County, Missouri","Private","NAICS 531 Real estate","County, NAICS 3-digit -- by ownership sector","All establishment sizes",5,0,0,0,0,0,0,0,"N",0.66,0,0,0,0,0,0,0,"N",0,0.0,0,0,0,0,0,0,0,0,0,0,0,0,0,0
"29075","5","5311","76","0","2016","1","N","Gentry County, Missouri","Private","NAICS 5311 Lessors of real estate","County, NAICS 4-digit -- by ownership sector","All establishment sizes",1,0,0,0,0,0,0,0,"N",0.37,0,0,0,0,0,0,0,"N",0,0.0,0,0,0,0,0,0,0,0,0,0,0,0,0,0
"29075","5","5311","76","0","2016","2","N","Gentry County, Missouri","Private","NAICS 5311 Lessors of real estate","County, NAICS 4-digit -- by ownership sector","All establishment sizes",1,0,0,0,0,0,0,0,"N",0.38,0,0,0,0,0,0,0,"N",0,0.0,0,0,0,0,0,0,0,0,0,0,0,0,0,0
"29075","5","5311","76","0","2016","3","N","Gentry County, Missouri","Private","NAICS 5311 Lessors of real estate","County, NAICS 4-digit -- by ownership sector","All establishment sizes",1,0,0,0,0,0,0,0,"N",0.39,0,0,0,0,0,0,0,"N",0,0.0,0,0,0,0,0,0,0,0,0,0,0,0,0,0
"29075","5","5311","76","0","2016","4","N","Gentry County, Missouri","Private","NAICS 5311 Lessors of real estate","County, NAICS 4-digit -- by ownership sector","All establishment sizes",1,0,0,0,0,0,0,0,"N",0.39,0,0,0,0,0,0,0,"N",0,0.0,0,0,0,0,0,0,0,0,0,0,0,0,0,0
"29075","5","53111","77","0","2016","1","N","Gentry County, Missouri","Private","NAICS 53111 Lessors of residential buildings","County, NAICS 5-digit -- by ownership sector","All establishment sizes",1,0,0,0,0,0,0,0,"N",0.67,0,0,0,0,0,0,0,"N",0,0.0,0,0,0,0,0,0,0,0,0,0,0,0,0,0
"29075","5","53111","77","0","2016","2","N","Gentry County, Missouri","Private","NAICS 53111 Lessors of residential buildings","County, NAICS 5-digit -- by ownership sector","All establishment sizes",1,0,0,0,0,0,0,0,"N",0.68,0,0,0,0,0,0,0,"N",0,0.0,0,0,0,0,0,0,0,0,0,0,0,0,0,0
"29075","5","53111","77","0","2016","3","N","Gentry County, Missouri","Private","NAICS 53111 Lessors of residential buildings","County, NAICS 5-digit -- by ownership sector","All establishment sizes",1,0,0,0,0,0,0,0,"N",0.70,0,0,0,0,0,0,0,"N",0,0.0,0,0,0,0,0,0,0,0,0,0,0,0,0,0
"29075","5","53111","77","0","2016","4","N","Gentry County, Missouri","Private","NAICS 53111 Lessors of residential buildings","County, NAICS 5-digit -- by ownership sector","All establishment sizes",1,0,0,0,0,0,0,0,"N",0.70,0,0,0,0,0,0,0,"N",0,0.0,0,0,0,0,0,0,0,0,0,0,0,0,0,0
"29075","5","531110","78","0","2016","1","N","Gentry County, Missouri","Private","NAICS 531110 Lessors of residential buildings","County, NAICS 6-digit -- by ownership sector","All establishment sizes",1,0,0,0,0,0,0,0,"N",0.67,0,0,0,0,0,0,0,"N",0,0.0,0,0,0,0,0,0,0,0,0,0,0,0,0,0
"29075","5","531110","78","0","2016","2","N","Gentry County, Missouri","Private","NAICS 531110 Lessors of residential buildings","County, NAICS 6-digit -- by ownership sector","All establishment sizes",1,0,0,0,0,0,0,0,"N",0.68,0,0,0,0,0,0,0,"N",0,0.0,0,0,0,0,0,0,0,0,0,0,0,0,0,0
"29075","5","531110","78","0","2016","3","N","Gentry County, Missouri","Private","NAICS 531110 Lessors of residential buildings","County, NAICS 6-digit -- by ownership sector","All establishment sizes",1,0,0,0,0,0,0,0,"N",0.70,0,0,0,0,0,0,0,"N",0,0.0,0,0,0,0,0,0,0,0,0,0,0,0,0,0
"29075","5","531110","78","0","2016","4","N","Gentry County, Missouri","Private","NAICS 531110 Lessors of residential buildings","County, NAICS 6-digit -- by ownership sector","All establishment sizes",1,0,0,0,0,0,0,0,"N",0.70,0,0,0,0,0,0,0,"N",0,0.0,0,0,0,0,0,0,0,0,0,0,0,0,0,0
"29075","5","5312","76","0","2016","1","N","Gentry County, Missouri","Private","NAICS 5312 Offices of real estate agents and brokers","County, NAICS 4-digit -- by ownership sector","All establishment sizes",1,0,0,0,0,0,0,0,"N",0.39,0,0,0,0,0,0,0,"N",0,0.0,0,0,0,0,0,0,0,0,0,0,0,0,0,0
"29075","5","5312","76","0","2016","2","N","Gentry County, Missouri","Private","NAICS 5312 Offices of real estate agents and brokers","County, NAICS 4-digit -- by ownership sector","All establishment sizes",1,0,0,0,0,0,0,0,"N",0.39,0,0,0,0,0,0,0,"N",0,0.0,0,0,0,0,0,0,0,0,0,0,0,0,0,0
"29075","5","5312","76","0","2016","3","N","Gentry County, Missouri","Private","NAICS 5312 Offices of real estate agents and brokers","County, NAICS 4-digit -- by ownership sector","All establishment sizes",1,0,0,0,0,0,0,0,"N",0.40,0,0,0,0,0,0,0,"N",0,0.0,0,0,0,0,0,0,0,0,0,0,0,0,0,0
"29075","5","5312","76","0","2016","4","N","Gentry County, Missouri","Private","NAICS 5312 Offices of real estate agents and brokers","County, NAICS 4-digit -- by ownership sector","All establishment sizes",1,0,0,0,0,0,0,0,"N",0.39,0,0,0,0,0,0,0,"N",0,0.0,0,0,0,0,0,0,0,0,0,0,0,0,0,0
"29075","5","53121","77","0","2016","1","N","Gentry County, Missouri","Private","NAICS 53121 Offices of real estate agents and brokers","County, NAICS 5-digit -- by ownership sector","All establishment sizes",1,0,0,0,0,0,0,0,"N",0.39,0,0,0,0,0,0,0,"N",0,0.0,0,0,0,0,0,0,0,0,0,0,0,0,0,0
"29075","5","53121","77","0","2016","2","N","Gentry County, Missouri","Private","NAICS 53121 Offices of real estate agents and brokers","County, NAICS 5-digit -- by ownership sector","All establishment sizes",1,0,0,0,0,0,0,0,"N",0.39,0,0,0,0,0,0,0,"N",0,0.0,0,0,0,0,0,0,0,0,0,0,0,0,0,0
"29075","5","53121","77","0","2016","3","N","Gentry County, Missouri","Private","NAICS 53121 Offices of real estate agents and brokers","County, NAICS 5-digit -- by ownership sector","All establishment sizes",1,0,0,0,0,0,0,0,"N",0.40,0,0,0,0,0,0,0,"N",0,0.0,0,0,0,0,0,0,0,0,0,0,0,0,0,0
"29075","5","53121","77","0","2016","4","N","Gentry County, Missouri","Private","NAICS 53121 Offices of real estate agents and brokers","County, NAICS 5-digit -- by ownership sector","All establishment sizes",1,0,0,0,0,0,0,0,"N",0.39,0,0,0,0,0,0,0,"N",0,0.0,0,0,0,0,0,0,0,0,0,0,0,0,0,0
"29075","5","531210","78","0","2016","1","N","Gentry County, Missouri","Private","NAICS 531210 Offices of real estate agents and brokers","County, NAICS 6-digit -- by ownership sector","All establishment sizes",1,0,0,0,0,0,0,0,"N",0.39,0,0,0,0,0,0,0,"N",0,0.0,0,0,0,0,0,0,0,0,0,0,0,0,0,0
"29075","5","531210","78","0","2016","2","N","Gentry County, Missouri","Private","NAICS 531210 Offices of real estate agents and brokers","County, NAICS 6-digit -- by ownership sector","All establishment sizes",1,0,0,0,0,0,0,0,"N",0.39,0,0,0,0,0,0,0,"N",0,0.0,0,0,0,0,0,0,0,0,0,0,0,0,0,0
"29075","5","531210","78","0","2016","3","N","Gentry County, Missouri","Private","NAICS 531210 Offices of real estate agents and brokers","County, NAICS 6-digit -- by ownership sector","All establishment sizes",1,0,0,0,0,0,0,0,"N",0.40,0,0,0,0,0,0,0,"N",0,0.0,0,0,0,0,0,0,0,0,0,0,0,0,0,0
"29075","5","531210","78","0","2016","4","N","Gentry County, Missouri","Private","NAICS 531210 Offices of real estate agents and brokers","County, NAICS 6-digit -- by ownership sector","All establishment sizes",1,0,0,0,0,0,0,0,"N",0.39,0,0,0,0,0,0,0,"N",0,0.0,0,0,0,0,0,0,0,0,0,0,0,0,0,0
"29075","5","5313","76","0","2016","1","N","Gentry County, Missouri","Private","NAICS 5313 Activities related to real estate","County, NAICS 4-digit -- by ownership sector","All establishment sizes",3,0,0,0,0,0,0,0,"N",1.19,0,0,0,0,0,0,0,"N",0,0.0,0,0,0,0,0,0,0,0,0,0,0,0,0,0
"29075","5","5313","76","0","2016","2","N","Gentry County, Missouri","Private","NAICS 5313 Activities related to real estate","County, NAICS 4-digit -- by ownership sector","All establishment sizes",3,0,0,0,0,0,0,0,"N",1.20,0,0,0,0,0,0,0,"N",0,0.0,0,0,0,0,0,0,0,0,0,0,0,0,0,0
"29075","5","5313","76","0","2016","3","N","Gentry County, Missouri","Private","NAICS 5313 Activities related to real estate","County, NAICS 4-digit -- by ownership sector","All establishment sizes",3,0,0,0,0,0,0,0,"N",1.23,0,0,0,0,0,0,0,"N",0,0.0,0,0,0,0,0,0,0,0,0,0,0,0,0,0
"29075","5","5313","76","0","2016","4","N","Gentry County, Missouri","Private","NAICS 5313 Activities related to real estate","County, NAICS 4-digit -- by ownership sector","All establishment sizes",3,0,0,0,0,0,0,0,"N",1.22,0,0,0,0,0,0,0,"N",0,0.0,0,0,0,0,0,0,0,0,0,0,0,0,0,0
"29075","5","53131","77","0","2016","1","N","Gentry County, Missouri","Private","NAICS 53131 Real estate property managers","County, NAICS 5-digit -- by ownership sector","All establishment sizes",3,0,0,0,0,0,0,0,"N",1.62,0,0,0,0,0,0,0,"N",0,0.0,0,0,0,0,0,0,0,0,0,0,0,0,0,0
"29075","5","53131","77","0","2016","2","N","Gentry County, Missouri","Private","NAICS 53131 Real estate property managers","County, NAICS 5-digit -- by ownership sector","All establishment sizes",3,0,0,0,0,0,0,0,"N",1.64,0,0,0,0,0,0,0,"N",0,0.0,0,0,0,0,0,0,0,0,0,0,0,0,0,0
"29075","5","53131","77","0","2016","3","N","Gentry County, Missouri","Private","NAICS 53131 Real estate property managers","County, NAICS 5-digit -- by ownership sector","All establishment sizes",3,0,0,0,0,0,0,0,"N",1.67,0,0,0,0,0,0,0,"N",0,0.0,0,0,0,0,0,0,0,0,0,0,0,0,0,0
"29075","5","53131","77","0","2016","4","N","Gentry County, Missouri","Private","NAICS 53131 Real estate property managers","County, NAICS 5-digit -- by ownership sector","All establishment sizes",3,0,0,0,0,0,0,0,"N",1.66,0,0,0,0,0,0,0,"N",0,0.0,0,0,0,0,0,0,0,0,0,0,0,0,0,0
"29075","5","531311","78","0","2016","1","N","Gentry County, Missouri","Private","NAICS 531311 Residential property managers","County, NAICS 6-digit -- by ownership sector","All establishment sizes",3,0,0,0,0,0,0,0,"N",2.22,0,0,0,0,0,0,0,"N",0,0.0,0,0,0,0,0,0,0,0,0,0,0,0,0,0
"29075","5","531311","78","0","2016","2","N","Gentry County, Missouri","Private","NAICS 531311 Residential property managers","County, NAICS 6-digit -- by ownership sector","All establishment sizes",3,0,0,0,0,0,0,0,"N",2.24,0,0,0,0,0,0,0,"N",0,0.0,0,0,0,0,0,0,0,0,0,0,0,0,0,0
"29075","5","531311","78","0","2016","3","N","Gentry County, Missouri","Private","NAICS 531311 Residential property managers","County, NAICS 6-digit -- by ownership sector","All establishment sizes",3,0,0,0,0,0,0,0,"N",2.29,0,0,0,0,0,0,0,"N",0,0.0,0,0,0,0,0,0,0,0,0,0,0,0,0,0
"29075","5","531311","78","0","2016","4","N","Gentry County, Missouri","Private","NAICS 531311 Residential property managers","County, NAICS 6-digit -- by ownership sector","All establishment sizes",3,0,0,0,0,0,0,0,"N",2.27,0,0,0,0,0,0,0,"N",0,0.0,0,0,0,0,0,0,0,0,0,0,0,0,0,0
"29075","5","54","74","0","2016","1","","Gentry County, Missouri","Private","NAICS 54 Professional and technical services","County, NAICS Sector -- by ownership sector","All establishment sizes",8,29,30,30,290306,105624,536,753,"",0.28,0.21,0.22,0.22,0.17,0.11,0.04,0.80,"N",1,14.3,0,0,0,0,0,0,0,0,0,0,0,0,0,0
"29075","5","54","74","0","2016","2","","Gentry County, Missouri","Private","NAICS 54 Professional and technical services","County, NAICS Sector -- by ownership sector","All establishment sizes",8,28,27,26,296021,55446,341,843,"",0.28,0.20,0.20,0.18,0.16,0.15,0.07,0.83,"",1,14.3,1,3.7,1,3.8,1,4.0,-2178,-0.7,1212,2.2,-67,-16.4,-39,-4.4
"29075","5","54","74","0","2016","3","","Gentry County, Missouri","Private","NAICS 54 Professional and technical services","County, NAICS Sector -- by ownership sector","All establishment sizes",8,26,27,25,309754,9522,104,916,"",0.29,0.19,0.20,0.18,0.17,0.05,0.04,0.89,"",1,14.3,1,4.0,1,3.8,-1,-3.8,3878,1.3,2176,29.6,33,46.5,-1,-0.1
"29075","5","54","74","0","2016","4","","Gentry County, Missouri","Private","NAICS 54 Professional and technical services","County, NAICS Sector -- by ownership sector","All establishment sizes",9,26,30,30,373165,15964,368,1001,"",0.32,0.19,0.22,0.22,0.18,0.13,0.19,0.85,"N",1,12.5,0,0,0,0,0,0,0,0,0,0,0,0,0,0
"29075","5","541","75","0","2016","1","","Gentry County, Missouri","Private","NAICS 541 Professional and technical services","County, NAICS 3-digit -- by ownership sector","All establishment sizes",8,29,30,30,290306,105624,536,753,"",0.28,0.21,0.22,0.22,0.17,0.11,0.04,0.80,"N",1,14.3,0,0,0,0,0,0,0,0,0,0,0,0,0,0
"29075","5","541","75","0","2016","2","","Gentry County, Missouri","Private","NAICS 541 Professional and technical services","County, NAICS 3-digit -- by ownership sector","All establishment sizes",8,28,27,26,296021,55446,341,843,"",0.28,0.20,0.20,0.18,0.16,0.15,0.07,0.83,"",1,14.3,1,3.7,1,3.8,1,4.0,-2178,-0.7,1212,2.2,-67,-16.4,-39,-4.4
"29075","5","541","75","0","2016","3","","Gentry County, Missouri","Private","NAICS 541 Professional and technical services","County, NAICS 3-digit -- by ownership sector","All establishment sizes",8,26,27,25,309754,9522,104,916,"",0.29,0.19,0.20,0.18,0.17,0.05,0.04,0.89,"",1,14.3,1,4.0,1,3.8,-1,-3.8,3878,1.3,2176,29.6,33,46.5,-1,-0.1
"29075","5","541","75","0","2016","4","","Gentry County, Missouri","Private","NAICS 541 Professional and technical services","County, NAICS 3-digit -- by ownership sector","All establishment sizes",9,26,30,30,373165,15964,368,1001,"",0.32,0.19,0.22,0.22,0.18,0.13,0.19,0.85,"N",1,12.5,0,0,0,0,0,0,0,0,0,0,0,0,0,0
"29075","5","5411","76","0","2016","1","N","Gentry County, Missouri","Private","NAICS 5411 Legal services","County, NAICS 4-digit -- by ownership sector","All establishment sizes",2,0,0,0,0,0,0,0,"N",0.43,0,0,0,0,0,0,0,"N",0,0.0,0,0,0,0,0,0,0,0,0,0,0,0,0,0
"29075","5","5411","76","0","2016","2","N","Gentry County, Missouri","Private","NAICS 5411 Legal services","County, NAICS 4-digit -- by ownership sector","All establishment sizes",2,0,0,0,0,0,0,0,"N",0.43,0,0,0,0,0,0,0,"N",0,0.0,0,0,0,0,0,0,0,0,0,0,0,0,0,0
"29075","5","5411","76","0","2016","3","N","Gentry County, Missouri","Private","NAICS 5411 Legal services","County, NAICS 4-digit -- by ownership sector","All establishment sizes",2,0,0,0,0,0,0,0,"N",0.45,0,0,0,0,0,0,0,"N",0,0.0,0,0,0,0,0,0,0,0,0,0,0,0,0,0
"29075","5","5411","76","0","2016","4","N","Gentry County, Missouri","Private","NAICS 5411 Legal services","County, NAICS 4-digit -- by ownership sector","All establishment sizes",2,0,0,0,0,0,0,0,"N",0.45,0,0,0,0,0,0,0,"N",0,0.0,0,0,0,0,0,0,0,0,0,0,0,0,0,0
"29075","5","54111","77","0","2016","1","N","Gentry County, Missouri","Private","NAICS 54111 Offices of lawyers","County, NAICS 5-digit -- by ownership sector","All establishment sizes",1,0,0,0,0,0,0,0,"N",0.23,0,0,0,0,0,0,0,"N",0,0.0,0,0,0,0,0,0,0,0,0,0,0,0,0,0
"29075","5","54111","77","0","2016","2","N","Gentry County, Missouri","Private","NAICS 54111 Offices of lawyers","County, NAICS 5-digit -- by ownership sector","All establishment sizes",1,0,0,0,0,0,0,0,"N",0.23,0,0,0,0,0,0,0,"N",0,0.0,0,0,0,0,0,0,0,0,0,0,0,0,0,0
"29075","5","54111","77","0","2016","3","N","Gentry County, Missouri","Private","NAICS 54111 Offices of lawyers","County, NAICS 5-digit -- by ownership sector","All establishment sizes",1,0,0,0,0,0,0,0,"N",0.24,0,0,0,0,0,0,0,"N",0,0.0,0,0,0,0,0,0,0,0,0,0,0,0,0,0
"29075","5","54111","77","0","2016","4","N","Gentry County, Missouri","Private","NAICS 54111 Offices of lawyers","County, NAICS 5-digit -- by ownership sector","All establishment sizes",1,0,0,0,0,0,0,0,"N",0.24,0,0,0,0,0,0,0,"N",0,0.0,0,0,0,0,0,0,0,0,0,0,0,0,0,0
"29075","5","541110","78","0","2016","1","N","Gentry County, Missouri","Private","NAICS 541110 Offices of lawyers","County, NAICS 6-digit -- by ownership sector","All establishment sizes",1,0,0,0,0,0,0,0,"N",0.23,0,0,0,0,0,0,0,"N",0,0.0,0,0,0,0,0,0,0,0,0,0,0,0,0,0
"29075","5","541110","78","0","2016","2","N","Gentry County, Missouri","Private","NAICS 541110 Offices of lawyers","County, NAICS 6-digit -- by ownership sector","All establishment sizes",1,0,0,0,0,0,0,0,"N",0.23,0,0,0,0,0,0,0,"N",0,0.0,0,0,0,0,0,0,0,0,0,0,0,0,0,0
"29075","5","541110","78","0","2016","3","N","Gentry County, Missouri","Private","NAICS 541110 Offices of lawyers","County, NAICS 6-digit -- by ownership sector","All establishment sizes",1,0,0,0,0,0,0,0,"N",0.24,0,0,0,0,0,0,0,"N",0,0.0,0,0,0,0,0,0,0,0,0,0,0,0,0,0
"29075","5","541110","78","0","2016","4","N","Gentry County, Missouri","Private","NAICS 541110 Offices of lawyers","County, NAICS 6-digit -- by ownership sector","All establishment sizes",1,0,0,0,0,0,0,0,"N",0.24,0,0,0,0,0,0,0,"N",0,0.0,0,0,0,0,0,0,0,0,0,0,0,0,0,0
"29075","5","54119","77","0","2016","1","N","Gentry County, Missouri","Private","NAICS 54119 Other legal services","County, NAICS 5-digit -- by ownership sector","All establishment sizes",1,0,0,0,0,0,0,0,"N",2.95,0,0,0,0,0,0,0,"N",0,0.0,0,0,0,0,0,0,0,0,0,0,0,0,0,0
"29075","5","54119","77","0","2016","2","N","Gentry County, Missouri","Private","NAICS 54119 Other legal services","County, NAICS 5-digit -- by ownership sector","All establishment sizes",1,0,0,0,0,0,0,0,"N",2.99,0,0,0,0,0,0,0,"N",0,0.0,0,0,0,0,0,0,0,0,0,0,0,0,0,0
"29075","5","54119","77","0","2016","3","N","Gentry County, Missouri","Private","NAICS 54119 Other legal services","County, NAICS 5-digit -- by ownership sector","All establishment sizes",1,0,0,0,0,0,0,0,"N",3.06,0,0,0,0,0,0,0,"N",0,0.0,0,0,0,0,0,0,0,0,0,0,0,0,0,0
"29075","5","54119","77","0","2016","4","N","Gentry County, Missouri","Private","NAICS 54119 Other legal services","County, NAICS 5-digit -- by ownership sector","All establishment sizes",1,0,0,0,0,0,0,0,"N",3.04,0,0,0,0,0,0,0,"N",0,0.0,0,0,0,0,0,0,0,0,0,0,0,0,0,0
"29075","5","541191","78","0","2016","1","N","Gentry County, Missouri","Private","NAICS 541191 Title abstract and settlement offices","County, NAICS 6-digit -- by ownership sector","All establishment sizes",1,0,0,0,0,0,0,0,"N",4.68,0,0,0,0,0,0,0,"N",0,0.0,0,0,0,0,0,0,0,0,0,0,0,0,0,0
"29075","5","541191","78","0","2016","2","N","Gentry County, Missouri","Private","NAICS 541191 Title abstract and settlement offices","County, NAICS 6-digit -- by ownership sector","All establishment sizes",1,0,0,0,0,0,0,0,"N",4.79,0,0,0,0,0,0,0,"N",0,0.0,0,0,0,0,0,0,0,0,0,0,0,0,0,0
"29075","5","541191","78","0","2016","3","N","Gentry County, Missouri","Private","NAICS 541191 Title abstract and settlement offices","County, NAICS 6-digit -- by ownership sector","All establishment sizes",1,0,0,0,0,0,0,0,"N",4.94,0,0,0,0,0,0,0,"N",0,0.0,0,0,0,0,0,0,0,0,0,0,0,0,0,0
"29075","5","541191","78","0","2016","4","N","Gentry County, Missouri","Private","NAICS 541191 Title abstract and settlement offices","County, NAICS 6-digit -- by ownership sector","All establishment sizes",1,0,0,0,0,0,0,0,"N",4.95,0,0,0,0,0,0,0,"N",0,0.0,0,0,0,0,0,0,0,0,0,0,0,0,0,0
"29075","5","5412","76","0","2016","1","","Gentry County, Missouri","Private","NAICS 5412 Accounting and bookkeeping services","County, NAICS 4-digit -- by ownership sector","All establishment sizes",3,15,15,15,104557,44349,516,536,"",0.87,0.91,0.88,0.89,0.72,0.45,0.46,0.81,"",0,0.0,2,15.4,2,15.4,3,25.0,-2001,-1.9,1168,2.7,-275,-34.8,-111,-17.2
"29075","5","5412","76","0","2016","2","","Gentry County, Missouri","Private","NAICS 5412 Accounting and bookkeeping services","County, NAICS 4-digit -- by ownership sector","All establishment sizes",3,13,12,11,103593,24583,321,664,"",0.88,0.77,0.81,0.74,0.63,0.56,0.55,0.82,"",0,0.0,1,8.3,1,9.1,1,10.0,3385,3.4,3012,14.0,-67,-17.3,-37,-5.3
"29075","5","5412","76","0","2016","3","","Gentry County, Missouri","Private","NAICS 5412 Accounting and bookkeeping services","County, NAICS 4-digit -- by ownership sector","All establishment sizes",3,11,12,10,101412,5921,94,709,"",0.90,0.78,0.84,0.69,0.62,0.30,0.35,0.81,"",0,0.0,1,10.0,1,9.1,-1,-9.1,3374,3.4,2061,53.4,23,32.4,2,0.3
"29075","5","5412","76","0","2016","4","","Gentry County, Missouri","Private","NAICS 5412 Accounting and bookkeeping services","County, NAICS 4-digit -- by ownership sector","All establishment sizes",3,9,11,11,117114,4567,64,872,"",0.90,0.62,0.74,0.73,0.65,0.32,0.30,0.93,"",0,0.0,-2,-18.2,-1,-8.3,-1,-8.3,5104,4.6,909,24.8,6,10.3,133,18.0
"29075","5","54121","77","0","2016","1","","Gentry County, Missouri","Private","NAICS 54121 Accounting and bookkeeping services","County, NAICS 5-digit -- by ownership sector","All establishment sizes",3,15,15,15,104557,44349,516,536,"",0.87,0.91,0.88,0.89,0.72,0.45,0.46,0.81,"",0,0.0,2,15.4,2,15.4,3,25.0,-2001,-1.9,1168,2.7,-275,-34.8,-111,-17.2
"29075","5","54121","77","0","2016","2","","Gentry County, Missouri","Private","NAICS 54121 Accounting and bookkeeping services","County, NAICS 5-digit -- by ownership sector","All establishment sizes",3,13,12,11,103593,24583,321,664,"",0.88,0.77,0.81,0.74,0.63,0.56,0.55,0.82,"",0,0.0,1,8.3,1,9.1,1,10.0,3385,3.4,3012,14.0,-67,-17.3,-37,-5.3
"29075","5","54121","77","0","2016","3","","Gentry County, Missouri","Private","NAICS 54121 Accounting and bookkeeping services","County, NAICS 5-digit -- by ownership sector","All establishment sizes",3,11,12,10,101412,5921,94,709,"",0.90,0.78,0.84,0.69,0.62,0.30,0.35,0.81,"",0,0.0,1,10.0,1,9.1,-1,-9.1,3374,3.4,2061,53.4,23,32.4,2,0.3
"29075","5","54121","77","0","2016","4","","Gentry County, Missouri","Private","NAICS 54121 Accounting and bookkeeping services","County, NAICS 5-digit -- by ownership sector","All establishment sizes",3,9,11,11,117114,4567,64,872,"",0.90,0.62,0.74,0.73,0.65,0.32,0.30,0.93,"",0,0.0,-2,-18.2,-1,-8.3,-1,-8.3,5104,4.6,909,24.8,6,10.3,133,18.0
"29075","5","541211","78","0","2016","1","N","Gentry County, Missouri","Private","NAICS 541211 Offices of certified public accountants","County, NAICS 6-digit -- by ownership sector","All establishment sizes",1,0,0,0,0,0,0,0,"N",0.75,0,0,0,0,0,0,0,"N",0,0.0,0,0,0,0,0,0,0,0,0,0,0,0,0,0
"29075","5","541211","78","0","2016","2","N","Gentry County, Missouri","Private","NAICS 541211 Offices of certified public accountants","County, NAICS 6-digit -- by ownership sector","All establishment sizes",1,0,0,0,0,0,0,0,"N",0.76,0,0,0,0,0,0,0,"N",0,0.0,0,0,0,0,0,0,0,0,0,0,0,0,0,0
"29075","5","541211","78","0","2016","3","N","Gentry County, Missouri","Private","NAICS 541211 Offices of certified public accountants","County, NAICS 6-digit -- by ownership sector","All establishment sizes",1,0,0,0,0,0,0,0,"N",0.78,0,0,0,0,0,0,0,"N",0,0.0,0,0,0,0,0,0,0,0,0,0,0,0,0,0
"29075","5","541211","78","0","2016","4","N","Gentry County, Missouri","Private","NAICS 541211 Offices of certified public accountants","County, NAICS 6-digit -- by ownership sector","All establishment sizes",1,0,0,0,0,0,0,0,"N",0.78,0,0,0,0,0,0,0,"N",0,0.0,0,0,0,0,0,0,0,0,0,0,0,0,0,0
"29075","5","541213","78","0","2016","1","N","Gentry County, Missouri","Private","NAICS 541213 Tax preparation services","County, NAICS 6-digit -- by ownership sector","All establishment sizes",1,0,0,0,0,0,0,0,"N",1.31,0,0,0,0,0,0,0,"N",0,0.0,0,0,0,0,0,0,0,0,0,0,0,0,0,0
"29075","5","541213","78","0","2016","2","N","Gentry County, Missouri","Private","NAICS 541213 Tax preparation services","County, NAICS 6-digit -- by ownership sector","All establishment sizes",1,0,0,0,0,0,0,0,"N",1.32,0,0,0,0,0,0,0,"N",0,0.0,0,0,0,0,0,0,0,0,0,0,0,0,0,0
"29075","5","541213","78","0","2016","3","N","Gentry County, Missouri","Private","NAICS 541213 Tax preparation services","County, NAICS 6-digit -- by ownership sector","All establishment sizes",1,0,0,0,0,0,0,0,"N",1.37,0,0,0,0,0,0,0,"N",0,0.0,0,0,0,0,0,0,0,0,0,0,0,0,0,0
"29075","5","541213","78","0","2016","4","N","Gentry County, Missouri","Private","NAICS 541213 Tax preparation services","County, NAICS 6-digit -- by ownership sector","All establishment sizes",1,0,0,0,0,0,0,0,"N",1.35,0,0,0,0,0,0,0,"N",0,0.0,0,0,0,0,0,0,0,0,0,0,0,0,0,0
"29075","5","541219","78","0","2016","1","N","Gentry County, Missouri","Private","NAICS 541219 Other accounting services","County, NAICS 6-digit -- by ownership sector","All establishment sizes",1,0,0,0,0,0,0,0,"N",0.88,0,0,0,0,0,0,0,"N",0,0.0,0,0,0,0,0,0,0,0,0,0,0,0,0,0
"29075","5","541219","78","0","2016","2","N","Gentry County, Missouri","Private","NAICS 541219 Other accounting services","County, NAICS 6-digit -- by ownership sector","All establishment sizes",1,0,0,0,0,0,0,0,"N",0.89,0,0,0,0,0,0,0,"N",0,0.0,0,0,0,0,0,0,0,0,0,0,0,0,0,0
"29075","5","541219","78","0","2016","3","N","Gentry County, Missouri","Private","NAICS 541219 Other accounting services","County, NAICS 6-digit -- by ownership sector","All establishment sizes",1,0,0,0,0,0,0,0,"N",0.92,0,0,0,0,0,0,0,"N",0,0.0,0,0,0,0,0,0,0,0,0,0,0,0,0,0
"29075","5","541219","78","0","2016","4","N","Gentry County, Missouri","Private","NAICS 541219 Other accounting services","County, NAICS 6-digit -- by ownership sector","All establishment sizes",1,0,0,0,0,0,0,0,"N",0.91,0,0,0,0,0,0,0,"N",0,0.0,0,0,0,0,0,0,0,0,0,0,0,0,0,0
"29075","5","5415","76","0","2016","1","N","Gentry County, Missouri","Private","NAICS 5415 Computer systems design and related services","County, NAICS 4-digit -- by ownership sector","All establishment sizes",1,0,0,0,0,0,0,0,"N",0.16,0,0,0,0,0,0,0,"N",0,0.0,0,0,0,0,0,0,0,0,0,0,0,0,0,0
"29075","5","5415","76","0","2016","2","N","Gentry County, Missouri","Private","NAICS 5415 Computer systems design and related services","County, NAICS 4-digit -- by ownership sector","All establishment sizes",1,0,0,0,0,0,0,0,"N",0.16,0,0,0,0,0,0,0,"N",0,0.0,0,0,0,0,0,0,0,0,0,0,0,0,0,0
"29075","5","5415","76","0","2016","3","N","Gentry County, Missouri","Private","NAICS 5415 Computer systems design and related services","County, NAICS 4-digit -- by ownership sector","All establishment sizes",1,0,0,0,0,0,0,0,"N",0.17,0,0,0,0,0,0,0,"N",0,0.0,0,0,0,0,0,0,0,0,0,0,0,0,0,0
"29075","5","5415","76","0","2016","4","N","Gentry County, Missouri","Private","NAICS 5415 Computer systems design and related services","County, NAICS 4-digit -- by ownership sector","All establishment sizes",1,0,0,0,0,0,0,0,"N",0.17,0,0,0,0,0,0,0,"N",0,0.0,0,0,0,0,0,0,0,0,0,0,0,0,0,0
"29075","5","54151","77","0","2016","1","N","Gentry County, Missouri","Private","NAICS 54151 Computer systems design and related services","County, NAICS 5-digit -- by ownership sector","All establishment sizes",1,0,0,0,0,0,0,0,"N",0.16,0,0,0,0,0,0,0,"N",0,0.0,0,0,0,0,0,0,0,0,0,0,0,0,0,0
"29075","5","54151","77","0","2016","2","N","Gentry County, Missouri","Private","NAICS 54151 Computer systems design and related services","County, NAICS 5-digit -- by ownership sector","All establishment sizes",1,0,0,0,0,0,0,0,"N",0.16,0,0,0,0,0,0,0,"N",0,0.0,0,0,0,0,0,0,0,0,0,0,0,0,0,0
"29075","5","54151","77","0","2016","3","N","Gentry County, Missouri","Private","NAICS 54151 Computer systems design and related services","County, NAICS 5-digit -- by ownership sector","All establishment sizes",1,0,0,0,0,0,0,0,"N",0.17,0,0,0,0,0,0,0,"N",0,0.0,0,0,0,0,0,0,0,0,0,0,0,0,0,0
"29075","5","54151","77","0","2016","4","N","Gentry County, Missouri","Private","NAICS 54151 Computer systems design and related services","County, NAICS 5-digit -- by ownership sector","All establishment sizes",1,0,0,0,0,0,0,0,"N",0.17,0,0,0,0,0,0,0,"N",0,0.0,0,0,0,0,0,0,0,0,0,0,0,0,0,0
"29075","5","541512","78","0","2016","1","N","Gentry County, Missouri","Private","NAICS 541512 Computer systems design services","County, NAICS 6-digit -- by ownership sector","All establishment sizes",1,0,0,0,0,0,0,0,"N",0.34,0,0,0,0,0,0,0,"N",0,0.0,0,0,0,0,0,0,0,0,0,0,0,0,0,0
"29075","5","541512","78","0","2016","2","N","Gentry County, Missouri","Private","NAICS 541512 Computer systems design services","County, NAICS 6-digit -- by ownership sector","All establishment sizes",1,0,0,0,0,0,0,0,"N",0.34,0,0,0,0,0,0,0,"N",0,0.0,0,0,0,0,0,0,0,0,0,0,0,0,0,0
"29075","5","541512","78","0","2016","3","N","Gentry County, Missouri","Private","NAICS 541512 Computer systems design services","County, NAICS 6-digit -- by ownership sector","All establishment sizes",1,0,0,0,0,0,0,0,"N",0.35,0,0,0,0,0,0,0,"N",0,0.0,0,0,0,0,0,0,0,0,0,0,0,0,0,0
"29075","5","541512","78","0","2016","4","N","Gentry County, Missouri","Private","NAICS 541512 Computer systems design services","County, NAICS 6-digit -- by ownership sector","All establishment sizes",1,0,0,0,0,0,0,0,"N",0.35,0,0,0,0,0,0,0,"N",0,0.0,0,0,0,0,0,0,0,0,0,0,0,0,0,0
"29075","5","5416","76","0","2016","1","-","Gentry County, Missouri","Private","NAICS 5416 Management and technical consulting services","County, NAICS 4-digit -- by ownership sector","All establishment sizes",0,0,0,0,0,0,0,0,"N",0.00,0,0,0,0,0,0,0,"N",0,0,0,0,0,0,0,0,0,0,0,0,0,0,0,0
"29075","5","5416","76","0","2016","2","-","Gentry County, Missouri","Private","NAICS 5416 Management and technical consulting services","County, NAICS 4-digit -- by ownership sector","All establishment sizes",0,0,0,0,0,0,0,0,"N",0.00,0,0,0,0,0,0,0,"N",0,0,0,0,0,0,0,0,0,0,0,0,0,0,0,0
"29075","5","5416","76","0","2016","3","-","Gentry County, Missouri","Private","NAICS 5416 Management and technical consulting services","County, NAICS 4-digit -- by ownership sector","All establishment sizes",0,0,0,0,0,0,0,0,"N",0.00,0,0,0,0,0,0,0,"N",0,0,0,0,0,0,0,0,0,0,0,0,0,0,0,0
"29075","5","5416","76","0","2016","4","N","Gentry County, Missouri","Private","NAICS 5416 Management and technical consulting services","County, NAICS 4-digit -- by ownership sector","All establishment sizes",1,0,0,0,0,0,0,0,"N",0.17,0,0,0,0,0,0,0,"N",1,100.0,0,0,0,0,0,0,0,0,0,0,0,0,0,0
"29075","5","54161","77","0","2016","1","-","Gentry County, Missouri","Private","NAICS 54161 Management consulting services","County, NAICS 5-digit -- by ownership sector","All establishment sizes",0,0,0,0,0,0,0,0,"N",0.00,0,0,0,0,0,0,0,"N",0,0,0,0,0,0,0,0,0,0,0,0,0,0,0,0
"29075","5","54161","77","0","2016","2","-","Gentry County, Missouri","Private","NAICS 54161 Management consulting services","County, NAICS 5-digit -- by ownership sector","All establishment sizes",0,0,0,0,0,0,0,0,"N",0.00,0,0,0,0,0,0,0,"N",0,0,0,0,0,0,0,0,0,0,0,0,0,0,0,0
"29075","5","54161","77","0","2016","3","-","Gentry County, Missouri","Private","NAICS 54161 Management consulting services","County, NAICS 5-digit -- by ownership sector","All establishment sizes",0,0,0,0,0,0,0,0,"N",0.00,0,0,0,0,0,0,0,"N",0,0,0,0,0,0,0,0,0,0,0,0,0,0,0,0
"29075","5","54161","77","0","2016","4","N","Gentry County, Missouri","Private","NAICS 54161 Management consulting services","County, NAICS 5-digit -- by ownership sector","All establishment sizes",1,0,0,0,0,0,0,0,"N",0.22,0,0,0,0,0,0,0,"N",1,100.0,0,0,0,0,0,0,0,0,0,0,0,0,0,0
"29075","5","541611","78","0","2016","1","-","Gentry County, Missouri","Private","NAICS 541611 Administrative management consulting services","County, NAICS 6-digit -- by ownership sector","All establishment sizes",0,0,0,0,0,0,0,0,"N",0.00,0,0,0,0,0,0,0,"N",0,0,0,0,0,0,0,0,0,0,0,0,0,0,0,0
"29075","5","541611","78","0","2016","2","-","Gentry County, Missouri","Private","NAICS 541611 Administrative management consulting services","County, NAICS 6-digit -- by ownership sector","All establishment sizes",0,0,0,0,0,0,0,0,"N",0.00,0,0,0,0,0,0,0,"N",0,0,0,0,0,0,0,0,0,0,0,0,0,0,0,0
"29075","5","541611","78","0","2016","3","-","Gentry County, Missouri","Private","NAICS 541611 Administrative management consulting services","County, NAICS 6-digit -- by ownership sector","All establishment sizes",0,0,0,0,0,0,0,0,"N",0.00,0,0,0,0,0,0,0,"N",0,0,0,0,0,0,0,0,0,0,0,0,0,0,0,0
"29075","5","541611","78","0","2016","4","N","Gentry County, Missouri","Private","NAICS 541611 Administrative management consulting services","County, NAICS 6-digit -- by ownership sector","All establishment sizes",1,0,0,0,0,0,0,0,"N",0.43,0,0,0,0,0,0,0,"N",1,100.0,0,0,0,0,0,0,0,0,0,0,0,0,0,0
"29075","5","5419","76","0","2016","1","N","Gentry County, Missouri","Private","NAICS 5419 Other professional and technical services","County, NAICS 4-digit -- by ownership sector","All establishment sizes",2,0,0,0,0,0,0,0,"N",0.93,0,0,0,0,0,0,0,"N",1,100.0,0,0,0,0,0,0,0,0,0,0,0,0,0,0
"29075","5","5419","76","0","2016","2","N","Gentry County, Missouri","Private","NAICS 5419 Other professional and technical services","County, NAICS 4-digit -- by ownership sector","All establishment sizes",2,0,0,0,0,0,0,0,"N",0.93,0,0,0,0,0,0,0,"N",1,100.0,0,0,0,0,0,0,0,0,0,0,0,0,0,0
"29075","5","5419","76","0","2016","3","N","Gentry County, Missouri","Private","NAICS 5419 Other professional and technical services","County, NAICS 4-digit -- by ownership sector","All establishment sizes",2,0,0,0,0,0,0,0,"N",0.95,0,0,0,0,0,0,0,"N",1,100.0,0,0,0,0,0,0,0,0,0,0,0,0,0,0
"29075","5","5419","76","0","2016","4","N","Gentry County, Missouri","Private","NAICS 5419 Other professional and technical services","County, NAICS 4-digit -- by ownership sector","All establishment sizes",2,0,0,0,0,0,0,0,"N",0.94,0,0,0,0,0,0,0,"N",0,0.0,0,0,0,0,0,0,0,0,0,0,0,0,0,0
"29075","5","54194","77","0","2016","1","N","Gentry County, Missouri","Private","NAICS 54194 Veterinary services","County, NAICS 5-digit -- by ownership sector","All establishment sizes",1,0,0,0,0,0,0,0,"N",1.33,0,0,0,0,0,0,0,"N",0,0.0,0,0,0,0,0,0,0,0,0,0,0,0,0,0
"29075","5","54194","77","0","2016","2","N","Gentry County, Missouri","Private","NAICS 54194 Veterinary services","County, NAICS 5-digit -- by ownership sector","All establishment sizes",1,0,0,0,0,0,0,0,"N",1.35,0,0,0,0,0,0,0,"N",0,0.0,0,0,0,0,0,0,0,0,0,0,0,0,0,0
"29075","5","54194","77","0","2016","3","N","Gentry County, Missouri","Private","NAICS 54194 Veterinary services","County, NAICS 5-digit -- by ownership sector","All establishment sizes",1,0,0,0,0,0,0,0,"N",1.38,0,0,0,0,0,0,0,"N",0,0.0,0,0,0,0,0,0,0,0,0,0,0,0,0,0
"29075","5","54194","77","0","2016","4","N","Gentry County, Missouri","Private","NAICS 54194 Veterinary services","County, NAICS 5-digit -- by ownership sector","All establishment sizes",1,0,0,0,0,0,0,0,"N",1.38,0,0,0,0,0,0,0,"N",0,0.0,0,0,0,0,0,0,0,0,0,0,0,0,0,0
"29075","5","541940","78","0","2016","1","N","Gentry County, Missouri","Private","NAICS 541940 Veterinary services","County, NAICS 6-digit -- by ownership sector","All establishment sizes",1,0,0,0,0,0,0,0,"N",1.33,0,0,0,0,0,0,0,"N",0,0.0,0,0,0,0,0,0,0,0,0,0,0,0,0,0
"29075","5","541940","78","0","2016","2","N","Gentry County, Missouri","Private","NAICS 541940 Veterinary services","County, NAICS 6-digit -- by ownership sector","All establishment sizes",1,0,0,0,0,0,0,0,"N",1.35,0,0,0,0,0,0,0,"N",0,0.0,0,0,0,0,0,0,0,0,0,0,0,0,0,0
"29075","5","541940","78","0","2016","3","N","Gentry County, Missouri","Private","NAICS 541940 Veterinary services","County, NAICS 6-digit -- by ownership sector","All establishment sizes",1,0,0,0,0,0,0,0,"N",1.38,0,0,0,0,0,0,0,"N",0,0.0,0,0,0,0,0,0,0,0,0,0,0,0,0,0
"29075","5","541940","78","0","2016","4","N","Gentry County, Missouri","Private","NAICS 541940 Veterinary services","County, NAICS 6-digit -- by ownership sector","All establishment sizes",1,0,0,0,0,0,0,0,"N",1.38,0,0,0,0,0,0,0,"N",0,0.0,0,0,0,0,0,0,0,0,0,0,0,0,0,0
"29075","5","54199","77","0","2016","1","N","Gentry County, Missouri","Private","NAICS 54199 All other professional and technical services","County, NAICS 5-digit -- by ownership sector","All establishment sizes",1,0,0,0,0,0,0,0,"N",1.29,0,0,0,0,0,0,0,"N",1,100.0,0,0,0,0,0,0,0,0,0,0,0,0,0,0
"29075","5","54199","77","0","2016","2","N","Gentry County, Missouri","Private","NAICS 54199 All other professional and technical services","County, NAICS 5-digit -- by ownership sector","All establishment sizes",1,0,0,0,0,0,0,0,"N",1.27,0,0,0,0,0,0,0,"N",1,100.0,0,0,0,0,0,0,0,0,0,0,0,0,0,0
"29075","5","54199","77","0","2016","3","N","Gentry County, Missouri","Private","NAICS 54199 All other professional and technical services","County, NAICS 5-digit -- by ownership sector","All establishment sizes",1,0,0,0,0,0,0,0,"N",1.28,0,0,0,0,0,0,0,"N",1,100.0,0,0,0,0,0,0,0,0,0,0,0,0,0,0
"29075","5","54199","77","0","2016","4","N","Gentry County, Missouri","Private","NAICS 54199 All other professional and technical services","County, NAICS 5-digit -- by ownership sector","All establishment sizes",1,0,0,0,0,0,0,0,"N",1.24,0,0,0,0,0,0,0,"N",0,0.0,0,0,0,0,0,0,0,0,0,0,0,0,0,0
"29075","5","541990","78","0","2016","1","N","Gentry County, Missouri","Private","NAICS 541990 All other professional and technical services","County, NAICS 6-digit -- by ownership sector","All establishment sizes",1,0,0,0,0,0,0,0,"N",1.29,0,0,0,0,0,0,0,"N",1,100.0,0,0,0,0,0,0,0,0,0,0,0,0,0,0
"29075","5","541990","78","0","2016","2","N","Gentry County, Missouri","Private","NAICS 541990 All other professional and technical services","County, NAICS 6-digit -- by ownership sector","All establishment sizes",1,0,0,0,0,0,0,0,"N",1.27,0,0,0,0,0,0,0,"N",1,100.0,0,0,0,0,0,0,0,0,0,0,0,0,0,0
"29075","5","541990","78","0","2016","3","N","Gentry County, Missouri","Private","NAICS 541990 All other professional and technical services","County, NAICS 6-digit -- by ownership sector","All establishment sizes",1,0,0,0,0,0,0,0,"N",1.28,0,0,0,0,0,0,0,"N",1,100.0,0,0,0,0,0,0,0,0,0,0,0,0,0,0
"29075","5","541990","78","0","2016","4","N","Gentry County, Missouri","Private","NAICS 541990 All other professional and technical services","County, NAICS 6-digit -- by ownership sector","All establishment sizes",1,0,0,0,0,0,0,0,"N",1.24,0,0,0,0,0,0,0,"N",0,0.0,0,0,0,0,0,0,0,0,0,0,0,0,0,0
"29075","5","56","74","0","2016","1","","Gentry County, Missouri","Private","NAICS 56 Administrative and waste services","County, NAICS Sector -- by ownership sector","All establishment sizes",6,41,37,44,206266,206266,3583,390,"",0.47,0.30,0.28,0.33,0.30,0.34,0.39,0.99,"",1,20.0,11,36.7,8,27.6,13,41.9,52998,34.6,52998,34.6,184,5.4,-3,-0.8
"29075","5","56","74","0","2016","2","","Gentry County, Missouri","Private","NAICS 56 Administrative and waste services","County, NAICS Sector -- by ownership sector","All establishment sizes",6,54,43,52,319434,172124,2784,495,"",0.47,0.38,0.30,0.36,0.40,0.34,0.30,1.14,"",1,20.0,10,22.7,-3,-6.5,10,23.8,63099,24.6,-6695,-3.7,-1019,-26.8,47,10.5
"29075","5","56","74","0","2016","3","","Gentry County, Missouri","Private","NAICS 56 Administrative and waste services","County, NAICS Sector -- by ownership sector","All establishment sizes",6,53,54,49,239598,100267,1939,354,"",0.48,0.39,0.39,0.34,0.30,0.33,0.33,0.79,"",0,0.0,10,23.3,5,10.2,6,14.0,-1042,-0.4,-20718,-17.1,-941,-32.7,-57,-13.9
"29075","5","56","74","0","2016","4","","Gentry County, Missouri","Private","NAICS 56 Administrative and waste services","County, NAICS Sector -- by ownership sector","All establishment sizes",6,45,35,37,234934,58491,1179,463,"",0.48,0.32,0.25,0.27,0.28,0.25,0.26,1.00,"",0,0.0,1,2.3,-6,-14.6,-2,-5.1,-58369,-19.9,-21060,-26.5,-682,-36.6,-83,-15.2
"29075","5","561","75","0","2016","1","","Gentry County, Missouri","Private","NAICS 561 Administrative and support services","County, NAICS 3-digit -- by ownership sector","All establishment sizes",6,41,37,44,206266,206266,3583,390,"",0.49,0.32,0.29,0.34,0.32,0.37,0.41,1.01,"",1,20.0,11,36.7,8,27.6,13,41.9,52998,34.6,52998,34.6,184,5.4,-3,-0.8
"29075","5","561","75","0","2016","2","","Gentry County, Missouri","Private","NAICS 561 Administrative and support services","County, NAICS 3-digit -- by ownership sector","All establishment sizes",6,54,43,52,319434,172124,2784,495,"",0.50,0.40,0.32,0.38,0.43,0.35,0.31,1.17,"",1,20.0,10,22.7,-3,-6.5,10,23.8,63099,24.6,-6695,-3.7,-1019,-26.8,47,10.5
"29075","5","561","75","0","2016","3","","Gentry County, Missouri","Private","NAICS 561 Administrative and support services","County, NAICS 3-digit -- by ownership sector","All establishment sizes",6,53,54,49,239598,100267,1939,354,"",0.51,0.41,0.41,0.36,0.32,0.34,0.34,0.81,"",0,0.0,10,23.3,5,10.2,6,14.0,-1042,-0.4,-20718,-17.1,-941,-32.7,-57,-13.9
"29075","5","561","75","0","2016","4","","Gentry County, Missouri","Private","NAICS 561 Administrative and support services","County, NAICS 3-digit -- by ownership sector","All establishment sizes",6,45,35,37,234934,58491,1179,463,"",0.51,0.33,0.26,0.28,0.30,0.26,0.27,1.03,"",0,0.0,1,2.3,-6,-14.6,-2,-5.1,-58369,-19.9,-21060,-26.5,-682,-36.6,-83,-15.2
"29075","5","5617","76","0","2016","1","","Gentry County, Missouri","Private","NAICS 5617 Services to buildings and dwellings","County, NAICS 4-digit -- by ownership sector","All establishment sizes",6,41,37,44,206266,206266,3583,390,"",1.17,1.40,1.27,1.47,1.99,1.86,2.37,1.44,"",1,20.0,11,36.7,8,27.6,13,41.9,52998,34.6,52998,34.6,184,5.4,-3,-0.8
"29075","5","5617","76","0","2016","2","","Gentry County, Missouri","Private","NAICS 5617 Services to buildings and dwellings","County, NAICS 4-digit -- by ownership sector","All establishment sizes",6,54,43,52,319434,172124,2784,495,"",1.17,1.65,1.28,1.50,2.24,1.40,1.23,1.52,"",1,20.0,10,22.7,-3,-6.5,10,23.8,63099,24.6,-6695,-3.7,-1019,-26.8,47,10.5
"29075","5","5617","76","0","2016","3","","Gentry County, Missouri","Private","NAICS 5617 Services to buildings and dwellings","County, NAICS 4-digit -- by ownership sector","All establishment sizes",6,53,54,49,239598,100267,1939,354,"",1.20,1.62,1.63,1.48,1.64,1.49,1.56,1.04,"",0,0.0,10,23.3,5,10.2,6,14.0,-1042,-0.4,-20718,-17.1,-941,-32.7,-57,-13.9
"29075","5","5617","76","0","2016","4","","Gentry County, Missouri","Private","NAICS 5617 Services to buildings and dwellings","County, NAICS 4-digit -- by ownership sector","All establishment sizes",6,45,35,37,234934,58491,1179,463,"",1.20,1.40,1.11,1.21,1.63,1.46,1.80,1.32,"",0,0.0,1,2.3,-6,-14.6,-2,-5.1,-58369,-19.9,-21060,-26.5,-682,-36.6,-83,-15.2
"29075","5","56173","77","0","2016","1","N","Gentry County, Missouri","Private","NAICS 56173 Landscaping services","County, NAICS 5-digit -- by ownership sector","All establishment sizes",5,0,0,0,0,0,0,0,"N",1.97,0,0,0,0,0,0,0,"N",1,25.0,0,0,0,0,0,0,0,0,0,0,0,0,0,0
"29075","5","56173","77","0","2016","2","N","Gentry County, Missouri","Private","NAICS 56173 Landscaping services","County, NAICS 5-digit -- by ownership sector","All establishment sizes",5,0,0,0,0,0,0,0,"N",1.97,0,0,0,0,0,0,0,"N",1,25.0,0,0,0,0,0,0,0,0,0,0,0,0,0,0
"29075","5","56173","77","0","2016","3","N","Gentry County, Missouri","Private","NAICS 56173 Landscaping services","County, NAICS 5-digit -- by ownership sector","All establishment sizes",5,0,0,0,0,0,0,0,"N",2.01,0,0,0,0,0,0,0,"N",0,0.0,0,0,0,0,0,0,0,0,0,0,0,0,0,0
"29075","5","56173","77","0","2016","4","N","Gentry County, Missouri","Private","NAICS 56173 Landscaping services","County, NAICS 5-digit -- by ownership sector","All establishment sizes",5,0,0,0,0,0,0,0,"N",2.02,0,0,0,0,0,0,0,"N",0,0.0,0,0,0,0,0,0,0,0,0,0,0,0,0,0
"29075","5","561730","78","0","2016","1","N","Gentry County, Missouri","Private","NAICS 561730 Landscaping services","County, NAICS 6-digit -- by ownership sector","All establishment sizes",5,0,0,0,0,0,0,0,"N",1.97,0,0,0,0,0,0,0,"N",1,25.0,0,0,0,0,0,0,0,0,0,0,0,0,0,0
"29075","5","561730","78","0","2016","2","N","Gentry County, Missouri","Private","NAICS 561730 Landscaping services","County, NAICS 6-digit -- by ownership sector","All establishment sizes",5,0,0,0,0,0,0,0,"N",1.97,0,0,0,0,0,0,0,"N",1,25.0,0,0,0,0,0,0,0,0,0,0,0,0,0,0
"29075","5","561730","78","0","2016","3","N","Gentry County, Missouri","Private","NAICS 561730 Landscaping services","County, NAICS 6-digit -- by ownership sector","All establishment sizes",5,0,0,0,0,0,0,0,"N",2.01,0,0,0,0,0,0,0,"N",0,0.0,0,0,0,0,0,0,0,0,0,0,0,0,0,0
"29075","5","561730","78","0","2016","4","N","Gentry County, Missouri","Private","NAICS 561730 Landscaping services","County, NAICS 6-digit -- by ownership sector","All establishment sizes",5,0,0,0,0,0,0,0,"N",2.02,0,0,0,0,0,0,0,"N",0,0.0,0,0,0,0,0,0,0,0,0,0,0,0,0,0
"29075","5","56174","77","0","2016","1","N","Gentry County, Missouri","Private","NAICS 56174 Carpet and upholstery cleaning services","County, NAICS 5-digit -- by ownership sector","All establishment sizes",1,0,0,0,0,0,0,0,"N",5.04,0,0,0,0,0,0,0,"N",0,0.0,0,0,0,0,0,0,0,0,0,0,0,0,0,0
"29075","5","56174","77","0","2016","2","N","Gentry County, Missouri","Private","NAICS 56174 Carpet and upholstery cleaning services","County, NAICS 5-digit -- by ownership sector","All establishment sizes",1,0,0,0,0,0,0,0,"N",5.11,0,0,0,0,0,0,0,"N",0,0.0,0,0,0,0,0,0,0,0,0,0,0,0,0,0
"29075","5","56174","77","0","2016","3","N","Gentry County, Missouri","Private","NAICS 56174 Carpet and upholstery cleaning services","County, NAICS 5-digit -- by ownership sector","All establishment sizes",1,0,0,0,0,0,0,0,"N",5.26,0,0,0,0,0,0,0,"N",0,0.0,0,0,0,0,0,0,0,0,0,0,0,0,0,0
"29075","5","56174","77","0","2016","4","N","Gentry County, Missouri","Private","NAICS 56174 Carpet and upholstery cleaning services","County, NAICS 5-digit -- by ownership sector","All establishment sizes",1,0,0,0,0,0,0,0,"N",5.29,0,0,0,0,0,0,0,"N",0,0.0,0,0,0,0,0,0,0,0,0,0,0,0,0,0
"29075","5","561740","78","0","2016","1","N","Gentry County, Missouri","Private","NAICS 561740 Carpet and upholstery cleaning services","County, NAICS 6-digit -- by ownership sector","All establishment sizes",1,0,0,0,0,0,0,0,"N",5.04,0,0,0,0,0,0,0,"N",0,0.0,0,0,0,0,0,0,0,0,0,0,0,0,0,0
"29075","5","561740","78","0","2016","2","N","Gentry County, Missouri","Private","NAICS 561740 Carpet and upholstery cleaning services","County, NAICS 6-digit -- by ownership sector","All establishment sizes",1,0,0,0,0,0,0,0,"N",5.11,0,0,0,0,0,0,0,"N",0,0.0,0,0,0,0,0,0,0,0,0,0,0,0,0,0
"29075","5","561740","78","0","2016","3","N","Gentry County, Missouri","Private","NAICS 561740 Carpet and upholstery cleaning services","County, NAICS 6-digit -- by ownership sector","All establishment sizes",1,0,0,0,0,0,0,0,"N",5.26,0,0,0,0,0,0,0,"N",0,0.0,0,0,0,0,0,0,0,0,0,0,0,0,0,0
"29075","5","561740","78","0","2016","4","N","Gentry County, Missouri","Private","NAICS 561740 Carpet and upholstery cleaning services","County, NAICS 6-digit -- by ownership sector","All establishment sizes",1,0,0,0,0,0,0,0,"N",5.29,0,0,0,0,0,0,0,"N",0,0.0,0,0,0,0,0,0,0,0,0,0,0,0,0,0
"29075","5","62","74","0","2016","1","","Gentry County, Missouri","Private","NAICS 62 Health care and social assistance","County, NAICS Sector -- by ownership sector","All establishment sizes",42,688,702,699,4958385,1854945,26384,548,"",1.16,2.35,2.41,2.39,2.74,2.14,3.02,1.15,"",1,2.4,-6,-0.9,11,1.6,4,0.6,-128521,-2.5,99585,5.7,-2008,-7.1,-16,-2.8
"29075","5","62","74","0","2016","2","","Gentry County, Missouri","Private","NAICS 62 Health care and social assistance","County, NAICS Sector -- by ownership sector","All establishment sizes",43,710,707,710,4877408,1500141,20315,529,"",1.20,2.39,2.39,2.35,2.29,2.54,2.99,0.97,"",3,7.5,18,2.6,17,2.5,-5,-0.7,94969,2.0,59613,4.1,-1689,-7.7,3,0.6
"29075","5","62","74","0","2016","3","","Gentry County, Missouri","Private","NAICS 62 Health care and social assistance","County, NAICS Sector -- by ownership sector","All establishment sizes",42,714,717,720,5225664,992774,13691,561,"",1.21,2.50,2.48,2.44,2.42,3.25,3.76,0.98,"",0,0.0,-3,-0.4,-19,-2.6,14,2.0,-210078,-3.9,-62320,-5.9,-1712,-11.1,-20,-3.4
"29075","5","62","74","0","2016","4","","Gentry County, Missouri","Private","NAICS 62 Health care and social assistance","County, NAICS Sector -- by ownership sector","All establishment sizes",42,718,717,704,5964867,631592,7915,644,"",1.19,2.46,2.45,2.39,2.62,2.95,2.97,1.08,"",0,0.0,2,0.3,3,0.4,-2,-0.3,87919,1.5,-89097,-12.4,-4056,-33.9,9,1.4
"29075","5","621","75","0","2016","1","N","Gentry County, Missouri","Private","NAICS 621 Ambulatory health care services","County, NAICS 3-digit -- by ownership sector","All establishment sizes",12,0,0,0,0,0,0,0,"N",0.84,0,0,0,0,0,0,0,"N",0,0.0,0,0,0,0,0,0,0,0,0,0,0,0,0,0
"29075","5","621","75","0","2016","2","N","Gentry County, Missouri","Private","NAICS 621 Ambulatory health care services","County, NAICS 3-digit -- by ownership sector","All establishment sizes",12,0,0,0,0,0,0,0,"N",0.85,0,0,0,0,0,0,0,"N",0,0.0,0,0,0,0,0,0,0,0,0,0,0,0,0,0
"29075","5","621","75","0","2016","3","N","Gentry County, Missouri","Private","NAICS 621 Ambulatory health care services","County, NAICS 3-digit -- by ownership sector","All establishment sizes",12,0,0,0,0,0,0,0,"N",0.87,0,0,0,0,0,0,0,"N",0,0.0,0,0,0,0,0,0,0,0,0,0,0,0,0,0
"29075","5","621","75","0","2016","4","N","Gentry County, Missouri","Private","NAICS 621 Ambulatory health care services","County, NAICS 3-digit -- by ownership sector","All establishment sizes",12,0,0,0,0,0,0,0,"N",0.87,0,0,0,0,0,0,0,"N",0,0.0,0,0,0,0,0,0,0,0,0,0,0,0,0,0
"29075","5","6211","76","0","2016","1","N","Gentry County, Missouri","Private","NAICS 6211 Offices of physicians","County, NAICS 4-digit -- by ownership sector","All establishment sizes",4,0,0,0,0,0,0,0,"N",0.76,0,0,0,0,0,0,0,"N",0,0.0,0,0,0,0,0,0,0,0,0,0,0,0,0,0
"29075","5","6211","76","0","2016","2","N","Gentry County, Missouri","Private","NAICS 6211 Offices of physicians","County, NAICS 4-digit -- by ownership sector","All establishment sizes",4,0,0,0,0,0,0,0,"N",0.77,0,0,0,0,0,0,0,"N",0,0.0,0,0,0,0,0,0,0,0,0,0,0,0,0,0
"29075","5","6211","76","0","2016","3","N","Gentry County, Missouri","Private","NAICS 6211 Offices of physicians","County, NAICS 4-digit -- by ownership sector","All establishment sizes",4,0,0,0,0,0,0,0,"N",0.79,0,0,0,0,0,0,0,"N",0,0.0,0,0,0,0,0,0,0,0,0,0,0,0,0,0
"29075","5","6211","76","0","2016","4","N","Gentry County, Missouri","Private","NAICS 6211 Offices of physicians","County, NAICS 4-digit -- by ownership sector","All establishment sizes",4,0,0,0,0,0,0,0,"N",0.79,0,0,0,0,0,0,0,"N",0,0.0,0,0,0,0,0,0,0,0,0,0,0,0,0,0
"29075","5","62111","77","0","2016","1","N","Gentry County, Missouri","Private","NAICS 62111 Offices of physicians","County, NAICS 5-digit -- by ownership sector","All establishment sizes",4,0,0,0,0,0,0,0,"N",0.76,0,0,0,0,0,0,0,"N",0,0.0,0,0,0,0,0,0,0,0,0,0,0,0,0,0
"29075","5","62111","77","0","2016","2","N","Gentry County, Missouri","Private","NAICS 62111 Offices of physicians","County, NAICS 5-digit -- by ownership sector","All establishment sizes",4,0,0,0,0,0,0,0,"N",0.77,0,0,0,0,0,0,0,"N",0,0.0,0,0,0,0,0,0,0,0,0,0,0,0,0,0
"29075","5","62111","77","0","2016","3","N","Gentry County, Missouri","Private","NAICS 62111 Offices of physicians","County, NAICS 5-digit -- by ownership sector","All establishment sizes",4,0,0,0,0,0,0,0,"N",0.79,0,0,0,0,0,0,0,"N",0,0.0,0,0,0,0,0,0,0,0,0,0,0,0,0,0
"29075","5","62111","77","0","2016","4","N","Gentry County, Missouri","Private","NAICS 62111 Offices of physicians","County, NAICS 5-digit -- by ownership sector","All establishment sizes",4,0,0,0,0,0,0,0,"N",0.79,0,0,0,0,0,0,0,"N",0,0.0,0,0,0,0,0,0,0,0,0,0,0,0,0,0
"29075","5","621111","78","0","2016","1","N","Gentry County, Missouri","Private","NAICS 621111 Offices of physicians, except mental health","County, NAICS 6-digit -- by ownership sector","All establishment sizes",4,0,0,0,0,0,0,0,"N",0.79,0,0,0,0,0,0,0,"N",0,0.0,0,0,0,0,0,0,0,0,0,0,0,0,0,0
"29075","5","621111","78","0","2016","2","N","Gentry County, Missouri","Private","NAICS 621111 Offices of physicians, except mental health","County, NAICS 6-digit -- by ownership sector","All establishment sizes",4,0,0,0,0,0,0,0,"N",0.80,0,0,0,0,0,0,0,"N",0,0.0,0,0,0,0,0,0,0,0,0,0,0,0,0,0
"29075","5","621111","78","0","2016","3","N","Gentry County, Missouri","Private","NAICS 621111 Offices of physicians, except mental health","County, NAICS 6-digit -- by ownership sector","All establishment sizes",4,0,0,0,0,0,0,0,"N",0.83,0,0,0,0,0,0,0,"N",0,0.0,0,0,0,0,0,0,0,0,0,0,0,0,0,0
"29075","5","621111","78","0","2016","4","N","Gentry County, Missouri","Private","NAICS 621111 Offices of physicians, except mental health","County, NAICS 6-digit -- by ownership sector","All establishment sizes",4,0,0,0,0,0,0,0,"N",0.83,0,0,0,0,0,0,0,"N",0,0.0,0,0,0,0,0,0,0,0,0,0,0,0,0,0
"29075","5","6212","76","0","2016","1","N","Gentry County, Missouri","Private","NAICS 6212 Offices of dentists","County, NAICS 4-digit -- by ownership sector","All establishment sizes",2,0,0,0,0,0,0,0,"N",0.62,0,0,0,0,0,0,0,"N",0,0.0,0,0,0,0,0,0,0,0,0,0,0,0,0,0
"29075","5","6212","76","0","2016","2","N","Gentry County, Missouri","Private","NAICS 6212 Offices of dentists","County, NAICS 4-digit -- by ownership sector","All establishment sizes",2,0,0,0,0,0,0,0,"N",0.63,0,0,0,0,0,0,0,"N",0,0.0,0,0,0,0,0,0,0,0,0,0,0,0,0,0
"29075","5","6212","76","0","2016","3","N","Gentry County, Missouri","Private","NAICS 6212 Offices of dentists","County, NAICS 4-digit -- by ownership sector","All establishment sizes",2,0,0,0,0,0,0,0,"N",0.65,0,0,0,0,0,0,0,"N",0,0.0,0,0,0,0,0,0,0,0,0,0,0,0,0,0
"29075","5","6212","76","0","2016","4","N","Gentry County, Missouri","Private","NAICS 6212 Offices of dentists","County, NAICS 4-digit -- by ownership sector","All establishment sizes",2,0,0,0,0,0,0,0,"N",0.65,0,0,0,0,0,0,0,"N",0,0.0,0,0,0,0,0,0,0,0,0,0,0,0,0,0
"29075","5","62121","77","0","2016","1","N","Gentry County, Missouri","Private","NAICS 62121 Offices of dentists","County, NAICS 5-digit -- by ownership sector","All establishment sizes",2,0,0,0,0,0,0,0,"N",0.62,0,0,0,0,0,0,0,"N",0,0.0,0,0,0,0,0,0,0,0,0,0,0,0,0,0
"29075","5","62121","77","0","2016","2","N","Gentry County, Missouri","Private","NAICS 62121 Offices of dentists","County, NAICS 5-digit -- by ownership sector","All establishment sizes",2,0,0,0,0,0,0,0,"N",0.63,0,0,0,0,0,0,0,"N",0,0.0,0,0,0,0,0,0,0,0,0,0,0,0,0,0
"29075","5","62121","77","0","2016","3","N","Gentry County, Missouri","Private","NAICS 62121 Offices of dentists","County, NAICS 5-digit -- by ownership sector","All establishment sizes",2,0,0,0,0,0,0,0,"N",0.65,0,0,0,0,0,0,0,"N",0,0.0,0,0,0,0,0,0,0,0,0,0,0,0,0,0
"29075","5","62121","77","0","2016","4","N","Gentry County, Missouri","Private","NAICS 62121 Offices of dentists","County, NAICS 5-digit -- by ownership sector","All establishment sizes",2,0,0,0,0,0,0,0,"N",0.65,0,0,0,0,0,0,0,"N",0,0.0,0,0,0,0,0,0,0,0,0,0,0,0,0,0
"29075","5","621210","78","0","2016","1","N","Gentry County, Missouri","Private","NAICS 621210 Offices of dentists","County, NAICS 6-digit -- by ownership sector","All establishment sizes",2,0,0,0,0,0,0,0,"N",0.62,0,0,0,0,0,0,0,"N",0,0.0,0,0,0,0,0,0,0,0,0,0,0,0,0,0
"29075","5","621210","78","0","2016","2","N","Gentry County, Missouri","Private","NAICS 621210 Offices of dentists","County, NAICS 6-digit -- by ownership sector","All establishment sizes",2,0,0,0,0,0,0,0,"N",0.63,0,0,0,0,0,0,0,"N",0,0.0,0,0,0,0,0,0,0,0,0,0,0,0,0,0
"29075","5","621210","78","0","2016","3","N","Gentry County, Missouri","Private","NAICS 621210 Offices of dentists","County, NAICS 6-digit -- by ownership sector","All establishment sizes",2,0,0,0,0,0,0,0,"N",0.65,0,0,0,0,0,0,0,"N",0,0.0,0,0,0,0,0,0,0,0,0,0,0,0,0,0
"29075","5","621210","78","0","2016","4","N","Gentry County, Missouri","Private","NAICS 621210 Offices of dentists","County, NAICS 6-digit -- by ownership sector","All establishment sizes",2,0,0,0,0,0,0,0,"N",0.65,0,0,0,0,0,0,0,"N",0,0.0,0,0,0,0,0,0,0,0,0,0,0,0,0,0
"29075","5","6213","76","0","2016","1","N","Gentry County, Missouri","Private","NAICS 6213 Offices of other health practitioners","County, NAICS 4-digit -- by ownership sector","All establishment sizes",2,0,0,0,0,0,0,0,"N",0.59,0,0,0,0,0,0,0,"N",0,0.0,0,0,0,0,0,0,0,0,0,0,0,0,0,0
"29075","5","6213","76","0","2016","2","N","Gentry County, Missouri","Private","NAICS 6213 Offices of other health practitioners","County, NAICS 4-digit -- by ownership sector","All establishment sizes",2,0,0,0,0,0,0,0,"N",0.60,0,0,0,0,0,0,0,"N",0,0.0,0,0,0,0,0,0,0,0,0,0,0,0,0,0
"29075","5","6213","76","0","2016","3","N","Gentry County, Missouri","Private","NAICS 6213 Offices of other health practitioners","County, NAICS 4-digit -- by ownership sector","All establishment sizes",2,0,0,0,0,0,0,0,"N",0.61,0,0,0,0,0,0,0,"N",0,0.0,0,0,0,0,0,0,0,0,0,0,0,0,0,0
"29075","5","6213","76","0","2016","4","N","Gentry County, Missouri","Private","NAICS 6213 Offices of other health practitioners","County, NAICS 4-digit -- by ownership sector","All establishment sizes",2,0,0,0,0,0,0,0,"N",0.61,0,0,0,0,0,0,0,"N",0,0.0,0,0,0,0,0,0,0,0,0,0,0,0,0,0
"29075","5","62131","77","0","2016","1","N","Gentry County, Missouri","Private","NAICS 62131 Offices of chiropractors","County, NAICS 5-digit -- by ownership sector","All establishment sizes",2,0,0,0,0,0,0,0,"N",2.13,0,0,0,0,0,0,0,"N",0,0.0,0,0,0,0,0,0,0,0,0,0,0,0,0,0
"29075","5","62131","77","0","2016","2","N","Gentry County, Missouri","Private","NAICS 62131 Offices of chiropractors","County, NAICS 5-digit -- by ownership sector","All establishment sizes",2,0,0,0,0,0,0,0,"N",2.16,0,0,0,0,0,0,0,"N",0,0.0,0,0,0,0,0,0,0,0,0,0,0,0,0,0
"29075","5","62131","77","0","2016","3","N","Gentry County, Missouri","Private","NAICS 62131 Offices of chiropractors","County, NAICS 5-digit -- by ownership sector","All establishment sizes",2,0,0,0,0,0,0,0,"N",2.21,0,0,0,0,0,0,0,"N",0,0.0,0,0,0,0,0,0,0,0,0,0,0,0,0,0
"29075","5","62131","77","0","2016","4","N","Gentry County, Missouri","Private","NAICS 62131 Offices of chiropractors","County, NAICS 5-digit -- by ownership sector","All establishment sizes",2,0,0,0,0,0,0,0,"N",2.21,0,0,0,0,0,0,0,"N",0,0.0,0,0,0,0,0,0,0,0,0,0,0,0,0,0
"29075","5","621310","78","0","2016","1","N","Gentry County, Missouri","Private","NAICS 621310 Offices of chiropractors","County, NAICS 6-digit -- by ownership sector","All establishment sizes",2,0,0,0,0,0,0,0,"N",2.13,0,0,0,0,0,0,0,"N",0,0.0,0,0,0,0,0,0,0,0,0,0,0,0,0,0
"29075","5","621310","78","0","2016","2","N","Gentry County, Missouri","Private","NAICS 621310 Offices of chiropractors","County, NAICS 6-digit -- by ownership sector","All establishment sizes",2,0,0,0,0,0,0,0,"N",2.16,0,0,0,0,0,0,0,"N",0,0.0,0,0,0,0,0,0,0,0,0,0,0,0,0,0
"29075","5","621310","78","0","2016","3","N","Gentry County, Missouri","Private","NAICS 621310 Offices of chiropractors","County, NAICS 6-digit -- by ownership sector","All establishment sizes",2,0,0,0,0,0,0,0,"N",2.21,0,0,0,0,0,0,0,"N",0,0.0,0,0,0,0,0,0,0,0,0,0,0,0,0,0
"29075","5","621310","78","0","2016","4","N","Gentry County, Missouri","Private","NAICS 621310 Offices of chiropractors","County, NAICS 6-digit -- by ownership sector","All establishment sizes",2,0,0,0,0,0,0,0,"N",2.21,0,0,0,0,0,0,0,"N",0,0.0,0,0,0,0,0,0,0,0,0,0,0,0,0,0
"29075","5","6214","76","0","2016","1","N","Gentry County, Missouri","Private","NAICS 6214 Outpatient care centers","County, NAICS 4-digit -- by ownership sector","All establishment sizes",2,0,0,0,0,0,0,0,"N",2.40,0,0,0,0,0,0,0,"N",0,0.0,0,0,0,0,0,0,0,0,0,0,0,0,0,0
"29075","5","6214","76","0","2016","2","N","Gentry County, Missouri","Private","NAICS 6214 Outpatient care centers","County, NAICS 4-digit -- by ownership sector","All establishment sizes",2,0,0,0,0,0,0,0,"N",2.42,0,0,0,0,0,0,0,"N",0,0.0,0,0,0,0,0,0,0,0,0,0,0,0,0,0
"29075","5","6214","76","0","2016","3","N","Gentry County, Missouri","Private","NAICS 6214 Outpatient care centers","County, NAICS 4-digit -- by ownership sector","All establishment sizes",2,0,0,0,0,0,0,0,"N",2.47,0,0,0,0,0,0,0,"N",0,0.0,0,0,0,0,0,0,0,0,0,0,0,0,0,0
"29075","5","6214","76","0","2016","4","N","Gentry County, Missouri","Private","NAICS 6214 Outpatient care centers","County, NAICS 4-digit -- by ownership sector","All establishment sizes",2,0,0,0,0,0,0,0,"N",2.45,0,0,0,0,0,0,0,"N",0,0.0,0,0,0,0,0,0,0,0,0,0,0,0,0,0
"29075","5","62141","77","0","2016","1","N","Gentry County, Missouri","Private","NAICS 62141 Family planning centers","County, NAICS 5-digit -- by ownership sector","All establishment sizes",1,0,0,0,0,0,0,0,"N",22.49,0,0,0,0,0,0,0,"N",0,0.0,0,0,0,0,0,0,0,0,0,0,0,0,0,0
"29075","5","62141","77","0","2016","2","N","Gentry County, Missouri","Private","NAICS 62141 Family planning centers","County, NAICS 5-digit -- by ownership sector","All establishment sizes",1,0,0,0,0,0,0,0,"N",22.71,0,0,0,0,0,0,0,"N",0,0.0,0,0,0,0,0,0,0,0,0,0,0,0,0,0
"29075","5","62141","77","0","2016","3","N","Gentry County, Missouri","Private","NAICS 62141 Family planning centers","County, NAICS 5-digit -- by ownership sector","All establishment sizes",1,0,0,0,0,0,0,0,"N",23.22,0,0,0,0,0,0,0,"N",0,0.0,0,0,0,0,0,0,0,0,0,0,0,0,0,0
"29075","5","62141","77","0","2016","4","N","Gentry County, Missouri","Private","NAICS 62141 Family planning centers","County, NAICS 5-digit -- by ownership sector","All establishment sizes",1,0,0,0,0,0,0,0,"N",23.17,0,0,0,0,0,0,0,"N",0,0.0,0,0,0,0,0,0,0,0,0,0,0,0,0,0
"29075","5","621410","78","0","2016","1","N","Gentry County, Missouri","Private","NAICS 621410 Family planning centers","County, NAICS 6-digit -- by ownership sector","All establishment sizes",1,0,0,0,0,0,0,0,"N",22.49,0,0,0,0,0,0,0,"N",0,0.0,0,0,0,0,0,0,0,0,0,0,0,0,0,0
"29075","5","621410","78","0","2016","2","N","Gentry County, Missouri","Private","NAICS 621410 Family planning centers","County, NAICS 6-digit -- by ownership sector","All establishment sizes",1,0,0,0,0,0,0,0,"N",22.71,0,0,0,0,0,0,0,"N",0,0.0,0,0,0,0,0,0,0,0,0,0,0,0,0,0
"29075","5","621410","78","0","2016","3","N","Gentry County, Missouri","Private","NAICS 621410 Family planning centers","County, NAICS 6-digit -- by ownership sector","All establishment sizes",1,0,0,0,0,0,0,0,"N",23.22,0,0,0,0,0,0,0,"N",0,0.0,0,0,0,0,0,0,0,0,0,0,0,0,0,0
"29075","5","621410","78","0","2016","4","N","Gentry County, Missouri","Private","NAICS 621410 Family planning centers","County, NAICS 6-digit -- by ownership sector","All establishment sizes",1,0,0,0,0,0,0,0,"N",23.17,0,0,0,0,0,0,0,"N",0,0.0,0,0,0,0,0,0,0,0,0,0,0,0,0,0
"29075","5","62149","77","0","2016","1","N","Gentry County, Missouri","Private","NAICS 62149 Other outpatient care centers","County, NAICS 5-digit -- by ownership sector","All establishment sizes",1,0,0,0,0,0,0,0,"N",1.79,0,0,0,0,0,0,0,"N",0,0.0,0,0,0,0,0,0,0,0,0,0,0,0,0,0
"29075","5","62149","77","0","2016","2","N","Gentry County, Missouri","Private","NAICS 62149 Other outpatient care centers","County, NAICS 5-digit -- by ownership sector","All establishment sizes",1,0,0,0,0,0,0,0,"N",1.80,0,0,0,0,0,0,0,"N",0,0.0,0,0,0,0,0,0,0,0,0,0,0,0,0,0
"29075","5","62149","77","0","2016","3","N","Gentry County, Missouri","Private","NAICS 62149 Other outpatient care centers","County, NAICS 5-digit -- by ownership sector","All establishment sizes",1,0,0,0,0,0,0,0,"N",1.84,0,0,0,0,0,0,0,"N",0,0.0,0,0,0,0,0,0,0,0,0,0,0,0,0,0
"29075","5","62149","77","0","2016","4","N","Gentry County, Missouri","Private","NAICS 62149 Other outpatient care centers","County, NAICS 5-digit -- by ownership sector","All establishment sizes",1,0,0,0,0,0,0,0,"N",1.83,0,0,0,0,0,0,0,"N",0,0.0,0,0,0,0,0,0,0,0,0,0,0,0,0,0
"29075","5","621498","78","0","2016","1","N","Gentry County, Missouri","Private","NAICS 621498 All other outpatient care centers","County, NAICS 6-digit -- by ownership sector","All establishment sizes",1,0,0,0,0,0,0,0,"N",5.71,0,0,0,0,0,0,0,"N",0,0.0,0,0,0,0,0,0,0,0,0,0,0,0,0,0
"29075","5","621498","78","0","2016","2","N","Gentry County, Missouri","Private","NAICS 621498 All other outpatient care centers","County, NAICS 6-digit -- by ownership sector","All establishment sizes",1,0,0,0,0,0,0,0,"N",5.73,0,0,0,0,0,0,0,"N",0,0.0,0,0,0,0,0,0,0,0,0,0,0,0,0,0
"29075","5","621498","78","0","2016","3","N","Gentry County, Missouri","Private","NAICS 621498 All other outpatient care centers","County, NAICS 6-digit -- by ownership sector","All establishment sizes",1,0,0,0,0,0,0,0,"N",5.86,0,0,0,0,0,0,0,"N",0,0.0,0,0,0,0,0,0,0,0,0,0,0,0,0,0
"29075","5","621498","78","0","2016","4","N","Gentry County, Missouri","Private","NAICS 621498 All other outpatient care centers","County, NAICS 6-digit -- by ownership sector","All establishment sizes",1,0,0,0,0,0,0,0,"N",5.85,0,0,0,0,0,0,0,"N",0,0.0,0,0,0,0,0,0,0,0,0,0,0,0,0,0
"29075","5","6216","76","0","2016","1","N","Gentry County, Missouri","Private","NAICS 6216 Home health care services","County, NAICS 4-digit -- by ownership sector","All establishment sizes",2,0,0,0,0,0,0,0,"N",2.40,0,0,0,0,0,0,0,"N",0,0.0,0,0,0,0,0,0,0,0,0,0,0,0,0,0
"29075","5","6216","76","0","2016","2","N","Gentry County, Missouri","Private","NAICS 6216 Home health care services","County, NAICS 4-digit -- by ownership sector","All establishment sizes",2,0,0,0,0,0,0,0,"N",2.42,0,0,0,0,0,0,0,"N",0,0.0,0,0,0,0,0,0,0,0,0,0,0,0,0,0
"29075","5","6216","76","0","2016","3","N","Gentry County, Missouri","Private","NAICS 6216 Home health care services","County, NAICS 4-digit -- by ownership sector","All establishment sizes",2,0,0,0,0,0,0,0,"N",2.50,0,0,0,0,0,0,0,"N",0,0.0,0,0,0,0,0,0,0,0,0,0,0,0,0,0
"29075","5","6216","76","0","2016","4","N","Gentry County, Missouri","Private","NAICS 6216 Home health care services","County, NAICS 4-digit -- by ownership sector","All establishment sizes",2,0,0,0,0,0,0,0,"N",2.49,0,0,0,0,0,0,0,"N",0,0.0,0,0,0,0,0,0,0,0,0,0,0,0,0,0
"29075","5","62161","77","0","2016","1","N","Gentry County, Missouri","Private","NAICS 62161 Home health care services","County, NAICS 5-digit -- by ownership sector","All establishment sizes",2,0,0,0,0,0,0,0,"N",2.40,0,0,0,0,0,0,0,"N",0,0.0,0,0,0,0,0,0,0,0,0,0,0,0,0,0
"29075","5","62161","77","0","2016","2","N","Gentry County, Missouri","Private","NAICS 62161 Home health care services","County, NAICS 5-digit -- by ownership sector","All establishment sizes",2,0,0,0,0,0,0,0,"N",2.42,0,0,0,0,0,0,0,"N",0,0.0,0,0,0,0,0,0,0,0,0,0,0,0,0,0
"29075","5","62161","77","0","2016","3","N","Gentry County, Missouri","Private","NAICS 62161 Home health care services","County, NAICS 5-digit -- by ownership sector","All establishment sizes",2,0,0,0,0,0,0,0,"N",2.50,0,0,0,0,0,0,0,"N",0,0.0,0,0,0,0,0,0,0,0,0,0,0,0,0,0
"29075","5","62161","77","0","2016","4","N","Gentry County, Missouri","Private","NAICS 62161 Home health care services","County, NAICS 5-digit -- by ownership sector","All establishment sizes",2,0,0,0,0,0,0,0,"N",2.49,0,0,0,0,0,0,0,"N",0,0.0,0,0,0,0,0,0,0,0,0,0,0,0,0,0
"29075","5","621610","78","0","2016","1","N","Gentry County, Missouri","Private","NAICS 621610 Home health care services","County, NAICS 6-digit -- by ownership sector","All establishment sizes",2,0,0,0,0,0,0,0,"N",2.40,0,0,0,0,0,0,0,"N",0,0.0,0,0,0,0,0,0,0,0,0,0,0,0,0,0
"29075","5","621610","78","0","2016","2","N","Gentry County, Missouri","Private","NAICS 621610 Home health care services","County, NAICS 6-digit -- by ownership sector","All establishment sizes",2,0,0,0,0,0,0,0,"N",2.42,0,0,0,0,0,0,0,"N",0,0.0,0,0,0,0,0,0,0,0,0,0,0,0,0,0
"29075","5","621610","78","0","2016","3","N","Gentry County, Missouri","Private","NAICS 621610 Home health care services","County, NAICS 6-digit -- by ownership sector","All establishment sizes",2,0,0,0,0,0,0,0,"N",2.50,0,0,0,0,0,0,0,"N",0,0.0,0,0,0,0,0,0,0,0,0,0,0,0,0,0
"29075","5","621610","78","0","2016","4","N","Gentry County, Missouri","Private","NAICS 621610 Home health care services","County, NAICS 6-digit -- by ownership sector","All establishment sizes",2,0,0,0,0,0,0,0,"N",2.49,0,0,0,0,0,0,0,"N",0,0.0,0,0,0,0,0,0,0,0,0,0,0,0,0,0
"29075","5","622","75","0","2016","1","N","Gentry County, Missouri","Private","NAICS 622 Hospitals","County, NAICS 3-digit -- by ownership sector","All establishment sizes",1,0,0,0,0,0,0,0,"N",4.34,0,0,0,0,0,0,0,"N",0,0.0,0,0,0,0,0,0,0,0,0,0,0,0,0,0
"29075","5","622","75","0","2016","2","N","Gentry County, Missouri","Private","NAICS 622 Hospitals","County, NAICS 3-digit -- by ownership sector","All establishment sizes",1,0,0,0,0,0,0,0,"N",4.33,0,0,0,0,0,0,0,"N",0,0.0,0,0,0,0,0,0,0,0,0,0,0,0,0,0
"29075","5","622","75","0","2016","3","N","Gentry County, Missouri","Private","NAICS 622 Hospitals","County, NAICS 3-digit -- by ownership sector","All establishment sizes",1,0,0,0,0,0,0,0,"N",4.40,0,0,0,0,0,0,0,"N",0,0.0,0,0,0,0,0,0,0,0,0,0,0,0,0,0
"29075","5","622","75","0","2016","4","N","Gentry County, Missouri","Private","NAICS 622 Hospitals","County, NAICS 3-digit -- by ownership sector","All establishment sizes",1,0,0,0,0,0,0,0,"N",4.31,0,0,0,0,0,0,0,"N",0,0.0,0,0,0,0,0,0,0,0,0,0,0,0,0,0
"29075","5","6221","76","0","2016","1","N","Gentry County, Missouri","Private","NAICS 6221 General medical and surgical hospitals","County, NAICS 4-digit -- by ownership sector","All establishment sizes",1,0,0,0,0,0,0,0,"N",6.04,0,0,0,0,0,0,0,"N",0,0.0,0,0,0,0,0,0,0,0,0,0,0,0,0,0
"29075","5","6221","76","0","2016","2","N","Gentry County, Missouri","Private","NAICS 6221 General medical and surgical hospitals","County, NAICS 4-digit -- by ownership sector","All establishment sizes",1,0,0,0,0,0,0,0,"N",6.02,0,0,0,0,0,0,0,"N",0,0.0,0,0,0,0,0,0,0,0,0,0,0,0,0,0
"29075","5","6221","76","0","2016","3","N","Gentry County, Missouri","Private","NAICS 6221 General medical and surgical hospitals","County, NAICS 4-digit -- by ownership sector","All establishment sizes",1,0,0,0,0,0,0,0,"N",6.10,0,0,0,0,0,0,0,"N",0,0.0,0,0,0,0,0,0,0,0,0,0,0,0,0,0
"29075","5","6221","76","0","2016","4","N","Gentry County, Missouri","Private","NAICS 6221 General medical and surgical hospitals","County, NAICS 4-digit -- by ownership sector","All establishment sizes",1,0,0,0,0,0,0,0,"N",5.98,0,0,0,0,0,0,0,"N",0,0.0,0,0,0,0,0,0,0,0,0,0,0,0,0,0
"29075","5","62211","77","0","2016","1","N","Gentry County, Missouri","Private","NAICS 62211 General medical and surgical hospitals","County, NAICS 5-digit -- by ownership sector","All establishment sizes",1,0,0,0,0,0,0,0,"N",6.04,0,0,0,0,0,0,0,"N",0,0.0,0,0,0,0,0,0,0,0,0,0,0,0,0,0
"29075","5","62211","77","0","2016","2","N","Gentry County, Missouri","Private","NAICS 62211 General medical and surgical hospitals","County, NAICS 5-digit -- by ownership sector","All establishment sizes",1,0,0,0,0,0,0,0,"N",6.02,0,0,0,0,0,0,0,"N",0,0.0,0,0,0,0,0,0,0,0,0,0,0,0,0,0
"29075","5","62211","77","0","2016","3","N","Gentry County, Missouri","Private","NAICS 62211 General medical and surgical hospitals","County, NAICS 5-digit -- by ownership sector","All establishment sizes",1,0,0,0,0,0,0,0,"N",6.10,0,0,0,0,0,0,0,"N",0,0.0,0,0,0,0,0,0,0,0,0,0,0,0,0,0
"29075","5","62211","77","0","2016","4","N","Gentry County, Missouri","Private","NAICS 62211 General medical and surgical hospitals","County, NAICS 5-digit -- by ownership sector","All establishment sizes",1,0,0,0,0,0,0,0,"N",5.98,0,0,0,0,0,0,0,"N",0,0.0,0,0,0,0,0,0,0,0,0,0,0,0,0,0
"29075","5","622110","78","0","2016","1","N","Gentry County, Missouri","Private","NAICS 622110 General medical and surgical hospitals","County, NAICS 6-digit -- by ownership sector","All establishment sizes",1,0,0,0,0,0,0,0,"N",6.04,0,0,0,0,0,0,0,"N",0,0.0,0,0,0,0,0,0,0,0,0,0,0,0,0,0
"29075","5","622110","78","0","2016","2","N","Gentry County, Missouri","Private","NAICS 622110 General medical and surgical hospitals","County, NAICS 6-digit -- by ownership sector","All establishment sizes",1,0,0,0,0,0,0,0,"N",6.02,0,0,0,0,0,0,0,"N",0,0.0,0,0,0,0,0,0,0,0,0,0,0,0,0,0
"29075","5","622110","78","0","2016","3","N","Gentry County, Missouri","Private","NAICS 622110 General medical and surgical hospitals","County, NAICS 6-digit -- by ownership sector","All establishment sizes",1,0,0,0,0,0,0,0,"N",6.10,0,0,0,0,0,0,0,"N",0,0.0,0,0,0,0,0,0,0,0,0,0,0,0,0,0
"29075","5","622110","78","0","2016","4","N","Gentry County, Missouri","Private","NAICS 622110 General medical and surgical hospitals","County, NAICS 6-digit -- by ownership sector","All establishment sizes",1,0,0,0,0,0,0,0,"N",5.98,0,0,0,0,0,0,0,"N",0,0.0,0,0,0,0,0,0,0,0,0,0,0,0,0,0
"29075","5","623","75","0","2016","1","","Gentry County, Missouri","Private","NAICS 623 Nursing and residential care facilities","County, NAICS 3-digit -- by ownership sector","All establishment sizes",15,403,422,416,2056982,1519099,18748,383,"",7.87,7.80,8.24,8.08,10.02,9.55,11.44,1.25,"",0,0.0,-4,-1.0,18,4.5,7,1.7,-22548,-1.1,51965,3.5,-3016,-13.9,-10,-2.5
"29075","5","623","75","0","2016","2","","Gentry County, Missouri","Private","NAICS 623 Nursing and residential care facilities","County, NAICS 3-digit -- by ownership sector","All establishment sizes",15,431,421,425,1971236,1266623,15431,356,"",7.95,8.27,8.11,8.00,8.26,9.73,10.51,1.02,"",0,0.0,19,4.6,9,2.2,-10,-2.3,72670,3.8,62379,5.2,-1995,-11.4,8,2.3
"29075","5","623","75","0","2016","3","","Gentry County, Missouri","Private","NAICS 623 Nursing and residential care facilities","County, NAICS 3-digit -- by ownership sector","All establishment sizes",14,417,422,425,2134084,870214,10496,390,"",7.60,8.31,8.31,8.25,8.91,12.69,13.19,1.07,"",-1,-6.7,-13,-3.0,-26,-5.8,8,1.9,-41381,-1.9,-60807,-6.5,-2282,-17.9,2,0.5
"29075","5","623","75","0","2016","4","","Gentry County, Missouri","Private","NAICS 623 Nursing and residential care facilities","County, NAICS 3-digit -- by ownership sector","All establishment sizes",14,422,425,413,2157962,548153,6569,395,"",7.59,8.32,8.36,8.08,8.95,11.10,11.08,1.08,"",-1,-6.7,-3,-0.7,1,0.2,-3,-0.7,5288,0.2,-79296,-12.6,-2151,-24.7,2,0.5
"29075","5","6231","76","0","2016","1","N","Gentry County, Missouri","Private","NAICS 6231 Nursing care facilities, skilled nursing","County, NAICS 4-digit -- by ownership sector","All establishment sizes",4,0,0,0,0,0,0,0,"N",9.33,0,0,0,0,0,0,0,"N",0,0.0,0,0,0,0,0,0,0,0,0,0,0,0,0,0
"29075","5","6231","76","0","2016","2","N","Gentry County, Missouri","Private","NAICS 6231 Nursing care facilities, skilled nursing","County, NAICS 4-digit -- by ownership sector","All establishment sizes",4,0,0,0,0,0,0,0,"N",9.42,0,0,0,0,0,0,0,"N",0,0.0,0,0,0,0,0,0,0,0,0,0,0,0,0,0
"29075","5","6231","76","0","2016","3","N","Gentry County, Missouri","Private","NAICS 6231 Nursing care facilities, skilled nursing","County, NAICS 4-digit -- by ownership sector","All establishment sizes",3,0,0,0,0,0,0,0,"N",7.25,0,0,0,0,0,0,0,"N",-1,-25.0,0,0,0,0,0,0,0,0,0,0,0,0,0,0
"29075","5","6231","76","0","2016","4","N","Gentry County, Missouri","Private","NAICS 6231 Nursing care facilities, skilled nursing","County, NAICS 4-digit -- by ownership sector","All establishment sizes",3,0,0,0,0,0,0,0,"N",7.22,0,0,0,0,0,0,0,"N",-1,-25.0,0,0,0,0,0,0,0,0,0,0,0,0,0,0
"29075","5","62311","77","0","2016","1","N","Gentry County, Missouri","Private","NAICS 62311 Nursing care facilities, skilled nursing","County, NAICS 5-digit -- by ownership sector","All establishment sizes",4,0,0,0,0,0,0,0,"N",9.33,0,0,0,0,0,0,0,"N",0,0.0,0,0,0,0,0,0,0,0,0,0,0,0,0,0
"29075","5","62311","77","0","2016","2","N","Gentry County, Missouri","Private","NAICS 62311 Nursing care facilities, skilled nursing","County, NAICS 5-digit -- by ownership sector","All establishment sizes",4,0,0,0,0,0,0,0,"N",9.42,0,0,0,0,0,0,0,"N",0,0.0,0,0,0,0,0,0,0,0,0,0,0,0,0,0
"29075","5","62311","77","0","2016","3","N","Gentry County, Missouri","Private","NAICS 62311 Nursing care facilities, skilled nursing","County, NAICS 5-digit -- by ownership sector","All establishment sizes",3,0,0,0,0,0,0,0,"N",7.25,0,0,0,0,0,0,0,"N",-1,-25.0,0,0,0,0,0,0,0,0,0,0,0,0,0,0
"29075","5","62311","77","0","2016","4","N","Gentry County, Missouri","Private","NAICS 62311 Nursing care facilities, skilled nursing","County, NAICS 5-digit -- by ownership sector","All establishment sizes",3,0,0,0,0,0,0,0,"N",7.22,0,0,0,0,0,0,0,"N",-1,-25.0,0,0,0,0,0,0,0,0,0,0,0,0,0,0
"29075","5","623110","78","0","2016","1","N","Gentry County, Missouri","Private","NAICS 623110 Nursing care facilities, skilled nursing","County, NAICS 6-digit -- by ownership sector","All establishment sizes",4,0,0,0,0,0,0,0,"N",9.33,0,0,0,0,0,0,0,"N",0,0.0,0,0,0,0,0,0,0,0,0,0,0,0,0,0
"29075","5","623110","78","0","2016","2","N","Gentry County, Missouri","Private","NAICS 623110 Nursing care facilities, skilled nursing","County, NAICS 6-digit -- by ownership sector","All establishment sizes",4,0,0,0,0,0,0,0,"N",9.42,0,0,0,0,0,0,0,"N",0,0.0,0,0,0,0,0,0,0,0,0,0,0,0,0,0
"29075","5","623110","78","0","2016","3","N","Gentry County, Missouri","Private","NAICS 623110 Nursing care facilities, skilled nursing","County, NAICS 6-digit -- by ownership sector","All establishment sizes",3,0,0,0,0,0,0,0,"N",7.25,0,0,0,0,0,0,0,"N",-1,-25.0,0,0,0,0,0,0,0,0,0,0,0,0,0,0
"29075","5","623110","78","0","2016","4","N","Gentry County, Missouri","Private","NAICS 623110 Nursing care facilities, skilled nursing","County, NAICS 6-digit -- by ownership sector","All establishment sizes",3,0,0,0,0,0,0,0,"N",7.22,0,0,0,0,0,0,0,"N",-1,-25.0,0,0,0,0,0,0,0,0,0,0,0,0,0,0
"29075","5","6232","76","0","2016","1","N","Gentry County, Missouri","Private","NAICS 6232 Residential mental health facilities","County, NAICS 4-digit -- by ownership sector","All establishment sizes",11,0,0,0,0,0,0,0,"N",15.87,0,0,0,0,0,0,0,"N",0,0.0,0,0,0,0,0,0,0,0,0,0,0,0,0,0
"29075","5","6232","76","0","2016","2","N","Gentry County, Missouri","Private","NAICS 6232 Residential mental health facilities","County, NAICS 4-digit -- by ownership sector","All establishment sizes",11,0,0,0,0,0,0,0,"N",16.06,0,0,0,0,0,0,0,"N",0,0.0,0,0,0,0,0,0,0,0,0,0,0,0,0,0
"29075","5","6232","76","0","2016","3","N","Gentry County, Missouri","Private","NAICS 6232 Residential mental health facilities","County, NAICS 4-digit -- by ownership sector","All establishment sizes",11,0,0,0,0,0,0,0,"N",16.44,0,0,0,0,0,0,0,"N",0,0.0,0,0,0,0,0,0,0,0,0,0,0,0,0,0
"29075","5","6232","76","0","2016","4","N","Gentry County, Missouri","Private","NAICS 6232 Residential mental health facilities","County, NAICS 4-digit -- by ownership sector","All establishment sizes",11,0,0,0,0,0,0,0,"N",16.43,0,0,0,0,0,0,0,"N",0,0.0,0,0,0,0,0,0,0,0,0,0,0,0,0,0
"29075","5","62321","77","0","2016","1","N","Gentry County, Missouri","Private","NAICS 62321 Residential developmental disability homes","County, NAICS 5-digit -- by ownership sector","All establishment sizes",11,0,0,0,0,0,0,0,"N",21.71,0,0,0,0,0,0,0,"N",0,0.0,0,0,0,0,0,0,0,0,0,0,0,0,0,0
"29075","5","62321","77","0","2016","2","N","Gentry County, Missouri","Private","NAICS 62321 Residential developmental disability homes","County, NAICS 5-digit -- by ownership sector","All establishment sizes",11,0,0,0,0,0,0,0,"N",22.00,0,0,0,0,0,0,0,"N",0,0.0,0,0,0,0,0,0,0,0,0,0,0,0,0,0
"29075","5","62321","77","0","2016","3","N","Gentry County, Missouri","Private","NAICS 62321 Residential developmental disability homes","County, NAICS 5-digit -- by ownership sector","All establishment sizes",11,0,0,0,0,0,0,0,"N",22.54,0,0,0,0,0,0,0,"N",0,0.0,0,0,0,0,0,0,0,0,0,0,0,0,0,0
"29075","5","62321","77","0","2016","4","N","Gentry County, Missouri","Private","NAICS 62321 Residential developmental disability homes","County, NAICS 5-digit -- by ownership sector","All establishment sizes",11,0,0,0,0,0,0,0,"N",22.54,0,0,0,0,0,0,0,"N",0,0.0,0,0,0,0,0,0,0,0,0,0,0,0,0,0
"29075","5","623210","78","0","2016","1","N","Gentry County, Missouri","Private","NAICS 623210 Residential developmental disability homes","County, NAICS 6-digit -- by ownership sector","All establishment sizes",11,0,0,0,0,0,0,0,"N",21.71,0,0,0,0,0,0,0,"N",0,0.0,0,0,0,0,0,0,0,0,0,0,0,0,0,0
"29075","5","623210","78","0","2016","2","N","Gentry County, Missouri","Private","NAICS 623210 Residential developmental disability homes","County, NAICS 6-digit -- by ownership sector","All establishment sizes",11,0,0,0,0,0,0,0,"N",22.00,0,0,0,0,0,0,0,"N",0,0.0,0,0,0,0,0,0,0,0,0,0,0,0,0,0
"29075","5","623210","78","0","2016","3","N","Gentry County, Missouri","Private","NAICS 623210 Residential developmental disability homes","County, NAICS 6-digit -- by ownership sector","All establishment sizes",11,0,0,0,0,0,0,0,"N",22.54,0,0,0,0,0,0,0,"N",0,0.0,0,0,0,0,0,0,0,0,0,0,0,0,0,0
"29075","5","623210","78","0","2016","4","N","Gentry County, Missouri","Private","NAICS 623210 Residential developmental disability homes","County, NAICS 6-digit -- by ownership sector","All establishment sizes",11,0,0,0,0,0,0,0,"N",22.54,0,0,0,0,0,0,0,"N",0,0.0,0,0,0,0,0,0,0,0,0,0,0,0,0,0
"29075","5","624","75","0","2016","1","","Gentry County, Missouri","Private","NAICS 624 Social assistance","County, NAICS 3-digit -- by ownership sector","All establishment sizes",14,103,99,100,183954,77666,4085,141,"",0.72,1.86,1.80,1.80,1.12,0.57,2.31,0.62,"",1,7.7,-1,-1.0,-6,-5.7,-1,-1.0,-843,-0.5,9712,14.3,365,9.8,3,2.2
"29075","5","624","75","0","2016","2","","Gentry County, Missouri","Private","NAICS 624 Social assistance","County, NAICS 3-digit -- by ownership sector","All establishment sizes",15,100,104,103,185263,60480,2416,139,"",0.77,1.76,1.84,1.79,0.94,0.44,1.26,0.52,"",3,25.0,-2,-2.0,5,5.1,5,5.1,22667,13.9,8651,16.7,239,11.0,14,11.2
"29075","5","624","75","0","2016","3","","Gentry County, Missouri","Private","NAICS 624 Social assistance","County, NAICS 3-digit -- by ownership sector","All establishment sizes",15,106,104,102,202806,55982,2242,150,"",0.79,1.98,1.91,1.84,1.05,0.76,2.14,0.55,"",1,7.1,6,6.0,2,2.0,-1,-1.0,41058,25.4,10938,24.3,692,44.6,28,23.0
"29075","5","624","75","0","2016","4","","Gentry County, Missouri","Private","NAICS 624 Social assistance","County, NAICS 3-digit -- by ownership sector","All establishment sizes",15,101,101,99,222422,33372,624,171,"",0.77,1.82,1.81,1.77,1.11,0.65,0.82,0.62,"",1,7.1,-3,-2.9,-3,-2.9,-4,-3.9,16833,8.2,-20598,-38.2,-2142,-77.4,18,11.8
"29075","5","6241","76","0","2016","1","","Gentry County, Missouri","Private","NAICS 6241 Individual and family services","County, NAICS 4-digit -- by ownership sector","All establishment sizes",10,19,18,18,42674,42674,673,179,"",0.58,0.55,0.53,0.52,0.44,0.53,0.62,0.82,"",2,25.0,7,58.3,4,28.6,6,50.0,7627,21.8,7627,21.8,161,31.4,-34,-16.0
"29075","5","6241","76","0","2016","2","","Gentry County, Missouri","Private","NAICS 6241 Individual and family services","County, NAICS 4-digit -- by ownership sector","All establishment sizes",11,17,19,18,43107,43107,722,184,"",0.64,0.48,0.54,0.50,0.37,0.53,0.59,0.73,"",4,57.1,3,21.4,5,35.7,4,28.6,8937,26.2,8937,26.2,267,58.7,-4,-2.1
"29075","5","6241","76","0","2016","3","","Gentry County, Missouri","Private","NAICS 6241 Individual and family services","County, NAICS 4-digit -- by ownership sector","All establishment sizes",11,19,20,19,50129,40512,733,199,"",0.66,0.56,0.59,0.55,0.43,0.89,1.06,0.76,"",2,22.2,4,26.7,4,25.0,2,11.8,11492,29.7,5266,14.9,139,23.4,13,7.0
"29075","5","6241","76","0","2016","4","","Gentry County, Missouri","Private","NAICS 6241 Individual and family services","County, NAICS 4-digit -- by ownership sector","All establishment sizes",11,18,18,17,47450,33357,622,207,"",0.64,0.52,0.52,0.49,0.40,1.08,1.27,0.79,"",1,10.0,0,0.0,-1,-5.3,0,0.0,3446,7.8,-69,-0.2,-141,-18.5,19,10.1
"29075","5","62412","77","0","2016","1","","Gentry County, Missouri","Private","NAICS 62412 Services for the elderly and disabled","County, NAICS 5-digit -- by ownership sector","All establishment sizes",10,19,18,18,42674,42674,673,179,"",0.61,0.76,0.72,0.72,0.76,0.78,0.96,1.03,"",2,25.0,7,58.3,4,28.6,6,50.0,7627,21.8,7627,21.8,161,31.4,-34,-16.0
"29075","5","62412","77","0","2016","2","","Gentry County, Missouri","Private","NAICS 62412 Services for the elderly and disabled","County, NAICS 5-digit -- by ownership sector","All establishment sizes",11,17,19,18,43107,43107,722,184,"",0.67,0.66,0.74,0.69,0.64,0.69,0.78,0.92,"",4,57.1,3,21.4,5,35.7,4,28.6,8937,26.2,8937,26.2,267,58.7,-4,-2.1
"29075","5","62412","77","0","2016","3","","Gentry County, Missouri","Private","NAICS 62412 Services for the elderly and disabled","County, NAICS 5-digit -- by ownership sector","All establishment sizes",11,19,20,19,50129,40512,733,199,"",0.70,0.77,0.80,0.75,0.74,1.13,1.36,0.96,"",2,22.2,4,26.7,4,25.0,2,11.8,11492,29.7,5266,14.9,139,23.4,13,7.0
"29075","5","62412","77","0","2016","4","","Gentry County, Missouri","Private","NAICS 62412 Services for the elderly and disabled","County, NAICS 5-digit -- by ownership sector","All establishment sizes",11,18,18,17,47450,33357,622,207,"",0.67,0.71,0.71,0.67,0.69,1.38,1.65,0.99,"",1,10.0,0,0.0,-1,-5.3,0,0.0,3446,7.8,-69,-0.2,-141,-18.5,19,10.1
"29075","5","624120","78","0","2016","1","","Gentry County, Missouri","Private","NAICS 624120 Services for the elderly and disabled","County, NAICS 6-digit -- by ownership sector","All establishment sizes",10,19,18,18,42674,42674,673,179,"",0.61,0.76,0.72,0.72,0.76,0.78,0.96,1.03,"",2,25.0,7,58.3,4,28.6,6,50.0,7627,21.8,7627,21.8,161,31.4,-34,-16.0
"29075","5","624120","78","0","2016","2","","Gentry County, Missouri","Private","NAICS 624120 Services for the elderly and disabled","County, NAICS 6-digit -- by ownership sector","All establishment sizes",11,17,19,18,43107,43107,722,184,"",0.67,0.66,0.74,0.69,0.64,0.69,0.78,0.92,"",4,57.1,3,21.4,5,35.7,4,28.6,8937,26.2,8937,26.2,267,58.7,-4,-2.1
"29075","5","624120","78","0","2016","3","","Gentry County, Missouri","Private","NAICS 624120 Services for the elderly and disabled","County, NAICS 6-digit -- by ownership sector","All establishment sizes",11,19,20,19,50129,40512,733,199,"",0.70,0.77,0.80,0.75,0.74,1.13,1.36,0.96,"",2,22.2,4,26.7,4,25.0,2,11.8,11492,29.7,5266,14.9,139,23.4,13,7.0
"29075","5","624120","78","0","2016","4","","Gentry County, Missouri","Private","NAICS 624120 Services for the elderly and disabled","County, NAICS 6-digit -- by ownership sector","All establishment sizes",11,18,18,17,47450,33357,622,207,"",0.67,0.71,0.71,0.67,0.69,1.38,1.65,0.99,"",1,10.0,0,0.0,-1,-5.3,0,0.0,3446,7.8,-69,-0.2,-141,-18.5,19,10.1
"29075","5","6243","76","0","2016","1","N","Gentry County, Missouri","Private","NAICS 6243 Vocational rehabilitation services","County, NAICS 4-digit -- by ownership sector","All establishment sizes",1,0,0,0,0,0,0,0,"N",4.25,0,0,0,0,0,0,0,"N",0,0.0,0,0,0,0,0,0,0,0,0,0,0,0,0,0
"29075","5","6243","76","0","2016","2","N","Gentry County, Missouri","Private","NAICS 6243 Vocational rehabilitation services","County, NAICS 4-digit -- by ownership sector","All establishment sizes",1,0,0,0,0,0,0,0,"N",4.31,0,0,0,0,0,0,0,"N",0,0.0,0,0,0,0,0,0,0,0,0,0,0,0,0,0
"29075","5","6243","76","0","2016","3","N","Gentry County, Missouri","Private","NAICS 6243 Vocational rehabilitation services","County, NAICS 4-digit -- by ownership sector","All establishment sizes",1,0,0,0,0,0,0,0,"N",4.43,0,0,0,0,0,0,0,"N",0,0.0,0,0,0,0,0,0,0,0,0,0,0,0,0,0
"29075","5","6243","76","0","2016","4","N","Gentry County, Missouri","Private","NAICS 6243 Vocational rehabilitation services","County, NAICS 4-digit -- by ownership sector","All establishment sizes",1,0,0,0,0,0,0,0,"N",4.41,0,0,0,0,0,0,0,"N",0,0.0,0,0,0,0,0,0,0,0,0,0,0,0,0,0
"29075","5","62431","77","0","2016","1","N","Gentry County, Missouri","Private","NAICS 62431 Vocational rehabilitation services","County, NAICS 5-digit -- by ownership sector","All establishment sizes",1,0,0,0,0,0,0,0,"N",4.25,0,0,0,0,0,0,0,"N",0,0.0,0,0,0,0,0,0,0,0,0,0,0,0,0,0
"29075","5","62431","77","0","2016","2","N","Gentry County, Missouri","Private","NAICS 62431 Vocational rehabilitation services","County, NAICS 5-digit -- by ownership sector","All establishment sizes",1,0,0,0,0,0,0,0,"N",4.31,0,0,0,0,0,0,0,"N",0,0.0,0,0,0,0,0,0,0,0,0,0,0,0,0,0
"29075","5","62431","77","0","2016","3","N","Gentry County, Missouri","Private","NAICS 62431 Vocational rehabilitation services","County, NAICS 5-digit -- by ownership sector","All establishment sizes",1,0,0,0,0,0,0,0,"N",4.43,0,0,0,0,0,0,0,"N",0,0.0,0,0,0,0,0,0,0,0,0,0,0,0,0,0
"29075","5","62431","77","0","2016","4","N","Gentry County, Missouri","Private","NAICS 62431 Vocational rehabilitation services","County, NAICS 5-digit -- by ownership sector","All establishment sizes",1,0,0,0,0,0,0,0,"N",4.41,0,0,0,0,0,0,0,"N",0,0.0,0,0,0,0,0,0,0,0,0,0,0,0,0,0
"29075","5","624310","78","0","2016","1","N","Gentry County, Missouri","Private","NAICS 624310 Vocational rehabilitation services","County, NAICS 6-digit -- by ownership sector","All establishment sizes",1,0,0,0,0,0,0,0,"N",4.25,0,0,0,0,0,0,0,"N",0,0.0,0,0,0,0,0,0,0,0,0,0,0,0,0,0
"29075","5","624310","78","0","2016","2","N","Gentry County, Missouri","Private","NAICS 624310 Vocational rehabilitation services","County, NAICS 6-digit -- by ownership sector","All establishment sizes",1,0,0,0,0,0,0,0,"N",4.31,0,0,0,0,0,0,0,"N",0,0.0,0,0,0,0,0,0,0,0,0,0,0,0,0,0
"29075","5","624310","78","0","2016","3","N","Gentry County, Missouri","Private","NAICS 624310 Vocational rehabilitation services","County, NAICS 6-digit -- by ownership sector","All establishment sizes",1,0,0,0,0,0,0,0,"N",4.43,0,0,0,0,0,0,0,"N",0,0.0,0,0,0,0,0,0,0,0,0,0,0,0,0,0
"29075","5","624310","78","0","2016","4","N","Gentry County, Missouri","Private","NAICS 624310 Vocational rehabilitation services","County, NAICS 6-digit -- by ownership sector","All establishment sizes",1,0,0,0,0,0,0,0,"N",4.41,0,0,0,0,0,0,0,"N",0,0.0,0,0,0,0,0,0,0,0,0,0,0,0,0,0
"29075","5","6244","76","0","2016","1","N","Gentry County, Missouri","Private","NAICS 6244 Child day care services","County, NAICS 4-digit -- by ownership sector","All establishment sizes",3,0,0,0,0,0,0,0,"N",1.73,0,0,0,0,0,0,0,"N",-1,-25.0,0,0,0,0,0,0,0,0,0,0,0,0,0,0
"29075","5","6244","76","0","2016","2","N","Gentry County, Missouri","Private","NAICS 6244 Child day care services","County, NAICS 4-digit -- by ownership sector","All establishment sizes",3,0,0,0,0,0,0,0,"N",1.74,0,0,0,0,0,0,0,"N",-1,-25.0,0,0,0,0,0,0,0,0,0,0,0,0,0,0
"29075","5","6244","76","0","2016","3","N","Gentry County, Missouri","Private","NAICS 6244 Child day care services","County, NAICS 4-digit -- by ownership sector","All establishment sizes",3,0,0,0,0,0,0,0,"N",1.79,0,0,0,0,0,0,0,"N",-1,-25.0,0,0,0,0,0,0,0,0,0,0,0,0,0,0
"29075","5","6244","76","0","2016","4","N","Gentry County, Missouri","Private","NAICS 6244 Child day care services","County, NAICS 4-digit -- by ownership sector","All establishment sizes",3,0,0,0,0,0,0,0,"N",1.80,0,0,0,0,0,0,0,"N",0,0.0,0,0,0,0,0,0,0,0,0,0,0,0,0,0
"29075","5","62441","77","0","2016","1","N","Gentry County, Missouri","Private","NAICS 62441 Child day care services","County, NAICS 5-digit -- by ownership sector","All establishment sizes",3,0,0,0,0,0,0,0,"N",1.73,0,0,0,0,0,0,0,"N",-1,-25.0,0,0,0,0,0,0,0,0,0,0,0,0,0,0
"29075","5","62441","77","0","2016","2","N","Gentry County, Missouri","Private","NAICS 62441 Child day care services","County, NAICS 5-digit -- by ownership sector","All establishment sizes",3,0,0,0,0,0,0,0,"N",1.74,0,0,0,0,0,0,0,"N",-1,-25.0,0,0,0,0,0,0,0,0,0,0,0,0,0,0
"29075","5","62441","77","0","2016","3","N","Gentry County, Missouri","Private","NAICS 62441 Child day care services","County, NAICS 5-digit -- by ownership sector","All establishment sizes",3,0,0,0,0,0,0,0,"N",1.79,0,0,0,0,0,0,0,"N",-1,-25.0,0,0,0,0,0,0,0,0,0,0,0,0,0,0
"29075","5","62441","77","0","2016","4","N","Gentry County, Missouri","Private","NAICS 62441 Child day care services","County, NAICS 5-digit -- by ownership sector","All establishment sizes",3,0,0,0,0,0,0,0,"N",1.80,0,0,0,0,0,0,0,"N",0,0.0,0,0,0,0,0,0,0,0,0,0,0,0,0,0
"29075","5","624410","78","0","2016","1","N","Gentry County, Missouri","Private","NAICS 624410 Child day care services","County, NAICS 6-digit -- by ownership sector","All establishment sizes",3,0,0,0,0,0,0,0,"N",1.73,0,0,0,0,0,0,0,"N",-1,-25.0,0,0,0,0,0,0,0,0,0,0,0,0,0,0
"29075","5","624410","78","0","2016","2","N","Gentry County, Missouri","Private","NAICS 624410 Child day care services","County, NAICS 6-digit -- by ownership sector","All establishment sizes",3,0,0,0,0,0,0,0,"N",1.74,0,0,0,0,0,0,0,"N",-1,-25.0,0,0,0,0,0,0,0,0,0,0,0,0,0,0
"29075","5","624410","78","0","2016","3","N","Gentry County, Missouri","Private","NAICS 624410 Child day care services","County, NAICS 6-digit -- by ownership sector","All establishment sizes",3,0,0,0,0,0,0,0,"N",1.79,0,0,0,0,0,0,0,"N",-1,-25.0,0,0,0,0,0,0,0,0,0,0,0,0,0,0
"29075","5","624410","78","0","2016","4","N","Gentry County, Missouri","Private","NAICS 624410 Child day care services","County, NAICS 6-digit -- by ownership sector","All establishment sizes",3,0,0,0,0,0,0,0,"N",1.80,0,0,0,0,0,0,0,"N",0,0.0,0,0,0,0,0,0,0,0,0,0,0,0,0,0
"29075","5","71","74","0","2016","1","N","Gentry County, Missouri","Private","NAICS 71 Arts, entertainment, and recreation","County, NAICS Sector -- by ownership sector","All establishment sizes",3,0,0,0,0,0,0,0,"N",0.89,0,0,0,0,0,0,0,"N",0,0.0,0,0,0,0,0,0,0,0,0,0,0,0,0,0
"29075","5","71","74","0","2016","2","","Gentry County, Missouri","Private","NAICS 71 Arts, entertainment, and recreation","County, NAICS Sector -- by ownership sector","All establishment sizes",3,1,7,8,28873,21873,15,416,"",0.90,0.03,0.19,0.20,0.16,0.25,0.01,1.09,"",0,0.0,0,0.0,-2,-22.2,-1,-11.1,4812,20.0,812,3.9,-270,-94.7,124,42.5
"29075","5","71","74","0","2016","3","","Gentry County, Missouri","Private","NAICS 71 Arts, entertainment, and recreation","County, NAICS Sector -- by ownership sector","All establishment sizes",3,8,8,7,14122,6945,4,142,"",0.92,0.21,0.21,0.19,0.07,0.12,0.00,0.35,"N",0,0.0,0,0,0,0,0,0,0,0,0,0,0,0,0,0
"29075","5","71","74","0","2016","4","N","Gentry County, Missouri","Private","NAICS 71 Arts, entertainment, and recreation","County, NAICS Sector -- by ownership sector","All establishment sizes",2,0,0,0,0,0,0,0,"N",0.61,0,0,0,0,0,0,0,"N",-1,-33.3,0,0,0,0,0,0,0,0,0,0,0,0,0,0
"29075","5","711","75","0","2016","1","N","Gentry County, Missouri","Private","NAICS 711 Performing arts and spectator sports","County, NAICS 3-digit -- by ownership sector","All establishment sizes",1,0,0,0,0,0,0,0,"N",0.77,0,0,0,0,0,0,0,"N",0,0.0,0,0,0,0,0,0,0,0,0,0,0,0,0,0
"29075","5","711","75","0","2016","2","N","Gentry County, Missouri","Private","NAICS 711 Performing arts and spectator sports","County, NAICS 3-digit -- by ownership sector","All establishment sizes",1,0,0,0,0,0,0,0,"N",0.78,0,0,0,0,0,0,0,"N",0,0.0,0,0,0,0,0,0,0,0,0,0,0,0,0,0
"29075","5","711","75","0","2016","3","N","Gentry County, Missouri","Private","NAICS 711 Performing arts and spectator sports","County, NAICS 3-digit -- by ownership sector","All establishment sizes",1,0,0,0,0,0,0,0,"N",0.79,0,0,0,0,0,0,0,"N",0,0.0,0,0,0,0,0,0,0,0,0,0,0,0,0,0
"29075","5","711","75","0","2016","4","N","Gentry County, Missouri","Private","NAICS 711 Performing arts and spectator sports","County, NAICS 3-digit -- by ownership sector","All establishment sizes",1,0,0,0,0,0,0,0,"N",0.78,0,0,0,0,0,0,0,"N",0,0.0,0,0,0,0,0,0,0,0,0,0,0,0,0,0
"29075","5","7115","76","0","2016","1","N","Gentry County, Missouri","Private","NAICS 7115 Independent artists, writers, and performers","County, NAICS 4-digit -- by ownership sector","All establishment sizes",1,0,0,0,0,0,0,0,"N",1.67,0,0,0,0,0,0,0,"N",0,0.0,0,0,0,0,0,0,0,0,0,0,0,0,0,0
"29075","5","7115","76","0","2016","2","N","Gentry County, Missouri","Private","NAICS 7115 Independent artists, writers, and performers","County, NAICS 4-digit -- by ownership sector","All establishment sizes",1,0,0,0,0,0,0,0,"N",1.67,0,0,0,0,0,0,0,"N",0,0.0,0,0,0,0,0,0,0,0,0,0,0,0,0,0
"29075","5","7115","76","0","2016","3","N","Gentry County, Missouri","Private","NAICS 7115 Independent artists, writers, and performers","County, NAICS 4-digit -- by ownership sector","All establishment sizes",1,0,0,0,0,0,0,0,"N",1.71,0,0,0,0,0,0,0,"N",0,0.0,0,0,0,0,0,0,0,0,0,0,0,0,0,0
"29075","5","7115","76","0","2016","4","N","Gentry County, Missouri","Private","NAICS 7115 Independent artists, writers, and performers","County, NAICS 4-digit -- by ownership sector","All establishment sizes",1,0,0,0,0,0,0,0,"N",1.66,0,0,0,0,0,0,0,"N",0,0.0,0,0,0,0,0,0,0,0,0,0,0,0,0,0
"29075","5","71151","77","0","2016","1","N","Gentry County, Missouri","Private","NAICS 71151 Independent artists, writers, and performers","County, NAICS 5-digit -- by ownership sector","All establishment sizes",1,0,0,0,0,0,0,0,"N",1.67,0,0,0,0,0,0,0,"N",0,0.0,0,0,0,0,0,0,0,0,0,0,0,0,0,0
"29075","5","71151","77","0","2016","2","N","Gentry County, Missouri","Private","NAICS 71151 Independent artists, writers, and performers","County, NAICS 5-digit -- by ownership sector","All establishment sizes",1,0,0,0,0,0,0,0,"N",1.67,0,0,0,0,0,0,0,"N",0,0.0,0,0,0,0,0,0,0,0,0,0,0,0,0,0
"29075","5","71151","77","0","2016","3","N","Gentry County, Missouri","Private","NAICS 71151 Independent artists, writers, and performers","County, NAICS 5-digit -- by ownership sector","All establishment sizes",1,0,0,0,0,0,0,0,"N",1.71,0,0,0,0,0,0,0,"N",0,0.0,0,0,0,0,0,0,0,0,0,0,0,0,0,0
"29075","5","71151","77","0","2016","4","N","Gentry County, Missouri","Private","NAICS 71151 Independent artists, writers, and performers","County, NAICS 5-digit -- by ownership sector","All establishment sizes",1,0,0,0,0,0,0,0,"N",1.66,0,0,0,0,0,0,0,"N",0,0.0,0,0,0,0,0,0,0,0,0,0,0,0,0,0
"29075","5","711510","78","0","2016","1","N","Gentry County, Missouri","Private","NAICS 711510 Independent artists, writers, and performers","County, NAICS 6-digit -- by ownership sector","All establishment sizes",1,0,0,0,0,0,0,0,"N",1.67,0,0,0,0,0,0,0,"N",0,0.0,0,0,0,0,0,0,0,0,0,0,0,0,0,0
"29075","5","711510","78","0","2016","2","N","Gentry County, Missouri","Private","NAICS 711510 Independent artists, writers, and performers","County, NAICS 6-digit -- by ownership sector","All establishment sizes",1,0,0,0,0,0,0,0,"N",1.67,0,0,0,0,0,0,0,"N",0,0.0,0,0,0,0,0,0,0,0,0,0,0,0,0,0
"29075","5","711510","78","0","2016","3","N","Gentry County, Missouri","Private","NAICS 711510 Independent artists, writers, and performers","County, NAICS 6-digit -- by ownership sector","All establishment sizes",1,0,0,0,0,0,0,0,"N",1.71,0,0,0,0,0,0,0,"N",0,0.0,0,0,0,0,0,0,0,0,0,0,0,0,0,0
"29075","5","711510","78","0","2016","4","N","Gentry County, Missouri","Private","NAICS 711510 Independent artists, writers, and performers","County, NAICS 6-digit -- by ownership sector","All establishment sizes",1,0,0,0,0,0,0,0,"N",1.66,0,0,0,0,0,0,0,"N",0,0.0,0,0,0,0,0,0,0,0,0,0,0,0,0,0
"29075","5","713","75","0","2016","1","N","Gentry County, Missouri","Private","NAICS 713 Amusements, gambling, and recreation","County, NAICS 3-digit -- by ownership sector","All establishment sizes",2,0,0,0,0,0,0,0,"N",1.05,0,0,0,0,0,0,0,"N",0,0.0,0,0,0,0,0,0,0,0,0,0,0,0,0,0
"29075","5","713","75","0","2016","2","N","Gentry County, Missouri","Private","NAICS 713 Amusements, gambling, and recreation","County, NAICS 3-digit -- by ownership sector","All establishment sizes",2,0,0,0,0,0,0,0,"N",1.05,0,0,0,0,0,0,0,"N",0,0.0,0,0,0,0,0,0,0,0,0,0,0,0,0,0
"29075","5","713","75","0","2016","3","N","Gentry County, Missouri","Private","NAICS 713 Amusements, gambling, and recreation","County, NAICS 3-digit -- by ownership sector","All establishment sizes",2,0,0,0,0,0,0,0,"N",1.08,0,0,0,0,0,0,0,"N",0,0.0,0,0,0,0,0,0,0,0,0,0,0,0,0,0
"29075","5","713","75","0","2016","4","N","Gentry County, Missouri","Private","NAICS 713 Amusements, gambling, and recreation","County, NAICS 3-digit -- by ownership sector","All establishment sizes",1,0,0,0,0,0,0,0,"N",0.54,0,0,0,0,0,0,0,"N",-1,-50.0,0,0,0,0,0,0,0,0,0,0,0,0,0,0
"29075","5","7139","76","0","2016","1","N","Gentry County, Missouri","Private","NAICS 7139 Other amusement and recreation industries","County, NAICS 4-digit -- by ownership sector","All establishment sizes",2,0,0,0,0,0,0,0,"N",1.14,0,0,0,0,0,0,0,"N",0,0.0,0,0,0,0,0,0,0,0,0,0,0,0,0,0
"29075","5","7139","76","0","2016","2","N","Gentry County, Missouri","Private","NAICS 7139 Other amusement and recreation industries","County, NAICS 4-digit -- by ownership sector","All establishment sizes",2,0,0,0,0,0,0,0,"N",1.14,0,0,0,0,0,0,0,"N",0,0.0,0,0,0,0,0,0,0,0,0,0,0,0,0,0
"29075","5","7139","76","0","2016","3","N","Gentry County, Missouri","Private","NAICS 7139 Other amusement and recreation industries","County, NAICS 4-digit -- by ownership sector","All establishment sizes",2,0,0,0,0,0,0,0,"N",1.17,0,0,0,0,0,0,0,"N",0,0.0,0,0,0,0,0,0,0,0,0,0,0,0,0,0
"29075","5","7139","76","0","2016","4","N","Gentry County, Missouri","Private","NAICS 7139 Other amusement and recreation industries","County, NAICS 4-digit -- by ownership sector","All establishment sizes",1,0,0,0,0,0,0,0,"N",0.58,0,0,0,0,0,0,0,"N",-1,-50.0,0,0,0,0,0,0,0,0,0,0,0,0,0,0
"29075","5","71391","77","0","2016","1","N","Gentry County, Missouri","Private","NAICS 71391 Golf courses and country clubs","County, NAICS 5-digit -- by ownership sector","All establishment sizes",1,0,0,0,0,0,0,0,"N",3.57,0,0,0,0,0,0,0,"N",0,0.0,0,0,0,0,0,0,0,0,0,0,0,0,0,0
"29075","5","71391","77","0","2016","2","N","Gentry County, Missouri","Private","NAICS 71391 Golf courses and country clubs","County, NAICS 5-digit -- by ownership sector","All establishment sizes",1,0,0,0,0,0,0,0,"N",3.63,0,0,0,0,0,0,0,"N",0,0.0,0,0,0,0,0,0,0,0,0,0,0,0,0,0
"29075","5","71391","77","0","2016","3","N","Gentry County, Missouri","Private","NAICS 71391 Golf courses and country clubs","County, NAICS 5-digit -- by ownership sector","All establishment sizes",1,0,0,0,0,0,0,0,"N",3.75,0,0,0,0,0,0,0,"N",0,0.0,0,0,0,0,0,0,0,0,0,0,0,0,0,0
"29075","5","71391","77","0","2016","4","N","Gentry County, Missouri","Private","NAICS 71391 Golf courses and country clubs","County, NAICS 5-digit -- by ownership sector","All establishment sizes",1,0,0,0,0,0,0,0,"N",3.78,0,0,0,0,0,0,0,"N",0,0.0,0,0,0,0,0,0,0,0,0,0,0,0,0,0
"29075","5","713910","78","0","2016","1","N","Gentry County, Missouri","Private","NAICS 713910 Golf courses and country clubs","County, NAICS 6-digit -- by ownership sector","All establishment sizes",1,0,0,0,0,0,0,0,"N",3.57,0,0,0,0,0,0,0,"N",0,0.0,0,0,0,0,0,0,0,0,0,0,0,0,0,0
"29075","5","713910","78","0","2016","2","N","Gentry County, Missouri","Private","NAICS 713910 Golf courses and country clubs","County, NAICS 6-digit -- by ownership sector","All establishment sizes",1,0,0,0,0,0,0,0,"N",3.63,0,0,0,0,0,0,0,"N",0,0.0,0,0,0,0,0,0,0,0,0,0,0,0,0,0
"29075","5","713910","78","0","2016","3","N","Gentry County, Missouri","Private","NAICS 713910 Golf courses and country clubs","County, NAICS 6-digit -- by ownership sector","All establishment sizes",1,0,0,0,0,0,0,0,"N",3.75,0,0,0,0,0,0,0,"N",0,0.0,0,0,0,0,0,0,0,0,0,0,0,0,0,0
"29075","5","713910","78","0","2016","4","N","Gentry County, Missouri","Private","NAICS 713910 Golf courses and country clubs","County, NAICS 6-digit -- by ownership sector","All establishment sizes",1,0,0,0,0,0,0,0,"N",3.78,0,0,0,0,0,0,0,"N",0,0.0,0,0,0,0,0,0,0,0,0,0,0,0,0,0
"29075","5","71394","77","0","2016","1","N","Gentry County, Missouri","Private","NAICS 71394 Fitness and recreational sports centers","County, NAICS 5-digit -- by ownership sector","All establishment sizes",1,0,0,0,0,0,0,0,"N",1.22,0,0,0,0,0,0,0,"N",0,0.0,0,0,0,0,0,0,0,0,0,0,0,0,0,0
"29075","5","71394","77","0","2016","2","N","Gentry County, Missouri","Private","NAICS 71394 Fitness and recreational sports centers","County, NAICS 5-digit -- by ownership sector","All establishment sizes",1,0,0,0,0,0,0,0,"N",1.22,0,0,0,0,0,0,0,"N",0,0.0,0,0,0,0,0,0,0,0,0,0,0,0,0,0
"29075","5","71394","77","0","2016","3","N","Gentry County, Missouri","Private","NAICS 71394 Fitness and recreational sports centers","County, NAICS 5-digit -- by ownership sector","All establishment sizes",1,0,0,0,0,0,0,0,"N",1.24,0,0,0,0,0,0,0,"N",0,0.0,0,0,0,0,0,0,0,0,0,0,0,0,0,0
"29075","5","71394","77","0","2016","4","-","Gentry County, Missouri","Private","NAICS 71394 Fitness and recreational sports centers","County, NAICS 5-digit -- by ownership sector","All establishment sizes",0,0,0,0,0,0,0,0,"N",0.00,0,0,0,0,0,0,0,"N",-1,-100.0,0,0,0,0,0,0,0,0,0,0,0,0,0,0
"29075","5","713940","78","0","2016","1","N","Gentry County, Missouri","Private","NAICS 713940 Fitness and recreational sports centers","County, NAICS 6-digit -- by ownership sector","All establishment sizes",1,0,0,0,0,0,0,0,"N",1.22,0,0,0,0,0,0,0,"N",0,0.0,0,0,0,0,0,0,0,0,0,0,0,0,0,0
"29075","5","713940","78","0","2016","2","N","Gentry County, Missouri","Private","NAICS 713940 Fitness and recreational sports centers","County, NAICS 6-digit -- by ownership sector","All establishment sizes",1,0,0,0,0,0,0,0,"N",1.22,0,0,0,0,0,0,0,"N",0,0.0,0,0,0,0,0,0,0,0,0,0,0,0,0,0
"29075","5","713940","78","0","2016","3","N","Gentry County, Missouri","Private","NAICS 713940 Fitness and recreational sports centers","County, NAICS 6-digit -- by ownership sector","All establishment sizes",1,0,0,0,0,0,0,0,"N",1.24,0,0,0,0,0,0,0,"N",0,0.0,0,0,0,0,0,0,0,0,0,0,0,0,0,0
"29075","5","713940","78","0","2016","4","-","Gentry County, Missouri","Private","NAICS 713940 Fitness and recreational sports centers","County, NAICS 6-digit -- by ownership sector","All establishment sizes",0,0,0,0,0,0,0,0,"N",0.00,0,0,0,0,0,0,0,"N",-1,-100.0,0,0,0,0,0,0,0,0,0,0,0,0,0,0
"29075","5","72","74","0","2016","1","N","Gentry County, Missouri","Private","NAICS 72 Accommodation and food services","County, NAICS Sector -- by ownership sector","All establishment sizes",11,0,0,0,0,0,0,0,"N",0.66,0,0,0,0,0,0,0,"N",-3,-21.4,0,0,0,0,0,0,0,0,0,0,0,0,0,0
"29075","5","72","74","0","2016","2","","Gentry County, Missouri","Private","NAICS 72 Accommodation and food services","County, NAICS Sector -- by ownership sector","All establishment sizes",10,98,99,100,226844,224244,3721,176,"",0.61,0.47,0.47,0.46,0.35,0.35,0.53,0.76,"",-3,-23.1,-21,-17.6,-31,-23.8,-25,-20.0,-35742,-13.6,-38342,-14.6,-1004,-21.2,14,8.6
"29075","5","72","74","0","2016","3","","Gentry County, Missouri","Private","NAICS 72 Accommodation and food services","County, NAICS Sector -- by ownership sector","All establishment sizes",9,92,91,80,211847,187650,2635,186,"",0.56,0.45,0.44,0.38,0.33,0.48,0.57,0.78,"N",-2,-18.2,0,0,0,0,0,0,0,0,0,0,0,0,0,0
"29075","5","72","74","0","2016","4","N","Gentry County, Missouri","Private","NAICS 72 Accommodation and food services","County, NAICS Sector -- by ownership sector","All establishment sizes",10,0,0,0,0,0,0,0,"N",0.62,0,0,0,0,0,0,0,"N",-1,-9.1,0,0,0,0,0,0,0,0,0,0,0,0,0,0
"29075","5","721","75","0","2016","1","N","Gentry County, Missouri","Private","NAICS 721 Accommodation","County, NAICS 3-digit -- by ownership sector","All establishment sizes",1,0,0,0,0,0,0,0,"N",0.60,0,0,0,0,0,0,0,"N",0,0.0,0,0,0,0,0,0,0,0,0,0,0,0,0,0
"29075","5","721","75","0","2016","2","N","Gentry County, Missouri","Private","NAICS 721 Accommodation","County, NAICS 3-digit -- by ownership sector","All establishment sizes",1,0,0,0,0,0,0,0,"N",0.60,0,0,0,0,0,0,0,"N",0,0.0,0,0,0,0,0,0,0,0,0,0,0,0,0,0
"29075","5","721","75","0","2016","3","N","Gentry County, Missouri","Private","NAICS 721 Accommodation","County, NAICS 3-digit -- by ownership sector","All establishment sizes",1,0,0,0,0,0,0,0,"N",0.62,0,0,0,0,0,0,0,"N",0,0.0,0,0,0,0,0,0,0,0,0,0,0,0,0,0
"29075","5","721","75","0","2016","4","N","Gentry County, Missouri","Private","NAICS 721 Accommodation","County, NAICS 3-digit -- by ownership sector","All establishment sizes",1,0,0,0,0,0,0,0,"N",0.62,0,0,0,0,0,0,0,"N",0,0.0,0,0,0,0,0,0,0,0,0,0,0,0,0,0
"29075","5","7211","76","0","2016","1","N","Gentry County, Missouri","Private","NAICS 7211 Traveler accommodation","County, NAICS 4-digit -- by ownership sector","All establishment sizes",1,0,0,0,0,0,0,0,"N",0.69,0,0,0,0,0,0,0,"N",0,0.0,0,0,0,0,0,0,0,0,0,0,0,0,0,0
"29075","5","7211","76","0","2016","2","N","Gentry County, Missouri","Private","NAICS 7211 Traveler accommodation","County, NAICS 4-digit -- by ownership sector","All establishment sizes",1,0,0,0,0,0,0,0,"N",0.69,0,0,0,0,0,0,0,"N",0,0.0,0,0,0,0,0,0,0,0,0,0,0,0,0,0
"29075","5","7211","76","0","2016","3","N","Gentry County, Missouri","Private","NAICS 7211 Traveler accommodation","County, NAICS 4-digit -- by ownership sector","All establishment sizes",1,0,0,0,0,0,0,0,"N",0.71,0,0,0,0,0,0,0,"N",0,0.0,0,0,0,0,0,0,0,0,0,0,0,0,0,0
"29075","5","7211","76","0","2016","4","N","Gentry County, Missouri","Private","NAICS 7211 Traveler accommodation","County, NAICS 4-digit -- by ownership sector","All establishment sizes",1,0,0,0,0,0,0,0,"N",0.71,0,0,0,0,0,0,0,"N",0,0.0,0,0,0,0,0,0,0,0,0,0,0,0,0,0
"29075","5","72111","77","0","2016","1","N","Gentry County, Missouri","Private","NAICS 72111 Hotels and motels, except casino hotels","County, NAICS 5-digit -- by ownership sector","All establishment sizes",1,0,0,0,0,0,0,0,"N",0.75,0,0,0,0,0,0,0,"N",0,0.0,0,0,0,0,0,0,0,0,0,0,0,0,0,0
"29075","5","72111","77","0","2016","2","N","Gentry County, Missouri","Private","NAICS 72111 Hotels and motels, except casino hotels","County, NAICS 5-digit -- by ownership sector","All establishment sizes",1,0,0,0,0,0,0,0,"N",0.76,0,0,0,0,0,0,0,"N",0,0.0,0,0,0,0,0,0,0,0,0,0,0,0,0,0
"29075","5","72111","77","0","2016","3","N","Gentry County, Missouri","Private","NAICS 72111 Hotels and motels, except casino hotels","County, NAICS 5-digit -- by ownership sector","All establishment sizes",1,0,0,0,0,0,0,0,"N",0.78,0,0,0,0,0,0,0,"N",0,0.0,0,0,0,0,0,0,0,0,0,0,0,0,0,0
"29075","5","72111","77","0","2016","4","N","Gentry County, Missouri","Private","NAICS 72111 Hotels and motels, except casino hotels","County, NAICS 5-digit -- by ownership sector","All establishment sizes",1,0,0,0,0,0,0,0,"N",0.78,0,0,0,0,0,0,0,"N",0,0.0,0,0,0,0,0,0,0,0,0,0,0,0,0,0
"29075","5","721110","78","0","2016","1","N","Gentry County, Missouri","Private","NAICS 721110 Hotels and motels, except casino hotels","County, NAICS 6-digit -- by ownership sector","All establishment sizes",1,0,0,0,0,0,0,0,"N",0.75,0,0,0,0,0,0,0,"N",0,0.0,0,0,0,0,0,0,0,0,0,0,0,0,0,0
"29075","5","721110","78","0","2016","2","N","Gentry County, Missouri","Private","NAICS 721110 Hotels and motels, except casino hotels","County, NAICS 6-digit -- by ownership sector","All establishment sizes",1,0,0,0,0,0,0,0,"N",0.76,0,0,0,0,0,0,0,"N",0,0.0,0,0,0,0,0,0,0,0,0,0,0,0,0,0
"29075","5","721110","78","0","2016","3","N","Gentry County, Missouri","Private","NAICS 721110 Hotels and motels, except casino hotels","County, NAICS 6-digit -- by ownership sector","All establishment sizes",1,0,0,0,0,0,0,0,"N",0.78,0,0,0,0,0,0,0,"N",0,0.0,0,0,0,0,0,0,0,0,0,0,0,0,0,0
"29075","5","721110","78","0","2016","4","N","Gentry County, Missouri","Private","NAICS 721110 Hotels and motels, except casino hotels","County, NAICS 6-digit -- by ownership sector","All establishment sizes",1,0,0,0,0,0,0,0,"N",0.78,0,0,0,0,0,0,0,"N",0,0.0,0,0,0,0,0,0,0,0,0,0,0,0,0,0
"29075","5","722","75","0","2016","1","","Gentry County, Missouri","Private","NAICS 722 Food services and drinking places","County, NAICS 3-digit -- by ownership sector","All establishment sizes",10,102,88,86,204119,204119,3451,171,"",0.67,0.59,0.51,0.49,0.49,0.42,0.79,0.92,"",-3,-23.1,4,4.1,-13,-12.9,-18,-17.3,-4269,-2.0,-4269,-2.0,-382,-10.0,12,7.5
"29075","5","722","75","0","2016","2","N","Gentry County, Missouri","Private","NAICS 722 Food services and drinking places","County, NAICS 3-digit -- by ownership sector","All establishment sizes",9,0,0,0,0,0,0,0,"N",0.61,0,0,0,0,0,0,0,"N",-3,-25.0,0,0,0,0,0,0,0,0,0,0,0,0,0,0
"29075","5","722","75","0","2016","3","N","Gentry County, Missouri","Private","NAICS 722 Food services and drinking places","County, NAICS 3-digit -- by ownership sector","All establishment sizes",8,0,0,0,0,0,0,0,"N",0.55,0,0,0,0,0,0,0,"N",-2,-20.0,0,0,0,0,0,0,0,0,0,0,0,0,0,0
"29075","5","722","75","0","2016","4","N","Gentry County, Missouri","Private","NAICS 722 Food services and drinking places","County, NAICS 3-digit -- by ownership sector","All establishment sizes",9,0,0,0,0,0,0,0,"N",0.62,0,0,0,0,0,0,0,"N",-1,-10.0,0,0,0,0,0,0,0,0,0,0,0,0,0,0
"29075","5","7223","76","0","2016","1","N","Gentry County, Missouri","Private","NAICS 7223 Special food services","County, NAICS 4-digit -- by ownership sector","All establishment sizes",1,0,0,0,0,0,0,0,"N",1.09,0,0,0,0,0,0,0,"N",0,0.0,0,0,0,0,0,0,0,0,0,0,0,0,0,0
"29075","5","7223","76","0","2016","2","N","Gentry County, Missouri","Private","NAICS 7223 Special food services","County, NAICS 4-digit -- by ownership sector","All establishment sizes",1,0,0,0,0,0,0,0,"N",1.10,0,0,0,0,0,0,0,"N",0,0.0,0,0,0,0,0,0,0,0,0,0,0,0,0,0
"29075","5","7223","76","0","2016","3","N","Gentry County, Missouri","Private","NAICS 7223 Special food services","County, NAICS 4-digit -- by ownership sector","All establishment sizes",1,0,0,0,0,0,0,0,"N",1.12,0,0,0,0,0,0,0,"N",0,0.0,0,0,0,0,0,0,0,0,0,0,0,0,0,0
"29075","5","7223","76","0","2016","4","N","Gentry County, Missouri","Private","NAICS 7223 Special food services","County, NAICS 4-digit -- by ownership sector","All establishment sizes",1,0,0,0,0,0,0,0,"N",1.12,0,0,0,0,0,0,0,"N",0,0.0,0,0,0,0,0,0,0,0,0,0,0,0,0,0
"29075","5","72231","77","0","2016","1","N","Gentry County, Missouri","Private","NAICS 72231 Food service contractors","County, NAICS 5-digit -- by ownership sector","All establishment sizes",1,0,0,0,0,0,0,0,"N",1.90,0,0,0,0,0,0,0,"N",0,0.0,0,0,0,0,0,0,0,0,0,0,0,0,0,0
"29075","5","72231","77","0","2016","2","N","Gentry County, Missouri","Private","NAICS 72231 Food service contractors","County, NAICS 5-digit -- by ownership sector","All establishment sizes",1,0,0,0,0,0,0,0,"N",1.93,0,0,0,0,0,0,0,"N",0,0.0,0,0,0,0,0,0,0,0,0,0,0,0,0,0
"29075","5","72231","77","0","2016","3","N","Gentry County, Missouri","Private","NAICS 72231 Food service contractors","County, NAICS 5-digit -- by ownership sector","All establishment sizes",1,0,0,0,0,0,0,0,"N",1.98,0,0,0,0,0,0,0,"N",0,0.0,0,0,0,0,0,0,0,0,0,0,0,0,0,0
"29075","5","72231","77","0","2016","4","N","Gentry County, Missouri","Private","NAICS 72231 Food service contractors","County, NAICS 5-digit -- by ownership sector","All establishment sizes",1,0,0,0,0,0,0,0,"N",1.99,0,0,0,0,0,0,0,"N",0,0.0,0,0,0,0,0,0,0,0,0,0,0,0,0,0
"29075","5","722310","78","0","2016","1","N","Gentry County, Missouri","Private","NAICS 722310 Food service contractors","County, NAICS 6-digit -- by ownership sector","All establishment sizes",1,0,0,0,0,0,0,0,"N",1.90,0,0,0,0,0,0,0,"N",0,0.0,0,0,0,0,0,0,0,0,0,0,0,0,0,0
"29075","5","722310","78","0","2016","2","N","Gentry County, Missouri","Private","NAICS 722310 Food service contractors","County, NAICS 6-digit -- by ownership sector","All establishment sizes",1,0,0,0,0,0,0,0,"N",1.93,0,0,0,0,0,0,0,"N",0,0.0,0,0,0,0,0,0,0,0,0,0,0,0,0,0
"29075","5","722310","78","0","2016","3","N","Gentry County, Missouri","Private","NAICS 722310 Food service contractors","County, NAICS 6-digit -- by ownership sector","All establishment sizes",1,0,0,0,0,0,0,0,"N",1.98,0,0,0,0,0,0,0,"N",0,0.0,0,0,0,0,0,0,0,0,0,0,0,0,0,0
"29075","5","722310","78","0","2016","4","N","Gentry County, Missouri","Private","NAICS 722310 Food service contractors","County, NAICS 6-digit -- by ownership sector","All establishment sizes",1,0,0,0,0,0,0,0,"N",1.99,0,0,0,0,0,0,0,"N",0,0.0,0,0,0,0,0,0,0,0,0,0,0,0,0,0
"29075","5","7224","76","0","2016","1","N","Gentry County, Missouri","Private","NAICS 7224 Drinking places, alcoholic beverages","County, NAICS 4-digit -- by ownership sector","All establishment sizes",1,0,0,0,0,0,0,0,"N",0.94,0,0,0,0,0,0,0,"N",0,0.0,0,0,0,0,0,0,0,0,0,0,0,0,0,0
"29075","5","7224","76","0","2016","2","N","Gentry County, Missouri","Private","NAICS 7224 Drinking places, alcoholic beverages","County, NAICS 4-digit -- by ownership sector","All establishment sizes",1,0,0,0,0,0,0,0,"N",0.96,0,0,0,0,0,0,0,"N",0,0.0,0,0,0,0,0,0,0,0,0,0,0,0,0,0
"29075","5","7224","76","0","2016","3","N","Gentry County, Missouri","Private","NAICS 7224 Drinking places, alcoholic beverages","County, NAICS 4-digit -- by ownership sector","All establishment sizes",1,0,0,0,0,0,0,0,"N",0.99,0,0,0,0,0,0,0,"N",0,0.0,0,0,0,0,0,0,0,0,0,0,0,0,0,0
"29075","5","7224","76","0","2016","4","N","Gentry County, Missouri","Private","NAICS 7224 Drinking places, alcoholic beverages","County, NAICS 4-digit -- by ownership sector","All establishment sizes",1,0,0,0,0,0,0,0,"N",0.99,0,0,0,0,0,0,0,"N",0,0.0,0,0,0,0,0,0,0,0,0,0,0,0,0,0
"29075","5","72241","77","0","2016","1","N","Gentry County, Missouri","Private","NAICS 72241 Drinking places, alcoholic beverages","County, NAICS 5-digit -- by ownership sector","All establishment sizes",1,0,0,0,0,0,0,0,"N",0.94,0,0,0,0,0,0,0,"N",0,0.0,0,0,0,0,0,0,0,0,0,0,0,0,0,0
"29075","5","72241","77","0","2016","2","N","Gentry County, Missouri","Private","NAICS 72241 Drinking places, alcoholic beverages","County, NAICS 5-digit -- by ownership sector","All establishment sizes",1,0,0,0,0,0,0,0,"N",0.96,0,0,0,0,0,0,0,"N",0,0.0,0,0,0,0,0,0,0,0,0,0,0,0,0,0
"29075","5","72241","77","0","2016","3","N","Gentry County, Missouri","Private","NAICS 72241 Drinking places, alcoholic beverages","County, NAICS 5-digit -- by ownership sector","All establishment sizes",1,0,0,0,0,0,0,0,"N",0.99,0,0,0,0,0,0,0,"N",0,0.0,0,0,0,0,0,0,0,0,0,0,0,0,0,0
"29075","5","72241","77","0","2016","4","N","Gentry County, Missouri","Private","NAICS 72241 Drinking places, alcoholic beverages","County, NAICS 5-digit -- by ownership sector","All establishment sizes",1,0,0,0,0,0,0,0,"N",0.99,0,0,0,0,0,0,0,"N",0,0.0,0,0,0,0,0,0,0,0,0,0,0,0,0,0
"29075","5","722410","78","0","2016","1","N","Gentry County, Missouri","Private","NAICS 722410 Drinking places, alcoholic beverages","County, NAICS 6-digit -- by ownership sector","All establishment sizes",1,0,0,0,0,0,0,0,"N",0.94,0,0,0,0,0,0,0,"N",0,0.0,0,0,0,0,0,0,0,0,0,0,0,0,0,0
"29075","5","722410","78","0","2016","2","N","Gentry County, Missouri","Private","NAICS 722410 Drinking places, alcoholic beverages","County, NAICS 6-digit -- by ownership sector","All establishment sizes",1,0,0,0,0,0,0,0,"N",0.96,0,0,0,0,0,0,0,"N",0,0.0,0,0,0,0,0,0,0,0,0,0,0,0,0,0
"29075","5","722410","78","0","2016","3","N","Gentry County, Missouri","Private","NAICS 722410 Drinking places, alcoholic beverages","County, NAICS 6-digit -- by ownership sector","All establishment sizes",1,0,0,0,0,0,0,0,"N",0.99,0,0,0,0,0,0,0,"N",0,0.0,0,0,0,0,0,0,0,0,0,0,0,0,0,0
"29075","5","722410","78","0","2016","4","N","Gentry County, Missouri","Private","NAICS 722410 Drinking places, alcoholic beverages","County, NAICS 6-digit -- by ownership sector","All establishment sizes",1,0,0,0,0,0,0,0,"N",0.99,0,0,0,0,0,0,0,"N",0,0.0,0,0,0,0,0,0,0,0,0,0,0,0,0,0
"29075","5","7225","76","0","2016","1","","Gentry County, Missouri","Private","NAICS 7225 Restaurants and other eating places","County, NAICS 4-digit -- by ownership sector","All establishment sizes",8,92,78,75,187360,187360,3451,176,"",0.62,0.59,0.50,0.47,0.51,0.44,0.98,0.97,"",-3,-27.3,4,4.5,-13,-14.3,-18,-19.4,-4373,-2.3,-4373,-2.3,-331,-8.8,13,8.0
"29075","5","7225","76","0","2016","2","","Gentry County, Missouri","Private","NAICS 7225 Restaurants and other eating places","County, NAICS 4-digit -- by ownership sector","All establishment sizes",7,82,85,86,202045,199445,3636,184,"",0.54,0.50,0.52,0.51,0.45,0.42,0.79,0.89,"",-3,-30.0,-21,-20.4,-30,-26.1,-23,-21.1,-35266,-14.9,-37866,-16.0,-939,-20.5,17,10.2
"29075","5","7225","76","0","2016","3","","Gentry County, Missouri","Private","NAICS 7225 Restaurants and other eating places","County, NAICS 4-digit -- by ownership sector","All establishment sizes",6,77,76,65,189314,165117,2549,200,"",0.48,0.48,0.47,0.40,0.42,0.57,0.83,0.93,"",-2,-25.0,-22,-22.2,-17,-18.3,-33,-33.7,-35855,-15.9,-55598,-25.2,-2167,-45.9,21,11.7
"29075","5","7225","76","0","2016","4","","Gentry County, Missouri","Private","NAICS 7225 Restaurants and other eating places","County, NAICS 4-digit -- by ownership sector","All establishment sizes",7,64,69,66,171676,151225,2992,199,"",0.55,0.41,0.44,0.42,0.39,0.75,1.44,0.92,"",-1,-12.5,-34,-34.7,-32,-31.7,-37,-35.9,-60776,-26.1,-32868,-17.9,-896,-23.0,21,11.8
"29075","5","72251","77","0","2016","1","","Gentry County, Missouri","Private","NAICS 72251 Restaurants and other eating places","County, NAICS 5-digit -- by ownership sector","All establishment sizes",8,92,78,75,187360,187360,3451,176,"",0.62,0.59,0.50,0.47,0.51,0.44,0.98,0.97,"",-3,-27.3,4,4.5,-13,-14.3,-18,-19.4,-4373,-2.3,-4373,-2.3,-331,-8.8,13,8.0
"29075","5","72251","77","0","2016","2","","Gentry County, Missouri","Private","NAICS 72251 Restaurants and other eating places","County, NAICS 5-digit -- by ownership sector","All establishment sizes",7,82,85,86,202045,199445,3636,184,"",0.54,0.50,0.52,0.51,0.45,0.42,0.79,0.89,"",-3,-30.0,-21,-20.4,-30,-26.1,-23,-21.1,-35266,-14.9,-37866,-16.0,-939,-20.5,17,10.2
"29075","5","72251","77","0","2016","3","","Gentry County, Missouri","Private","NAICS 72251 Restaurants and other eating places","County, NAICS 5-digit -- by ownership sector","All establishment sizes",6,77,76,65,189314,165117,2549,200,"",0.48,0.48,0.47,0.40,0.42,0.57,0.83,0.93,"",-2,-25.0,-22,-22.2,-17,-18.3,-33,-33.7,-35855,-15.9,-55598,-25.2,-2167,-45.9,21,11.7
"29075","5","72251","77","0","2016","4","","Gentry County, Missouri","Private","NAICS 72251 Restaurants and other eating places","County, NAICS 5-digit -- by ownership sector","All establishment sizes",7,64,69,66,171676,151225,2992,199,"",0.55,0.41,0.44,0.42,0.39,0.75,1.44,0.92,"",-1,-12.5,-34,-34.7,-32,-31.7,-37,-35.9,-60776,-26.1,-32868,-17.9,-896,-23.0,21,11.8
"29075","5","722511","78","0","2016","1","N","Gentry County, Missouri","Private","NAICS 722511 Full-service restaurants","County, NAICS 6-digit -- by ownership sector","All establishment sizes",6,0,0,0,0,0,0,0,"N",1.03,0,0,0,0,0,0,0,"N",-2,-25.0,0,0,0,0,0,0,0,0,0,0,0,0,0,0
"29075","5","722511","78","0","2016","2","N","Gentry County, Missouri","Private","NAICS 722511 Full-service restaurants","County, NAICS 6-digit -- by ownership sector","All establishment sizes",5,0,0,0,0,0,0,0,"N",0.86,0,0,0,0,0,0,0,"N",-2,-28.6,0,0,0,0,0,0,0,0,0,0,0,0,0,0
"29075","5","722511","78","0","2016","3","N","Gentry County, Missouri","Private","NAICS 722511 Full-service restaurants","County, NAICS 6-digit -- by ownership sector","All establishment sizes",4,0,0,0,0,0,0,0,"N",0.71,0,0,0,0,0,0,0,"N",-2,-33.3,0,0,0,0,0,0,0,0,0,0,0,0,0,0
"29075","5","722511","78","0","2016","4","N","Gentry County, Missouri","Private","NAICS 722511 Full-service restaurants","County, NAICS 6-digit -- by ownership sector","All establishment sizes",5,0,0,0,0,0,0,0,"N",0.88,0,0,0,0,0,0,0,"N",-1,-16.7,0,0,0,0,0,0,0,0,0,0,0,0,0,0
"29075","5","722513","78","0","2016","1","N","Gentry County, Missouri","Private","NAICS 722513 Limited-service restaurants","County, NAICS 6-digit -- by ownership sector","All establishment sizes",2,0,0,0,0,0,0,0,"N",0.35,0,0,0,0,0,0,0,"N",-1,-33.3,0,0,0,0,0,0,0,0,0,0,0,0,0,0
"29075","5","722513","78","0","2016","2","N","Gentry County, Missouri","Private","NAICS 722513 Limited-service restaurants","County, NAICS 6-digit -- by ownership sector","All establishment sizes",2,0,0,0,0,0,0,0,"N",0.36,0,0,0,0,0,0,0,"N",-1,-33.3,0,0,0,0,0,0,0,0,0,0,0,0,0,0
"29075","5","722513","78","0","2016","3","N","Gentry County, Missouri","Private","NAICS 722513 Limited-service restaurants","County, NAICS 6-digit -- by ownership sector","All establishment sizes",2,0,0,0,0,0,0,0,"N",0.37,0,0,0,0,0,0,0,"N",0,0.0,0,0,0,0,0,0,0,0,0,0,0,0,0,0
"29075","5","722513","78","0","2016","4","N","Gentry County, Missouri","Private","NAICS 722513 Limited-service restaurants","County, NAICS 6-digit -- by ownership sector","All establishment sizes",2,0,0,0,0,0,0,0,"N",0.36,0,0,0,0,0,0,0,"N",0,0.0,0,0,0,0,0,0,0,0,0,0,0,0,0,0
"29075","5","81","74","0","2016","1","N","Gentry County, Missouri","Private","NAICS 81 Other services, except public administration","County, NAICS Sector -- by ownership sector","All establishment sizes",13,0,0,0,0,0,0,0,"N",0.64,0,0,0,0,0,0,0,"N",0,0.0,0,0,0,0,0,0,0,0,0,0,0,0,0,0
"29075","5","81","74","0","2016","2","N","Gentry County, Missouri","Private","NAICS 81 Other services, except public administration","County, NAICS Sector -- by ownership sector","All establishment sizes",13,0,0,0,0,0,0,0,"N",0.65,0,0,0,0,0,0,0,"N",0,0.0,0,0,0,0,0,0,0,0,0,0,0,0,0,0
"29075","5","81","74","0","2016","3","N","Gentry County, Missouri","Private","NAICS 81 Other services, except public administration","County, NAICS Sector -- by ownership sector","All establishment sizes",13,0,0,0,0,0,0,0,"N",0.66,0,0,0,0,0,0,0,"N",0,0.0,0,0,0,0,0,0,0,0,0,0,0,0,0,0
"29075","5","81","74","0","2016","4","N","Gentry County, Missouri","Private","NAICS 81 Other services, except public administration","County, NAICS Sector -- by ownership sector","All establishment sizes",13,0,0,0,0,0,0,0,"N",0.66,0,0,0,0,0,0,0,"N",0,0.0,0,0,0,0,0,0,0,0,0,0,0,0,0,0
"29075","5","811","75","0","2016","1","","Gentry County, Missouri","Private","NAICS 811 Repair and maintenance","County, NAICS 3-digit -- by ownership sector","All establishment sizes",7,33,33,35,367391,321904,1117,839,"",1.25,1.65,1.65,1.74,3.31,3.04,0.91,1.97,"",0,0.0,-5,-13.2,-3,-8.3,0,0.0,-38126,-9.4,-32443,-9.2,-413,-27.0,-20,-2.3
"29075","5","811","75","0","2016","2","","Gentry County, Missouri","Private","NAICS 811 Repair and maintenance","County, NAICS 3-digit -- by ownership sector","All establishment sizes",7,34,34,34,453663,91569,490,1026,"",1.27,1.66,1.67,1.63,3.48,1.34,0.59,2.11,"",0,0.0,-1,-2.9,-1,-2.9,-1,-2.9,-10159,-2.2,15835,20.9,-249,-33.7,7,0.7
"29075","5","811","75","0","2016","3","","Gentry County, Missouri","Private","NAICS 811 Repair and maintenance","County, NAICS 3-digit -- by ownership sector","All establishment sizes",7,34,35,33,461642,29351,218,1044,"",1.30,1.73,1.77,1.64,3.55,0.88,0.51,2.07,"",0,0.0,1,3.0,2,6.1,0,0.0,59202,14.7,14240,94.2,36,19.8,106,11.3
"29075","5","811","75","0","2016","4","","Gentry County, Missouri","Private","NAICS 811 Repair and maintenance","County, NAICS 3-digit -- by ownership sector","All establishment sizes",7,35,32,34,387282,12560,104,885,"",1.30,1.76,1.62,1.72,2.86,0.56,0.33,1.68,"",0,0.0,4,12.9,3,10.3,4,13.3,-7430,-1.9,707,6.0,-63,-37.7,-127,-12.5
"29075","5","8111","76","0","2016","1","N","Gentry County, Missouri","Private","NAICS 8111 Automotive repair and maintenance","County, NAICS 4-digit -- by ownership sector","All establishment sizes",6,0,0,0,0,0,0,0,"N",1.52,0,0,0,0,0,0,0,"N",0,0.0,0,0,0,0,0,0,0,0,0,0,0,0,0,0
"29075","5","8111","76","0","2016","2","N","Gentry County, Missouri","Private","NAICS 8111 Automotive repair and maintenance","County, NAICS 4-digit -- by ownership sector","All establishment sizes",6,0,0,0,0,0,0,0,"N",1.54,0,0,0,0,0,0,0,"N",0,0.0,0,0,0,0,0,0,0,0,0,0,0,0,0,0
"29075","5","8111","76","0","2016","3","N","Gentry County, Missouri","Private","NAICS 8111 Automotive repair and maintenance","County, NAICS 4-digit -- by ownership sector","All establishment sizes",6,0,0,0,0,0,0,0,"N",1.58,0,0,0,0,0,0,0,"N",0,0.0,0,0,0,0,0,0,0,0,0,0,0,0,0,0
"29075","5","8111","76","0","2016","4","N","Gentry County, Missouri","Private","NAICS 8111 Automotive repair and maintenance","County, NAICS 4-digit -- by ownership sector","All establishment sizes",6,0,0,0,0,0,0,0,"N",1.58,0,0,0,0,0,0,0,"N",0,0.0,0,0,0,0,0,0,0,0,0,0,0,0,0,0
"29075","5","81111","77","0","2016","1","","Gentry County, Missouri","Private","NAICS 81111 Automotive mechanical and electrical repair","County, NAICS 5-digit -- by ownership sector","All establishment sizes",4,7,7,8,50436,47901,584,529,"",1.75,1.13,1.13,1.29,1.58,1.45,1.72,1.33,"",0,0.0,-2,-22.2,-1,-12.5,1,14.3,-22715,-31.1,-16251,-25.3,-192,-24.7,-174,-24.8
"29075","5","81111","77","0","2016","2","","Gentry County, Missouri","Private","NAICS 81111 Automotive mechanical and electrical repair","County, NAICS 5-digit -- by ownership sector","All establishment sizes",4,7,7,7,49577,32937,130,545,"",1.77,1.11,1.12,1.09,1.31,1.52,0.55,1.19,"",0,0.0,0,0.0,0,0.0,0,0.0,-15167,-23.4,8056,32.4,-210,-61.8,-166,-23.3
"29075","5","81111","77","0","2016","3","","Gentry County, Missouri","Private","NAICS 81111 Automotive mechanical and electrical repair","County, NAICS 5-digit -- by ownership sector","All establishment sizes",4,6,6,6,48445,13312,70,621,"",1.83,0.99,0.98,0.97,1.28,1.27,0.57,1.30,"",0,0.0,0,0.0,0,0.0,0,0.0,-13164,-21.4,11512,639.6,51,268.4,-169,-21.4
"29075","5","81111","77","0","2016","4","","Gentry County, Missouri","Private","NAICS 81111 Automotive mechanical and electrical repair","County, NAICS 5-digit -- by ownership sector","All establishment sizes",4,5,5,5,36400,8027,56,560,"",1.83,0.82,0.82,0.82,0.94,1.20,0.67,1.15,"",0,0.0,1,25.0,1,25.0,1,25.0,10211,39.0,7259,945.2,48,600.0,56,11.1
"29075","5","811111","78","0","2016","1","","Gentry County, Missouri","Private","NAICS 811111 General automotive repair","County, NAICS 6-digit -- by ownership sector","All establishment sizes",4,7,7,8,50436,47901,584,529,"",2.03,1.31,1.32,1.50,1.84,1.68,2.01,1.33,"",0,0.0,-2,-22.2,-1,-12.5,1,14.3,-22715,-31.1,-16251,-25.3,-192,-24.7,-174,-24.8
"29075","5","811111","78","0","2016","2","","Gentry County, Missouri","Private","NAICS 811111 General automotive repair","County, NAICS 6-digit -- by ownership sector","All establishment sizes",4,7,7,7,49577,32937,130,545,"",2.06,1.29,1.30,1.27,1.53,1.76,0.63,1.19,"",0,0.0,0,0.0,0,0.0,0,0.0,-15167,-23.4,8056,32.4,-210,-61.8,-166,-23.3
"29075","5","811111","78","0","2016","3","","Gentry County, Missouri","Private","NAICS 811111 General automotive repair","County, NAICS 6-digit -- by ownership sector","All establishment sizes",4,6,6,6,48445,13312,70,621,"",2.12,1.15,1.14,1.12,1.48,1.46,0.65,1.30,"",0,0.0,0,0.0,0,0.0,0,0.0,-13164,-21.4,11512,639.6,51,268.4,-169,-21.4
"29075","5","811111","78","0","2016","4","","Gentry County, Missouri","Private","NAICS 811111 General automotive repair","County, NAICS 6-digit -- by ownership sector","All establishment sizes",4,5,5,5,36400,8027,56,560,"",2.12,0.95,0.95,0.95,1.09,1.38,0.77,1.15,"",0,0.0,1,25.0,1,25.0,1,25.0,10211,39.0,7259,945.2,48,600.0,56,11.1
"29075","5","81112","77","0","2016","1","N","Gentry County, Missouri","Private","NAICS 81112 Automotive body, interior, and glass repair","County, NAICS 5-digit -- by ownership sector","All establishment sizes",2,0,0,0,0,0,0,0,"N",2.01,0,0,0,0,0,0,0,"N",0,0.0,0,0,0,0,0,0,0,0,0,0,0,0,0,0
"29075","5","81112","77","0","2016","2","N","Gentry County, Missouri","Private","NAICS 81112 Automotive body, interior, and glass repair","County, NAICS 5-digit -- by ownership sector","All establishment sizes",2,0,0,0,0,0,0,0,"N",2.03,0,0,0,0,0,0,0,"N",0,0.0,0,0,0,0,0,0,0,0,0,0,0,0,0,0
"29075","5","81112","77","0","2016","3","N","Gentry County, Missouri","Private","NAICS 81112 Automotive body, interior, and glass repair","County, NAICS 5-digit -- by ownership sector","All establishment sizes",2,0,0,0,0,0,0,0,"N",2.10,0,0,0,0,0,0,0,"N",0,0.0,0,0,0,0,0,0,0,0,0,0,0,0,0,0
"29075","5","81112","77","0","2016","4","N","Gentry County, Missouri","Private","NAICS 81112 Automotive body, interior, and glass repair","County, NAICS 5-digit -- by ownership sector","All establishment sizes",2,0,0,0,0,0,0,0,"N",2.10,0,0,0,0,0,0,0,"N",0,0.0,0,0,0,0,0,0,0,0,0,0,0,0,0,0
"29075","5","811121","78","0","2016","1","N","Gentry County, Missouri","Private","NAICS 811121 Automotive body and interior repair","County, NAICS 6-digit -- by ownership sector","All establishment sizes",2,0,0,0,0,0,0,0,"N",2.35,0,0,0,0,0,0,0,"N",0,0.0,0,0,0,0,0,0,0,0,0,0,0,0,0,0
"29075","5","811121","78","0","2016","2","N","Gentry County, Missouri","Private","NAICS 811121 Automotive body and interior repair","County, NAICS 6-digit -- by ownership sector","All establishment sizes",2,0,0,0,0,0,0,0,"N",2.37,0,0,0,0,0,0,0,"N",0,0.0,0,0,0,0,0,0,0,0,0,0,0,0,0,0
"29075","5","811121","78","0","2016","3","N","Gentry County, Missouri","Private","NAICS 811121 Automotive body and interior repair","County, NAICS 6-digit -- by ownership sector","All establishment sizes",2,0,0,0,0,0,0,0,"N",2.45,0,0,0,0,0,0,0,"N",0,0.0,0,0,0,0,0,0,0,0,0,0,0,0,0,0
"29075","5","811121","78","0","2016","4","N","Gentry County, Missouri","Private","NAICS 811121 Automotive body and interior repair","County, NAICS 6-digit -- by ownership sector","All establishment sizes",2,0,0,0,0,0,0,0,"N",2.45,0,0,0,0,0,0,0,"N",0,0.0,0,0,0,0,0,0,0,0,0,0,0,0,0,0
"29075","5","8113","76","0","2016","1","N","Gentry County, Missouri","Private","NAICS 8113 Commercial machinery repair and maintenance","County, NAICS 4-digit -- by ownership sector","All establishment sizes",1,0,0,0,0,0,0,0,"N",1.44,0,0,0,0,0,0,0,"N",0,0.0,0,0,0,0,0,0,0,0,0,0,0,0,0,0
"29075","5","8113","76","0","2016","2","N","Gentry County, Missouri","Private","NAICS 8113 Commercial machinery repair and maintenance","County, NAICS 4-digit -- by ownership sector","All establishment sizes",1,0,0,0,0,0,0,0,"N",1.46,0,0,0,0,0,0,0,"N",0,0.0,0,0,0,0,0,0,0,0,0,0,0,0,0,0
"29075","5","8113","76","0","2016","3","N","Gentry County, Missouri","Private","NAICS 8113 Commercial machinery repair and maintenance","County, NAICS 4-digit -- by ownership sector","All establishment sizes",1,0,0,0,0,0,0,0,"N",1.51,0,0,0,0,0,0,0,"N",0,0.0,0,0,0,0,0,0,0,0,0,0,0,0,0,0
"29075","5","8113","76","0","2016","4","N","Gentry County, Missouri","Private","NAICS 8113 Commercial machinery repair and maintenance","County, NAICS 4-digit -- by ownership sector","All establishment sizes",1,0,0,0,0,0,0,0,"N",1.51,0,0,0,0,0,0,0,"N",0,0.0,0,0,0,0,0,0,0,0,0,0,0,0,0,0
"29075","5","81131","77","0","2016","1","N","Gentry County, Missouri","Private","NAICS 81131 Commercial machinery repair and maintenance","County, NAICS 5-digit -- by ownership sector","All establishment sizes",1,0,0,0,0,0,0,0,"N",1.44,0,0,0,0,0,0,0,"N",0,0.0,0,0,0,0,0,0,0,0,0,0,0,0,0,0
"29075","5","81131","77","0","2016","2","N","Gentry County, Missouri","Private","NAICS 81131 Commercial machinery repair and maintenance","County, NAICS 5-digit -- by ownership sector","All establishment sizes",1,0,0,0,0,0,0,0,"N",1.46,0,0,0,0,0,0,0,"N",0,0.0,0,0,0,0,0,0,0,0,0,0,0,0,0,0
"29075","5","81131","77","0","2016","3","N","Gentry County, Missouri","Private","NAICS 81131 Commercial machinery repair and maintenance","County, NAICS 5-digit -- by ownership sector","All establishment sizes",1,0,0,0,0,0,0,0,"N",1.51,0,0,0,0,0,0,0,"N",0,0.0,0,0,0,0,0,0,0,0,0,0,0,0,0,0
"29075","5","81131","77","0","2016","4","N","Gentry County, Missouri","Private","NAICS 81131 Commercial machinery repair and maintenance","County, NAICS 5-digit -- by ownership sector","All establishment sizes",1,0,0,0,0,0,0,0,"N",1.51,0,0,0,0,0,0,0,"N",0,0.0,0,0,0,0,0,0,0,0,0,0,0,0,0,0
"29075","5","811310","78","0","2016","1","N","Gentry County, Missouri","Private","NAICS 811310 Commercial machinery repair and maintenance","County, NAICS 6-digit -- by ownership sector","All establishment sizes",1,0,0,0,0,0,0,0,"N",1.44,0,0,0,0,0,0,0,"N",0,0.0,0,0,0,0,0,0,0,0,0,0,0,0,0,0
"29075","5","811310","78","0","2016","2","N","Gentry County, Missouri","Private","NAICS 811310 Commercial machinery repair and maintenance","County, NAICS 6-digit -- by ownership sector","All establishment sizes",1,0,0,0,0,0,0,0,"N",1.46,0,0,0,0,0,0,0,"N",0,0.0,0,0,0,0,0,0,0,0,0,0,0,0,0,0
"29075","5","811310","78","0","2016","3","N","Gentry County, Missouri","Private","NAICS 811310 Commercial machinery repair and maintenance","County, NAICS 6-digit -- by ownership sector","All establishment sizes",1,0,0,0,0,0,0,0,"N",1.51,0,0,0,0,0,0,0,"N",0,0.0,0,0,0,0,0,0,0,0,0,0,0,0,0,0
"29075","5","811310","78","0","2016","4","N","Gentry County, Missouri","Private","NAICS 811310 Commercial machinery repair and maintenance","County, NAICS 6-digit -- by ownership sector","All establishment sizes",1,0,0,0,0,0,0,0,"N",1.51,0,0,0,0,0,0,0,"N",0,0.0,0,0,0,0,0,0,0,0,0,0,0,0,0,0
"29075","5","812","75","0","2016","1","N","Gentry County, Missouri","Private","NAICS 812 Personal and laundry services","County, NAICS 3-digit -- by ownership sector","All establishment sizes",2,0,0,0,0,0,0,0,"N",0.38,0,0,0,0,0,0,0,"N",0,0.0,0,0,0,0,0,0,0,0,0,0,0,0,0,0
"29075","5","812","75","0","2016","2","N","Gentry County, Missouri","Private","NAICS 812 Personal and laundry services","County, NAICS 3-digit -- by ownership sector","All establishment sizes",2,0,0,0,0,0,0,0,"N",0.38,0,0,0,0,0,0,0,"N",0,0.0,0,0,0,0,0,0,0,0,0,0,0,0,0,0
"29075","5","812","75","0","2016","3","N","Gentry County, Missouri","Private","NAICS 812 Personal and laundry services","County, NAICS 3-digit -- by ownership sector","All establishment sizes",2,0,0,0,0,0,0,0,"N",0.39,0,0,0,0,0,0,0,"N",0,0.0,0,0,0,0,0,0,0,0,0,0,0,0,0,0
"29075","5","812","75","0","2016","4","N","Gentry County, Missouri","Private","NAICS 812 Personal and laundry services","County, NAICS 3-digit -- by ownership sector","All establishment sizes",2,0,0,0,0,0,0,0,"N",0.39,0,0,0,0,0,0,0,"N",0,0.0,0,0,0,0,0,0,0,0,0,0,0,0,0,0
"29075","5","8122","76","0","2016","1","N","Gentry County, Missouri","Private","NAICS 8122 Death care services","County, NAICS 4-digit -- by ownership sector","All establishment sizes",2,0,0,0,0,0,0,0,"N",4.37,0,0,0,0,0,0,0,"N",0,0.0,0,0,0,0,0,0,0,0,0,0,0,0,0,0
"29075","5","8122","76","0","2016","2","N","Gentry County, Missouri","Private","NAICS 8122 Death care services","County, NAICS 4-digit -- by ownership sector","All establishment sizes",2,0,0,0,0,0,0,0,"N",4.45,0,0,0,0,0,0,0,"N",0,0.0,0,0,0,0,0,0,0,0,0,0,0,0,0,0
"29075","5","8122","76","0","2016","3","N","Gentry County, Missouri","Private","NAICS 8122 Death care services","County, NAICS 4-digit -- by ownership sector","All establishment sizes",2,0,0,0,0,0,0,0,"N",4.59,0,0,0,0,0,0,0,"N",0,0.0,0,0,0,0,0,0,0,0,0,0,0,0,0,0
"29075","5","8122","76","0","2016","4","N","Gentry County, Missouri","Private","NAICS 8122 Death care services","County, NAICS 4-digit -- by ownership sector","All establishment sizes",2,0,0,0,0,0,0,0,"N",4.60,0,0,0,0,0,0,0,"N",0,0.0,0,0,0,0,0,0,0,0,0,0,0,0,0,0
"29075","5","81221","77","0","2016","1","N","Gentry County, Missouri","Private","NAICS 81221 Funeral homes and funeral services","County, NAICS 5-digit -- by ownership sector","All establishment sizes",1,0,0,0,0,0,0,0,"N",2.89,0,0,0,0,0,0,0,"N",0,0.0,0,0,0,0,0,0,0,0,0,0,0,0,0,0
"29075","5","81221","77","0","2016","2","N","Gentry County, Missouri","Private","NAICS 81221 Funeral homes and funeral services","County, NAICS 5-digit -- by ownership sector","All establishment sizes",1,0,0,0,0,0,0,0,"N",2.94,0,0,0,0,0,0,0,"N",0,0.0,0,0,0,0,0,0,0,0,0,0,0,0,0,0
"29075","5","81221","77","0","2016","3","N","Gentry County, Missouri","Private","NAICS 81221 Funeral homes and funeral services","County, NAICS 5-digit -- by ownership sector","All establishment sizes",1,0,0,0,0,0,0,0,"N",3.03,0,0,0,0,0,0,0,"N",0,0.0,0,0,0,0,0,0,0,0,0,0,0,0,0,0
"29075","5","81221","77","0","2016","4","N","Gentry County, Missouri","Private","NAICS 81221 Funeral homes and funeral services","County, NAICS 5-digit -- by ownership sector","All establishment sizes",1,0,0,0,0,0,0,0,"N",3.04,0,0,0,0,0,0,0,"N",0,0.0,0,0,0,0,0,0,0,0,0,0,0,0,0,0
"29075","5","812210","78","0","2016","1","N","Gentry County, Missouri","Private","NAICS 812210 Funeral homes and funeral services","County, NAICS 6-digit -- by ownership sector","All establishment sizes",1,0,0,0,0,0,0,0,"N",2.89,0,0,0,0,0,0,0,"N",0,0.0,0,0,0,0,0,0,0,0,0,0,0,0,0,0
"29075","5","812210","78","0","2016","2","N","Gentry County, Missouri","Private","NAICS 812210 Funeral homes and funeral services","County, NAICS 6-digit -- by ownership sector","All establishment sizes",1,0,0,0,0,0,0,0,"N",2.94,0,0,0,0,0,0,0,"N",0,0.0,0,0,0,0,0,0,0,0,0,0,0,0,0,0
"29075","5","812210","78","0","2016","3","N","Gentry County, Missouri","Private","NAICS 812210 Funeral homes and funeral services","County, NAICS 6-digit -- by ownership sector","All establishment sizes",1,0,0,0,0,0,0,0,"N",3.03,0,0,0,0,0,0,0,"N",0,0.0,0,0,0,0,0,0,0,0,0,0,0,0,0,0
"29075","5","812210","78","0","2016","4","N","Gentry County, Missouri","Private","NAICS 812210 Funeral homes and funeral services","County, NAICS 6-digit -- by ownership sector","All establishment sizes",1,0,0,0,0,0,0,0,"N",3.04,0,0,0,0,0,0,0,"N",0,0.0,0,0,0,0,0,0,0,0,0,0,0,0,0,0
"29075","5","81222","77","0","2016","1","N","Gentry County, Missouri","Private","NAICS 81222 Cemeteries and crematories","County, NAICS 5-digit -- by ownership sector","All establishment sizes",1,0,0,0,0,0,0,0,"N",9.00,0,0,0,0,0,0,0,"N",0,0.0,0,0,0,0,0,0,0,0,0,0,0,0,0,0
"29075","5","81222","77","0","2016","2","N","Gentry County, Missouri","Private","NAICS 81222 Cemeteries and crematories","County, NAICS 5-digit -- by ownership sector","All establishment sizes",1,0,0,0,0,0,0,0,"N",9.17,0,0,0,0,0,0,0,"N",0,0.0,0,0,0,0,0,0,0,0,0,0,0,0,0,0
"29075","5","81222","77","0","2016","3","N","Gentry County, Missouri","Private","NAICS 81222 Cemeteries and crematories","County, NAICS 5-digit -- by ownership sector","All establishment sizes",1,0,0,0,0,0,0,0,"N",9.45,0,0,0,0,0,0,0,"N",0,0.0,0,0,0,0,0,0,0,0,0,0,0,0,0,0
"29075","5","81222","77","0","2016","4","N","Gentry County, Missouri","Private","NAICS 81222 Cemeteries and crematories","County, NAICS 5-digit -- by ownership sector","All establishment sizes",1,0,0,0,0,0,0,0,"N",9.49,0,0,0,0,0,0,0,"N",0,0.0,0,0,0,0,0,0,0,0,0,0,0,0,0,0
"29075","5","812220","78","0","2016","1","N","Gentry County, Missouri","Private","NAICS 812220 Cemeteries and crematories","County, NAICS 6-digit -- by ownership sector","All establishment sizes",1,0,0,0,0,0,0,0,"N",9.00,0,0,0,0,0,0,0,"N",0,0.0,0,0,0,0,0,0,0,0,0,0,0,0,0,0
"29075","5","812220","78","0","2016","2","N","Gentry County, Missouri","Private","NAICS 812220 Cemeteries and crematories","County, NAICS 6-digit -- by ownership sector","All establishment sizes",1,0,0,0,0,0,0,0,"N",9.17,0,0,0,0,0,0,0,"N",0,0.0,0,0,0,0,0,0,0,0,0,0,0,0,0,0
"29075","5","812220","78","0","2016","3","N","Gentry County, Missouri","Private","NAICS 812220 Cemeteries and crematories","County, NAICS 6-digit -- by ownership sector","All establishment sizes",1,0,0,0,0,0,0,0,"N",9.45,0,0,0,0,0,0,0,"N",0,0.0,0,0,0,0,0,0,0,0,0,0,0,0,0,0
"29075","5","812220","78","0","2016","4","N","Gentry County, Missouri","Private","NAICS 812220 Cemeteries and crematories","County, NAICS 6-digit -- by ownership sector","All establishment sizes",1,0,0,0,0,0,0,0,"N",9.49,0,0,0,0,0,0,0,"N",0,0.0,0,0,0,0,0,0,0,0,0,0,0,0,0,0
"29075","5","813","75","0","2016","1","N","Gentry County, Missouri","Private","NAICS 813 Membership associations and organizations","County, NAICS 3-digit -- by ownership sector","All establishment sizes",2,0,0,0,0,0,0,0,"N",0.56,0,0,0,0,0,0,0,"N",0,0.0,0,0,0,0,0,0,0,0,0,0,0,0,0,0
"29075","5","813","75","0","2016","2","N","Gentry County, Missouri","Private","NAICS 813 Membership associations and organizations","County, NAICS 3-digit -- by ownership sector","All establishment sizes",2,0,0,0,0,0,0,0,"N",0.57,0,0,0,0,0,0,0,"N",0,0.0,0,0,0,0,0,0,0,0,0,0,0,0,0,0
"29075","5","813","75","0","2016","3","N","Gentry County, Missouri","Private","NAICS 813 Membership associations and organizations","County, NAICS 3-digit -- by ownership sector","All establishment sizes",2,0,0,0,0,0,0,0,"N",0.58,0,0,0,0,0,0,0,"N",0,0.0,0,0,0,0,0,0,0,0,0,0,0,0,0,0
"29075","5","813","75","0","2016","4","N","Gentry County, Missouri","Private","NAICS 813 Membership associations and organizations","County, NAICS 3-digit -- by ownership sector","All establishment sizes",2,0,0,0,0,0,0,0,"N",0.58,0,0,0,0,0,0,0,"N",0,0.0,0,0,0,0,0,0,0,0,0,0,0,0,0,0
"29075","5","8132","76","0","2016","1","N","Gentry County, Missouri","Private","NAICS 8132 Grantmaking and giving services","County, NAICS 4-digit -- by ownership sector","All establishment sizes",1,0,0,0,0,0,0,0,"N",2.65,0,0,0,0,0,0,0,"N",0,0.0,0,0,0,0,0,0,0,0,0,0,0,0,0,0
"29075","5","8132","76","0","2016","2","N","Gentry County, Missouri","Private","NAICS 8132 Grantmaking and giving services","County, NAICS 4-digit -- by ownership sector","All establishment sizes",1,0,0,0,0,0,0,0,"N",2.65,0,0,0,0,0,0,0,"N",0,0.0,0,0,0,0,0,0,0,0,0,0,0,0,0,0
"29075","5","8132","76","0","2016","3","N","Gentry County, Missouri","Private","NAICS 8132 Grantmaking and giving services","County, NAICS 4-digit -- by ownership sector","All establishment sizes",1,0,0,0,0,0,0,0,"N",2.71,0,0,0,0,0,0,0,"N",0,0.0,0,0,0,0,0,0,0,0,0,0,0,0,0,0
"29075","5","8132","76","0","2016","4","N","Gentry County, Missouri","Private","NAICS 8132 Grantmaking and giving services","County, NAICS 4-digit -- by ownership sector","All establishment sizes",1,0,0,0,0,0,0,0,"N",2.71,0,0,0,0,0,0,0,"N",0,0.0,0,0,0,0,0,0,0,0,0,0,0,0,0,0
"29075","5","81321","77","0","2016","1","N","Gentry County, Missouri","Private","NAICS 81321 Grantmaking and giving services","County, NAICS 5-digit -- by ownership sector","All establishment sizes",1,0,0,0,0,0,0,0,"N",2.65,0,0,0,0,0,0,0,"N",0,0.0,0,0,0,0,0,0,0,0,0,0,0,0,0,0
"29075","5","81321","77","0","2016","2","N","Gentry County, Missouri","Private","NAICS 81321 Grantmaking and giving services","County, NAICS 5-digit -- by ownership sector","All establishment sizes",1,0,0,0,0,0,0,0,"N",2.65,0,0,0,0,0,0,0,"N",0,0.0,0,0,0,0,0,0,0,0,0,0,0,0,0,0
"29075","5","81321","77","0","2016","3","N","Gentry County, Missouri","Private","NAICS 81321 Grantmaking and giving services","County, NAICS 5-digit -- by ownership sector","All establishment sizes",1,0,0,0,0,0,0,0,"N",2.71,0,0,0,0,0,0,0,"N",0,0.0,0,0,0,0,0,0,0,0,0,0,0,0,0,0
"29075","5","81321","77","0","2016","4","N","Gentry County, Missouri","Private","NAICS 81321 Grantmaking and giving services","County, NAICS 5-digit -- by ownership sector","All establishment sizes",1,0,0,0,0,0,0,0,"N",2.71,0,0,0,0,0,0,0,"N",0,0.0,0,0,0,0,0,0,0,0,0,0,0,0,0,0
"29075","5","813211","78","0","2016","1","N","Gentry County, Missouri","Private","NAICS 813211 Grantmaking foundations","County, NAICS 6-digit -- by ownership sector","All establishment sizes",1,0,0,0,0,0,0,0,"N",5.03,0,0,0,0,0,0,0,"N",0,0.0,0,0,0,0,0,0,0,0,0,0,0,0,0,0
"29075","5","813211","78","0","2016","2","N","Gentry County, Missouri","Private","NAICS 813211 Grantmaking foundations","County, NAICS 6-digit -- by ownership sector","All establishment sizes",1,0,0,0,0,0,0,0,"N",5.02,0,0,0,0,0,0,0,"N",0,0.0,0,0,0,0,0,0,0,0,0,0,0,0,0,0
"29075","5","813211","78","0","2016","3","N","Gentry County, Missouri","Private","NAICS 813211 Grantmaking foundations","County, NAICS 6-digit -- by ownership sector","All establishment sizes",1,0,0,0,0,0,0,0,"N",5.11,0,0,0,0,0,0,0,"N",0,0.0,0,0,0,0,0,0,0,0,0,0,0,0,0,0
"29075","5","813211","78","0","2016","4","N","Gentry County, Missouri","Private","NAICS 813211 Grantmaking foundations","County, NAICS 6-digit -- by ownership sector","All establishment sizes",1,0,0,0,0,0,0,0,"N",5.06,0,0,0,0,0,0,0,"N",0,0.0,0,0,0,0,0,0,0,0,0,0,0,0,0,0
"29075","5","8133","76","0","2016","1","N","Gentry County, Missouri","Private","NAICS 8133 Social advocacy organizations","County, NAICS 4-digit -- by ownership sector","All establishment sizes",1,0,0,0,0,0,0,0,"N",1.90,0,0,0,0,0,0,0,"N",0,0.0,0,0,0,0,0,0,0,0,0,0,0,0,0,0
"29075","5","8133","76","0","2016","2","N","Gentry County, Missouri","Private","NAICS 8133 Social advocacy organizations","County, NAICS 4-digit -- by ownership sector","All establishment sizes",1,0,0,0,0,0,0,0,"N",1.92,0,0,0,0,0,0,0,"N",0,0.0,0,0,0,0,0,0,0,0,0,0,0,0,0,0
"29075","5","8133","76","0","2016","3","N","Gentry County, Missouri","Private","NAICS 8133 Social advocacy organizations","County, NAICS 4-digit -- by ownership sector","All establishment sizes",1,0,0,0,0,0,0,0,"N",1.96,0,0,0,0,0,0,0,"N",0,0.0,0,0,0,0,0,0,0,0,0,0,0,0,0,0
"29075","5","8133","76","0","2016","4","N","Gentry County, Missouri","Private","NAICS 8133 Social advocacy organizations","County, NAICS 4-digit -- by ownership sector","All establishment sizes",1,0,0,0,0,0,0,0,"N",1.96,0,0,0,0,0,0,0,"N",0,0.0,0,0,0,0,0,0,0,0,0,0,0,0,0,0
"29075","5","81331","77","0","2016","1","N","Gentry County, Missouri","Private","NAICS 81331 Social advocacy organizations","County, NAICS 5-digit -- by ownership sector","All establishment sizes",1,0,0,0,0,0,0,0,"N",1.90,0,0,0,0,0,0,0,"N",0,0.0,0,0,0,0,0,0,0,0,0,0,0,0,0,0
"29075","5","81331","77","0","2016","2","N","Gentry County, Missouri","Private","NAICS 81331 Social advocacy organizations","County, NAICS 5-digit -- by ownership sector","All establishment sizes",1,0,0,0,0,0,0,0,"N",1.92,0,0,0,0,0,0,0,"N",0,0.0,0,0,0,0,0,0,0,0,0,0,0,0,0,0
"29075","5","81331","77","0","2016","3","N","Gentry County, Missouri","Private","NAICS 81331 Social advocacy organizations","County, NAICS 5-digit -- by ownership sector","All establishment sizes",1,0,0,0,0,0,0,0,"N",1.96,0,0,0,0,0,0,0,"N",0,0.0,0,0,0,0,0,0,0,0,0,0,0,0,0,0
"29075","5","81331","77","0","2016","4","N","Gentry County, Missouri","Private","NAICS 81331 Social advocacy organizations","County, NAICS 5-digit -- by ownership sector","All establishment sizes",1,0,0,0,0,0,0,0,"N",1.96,0,0,0,0,0,0,0,"N",0,0.0,0,0,0,0,0,0,0,0,0,0,0,0,0,0
"29075","5","813311","78","0","2016","1","N","Gentry County, Missouri","Private","NAICS 813311 Human rights organizations","County, NAICS 6-digit -- by ownership sector","All establishment sizes",1,0,0,0,0,0,0,0,"N",9.15,0,0,0,0,0,0,0,"N",0,0.0,0,0,0,0,0,0,0,0,0,0,0,0,0,0
"29075","5","813311","78","0","2016","2","N","Gentry County, Missouri","Private","NAICS 813311 Human rights organizations","County, NAICS 6-digit -- by ownership sector","All establishment sizes",1,0,0,0,0,0,0,0,"N",9.26,0,0,0,0,0,0,0,"N",0,0.0,0,0,0,0,0,0,0,0,0,0,0,0,0,0
"29075","5","813311","78","0","2016","3","N","Gentry County, Missouri","Private","NAICS 813311 Human rights organizations","County, NAICS 6-digit -- by ownership sector","All establishment sizes",1,0,0,0,0,0,0,0,"N",9.51,0,0,0,0,0,0,0,"N",0,0.0,0,0,0,0,0,0,0,0,0,0,0,0,0,0
"29075","5","813311","78","0","2016","4","N","Gentry County, Missouri","Private","NAICS 813311 Human rights organizations","County, NAICS 6-digit -- by ownership sector","All establishment sizes",1,0,0,0,0,0,0,0,"N",9.50,0,0,0,0,0,0,0,"N",0,0.0,0,0,0,0,0,0,0,0,0,0,0,0,0,0
"29075","5","814","75","0","2016","1","N","Gentry County, Missouri","Private","NAICS 814 Private households","County, NAICS 3-digit -- by ownership sector","All establishment sizes",2,0,0,0,0,0,0,0,"N",0.33,0,0,0,0,0,0,0,"N",0,0.0,0,0,0,0,0,0,0,0,0,0,0,0,0,0
"29075","5","814","75","0","2016","2","N","Gentry County, Missouri","Private","NAICS 814 Private households","County, NAICS 3-digit -- by ownership sector","All establishment sizes",2,0,0,0,0,0,0,0,"N",0.34,0,0,0,0,0,0,0,"N",0,0.0,0,0,0,0,0,0,0,0,0,0,0,0,0,0
"29075","5","814","75","0","2016","3","N","Gentry County, Missouri","Private","NAICS 814 Private households","County, NAICS 3-digit -- by ownership sector","All establishment sizes",2,0,0,0,0,0,0,0,"N",0.34,0,0,0,0,0,0,0,"N",0,0.0,0,0,0,0,0,0,0,0,0,0,0,0,0,0
"29075","5","814","75","0","2016","4","N","Gentry County, Missouri","Private","NAICS 814 Private households","County, NAICS 3-digit -- by ownership sector","All establishment sizes",2,0,0,0,0,0,0,0,"N",0.34,0,0,0,0,0,0,0,"N",0,0.0,0,0,0,0,0,0,0,0,0,0,0,0,0,0
"29075","5","8141","76","0","2016","1","N","Gentry County, Missouri","Private","NAICS 8141 Private households","County, NAICS 4-digit -- by ownership sector","All establishment sizes",2,0,0,0,0,0,0,0,"N",0.33,0,0,0,0,0,0,0,"N",0,0.0,0,0,0,0,0,0,0,0,0,0,0,0,0,0
"29075","5","8141","76","0","2016","2","N","Gentry County, Missouri","Private","NAICS 8141 Private households","County, NAICS 4-digit -- by ownership sector","All establishment sizes",2,0,0,0,0,0,0,0,"N",0.34,0,0,0,0,0,0,0,"N",0,0.0,0,0,0,0,0,0,0,0,0,0,0,0,0,0
"29075","5","8141","76","0","2016","3","N","Gentry County, Missouri","Private","NAICS 8141 Private households","County, NAICS 4-digit -- by ownership sector","All establishment sizes",2,0,0,0,0,0,0,0,"N",0.34,0,0,0,0,0,0,0,"N",0,0.0,0,0,0,0,0,0,0,0,0,0,0,0,0,0
"29075","5","8141","76","0","2016","4","N","Gentry County, Missouri","Private","NAICS 8141 Private households","County, NAICS 4-digit -- by ownership sector","All establishment sizes",2,0,0,0,0,0,0,0,"N",0.34,0,0,0,0,0,0,0,"N",0,0.0,0,0,0,0,0,0,0,0,0,0,0,0,0,0
"29075","5","81411","77","0","2016","1","N","Gentry County, Missouri","Private","NAICS 81411 Private households","County, NAICS 5-digit -- by ownership sector","All establishment sizes",2,0,0,0,0,0,0,0,"N",0.33,0,0,0,0,0,0,0,"N",0,0.0,0,0,0,0,0,0,0,0,0,0,0,0,0,0
"29075","5","81411","77","0","2016","2","N","Gentry County, Missouri","Private","NAICS 81411 Private households","County, NAICS 5-digit -- by ownership sector","All establishment sizes",2,0,0,0,0,0,0,0,"N",0.34,0,0,0,0,0,0,0,"N",0,0.0,0,0,0,0,0,0,0,0,0,0,0,0,0,0
"29075","5","81411","77","0","2016","3","N","Gentry County, Missouri","Private","NAICS 81411 Private households","County, NAICS 5-digit -- by ownership sector","All establishment sizes",2,0,0,0,0,0,0,0,"N",0.34,0,0,0,0,0,0,0,"N",0,0.0,0,0,0,0,0,0,0,0,0,0,0,0,0,0
"29075","5","81411","77","0","2016","4","N","Gentry County, Missouri","Private","NAICS 81411 Private households","County, NAICS 5-digit -- by ownership sector","All establishment sizes",2,0,0,0,0,0,0,0,"N",0.34,0,0,0,0,0,0,0,"N",0,0.0,0,0,0,0,0,0,0,0,0,0,0,0,0,0
"29075","5","814110","78","0","2016","1","N","Gentry County, Missouri","Private","NAICS 814110 Private households","County, NAICS 6-digit -- by ownership sector","All establishment sizes",2,0,0,0,0,0,0,0,"N",0.33,0,0,0,0,0,0,0,"N",0,0.0,0,0,0,0,0,0,0,0,0,0,0,0,0,0
"29075","5","814110","78","0","2016","2","N","Gentry County, Missouri","Private","NAICS 814110 Private households","County, NAICS 6-digit -- by ownership sector","All establishment sizes",2,0,0,0,0,0,0,0,"N",0.34,0,0,0,0,0,0,0,"N",0,0.0,0,0,0,0,0,0,0,0,0,0,0,0,0,0
"29075","5","814110","78","0","2016","3","N","Gentry County, Missouri","Private","NAICS 814110 Private households","County, NAICS 6-digit -- by ownership sector","All establishment sizes",2,0,0,0,0,0,0,0,"N",0.34,0,0,0,0,0,0,0,"N",0,0.0,0,0,0,0,0,0,0,0,0,0,0,0,0,0
"29075","5","814110","78","0","2016","4","N","Gentry County, Missouri","Private","NAICS 814110 Private households","County, NAICS 6-digit -- by ownership sector","All establishment sizes",2,0,0,0,0,0,0,0,"N",0.34,0,0,0,0,0,0,0,"N",0,0.0,0,0,0,0,0,0,0,0,0,0,0,0,0,0
