"area_fips","own_code","industry_code","agglvl_code","size_code","year","qtr","disclosure_code","area_title","own_title","industry_title","agglvl_title","size_title","qtrly_estabs_count","month1_emplvl","month2_emplvl","month3_emplvl","total_qtrly_wages","taxable_qtrly_wages","qtrly_contributions","avg_wkly_wage","lq_disclosure_code","lq_qtrly_estabs_count","lq_month1_emplvl","lq_month2_emplvl","lq_month3_emplvl","lq_total_qtrly_wages","lq_taxable_qtrly_wages","lq_qtrly_contributions","lq_avg_wkly_wage","oty_disclosure_code","oty_qtrly_estabs_count_chg","oty_qtrly_estabs_count_pct_chg","oty_month1_emplvl_chg","oty_month1_emplvl_pct_chg","oty_month2_emplvl_chg","oty_month2_emplvl_pct_chg","oty_month3_emplvl_chg","oty_month3_emplvl_pct_chg","oty_total_qtrly_wages_chg","oty_total_qtrly_wages_pct_chg","oty_taxable_qtrly_wages_chg","oty_taxable_qtrly_wages_pct_chg","oty_qtrly_contributions_chg","oty_qtrly_contributions_pct_chg","oty_avg_wkly_wage_chg","oty_avg_wkly_wage_pct_chg"
"08053","0","10","70","0","2016","1","","Hinsdale County, Colorado","Total Covered","10 Total, all industries","County, Total Covered","All establishment sizes",75,230,238,229,1752699,1432314,13999,580,"",1.00,1.00,1.00,1.00,1.00,1.00,1.00,1.00,"",-4,-5.1,-1,-0.4,8,3.5,-2,-0.9,81049,4.8,39400,2.8,-6688,-32.3,23,4.1
"08053","0","10","70","0","2016","2","","Hinsdale County, Colorado","Total Covered","10 Total, all industries","County, Total Covered","All establishment sizes",75,226,255,330,1747509,1127029,11266,497,"",1.00,1.00,1.00,1.00,1.00,1.00,1.00,1.00,"",-2,-2.6,-28,-11.0,-18,-6.6,3,0.9,-134876,-7.2,-77878,-6.5,-3911,-25.8,-12,-2.4
"08053","0","10","70","0","2016","3","","Hinsdale County, Colorado","Total Covered","10 Total, all industries","County, Total Covered","All establishment sizes",76,357,351,308,2331311,1340657,16621,530,"",1.00,1.00,1.00,1.00,1.00,1.00,1.00,1.00,"",0,0.0,-8,-2.2,29,9.0,8,2.7,177372,8.2,130063,10.7,2820,20.4,26,5.2
"08053","0","10","70","0","2016","4","","Hinsdale County, Colorado","Total Covered","10 Total, all industries","County, Total Covered","All establishment sizes",76,273,254,258,2140563,718717,9484,629,"",1.00,1.00,1.00,1.00,1.00,1.00,1.00,1.00,"",2,2.7,5,1.9,8,3.3,19,7.9,149964,7.5,-204106,-22.1,1243,15.1,19,3.1
"08053","1","10","71","0","2016","1","","Hinsdale County, Colorado","Federal Government","10 Total, all industries","County, Total -- by ownership sector","All establishment sizes",2,3,4,4,36207,0,0,760,"",4.24,0.66,0.85,0.88,0.73,0.00,0.00,0.91,"",0,0.0,0,0.0,0,0.0,0,0.0,-8745,-19.5,0,0.0,0,0.0,-183,-19.4
"08053","1","10","71","0","2016","2","","Hinsdale County, Colorado","Federal Government","10 Total, all industries","County, Total -- by ownership sector","All establishment sizes",2,2,3,2,28175,0,0,929,"",4.28,0.45,0.60,0.31,0.59,0.00,0.00,1.33,"",0,0.0,-2,-50.0,-1,-25.0,-2,-50.0,-10894,-27.9,0,0.0,0,0.0,178,23.7
"08053","1","10","71","0","2016","3","","Hinsdale County, Colorado","Federal Government","10 Total, all industries","County, Total -- by ownership sector","All establishment sizes",2,3,3,3,29922,0,0,767,"",4.26,0.42,0.43,0.50,0.41,0.00,0.00,0.92,"",0,0.0,-1,-25.0,-1,-25.0,-1,-25.0,-2049,-6.4,0,0.0,0,0.0,152,24.7
"08053","1","10","71","0","2016","4","","Hinsdale County, Colorado","Federal Government","10 Total, all industries","County, Total -- by ownership sector","All establishment sizes",2,1,4,2,33182,0,0,1094,"",4.29,0.19,0.81,0.39,0.55,0.00,0.00,1.21,"",0,0.0,-2,-66.7,1,33.3,0,0.0,4213,14.5,0,0.0,0,0.0,258,30.9
"08053","1","102","72","0","2016","1","","Hinsdale County, Colorado","Federal Government","102 Service-providing","County, by Domain -- by ownership sector","All establishment sizes",2,3,4,4,36207,0,0,760,"",4.24,0.67,0.86,0.90,0.74,0.00,0.00,0.91,"",0,0.0,0,0.0,0,0.0,0,0.0,-8745,-19.5,0,0.0,0,0.0,-183,-19.4
"08053","1","102","72","0","2016","2","","Hinsdale County, Colorado","Federal Government","102 Service-providing","County, by Domain -- by ownership sector","All establishment sizes",2,2,3,2,28175,0,0,929,"",4.28,0.46,0.61,0.31,0.60,0.00,0.00,1.33,"",0,0.0,-2,-50.0,-1,-25.0,-2,-50.0,-10894,-27.9,0,0.0,0,0.0,178,23.7
"08053","1","102","72","0","2016","3","","Hinsdale County, Colorado","Federal Government","102 Service-providing","County, by Domain -- by ownership sector","All establishment sizes",2,3,3,3,29922,0,0,767,"",4.26,0.43,0.44,0.50,0.42,0.00,0.00,0.92,"",0,0.0,-1,-25.0,-1,-25.0,-1,-25.0,-2049,-6.4,0,0.0,0,0.0,152,24.7
"08053","1","102","72","0","2016","4","","Hinsdale County, Colorado","Federal Government","102 Service-providing","County, by Domain -- by ownership sector","All establishment sizes",2,1,4,2,33182,0,0,1094,"",4.29,0.19,0.82,0.40,0.56,0.00,0.00,1.21,"",0,0.0,-2,-66.7,1,33.3,0,0.0,4213,14.5,0,0.0,0,0.0,258,30.9
"08053","1","1021","73","0","2016","1","","Hinsdale County, Colorado","Federal Government","1021 Trade, transportation, and utilities","County, by Supersector -- by ownership sector","All establishment sizes",1,2,3,3,25643,0,0,740,"",4.24,1.81,2.61,2.72,2.96,0.00,0.00,1.24,"",0,0.0,0,0.0,0,0.0,0,0.0,-8864,-25.7,0,0.0,0,0.0,-255,-25.6
"08053","1","1021","73","0","2016","2","","Hinsdale County, Colorado","Federal Government","1021 Trade, transportation, and utilities","County, by Supersector -- by ownership sector","All establishment sizes",1,1,2,1,19084,0,0,1101,"",4.28,0.93,1.65,0.64,2.19,0.00,0.00,2.11,"",0,0.0,-2,-66.7,-1,-33.3,-2,-66.7,-11007,-36.6,0,0.0,0,0.0,329,42.6
"08053","1","1021","73","0","2016","3","","Hinsdale County, Colorado","Federal Government","1021 Trade, transportation, and utilities","County, by Supersector -- by ownership sector","All establishment sizes",1,2,2,2,19228,0,0,740,"",4.26,1.17,1.19,1.36,1.48,0.00,0.00,1.20,"",0,0.0,-1,-33.3,-1,-33.3,-1,-33.3,-1969,-9.3,0,0.0,0,0.0,196,36.0
"08053","1","1021","73","0","2016","4","","Hinsdale County, Colorado","Federal Government","1021 Trade, transportation, and utilities","County, by Supersector -- by ownership sector","All establishment sizes",1,1,3,2,26090,0,0,1003,"",4.29,0.77,2.49,1.57,2.13,0.00,0.00,1.34,"",0,0.0,-1,-50.0,1,50.0,1,100.0,6099,30.5,0,0.0,0,0.0,80,8.7
"08053","1","1028","73","0","2016","1","","Hinsdale County, Colorado","Federal Government","1028 Public administration","County, by Supersector -- by ownership sector","All establishment sizes",1,1,1,1,10564,0,0,813,"",5.19,0.40,0.39,0.41,0.34,0.00,0.00,0.85,"",0,0.0,0,0.0,0,0.0,0,0.0,119,1.1,0,0.0,0,0.0,10,1.2
"08053","1","1028","73","0","2016","2","","Hinsdale County, Colorado","Federal Government","1028 Public administration","County, by Supersector -- by ownership sector","All establishment sizes",1,1,1,1,9091,0,0,699,"",5.25,0.42,0.37,0.28,0.31,0.00,0.00,0.89,"",0,0.0,0,0.0,0,0.0,0,0.0,113,1.3,0,0.0,0,0.0,8,1.2
"08053","1","1028","73","0","2016","3","","Hinsdale County, Colorado","Federal Government","1028 Public administration","County, by Supersector -- by ownership sector","All establishment sizes",1,1,1,1,10694,0,0,823,"",5.22,0.26,0.26,0.30,0.24,0.00,0.00,0.88,"",0,0.0,0,0.0,0,0.0,0,0.0,-80,-0.7,0,0.0,0,0.0,-6,-0.7
"08053","1","1028","73","0","2016","4","","Hinsdale County, Colorado","Federal Government","1028 Public administration","County, by Supersector -- by ownership sector","All establishment sizes",1,0,1,0,7092,0,0,1637,"",5.26,0.00,0.37,0.00,0.20,0.00,0.00,1.66,"",0,0.0,-1,-100.0,0,0.0,-1,-100.0,-1886,-21.0,0,0.0,0,0.0,946,136.9
"08053","1","48-49","74","0","2016","1","","Hinsdale County, Colorado","Federal Government","NAICS 48-49 Transportation and warehousing","County, NAICS Sector -- by ownership sector","All establishment sizes",1,2,3,3,25643,0,0,740,"",4.37,1.98,2.86,2.97,3.19,0.00,0.00,1.22,"",0,0.0,0,0.0,0,0.0,0,0.0,-8864,-25.7,0,0.0,0,0.0,-255,-25.6
"08053","1","48-49","74","0","2016","2","","Hinsdale County, Colorado","Federal Government","NAICS 48-49 Transportation and warehousing","County, NAICS Sector -- by ownership sector","All establishment sizes",1,1,2,1,19084,0,0,1101,"",4.40,1.02,1.80,0.70,2.36,0.00,0.00,2.08,"",0,0.0,-2,-66.7,-1,-33.3,-2,-66.7,-11007,-36.6,0,0.0,0,0.0,329,42.6
"08053","1","48-49","74","0","2016","3","","Hinsdale County, Colorado","Federal Government","NAICS 48-49 Transportation and warehousing","County, NAICS Sector -- by ownership sector","All establishment sizes",1,2,2,2,19228,0,0,740,"",4.39,1.28,1.30,1.49,1.58,0.00,0.00,1.17,"",0,0.0,-1,-33.3,-1,-33.3,-1,-33.3,-1969,-9.3,0,0.0,0,0.0,196,36.0
"08053","1","48-49","74","0","2016","4","","Hinsdale County, Colorado","Federal Government","NAICS 48-49 Transportation and warehousing","County, NAICS Sector -- by ownership sector","All establishment sizes",1,1,3,2,26090,0,0,1003,"",4.42,0.84,2.72,1.71,2.30,0.00,0.00,1.32,"",0,0.0,-1,-50.0,1,50.0,1,100.0,6099,30.5,0,0.0,0,0.0,80,8.7
"08053","1","491","75","0","2016","1","","Hinsdale County, Colorado","Federal Government","NAICS 491 Postal service","County, NAICS 3-digit -- by ownership sector","All establishment sizes",1,2,3,3,25643,0,0,740,"",4.40,2.03,2.92,3.04,3.35,0.00,0.00,1.26,"",0,0.0,0,0.0,0,0.0,0,0.0,-8864,-25.7,0,0.0,0,0.0,-255,-25.6
"08053","1","491","75","0","2016","2","","Hinsdale County, Colorado","Federal Government","NAICS 491 Postal service","County, NAICS 3-digit -- by ownership sector","All establishment sizes",1,1,2,1,19084,0,0,1101,"",4.43,1.04,1.84,0.71,2.47,0.00,0.00,2.13,"",0,0.0,-2,-66.7,-1,-33.3,-2,-66.7,-11007,-36.6,0,0.0,0,0.0,329,42.6
"08053","1","491","75","0","2016","3","","Hinsdale County, Colorado","Federal Government","NAICS 491 Postal service","County, NAICS 3-digit -- by ownership sector","All establishment sizes",1,2,2,2,19228,0,0,740,"",4.42,1.31,1.33,1.52,1.65,0.00,0.00,1.20,"",0,0.0,-1,-33.3,-1,-33.3,-1,-33.3,-1969,-9.3,0,0.0,0,0.0,196,36.0
"08053","1","491","75","0","2016","4","","Hinsdale County, Colorado","Federal Government","NAICS 491 Postal service","County, NAICS 3-digit -- by ownership sector","All establishment sizes",1,1,3,2,26090,0,0,1003,"",4.45,0.86,2.78,1.75,2.38,0.00,0.00,1.34,"",0,0.0,-1,-50.0,1,50.0,1,100.0,6099,30.5,0,0.0,0,0.0,80,8.7
"08053","1","4911","76","0","2016","1","","Hinsdale County, Colorado","Federal Government","NAICS 4911 Postal service","County, NAICS 4-digit -- by ownership sector","All establishment sizes",1,2,3,3,25643,0,0,740,"",4.40,2.03,2.92,3.04,3.35,0.00,0.00,1.26,"",0,0.0,0,0.0,0,0.0,0,0.0,-8864,-25.7,0,0.0,0,0.0,-255,-25.6
"08053","1","4911","76","0","2016","2","","Hinsdale County, Colorado","Federal Government","NAICS 4911 Postal service","County, NAICS 4-digit -- by ownership sector","All establishment sizes",1,1,2,1,19084,0,0,1101,"",4.43,1.04,1.84,0.71,2.47,0.00,0.00,2.13,"",0,0.0,-2,-66.7,-1,-33.3,-2,-66.7,-11007,-36.6,0,0.0,0,0.0,329,42.6
"08053","1","4911","76","0","2016","3","","Hinsdale County, Colorado","Federal Government","NAICS 4911 Postal service","County, NAICS 4-digit -- by ownership sector","All establishment sizes",1,2,2,2,19228,0,0,740,"",4.42,1.31,1.33,1.52,1.65,0.00,0.00,1.20,"",0,0.0,-1,-33.3,-1,-33.3,-1,-33.3,-1969,-9.3,0,0.0,0,0.0,196,36.0
"08053","1","4911","76","0","2016","4","","Hinsdale County, Colorado","Federal Government","NAICS 4911 Postal service","County, NAICS 4-digit -- by ownership sector","All establishment sizes",1,1,3,2,26090,0,0,1003,"",4.45,0.86,2.78,1.75,2.38,0.00,0.00,1.34,"",0,0.0,-1,-50.0,1,50.0,1,100.0,6099,30.5,0,0.0,0,0.0,80,8.7
"08053","1","49111","77","0","2016","1","","Hinsdale County, Colorado","Federal Government","NAICS 49111 Postal service","County, NAICS 5-digit -- by ownership sector","All establishment sizes",1,2,3,3,25643,0,0,740,"",4.40,2.03,2.92,3.04,3.35,0.00,0.00,1.26,"",0,0.0,0,0.0,0,0.0,0,0.0,-8864,-25.7,0,0.0,0,0.0,-255,-25.6
"08053","1","49111","77","0","2016","2","","Hinsdale County, Colorado","Federal Government","NAICS 49111 Postal service","County, NAICS 5-digit -- by ownership sector","All establishment sizes",1,1,2,1,19084,0,0,1101,"",4.43,1.04,1.84,0.71,2.47,0.00,0.00,2.13,"",0,0.0,-2,-66.7,-1,-33.3,-2,-66.7,-11007,-36.6,0,0.0,0,0.0,329,42.6
"08053","1","49111","77","0","2016","3","","Hinsdale County, Colorado","Federal Government","NAICS 49111 Postal service","County, NAICS 5-digit -- by ownership sector","All establishment sizes",1,2,2,2,19228,0,0,740,"",4.42,1.31,1.33,1.52,1.65,0.00,0.00,1.20,"",0,0.0,-1,-33.3,-1,-33.3,-1,-33.3,-1969,-9.3,0,0.0,0,0.0,196,36.0
"08053","1","49111","77","0","2016","4","","Hinsdale County, Colorado","Federal Government","NAICS 49111 Postal service","County, NAICS 5-digit -- by ownership sector","All establishment sizes",1,1,3,2,26090,0,0,1003,"",4.45,0.86,2.78,1.75,2.38,0.00,0.00,1.34,"",0,0.0,-1,-50.0,1,50.0,1,100.0,6099,30.5,0,0.0,0,0.0,80,8.7
"08053","1","491110","78","0","2016","1","","Hinsdale County, Colorado","Federal Government","NAICS 491110 Postal service","County, NAICS 6-digit -- by ownership sector","All establishment sizes",1,2,3,3,25643,0,0,740,"",4.40,2.03,2.92,3.04,3.35,0.00,0.00,1.26,"",0,0.0,0,0.0,0,0.0,0,0.0,-8864,-25.7,0,0.0,0,0.0,-255,-25.6
"08053","1","491110","78","0","2016","2","","Hinsdale County, Colorado","Federal Government","NAICS 491110 Postal service","County, NAICS 6-digit -- by ownership sector","All establishment sizes",1,1,2,1,19084,0,0,1101,"",4.43,1.04,1.84,0.71,2.47,0.00,0.00,2.13,"",0,0.0,-2,-66.7,-1,-33.3,-2,-66.7,-11007,-36.6,0,0.0,0,0.0,329,42.6
"08053","1","491110","78","0","2016","3","","Hinsdale County, Colorado","Federal Government","NAICS 491110 Postal service","County, NAICS 6-digit -- by ownership sector","All establishment sizes",1,2,2,2,19228,0,0,740,"",4.42,1.31,1.33,1.52,1.65,0.00,0.00,1.20,"",0,0.0,-1,-33.3,-1,-33.3,-1,-33.3,-1969,-9.3,0,0.0,0,0.0,196,36.0
"08053","1","491110","78","0","2016","4","","Hinsdale County, Colorado","Federal Government","NAICS 491110 Postal service","County, NAICS 6-digit -- by ownership sector","All establishment sizes",1,1,3,2,26090,0,0,1003,"",4.45,0.86,2.78,1.75,2.38,0.00,0.00,1.34,"",0,0.0,-1,-50.0,1,50.0,1,100.0,6099,30.5,0,0.0,0,0.0,80,8.7
"08053","1","92","74","0","2016","1","","Hinsdale County, Colorado","Federal Government","NAICS 92 Public administration","County, NAICS Sector -- by ownership sector","All establishment sizes",1,1,1,1,10564,0,0,813,"",5.19,0.40,0.39,0.41,0.34,0.00,0.00,0.85,"",0,0.0,0,0.0,0,0.0,0,0.0,119,1.1,0,0.0,0,0.0,10,1.2
"08053","1","92","74","0","2016","2","","Hinsdale County, Colorado","Federal Government","NAICS 92 Public administration","County, NAICS Sector -- by ownership sector","All establishment sizes",1,1,1,1,9091,0,0,699,"",5.25,0.42,0.37,0.28,0.31,0.00,0.00,0.89,"",0,0.0,0,0.0,0,0.0,0,0.0,113,1.3,0,0.0,0,0.0,8,1.2
"08053","1","92","74","0","2016","3","","Hinsdale County, Colorado","Federal Government","NAICS 92 Public administration","County, NAICS Sector -- by ownership sector","All establishment sizes",1,1,1,1,10694,0,0,823,"",5.22,0.26,0.26,0.30,0.24,0.00,0.00,0.88,"",0,0.0,0,0.0,0,0.0,0,0.0,-80,-0.7,0,0.0,0,0.0,-6,-0.7
"08053","1","92","74","0","2016","4","","Hinsdale County, Colorado","Federal Government","NAICS 92 Public administration","County, NAICS Sector -- by ownership sector","All establishment sizes",1,0,1,0,7092,0,0,1637,"",5.26,0.00,0.37,0.00,0.20,0.00,0.00,1.66,"",0,0.0,-1,-100.0,0,0.0,-1,-100.0,-1886,-21.0,0,0.0,0,0.0,946,136.9
"08053","1","924","75","0","2016","1","","Hinsdale County, Colorado","Federal Government","NAICS 924 Administration of environmental programs","County, NAICS 3-digit -- by ownership sector","All establishment sizes",1,1,1,1,10564,0,0,813,"",22.98,6.52,6.42,6.63,5.74,0.00,0.00,0.88,"",0,0.0,0,0.0,0,0.0,0,0.0,119,1.1,0,0.0,0,0.0,10,1.2
"08053","1","924","75","0","2016","2","","Hinsdale County, Colorado","Federal Government","NAICS 924 Administration of environmental programs","County, NAICS 3-digit -- by ownership sector","All establishment sizes",1,1,1,1,9091,0,0,699,"",23.15,6.57,5.63,4.04,5.28,0.00,0.00,1.01,"",0,0.0,0,0.0,0,0.0,0,0.0,113,1.3,0,0.0,0,0.0,8,1.2
"08053","1","924","75","0","2016","3","","Hinsdale County, Colorado","Federal Government","NAICS 924 Administration of environmental programs","County, NAICS 3-digit -- by ownership sector","All establishment sizes",1,1,1,1,10694,0,0,823,"",23.10,3.66,3.77,4.43,3.69,0.00,0.00,0.94,"",0,0.0,0,0.0,0,0.0,0,0.0,-80,-0.7,0,0.0,0,0.0,-6,-0.7
"08053","1","924","75","0","2016","4","","Hinsdale County, Colorado","Federal Government","NAICS 924 Administration of environmental programs","County, NAICS 3-digit -- by ownership sector","All establishment sizes",1,0,1,0,7092,0,0,1637,"",23.35,0.00,5.81,0.00,3.57,0.00,0.00,1.92,"",0,0.0,-1,-100.0,0,0.0,-1,-100.0,-1886,-21.0,0,0.0,0,0.0,946,136.9
"08053","1","9241","76","0","2016","1","","Hinsdale County, Colorado","Federal Government","NAICS 9241 Administration of environmental programs","County, NAICS 4-digit -- by ownership sector","All establishment sizes",1,1,1,1,10564,0,0,813,"",22.98,6.52,6.42,6.63,5.74,0.00,0.00,0.88,"",0,0.0,0,0.0,0,0.0,0,0.0,119,1.1,0,0.0,0,0.0,10,1.2
"08053","1","9241","76","0","2016","2","","Hinsdale County, Colorado","Federal Government","NAICS 9241 Administration of environmental programs","County, NAICS 4-digit -- by ownership sector","All establishment sizes",1,1,1,1,9091,0,0,699,"",23.15,6.57,5.63,4.04,5.28,0.00,0.00,1.01,"",0,0.0,0,0.0,0,0.0,0,0.0,113,1.3,0,0.0,0,0.0,8,1.2
"08053","1","9241","76","0","2016","3","","Hinsdale County, Colorado","Federal Government","NAICS 9241 Administration of environmental programs","County, NAICS 4-digit -- by ownership sector","All establishment sizes",1,1,1,1,10694,0,0,823,"",23.10,3.66,3.77,4.43,3.69,0.00,0.00,0.94,"",0,0.0,0,0.0,0,0.0,0,0.0,-80,-0.7,0,0.0,0,0.0,-6,-0.7
"08053","1","9241","76","0","2016","4","","Hinsdale County, Colorado","Federal Government","NAICS 9241 Administration of environmental programs","County, NAICS 4-digit -- by ownership sector","All establishment sizes",1,0,1,0,7092,0,0,1637,"",23.35,0.00,5.81,0.00,3.57,0.00,0.00,1.92,"",0,0.0,-1,-100.0,0,0.0,-1,-100.0,-1886,-21.0,0,0.0,0,0.0,946,136.9
"08053","1","92412","77","0","2016","1","","Hinsdale County, Colorado","Federal Government","NAICS 92412 Administration of conservation programs","County, NAICS 5-digit -- by ownership sector","All establishment sizes",1,1,1,1,10564,0,0,813,"",24.15,8.00,7.90,8.16,7.69,0.00,0.00,0.96,"",0,0.0,0,0.0,0,0.0,0,0.0,119,1.1,0,0.0,0,0.0,10,1.2
"08053","1","92412","77","0","2016","2","","Hinsdale County, Colorado","Federal Government","NAICS 92412 Administration of conservation programs","County, NAICS 5-digit -- by ownership sector","All establishment sizes",1,1,1,1,9091,0,0,699,"",24.34,8.01,6.82,4.82,7.00,0.00,0.00,1.11,"",0,0.0,0,0.0,0,0.0,0,0.0,113,1.3,0,0.0,0,0.0,8,1.2
"08053","1","92412","77","0","2016","3","","Hinsdale County, Colorado","Federal Government","NAICS 92412 Administration of conservation programs","County, NAICS 5-digit -- by ownership sector","All establishment sizes",1,1,1,1,10694,0,0,823,"",24.29,4.36,4.50,5.32,4.75,0.00,0.00,1.01,"",0,0.0,0,0.0,0,0.0,0,0.0,-80,-0.7,0,0.0,0,0.0,-6,-0.7
"08053","1","92412","77","0","2016","4","","Hinsdale County, Colorado","Federal Government","NAICS 92412 Administration of conservation programs","County, NAICS 5-digit -- by ownership sector","All establishment sizes",1,0,1,0,7092,0,0,1637,"",24.54,0.00,7.07,0.00,4.69,0.00,0.00,2.07,"",0,0.0,-1,-100.0,0,0.0,-1,-100.0,-1886,-21.0,0,0.0,0,0.0,946,136.9
"08053","1","924120","78","0","2016","1","","Hinsdale County, Colorado","Federal Government","NAICS 924120 Administration of conservation programs","County, NAICS 6-digit -- by ownership sector","All establishment sizes",1,1,1,1,10564,0,0,813,"",24.15,8.00,7.90,8.16,7.69,0.00,0.00,0.96,"",0,0.0,0,0.0,0,0.0,0,0.0,119,1.1,0,0.0,0,0.0,10,1.2
"08053","1","924120","78","0","2016","2","","Hinsdale County, Colorado","Federal Government","NAICS 924120 Administration of conservation programs","County, NAICS 6-digit -- by ownership sector","All establishment sizes",1,1,1,1,9091,0,0,699,"",24.34,8.01,6.82,4.82,7.00,0.00,0.00,1.11,"",0,0.0,0,0.0,0,0.0,0,0.0,113,1.3,0,0.0,0,0.0,8,1.2
"08053","1","924120","78","0","2016","3","","Hinsdale County, Colorado","Federal Government","NAICS 924120 Administration of conservation programs","County, NAICS 6-digit -- by ownership sector","All establishment sizes",1,1,1,1,10694,0,0,823,"",24.29,4.36,4.50,5.32,4.75,0.00,0.00,1.01,"",0,0.0,0,0.0,0,0.0,0,0.0,-80,-0.7,0,0.0,0,0.0,-6,-0.7
"08053","1","924120","78","0","2016","4","","Hinsdale County, Colorado","Federal Government","NAICS 924120 Administration of conservation programs","County, NAICS 6-digit -- by ownership sector","All establishment sizes",1,0,1,0,7092,0,0,1637,"",24.54,0.00,7.07,0.00,4.69,0.00,0.00,2.07,"",0,0.0,-1,-100.0,0,0.0,-1,-100.0,-1886,-21.0,0,0.0,0,0.0,946,136.9
"08053","2","10","71","0","2016","1","","Hinsdale County, Colorado","State Government","10 Total, all industries","County, Total -- by ownership sector","All establishment sizes",3,8,8,8,92487,0,0,889,"",5.55,1.08,1.02,1.07,1.58,0.00,0.00,1.50,"",0,0.0,1,14.3,1,14.3,1,14.3,14088,18.0,0,0.0,0,0.0,27,3.1
"08053","2","10","71","0","2016","2","","Hinsdale County, Colorado","State Government","10 Total, all industries","County, Total -- by ownership sector","All establishment sizes",3,7,6,6,47813,0,0,581,"",5.60,0.95,0.73,0.57,0.77,0.00,0.00,1.06,"",0,0.0,0,0.0,-1,-14.3,-1,-14.3,109,0.2,0,0.0,0,0.0,57,10.9
"08053","2","10","71","0","2016","3","","Hinsdale County, Colorado","State Government","10 Total, all industries","County, Total -- by ownership sector","All establishment sizes",3,6,6,5,82934,0,0,1126,"",5.57,0.53,0.54,0.50,1.00,0.00,0.00,1.91,"",0,0.0,-1,-14.3,-1,-14.3,-2,-28.6,-10348,-11.1,0,0.0,0,0.0,101,9.9
"08053","2","10","71","0","2016","4","","Hinsdale County, Colorado","State Government","10 Total, all industries","County, Total -- by ownership sector","All establishment sizes",3,5,6,7,75322,0,0,966,"",5.60,0.57,0.74,0.85,1.06,0.00,0.00,1.49,"",0,0.0,-2,-28.6,-1,-14.3,0,0.0,1850,2.5,0,0.0,0,0.0,159,19.7
"08053","2","101","72","0","2016","1","N","Hinsdale County, Colorado","State Government","101 Goods-producing","County, by Domain -- by ownership sector","All establishment sizes",1,0,0,0,0,0,0,0,"N",65.08,0,0,0,0,0,0,0,"N",0,0.0,0,0,0,0,0,0,0,0,0,0,0,0,0,0
"08053","2","101","72","0","2016","2","N","Hinsdale County, Colorado","State Government","101 Goods-producing","County, by Domain -- by ownership sector","All establishment sizes",1,0,0,0,0,0,0,0,"N",65.90,0,0,0,0,0,0,0,"N",0,0.0,0,0,0,0,0,0,0,0,0,0,0,0,0,0
"08053","2","101","72","0","2016","3","N","Hinsdale County, Colorado","State Government","101 Goods-producing","County, by Domain -- by ownership sector","All establishment sizes",1,0,0,0,0,0,0,0,"N",65.61,0,0,0,0,0,0,0,"N",0,0.0,0,0,0,0,0,0,0,0,0,0,0,0,0,0
"08053","2","101","72","0","2016","4","N","Hinsdale County, Colorado","State Government","101 Goods-producing","County, by Domain -- by ownership sector","All establishment sizes",1,0,0,0,0,0,0,0,"N",66.39,0,0,0,0,0,0,0,"N",0,0.0,0,0,0,0,0,0,0,0,0,0,0,0,0,0
"08053","2","1012","73","0","2016","1","N","Hinsdale County, Colorado","State Government","1012 Construction","County, by Supersector -- by ownership sector","All establishment sizes",1,0,0,0,0,0,0,0,"N",71.24,0,0,0,0,0,0,0,"N",0,0.0,0,0,0,0,0,0,0,0,0,0,0,0,0,0
"08053","2","1012","73","0","2016","2","N","Hinsdale County, Colorado","State Government","1012 Construction","County, by Supersector -- by ownership sector","All establishment sizes",1,0,0,0,0,0,0,0,"N",72.01,0,0,0,0,0,0,0,"N",0,0.0,0,0,0,0,0,0,0,0,0,0,0,0,0,0
"08053","2","1012","73","0","2016","3","N","Hinsdale County, Colorado","State Government","1012 Construction","County, by Supersector -- by ownership sector","All establishment sizes",1,0,0,0,0,0,0,0,"N",71.65,0,0,0,0,0,0,0,"N",0,0.0,0,0,0,0,0,0,0,0,0,0,0,0,0,0
"08053","2","1012","73","0","2016","4","N","Hinsdale County, Colorado","State Government","1012 Construction","County, by Supersector -- by ownership sector","All establishment sizes",1,0,0,0,0,0,0,0,"N",72.53,0,0,0,0,0,0,0,"N",0,0.0,0,0,0,0,0,0,0,0,0,0,0,0,0,0
"08053","2","102","72","0","2016","1","N","Hinsdale County, Colorado","State Government","102 Service-providing","County, by Domain -- by ownership sector","All establishment sizes",2,0,0,0,0,0,0,0,"N",3.81,0,0,0,0,0,0,0,"N",0,0.0,0,0,0,0,0,0,0,0,0,0,0,0,0,0
"08053","2","102","72","0","2016","2","N","Hinsdale County, Colorado","State Government","102 Service-providing","County, by Domain -- by ownership sector","All establishment sizes",2,0,0,0,0,0,0,0,"N",3.84,0,0,0,0,0,0,0,"N",0,0.0,0,0,0,0,0,0,0,0,0,0,0,0,0,0
"08053","2","102","72","0","2016","3","N","Hinsdale County, Colorado","State Government","102 Service-providing","County, by Domain -- by ownership sector","All establishment sizes",2,0,0,0,0,0,0,0,"N",3.82,0,0,0,0,0,0,0,"N",0,0.0,0,0,0,0,0,0,0,0,0,0,0,0,0,0
"08053","2","102","72","0","2016","4","N","Hinsdale County, Colorado","State Government","102 Service-providing","County, by Domain -- by ownership sector","All establishment sizes",2,0,0,0,0,0,0,0,"N",3.84,0,0,0,0,0,0,0,"N",0,0.0,0,0,0,0,0,0,0,0,0,0,0,0,0,0
"08053","2","1028","73","0","2016","1","N","Hinsdale County, Colorado","State Government","1028 Public administration","County, by Supersector -- by ownership sector","All establishment sizes",2,0,0,0,0,0,0,0,"N",5.24,0,0,0,0,0,0,0,"N",0,0.0,0,0,0,0,0,0,0,0,0,0,0,0,0,0
"08053","2","1028","73","0","2016","2","N","Hinsdale County, Colorado","State Government","1028 Public administration","County, by Supersector -- by ownership sector","All establishment sizes",2,0,0,0,0,0,0,0,"N",5.29,0,0,0,0,0,0,0,"N",0,0.0,0,0,0,0,0,0,0,0,0,0,0,0,0,0
"08053","2","1028","73","0","2016","3","N","Hinsdale County, Colorado","State Government","1028 Public administration","County, by Supersector -- by ownership sector","All establishment sizes",2,0,0,0,0,0,0,0,"N",5.25,0,0,0,0,0,0,0,"N",0,0.0,0,0,0,0,0,0,0,0,0,0,0,0,0,0
"08053","2","1028","73","0","2016","4","N","Hinsdale County, Colorado","State Government","1028 Public administration","County, by Supersector -- by ownership sector","All establishment sizes",2,0,0,0,0,0,0,0,"N",5.26,0,0,0,0,0,0,0,"N",0,0.0,0,0,0,0,0,0,0,0,0,0,0,0,0,0
"08053","2","23","74","0","2016","1","N","Hinsdale County, Colorado","State Government","NAICS 23 Construction","County, NAICS Sector -- by ownership sector","All establishment sizes",1,0,0,0,0,0,0,0,"N",71.24,0,0,0,0,0,0,0,"N",0,0.0,0,0,0,0,0,0,0,0,0,0,0,0,0,0
"08053","2","23","74","0","2016","2","N","Hinsdale County, Colorado","State Government","NAICS 23 Construction","County, NAICS Sector -- by ownership sector","All establishment sizes",1,0,0,0,0,0,0,0,"N",72.01,0,0,0,0,0,0,0,"N",0,0.0,0,0,0,0,0,0,0,0,0,0,0,0,0,0
"08053","2","23","74","0","2016","3","N","Hinsdale County, Colorado","State Government","NAICS 23 Construction","County, NAICS Sector -- by ownership sector","All establishment sizes",1,0,0,0,0,0,0,0,"N",71.65,0,0,0,0,0,0,0,"N",0,0.0,0,0,0,0,0,0,0,0,0,0,0,0,0,0
"08053","2","23","74","0","2016","4","N","Hinsdale County, Colorado","State Government","NAICS 23 Construction","County, NAICS Sector -- by ownership sector","All establishment sizes",1,0,0,0,0,0,0,0,"N",72.53,0,0,0,0,0,0,0,"N",0,0.0,0,0,0,0,0,0,0,0,0,0,0,0,0,0
"08053","2","237","75","0","2016","1","N","Hinsdale County, Colorado","State Government","NAICS 237 Heavy and civil engineering construction","County, NAICS 3-digit -- by ownership sector","All establishment sizes",1,0,0,0,0,0,0,0,"N",71.40,0,0,0,0,0,0,0,"N",0,0.0,0,0,0,0,0,0,0,0,0,0,0,0,0,0
"08053","2","237","75","0","2016","2","N","Hinsdale County, Colorado","State Government","NAICS 237 Heavy and civil engineering construction","County, NAICS 3-digit -- by ownership sector","All establishment sizes",1,0,0,0,0,0,0,0,"N",72.17,0,0,0,0,0,0,0,"N",0,0.0,0,0,0,0,0,0,0,0,0,0,0,0,0,0
"08053","2","237","75","0","2016","3","N","Hinsdale County, Colorado","State Government","NAICS 237 Heavy and civil engineering construction","County, NAICS 3-digit -- by ownership sector","All establishment sizes",1,0,0,0,0,0,0,0,"N",71.81,0,0,0,0,0,0,0,"N",0,0.0,0,0,0,0,0,0,0,0,0,0,0,0,0,0
"08053","2","237","75","0","2016","4","N","Hinsdale County, Colorado","State Government","NAICS 237 Heavy and civil engineering construction","County, NAICS 3-digit -- by ownership sector","All establishment sizes",1,0,0,0,0,0,0,0,"N",72.70,0,0,0,0,0,0,0,"N",0,0.0,0,0,0,0,0,0,0,0,0,0,0,0,0,0
"08053","2","2373","76","0","2016","1","N","Hinsdale County, Colorado","State Government","NAICS 2373 Highway, street, and bridge construction","County, NAICS 4-digit -- by ownership sector","All establishment sizes",1,0,0,0,0,0,0,0,"N",71.52,0,0,0,0,0,0,0,"N",0,0.0,0,0,0,0,0,0,0,0,0,0,0,0,0,0
"08053","2","2373","76","0","2016","2","N","Hinsdale County, Colorado","State Government","NAICS 2373 Highway, street, and bridge construction","County, NAICS 4-digit -- by ownership sector","All establishment sizes",1,0,0,0,0,0,0,0,"N",72.33,0,0,0,0,0,0,0,"N",0,0.0,0,0,0,0,0,0,0,0,0,0,0,0,0,0
"08053","2","2373","76","0","2016","3","N","Hinsdale County, Colorado","State Government","NAICS 2373 Highway, street, and bridge construction","County, NAICS 4-digit -- by ownership sector","All establishment sizes",1,0,0,0,0,0,0,0,"N",71.97,0,0,0,0,0,0,0,"N",0,0.0,0,0,0,0,0,0,0,0,0,0,0,0,0,0
"08053","2","2373","76","0","2016","4","N","Hinsdale County, Colorado","State Government","NAICS 2373 Highway, street, and bridge construction","County, NAICS 4-digit -- by ownership sector","All establishment sizes",1,0,0,0,0,0,0,0,"N",72.86,0,0,0,0,0,0,0,"N",0,0.0,0,0,0,0,0,0,0,0,0,0,0,0,0,0
"08053","2","23731","77","0","2016","1","N","Hinsdale County, Colorado","State Government","NAICS 23731 Highway, street, and bridge construction","County, NAICS 5-digit -- by ownership sector","All establishment sizes",1,0,0,0,0,0,0,0,"N",71.52,0,0,0,0,0,0,0,"N",0,0.0,0,0,0,0,0,0,0,0,0,0,0,0,0,0
"08053","2","23731","77","0","2016","2","N","Hinsdale County, Colorado","State Government","NAICS 23731 Highway, street, and bridge construction","County, NAICS 5-digit -- by ownership sector","All establishment sizes",1,0,0,0,0,0,0,0,"N",72.33,0,0,0,0,0,0,0,"N",0,0.0,0,0,0,0,0,0,0,0,0,0,0,0,0,0
"08053","2","23731","77","0","2016","3","N","Hinsdale County, Colorado","State Government","NAICS 23731 Highway, street, and bridge construction","County, NAICS 5-digit -- by ownership sector","All establishment sizes",1,0,0,0,0,0,0,0,"N",71.97,0,0,0,0,0,0,0,"N",0,0.0,0,0,0,0,0,0,0,0,0,0,0,0,0,0
"08053","2","23731","77","0","2016","4","N","Hinsdale County, Colorado","State Government","NAICS 23731 Highway, street, and bridge construction","County, NAICS 5-digit -- by ownership sector","All establishment sizes",1,0,0,0,0,0,0,0,"N",72.86,0,0,0,0,0,0,0,"N",0,0.0,0,0,0,0,0,0,0,0,0,0,0,0,0,0
"08053","2","237310","78","0","2016","1","N","Hinsdale County, Colorado","State Government","NAICS 237310 Highway, street, and bridge construction","County, NAICS 6-digit -- by ownership sector","All establishment sizes",1,0,0,0,0,0,0,0,"N",71.52,0,0,0,0,0,0,0,"N",0,0.0,0,0,0,0,0,0,0,0,0,0,0,0,0,0
"08053","2","237310","78","0","2016","2","N","Hinsdale County, Colorado","State Government","NAICS 237310 Highway, street, and bridge construction","County, NAICS 6-digit -- by ownership sector","All establishment sizes",1,0,0,0,0,0,0,0,"N",72.33,0,0,0,0,0,0,0,"N",0,0.0,0,0,0,0,0,0,0,0,0,0,0,0,0,0
"08053","2","237310","78","0","2016","3","N","Hinsdale County, Colorado","State Government","NAICS 237310 Highway, street, and bridge construction","County, NAICS 6-digit -- by ownership sector","All establishment sizes",1,0,0,0,0,0,0,0,"N",71.97,0,0,0,0,0,0,0,"N",0,0.0,0,0,0,0,0,0,0,0,0,0,0,0,0,0
"08053","2","237310","78","0","2016","4","N","Hinsdale County, Colorado","State Government","NAICS 237310 Highway, street, and bridge construction","County, NAICS 6-digit -- by ownership sector","All establishment sizes",1,0,0,0,0,0,0,0,"N",72.86,0,0,0,0,0,0,0,"N",0,0.0,0,0,0,0,0,0,0,0,0,0,0,0,0,0
"08053","2","92","74","0","2016","1","N","Hinsdale County, Colorado","State Government","NAICS 92 Public administration","County, NAICS Sector -- by ownership sector","All establishment sizes",2,0,0,0,0,0,0,0,"N",5.24,0,0,0,0,0,0,0,"N",0,0.0,0,0,0,0,0,0,0,0,0,0,0,0,0,0
"08053","2","92","74","0","2016","2","N","Hinsdale County, Colorado","State Government","NAICS 92 Public administration","County, NAICS Sector -- by ownership sector","All establishment sizes",2,0,0,0,0,0,0,0,"N",5.29,0,0,0,0,0,0,0,"N",0,0.0,0,0,0,0,0,0,0,0,0,0,0,0,0,0
"08053","2","92","74","0","2016","3","N","Hinsdale County, Colorado","State Government","NAICS 92 Public administration","County, NAICS Sector -- by ownership sector","All establishment sizes",2,0,0,0,0,0,0,0,"N",5.25,0,0,0,0,0,0,0,"N",0,0.0,0,0,0,0,0,0,0,0,0,0,0,0,0,0
"08053","2","92","74","0","2016","4","N","Hinsdale County, Colorado","State Government","NAICS 92 Public administration","County, NAICS Sector -- by ownership sector","All establishment sizes",2,0,0,0,0,0,0,0,"N",5.26,0,0,0,0,0,0,0,"N",0,0.0,0,0,0,0,0,0,0,0,0,0,0,0,0,0
"08053","2","922","75","0","2016","1","N","Hinsdale County, Colorado","State Government","NAICS 922 Justice, public order, and safety activities","County, NAICS 3-digit -- by ownership sector","All establishment sizes",1,0,0,0,0,0,0,0,"N",9.11,0,0,0,0,0,0,0,"N",0,0.0,0,0,0,0,0,0,0,0,0,0,0,0,0,0
"08053","2","922","75","0","2016","2","N","Hinsdale County, Colorado","State Government","NAICS 922 Justice, public order, and safety activities","County, NAICS 3-digit -- by ownership sector","All establishment sizes",1,0,0,0,0,0,0,0,"N",9.16,0,0,0,0,0,0,0,"N",0,0.0,0,0,0,0,0,0,0,0,0,0,0,0,0,0
"08053","2","922","75","0","2016","3","N","Hinsdale County, Colorado","State Government","NAICS 922 Justice, public order, and safety activities","County, NAICS 3-digit -- by ownership sector","All establishment sizes",1,0,0,0,0,0,0,0,"N",9.06,0,0,0,0,0,0,0,"N",0,0.0,0,0,0,0,0,0,0,0,0,0,0,0,0,0
"08053","2","922","75","0","2016","4","N","Hinsdale County, Colorado","State Government","NAICS 922 Justice, public order, and safety activities","County, NAICS 3-digit -- by ownership sector","All establishment sizes",1,0,0,0,0,0,0,0,"N",9.05,0,0,0,0,0,0,0,"N",0,0.0,0,0,0,0,0,0,0,0,0,0,0,0,0,0
"08053","2","9221","76","0","2016","1","N","Hinsdale County, Colorado","State Government","NAICS 9221 Justice, public order, and safety activities","County, NAICS 4-digit -- by ownership sector","All establishment sizes",1,0,0,0,0,0,0,0,"N",9.11,0,0,0,0,0,0,0,"N",0,0.0,0,0,0,0,0,0,0,0,0,0,0,0,0,0
"08053","2","9221","76","0","2016","2","N","Hinsdale County, Colorado","State Government","NAICS 9221 Justice, public order, and safety activities","County, NAICS 4-digit -- by ownership sector","All establishment sizes",1,0,0,0,0,0,0,0,"N",9.16,0,0,0,0,0,0,0,"N",0,0.0,0,0,0,0,0,0,0,0,0,0,0,0,0,0
"08053","2","9221","76","0","2016","3","N","Hinsdale County, Colorado","State Government","NAICS 9221 Justice, public order, and safety activities","County, NAICS 4-digit -- by ownership sector","All establishment sizes",1,0,0,0,0,0,0,0,"N",9.06,0,0,0,0,0,0,0,"N",0,0.0,0,0,0,0,0,0,0,0,0,0,0,0,0,0
"08053","2","9221","76","0","2016","4","N","Hinsdale County, Colorado","State Government","NAICS 9221 Justice, public order, and safety activities","County, NAICS 4-digit -- by ownership sector","All establishment sizes",1,0,0,0,0,0,0,0,"N",9.05,0,0,0,0,0,0,0,"N",0,0.0,0,0,0,0,0,0,0,0,0,0,0,0,0,0
"08053","2","92211","77","0","2016","1","N","Hinsdale County, Colorado","State Government","NAICS 92211 Courts","County, NAICS 5-digit -- by ownership sector","All establishment sizes",1,0,0,0,0,0,0,0,"N",33.73,0,0,0,0,0,0,0,"N",0,0.0,0,0,0,0,0,0,0,0,0,0,0,0,0,0
"08053","2","92211","77","0","2016","2","N","Hinsdale County, Colorado","State Government","NAICS 92211 Courts","County, NAICS 5-digit -- by ownership sector","All establishment sizes",1,0,0,0,0,0,0,0,"N",33.98,0,0,0,0,0,0,0,"N",0,0.0,0,0,0,0,0,0,0,0,0,0,0,0,0,0
"08053","2","92211","77","0","2016","3","N","Hinsdale County, Colorado","State Government","NAICS 92211 Courts","County, NAICS 5-digit -- by ownership sector","All establishment sizes",1,0,0,0,0,0,0,0,"N",33.74,0,0,0,0,0,0,0,"N",0,0.0,0,0,0,0,0,0,0,0,0,0,0,0,0,0
"08053","2","92211","77","0","2016","4","N","Hinsdale County, Colorado","State Government","NAICS 92211 Courts","County, NAICS 5-digit -- by ownership sector","All establishment sizes",1,0,0,0,0,0,0,0,"N",33.97,0,0,0,0,0,0,0,"N",0,0.0,0,0,0,0,0,0,0,0,0,0,0,0,0,0
"08053","2","922110","78","0","2016","1","N","Hinsdale County, Colorado","State Government","NAICS 922110 Courts","County, NAICS 6-digit -- by ownership sector","All establishment sizes",1,0,0,0,0,0,0,0,"N",33.73,0,0,0,0,0,0,0,"N",0,0.0,0,0,0,0,0,0,0,0,0,0,0,0,0,0
"08053","2","922110","78","0","2016","2","N","Hinsdale County, Colorado","State Government","NAICS 922110 Courts","County, NAICS 6-digit -- by ownership sector","All establishment sizes",1,0,0,0,0,0,0,0,"N",33.98,0,0,0,0,0,0,0,"N",0,0.0,0,0,0,0,0,0,0,0,0,0,0,0,0,0
"08053","2","922110","78","0","2016","3","N","Hinsdale County, Colorado","State Government","NAICS 922110 Courts","County, NAICS 6-digit -- by ownership sector","All establishment sizes",1,0,0,0,0,0,0,0,"N",33.74,0,0,0,0,0,0,0,"N",0,0.0,0,0,0,0,0,0,0,0,0,0,0,0,0,0
"08053","2","922110","78","0","2016","4","N","Hinsdale County, Colorado","State Government","NAICS 922110 Courts","County, NAICS 6-digit -- by ownership sector","All establishment sizes",1,0,0,0,0,0,0,0,"N",33.97,0,0,0,0,0,0,0,"N",0,0.0,0,0,0,0,0,0,0,0,0,0,0,0,0,0
"08053","2","924","75","0","2016","1","N","Hinsdale County, Colorado","State Government","NAICS 924 Administration of environmental programs","County, NAICS 3-digit -- by ownership sector","All establishment sizes",1,0,0,0,0,0,0,0,"N",19.05,0,0,0,0,0,0,0,"N",0,0.0,0,0,0,0,0,0,0,0,0,0,0,0,0,0
"08053","2","924","75","0","2016","2","N","Hinsdale County, Colorado","State Government","NAICS 924 Administration of environmental programs","County, NAICS 3-digit -- by ownership sector","All establishment sizes",1,0,0,0,0,0,0,0,"N",19.04,0,0,0,0,0,0,0,"N",0,0.0,0,0,0,0,0,0,0,0,0,0,0,0,0,0
"08053","2","924","75","0","2016","3","N","Hinsdale County, Colorado","State Government","NAICS 924 Administration of environmental programs","County, NAICS 3-digit -- by ownership sector","All establishment sizes",1,0,0,0,0,0,0,0,"N",18.99,0,0,0,0,0,0,0,"N",0,0.0,0,0,0,0,0,0,0,0,0,0,0,0,0,0
"08053","2","924","75","0","2016","4","N","Hinsdale County, Colorado","State Government","NAICS 924 Administration of environmental programs","County, NAICS 3-digit -- by ownership sector","All establishment sizes",1,0,0,0,0,0,0,0,"N",19.02,0,0,0,0,0,0,0,"N",0,0.0,0,0,0,0,0,0,0,0,0,0,0,0,0,0
"08053","2","9241","76","0","2016","1","N","Hinsdale County, Colorado","State Government","NAICS 9241 Administration of environmental programs","County, NAICS 4-digit -- by ownership sector","All establishment sizes",1,0,0,0,0,0,0,0,"N",19.05,0,0,0,0,0,0,0,"N",0,0.0,0,0,0,0,0,0,0,0,0,0,0,0,0,0
"08053","2","9241","76","0","2016","2","N","Hinsdale County, Colorado","State Government","NAICS 9241 Administration of environmental programs","County, NAICS 4-digit -- by ownership sector","All establishment sizes",1,0,0,0,0,0,0,0,"N",19.04,0,0,0,0,0,0,0,"N",0,0.0,0,0,0,0,0,0,0,0,0,0,0,0,0,0
"08053","2","9241","76","0","2016","3","N","Hinsdale County, Colorado","State Government","NAICS 9241 Administration of environmental programs","County, NAICS 4-digit -- by ownership sector","All establishment sizes",1,0,0,0,0,0,0,0,"N",18.99,0,0,0,0,0,0,0,"N",0,0.0,0,0,0,0,0,0,0,0,0,0,0,0,0,0
"08053","2","9241","76","0","2016","4","N","Hinsdale County, Colorado","State Government","NAICS 9241 Administration of environmental programs","County, NAICS 4-digit -- by ownership sector","All establishment sizes",1,0,0,0,0,0,0,0,"N",19.02,0,0,0,0,0,0,0,"N",0,0.0,0,0,0,0,0,0,0,0,0,0,0,0,0,0
"08053","2","92412","77","0","2016","1","N","Hinsdale County, Colorado","State Government","NAICS 92412 Administration of conservation programs","County, NAICS 5-digit -- by ownership sector","All establishment sizes",1,0,0,0,0,0,0,0,"N",23.31,0,0,0,0,0,0,0,"N",0,0.0,0,0,0,0,0,0,0,0,0,0,0,0,0,0
"08053","2","92412","77","0","2016","2","N","Hinsdale County, Colorado","State Government","NAICS 92412 Administration of conservation programs","County, NAICS 5-digit -- by ownership sector","All establishment sizes",1,0,0,0,0,0,0,0,"N",23.21,0,0,0,0,0,0,0,"N",0,0.0,0,0,0,0,0,0,0,0,0,0,0,0,0,0
"08053","2","92412","77","0","2016","3","N","Hinsdale County, Colorado","State Government","NAICS 92412 Administration of conservation programs","County, NAICS 5-digit -- by ownership sector","All establishment sizes",1,0,0,0,0,0,0,0,"N",23.09,0,0,0,0,0,0,0,"N",0,0.0,0,0,0,0,0,0,0,0,0,0,0,0,0,0
"08053","2","92412","77","0","2016","4","N","Hinsdale County, Colorado","State Government","NAICS 92412 Administration of conservation programs","County, NAICS 5-digit -- by ownership sector","All establishment sizes",1,0,0,0,0,0,0,0,"N",23.13,0,0,0,0,0,0,0,"N",0,0.0,0,0,0,0,0,0,0,0,0,0,0,0,0,0
"08053","2","924120","78","0","2016","1","N","Hinsdale County, Colorado","State Government","NAICS 924120 Administration of conservation programs","County, NAICS 6-digit -- by ownership sector","All establishment sizes",1,0,0,0,0,0,0,0,"N",23.31,0,0,0,0,0,0,0,"N",0,0.0,0,0,0,0,0,0,0,0,0,0,0,0,0,0
"08053","2","924120","78","0","2016","2","N","Hinsdale County, Colorado","State Government","NAICS 924120 Administration of conservation programs","County, NAICS 6-digit -- by ownership sector","All establishment sizes",1,0,0,0,0,0,0,0,"N",23.21,0,0,0,0,0,0,0,"N",0,0.0,0,0,0,0,0,0,0,0,0,0,0,0,0,0
"08053","2","924120","78","0","2016","3","N","Hinsdale County, Colorado","State Government","NAICS 924120 Administration of conservation programs","County, NAICS 6-digit -- by ownership sector","All establishment sizes",1,0,0,0,0,0,0,0,"N",23.09,0,0,0,0,0,0,0,"N",0,0.0,0,0,0,0,0,0,0,0,0,0,0,0,0,0
"08053","2","924120","78","0","2016","4","N","Hinsdale County, Colorado","State Government","NAICS 924120 Administration of conservation programs","County, NAICS 6-digit -- by ownership sector","All establishment sizes",1,0,0,0,0,0,0,0,"N",23.13,0,0,0,0,0,0,0,"N",0,0.0,0,0,0,0,0,0,0,0,0,0,0,0,0,0
"08053","3","10","71","0","2016","1","","Hinsdale County, Colorado","Local Government","10 Total, all industries","County, Total -- by ownership sector","All establishment sizes",4,83,84,83,612415,505238,1515,565,"",3.03,3.55,3.45,3.54,4.00,33.31,19.87,1.14,"",0,0.0,10,13.7,13,18.3,14,20.3,65514,12.0,33216,7.0,99,7.0,-28,-4.7
"08053","3","10","71","0","2016","2","","Hinsdale County, Colorado","Local Government","10 Total, all industries","County, Total -- by ownership sector","All establishment sizes",4,78,83,78,573923,511589,1534,554,"",3.05,3.40,3.20,2.39,3.37,28.36,22.41,1.15,"",0,0.0,-1,-1.3,2,2.5,-6,-7.1,2742,0.5,24854,5.1,73,5.0,14,2.6
"08053","3","10","71","0","2016","3","","Hinsdale County, Colorado","Local Government","10 Total, all industries","County, Total -- by ownership sector","All establishment sizes",4,77,80,83,591688,515637,1547,569,"",3.03,2.51,2.54,2.73,3.03,23.54,15.65,1.17,"",0,0.0,2,2.7,1,1.3,7,9.2,5003,0.9,15537,3.1,46,3.1,-20,-3.4
"08053","3","10","71","0","2016","4","","Hinsdale County, Colorado","Local Government","10 Total, all industries","County, Total -- by ownership sector","All establishment sizes",4,88,88,85,625221,280109,840,553,"",3.05,3.21,3.44,3.28,3.31,19.41,15.22,1.00,"",0,0.0,10,12.8,8,10.0,1,1.2,44420,7.6,-227715,-44.8,-683,-44.8,-1,-0.2
"08053","3","102","72","0","2016","1","","Hinsdale County, Colorado","Local Government","102 Service-providing","County, by Domain -- by ownership sector","All establishment sizes",4,83,84,83,612415,505238,1515,565,"",3.11,3.58,3.48,3.56,4.03,33.76,20.18,1.14,"",0,0.0,10,13.7,13,18.3,14,20.3,65514,12.0,33216,7.0,99,7.0,-28,-4.7
"08053","3","102","72","0","2016","2","","Hinsdale County, Colorado","Local Government","102 Service-providing","County, by Domain -- by ownership sector","All establishment sizes",4,78,83,78,573923,511589,1534,554,"",3.14,3.43,3.23,2.41,3.40,28.71,22.93,1.15,"",0,0.0,-1,-1.3,2,2.5,-6,-7.1,2742,0.5,24854,5.1,73,5.0,14,2.6
"08053","3","102","72","0","2016","3","","Hinsdale County, Colorado","Local Government","102 Service-providing","County, by Domain -- by ownership sector","All establishment sizes",4,77,80,83,591688,515637,1547,569,"",3.12,2.53,2.56,2.75,3.05,23.80,15.99,1.17,"",0,0.0,2,2.7,1,1.3,7,9.2,5003,0.9,15537,3.1,46,3.1,-20,-3.4
"08053","3","102","72","0","2016","4","","Hinsdale County, Colorado","Local Government","102 Service-providing","County, by Domain -- by ownership sector","All establishment sizes",4,88,88,85,625221,280109,840,553,"",3.14,3.24,3.46,3.31,3.34,19.56,15.47,1.00,"",0,0.0,10,12.8,8,10.0,1,1.2,44420,7.6,-227715,-44.8,-683,-44.8,-1,-0.2
"08053","3","1022","73","0","2016","1","N","Hinsdale County, Colorado","Local Government","1022 Information","County, by Supersector -- by ownership sector","All establishment sizes",1,0,0,0,0,0,0,0,"N",25.01,0,0,0,0,0,0,0,"N",0,0.0,0,0,0,0,0,0,0,0,0,0,0,0,0,0
"08053","3","1022","73","0","2016","2","N","Hinsdale County, Colorado","Local Government","1022 Information","County, by Supersector -- by ownership sector","All establishment sizes",1,0,0,0,0,0,0,0,"N",25.17,0,0,0,0,0,0,0,"N",0,0.0,0,0,0,0,0,0,0,0,0,0,0,0,0,0
"08053","3","1022","73","0","2016","3","N","Hinsdale County, Colorado","Local Government","1022 Information","County, by Supersector -- by ownership sector","All establishment sizes",1,0,0,0,0,0,0,0,"N",25.04,0,0,0,0,0,0,0,"N",0,0.0,0,0,0,0,0,0,0,0,0,0,0,0,0,0
"08053","3","1022","73","0","2016","4","N","Hinsdale County, Colorado","Local Government","1022 Information","County, by Supersector -- by ownership sector","All establishment sizes",1,0,0,0,0,0,0,0,"N",25.22,0,0,0,0,0,0,0,"N",0,0.0,0,0,0,0,0,0,0,0,0,0,0,0,0,0
"08053","3","1025","73","0","2016","1","N","Hinsdale County, Colorado","Local Government","1025 Education and health services","County, by Supersector -- by ownership sector","All establishment sizes",1,0,0,0,0,0,0,0,"N",1.76,0,0,0,0,0,0,0,"N",0,0.0,0,0,0,0,0,0,0,0,0,0,0,0,0,0
"08053","3","1025","73","0","2016","2","N","Hinsdale County, Colorado","Local Government","1025 Education and health services","County, by Supersector -- by ownership sector","All establishment sizes",1,0,0,0,0,0,0,0,"N",1.77,0,0,0,0,0,0,0,"N",0,0.0,0,0,0,0,0,0,0,0,0,0,0,0,0,0
"08053","3","1025","73","0","2016","3","N","Hinsdale County, Colorado","Local Government","1025 Education and health services","County, by Supersector -- by ownership sector","All establishment sizes",1,0,0,0,0,0,0,0,"N",1.76,0,0,0,0,0,0,0,"N",0,0.0,0,0,0,0,0,0,0,0,0,0,0,0,0,0
"08053","3","1025","73","0","2016","4","N","Hinsdale County, Colorado","Local Government","1025 Education and health services","County, by Supersector -- by ownership sector","All establishment sizes",1,0,0,0,0,0,0,0,"N",1.77,0,0,0,0,0,0,0,"N",0,0.0,0,0,0,0,0,0,0,0,0,0,0,0,0,0
"08053","3","1028","73","0","2016","1","N","Hinsdale County, Colorado","Local Government","1028 Public administration","County, by Supersector -- by ownership sector","All establishment sizes",2,0,0,0,0,0,0,0,"N",4.18,0,0,0,0,0,0,0,"N",0,0.0,0,0,0,0,0,0,0,0,0,0,0,0,0,0
"08053","3","1028","73","0","2016","2","N","Hinsdale County, Colorado","Local Government","1028 Public administration","County, by Supersector -- by ownership sector","All establishment sizes",2,0,0,0,0,0,0,0,"N",4.21,0,0,0,0,0,0,0,"N",0,0.0,0,0,0,0,0,0,0,0,0,0,0,0,0,0
"08053","3","1028","73","0","2016","3","N","Hinsdale County, Colorado","Local Government","1028 Public administration","County, by Supersector -- by ownership sector","All establishment sizes",2,0,0,0,0,0,0,0,"N",4.19,0,0,0,0,0,0,0,"N",0,0.0,0,0,0,0,0,0,0,0,0,0,0,0,0,0
"08053","3","1028","73","0","2016","4","N","Hinsdale County, Colorado","Local Government","1028 Public administration","County, by Supersector -- by ownership sector","All establishment sizes",2,0,0,0,0,0,0,0,"N",4.22,0,0,0,0,0,0,0,"N",0,0.0,0,0,0,0,0,0,0,0,0,0,0,0,0,0
"08053","3","51","74","0","2016","1","N","Hinsdale County, Colorado","Local Government","NAICS 51 Information","County, NAICS Sector -- by ownership sector","All establishment sizes",1,0,0,0,0,0,0,0,"N",25.01,0,0,0,0,0,0,0,"N",0,0.0,0,0,0,0,0,0,0,0,0,0,0,0,0,0
"08053","3","51","74","0","2016","2","N","Hinsdale County, Colorado","Local Government","NAICS 51 Information","County, NAICS Sector -- by ownership sector","All establishment sizes",1,0,0,0,0,0,0,0,"N",25.17,0,0,0,0,0,0,0,"N",0,0.0,0,0,0,0,0,0,0,0,0,0,0,0,0,0
"08053","3","51","74","0","2016","3","N","Hinsdale County, Colorado","Local Government","NAICS 51 Information","County, NAICS Sector -- by ownership sector","All establishment sizes",1,0,0,0,0,0,0,0,"N",25.04,0,0,0,0,0,0,0,"N",0,0.0,0,0,0,0,0,0,0,0,0,0,0,0,0,0
"08053","3","51","74","0","2016","4","N","Hinsdale County, Colorado","Local Government","NAICS 51 Information","County, NAICS Sector -- by ownership sector","All establishment sizes",1,0,0,0,0,0,0,0,"N",25.22,0,0,0,0,0,0,0,"N",0,0.0,0,0,0,0,0,0,0,0,0,0,0,0,0,0
"08053","3","519","75","0","2016","1","N","Hinsdale County, Colorado","Local Government","NAICS 519 Other information services","County, NAICS 3-digit -- by ownership sector","All establishment sizes",1,0,0,0,0,0,0,0,"N",26.06,0,0,0,0,0,0,0,"N",0,0.0,0,0,0,0,0,0,0,0,0,0,0,0,0,0
"08053","3","519","75","0","2016","2","N","Hinsdale County, Colorado","Local Government","NAICS 519 Other information services","County, NAICS 3-digit -- by ownership sector","All establishment sizes",1,0,0,0,0,0,0,0,"N",26.23,0,0,0,0,0,0,0,"N",0,0.0,0,0,0,0,0,0,0,0,0,0,0,0,0,0
"08053","3","519","75","0","2016","3","N","Hinsdale County, Colorado","Local Government","NAICS 519 Other information services","County, NAICS 3-digit -- by ownership sector","All establishment sizes",1,0,0,0,0,0,0,0,"N",26.09,0,0,0,0,0,0,0,"N",0,0.0,0,0,0,0,0,0,0,0,0,0,0,0,0,0
"08053","3","519","75","0","2016","4","N","Hinsdale County, Colorado","Local Government","NAICS 519 Other information services","County, NAICS 3-digit -- by ownership sector","All establishment sizes",1,0,0,0,0,0,0,0,"N",26.27,0,0,0,0,0,0,0,"N",0,0.0,0,0,0,0,0,0,0,0,0,0,0,0,0,0
"08053","3","5191","76","0","2016","1","N","Hinsdale County, Colorado","Local Government","NAICS 5191 Other information services","County, NAICS 4-digit -- by ownership sector","All establishment sizes",1,0,0,0,0,0,0,0,"N",26.06,0,0,0,0,0,0,0,"N",0,0.0,0,0,0,0,0,0,0,0,0,0,0,0,0,0
"08053","3","5191","76","0","2016","2","N","Hinsdale County, Colorado","Local Government","NAICS 5191 Other information services","County, NAICS 4-digit -- by ownership sector","All establishment sizes",1,0,0,0,0,0,0,0,"N",26.23,0,0,0,0,0,0,0,"N",0,0.0,0,0,0,0,0,0,0,0,0,0,0,0,0,0
"08053","3","5191","76","0","2016","3","N","Hinsdale County, Colorado","Local Government","NAICS 5191 Other information services","County, NAICS 4-digit -- by ownership sector","All establishment sizes",1,0,0,0,0,0,0,0,"N",26.09,0,0,0,0,0,0,0,"N",0,0.0,0,0,0,0,0,0,0,0,0,0,0,0,0,0
"08053","3","5191","76","0","2016","4","N","Hinsdale County, Colorado","Local Government","NAICS 5191 Other information services","County, NAICS 4-digit -- by ownership sector","All establishment sizes",1,0,0,0,0,0,0,0,"N",26.27,0,0,0,0,0,0,0,"N",0,0.0,0,0,0,0,0,0,0,0,0,0,0,0,0,0
"08053","3","51912","77","0","2016","1","N","Hinsdale County, Colorado","Local Government","NAICS 51912 Libraries and archives","County, NAICS 5-digit -- by ownership sector","All establishment sizes",1,0,0,0,0,0,0,0,"N",26.07,0,0,0,0,0,0,0,"N",0,0.0,0,0,0,0,0,0,0,0,0,0,0,0,0,0
"08053","3","51912","77","0","2016","2","N","Hinsdale County, Colorado","Local Government","NAICS 51912 Libraries and archives","County, NAICS 5-digit -- by ownership sector","All establishment sizes",1,0,0,0,0,0,0,0,"N",26.24,0,0,0,0,0,0,0,"N",0,0.0,0,0,0,0,0,0,0,0,0,0,0,0,0,0
"08053","3","51912","77","0","2016","3","N","Hinsdale County, Colorado","Local Government","NAICS 51912 Libraries and archives","County, NAICS 5-digit -- by ownership sector","All establishment sizes",1,0,0,0,0,0,0,0,"N",26.10,0,0,0,0,0,0,0,"N",0,0.0,0,0,0,0,0,0,0,0,0,0,0,0,0,0
"08053","3","51912","77","0","2016","4","N","Hinsdale County, Colorado","Local Government","NAICS 51912 Libraries and archives","County, NAICS 5-digit -- by ownership sector","All establishment sizes",1,0,0,0,0,0,0,0,"N",26.28,0,0,0,0,0,0,0,"N",0,0.0,0,0,0,0,0,0,0,0,0,0,0,0,0,0
"08053","3","519120","78","0","2016","1","N","Hinsdale County, Colorado","Local Government","NAICS 519120 Libraries and archives","County, NAICS 6-digit -- by ownership sector","All establishment sizes",1,0,0,0,0,0,0,0,"N",26.07,0,0,0,0,0,0,0,"N",0,0.0,0,0,0,0,0,0,0,0,0,0,0,0,0,0
"08053","3","519120","78","0","2016","2","N","Hinsdale County, Colorado","Local Government","NAICS 519120 Libraries and archives","County, NAICS 6-digit -- by ownership sector","All establishment sizes",1,0,0,0,0,0,0,0,"N",26.24,0,0,0,0,0,0,0,"N",0,0.0,0,0,0,0,0,0,0,0,0,0,0,0,0,0
"08053","3","519120","78","0","2016","3","N","Hinsdale County, Colorado","Local Government","NAICS 519120 Libraries and archives","County, NAICS 6-digit -- by ownership sector","All establishment sizes",1,0,0,0,0,0,0,0,"N",26.10,0,0,0,0,0,0,0,"N",0,0.0,0,0,0,0,0,0,0,0,0,0,0,0,0,0
"08053","3","519120","78","0","2016","4","N","Hinsdale County, Colorado","Local Government","NAICS 519120 Libraries and archives","County, NAICS 6-digit -- by ownership sector","All establishment sizes",1,0,0,0,0,0,0,0,"N",26.28,0,0,0,0,0,0,0,"N",0,0.0,0,0,0,0,0,0,0,0,0,0,0,0,0,0
"08053","3","61","74","0","2016","1","N","Hinsdale County, Colorado","Local Government","NAICS 61 Educational services","County, NAICS Sector -- by ownership sector","All establishment sizes",1,0,0,0,0,0,0,0,"N",1.94,0,0,0,0,0,0,0,"N",0,0.0,0,0,0,0,0,0,0,0,0,0,0,0,0,0
"08053","3","61","74","0","2016","2","N","Hinsdale County, Colorado","Local Government","NAICS 61 Educational services","County, NAICS Sector -- by ownership sector","All establishment sizes",1,0,0,0,0,0,0,0,"N",1.96,0,0,0,0,0,0,0,"N",0,0.0,0,0,0,0,0,0,0,0,0,0,0,0,0,0
"08053","3","61","74","0","2016","3","N","Hinsdale County, Colorado","Local Government","NAICS 61 Educational services","County, NAICS Sector -- by ownership sector","All establishment sizes",1,0,0,0,0,0,0,0,"N",1.94,0,0,0,0,0,0,0,"N",0,0.0,0,0,0,0,0,0,0,0,0,0,0,0,0,0
"08053","3","61","74","0","2016","4","N","Hinsdale County, Colorado","Local Government","NAICS 61 Educational services","County, NAICS Sector -- by ownership sector","All establishment sizes",1,0,0,0,0,0,0,0,"N",1.96,0,0,0,0,0,0,0,"N",0,0.0,0,0,0,0,0,0,0,0,0,0,0,0,0,0
"08053","3","611","75","0","2016","1","N","Hinsdale County, Colorado","Local Government","NAICS 611 Educational services","County, NAICS 3-digit -- by ownership sector","All establishment sizes",1,0,0,0,0,0,0,0,"N",1.94,0,0,0,0,0,0,0,"N",0,0.0,0,0,0,0,0,0,0,0,0,0,0,0,0,0
"08053","3","611","75","0","2016","2","N","Hinsdale County, Colorado","Local Government","NAICS 611 Educational services","County, NAICS 3-digit -- by ownership sector","All establishment sizes",1,0,0,0,0,0,0,0,"N",1.96,0,0,0,0,0,0,0,"N",0,0.0,0,0,0,0,0,0,0,0,0,0,0,0,0,0
"08053","3","611","75","0","2016","3","N","Hinsdale County, Colorado","Local Government","NAICS 611 Educational services","County, NAICS 3-digit -- by ownership sector","All establishment sizes",1,0,0,0,0,0,0,0,"N",1.94,0,0,0,0,0,0,0,"N",0,0.0,0,0,0,0,0,0,0,0,0,0,0,0,0,0
"08053","3","611","75","0","2016","4","N","Hinsdale County, Colorado","Local Government","NAICS 611 Educational services","County, NAICS 3-digit -- by ownership sector","All establishment sizes",1,0,0,0,0,0,0,0,"N",1.96,0,0,0,0,0,0,0,"N",0,0.0,0,0,0,0,0,0,0,0,0,0,0,0,0,0
"08053","3","6111","76","0","2016","1","N","Hinsdale County, Colorado","Local Government","NAICS 6111 Elementary and secondary schools","County, NAICS 4-digit -- by ownership sector","All establishment sizes",1,0,0,0,0,0,0,0,"N",2.01,0,0,0,0,0,0,0,"N",0,0.0,0,0,0,0,0,0,0,0,0,0,0,0,0,0
"08053","3","6111","76","0","2016","2","N","Hinsdale County, Colorado","Local Government","NAICS 6111 Elementary and secondary schools","County, NAICS 4-digit -- by ownership sector","All establishment sizes",1,0,0,0,0,0,0,0,"N",2.02,0,0,0,0,0,0,0,"N",0,0.0,0,0,0,0,0,0,0,0,0,0,0,0,0,0
"08053","3","6111","76","0","2016","3","N","Hinsdale County, Colorado","Local Government","NAICS 6111 Elementary and secondary schools","County, NAICS 4-digit -- by ownership sector","All establishment sizes",1,0,0,0,0,0,0,0,"N",2.01,0,0,0,0,0,0,0,"N",0,0.0,0,0,0,0,0,0,0,0,0,0,0,0,0,0
"08053","3","6111","76","0","2016","4","N","Hinsdale County, Colorado","Local Government","NAICS 6111 Elementary and secondary schools","County, NAICS 4-digit -- by ownership sector","All establishment sizes",1,0,0,0,0,0,0,0,"N",2.03,0,0,0,0,0,0,0,"N",0,0.0,0,0,0,0,0,0,0,0,0,0,0,0,0,0
"08053","3","61111","77","0","2016","1","N","Hinsdale County, Colorado","Local Government","NAICS 61111 Elementary and secondary schools","County, NAICS 5-digit -- by ownership sector","All establishment sizes",1,0,0,0,0,0,0,0,"N",2.01,0,0,0,0,0,0,0,"N",0,0.0,0,0,0,0,0,0,0,0,0,0,0,0,0,0
"08053","3","61111","77","0","2016","2","N","Hinsdale County, Colorado","Local Government","NAICS 61111 Elementary and secondary schools","County, NAICS 5-digit -- by ownership sector","All establishment sizes",1,0,0,0,0,0,0,0,"N",2.02,0,0,0,0,0,0,0,"N",0,0.0,0,0,0,0,0,0,0,0,0,0,0,0,0,0
"08053","3","61111","77","0","2016","3","N","Hinsdale County, Colorado","Local Government","NAICS 61111 Elementary and secondary schools","County, NAICS 5-digit -- by ownership sector","All establishment sizes",1,0,0,0,0,0,0,0,"N",2.01,0,0,0,0,0,0,0,"N",0,0.0,0,0,0,0,0,0,0,0,0,0,0,0,0,0
"08053","3","61111","77","0","2016","4","N","Hinsdale County, Colorado","Local Government","NAICS 61111 Elementary and secondary schools","County, NAICS 5-digit -- by ownership sector","All establishment sizes",1,0,0,0,0,0,0,0,"N",2.03,0,0,0,0,0,0,0,"N",0,0.0,0,0,0,0,0,0,0,0,0,0,0,0,0,0
"08053","3","611110","78","0","2016","1","N","Hinsdale County, Colorado","Local Government","NAICS 611110 Elementary and secondary schools","County, NAICS 6-digit -- by ownership sector","All establishment sizes",1,0,0,0,0,0,0,0,"N",2.01,0,0,0,0,0,0,0,"N",0,0.0,0,0,0,0,0,0,0,0,0,0,0,0,0,0
"08053","3","611110","78","0","2016","2","N","Hinsdale County, Colorado","Local Government","NAICS 611110 Elementary and secondary schools","County, NAICS 6-digit -- by ownership sector","All establishment sizes",1,0,0,0,0,0,0,0,"N",2.02,0,0,0,0,0,0,0,"N",0,0.0,0,0,0,0,0,0,0,0,0,0,0,0,0,0
"08053","3","611110","78","0","2016","3","N","Hinsdale County, Colorado","Local Government","NAICS 611110 Elementary and secondary schools","County, NAICS 6-digit -- by ownership sector","All establishment sizes",1,0,0,0,0,0,0,0,"N",2.01,0,0,0,0,0,0,0,"N",0,0.0,0,0,0,0,0,0,0,0,0,0,0,0,0,0
"08053","3","611110","78","0","2016","4","N","Hinsdale County, Colorado","Local Government","NAICS 611110 Elementary and secondary schools","County, NAICS 6-digit -- by ownership sector","All establishment sizes",1,0,0,0,0,0,0,0,"N",2.03,0,0,0,0,0,0,0,"N",0,0.0,0,0,0,0,0,0,0,0,0,0,0,0,0,0
"08053","3","92","74","0","2016","1","N","Hinsdale County, Colorado","Local Government","NAICS 92 Public administration","County, NAICS Sector -- by ownership sector","All establishment sizes",2,0,0,0,0,0,0,0,"N",4.18,0,0,0,0,0,0,0,"N",0,0.0,0,0,0,0,0,0,0,0,0,0,0,0,0,0
"08053","3","92","74","0","2016","2","N","Hinsdale County, Colorado","Local Government","NAICS 92 Public administration","County, NAICS Sector -- by ownership sector","All establishment sizes",2,0,0,0,0,0,0,0,"N",4.21,0,0,0,0,0,0,0,"N",0,0.0,0,0,0,0,0,0,0,0,0,0,0,0,0,0
"08053","3","92","74","0","2016","3","N","Hinsdale County, Colorado","Local Government","NAICS 92 Public administration","County, NAICS Sector -- by ownership sector","All establishment sizes",2,0,0,0,0,0,0,0,"N",4.19,0,0,0,0,0,0,0,"N",0,0.0,0,0,0,0,0,0,0,0,0,0,0,0,0,0
"08053","3","92","74","0","2016","4","N","Hinsdale County, Colorado","Local Government","NAICS 92 Public administration","County, NAICS Sector -- by ownership sector","All establishment sizes",2,0,0,0,0,0,0,0,"N",4.22,0,0,0,0,0,0,0,"N",0,0.0,0,0,0,0,0,0,0,0,0,0,0,0,0,0
"08053","3","921","75","0","2016","1","N","Hinsdale County, Colorado","Local Government","NAICS 921 Executive, legislative and general government","County, NAICS 3-digit -- by ownership sector","All establishment sizes",2,0,0,0,0,0,0,0,"N",7.03,0,0,0,0,0,0,0,"N",0,0.0,0,0,0,0,0,0,0,0,0,0,0,0,0,0
"08053","3","921","75","0","2016","2","N","Hinsdale County, Colorado","Local Government","NAICS 921 Executive, legislative and general government","County, NAICS 3-digit -- by ownership sector","All establishment sizes",2,0,0,0,0,0,0,0,"N",7.08,0,0,0,0,0,0,0,"N",0,0.0,0,0,0,0,0,0,0,0,0,0,0,0,0,0
"08053","3","921","75","0","2016","3","N","Hinsdale County, Colorado","Local Government","NAICS 921 Executive, legislative and general government","County, NAICS 3-digit -- by ownership sector","All establishment sizes",2,0,0,0,0,0,0,0,"N",7.05,0,0,0,0,0,0,0,"N",0,0.0,0,0,0,0,0,0,0,0,0,0,0,0,0,0
"08053","3","921","75","0","2016","4","N","Hinsdale County, Colorado","Local Government","NAICS 921 Executive, legislative and general government","County, NAICS 3-digit -- by ownership sector","All establishment sizes",2,0,0,0,0,0,0,0,"N",7.10,0,0,0,0,0,0,0,"N",0,0.0,0,0,0,0,0,0,0,0,0,0,0,0,0,0
"08053","3","9211","76","0","2016","1","N","Hinsdale County, Colorado","Local Government","NAICS 9211 Executive, legislative and general government","County, NAICS 4-digit -- by ownership sector","All establishment sizes",2,0,0,0,0,0,0,0,"N",7.03,0,0,0,0,0,0,0,"N",0,0.0,0,0,0,0,0,0,0,0,0,0,0,0,0,0
"08053","3","9211","76","0","2016","2","N","Hinsdale County, Colorado","Local Government","NAICS 9211 Executive, legislative and general government","County, NAICS 4-digit -- by ownership sector","All establishment sizes",2,0,0,0,0,0,0,0,"N",7.08,0,0,0,0,0,0,0,"N",0,0.0,0,0,0,0,0,0,0,0,0,0,0,0,0,0
"08053","3","9211","76","0","2016","3","N","Hinsdale County, Colorado","Local Government","NAICS 9211 Executive, legislative and general government","County, NAICS 4-digit -- by ownership sector","All establishment sizes",2,0,0,0,0,0,0,0,"N",7.05,0,0,0,0,0,0,0,"N",0,0.0,0,0,0,0,0,0,0,0,0,0,0,0,0,0
"08053","3","9211","76","0","2016","4","N","Hinsdale County, Colorado","Local Government","NAICS 9211 Executive, legislative and general government","County, NAICS 4-digit -- by ownership sector","All establishment sizes",2,0,0,0,0,0,0,0,"N",7.10,0,0,0,0,0,0,0,"N",0,0.0,0,0,0,0,0,0,0,0,0,0,0,0,0,0
"08053","3","92114","77","0","2016","1","N","Hinsdale County, Colorado","Local Government","NAICS 92114 Executive and legislative offices, combined","County, NAICS 5-digit -- by ownership sector","All establishment sizes",2,0,0,0,0,0,0,0,"N",12.00,0,0,0,0,0,0,0,"N",0,0.0,0,0,0,0,0,0,0,0,0,0,0,0,0,0
"08053","3","92114","77","0","2016","2","N","Hinsdale County, Colorado","Local Government","NAICS 92114 Executive and legislative offices, combined","County, NAICS 5-digit -- by ownership sector","All establishment sizes",2,0,0,0,0,0,0,0,"N",12.09,0,0,0,0,0,0,0,"N",0,0.0,0,0,0,0,0,0,0,0,0,0,0,0,0,0
"08053","3","92114","77","0","2016","3","N","Hinsdale County, Colorado","Local Government","NAICS 92114 Executive and legislative offices, combined","County, NAICS 5-digit -- by ownership sector","All establishment sizes",2,0,0,0,0,0,0,0,"N",12.03,0,0,0,0,0,0,0,"N",0,0.0,0,0,0,0,0,0,0,0,0,0,0,0,0,0
"08053","3","92114","77","0","2016","4","N","Hinsdale County, Colorado","Local Government","NAICS 92114 Executive and legislative offices, combined","County, NAICS 5-digit -- by ownership sector","All establishment sizes",2,0,0,0,0,0,0,0,"N",12.12,0,0,0,0,0,0,0,"N",0,0.0,0,0,0,0,0,0,0,0,0,0,0,0,0,0
"08053","3","921140","78","0","2016","1","N","Hinsdale County, Colorado","Local Government","NAICS 921140 Executive and legislative offices, combined","County, NAICS 6-digit -- by ownership sector","All establishment sizes",2,0,0,0,0,0,0,0,"N",12.00,0,0,0,0,0,0,0,"N",0,0.0,0,0,0,0,0,0,0,0,0,0,0,0,0,0
"08053","3","921140","78","0","2016","2","N","Hinsdale County, Colorado","Local Government","NAICS 921140 Executive and legislative offices, combined","County, NAICS 6-digit -- by ownership sector","All establishment sizes",2,0,0,0,0,0,0,0,"N",12.09,0,0,0,0,0,0,0,"N",0,0.0,0,0,0,0,0,0,0,0,0,0,0,0,0,0
"08053","3","921140","78","0","2016","3","N","Hinsdale County, Colorado","Local Government","NAICS 921140 Executive and legislative offices, combined","County, NAICS 6-digit -- by ownership sector","All establishment sizes",2,0,0,0,0,0,0,0,"N",12.03,0,0,0,0,0,0,0,"N",0,0.0,0,0,0,0,0,0,0,0,0,0,0,0,0,0
"08053","3","921140","78","0","2016","4","N","Hinsdale County, Colorado","Local Government","NAICS 921140 Executive and legislative offices, combined","County, NAICS 6-digit -- by ownership sector","All establishment sizes",2,0,0,0,0,0,0,0,"N",12.12,0,0,0,0,0,0,0,"N",0,0.0,0,0,0,0,0,0,0,0,0,0,0,0,0,0
"08053","5","10","71","0","2016","1","","Hinsdale County, Colorado","Private","10 Total, all industries","County, Total -- by ownership sector","All establishment sizes",66,136,142,134,1011590,927076,12484,567,"",0.91,0.70,0.71,0.69,0.68,0.66,0.90,0.97,"",-4,-5.7,-12,-8.1,-6,-4.1,-17,-11.3,10192,1.0,6184,0.7,-6787,-35.2,50,9.7
"08053","5","10","71","0","2016","2","","Hinsdale County, Colorado","Private","10 Total, all industries","County, Total -- by ownership sector","All establishment sizes",66,139,163,244,1097598,615440,9732,464,"",0.91,0.73,0.75,0.87,0.75,0.56,0.87,0.94,"",-2,-2.9,-25,-15.2,-18,-9.9,12,5.2,-126833,-10.4,-102732,-14.3,-3984,-29.0,-26,-5.3
"08053","5","10","71","0","2016","3","","Hinsdale County, Colorado","Private","10 Total, all industries","County, Total -- by ownership sector","All establishment sizes",67,271,262,217,1626767,825020,15074,501,"",0.91,0.88,0.87,0.83,0.82,0.63,0.91,0.95,"",0,0.0,-8,-2.9,30,12.9,4,1.9,184766,12.8,114526,16.1,2774,22.6,41,8.9
"08053","5","10","71","0","2016","4","","Hinsdale County, Colorado","Private","10 Total, all industries","County, Total -- by ownership sector","All establishment sizes",67,179,156,164,1406838,438608,8644,651,"",0.91,0.77,0.72,0.75,0.77,0.63,0.92,1.03,"",2,3.1,-1,-0.6,0,0.0,18,12.3,99481,7.6,23609,5.7,1926,28.7,25,4.0
"08053","5","101","72","0","2016","1","","Hinsdale County, Colorado","Private","101 Goods-producing","County, by Domain -- by ownership sector","All establishment sizes",16,41,43,41,363815,341062,5774,672,"",1.65,1.22,1.24,1.23,1.25,1.06,1.46,1.02,"",1,6.7,-5,-10.9,-6,-12.2,-10,-19.6,-27106,-6.9,-36957,-9.8,-4282,-42.6,54,8.7
"08053","5","101","72","0","2016","2","","Hinsdale County, Colorado","Private","101 Goods-producing","County, by Domain -- by ownership sector","All establishment sizes",17,50,55,55,470167,199319,5203,678,"",1.75,1.51,1.47,1.12,1.58,0.88,1.71,1.18,"",2,13.3,-8,-13.8,-5,-8.3,-9,-14.1,-46041,-8.9,-70832,-26.2,-2277,-30.4,23,3.5
"08053","5","101","72","0","2016","3","","Hinsdale County, Colorado","Private","101 Goods-producing","County, by Domain -- by ownership sector","All establishment sizes",18,52,59,51,523939,191734,6743,746,"",1.83,0.97,1.12,1.12,1.30,0.77,1.58,1.21,"",2,12.5,-12,-18.8,8,15.7,2,4.1,21272,4.2,27995,17.1,1658,32.6,39,5.5
"08053","5","101","72","0","2016","4","","Hinsdale County, Colorado","Private","101 Goods-producing","County, by Domain -- by ownership sector","All establishment sizes",18,49,51,49,498595,169839,6151,772,"",1.84,1.22,1.38,1.32,1.36,1.44,2.86,1.05,"",3,20.0,-12,-19.7,-3,-5.6,3,6.5,-3053,-0.6,53929,46.5,3088,100.8,53,7.4
"08053","5","1011","73","0","2016","1","N","Hinsdale County, Colorado","Private","1011 Natural resources and mining","County, by Supersector -- by ownership sector","All establishment sizes",3,0,0,0,0,0,0,0,"N",2.79,0,0,0,0,0,0,0,"N",-1,-25.0,0,0,0,0,0,0,0,0,0,0,0,0,0,0
"08053","5","1011","73","0","2016","2","","Hinsdale County, Colorado","Private","1011 Natural resources and mining","County, by Supersector -- by ownership sector","All establishment sizes",4,6,10,9,95311,30137,476,880,"",3.76,2.01,2.90,1.97,3.94,1.31,1.56,1.73,"",0,0.0,-6,-50.0,-2,-16.7,-3,-25.0,-49704,-34.3,-40639,-57.4,-587,-55.2,-50,-5.4
"08053","5","1011","73","0","2016","3","","Hinsdale County, Colorado","Private","1011 Natural resources and mining","County, by Supersector -- by ownership sector","All establishment sizes",4,11,14,10,160000,74917,1303,1055,"",3.73,2.18,2.88,2.37,4.96,2.46,2.57,2.00,"",0,0.0,0,0.0,7,100.0,3,42.9,64784,68.0,57537,331.1,1042,399.2,176,20.0
"08053","5","1011","73","0","2016","4","N","Hinsdale County, Colorado","Private","1011 Natural resources and mining","County, by Supersector -- by ownership sector","All establishment sizes",4,0,0,0,0,0,0,0,"N",3.75,0,0,0,0,0,0,0,"N",1,33.3,0,0,0,0,0,0,0,0,0,0,0,0,0,0
"08053","5","1012","73","0","2016","1","N","Hinsdale County, Colorado","Private","1012 Construction","County, by Supersector -- by ownership sector","All establishment sizes",13,0,0,0,0,0,0,0,"N",2.18,0,0,0,0,0,0,0,"N",2,18.2,0,0,0,0,0,0,0,0,0,0,0,0,0,0
"08053","5","1012","73","0","2016","2","","Hinsdale County, Colorado","Private","1012 Construction","County, by Supersector -- by ownership sector","All establishment sizes",13,44,45,46,374856,169182,4727,641,"",2.17,4.18,3.74,2.91,4.17,1.98,3.04,1.18,"",2,18.2,-2,-4.3,-3,-6.2,-6,-11.5,3663,1.0,-30193,-15.1,-1690,-26.3,54,9.2
"08053","5","1012","73","0","2016","3","","Hinsdale County, Colorado","Private","1012 Construction","County, by Supersector -- by ownership sector","All establishment sizes",14,41,45,41,363939,116817,5440,661,"",2.31,2.34,2.62,2.75,2.88,1.11,2.32,1.12,"",2,16.7,-12,-22.6,1,2.3,-1,-2.4,-43512,-10.7,-29542,-20.2,616,12.8,-15,-2.2
"08053","5","1012","73","0","2016","4","N","Hinsdale County, Colorado","Private","1012 Construction","County, by Supersector -- by ownership sector","All establishment sizes",14,0,0,0,0,0,0,0,"N",2.31,0,0,0,0,0,0,0,"N",2,16.7,0,0,0,0,0,0,0,0,0,0,0,0,0,0
"08053","5","102","72","0","2016","1","","Hinsdale County, Colorado","Private","102 Service-providing","County, by Domain -- by ownership sector","All establishment sizes",50,95,99,93,647775,586014,6710,521,"",0.79,0.59,0.59,0.58,0.54,0.54,0.67,0.92,"",-5,-9.1,-7,-6.9,0,0.0,-7,-7.0,37298,6.1,43141,7.9,-2505,-27.2,53,11.3
"08053","5","102","72","0","2016","2","","Hinsdale County, Colorado","Private","102 Service-providing","County, by Domain -- by ownership sector","All establishment sizes",49,89,108,189,627431,416121,4529,375,"",0.78,0.56,0.61,0.82,0.54,0.48,0.56,0.79,"",-4,-7.5,-17,-16.0,-13,-10.7,21,12.5,-80792,-11.4,-31900,-7.1,-1707,-27.4,-39,-9.4
"08053","5","102","72","0","2016","3","","Hinsdale County, Colorado","Private","102 Service-providing","County, by Domain -- by ownership sector","All establishment sizes",49,219,203,166,1102828,633286,8331,433,"",0.77,0.86,0.82,0.77,0.70,0.60,0.68,0.85,"",-2,-3.9,4,1.9,22,12.2,2,1.2,163494,17.4,86531,15.8,1116,15.5,46,11.9
"08053","5","102","72","0","2016","4","","Hinsdale County, Colorado","Private","102 Service-providing","County, by Domain -- by ownership sector","All establishment sizes",49,130,105,115,908243,268769,2493,599,"",0.77,0.68,0.59,0.63,0.62,0.47,0.34,0.98,"",-1,-2.0,11,9.2,3,2.9,15,15.0,102534,12.7,-30320,-10.1,-1162,-31.8,20,3.5
"08053","5","1021","73","0","2016","1","","Hinsdale County, Colorado","Private","1021 Trade, transportation, and utilities","County, by Supersector -- by ownership sector","All establishment sizes",12,21,21,21,151786,143671,1390,556,"",0.80,0.48,0.46,0.48,0.55,0.45,0.52,1.17,"",-2,-14.3,1,5.0,0,0.0,1,5.0,-1946,-1.3,2597,1.8,-438,-24.0,-26,-4.5
"08053","5","1021","73","0","2016","2","","Hinsdale County, Colorado","Private","1021 Trade, transportation, and utilities","County, by Supersector -- by ownership sector","All establishment sizes",12,20,23,41,168200,77772,775,462,"",0.81,0.47,0.48,0.66,0.60,0.30,0.36,1.10,"",-1,-7.7,-6,-23.1,-6,-20.7,-5,-10.9,-9428,-5.3,1175,1.5,-164,-17.5,56,13.8
"08053","5","1021","73","0","2016","3","","Hinsdale County, Colorado","Private","1021 Trade, transportation, and utilities","County, by Supersector -- by ownership sector","All establishment sizes",13,61,52,41,271273,113655,1197,407,"",0.87,0.89,0.78,0.71,0.73,0.38,0.40,0.91,"",0,0.0,2,3.4,-3,-5.5,3,7.9,18317,7.2,11673,11.4,-59,-4.7,23,6.0
"08053","5","1021","73","0","2016","4","","Hinsdale County, Colorado","Private","1021 Trade, transportation, and utilities","County, by Supersector -- by ownership sector","All establishment sizes",13,26,26,31,273440,48306,504,760,"",0.87,0.50,0.53,0.62,0.81,0.30,0.28,1.46,"",1,8.3,-6,-18.8,3,13.0,5,19.2,54529,24.9,-15364,-24.1,-191,-27.5,136,21.8
"08053","5","1022","73","0","2016","1","N","Hinsdale County, Colorado","Private","1022 Information","County, by Supersector -- by ownership sector","All establishment sizes",2,0,0,0,0,0,0,0,"N",1.66,0,0,0,0,0,0,0,"N",0,0.0,0,0,0,0,0,0,0,0,0,0,0,0,0,0
"08053","5","1022","73","0","2016","2","N","Hinsdale County, Colorado","Private","1022 Information","County, by Supersector -- by ownership sector","All establishment sizes",2,0,0,0,0,0,0,0,"N",1.65,0,0,0,0,0,0,0,"N",0,0.0,0,0,0,0,0,0,0,0,0,0,0,0,0,0
"08053","5","1022","73","0","2016","3","N","Hinsdale County, Colorado","Private","1022 Information","County, by Supersector -- by ownership sector","All establishment sizes",2,0,0,0,0,0,0,0,"N",1.63,0,0,0,0,0,0,0,"N",0,0.0,0,0,0,0,0,0,0,0,0,0,0,0,0,0
"08053","5","1022","73","0","2016","4","N","Hinsdale County, Colorado","Private","1022 Information","County, by Supersector -- by ownership sector","All establishment sizes",2,0,0,0,0,0,0,0,"N",1.62,0,0,0,0,0,0,0,"N",0,0.0,0,0,0,0,0,0,0,0,0,0,0,0,0,0
"08053","5","1023","73","0","2016","1","","Hinsdale County, Colorado","Private","1023 Financial activities","County, by Supersector -- by ownership sector","All establishment sizes",7,10,9,10,99052,47278,1251,788,"",1.05,0.77,0.67,0.78,0.50,0.36,1.06,0.67,"",1,16.7,-2,-16.7,-3,-25.0,-1,-9.1,25776,35.2,-10838,-18.6,277,28.4,305,63.1
"08053","5","1023","73","0","2016","2","N","Hinsdale County, Colorado","Private","1023 Financial activities","County, by Supersector -- by ownership sector","All establishment sizes",7,0,0,0,0,0,0,0,"N",1.06,0,0,0,0,0,0,0,"N",1,16.7,0,0,0,0,0,0,0,0,0,0,0,0,0,0
"08053","5","1023","73","0","2016","3","","Hinsdale County, Colorado","Private","1023 Financial activities","County, by Supersector -- by ownership sector","All establishment sizes",7,13,15,15,146801,28334,447,788,"",1.05,0.64,0.75,0.87,0.75,0.40,0.57,1.00,"",1,16.7,0,0.0,3,25.0,4,36.4,56993,63.5,10842,62.0,-16,-3.5,212,36.8
"08053","5","1023","73","0","2016","4","N","Hinsdale County, Colorado","Private","1023 Financial activities","County, by Supersector -- by ownership sector","All establishment sizes",5,0,0,0,0,0,0,0,"N",0.75,0,0,0,0,0,0,0,"N",-1,-16.7,0,0,0,0,0,0,0,0,0,0,0,0,0,0
"08053","5","1024","73","0","2016","1","","Hinsdale County, Colorado","Private","1024 Professional and business services","County, by Supersector -- by ownership sector","All establishment sizes",5,6,6,4,41990,41990,457,606,"",0.37,0.19,0.18,0.12,0.13,0.15,0.15,0.79,"",-1,-16.7,0,0.0,-1,-14.3,-3,-42.9,-63847,-60.3,-27594,-39.7,-824,-64.3,-615,-50.4
"08053","5","1024","73","0","2016","2","","Hinsdale County, Colorado","Private","1024 Professional and business services","County, by Supersector -- by ownership sector","All establishment sizes",5,6,6,4,44657,26168,287,644,"",0.37,0.19,0.17,0.09,0.14,0.13,0.12,1.00,"",0,0.0,0,0.0,-2,-25.0,-3,-42.9,-48813,-52.2,-5218,-16.6,-289,-50.2,-383,-37.3
"08053","5","1024","73","0","2016","3","","Hinsdale County, Colorado","Private","1024 Professional and business services","County, by Supersector -- by ownership sector","All establishment sizes",4,6,6,4,47244,5040,55,681,"",0.29,0.12,0.12,0.09,0.11,0.02,0.02,1.01,"",-1,-20.0,-3,-33.3,-1,-14.3,-5,-55.6,-44940,-48.8,-8800,-63.6,-204,-78.8,-170,-20.0
"08053","5","1024","73","0","2016","4","","Hinsdale County, Colorado","Private","1024 Professional and business services","County, by Supersector -- by ownership sector","All establishment sizes",4,6,6,4,44777,400,5,646,"",0.29,0.16,0.17,0.11,0.11,0.00,0.00,0.77,"",-2,-33.3,-1,-14.3,-3,-33.3,-6,-60.0,-61967,-58.1,-15589,-97.5,-339,-98.5,-301,-31.8
"08053","5","1025","73","0","2016","1","N","Hinsdale County, Colorado","Private","1025 Education and health services","County, by Supersector -- by ownership sector","All establishment sizes",2,0,0,0,0,0,0,0,"N",0.16,0,0,0,0,0,0,0,"N",0,0.0,0,0,0,0,0,0,0,0,0,0,0,0,0,0
"08053","5","1025","73","0","2016","2","N","Hinsdale County, Colorado","Private","1025 Education and health services","County, by Supersector -- by ownership sector","All establishment sizes",2,0,0,0,0,0,0,0,"N",0.16,0,0,0,0,0,0,0,"N",0,0.0,0,0,0,0,0,0,0,0,0,0,0,0,0,0
"08053","5","1025","73","0","2016","3","N","Hinsdale County, Colorado","Private","1025 Education and health services","County, by Supersector -- by ownership sector","All establishment sizes",2,0,0,0,0,0,0,0,"N",0.16,0,0,0,0,0,0,0,"N",0,0.0,0,0,0,0,0,0,0,0,0,0,0,0,0,0
"08053","5","1025","73","0","2016","4","N","Hinsdale County, Colorado","Private","1025 Education and health services","County, by Supersector -- by ownership sector","All establishment sizes",2,0,0,0,0,0,0,0,"N",0.16,0,0,0,0,0,0,0,"N",0,0.0,0,0,0,0,0,0,0,0,0,0,0,0,0,0
"08053","5","1026","73","0","2016","1","","Hinsdale County, Colorado","Private","1026 Leisure and hospitality","County, by Supersector -- by ownership sector","All establishment sizes",19,31,36,31,163491,161619,2643,385,"",3.00,1.27,1.42,1.26,2.24,1.47,3.00,1.70,"",-1,-5.0,-7,-18.4,0,0.0,-5,-13.9,24144,17.3,25805,19.0,-1267,-32.4,93,31.8
"08053","5","1026","73","0","2016","2","","Hinsdale County, Colorado","Private","1026 Leisure and hospitality","County, by Supersector -- by ownership sector","All establishment sizes",18,26,40,84,164279,126300,2257,253,"",2.84,1.05,1.41,2.25,2.01,0.85,1.74,1.21,"",-2,-10.0,-9,-25.7,-2,-4.8,12,16.7,-10568,-6.0,-23316,-15.6,-963,-29.9,-18,-6.6
"08053","5","1026","73","0","2016","3","","Hinsdale County, Colorado","Private","1026 Leisure and hospitality","County, by Supersector -- by ownership sector","All establishment sizes",18,97,83,59,415508,313096,5905,401,"",2.81,2.37,2.07,1.73,3.67,1.50,2.61,1.76,"",-1,-5.3,6,6.6,4,5.1,-9,-13.2,91170,28.1,43730,16.2,1490,33.7,87,27.7
"08053","5","1026","73","0","2016","4","","Hinsdale County, Colorado","Private","1026 Leisure and hospitality","County, by Supersector -- by ownership sector","All establishment sizes",20,47,34,39,205482,64610,1258,395,"",3.12,1.58,1.25,1.41,2.06,0.60,1.06,1.45,"",2,11.1,13,38.2,4,13.3,10,34.5,38422,23.0,4639,7.7,110,9.6,-20,-4.8
"08053","5","1027","73","0","2016","1","","Hinsdale County, Colorado","Private","1027 Other services","County, by Supersector -- by ownership sector","All establishment sizes",3,6,5,5,31904,31904,290,460,"",0.47,0.85,0.68,0.71,0.93,0.75,0.77,1.24,"",-2,-40.0,-1,-14.3,-2,-28.6,-1,-16.7,-1972,-5.8,-1972,-5.8,-126,-30.3,69,17.6
"08053","5","1027","73","0","2016","2","","Hinsdale County, Colorado","Private","1027 Other services","County, by Supersector -- by ownership sector","All establishment sizes",3,7,7,7,47883,27475,256,526,"",0.47,1.00,0.89,0.68,1.29,0.71,0.75,1.55,"",-2,-40.0,-2,-22.2,-2,-22.2,-3,-30.0,-401,-0.8,-7302,-21.0,-127,-33.2,128,32.2
"08053","5","1027","73","0","2016","3","","Hinsdale County, Colorado","Private","1027 Other services","County, by Supersector -- by ownership sector","All establishment sizes",3,9,9,8,50954,9881,91,452,"",0.46,0.80,0.82,0.84,1.02,0.22,0.18,1.24,"",-1,-25.0,0,0.0,-2,-18.2,1,14.3,6872,15.6,72,0.7,-10,-9.9,75,19.9
"08053","5","1027","73","0","2016","4","","Hinsdale County, Colorado","Private","1027 Other services","County, by Supersector -- by ownership sector","All establishment sizes",3,6,5,6,57329,967,8,778,"",0.46,0.71,0.64,0.76,1.30,0.04,0.03,1.84,"",-1,-25.0,-1,-14.3,-3,-37.5,-1,-14.3,5116,9.8,-6963,-87.8,-70,-89.7,230,42.0
"08053","5","11","74","0","2016","1","N","Hinsdale County, Colorado","Private","NAICS 11 Agriculture, forestry, fishing and hunting","County, NAICS Sector -- by ownership sector","All establishment sizes",1,0,0,0,0,0,0,0,"N",1.25,0,0,0,0,0,0,0,"N",0,0.0,0,0,0,0,0,0,0,0,0,0,0,0,0,0
"08053","5","11","74","0","2016","2","N","Hinsdale County, Colorado","Private","NAICS 11 Agriculture, forestry, fishing and hunting","County, NAICS Sector -- by ownership sector","All establishment sizes",1,0,0,0,0,0,0,0,"N",1.25,0,0,0,0,0,0,0,"N",0,0.0,0,0,0,0,0,0,0,0,0,0,0,0,0,0
"08053","5","11","74","0","2016","3","N","Hinsdale County, Colorado","Private","NAICS 11 Agriculture, forestry, fishing and hunting","County, NAICS Sector -- by ownership sector","All establishment sizes",1,0,0,0,0,0,0,0,"N",1.24,0,0,0,0,0,0,0,"N",0,0.0,0,0,0,0,0,0,0,0,0,0,0,0,0,0
"08053","5","11","74","0","2016","4","N","Hinsdale County, Colorado","Private","NAICS 11 Agriculture, forestry, fishing and hunting","County, NAICS Sector -- by ownership sector","All establishment sizes",1,0,0,0,0,0,0,0,"N",1.24,0,0,0,0,0,0,0,"N",0,0.0,0,0,0,0,0,0,0,0,0,0,0,0,0,0
"08053","5","112","75","0","2016","1","N","Hinsdale County, Colorado","Private","NAICS 112 Animal production and aquaculture","County, NAICS 3-digit -- by ownership sector","All establishment sizes",1,0,0,0,0,0,0,0,"N",5.10,0,0,0,0,0,0,0,"N",0,0.0,0,0,0,0,0,0,0,0,0,0,0,0,0,0
"08053","5","112","75","0","2016","2","N","Hinsdale County, Colorado","Private","NAICS 112 Animal production and aquaculture","County, NAICS 3-digit -- by ownership sector","All establishment sizes",1,0,0,0,0,0,0,0,"N",5.12,0,0,0,0,0,0,0,"N",0,0.0,0,0,0,0,0,0,0,0,0,0,0,0,0,0
"08053","5","112","75","0","2016","3","N","Hinsdale County, Colorado","Private","NAICS 112 Animal production and aquaculture","County, NAICS 3-digit -- by ownership sector","All establishment sizes",1,0,0,0,0,0,0,0,"N",5.07,0,0,0,0,0,0,0,"N",0,0.0,0,0,0,0,0,0,0,0,0,0,0,0,0,0
"08053","5","112","75","0","2016","4","N","Hinsdale County, Colorado","Private","NAICS 112 Animal production and aquaculture","County, NAICS 3-digit -- by ownership sector","All establishment sizes",1,0,0,0,0,0,0,0,"N",5.09,0,0,0,0,0,0,0,"N",0,0.0,0,0,0,0,0,0,0,0,0,0,0,0,0,0
"08053","5","1121","76","0","2016","1","N","Hinsdale County, Colorado","Private","NAICS 1121 Cattle ranching and farming","County, NAICS 4-digit -- by ownership sector","All establishment sizes",1,0,0,0,0,0,0,0,"N",7.76,0,0,0,0,0,0,0,"N",0,0.0,0,0,0,0,0,0,0,0,0,0,0,0,0,0
"08053","5","1121","76","0","2016","2","N","Hinsdale County, Colorado","Private","NAICS 1121 Cattle ranching and farming","County, NAICS 4-digit -- by ownership sector","All establishment sizes",1,0,0,0,0,0,0,0,"N",7.79,0,0,0,0,0,0,0,"N",0,0.0,0,0,0,0,0,0,0,0,0,0,0,0,0,0
"08053","5","1121","76","0","2016","3","N","Hinsdale County, Colorado","Private","NAICS 1121 Cattle ranching and farming","County, NAICS 4-digit -- by ownership sector","All establishment sizes",1,0,0,0,0,0,0,0,"N",7.72,0,0,0,0,0,0,0,"N",0,0.0,0,0,0,0,0,0,0,0,0,0,0,0,0,0
"08053","5","1121","76","0","2016","4","N","Hinsdale County, Colorado","Private","NAICS 1121 Cattle ranching and farming","County, NAICS 4-digit -- by ownership sector","All establishment sizes",1,0,0,0,0,0,0,0,"N",7.76,0,0,0,0,0,0,0,"N",0,0.0,0,0,0,0,0,0,0,0,0,0,0,0,0,0
"08053","5","11211","77","0","2016","1","N","Hinsdale County, Colorado","Private","NAICS 11211 Beef cattle ranching, farming, and feedlots","County, NAICS 5-digit -- by ownership sector","All establishment sizes",1,0,0,0,0,0,0,0,"N",13.66,0,0,0,0,0,0,0,"N",0,0.0,0,0,0,0,0,0,0,0,0,0,0,0,0,0
"08053","5","11211","77","0","2016","2","N","Hinsdale County, Colorado","Private","NAICS 11211 Beef cattle ranching, farming, and feedlots","County, NAICS 5-digit -- by ownership sector","All establishment sizes",1,0,0,0,0,0,0,0,"N",13.66,0,0,0,0,0,0,0,"N",0,0.0,0,0,0,0,0,0,0,0,0,0,0,0,0,0
"08053","5","11211","77","0","2016","3","N","Hinsdale County, Colorado","Private","NAICS 11211 Beef cattle ranching, farming, and feedlots","County, NAICS 5-digit -- by ownership sector","All establishment sizes",1,0,0,0,0,0,0,0,"N",13.50,0,0,0,0,0,0,0,"N",0,0.0,0,0,0,0,0,0,0,0,0,0,0,0,0,0
"08053","5","11211","77","0","2016","4","N","Hinsdale County, Colorado","Private","NAICS 11211 Beef cattle ranching, farming, and feedlots","County, NAICS 5-digit -- by ownership sector","All establishment sizes",1,0,0,0,0,0,0,0,"N",13.52,0,0,0,0,0,0,0,"N",0,0.0,0,0,0,0,0,0,0,0,0,0,0,0,0,0
"08053","5","112111","78","0","2016","1","N","Hinsdale County, Colorado","Private","NAICS 112111 Beef cattle ranching and farming","County, NAICS 6-digit -- by ownership sector","All establishment sizes",1,0,0,0,0,0,0,0,"N",15.48,0,0,0,0,0,0,0,"N",0,0.0,0,0,0,0,0,0,0,0,0,0,0,0,0,0
"08053","5","112111","78","0","2016","2","N","Hinsdale County, Colorado","Private","NAICS 112111 Beef cattle ranching and farming","County, NAICS 6-digit -- by ownership sector","All establishment sizes",1,0,0,0,0,0,0,0,"N",15.47,0,0,0,0,0,0,0,"N",0,0.0,0,0,0,0,0,0,0,0,0,0,0,0,0,0
"08053","5","112111","78","0","2016","3","N","Hinsdale County, Colorado","Private","NAICS 112111 Beef cattle ranching and farming","County, NAICS 6-digit -- by ownership sector","All establishment sizes",1,0,0,0,0,0,0,0,"N",15.28,0,0,0,0,0,0,0,"N",0,0.0,0,0,0,0,0,0,0,0,0,0,0,0,0,0
"08053","5","112111","78","0","2016","4","N","Hinsdale County, Colorado","Private","NAICS 112111 Beef cattle ranching and farming","County, NAICS 6-digit -- by ownership sector","All establishment sizes",1,0,0,0,0,0,0,0,"N",15.29,0,0,0,0,0,0,0,"N",0,0.0,0,0,0,0,0,0,0,0,0,0,0,0,0,0
"08053","5","21","74","0","2016","1","N","Hinsdale County, Colorado","Private","NAICS 21 Mining, quarrying, and oil and gas extraction","County, NAICS Sector -- by ownership sector","All establishment sizes",2,0,0,0,0,0,0,0,"N",7.37,0,0,0,0,0,0,0,"N",-1,-33.3,0,0,0,0,0,0,0,0,0,0,0,0,0,0
"08053","5","21","74","0","2016","2","N","Hinsdale County, Colorado","Private","NAICS 21 Mining, quarrying, and oil and gas extraction","County, NAICS Sector -- by ownership sector","All establishment sizes",3,0,0,0,0,0,0,0,"N",11.28,0,0,0,0,0,0,0,"N",0,0.0,0,0,0,0,0,0,0,0,0,0,0,0,0,0
"08053","5","21","74","0","2016","3","N","Hinsdale County, Colorado","Private","NAICS 21 Mining, quarrying, and oil and gas extraction","County, NAICS Sector -- by ownership sector","All establishment sizes",3,0,0,0,0,0,0,0,"N",11.35,0,0,0,0,0,0,0,"N",0,0.0,0,0,0,0,0,0,0,0,0,0,0,0,0,0
"08053","5","21","74","0","2016","4","N","Hinsdale County, Colorado","Private","NAICS 21 Mining, quarrying, and oil and gas extraction","County, NAICS Sector -- by ownership sector","All establishment sizes",3,0,0,0,0,0,0,0,"N",11.52,0,0,0,0,0,0,0,"N",1,50.0,0,0,0,0,0,0,0,0,0,0,0,0,0,0
"08053","5","212","75","0","2016","1","N","Hinsdale County, Colorado","Private","NAICS 212 Mining, except oil and gas","County, NAICS 3-digit -- by ownership sector","All establishment sizes",2,0,0,0,0,0,0,0,"N",35.88,0,0,0,0,0,0,0,"N",0,0.0,0,0,0,0,0,0,0,0,0,0,0,0,0,0
"08053","5","212","75","0","2016","2","N","Hinsdale County, Colorado","Private","NAICS 212 Mining, except oil and gas","County, NAICS 3-digit -- by ownership sector","All establishment sizes",2,0,0,0,0,0,0,0,"N",36.36,0,0,0,0,0,0,0,"N",0,0.0,0,0,0,0,0,0,0,0,0,0,0,0,0,0
"08053","5","212","75","0","2016","3","N","Hinsdale County, Colorado","Private","NAICS 212 Mining, except oil and gas","County, NAICS 3-digit -- by ownership sector","All establishment sizes",2,0,0,0,0,0,0,0,"N",36.40,0,0,0,0,0,0,0,"N",0,0.0,0,0,0,0,0,0,0,0,0,0,0,0,0,0
"08053","5","212","75","0","2016","4","N","Hinsdale County, Colorado","Private","NAICS 212 Mining, except oil and gas","County, NAICS 3-digit -- by ownership sector","All establishment sizes",2,0,0,0,0,0,0,0,"N",36.63,0,0,0,0,0,0,0,"N",0,0.0,0,0,0,0,0,0,0,0,0,0,0,0,0,0
"08053","5","2122","76","0","2016","1","N","Hinsdale County, Colorado","Private","NAICS 2122 Metal ore mining","County, NAICS 4-digit -- by ownership sector","All establishment sizes",2,0,0,0,0,0,0,0,"N",615.47,0,0,0,0,0,0,0,"N",0,0.0,0,0,0,0,0,0,0,0,0,0,0,0,0,0
"08053","5","2122","76","0","2016","2","N","Hinsdale County, Colorado","Private","NAICS 2122 Metal ore mining","County, NAICS 4-digit -- by ownership sector","All establishment sizes",2,0,0,0,0,0,0,0,"N",632.53,0,0,0,0,0,0,0,"N",0,0.0,0,0,0,0,0,0,0,0,0,0,0,0,0,0
"08053","5","2122","76","0","2016","3","N","Hinsdale County, Colorado","Private","NAICS 2122 Metal ore mining","County, NAICS 4-digit -- by ownership sector","All establishment sizes",2,0,0,0,0,0,0,0,"N",632.52,0,0,0,0,0,0,0,"N",0,0.0,0,0,0,0,0,0,0,0,0,0,0,0,0,0
"08053","5","2122","76","0","2016","4","N","Hinsdale County, Colorado","Private","NAICS 2122 Metal ore mining","County, NAICS 4-digit -- by ownership sector","All establishment sizes",2,0,0,0,0,0,0,0,"N",601.52,0,0,0,0,0,0,0,"N",0,0.0,0,0,0,0,0,0,0,0,0,0,0,0,0,0
"08053","5","21222","77","0","2016","1","N","Hinsdale County, Colorado","Private","NAICS 21222 Gold ore and silver ore mining","County, NAICS 5-digit -- by ownership sector","All establishment sizes",2,0,0,0,0,0,0,0,"N",1075.79,0,0,0,0,0,0,0,"N",0,0.0,0,0,0,0,0,0,0,0,0,0,0,0,0,0
"08053","5","21222","77","0","2016","2","N","Hinsdale County, Colorado","Private","NAICS 21222 Gold ore and silver ore mining","County, NAICS 5-digit -- by ownership sector","All establishment sizes",2,0,0,0,0,0,0,0,"N",1107.60,0,0,0,0,0,0,0,"N",0,0.0,0,0,0,0,0,0,0,0,0,0,0,0,0,0
"08053","5","21222","77","0","2016","3","N","Hinsdale County, Colorado","Private","NAICS 21222 Gold ore and silver ore mining","County, NAICS 5-digit -- by ownership sector","All establishment sizes",2,0,0,0,0,0,0,0,"N",1116.54,0,0,0,0,0,0,0,"N",0,0.0,0,0,0,0,0,0,0,0,0,0,0,0,0,0
"08053","5","21222","77","0","2016","4","N","Hinsdale County, Colorado","Private","NAICS 21222 Gold ore and silver ore mining","County, NAICS 5-digit -- by ownership sector","All establishment sizes",2,0,0,0,0,0,0,0,"N",1105.36,0,0,0,0,0,0,0,"N",0,0.0,0,0,0,0,0,0,0,0,0,0,0,0,0,0
"08053","5","212221","78","0","2016","1","N","Hinsdale County, Colorado","Private","NAICS 212221 Gold ore mining","County, NAICS 6-digit -- by ownership sector","All establishment sizes",2,0,0,0,0,0,0,0,"N",1202.05,0,0,0,0,0,0,0,"N",0,0.0,0,0,0,0,0,0,0,0,0,0,0,0,0,0
"08053","5","212221","78","0","2016","2","N","Hinsdale County, Colorado","Private","NAICS 212221 Gold ore mining","County, NAICS 6-digit -- by ownership sector","All establishment sizes",2,0,0,0,0,0,0,0,"N",1223.09,0,0,0,0,0,0,0,"N",0,0.0,0,0,0,0,0,0,0,0,0,0,0,0,0,0
"08053","5","212221","78","0","2016","3","N","Hinsdale County, Colorado","Private","NAICS 212221 Gold ore mining","County, NAICS 6-digit -- by ownership sector","All establishment sizes",2,0,0,0,0,0,0,0,"N",1228.73,0,0,0,0,0,0,0,"N",0,0.0,0,0,0,0,0,0,0,0,0,0,0,0,0,0
"08053","5","212221","78","0","2016","4","N","Hinsdale County, Colorado","Private","NAICS 212221 Gold ore mining","County, NAICS 6-digit -- by ownership sector","All establishment sizes",2,0,0,0,0,0,0,0,"N",1208.66,0,0,0,0,0,0,0,"N",0,0.0,0,0,0,0,0,0,0,0,0,0,0,0,0,0
"08053","5","213","75","0","2016","1","-","Hinsdale County, Colorado","Private","NAICS 213 Support activities for mining","County, NAICS 3-digit -- by ownership sector","All establishment sizes",0,0,0,0,0,0,0,0,"N",0.00,0,0,0,0,0,0,0,"N",-1,-100.0,0,0,0,0,0,0,0,0,0,0,0,0,0,0
"08053","5","213","75","0","2016","2","N","Hinsdale County, Colorado","Private","NAICS 213 Support activities for mining","County, NAICS 3-digit -- by ownership sector","All establishment sizes",1,0,0,0,0,0,0,0,"N",7.14,0,0,0,0,0,0,0,"N",0,0.0,0,0,0,0,0,0,0,0,0,0,0,0,0,0
"08053","5","213","75","0","2016","3","N","Hinsdale County, Colorado","Private","NAICS 213 Support activities for mining","County, NAICS 3-digit -- by ownership sector","All establishment sizes",1,0,0,0,0,0,0,0,"N",7.18,0,0,0,0,0,0,0,"N",0,0.0,0,0,0,0,0,0,0,0,0,0,0,0,0,0
"08053","5","213","75","0","2016","4","N","Hinsdale County, Colorado","Private","NAICS 213 Support activities for mining","County, NAICS 3-digit -- by ownership sector","All establishment sizes",1,0,0,0,0,0,0,0,"N",7.29,0,0,0,0,0,0,0,"N",1,100.0,0,0,0,0,0,0,0,0,0,0,0,0,0,0
"08053","5","2131","76","0","2016","1","-","Hinsdale County, Colorado","Private","NAICS 2131 Support activities for mining","County, NAICS 4-digit -- by ownership sector","All establishment sizes",0,0,0,0,0,0,0,0,"N",0.00,0,0,0,0,0,0,0,"N",-1,-100.0,0,0,0,0,0,0,0,0,0,0,0,0,0,0
"08053","5","2131","76","0","2016","2","N","Hinsdale County, Colorado","Private","NAICS 2131 Support activities for mining","County, NAICS 4-digit -- by ownership sector","All establishment sizes",1,0,0,0,0,0,0,0,"N",7.14,0,0,0,0,0,0,0,"N",0,0.0,0,0,0,0,0,0,0,0,0,0,0,0,0,0
"08053","5","2131","76","0","2016","3","N","Hinsdale County, Colorado","Private","NAICS 2131 Support activities for mining","County, NAICS 4-digit -- by ownership sector","All establishment sizes",1,0,0,0,0,0,0,0,"N",7.18,0,0,0,0,0,0,0,"N",0,0.0,0,0,0,0,0,0,0,0,0,0,0,0,0,0
"08053","5","2131","76","0","2016","4","N","Hinsdale County, Colorado","Private","NAICS 2131 Support activities for mining","County, NAICS 4-digit -- by ownership sector","All establishment sizes",1,0,0,0,0,0,0,0,"N",7.29,0,0,0,0,0,0,0,"N",1,100.0,0,0,0,0,0,0,0,0,0,0,0,0,0,0
"08053","5","21311","77","0","2016","1","-","Hinsdale County, Colorado","Private","NAICS 21311 Support activities for mining","County, NAICS 5-digit -- by ownership sector","All establishment sizes",0,0,0,0,0,0,0,0,"N",0.00,0,0,0,0,0,0,0,"N",-1,-100.0,0,0,0,0,0,0,0,0,0,0,0,0,0,0
"08053","5","21311","77","0","2016","2","N","Hinsdale County, Colorado","Private","NAICS 21311 Support activities for mining","County, NAICS 5-digit -- by ownership sector","All establishment sizes",1,0,0,0,0,0,0,0,"N",7.14,0,0,0,0,0,0,0,"N",0,0.0,0,0,0,0,0,0,0,0,0,0,0,0,0,0
"08053","5","21311","77","0","2016","3","N","Hinsdale County, Colorado","Private","NAICS 21311 Support activities for mining","County, NAICS 5-digit -- by ownership sector","All establishment sizes",1,0,0,0,0,0,0,0,"N",7.18,0,0,0,0,0,0,0,"N",0,0.0,0,0,0,0,0,0,0,0,0,0,0,0,0,0
"08053","5","21311","77","0","2016","4","N","Hinsdale County, Colorado","Private","NAICS 21311 Support activities for mining","County, NAICS 5-digit -- by ownership sector","All establishment sizes",1,0,0,0,0,0,0,0,"N",7.29,0,0,0,0,0,0,0,"N",1,100.0,0,0,0,0,0,0,0,0,0,0,0,0,0,0
"08053","5","213111","78","0","2016","1","-","Hinsdale County, Colorado","Private","NAICS 213111 Drilling oil and gas wells","County, NAICS 6-digit -- by ownership sector","All establishment sizes",0,0,0,0,0,0,0,0,"N",0.00,0,0,0,0,0,0,0,"N",0,0,0,0,0,0,0,0,0,0,0,0,0,0,0,0
"08053","5","213111","78","0","2016","2","N","Hinsdale County, Colorado","Private","NAICS 213111 Drilling oil and gas wells","County, NAICS 6-digit -- by ownership sector","All establishment sizes",1,0,0,0,0,0,0,0,"N",54.31,0,0,0,0,0,0,0,"N",1,100.0,0,0,0,0,0,0,0,0,0,0,0,0,0,0
"08053","5","213111","78","0","2016","3","N","Hinsdale County, Colorado","Private","NAICS 213111 Drilling oil and gas wells","County, NAICS 6-digit -- by ownership sector","All establishment sizes",1,0,0,0,0,0,0,0,"N",53.88,0,0,0,0,0,0,0,"N",1,100.0,0,0,0,0,0,0,0,0,0,0,0,0,0,0
"08053","5","213111","78","0","2016","4","N","Hinsdale County, Colorado","Private","NAICS 213111 Drilling oil and gas wells","County, NAICS 6-digit -- by ownership sector","All establishment sizes",1,0,0,0,0,0,0,0,"N",53.77,0,0,0,0,0,0,0,"N",1,100.0,0,0,0,0,0,0,0,0,0,0,0,0,0,0
"08053","5","23","74","0","2016","1","N","Hinsdale County, Colorado","Private","NAICS 23 Construction","County, NAICS Sector -- by ownership sector","All establishment sizes",13,0,0,0,0,0,0,0,"N",2.18,0,0,0,0,0,0,0,"N",2,18.2,0,0,0,0,0,0,0,0,0,0,0,0,0,0
"08053","5","23","74","0","2016","2","","Hinsdale County, Colorado","Private","NAICS 23 Construction","County, NAICS Sector -- by ownership sector","All establishment sizes",13,44,45,46,374856,169182,4727,641,"",2.17,4.18,3.74,2.91,4.17,1.98,3.04,1.18,"",2,18.2,-2,-4.3,-3,-6.2,-6,-11.5,3663,1.0,-30193,-15.1,-1690,-26.3,54,9.2
"08053","5","23","74","0","2016","3","","Hinsdale County, Colorado","Private","NAICS 23 Construction","County, NAICS Sector -- by ownership sector","All establishment sizes",14,41,45,41,363939,116817,5440,661,"",2.31,2.34,2.62,2.75,2.88,1.11,2.32,1.12,"",2,16.7,-12,-22.6,1,2.3,-1,-2.4,-43512,-10.7,-29542,-20.2,616,12.8,-15,-2.2
"08053","5","23","74","0","2016","4","N","Hinsdale County, Colorado","Private","NAICS 23 Construction","County, NAICS Sector -- by ownership sector","All establishment sizes",14,0,0,0,0,0,0,0,"N",2.31,0,0,0,0,0,0,0,"N",2,16.7,0,0,0,0,0,0,0,0,0,0,0,0,0,0
"08053","5","236","75","0","2016","1","","Hinsdale County, Colorado","Private","NAICS 236 Construction of buildings","County, NAICS 3-digit -- by ownership sector","All establishment sizes",7,28,31,29,246928,233720,4151,648,"",3.91,11.93,12.81,12.38,12.24,10.29,11.64,0.99,"",1,16.7,-3,-9.7,3,10.7,-1,-3.3,22505,10.0,11722,5.3,-2425,-36.9,66,11.3
"08053","5","236","75","0","2016","2","","Hinsdale County, Colorado","Private","NAICS 236 Construction of buildings","County, NAICS 3-digit -- by ownership sector","All establishment sizes",7,32,32,32,285477,104040,2183,686,"",3.89,13.67,12.03,9.15,13.38,5.84,7.42,1.18,"",1,16.7,-2,-5.9,-1,-3.0,-7,-17.9,15916,5.9,-13403,-11.4,-1789,-45.0,99,16.9
"08053","5","236","75","0","2016","3","","Hinsdale County, Colorado","Private","NAICS 236 Construction of buildings","County, NAICS 3-digit -- by ownership sector","All establishment sizes",7,24,27,27,234787,33654,1073,695,"",3.83,6.19,7.12,8.23,7.92,1.50,2.33,1.11,"",0,0.0,-16,-40.0,-8,-22.9,-6,-18.2,-75701,-24.4,-68397,-67.0,-2810,-72.4,32,4.8
"08053","5","236","75","0","2016","4","","Hinsdale County, Colorado","Private","NAICS 236 Construction of buildings","County, NAICS 3-digit -- by ownership sector","All establishment sizes",7,19,22,19,212582,21851,939,818,"",3.82,6.54,8.23,7.04,7.36,1.87,3.71,1.02,"",0,0.0,-27,-58.7,-16,-42.1,-12,-38.7,-114308,-35.0,-43275,-66.4,-1169,-55.5,162,24.7
"08053","5","2361","76","0","2016","1","","Hinsdale County, Colorado","Private","NAICS 2361 Residential building construction","County, NAICS 4-digit -- by ownership sector","All establishment sizes",7,28,31,29,246928,233720,4151,648,"",5.11,24.76,26.54,25.63,30.92,24.23,34.32,1.21,"",1,16.7,-3,-9.7,3,10.7,-1,-3.3,22505,10.0,11722,5.3,-2425,-36.9,66,11.3
"08053","5","2361","76","0","2016","2","","Hinsdale County, Colorado","Private","NAICS 2361 Residential building construction","County, NAICS 4-digit -- by ownership sector","All establishment sizes",7,32,32,32,285477,104040,2183,686,"",5.07,28.20,24.70,18.80,33.18,11.78,18.39,1.42,"",1,16.7,-2,-5.9,-1,-3.0,-7,-17.9,15916,5.9,-13403,-11.4,-1789,-45.0,99,16.9
"08053","5","2361","76","0","2016","3","","Hinsdale County, Colorado","Private","NAICS 2361 Residential building construction","County, NAICS 4-digit -- by ownership sector","All establishment sizes",7,24,27,27,234787,33654,1073,695,"",4.98,12.71,14.60,16.90,19.55,2.99,5.77,1.34,"",0,0.0,-16,-40.0,-8,-22.9,-6,-18.2,-75701,-24.4,-68397,-67.0,-2810,-72.4,32,4.8
"08053","5","2361","76","0","2016","4","","Hinsdale County, Colorado","Private","NAICS 2361 Residential building construction","County, NAICS 4-digit -- by ownership sector","All establishment sizes",7,19,22,19,212582,21851,939,818,"",4.97,13.40,16.81,14.34,18.46,3.58,8.94,1.25,"",0,0.0,-27,-58.7,-16,-42.1,-12,-38.7,-114308,-35.0,-43275,-66.4,-1169,-55.5,162,24.7
"08053","5","23611","77","0","2016","1","","Hinsdale County, Colorado","Private","NAICS 23611 Residential building construction","County, NAICS 5-digit -- by ownership sector","All establishment sizes",7,28,31,29,246928,233720,4151,648,"",5.11,24.76,26.54,25.63,30.92,24.23,34.32,1.21,"",1,16.7,-3,-9.7,3,10.7,-1,-3.3,22505,10.0,11722,5.3,-2425,-36.9,66,11.3
"08053","5","23611","77","0","2016","2","","Hinsdale County, Colorado","Private","NAICS 23611 Residential building construction","County, NAICS 5-digit -- by ownership sector","All establishment sizes",7,32,32,32,285477,104040,2183,686,"",5.07,28.20,24.70,18.80,33.18,11.78,18.39,1.42,"",1,16.7,-2,-5.9,-1,-3.0,-7,-17.9,15916,5.9,-13403,-11.4,-1789,-45.0,99,16.9
"08053","5","23611","77","0","2016","3","","Hinsdale County, Colorado","Private","NAICS 23611 Residential building construction","County, NAICS 5-digit -- by ownership sector","All establishment sizes",7,24,27,27,234787,33654,1073,695,"",4.98,12.71,14.60,16.90,19.55,2.99,5.77,1.34,"",0,0.0,-16,-40.0,-8,-22.9,-6,-18.2,-75701,-24.4,-68397,-67.0,-2810,-72.4,32,4.8
"08053","5","23611","77","0","2016","4","","Hinsdale County, Colorado","Private","NAICS 23611 Residential building construction","County, NAICS 5-digit -- by ownership sector","All establishment sizes",7,19,22,19,212582,21851,939,818,"",4.97,13.40,16.81,14.34,18.46,3.58,8.94,1.25,"",0,0.0,-27,-58.7,-16,-42.1,-12,-38.7,-114308,-35.0,-43275,-66.4,-1169,-55.5,162,24.7
"08053","5","236115","78","0","2016","1","N","Hinsdale County, Colorado","Private","NAICS 236115 New single-family general contractors","County, NAICS 6-digit -- by ownership sector","All establishment sizes",6,0,0,0,0,0,0,0,"N",9.46,0,0,0,0,0,0,0,"N",0,0.0,0,0,0,0,0,0,0,0,0,0,0,0,0,0
"08053","5","236115","78","0","2016","2","N","Hinsdale County, Colorado","Private","NAICS 236115 New single-family general contractors","County, NAICS 6-digit -- by ownership sector","All establishment sizes",6,0,0,0,0,0,0,0,"N",9.38,0,0,0,0,0,0,0,"N",0,0.0,0,0,0,0,0,0,0,0,0,0,0,0,0,0
"08053","5","236115","78","0","2016","3","N","Hinsdale County, Colorado","Private","NAICS 236115 New single-family general contractors","County, NAICS 6-digit -- by ownership sector","All establishment sizes",6,0,0,0,0,0,0,0,"N",9.21,0,0,0,0,0,0,0,"N",0,0.0,0,0,0,0,0,0,0,0,0,0,0,0,0,0
"08053","5","236115","78","0","2016","4","N","Hinsdale County, Colorado","Private","NAICS 236115 New single-family general contractors","County, NAICS 6-digit -- by ownership sector","All establishment sizes",6,0,0,0,0,0,0,0,"N",9.18,0,0,0,0,0,0,0,"N",0,0.0,0,0,0,0,0,0,0,0,0,0,0,0,0,0
"08053","5","236118","78","0","2016","1","N","Hinsdale County, Colorado","Private","NAICS 236118 Residential remodelers","County, NAICS 6-digit -- by ownership sector","All establishment sizes",1,0,0,0,0,0,0,0,"N",1.48,0,0,0,0,0,0,0,"N",1,100.0,0,0,0,0,0,0,0,0,0,0,0,0,0,0
"08053","5","236118","78","0","2016","2","N","Hinsdale County, Colorado","Private","NAICS 236118 Residential remodelers","County, NAICS 6-digit -- by ownership sector","All establishment sizes",1,0,0,0,0,0,0,0,"N",1.46,0,0,0,0,0,0,0,"N",1,100.0,0,0,0,0,0,0,0,0,0,0,0,0,0,0
"08053","5","236118","78","0","2016","3","N","Hinsdale County, Colorado","Private","NAICS 236118 Residential remodelers","County, NAICS 6-digit -- by ownership sector","All establishment sizes",1,0,0,0,0,0,0,0,"N",1.44,0,0,0,0,0,0,0,"N",0,0.0,0,0,0,0,0,0,0,0,0,0,0,0,0,0
"08053","5","236118","78","0","2016","4","N","Hinsdale County, Colorado","Private","NAICS 236118 Residential remodelers","County, NAICS 6-digit -- by ownership sector","All establishment sizes",1,0,0,0,0,0,0,0,"N",1.44,0,0,0,0,0,0,0,"N",0,0.0,0,0,0,0,0,0,0,0,0,0,0,0,0,0
"08053","5","238","75","0","2016","1","N","Hinsdale County, Colorado","Private","NAICS 238 Specialty trade contractors","County, NAICS 3-digit -- by ownership sector","All establishment sizes",6,0,0,0,0,0,0,0,"N",1.58,0,0,0,0,0,0,0,"N",1,20.0,0,0,0,0,0,0,0,0,0,0,0,0,0,0
"08053","5","238","75","0","2016","2","","Hinsdale County, Colorado","Private","NAICS 238 Specialty trade contractors","County, NAICS 3-digit -- by ownership sector","All establishment sizes",6,12,13,14,89379,65142,2544,529,"",1.58,1.79,1.70,1.39,1.68,1.22,2.71,1.05,"",1,20.0,0,0.0,-2,-13.3,1,7.7,-12253,-12.1,-16790,-20.5,99,4.0,-57,-9.7
"08053","5","238","75","0","2016","3","","Hinsdale County, Colorado","Private","NAICS 238 Specialty trade contractors","County, NAICS 3-digit -- by ownership sector","All establishment sizes",7,17,18,14,129152,83163,4367,608,"",1.82,1.53,1.65,1.48,1.72,1.27,3.08,1.10,"",2,40.0,4,30.8,9,100.0,5,55.6,32189,33.2,38855,87.7,3426,364.1,-114,-15.8
"08053","5","238","75","0","2016","4","N","Hinsdale County, Colorado","Private","NAICS 238 Specialty trade contractors","County, NAICS 3-digit -- by ownership sector","All establishment sizes",7,0,0,0,0,0,0,0,"N",1.83,0,0,0,0,0,0,0,"N",2,40.0,0,0,0,0,0,0,0,0,0,0,0,0,0,0
"08053","5","2381","76","0","2016","1","N","Hinsdale County, Colorado","Private","NAICS 2381 Building foundation and exterior contractors","County, NAICS 4-digit -- by ownership sector","All establishment sizes",1,0,0,0,0,0,0,0,"N",1.35,0,0,0,0,0,0,0,"N",0,0.0,0,0,0,0,0,0,0,0,0,0,0,0,0,0
"08053","5","2381","76","0","2016","2","N","Hinsdale County, Colorado","Private","NAICS 2381 Building foundation and exterior contractors","County, NAICS 4-digit -- by ownership sector","All establishment sizes",1,0,0,0,0,0,0,0,"N",1.34,0,0,0,0,0,0,0,"N",0,0.0,0,0,0,0,0,0,0,0,0,0,0,0,0,0
"08053","5","2381","76","0","2016","3","N","Hinsdale County, Colorado","Private","NAICS 2381 Building foundation and exterior contractors","County, NAICS 4-digit -- by ownership sector","All establishment sizes",1,0,0,0,0,0,0,0,"N",1.32,0,0,0,0,0,0,0,"N",0,0.0,0,0,0,0,0,0,0,0,0,0,0,0,0,0
"08053","5","2381","76","0","2016","4","N","Hinsdale County, Colorado","Private","NAICS 2381 Building foundation and exterior contractors","County, NAICS 4-digit -- by ownership sector","All establishment sizes",1,0,0,0,0,0,0,0,"N",1.33,0,0,0,0,0,0,0,"N",0,0.0,0,0,0,0,0,0,0,0,0,0,0,0,0,0
"08053","5","23811","77","0","2016","1","N","Hinsdale County, Colorado","Private","NAICS 23811 Poured concrete structure contractors","County, NAICS 5-digit -- by ownership sector","All establishment sizes",1,0,0,0,0,0,0,0,"N",6.91,0,0,0,0,0,0,0,"N",0,0.0,0,0,0,0,0,0,0,0,0,0,0,0,0,0
"08053","5","23811","77","0","2016","2","N","Hinsdale County, Colorado","Private","NAICS 23811 Poured concrete structure contractors","County, NAICS 5-digit -- by ownership sector","All establishment sizes",1,0,0,0,0,0,0,0,"N",6.88,0,0,0,0,0,0,0,"N",0,0.0,0,0,0,0,0,0,0,0,0,0,0,0,0,0
"08053","5","23811","77","0","2016","3","N","Hinsdale County, Colorado","Private","NAICS 23811 Poured concrete structure contractors","County, NAICS 5-digit -- by ownership sector","All establishment sizes",1,0,0,0,0,0,0,0,"N",6.74,0,0,0,0,0,0,0,"N",0,0.0,0,0,0,0,0,0,0,0,0,0,0,0,0,0
"08053","5","23811","77","0","2016","4","N","Hinsdale County, Colorado","Private","NAICS 23811 Poured concrete structure contractors","County, NAICS 5-digit -- by ownership sector","All establishment sizes",1,0,0,0,0,0,0,0,"N",6.77,0,0,0,0,0,0,0,"N",0,0.0,0,0,0,0,0,0,0,0,0,0,0,0,0,0
"08053","5","238111","78","0","2016","1","N","Hinsdale County, Colorado","Private","NAICS 238111 Residential poured foundation contractors","County, NAICS 6-digit -- by ownership sector","All establishment sizes",1,0,0,0,0,0,0,0,"N",9.87,0,0,0,0,0,0,0,"N",0,0.0,0,0,0,0,0,0,0,0,0,0,0,0,0,0
"08053","5","238111","78","0","2016","2","N","Hinsdale County, Colorado","Private","NAICS 238111 Residential poured foundation contractors","County, NAICS 6-digit -- by ownership sector","All establishment sizes",1,0,0,0,0,0,0,0,"N",9.76,0,0,0,0,0,0,0,"N",0,0.0,0,0,0,0,0,0,0,0,0,0,0,0,0,0
"08053","5","238111","78","0","2016","3","N","Hinsdale County, Colorado","Private","NAICS 238111 Residential poured foundation contractors","County, NAICS 6-digit -- by ownership sector","All establishment sizes",1,0,0,0,0,0,0,0,"N",9.52,0,0,0,0,0,0,0,"N",0,0.0,0,0,0,0,0,0,0,0,0,0,0,0,0,0
"08053","5","238111","78","0","2016","4","N","Hinsdale County, Colorado","Private","NAICS 238111 Residential poured foundation contractors","County, NAICS 6-digit -- by ownership sector","All establishment sizes",1,0,0,0,0,0,0,0,"N",9.56,0,0,0,0,0,0,0,"N",0,0.0,0,0,0,0,0,0,0,0,0,0,0,0,0,0
"08053","5","2382","76","0","2016","1","N","Hinsdale County, Colorado","Private","NAICS 2382 Building equipment contractors","County, NAICS 4-digit -- by ownership sector","All establishment sizes",2,0,0,0,0,0,0,0,"N",1.31,0,0,0,0,0,0,0,"N",0,0.0,0,0,0,0,0,0,0,0,0,0,0,0,0,0
"08053","5","2382","76","0","2016","2","N","Hinsdale County, Colorado","Private","NAICS 2382 Building equipment contractors","County, NAICS 4-digit -- by ownership sector","All establishment sizes",2,0,0,0,0,0,0,0,"N",1.31,0,0,0,0,0,0,0,"N",0,0.0,0,0,0,0,0,0,0,0,0,0,0,0,0,0
"08053","5","2382","76","0","2016","3","N","Hinsdale County, Colorado","Private","NAICS 2382 Building equipment contractors","County, NAICS 4-digit -- by ownership sector","All establishment sizes",2,0,0,0,0,0,0,0,"N",1.30,0,0,0,0,0,0,0,"N",0,0.0,0,0,0,0,0,0,0,0,0,0,0,0,0,0
"08053","5","2382","76","0","2016","4","N","Hinsdale County, Colorado","Private","NAICS 2382 Building equipment contractors","County, NAICS 4-digit -- by ownership sector","All establishment sizes",2,0,0,0,0,0,0,0,"N",1.31,0,0,0,0,0,0,0,"N",0,0.0,0,0,0,0,0,0,0,0,0,0,0,0,0,0
"08053","5","23821","77","0","2016","1","N","Hinsdale County, Colorado","Private","NAICS 23821 Electrical and wiring contractors","County, NAICS 5-digit -- by ownership sector","All establishment sizes",1,0,0,0,0,0,0,0,"N",1.55,0,0,0,0,0,0,0,"N",0,0.0,0,0,0,0,0,0,0,0,0,0,0,0,0,0
"08053","5","23821","77","0","2016","2","N","Hinsdale County, Colorado","Private","NAICS 23821 Electrical and wiring contractors","County, NAICS 5-digit -- by ownership sector","All establishment sizes",1,0,0,0,0,0,0,0,"N",1.55,0,0,0,0,0,0,0,"N",0,0.0,0,0,0,0,0,0,0,0,0,0,0,0,0,0
"08053","5","23821","77","0","2016","3","N","Hinsdale County, Colorado","Private","NAICS 23821 Electrical and wiring contractors","County, NAICS 5-digit -- by ownership sector","All establishment sizes",1,0,0,0,0,0,0,0,"N",1.54,0,0,0,0,0,0,0,"N",0,0.0,0,0,0,0,0,0,0,0,0,0,0,0,0,0
"08053","5","23821","77","0","2016","4","N","Hinsdale County, Colorado","Private","NAICS 23821 Electrical and wiring contractors","County, NAICS 5-digit -- by ownership sector","All establishment sizes",1,0,0,0,0,0,0,0,"N",1.54,0,0,0,0,0,0,0,"N",0,0.0,0,0,0,0,0,0,0,0,0,0,0,0,0,0
"08053","5","238211","78","0","2016","1","N","Hinsdale County, Colorado","Private","NAICS 238211 Residential electrical contractors","County, NAICS 6-digit -- by ownership sector","All establishment sizes",1,0,0,0,0,0,0,0,"N",2.75,0,0,0,0,0,0,0,"N",0,0.0,0,0,0,0,0,0,0,0,0,0,0,0,0,0
"08053","5","238211","78","0","2016","2","N","Hinsdale County, Colorado","Private","NAICS 238211 Residential electrical contractors","County, NAICS 6-digit -- by ownership sector","All establishment sizes",1,0,0,0,0,0,0,0,"N",2.74,0,0,0,0,0,0,0,"N",0,0.0,0,0,0,0,0,0,0,0,0,0,0,0,0,0
"08053","5","238211","78","0","2016","3","N","Hinsdale County, Colorado","Private","NAICS 238211 Residential electrical contractors","County, NAICS 6-digit -- by ownership sector","All establishment sizes",1,0,0,0,0,0,0,0,"N",2.71,0,0,0,0,0,0,0,"N",0,0.0,0,0,0,0,0,0,0,0,0,0,0,0,0,0
"08053","5","238211","78","0","2016","4","N","Hinsdale County, Colorado","Private","NAICS 238211 Residential electrical contractors","County, NAICS 6-digit -- by ownership sector","All establishment sizes",1,0,0,0,0,0,0,0,"N",2.71,0,0,0,0,0,0,0,"N",0,0.0,0,0,0,0,0,0,0,0,0,0,0,0,0,0
"08053","5","23822","77","0","2016","1","N","Hinsdale County, Colorado","Private","NAICS 23822 Plumbing and hvac contractors","County, NAICS 5-digit -- by ownership sector","All establishment sizes",1,0,0,0,0,0,0,0,"N",1.25,0,0,0,0,0,0,0,"N",0,0.0,0,0,0,0,0,0,0,0,0,0,0,0,0,0
"08053","5","23822","77","0","2016","2","N","Hinsdale County, Colorado","Private","NAICS 23822 Plumbing and hvac contractors","County, NAICS 5-digit -- by ownership sector","All establishment sizes",1,0,0,0,0,0,0,0,"N",1.25,0,0,0,0,0,0,0,"N",0,0.0,0,0,0,0,0,0,0,0,0,0,0,0,0,0
"08053","5","23822","77","0","2016","3","N","Hinsdale County, Colorado","Private","NAICS 23822 Plumbing and hvac contractors","County, NAICS 5-digit -- by ownership sector","All establishment sizes",1,0,0,0,0,0,0,0,"N",1.24,0,0,0,0,0,0,0,"N",0,0.0,0,0,0,0,0,0,0,0,0,0,0,0,0,0
"08053","5","23822","77","0","2016","4","N","Hinsdale County, Colorado","Private","NAICS 23822 Plumbing and hvac contractors","County, NAICS 5-digit -- by ownership sector","All establishment sizes",1,0,0,0,0,0,0,0,"N",1.25,0,0,0,0,0,0,0,"N",0,0.0,0,0,0,0,0,0,0,0,0,0,0,0,0,0
"08053","5","238221","78","0","2016","1","N","Hinsdale County, Colorado","Private","NAICS 238221 Residential plumbing and hvac contractors","County, NAICS 6-digit -- by ownership sector","All establishment sizes",1,0,0,0,0,0,0,0,"N",1.74,0,0,0,0,0,0,0,"N",0,0.0,0,0,0,0,0,0,0,0,0,0,0,0,0,0
"08053","5","238221","78","0","2016","2","N","Hinsdale County, Colorado","Private","NAICS 238221 Residential plumbing and hvac contractors","County, NAICS 6-digit -- by ownership sector","All establishment sizes",1,0,0,0,0,0,0,0,"N",1.73,0,0,0,0,0,0,0,"N",0,0.0,0,0,0,0,0,0,0,0,0,0,0,0,0,0
"08053","5","238221","78","0","2016","3","N","Hinsdale County, Colorado","Private","NAICS 238221 Residential plumbing and hvac contractors","County, NAICS 6-digit -- by ownership sector","All establishment sizes",1,0,0,0,0,0,0,0,"N",1.71,0,0,0,0,0,0,0,"N",0,0.0,0,0,0,0,0,0,0,0,0,0,0,0,0,0
"08053","5","238221","78","0","2016","4","N","Hinsdale County, Colorado","Private","NAICS 238221 Residential plumbing and hvac contractors","County, NAICS 6-digit -- by ownership sector","All establishment sizes",1,0,0,0,0,0,0,0,"N",1.72,0,0,0,0,0,0,0,"N",0,0.0,0,0,0,0,0,0,0,0,0,0,0,0,0,0
"08053","5","2383","76","0","2016","1","N","Hinsdale County, Colorado","Private","NAICS 2383 Building finishing contractors","County, NAICS 4-digit -- by ownership sector","All establishment sizes",1,0,0,0,0,0,0,0,"N",1.08,0,0,0,0,0,0,0,"N",1,100.0,0,0,0,0,0,0,0,0,0,0,0,0,0,0
"08053","5","2383","76","0","2016","2","N","Hinsdale County, Colorado","Private","NAICS 2383 Building finishing contractors","County, NAICS 4-digit -- by ownership sector","All establishment sizes",1,0,0,0,0,0,0,0,"N",1.08,0,0,0,0,0,0,0,"N",1,100.0,0,0,0,0,0,0,0,0,0,0,0,0,0,0
"08053","5","2383","76","0","2016","3","N","Hinsdale County, Colorado","Private","NAICS 2383 Building finishing contractors","County, NAICS 4-digit -- by ownership sector","All establishment sizes",2,0,0,0,0,0,0,0,"N",2.12,0,0,0,0,0,0,0,"N",2,100.0,0,0,0,0,0,0,0,0,0,0,0,0,0,0
"08053","5","2383","76","0","2016","4","N","Hinsdale County, Colorado","Private","NAICS 2383 Building finishing contractors","County, NAICS 4-digit -- by ownership sector","All establishment sizes",2,0,0,0,0,0,0,0,"N",2.13,0,0,0,0,0,0,0,"N",2,100.0,0,0,0,0,0,0,0,0,0,0,0,0,0,0
"08053","5","23832","77","0","2016","1","N","Hinsdale County, Colorado","Private","NAICS 23832 Painting and wall covering contractors","County, NAICS 5-digit -- by ownership sector","All establishment sizes",1,0,0,0,0,0,0,0,"N",3.53,0,0,0,0,0,0,0,"N",1,100.0,0,0,0,0,0,0,0,0,0,0,0,0,0,0
"08053","5","23832","77","0","2016","2","N","Hinsdale County, Colorado","Private","NAICS 23832 Painting and wall covering contractors","County, NAICS 5-digit -- by ownership sector","All establishment sizes",1,0,0,0,0,0,0,0,"N",3.49,0,0,0,0,0,0,0,"N",1,100.0,0,0,0,0,0,0,0,0,0,0,0,0,0,0
"08053","5","23832","77","0","2016","3","N","Hinsdale County, Colorado","Private","NAICS 23832 Painting and wall covering contractors","County, NAICS 5-digit -- by ownership sector","All establishment sizes",2,0,0,0,0,0,0,0,"N",6.88,0,0,0,0,0,0,0,"N",2,100.0,0,0,0,0,0,0,0,0,0,0,0,0,0,0
"08053","5","23832","77","0","2016","4","N","Hinsdale County, Colorado","Private","NAICS 23832 Painting and wall covering contractors","County, NAICS 5-digit -- by ownership sector","All establishment sizes",2,0,0,0,0,0,0,0,"N",6.90,0,0,0,0,0,0,0,"N",2,100.0,0,0,0,0,0,0,0,0,0,0,0,0,0,0
"08053","5","238321","78","0","2016","1","N","Hinsdale County, Colorado","Private","NAICS 238321 Residential painting contractors","County, NAICS 6-digit -- by ownership sector","All establishment sizes",1,0,0,0,0,0,0,0,"N",4.40,0,0,0,0,0,0,0,"N",1,100.0,0,0,0,0,0,0,0,0,0,0,0,0,0,0
"08053","5","238321","78","0","2016","2","N","Hinsdale County, Colorado","Private","NAICS 238321 Residential painting contractors","County, NAICS 6-digit -- by ownership sector","All establishment sizes",1,0,0,0,0,0,0,0,"N",4.34,0,0,0,0,0,0,0,"N",1,100.0,0,0,0,0,0,0,0,0,0,0,0,0,0,0
"08053","5","238321","78","0","2016","3","N","Hinsdale County, Colorado","Private","NAICS 238321 Residential painting contractors","County, NAICS 6-digit -- by ownership sector","All establishment sizes",2,0,0,0,0,0,0,0,"N",8.54,0,0,0,0,0,0,0,"N",2,100.0,0,0,0,0,0,0,0,0,0,0,0,0,0,0
"08053","5","238321","78","0","2016","4","N","Hinsdale County, Colorado","Private","NAICS 238321 Residential painting contractors","County, NAICS 6-digit -- by ownership sector","All establishment sizes",2,0,0,0,0,0,0,0,"N",8.54,0,0,0,0,0,0,0,"N",2,100.0,0,0,0,0,0,0,0,0,0,0,0,0,0,0
"08053","5","2389","76","0","2016","1","N","Hinsdale County, Colorado","Private","NAICS 2389 Other specialty trade contractors","County, NAICS 4-digit -- by ownership sector","All establishment sizes",2,0,0,0,0,0,0,0,"N",3.35,0,0,0,0,0,0,0,"N",0,0.0,0,0,0,0,0,0,0,0,0,0,0,0,0,0
"08053","5","2389","76","0","2016","2","N","Hinsdale County, Colorado","Private","NAICS 2389 Other specialty trade contractors","County, NAICS 4-digit -- by ownership sector","All establishment sizes",2,0,0,0,0,0,0,0,"N",3.33,0,0,0,0,0,0,0,"N",0,0.0,0,0,0,0,0,0,0,0,0,0,0,0,0,0
"08053","5","2389","76","0","2016","3","N","Hinsdale County, Colorado","Private","NAICS 2389 Other specialty trade contractors","County, NAICS 4-digit -- by ownership sector","All establishment sizes",2,0,0,0,0,0,0,0,"N",3.29,0,0,0,0,0,0,0,"N",0,0.0,0,0,0,0,0,0,0,0,0,0,0,0,0,0
"08053","5","2389","76","0","2016","4","N","Hinsdale County, Colorado","Private","NAICS 2389 Other specialty trade contractors","County, NAICS 4-digit -- by ownership sector","All establishment sizes",2,0,0,0,0,0,0,0,"N",3.30,0,0,0,0,0,0,0,"N",0,0.0,0,0,0,0,0,0,0,0,0,0,0,0,0,0
"08053","5","23891","77","0","2016","1","N","Hinsdale County, Colorado","Private","NAICS 23891 Site preparation contractors","County, NAICS 5-digit -- by ownership sector","All establishment sizes",2,0,0,0,0,0,0,0,"N",7.15,0,0,0,0,0,0,0,"N",0,0.0,0,0,0,0,0,0,0,0,0,0,0,0,0,0
"08053","5","23891","77","0","2016","2","N","Hinsdale County, Colorado","Private","NAICS 23891 Site preparation contractors","County, NAICS 5-digit -- by ownership sector","All establishment sizes",2,0,0,0,0,0,0,0,"N",7.16,0,0,0,0,0,0,0,"N",0,0.0,0,0,0,0,0,0,0,0,0,0,0,0,0,0
"08053","5","23891","77","0","2016","3","N","Hinsdale County, Colorado","Private","NAICS 23891 Site preparation contractors","County, NAICS 5-digit -- by ownership sector","All establishment sizes",2,0,0,0,0,0,0,0,"N",7.10,0,0,0,0,0,0,0,"N",0,0.0,0,0,0,0,0,0,0,0,0,0,0,0,0,0
"08053","5","23891","77","0","2016","4","N","Hinsdale County, Colorado","Private","NAICS 23891 Site preparation contractors","County, NAICS 5-digit -- by ownership sector","All establishment sizes",2,0,0,0,0,0,0,0,"N",7.15,0,0,0,0,0,0,0,"N",0,0.0,0,0,0,0,0,0,0,0,0,0,0,0,0,0
"08053","5","238911","78","0","2016","1","N","Hinsdale County, Colorado","Private","NAICS 238911 Residential site preparation contractors","County, NAICS 6-digit -- by ownership sector","All establishment sizes",2,0,0,0,0,0,0,0,"N",12.93,0,0,0,0,0,0,0,"N",0,0.0,0,0,0,0,0,0,0,0,0,0,0,0,0,0
"08053","5","238911","78","0","2016","2","N","Hinsdale County, Colorado","Private","NAICS 238911 Residential site preparation contractors","County, NAICS 6-digit -- by ownership sector","All establishment sizes",2,0,0,0,0,0,0,0,"N",12.89,0,0,0,0,0,0,0,"N",0,0.0,0,0,0,0,0,0,0,0,0,0,0,0,0,0
"08053","5","238911","78","0","2016","3","N","Hinsdale County, Colorado","Private","NAICS 238911 Residential site preparation contractors","County, NAICS 6-digit -- by ownership sector","All establishment sizes",2,0,0,0,0,0,0,0,"N",12.76,0,0,0,0,0,0,0,"N",0,0.0,0,0,0,0,0,0,0,0,0,0,0,0,0,0
"08053","5","238911","78","0","2016","4","N","Hinsdale County, Colorado","Private","NAICS 238911 Residential site preparation contractors","County, NAICS 6-digit -- by ownership sector","All establishment sizes",2,0,0,0,0,0,0,0,"N",12.82,0,0,0,0,0,0,0,"N",0,0.0,0,0,0,0,0,0,0,0,0,0,0,0,0,0
"08053","5","42","74","0","2016","1","N","Hinsdale County, Colorado","Private","NAICS 42 Wholesale trade","County, NAICS Sector -- by ownership sector","All establishment sizes",1,0,0,0,0,0,0,0,"N",0.21,0,0,0,0,0,0,0,"N",0,0.0,0,0,0,0,0,0,0,0,0,0,0,0,0,0
"08053","5","42","74","0","2016","2","N","Hinsdale County, Colorado","Private","NAICS 42 Wholesale trade","County, NAICS Sector -- by ownership sector","All establishment sizes",1,0,0,0,0,0,0,0,"N",0.21,0,0,0,0,0,0,0,"N",0,0.0,0,0,0,0,0,0,0,0,0,0,0,0,0,0
"08053","5","42","74","0","2016","3","N","Hinsdale County, Colorado","Private","NAICS 42 Wholesale trade","County, NAICS Sector -- by ownership sector","All establishment sizes",1,0,0,0,0,0,0,0,"N",0.21,0,0,0,0,0,0,0,"N",0,0.0,0,0,0,0,0,0,0,0,0,0,0,0,0,0
"08053","5","42","74","0","2016","4","N","Hinsdale County, Colorado","Private","NAICS 42 Wholesale trade","County, NAICS Sector -- by ownership sector","All establishment sizes",1,0,0,0,0,0,0,0,"N",0.21,0,0,0,0,0,0,0,"N",1,100.0,0,0,0,0,0,0,0,0,0,0,0,0,0,0
"08053","5","423","75","0","2016","1","N","Hinsdale County, Colorado","Private","NAICS 423 Merchant wholesalers, durable goods","County, NAICS 3-digit -- by ownership sector","All establishment sizes",1,0,0,0,0,0,0,0,"N",0.51,0,0,0,0,0,0,0,"N",0,0.0,0,0,0,0,0,0,0,0,0,0,0,0,0,0
"08053","5","423","75","0","2016","2","N","Hinsdale County, Colorado","Private","NAICS 423 Merchant wholesalers, durable goods","County, NAICS 3-digit -- by ownership sector","All establishment sizes",1,0,0,0,0,0,0,0,"N",0.51,0,0,0,0,0,0,0,"N",0,0.0,0,0,0,0,0,0,0,0,0,0,0,0,0,0
"08053","5","423","75","0","2016","3","N","Hinsdale County, Colorado","Private","NAICS 423 Merchant wholesalers, durable goods","County, NAICS 3-digit -- by ownership sector","All establishment sizes",1,0,0,0,0,0,0,0,"N",0.51,0,0,0,0,0,0,0,"N",0,0.0,0,0,0,0,0,0,0,0,0,0,0,0,0,0
"08053","5","423","75","0","2016","4","N","Hinsdale County, Colorado","Private","NAICS 423 Merchant wholesalers, durable goods","County, NAICS 3-digit -- by ownership sector","All establishment sizes",1,0,0,0,0,0,0,0,"N",0.51,0,0,0,0,0,0,0,"N",1,100.0,0,0,0,0,0,0,0,0,0,0,0,0,0,0
"08053","5","4231","76","0","2016","1","N","Hinsdale County, Colorado","Private","NAICS 4231 Motor vehicle and parts merchant wholesalers","County, NAICS 4-digit -- by ownership sector","All establishment sizes",1,0,0,0,0,0,0,0,"N",5.56,0,0,0,0,0,0,0,"N",1,100.0,0,0,0,0,0,0,0,0,0,0,0,0,0,0
"08053","5","4231","76","0","2016","2","N","Hinsdale County, Colorado","Private","NAICS 4231 Motor vehicle and parts merchant wholesalers","County, NAICS 4-digit -- by ownership sector","All establishment sizes",1,0,0,0,0,0,0,0,"N",5.59,0,0,0,0,0,0,0,"N",1,100.0,0,0,0,0,0,0,0,0,0,0,0,0,0,0
"08053","5","4231","76","0","2016","3","N","Hinsdale County, Colorado","Private","NAICS 4231 Motor vehicle and parts merchant wholesalers","County, NAICS 4-digit -- by ownership sector","All establishment sizes",1,0,0,0,0,0,0,0,"N",5.57,0,0,0,0,0,0,0,"N",1,100.0,0,0,0,0,0,0,0,0,0,0,0,0,0,0
"08053","5","4231","76","0","2016","4","N","Hinsdale County, Colorado","Private","NAICS 4231 Motor vehicle and parts merchant wholesalers","County, NAICS 4-digit -- by ownership sector","All establishment sizes",1,0,0,0,0,0,0,0,"N",5.59,0,0,0,0,0,0,0,"N",1,100.0,0,0,0,0,0,0,0,0,0,0,0,0,0,0
"08053","5","42311","77","0","2016","1","N","Hinsdale County, Colorado","Private","NAICS 42311 Motor vehicle merchant wholesalers","County, NAICS 5-digit -- by ownership sector","All establishment sizes",1,0,0,0,0,0,0,0,"N",21.97,0,0,0,0,0,0,0,"N",1,100.0,0,0,0,0,0,0,0,0,0,0,0,0,0,0
"08053","5","42311","77","0","2016","2","N","Hinsdale County, Colorado","Private","NAICS 42311 Motor vehicle merchant wholesalers","County, NAICS 5-digit -- by ownership sector","All establishment sizes",1,0,0,0,0,0,0,0,"N",22.09,0,0,0,0,0,0,0,"N",1,100.0,0,0,0,0,0,0,0,0,0,0,0,0,0,0
"08053","5","42311","77","0","2016","3","N","Hinsdale County, Colorado","Private","NAICS 42311 Motor vehicle merchant wholesalers","County, NAICS 5-digit -- by ownership sector","All establishment sizes",1,0,0,0,0,0,0,0,"N",21.86,0,0,0,0,0,0,0,"N",1,100.0,0,0,0,0,0,0,0,0,0,0,0,0,0,0
"08053","5","42311","77","0","2016","4","N","Hinsdale County, Colorado","Private","NAICS 42311 Motor vehicle merchant wholesalers","County, NAICS 5-digit -- by ownership sector","All establishment sizes",1,0,0,0,0,0,0,0,"N",21.87,0,0,0,0,0,0,0,"N",1,100.0,0,0,0,0,0,0,0,0,0,0,0,0,0,0
"08053","5","423110","78","0","2016","1","N","Hinsdale County, Colorado","Private","NAICS 423110 Motor vehicle merchant wholesalers","County, NAICS 6-digit -- by ownership sector","All establishment sizes",1,0,0,0,0,0,0,0,"N",21.97,0,0,0,0,0,0,0,"N",1,100.0,0,0,0,0,0,0,0,0,0,0,0,0,0,0
"08053","5","423110","78","0","2016","2","N","Hinsdale County, Colorado","Private","NAICS 423110 Motor vehicle merchant wholesalers","County, NAICS 6-digit -- by ownership sector","All establishment sizes",1,0,0,0,0,0,0,0,"N",22.09,0,0,0,0,0,0,0,"N",1,100.0,0,0,0,0,0,0,0,0,0,0,0,0,0,0
"08053","5","423110","78","0","2016","3","N","Hinsdale County, Colorado","Private","NAICS 423110 Motor vehicle merchant wholesalers","County, NAICS 6-digit -- by ownership sector","All establishment sizes",1,0,0,0,0,0,0,0,"N",21.86,0,0,0,0,0,0,0,"N",1,100.0,0,0,0,0,0,0,0,0,0,0,0,0,0,0
"08053","5","423110","78","0","2016","4","N","Hinsdale County, Colorado","Private","NAICS 423110 Motor vehicle merchant wholesalers","County, NAICS 6-digit -- by ownership sector","All establishment sizes",1,0,0,0,0,0,0,0,"N",21.87,0,0,0,0,0,0,0,"N",1,100.0,0,0,0,0,0,0,0,0,0,0,0,0,0,0
"08053","5","44-45","74","0","2016","1","","Hinsdale County, Colorado","Private","NAICS 44-45 Retail trade","County, NAICS Sector -- by ownership sector","All establishment sizes",10,17,17,16,110174,104585,1027,508,"",1.23,0.66,0.64,0.63,1.05,0.71,0.92,1.63,"",-2,-16.7,-2,-10.5,-3,-15.0,-3,-15.8,-34808,-24.0,-27739,-21.0,-733,-41.6,-69,-12.0
"08053","5","44-45","74","0","2016","2","","Hinsdale County, Colorado","Private","NAICS 44-45 Retail trade","County, NAICS Sector -- by ownership sector","All establishment sizes",10,14,15,32,112751,51075,527,427,"",1.24,0.56,0.53,0.88,1.00,0.34,0.45,1.47,"",-1,-9.1,-11,-44.0,-13,-46.4,-13,-28.9,-56127,-33.2,-22473,-30.6,-388,-42.4,29,7.3
"08053","5","44-45","74","0","2016","3","","Hinsdale County, Colorado","Private","NAICS 44-45 Retail trade","County, NAICS Sector -- by ownership sector","All establishment sizes",11,48,41,33,199027,85800,938,376,"",1.35,1.20,1.04,0.97,1.33,0.47,0.57,1.23,"",0,0.0,-10,-17.2,-13,-24.1,-4,-10.8,-45179,-18.5,-16182,-15.9,-318,-25.3,-2,-0.5
"08053","5","44-45","74","0","2016","4","","Hinsdale County, Colorado","Private","NAICS 44-45 Retail trade","County, NAICS Sector -- by ownership sector","All establishment sizes",11,20,20,23,161750,36444,394,592,"",1.36,0.66,0.69,0.78,1.19,0.36,0.39,1.68,"N",0,0.0,0,0,0,0,0,0,0,0,0,0,0,0,0,0
"08053","5","444","75","0","2016","1","N","Hinsdale County, Colorado","Private","NAICS 444 Building material and garden supply stores","County, NAICS 3-digit -- by ownership sector","All establishment sizes",1,0,0,0,0,0,0,0,"N",1.83,0,0,0,0,0,0,0,"N",0,0.0,0,0,0,0,0,0,0,0,0,0,0,0,0,0
"08053","5","444","75","0","2016","2","N","Hinsdale County, Colorado","Private","NAICS 444 Building material and garden supply stores","County, NAICS 3-digit -- by ownership sector","All establishment sizes",1,0,0,0,0,0,0,0,"N",1.84,0,0,0,0,0,0,0,"N",0,0.0,0,0,0,0,0,0,0,0,0,0,0,0,0,0
"08053","5","444","75","0","2016","3","N","Hinsdale County, Colorado","Private","NAICS 444 Building material and garden supply stores","County, NAICS 3-digit -- by ownership sector","All establishment sizes",1,0,0,0,0,0,0,0,"N",1.84,0,0,0,0,0,0,0,"N",0,0.0,0,0,0,0,0,0,0,0,0,0,0,0,0,0
"08053","5","444","75","0","2016","4","N","Hinsdale County, Colorado","Private","NAICS 444 Building material and garden supply stores","County, NAICS 3-digit -- by ownership sector","All establishment sizes",1,0,0,0,0,0,0,0,"N",1.85,0,0,0,0,0,0,0,"N",0,0.0,0,0,0,0,0,0,0,0,0,0,0,0,0,0
"08053","5","4441","76","0","2016","1","N","Hinsdale County, Colorado","Private","NAICS 4441 Building material and supplies dealers","County, NAICS 4-digit -- by ownership sector","All establishment sizes",1,0,0,0,0,0,0,0,"N",2.40,0,0,0,0,0,0,0,"N",0,0.0,0,0,0,0,0,0,0,0,0,0,0,0,0,0
"08053","5","4441","76","0","2016","2","N","Hinsdale County, Colorado","Private","NAICS 4441 Building material and supplies dealers","County, NAICS 4-digit -- by ownership sector","All establishment sizes",1,0,0,0,0,0,0,0,"N",2.42,0,0,0,0,0,0,0,"N",0,0.0,0,0,0,0,0,0,0,0,0,0,0,0,0,0
"08053","5","4441","76","0","2016","3","N","Hinsdale County, Colorado","Private","NAICS 4441 Building material and supplies dealers","County, NAICS 4-digit -- by ownership sector","All establishment sizes",1,0,0,0,0,0,0,0,"N",2.41,0,0,0,0,0,0,0,"N",0,0.0,0,0,0,0,0,0,0,0,0,0,0,0,0,0
"08053","5","4441","76","0","2016","4","N","Hinsdale County, Colorado","Private","NAICS 4441 Building material and supplies dealers","County, NAICS 4-digit -- by ownership sector","All establishment sizes",1,0,0,0,0,0,0,0,"N",2.42,0,0,0,0,0,0,0,"N",0,0.0,0,0,0,0,0,0,0,0,0,0,0,0,0,0
"08053","5","44411","77","0","2016","1","N","Hinsdale County, Colorado","Private","NAICS 44411 Home centers","County, NAICS 5-digit -- by ownership sector","All establishment sizes",1,0,0,0,0,0,0,0,"N",13.27,0,0,0,0,0,0,0,"N",0,0.0,0,0,0,0,0,0,0,0,0,0,0,0,0,0
"08053","5","44411","77","0","2016","2","N","Hinsdale County, Colorado","Private","NAICS 44411 Home centers","County, NAICS 5-digit -- by ownership sector","All establishment sizes",1,0,0,0,0,0,0,0,"N",13.38,0,0,0,0,0,0,0,"N",0,0.0,0,0,0,0,0,0,0,0,0,0,0,0,0,0
"08053","5","44411","77","0","2016","3","N","Hinsdale County, Colorado","Private","NAICS 44411 Home centers","County, NAICS 5-digit -- by ownership sector","All establishment sizes",1,0,0,0,0,0,0,0,"N",13.30,0,0,0,0,0,0,0,"N",0,0.0,0,0,0,0,0,0,0,0,0,0,0,0,0,0
"08053","5","44411","77","0","2016","4","N","Hinsdale County, Colorado","Private","NAICS 44411 Home centers","County, NAICS 5-digit -- by ownership sector","All establishment sizes",1,0,0,0,0,0,0,0,"N",13.39,0,0,0,0,0,0,0,"N",0,0.0,0,0,0,0,0,0,0,0,0,0,0,0,0,0
"08053","5","444110","78","0","2016","1","N","Hinsdale County, Colorado","Private","NAICS 444110 Home centers","County, NAICS 6-digit -- by ownership sector","All establishment sizes",1,0,0,0,0,0,0,0,"N",13.27,0,0,0,0,0,0,0,"N",0,0.0,0,0,0,0,0,0,0,0,0,0,0,0,0,0
"08053","5","444110","78","0","2016","2","N","Hinsdale County, Colorado","Private","NAICS 444110 Home centers","County, NAICS 6-digit -- by ownership sector","All establishment sizes",1,0,0,0,0,0,0,0,"N",13.38,0,0,0,0,0,0,0,"N",0,0.0,0,0,0,0,0,0,0,0,0,0,0,0,0,0
"08053","5","444110","78","0","2016","3","N","Hinsdale County, Colorado","Private","NAICS 444110 Home centers","County, NAICS 6-digit -- by ownership sector","All establishment sizes",1,0,0,0,0,0,0,0,"N",13.30,0,0,0,0,0,0,0,"N",0,0.0,0,0,0,0,0,0,0,0,0,0,0,0,0,0
"08053","5","444110","78","0","2016","4","N","Hinsdale County, Colorado","Private","NAICS 444110 Home centers","County, NAICS 6-digit -- by ownership sector","All establishment sizes",1,0,0,0,0,0,0,0,"N",13.39,0,0,0,0,0,0,0,"N",0,0.0,0,0,0,0,0,0,0,0,0,0,0,0,0,0
"08053","5","445","75","0","2016","1","N","Hinsdale County, Colorado","Private","NAICS 445 Food and beverage stores","County, NAICS 3-digit -- by ownership sector","All establishment sizes",2,0,0,0,0,0,0,0,"N",1.77,0,0,0,0,0,0,0,"N",0,0.0,0,0,0,0,0,0,0,0,0,0,0,0,0,0
"08053","5","445","75","0","2016","2","N","Hinsdale County, Colorado","Private","NAICS 445 Food and beverage stores","County, NAICS 3-digit -- by ownership sector","All establishment sizes",2,0,0,0,0,0,0,0,"N",1.77,0,0,0,0,0,0,0,"N",0,0.0,0,0,0,0,0,0,0,0,0,0,0,0,0,0
"08053","5","445","75","0","2016","3","N","Hinsdale County, Colorado","Private","NAICS 445 Food and beverage stores","County, NAICS 3-digit -- by ownership sector","All establishment sizes",2,0,0,0,0,0,0,0,"N",1.76,0,0,0,0,0,0,0,"N",0,0.0,0,0,0,0,0,0,0,0,0,0,0,0,0,0
"08053","5","445","75","0","2016","4","N","Hinsdale County, Colorado","Private","NAICS 445 Food and beverage stores","County, NAICS 3-digit -- by ownership sector","All establishment sizes",2,0,0,0,0,0,0,0,"N",1.76,0,0,0,0,0,0,0,"N",0,0.0,0,0,0,0,0,0,0,0,0,0,0,0,0,0
"08053","5","4451","76","0","2016","1","N","Hinsdale County, Colorado","Private","NAICS 4451 Grocery stores","County, NAICS 4-digit -- by ownership sector","All establishment sizes",2,0,0,0,0,0,0,0,"N",2.88,0,0,0,0,0,0,0,"N",0,0.0,0,0,0,0,0,0,0,0,0,0,0,0,0,0
"08053","5","4451","76","0","2016","2","N","Hinsdale County, Colorado","Private","NAICS 4451 Grocery stores","County, NAICS 4-digit -- by ownership sector","All establishment sizes",2,0,0,0,0,0,0,0,"N",2.87,0,0,0,0,0,0,0,"N",0,0.0,0,0,0,0,0,0,0,0,0,0,0,0,0,0
"08053","5","4451","76","0","2016","3","N","Hinsdale County, Colorado","Private","NAICS 4451 Grocery stores","County, NAICS 4-digit -- by ownership sector","All establishment sizes",2,0,0,0,0,0,0,0,"N",2.86,0,0,0,0,0,0,0,"N",0,0.0,0,0,0,0,0,0,0,0,0,0,0,0,0,0
"08053","5","4451","76","0","2016","4","N","Hinsdale County, Colorado","Private","NAICS 4451 Grocery stores","County, NAICS 4-digit -- by ownership sector","All establishment sizes",2,0,0,0,0,0,0,0,"N",2.87,0,0,0,0,0,0,0,"N",0,0.0,0,0,0,0,0,0,0,0,0,0,0,0,0,0
"08053","5","44511","77","0","2016","1","N","Hinsdale County, Colorado","Private","NAICS 44511 Supermarkets and other grocery stores","County, NAICS 5-digit -- by ownership sector","All establishment sizes",2,0,0,0,0,0,0,0,"N",4.29,0,0,0,0,0,0,0,"N",0,0.0,0,0,0,0,0,0,0,0,0,0,0,0,0,0
"08053","5","44511","77","0","2016","2","N","Hinsdale County, Colorado","Private","NAICS 44511 Supermarkets and other grocery stores","County, NAICS 5-digit -- by ownership sector","All establishment sizes",2,0,0,0,0,0,0,0,"N",4.29,0,0,0,0,0,0,0,"N",0,0.0,0,0,0,0,0,0,0,0,0,0,0,0,0,0
"08053","5","44511","77","0","2016","3","N","Hinsdale County, Colorado","Private","NAICS 44511 Supermarkets and other grocery stores","County, NAICS 5-digit -- by ownership sector","All establishment sizes",2,0,0,0,0,0,0,0,"N",4.27,0,0,0,0,0,0,0,"N",0,0.0,0,0,0,0,0,0,0,0,0,0,0,0,0,0
"08053","5","44511","77","0","2016","4","N","Hinsdale County, Colorado","Private","NAICS 44511 Supermarkets and other grocery stores","County, NAICS 5-digit -- by ownership sector","All establishment sizes",2,0,0,0,0,0,0,0,"N",4.29,0,0,0,0,0,0,0,"N",0,0.0,0,0,0,0,0,0,0,0,0,0,0,0,0,0
"08053","5","445110","78","0","2016","1","N","Hinsdale County, Colorado","Private","NAICS 445110 Supermarkets and other grocery stores","County, NAICS 6-digit -- by ownership sector","All establishment sizes",2,0,0,0,0,0,0,0,"N",4.29,0,0,0,0,0,0,0,"N",0,0.0,0,0,0,0,0,0,0,0,0,0,0,0,0,0
"08053","5","445110","78","0","2016","2","N","Hinsdale County, Colorado","Private","NAICS 445110 Supermarkets and other grocery stores","County, NAICS 6-digit -- by ownership sector","All establishment sizes",2,0,0,0,0,0,0,0,"N",4.29,0,0,0,0,0,0,0,"N",0,0.0,0,0,0,0,0,0,0,0,0,0,0,0,0,0
"08053","5","445110","78","0","2016","3","N","Hinsdale County, Colorado","Private","NAICS 445110 Supermarkets and other grocery stores","County, NAICS 6-digit -- by ownership sector","All establishment sizes",2,0,0,0,0,0,0,0,"N",4.27,0,0,0,0,0,0,0,"N",0,0.0,0,0,0,0,0,0,0,0,0,0,0,0,0,0
"08053","5","445110","78","0","2016","4","N","Hinsdale County, Colorado","Private","NAICS 445110 Supermarkets and other grocery stores","County, NAICS 6-digit -- by ownership sector","All establishment sizes",2,0,0,0,0,0,0,0,"N",4.29,0,0,0,0,0,0,0,"N",0,0.0,0,0,0,0,0,0,0,0,0,0,0,0,0,0
"08053","5","447","75","0","2016","1","N","Hinsdale County, Colorado","Private","NAICS 447 Gasoline stations","County, NAICS 3-digit -- by ownership sector","All establishment sizes",2,0,0,0,0,0,0,0,"N",2.45,0,0,0,0,0,0,0,"N",0,0.0,0,0,0,0,0,0,0,0,0,0,0,0,0,0
"08053","5","447","75","0","2016","2","N","Hinsdale County, Colorado","Private","NAICS 447 Gasoline stations","County, NAICS 3-digit -- by ownership sector","All establishment sizes",2,0,0,0,0,0,0,0,"N",2.46,0,0,0,0,0,0,0,"N",0,0.0,0,0,0,0,0,0,0,0,0,0,0,0,0,0
"08053","5","447","75","0","2016","3","N","Hinsdale County, Colorado","Private","NAICS 447 Gasoline stations","County, NAICS 3-digit -- by ownership sector","All establishment sizes",2,0,0,0,0,0,0,0,"N",2.45,0,0,0,0,0,0,0,"N",0,0.0,0,0,0,0,0,0,0,0,0,0,0,0,0,0
"08053","5","447","75","0","2016","4","N","Hinsdale County, Colorado","Private","NAICS 447 Gasoline stations","County, NAICS 3-digit -- by ownership sector","All establishment sizes",2,0,0,0,0,0,0,0,"N",2.46,0,0,0,0,0,0,0,"N",0,0.0,0,0,0,0,0,0,0,0,0,0,0,0,0,0
"08053","5","4471","76","0","2016","1","N","Hinsdale County, Colorado","Private","NAICS 4471 Gasoline stations","County, NAICS 4-digit -- by ownership sector","All establishment sizes",2,0,0,0,0,0,0,0,"N",2.45,0,0,0,0,0,0,0,"N",0,0.0,0,0,0,0,0,0,0,0,0,0,0,0,0,0
"08053","5","4471","76","0","2016","2","N","Hinsdale County, Colorado","Private","NAICS 4471 Gasoline stations","County, NAICS 4-digit -- by ownership sector","All establishment sizes",2,0,0,0,0,0,0,0,"N",2.46,0,0,0,0,0,0,0,"N",0,0.0,0,0,0,0,0,0,0,0,0,0,0,0,0,0
"08053","5","4471","76","0","2016","3","N","Hinsdale County, Colorado","Private","NAICS 4471 Gasoline stations","County, NAICS 4-digit -- by ownership sector","All establishment sizes",2,0,0,0,0,0,0,0,"N",2.45,0,0,0,0,0,0,0,"N",0,0.0,0,0,0,0,0,0,0,0,0,0,0,0,0,0
"08053","5","4471","76","0","2016","4","N","Hinsdale County, Colorado","Private","NAICS 4471 Gasoline stations","County, NAICS 4-digit -- by ownership sector","All establishment sizes",2,0,0,0,0,0,0,0,"N",2.46,0,0,0,0,0,0,0,"N",0,0.0,0,0,0,0,0,0,0,0,0,0,0,0,0,0
"08053","5","44711","77","0","2016","1","N","Hinsdale County, Colorado","Private","NAICS 44711 Gasoline stations with convenience stores","County, NAICS 5-digit -- by ownership sector","All establishment sizes",1,0,0,0,0,0,0,0,"N",1.36,0,0,0,0,0,0,0,"N",0,0.0,0,0,0,0,0,0,0,0,0,0,0,0,0,0
"08053","5","44711","77","0","2016","2","N","Hinsdale County, Colorado","Private","NAICS 44711 Gasoline stations with convenience stores","County, NAICS 5-digit -- by ownership sector","All establishment sizes",1,0,0,0,0,0,0,0,"N",1.37,0,0,0,0,0,0,0,"N",0,0.0,0,0,0,0,0,0,0,0,0,0,0,0,0,0
"08053","5","44711","77","0","2016","3","N","Hinsdale County, Colorado","Private","NAICS 44711 Gasoline stations with convenience stores","County, NAICS 5-digit -- by ownership sector","All establishment sizes",1,0,0,0,0,0,0,0,"N",1.36,0,0,0,0,0,0,0,"N",0,0.0,0,0,0,0,0,0,0,0,0,0,0,0,0,0
"08053","5","44711","77","0","2016","4","N","Hinsdale County, Colorado","Private","NAICS 44711 Gasoline stations with convenience stores","County, NAICS 5-digit -- by ownership sector","All establishment sizes",1,0,0,0,0,0,0,0,"N",1.37,0,0,0,0,0,0,0,"N",0,0.0,0,0,0,0,0,0,0,0,0,0,0,0,0,0
"08053","5","447110","78","0","2016","1","N","Hinsdale County, Colorado","Private","NAICS 447110 Gasoline stations with convenience stores","County, NAICS 6-digit -- by ownership sector","All establishment sizes",1,0,0,0,0,0,0,0,"N",1.36,0,0,0,0,0,0,0,"N",0,0.0,0,0,0,0,0,0,0,0,0,0,0,0,0,0
"08053","5","447110","78","0","2016","2","N","Hinsdale County, Colorado","Private","NAICS 447110 Gasoline stations with convenience stores","County, NAICS 6-digit -- by ownership sector","All establishment sizes",1,0,0,0,0,0,0,0,"N",1.37,0,0,0,0,0,0,0,"N",0,0.0,0,0,0,0,0,0,0,0,0,0,0,0,0,0
"08053","5","447110","78","0","2016","3","N","Hinsdale County, Colorado","Private","NAICS 447110 Gasoline stations with convenience stores","County, NAICS 6-digit -- by ownership sector","All establishment sizes",1,0,0,0,0,0,0,0,"N",1.36,0,0,0,0,0,0,0,"N",0,0.0,0,0,0,0,0,0,0,0,0,0,0,0,0,0
"08053","5","447110","78","0","2016","4","N","Hinsdale County, Colorado","Private","NAICS 447110 Gasoline stations with convenience stores","County, NAICS 6-digit -- by ownership sector","All establishment sizes",1,0,0,0,0,0,0,0,"N",1.37,0,0,0,0,0,0,0,"N",0,0.0,0,0,0,0,0,0,0,0,0,0,0,0,0,0
"08053","5","44719","77","0","2016","1","N","Hinsdale County, Colorado","Private","NAICS 44719 Other gasoline stations","County, NAICS 5-digit -- by ownership sector","All establishment sizes",1,0,0,0,0,0,0,0,"N",11.85,0,0,0,0,0,0,0,"N",0,0.0,0,0,0,0,0,0,0,0,0,0,0,0,0,0
"08053","5","44719","77","0","2016","2","N","Hinsdale County, Colorado","Private","NAICS 44719 Other gasoline stations","County, NAICS 5-digit -- by ownership sector","All establishment sizes",1,0,0,0,0,0,0,0,"N",11.97,0,0,0,0,0,0,0,"N",0,0.0,0,0,0,0,0,0,0,0,0,0,0,0,0,0
"08053","5","44719","77","0","2016","3","N","Hinsdale County, Colorado","Private","NAICS 44719 Other gasoline stations","County, NAICS 5-digit -- by ownership sector","All establishment sizes",1,0,0,0,0,0,0,0,"N",11.97,0,0,0,0,0,0,0,"N",0,0.0,0,0,0,0,0,0,0,0,0,0,0,0,0,0
"08053","5","44719","77","0","2016","4","N","Hinsdale County, Colorado","Private","NAICS 44719 Other gasoline stations","County, NAICS 5-digit -- by ownership sector","All establishment sizes",1,0,0,0,0,0,0,0,"N",12.05,0,0,0,0,0,0,0,"N",0,0.0,0,0,0,0,0,0,0,0,0,0,0,0,0,0
"08053","5","447190","78","0","2016","1","N","Hinsdale County, Colorado","Private","NAICS 447190 Other gasoline stations","County, NAICS 6-digit -- by ownership sector","All establishment sizes",1,0,0,0,0,0,0,0,"N",11.85,0,0,0,0,0,0,0,"N",0,0.0,0,0,0,0,0,0,0,0,0,0,0,0,0,0
"08053","5","447190","78","0","2016","2","N","Hinsdale County, Colorado","Private","NAICS 447190 Other gasoline stations","County, NAICS 6-digit -- by ownership sector","All establishment sizes",1,0,0,0,0,0,0,0,"N",11.97,0,0,0,0,0,0,0,"N",0,0.0,0,0,0,0,0,0,0,0,0,0,0,0,0,0
"08053","5","447190","78","0","2016","3","N","Hinsdale County, Colorado","Private","NAICS 447190 Other gasoline stations","County, NAICS 6-digit -- by ownership sector","All establishment sizes",1,0,0,0,0,0,0,0,"N",11.97,0,0,0,0,0,0,0,"N",0,0.0,0,0,0,0,0,0,0,0,0,0,0,0,0,0
"08053","5","447190","78","0","2016","4","N","Hinsdale County, Colorado","Private","NAICS 447190 Other gasoline stations","County, NAICS 6-digit -- by ownership sector","All establishment sizes",1,0,0,0,0,0,0,0,"N",12.05,0,0,0,0,0,0,0,"N",0,0.0,0,0,0,0,0,0,0,0,0,0,0,0,0,0
"08053","5","451","75","0","2016","1","N","Hinsdale County, Colorado","Private","NAICS 451 Sports, hobby, music instrument, book stores","County, NAICS 3-digit -- by ownership sector","All establishment sizes",1,0,0,0,0,0,0,0,"N",2.45,0,0,0,0,0,0,0,"N",0,0.0,0,0,0,0,0,0,0,0,0,0,0,0,0,0
"08053","5","451","75","0","2016","2","N","Hinsdale County, Colorado","Private","NAICS 451 Sports, hobby, music instrument, book stores","County, NAICS 3-digit -- by ownership sector","All establishment sizes",1,0,0,0,0,0,0,0,"N",2.47,0,0,0,0,0,0,0,"N",0,0.0,0,0,0,0,0,0,0,0,0,0,0,0,0,0
"08053","5","451","75","0","2016","3","N","Hinsdale County, Colorado","Private","NAICS 451 Sports, hobby, music instrument, book stores","County, NAICS 3-digit -- by ownership sector","All establishment sizes",1,0,0,0,0,0,0,0,"N",2.46,0,0,0,0,0,0,0,"N",0,0.0,0,0,0,0,0,0,0,0,0,0,0,0,0,0
"08053","5","451","75","0","2016","4","N","Hinsdale County, Colorado","Private","NAICS 451 Sports, hobby, music instrument, book stores","County, NAICS 3-digit -- by ownership sector","All establishment sizes",1,0,0,0,0,0,0,0,"N",2.51,0,0,0,0,0,0,0,"N",0,0.0,0,0,0,0,0,0,0,0,0,0,0,0,0,0
"08053","5","4511","76","0","2016","1","N","Hinsdale County, Colorado","Private","NAICS 4511 Sporting goods and musical instrument stores","County, NAICS 4-digit -- by ownership sector","All establishment sizes",1,0,0,0,0,0,0,0,"N",2.89,0,0,0,0,0,0,0,"N",0,0.0,0,0,0,0,0,0,0,0,0,0,0,0,0,0
"08053","5","4511","76","0","2016","2","N","Hinsdale County, Colorado","Private","NAICS 4511 Sporting goods and musical instrument stores","County, NAICS 4-digit -- by ownership sector","All establishment sizes",1,0,0,0,0,0,0,0,"N",2.91,0,0,0,0,0,0,0,"N",0,0.0,0,0,0,0,0,0,0,0,0,0,0,0,0,0
"08053","5","4511","76","0","2016","3","N","Hinsdale County, Colorado","Private","NAICS 4511 Sporting goods and musical instrument stores","County, NAICS 4-digit -- by ownership sector","All establishment sizes",1,0,0,0,0,0,0,0,"N",2.90,0,0,0,0,0,0,0,"N",0,0.0,0,0,0,0,0,0,0,0,0,0,0,0,0,0
"08053","5","4511","76","0","2016","4","N","Hinsdale County, Colorado","Private","NAICS 4511 Sporting goods and musical instrument stores","County, NAICS 4-digit -- by ownership sector","All establishment sizes",1,0,0,0,0,0,0,0,"N",2.96,0,0,0,0,0,0,0,"N",0,0.0,0,0,0,0,0,0,0,0,0,0,0,0,0,0
"08053","5","45111","77","0","2016","1","N","Hinsdale County, Colorado","Private","NAICS 45111 Sporting goods stores","County, NAICS 5-digit -- by ownership sector","All establishment sizes",1,0,0,0,0,0,0,0,"N",5.29,0,0,0,0,0,0,0,"N",0,0.0,0,0,0,0,0,0,0,0,0,0,0,0,0,0
"08053","5","45111","77","0","2016","2","N","Hinsdale County, Colorado","Private","NAICS 45111 Sporting goods stores","County, NAICS 5-digit -- by ownership sector","All establishment sizes",1,0,0,0,0,0,0,0,"N",5.32,0,0,0,0,0,0,0,"N",0,0.0,0,0,0,0,0,0,0,0,0,0,0,0,0,0
"08053","5","45111","77","0","2016","3","N","Hinsdale County, Colorado","Private","NAICS 45111 Sporting goods stores","County, NAICS 5-digit -- by ownership sector","All establishment sizes",1,0,0,0,0,0,0,0,"N",5.29,0,0,0,0,0,0,0,"N",0,0.0,0,0,0,0,0,0,0,0,0,0,0,0,0,0
"08053","5","45111","77","0","2016","4","N","Hinsdale County, Colorado","Private","NAICS 45111 Sporting goods stores","County, NAICS 5-digit -- by ownership sector","All establishment sizes",1,0,0,0,0,0,0,0,"N",5.44,0,0,0,0,0,0,0,"N",0,0.0,0,0,0,0,0,0,0,0,0,0,0,0,0,0
"08053","5","451110","78","0","2016","1","N","Hinsdale County, Colorado","Private","NAICS 451110 Sporting goods stores","County, NAICS 6-digit -- by ownership sector","All establishment sizes",1,0,0,0,0,0,0,0,"N",5.29,0,0,0,0,0,0,0,"N",0,0.0,0,0,0,0,0,0,0,0,0,0,0,0,0,0
"08053","5","451110","78","0","2016","2","N","Hinsdale County, Colorado","Private","NAICS 451110 Sporting goods stores","County, NAICS 6-digit -- by ownership sector","All establishment sizes",1,0,0,0,0,0,0,0,"N",5.32,0,0,0,0,0,0,0,"N",0,0.0,0,0,0,0,0,0,0,0,0,0,0,0,0,0
"08053","5","451110","78","0","2016","3","N","Hinsdale County, Colorado","Private","NAICS 451110 Sporting goods stores","County, NAICS 6-digit -- by ownership sector","All establishment sizes",1,0,0,0,0,0,0,0,"N",5.29,0,0,0,0,0,0,0,"N",0,0.0,0,0,0,0,0,0,0,0,0,0,0,0,0,0
"08053","5","451110","78","0","2016","4","N","Hinsdale County, Colorado","Private","NAICS 451110 Sporting goods stores","County, NAICS 6-digit -- by ownership sector","All establishment sizes",1,0,0,0,0,0,0,0,"N",5.44,0,0,0,0,0,0,0,"N",0,0.0,0,0,0,0,0,0,0,0,0,0,0,0,0,0
"08053","5","453","75","0","2016","1","N","Hinsdale County, Colorado","Private","NAICS 453 Miscellaneous store retailers","County, NAICS 3-digit -- by ownership sector","All establishment sizes",3,0,0,0,0,0,0,0,"N",3.40,0,0,0,0,0,0,0,"N",-1,-25.0,0,0,0,0,0,0,0,0,0,0,0,0,0,0
"08053","5","453","75","0","2016","2","N","Hinsdale County, Colorado","Private","NAICS 453 Miscellaneous store retailers","County, NAICS 3-digit -- by ownership sector","All establishment sizes",3,0,0,0,0,0,0,0,"N",3.43,0,0,0,0,0,0,0,"N",0,0.0,0,0,0,0,0,0,0,0,0,0,0,0,0,0
"08053","5","453","75","0","2016","3","","Hinsdale County, Colorado","Private","NAICS 453 Miscellaneous store retailers","County, NAICS 3-digit -- by ownership sector","All establishment sizes",4,20,20,13,48464,48464,526,211,"",4.54,9.48,9.71,7.26,7.19,5.17,5.06,0.81,"N",1,33.3,0,0,0,0,0,0,0,0,0,0,0,0,0,0
"08053","5","453","75","0","2016","4","","Hinsdale County, Colorado","Private","NAICS 453 Miscellaneous store retailers","County, NAICS 3-digit -- by ownership sector","All establishment sizes",4,4,2,4,17933,17933,199,414,"",4.57,2.46,1.33,2.65,2.92,3.39,3.33,1.36,"N",1,33.3,0,0,0,0,0,0,0,0,0,0,0,0,0,0
"08053","5","4532","76","0","2016","1","N","Hinsdale County, Colorado","Private","NAICS 4532 Office supplies, stationery, and gift stores","County, NAICS 4-digit -- by ownership sector","All establishment sizes",2,0,0,0,0,0,0,0,"N",8.58,0,0,0,0,0,0,0,"N",-1,-33.3,0,0,0,0,0,0,0,0,0,0,0,0,0,0
"08053","5","4532","76","0","2016","2","N","Hinsdale County, Colorado","Private","NAICS 4532 Office supplies, stationery, and gift stores","County, NAICS 4-digit -- by ownership sector","All establishment sizes",2,0,0,0,0,0,0,0,"N",8.73,0,0,0,0,0,0,0,"N",0,0.0,0,0,0,0,0,0,0,0,0,0,0,0,0,0
"08053","5","4532","76","0","2016","3","N","Hinsdale County, Colorado","Private","NAICS 4532 Office supplies, stationery, and gift stores","County, NAICS 4-digit -- by ownership sector","All establishment sizes",2,0,0,0,0,0,0,0,"N",8.71,0,0,0,0,0,0,0,"N",0,0.0,0,0,0,0,0,0,0,0,0,0,0,0,0,0
"08053","5","4532","76","0","2016","4","N","Hinsdale County, Colorado","Private","NAICS 4532 Office supplies, stationery, and gift stores","County, NAICS 4-digit -- by ownership sector","All establishment sizes",2,0,0,0,0,0,0,0,"N",8.82,0,0,0,0,0,0,0,"N",0,0.0,0,0,0,0,0,0,0,0,0,0,0,0,0,0
"08053","5","45322","77","0","2016","1","N","Hinsdale County, Colorado","Private","NAICS 45322 Gift, novelty, and souvenir stores","County, NAICS 5-digit -- by ownership sector","All establishment sizes",2,0,0,0,0,0,0,0,"N",12.00,0,0,0,0,0,0,0,"N",-1,-33.3,0,0,0,0,0,0,0,0,0,0,0,0,0,0
"08053","5","45322","77","0","2016","2","N","Hinsdale County, Colorado","Private","NAICS 45322 Gift, novelty, and souvenir stores","County, NAICS 5-digit -- by ownership sector","All establishment sizes",2,0,0,0,0,0,0,0,"N",12.21,0,0,0,0,0,0,0,"N",0,0.0,0,0,0,0,0,0,0,0,0,0,0,0,0,0
"08053","5","45322","77","0","2016","3","N","Hinsdale County, Colorado","Private","NAICS 45322 Gift, novelty, and souvenir stores","County, NAICS 5-digit -- by ownership sector","All establishment sizes",2,0,0,0,0,0,0,0,"N",12.15,0,0,0,0,0,0,0,"N",0,0.0,0,0,0,0,0,0,0,0,0,0,0,0,0,0
"08053","5","45322","77","0","2016","4","N","Hinsdale County, Colorado","Private","NAICS 45322 Gift, novelty, and souvenir stores","County, NAICS 5-digit -- by ownership sector","All establishment sizes",2,0,0,0,0,0,0,0,"N",12.28,0,0,0,0,0,0,0,"N",0,0.0,0,0,0,0,0,0,0,0,0,0,0,0,0,0
"08053","5","453220","78","0","2016","1","N","Hinsdale County, Colorado","Private","NAICS 453220 Gift, novelty, and souvenir stores","County, NAICS 6-digit -- by ownership sector","All establishment sizes",2,0,0,0,0,0,0,0,"N",12.00,0,0,0,0,0,0,0,"N",-1,-33.3,0,0,0,0,0,0,0,0,0,0,0,0,0,0
"08053","5","453220","78","0","2016","2","N","Hinsdale County, Colorado","Private","NAICS 453220 Gift, novelty, and souvenir stores","County, NAICS 6-digit -- by ownership sector","All establishment sizes",2,0,0,0,0,0,0,0,"N",12.21,0,0,0,0,0,0,0,"N",0,0.0,0,0,0,0,0,0,0,0,0,0,0,0,0,0
"08053","5","453220","78","0","2016","3","N","Hinsdale County, Colorado","Private","NAICS 453220 Gift, novelty, and souvenir stores","County, NAICS 6-digit -- by ownership sector","All establishment sizes",2,0,0,0,0,0,0,0,"N",12.15,0,0,0,0,0,0,0,"N",0,0.0,0,0,0,0,0,0,0,0,0,0,0,0,0,0
"08053","5","453220","78","0","2016","4","N","Hinsdale County, Colorado","Private","NAICS 453220 Gift, novelty, and souvenir stores","County, NAICS 6-digit -- by ownership sector","All establishment sizes",2,0,0,0,0,0,0,0,"N",12.28,0,0,0,0,0,0,0,"N",0,0.0,0,0,0,0,0,0,0,0,0,0,0,0,0,0
"08053","5","4539","76","0","2016","1","N","Hinsdale County, Colorado","Private","NAICS 4539 Other miscellaneous store retailers","County, NAICS 4-digit -- by ownership sector","All establishment sizes",1,0,0,0,0,0,0,0,"N",2.49,0,0,0,0,0,0,0,"N",0,0.0,0,0,0,0,0,0,0,0,0,0,0,0,0,0
"08053","5","4539","76","0","2016","2","N","Hinsdale County, Colorado","Private","NAICS 4539 Other miscellaneous store retailers","County, NAICS 4-digit -- by ownership sector","All establishment sizes",1,0,0,0,0,0,0,0,"N",2.49,0,0,0,0,0,0,0,"N",0,0.0,0,0,0,0,0,0,0,0,0,0,0,0,0,0
"08053","5","4539","76","0","2016","3","N","Hinsdale County, Colorado","Private","NAICS 4539 Other miscellaneous store retailers","County, NAICS 4-digit -- by ownership sector","All establishment sizes",2,0,0,0,0,0,0,0,"N",4.91,0,0,0,0,0,0,0,"N",1,100.0,0,0,0,0,0,0,0,0,0,0,0,0,0,0
"08053","5","4539","76","0","2016","4","N","Hinsdale County, Colorado","Private","NAICS 4539 Other miscellaneous store retailers","County, NAICS 4-digit -- by ownership sector","All establishment sizes",2,0,0,0,0,0,0,0,"N",4.92,0,0,0,0,0,0,0,"N",1,100.0,0,0,0,0,0,0,0,0,0,0,0,0,0,0
"08053","5","45392","77","0","2016","1","N","Hinsdale County, Colorado","Private","NAICS 45392 Art dealers","County, NAICS 5-digit -- by ownership sector","All establishment sizes",1,0,0,0,0,0,0,0,"N",25.28,0,0,0,0,0,0,0,"N",0,0.0,0,0,0,0,0,0,0,0,0,0,0,0,0,0
"08053","5","45392","77","0","2016","2","N","Hinsdale County, Colorado","Private","NAICS 45392 Art dealers","County, NAICS 5-digit -- by ownership sector","All establishment sizes",1,0,0,0,0,0,0,0,"N",25.52,0,0,0,0,0,0,0,"N",0,0.0,0,0,0,0,0,0,0,0,0,0,0,0,0,0
"08053","5","45392","77","0","2016","3","N","Hinsdale County, Colorado","Private","NAICS 45392 Art dealers","County, NAICS 5-digit -- by ownership sector","All establishment sizes",2,0,0,0,0,0,0,0,"N",50.37,0,0,0,0,0,0,0,"N",1,100.0,0,0,0,0,0,0,0,0,0,0,0,0,0,0
"08053","5","45392","77","0","2016","4","N","Hinsdale County, Colorado","Private","NAICS 45392 Art dealers","County, NAICS 5-digit -- by ownership sector","All establishment sizes",2,0,0,0,0,0,0,0,"N",50.83,0,0,0,0,0,0,0,"N",1,100.0,0,0,0,0,0,0,0,0,0,0,0,0,0,0
"08053","5","453920","78","0","2016","1","N","Hinsdale County, Colorado","Private","NAICS 453920 Art dealers","County, NAICS 6-digit -- by ownership sector","All establishment sizes",1,0,0,0,0,0,0,0,"N",25.28,0,0,0,0,0,0,0,"N",0,0.0,0,0,0,0,0,0,0,0,0,0,0,0,0,0
"08053","5","453920","78","0","2016","2","N","Hinsdale County, Colorado","Private","NAICS 453920 Art dealers","County, NAICS 6-digit -- by ownership sector","All establishment sizes",1,0,0,0,0,0,0,0,"N",25.52,0,0,0,0,0,0,0,"N",0,0.0,0,0,0,0,0,0,0,0,0,0,0,0,0,0
"08053","5","453920","78","0","2016","3","N","Hinsdale County, Colorado","Private","NAICS 453920 Art dealers","County, NAICS 6-digit -- by ownership sector","All establishment sizes",2,0,0,0,0,0,0,0,"N",50.37,0,0,0,0,0,0,0,"N",1,100.0,0,0,0,0,0,0,0,0,0,0,0,0,0,0
"08053","5","453920","78","0","2016","4","N","Hinsdale County, Colorado","Private","NAICS 453920 Art dealers","County, NAICS 6-digit -- by ownership sector","All establishment sizes",2,0,0,0,0,0,0,0,"N",50.83,0,0,0,0,0,0,0,"N",1,100.0,0,0,0,0,0,0,0,0,0,0,0,0,0,0
"08053","5","454","75","0","2016","1","N","Hinsdale County, Colorado","Private","NAICS 454 Nonstore retailers","County, NAICS 3-digit -- by ownership sector","All establishment sizes",1,0,0,0,0,0,0,0,"N",2.76,0,0,0,0,0,0,0,"N",0,0.0,0,0,0,0,0,0,0,0,0,0,0,0,0,0
"08053","5","454","75","0","2016","2","N","Hinsdale County, Colorado","Private","NAICS 454 Nonstore retailers","County, NAICS 3-digit -- by ownership sector","All establishment sizes",1,0,0,0,0,0,0,0,"N",2.75,0,0,0,0,0,0,0,"N",0,0.0,0,0,0,0,0,0,0,0,0,0,0,0,0,0
"08053","5","454","75","0","2016","3","N","Hinsdale County, Colorado","Private","NAICS 454 Nonstore retailers","County, NAICS 3-digit -- by ownership sector","All establishment sizes",1,0,0,0,0,0,0,0,"N",2.70,0,0,0,0,0,0,0,"N",0,0.0,0,0,0,0,0,0,0,0,0,0,0,0,0,0
"08053","5","454","75","0","2016","4","N","Hinsdale County, Colorado","Private","NAICS 454 Nonstore retailers","County, NAICS 3-digit -- by ownership sector","All establishment sizes",1,0,0,0,0,0,0,0,"N",2.69,0,0,0,0,0,0,0,"N",0,0.0,0,0,0,0,0,0,0,0,0,0,0,0,0,0
"08053","5","4543","76","0","2016","1","N","Hinsdale County, Colorado","Private","NAICS 4543 Direct selling establishments","County, NAICS 4-digit -- by ownership sector","All establishment sizes",1,0,0,0,0,0,0,0,"N",7.04,0,0,0,0,0,0,0,"N",0,0.0,0,0,0,0,0,0,0,0,0,0,0,0,0,0
"08053","5","4543","76","0","2016","2","N","Hinsdale County, Colorado","Private","NAICS 4543 Direct selling establishments","County, NAICS 4-digit -- by ownership sector","All establishment sizes",1,0,0,0,0,0,0,0,"N",7.03,0,0,0,0,0,0,0,"N",0,0.0,0,0,0,0,0,0,0,0,0,0,0,0,0,0
"08053","5","4543","76","0","2016","3","N","Hinsdale County, Colorado","Private","NAICS 4543 Direct selling establishments","County, NAICS 4-digit -- by ownership sector","All establishment sizes",1,0,0,0,0,0,0,0,"N",6.89,0,0,0,0,0,0,0,"N",0,0.0,0,0,0,0,0,0,0,0,0,0,0,0,0,0
"08053","5","4543","76","0","2016","4","N","Hinsdale County, Colorado","Private","NAICS 4543 Direct selling establishments","County, NAICS 4-digit -- by ownership sector","All establishment sizes",1,0,0,0,0,0,0,0,"N",6.86,0,0,0,0,0,0,0,"N",0,0.0,0,0,0,0,0,0,0,0,0,0,0,0,0,0
"08053","5","45431","77","0","2016","1","N","Hinsdale County, Colorado","Private","NAICS 45431 Fuel dealers","County, NAICS 5-digit -- by ownership sector","All establishment sizes",1,0,0,0,0,0,0,0,"N",15.64,0,0,0,0,0,0,0,"N",0,0.0,0,0,0,0,0,0,0,0,0,0,0,0,0,0
"08053","5","45431","77","0","2016","2","N","Hinsdale County, Colorado","Private","NAICS 45431 Fuel dealers","County, NAICS 5-digit -- by ownership sector","All establishment sizes",1,0,0,0,0,0,0,0,"N",15.84,0,0,0,0,0,0,0,"N",0,0.0,0,0,0,0,0,0,0,0,0,0,0,0,0,0
"08053","5","45431","77","0","2016","3","N","Hinsdale County, Colorado","Private","NAICS 45431 Fuel dealers","County, NAICS 5-digit -- by ownership sector","All establishment sizes",1,0,0,0,0,0,0,0,"N",15.79,0,0,0,0,0,0,0,"N",0,0.0,0,0,0,0,0,0,0,0,0,0,0,0,0,0
"08053","5","45431","77","0","2016","4","N","Hinsdale County, Colorado","Private","NAICS 45431 Fuel dealers","County, NAICS 5-digit -- by ownership sector","All establishment sizes",1,0,0,0,0,0,0,0,"N",15.94,0,0,0,0,0,0,0,"N",0,0.0,0,0,0,0,0,0,0,0,0,0,0,0,0,0
"08053","5","454310","78","0","2016","1","N","Hinsdale County, Colorado","Private","NAICS 454310 Fuel dealers","County, NAICS 6-digit -- by ownership sector","All establishment sizes",1,0,0,0,0,0,0,0,"N",15.64,0,0,0,0,0,0,0,"N",0,0.0,0,0,0,0,0,0,0,0,0,0,0,0,0,0
"08053","5","454310","78","0","2016","2","N","Hinsdale County, Colorado","Private","NAICS 454310 Fuel dealers","County, NAICS 6-digit -- by ownership sector","All establishment sizes",1,0,0,0,0,0,0,0,"N",15.84,0,0,0,0,0,0,0,"N",0,0.0,0,0,0,0,0,0,0,0,0,0,0,0,0,0
"08053","5","454310","78","0","2016","3","N","Hinsdale County, Colorado","Private","NAICS 454310 Fuel dealers","County, NAICS 6-digit -- by ownership sector","All establishment sizes",1,0,0,0,0,0,0,0,"N",15.79,0,0,0,0,0,0,0,"N",0,0.0,0,0,0,0,0,0,0,0,0,0,0,0,0,0
"08053","5","454310","78","0","2016","4","N","Hinsdale County, Colorado","Private","NAICS 454310 Fuel dealers","County, NAICS 6-digit -- by ownership sector","All establishment sizes",1,0,0,0,0,0,0,0,"N",15.94,0,0,0,0,0,0,0,"N",0,0.0,0,0,0,0,0,0,0,0,0,0,0,0,0,0
"08053","5","48-49","74","0","2016","1","N","Hinsdale County, Colorado","Private","NAICS 48-49 Transportation and warehousing","County, NAICS Sector -- by ownership sector","All establishment sizes",1,0,0,0,0,0,0,0,"N",0.54,0,0,0,0,0,0,0,"N",0,0.0,0,0,0,0,0,0,0,0,0,0,0,0,0,0
"08053","5","48-49","74","0","2016","2","N","Hinsdale County, Colorado","Private","NAICS 48-49 Transportation and warehousing","County, NAICS Sector -- by ownership sector","All establishment sizes",1,0,0,0,0,0,0,0,"N",0.54,0,0,0,0,0,0,0,"N",0,0.0,0,0,0,0,0,0,0,0,0,0,0,0,0,0
"08053","5","48-49","74","0","2016","3","N","Hinsdale County, Colorado","Private","NAICS 48-49 Transportation and warehousing","County, NAICS Sector -- by ownership sector","All establishment sizes",1,0,0,0,0,0,0,0,"N",0.53,0,0,0,0,0,0,0,"N",0,0.0,0,0,0,0,0,0,0,0,0,0,0,0,0,0
"08053","5","48-49","74","0","2016","4","N","Hinsdale County, Colorado","Private","NAICS 48-49 Transportation and warehousing","County, NAICS Sector -- by ownership sector","All establishment sizes",1,0,0,0,0,0,0,0,"N",0.54,0,0,0,0,0,0,0,"N",0,0.0,0,0,0,0,0,0,0,0,0,0,0,0,0,0
"08053","5","488","75","0","2016","1","N","Hinsdale County, Colorado","Private","NAICS 488 Support activities for transportation","County, NAICS 3-digit -- by ownership sector","All establishment sizes",1,0,0,0,0,0,0,0,"N",2.88,0,0,0,0,0,0,0,"N",0,0.0,0,0,0,0,0,0,0,0,0,0,0,0,0,0
"08053","5","488","75","0","2016","2","N","Hinsdale County, Colorado","Private","NAICS 488 Support activities for transportation","County, NAICS 3-digit -- by ownership sector","All establishment sizes",1,0,0,0,0,0,0,0,"N",2.89,0,0,0,0,0,0,0,"N",0,0.0,0,0,0,0,0,0,0,0,0,0,0,0,0,0
"08053","5","488","75","0","2016","3","N","Hinsdale County, Colorado","Private","NAICS 488 Support activities for transportation","County, NAICS 3-digit -- by ownership sector","All establishment sizes",1,0,0,0,0,0,0,0,"N",2.87,0,0,0,0,0,0,0,"N",0,0.0,0,0,0,0,0,0,0,0,0,0,0,0,0,0
"08053","5","488","75","0","2016","4","N","Hinsdale County, Colorado","Private","NAICS 488 Support activities for transportation","County, NAICS 3-digit -- by ownership sector","All establishment sizes",1,0,0,0,0,0,0,0,"N",2.88,0,0,0,0,0,0,0,"N",0,0.0,0,0,0,0,0,0,0,0,0,0,0,0,0,0
"08053","5","4881","76","0","2016","1","N","Hinsdale County, Colorado","Private","NAICS 4881 Support activities for air transportation","County, NAICS 4-digit -- by ownership sector","All establishment sizes",1,0,0,0,0,0,0,0,"N",17.62,0,0,0,0,0,0,0,"N",0,0.0,0,0,0,0,0,0,0,0,0,0,0,0,0,0
"08053","5","4881","76","0","2016","2","N","Hinsdale County, Colorado","Private","NAICS 4881 Support activities for air transportation","County, NAICS 4-digit -- by ownership sector","All establishment sizes",1,0,0,0,0,0,0,0,"N",17.71,0,0,0,0,0,0,0,"N",0,0.0,0,0,0,0,0,0,0,0,0,0,0,0,0,0
"08053","5","4881","76","0","2016","3","N","Hinsdale County, Colorado","Private","NAICS 4881 Support activities for air transportation","County, NAICS 4-digit -- by ownership sector","All establishment sizes",1,0,0,0,0,0,0,0,"N",17.53,0,0,0,0,0,0,0,"N",0,0.0,0,0,0,0,0,0,0,0,0,0,0,0,0,0
"08053","5","4881","76","0","2016","4","N","Hinsdale County, Colorado","Private","NAICS 4881 Support activities for air transportation","County, NAICS 4-digit -- by ownership sector","All establishment sizes",1,0,0,0,0,0,0,0,"N",17.60,0,0,0,0,0,0,0,"N",0,0.0,0,0,0,0,0,0,0,0,0,0,0,0,0,0
"08053","5","48819","77","0","2016","1","N","Hinsdale County, Colorado","Private","NAICS 48819 Other support activities for air transport.","County, NAICS 5-digit -- by ownership sector","All establishment sizes",1,0,0,0,0,0,0,0,"N",24.23,0,0,0,0,0,0,0,"N",0,0.0,0,0,0,0,0,0,0,0,0,0,0,0,0,0
"08053","5","48819","77","0","2016","2","N","Hinsdale County, Colorado","Private","NAICS 48819 Other support activities for air transport.","County, NAICS 5-digit -- by ownership sector","All establishment sizes",1,0,0,0,0,0,0,0,"N",24.38,0,0,0,0,0,0,0,"N",0,0.0,0,0,0,0,0,0,0,0,0,0,0,0,0,0
"08053","5","48819","77","0","2016","3","N","Hinsdale County, Colorado","Private","NAICS 48819 Other support activities for air transport.","County, NAICS 5-digit -- by ownership sector","All establishment sizes",1,0,0,0,0,0,0,0,"N",24.24,0,0,0,0,0,0,0,"N",0,0.0,0,0,0,0,0,0,0,0,0,0,0,0,0,0
"08053","5","48819","77","0","2016","4","N","Hinsdale County, Colorado","Private","NAICS 48819 Other support activities for air transport.","County, NAICS 5-digit -- by ownership sector","All establishment sizes",1,0,0,0,0,0,0,0,"N",24.32,0,0,0,0,0,0,0,"N",0,0.0,0,0,0,0,0,0,0,0,0,0,0,0,0,0
"08053","5","488190","78","0","2016","1","N","Hinsdale County, Colorado","Private","NAICS 488190 Other support activities for air transport.","County, NAICS 6-digit -- by ownership sector","All establishment sizes",1,0,0,0,0,0,0,0,"N",24.23,0,0,0,0,0,0,0,"N",0,0.0,0,0,0,0,0,0,0,0,0,0,0,0,0,0
"08053","5","488190","78","0","2016","2","N","Hinsdale County, Colorado","Private","NAICS 488190 Other support activities for air transport.","County, NAICS 6-digit -- by ownership sector","All establishment sizes",1,0,0,0,0,0,0,0,"N",24.38,0,0,0,0,0,0,0,"N",0,0.0,0,0,0,0,0,0,0,0,0,0,0,0,0,0
"08053","5","488190","78","0","2016","3","N","Hinsdale County, Colorado","Private","NAICS 488190 Other support activities for air transport.","County, NAICS 6-digit -- by ownership sector","All establishment sizes",1,0,0,0,0,0,0,0,"N",24.24,0,0,0,0,0,0,0,"N",0,0.0,0,0,0,0,0,0,0,0,0,0,0,0,0,0
"08053","5","488190","78","0","2016","4","N","Hinsdale County, Colorado","Private","NAICS 488190 Other support activities for air transport.","County, NAICS 6-digit -- by ownership sector","All establishment sizes",1,0,0,0,0,0,0,0,"N",24.32,0,0,0,0,0,0,0,"N",0,0.0,0,0,0,0,0,0,0,0,0,0,0,0,0,0
"08053","5","51","74","0","2016","1","N","Hinsdale County, Colorado","Private","NAICS 51 Information","County, NAICS Sector -- by ownership sector","All establishment sizes",2,0,0,0,0,0,0,0,"N",1.66,0,0,0,0,0,0,0,"N",0,0.0,0,0,0,0,0,0,0,0,0,0,0,0,0,0
"08053","5","51","74","0","2016","2","N","Hinsdale County, Colorado","Private","NAICS 51 Information","County, NAICS Sector -- by ownership sector","All establishment sizes",2,0,0,0,0,0,0,0,"N",1.65,0,0,0,0,0,0,0,"N",0,0.0,0,0,0,0,0,0,0,0,0,0,0,0,0,0
"08053","5","51","74","0","2016","3","N","Hinsdale County, Colorado","Private","NAICS 51 Information","County, NAICS Sector -- by ownership sector","All establishment sizes",2,0,0,0,0,0,0,0,"N",1.63,0,0,0,0,0,0,0,"N",0,0.0,0,0,0,0,0,0,0,0,0,0,0,0,0,0
"08053","5","51","74","0","2016","4","N","Hinsdale County, Colorado","Private","NAICS 51 Information","County, NAICS Sector -- by ownership sector","All establishment sizes",2,0,0,0,0,0,0,0,"N",1.62,0,0,0,0,0,0,0,"N",0,0.0,0,0,0,0,0,0,0,0,0,0,0,0,0,0
"08053","5","511","75","0","2016","1","N","Hinsdale County, Colorado","Private","NAICS 511 Publishing industries, except internet","County, NAICS 3-digit -- by ownership sector","All establishment sizes",1,0,0,0,0,0,0,0,"N",3.15,0,0,0,0,0,0,0,"N",0,0.0,0,0,0,0,0,0,0,0,0,0,0,0,0,0
"08053","5","511","75","0","2016","2","N","Hinsdale County, Colorado","Private","NAICS 511 Publishing industries, except internet","County, NAICS 3-digit -- by ownership sector","All establishment sizes",1,0,0,0,0,0,0,0,"N",3.12,0,0,0,0,0,0,0,"N",0,0.0,0,0,0,0,0,0,0,0,0,0,0,0,0,0
"08053","5","511","75","0","2016","3","N","Hinsdale County, Colorado","Private","NAICS 511 Publishing industries, except internet","County, NAICS 3-digit -- by ownership sector","All establishment sizes",1,0,0,0,0,0,0,0,"N",3.06,0,0,0,0,0,0,0,"N",0,0.0,0,0,0,0,0,0,0,0,0,0,0,0,0,0
"08053","5","511","75","0","2016","4","N","Hinsdale County, Colorado","Private","NAICS 511 Publishing industries, except internet","County, NAICS 3-digit -- by ownership sector","All establishment sizes",1,0,0,0,0,0,0,0,"N",3.05,0,0,0,0,0,0,0,"N",0,0.0,0,0,0,0,0,0,0,0,0,0,0,0,0,0
"08053","5","5111","76","0","2016","1","N","Hinsdale County, Colorado","Private","NAICS 5111 Newspaper, book, and directory publishers","County, NAICS 4-digit -- by ownership sector","All establishment sizes",1,0,0,0,0,0,0,0,"N",6.00,0,0,0,0,0,0,0,"N",0,0.0,0,0,0,0,0,0,0,0,0,0,0,0,0,0
"08053","5","5111","76","0","2016","2","N","Hinsdale County, Colorado","Private","NAICS 5111 Newspaper, book, and directory publishers","County, NAICS 4-digit -- by ownership sector","All establishment sizes",1,0,0,0,0,0,0,0,"N",6.05,0,0,0,0,0,0,0,"N",0,0.0,0,0,0,0,0,0,0,0,0,0,0,0,0,0
"08053","5","5111","76","0","2016","3","N","Hinsdale County, Colorado","Private","NAICS 5111 Newspaper, book, and directory publishers","County, NAICS 4-digit -- by ownership sector","All establishment sizes",1,0,0,0,0,0,0,0,"N",6.01,0,0,0,0,0,0,0,"N",0,0.0,0,0,0,0,0,0,0,0,0,0,0,0,0,0
"08053","5","5111","76","0","2016","4","N","Hinsdale County, Colorado","Private","NAICS 5111 Newspaper, book, and directory publishers","County, NAICS 4-digit -- by ownership sector","All establishment sizes",1,0,0,0,0,0,0,0,"N",6.08,0,0,0,0,0,0,0,"N",0,0.0,0,0,0,0,0,0,0,0,0,0,0,0,0,0
"08053","5","51111","77","0","2016","1","N","Hinsdale County, Colorado","Private","NAICS 51111 Newspaper publishers","County, NAICS 5-digit -- by ownership sector","All establishment sizes",1,0,0,0,0,0,0,0,"N",16.82,0,0,0,0,0,0,0,"N",0,0.0,0,0,0,0,0,0,0,0,0,0,0,0,0,0
"08053","5","51111","77","0","2016","2","N","Hinsdale County, Colorado","Private","NAICS 51111 Newspaper publishers","County, NAICS 5-digit -- by ownership sector","All establishment sizes",1,0,0,0,0,0,0,0,"N",16.92,0,0,0,0,0,0,0,"N",0,0.0,0,0,0,0,0,0,0,0,0,0,0,0,0,0
"08053","5","51111","77","0","2016","3","N","Hinsdale County, Colorado","Private","NAICS 51111 Newspaper publishers","County, NAICS 5-digit -- by ownership sector","All establishment sizes",1,0,0,0,0,0,0,0,"N",16.80,0,0,0,0,0,0,0,"N",0,0.0,0,0,0,0,0,0,0,0,0,0,0,0,0,0
"08053","5","51111","77","0","2016","4","N","Hinsdale County, Colorado","Private","NAICS 51111 Newspaper publishers","County, NAICS 5-digit -- by ownership sector","All establishment sizes",1,0,0,0,0,0,0,0,"N",17.04,0,0,0,0,0,0,0,"N",0,0.0,0,0,0,0,0,0,0,0,0,0,0,0,0,0
"08053","5","511110","78","0","2016","1","N","Hinsdale County, Colorado","Private","NAICS 511110 Newspaper publishers","County, NAICS 6-digit -- by ownership sector","All establishment sizes",1,0,0,0,0,0,0,0,"N",16.82,0,0,0,0,0,0,0,"N",0,0.0,0,0,0,0,0,0,0,0,0,0,0,0,0,0
"08053","5","511110","78","0","2016","2","N","Hinsdale County, Colorado","Private","NAICS 511110 Newspaper publishers","County, NAICS 6-digit -- by ownership sector","All establishment sizes",1,0,0,0,0,0,0,0,"N",16.92,0,0,0,0,0,0,0,"N",0,0.0,0,0,0,0,0,0,0,0,0,0,0,0,0,0
"08053","5","511110","78","0","2016","3","N","Hinsdale County, Colorado","Private","NAICS 511110 Newspaper publishers","County, NAICS 6-digit -- by ownership sector","All establishment sizes",1,0,0,0,0,0,0,0,"N",16.80,0,0,0,0,0,0,0,"N",0,0.0,0,0,0,0,0,0,0,0,0,0,0,0,0,0
"08053","5","511110","78","0","2016","4","N","Hinsdale County, Colorado","Private","NAICS 511110 Newspaper publishers","County, NAICS 6-digit -- by ownership sector","All establishment sizes",1,0,0,0,0,0,0,0,"N",17.04,0,0,0,0,0,0,0,"N",0,0.0,0,0,0,0,0,0,0,0,0,0,0,0,0,0
"08053","5","512","75","0","2016","1","N","Hinsdale County, Colorado","Private","NAICS 512 Motion picture and sound recording industries","County, NAICS 3-digit -- by ownership sector","All establishment sizes",1,0,0,0,0,0,0,0,"N",4.38,0,0,0,0,0,0,0,"N",0,0.0,0,0,0,0,0,0,0,0,0,0,0,0,0,0
"08053","5","512","75","0","2016","2","N","Hinsdale County, Colorado","Private","NAICS 512 Motion picture and sound recording industries","County, NAICS 3-digit -- by ownership sector","All establishment sizes",1,0,0,0,0,0,0,0,"N",4.45,0,0,0,0,0,0,0,"N",0,0.0,0,0,0,0,0,0,0,0,0,0,0,0,0,0
"08053","5","512","75","0","2016","3","N","Hinsdale County, Colorado","Private","NAICS 512 Motion picture and sound recording industries","County, NAICS 3-digit -- by ownership sector","All establishment sizes",1,0,0,0,0,0,0,0,"N",4.41,0,0,0,0,0,0,0,"N",0,0.0,0,0,0,0,0,0,0,0,0,0,0,0,0,0
"08053","5","512","75","0","2016","4","N","Hinsdale County, Colorado","Private","NAICS 512 Motion picture and sound recording industries","County, NAICS 3-digit -- by ownership sector","All establishment sizes",1,0,0,0,0,0,0,0,"N",4.39,0,0,0,0,0,0,0,"N",0,0.0,0,0,0,0,0,0,0,0,0,0,0,0,0,0
"08053","5","5121","76","0","2016","1","N","Hinsdale County, Colorado","Private","NAICS 5121 Motion picture and video industries","County, NAICS 4-digit -- by ownership sector","All establishment sizes",1,0,0,0,0,0,0,0,"N",4.98,0,0,0,0,0,0,0,"N",0,0.0,0,0,0,0,0,0,0,0,0,0,0,0,0,0
"08053","5","5121","76","0","2016","2","N","Hinsdale County, Colorado","Private","NAICS 5121 Motion picture and video industries","County, NAICS 4-digit -- by ownership sector","All establishment sizes",1,0,0,0,0,0,0,0,"N",5.07,0,0,0,0,0,0,0,"N",0,0.0,0,0,0,0,0,0,0,0,0,0,0,0,0,0
"08053","5","5121","76","0","2016","3","N","Hinsdale County, Colorado","Private","NAICS 5121 Motion picture and video industries","County, NAICS 4-digit -- by ownership sector","All establishment sizes",1,0,0,0,0,0,0,0,"N",5.02,0,0,0,0,0,0,0,"N",0,0.0,0,0,0,0,0,0,0,0,0,0,0,0,0,0
"08053","5","5121","76","0","2016","4","N","Hinsdale County, Colorado","Private","NAICS 5121 Motion picture and video industries","County, NAICS 4-digit -- by ownership sector","All establishment sizes",1,0,0,0,0,0,0,0,"N",5.00,0,0,0,0,0,0,0,"N",0,0.0,0,0,0,0,0,0,0,0,0,0,0,0,0,0
"08053","5","51213","77","0","2016","1","N","Hinsdale County, Colorado","Private","NAICS 51213 Motion picture and video exhibition","County, NAICS 5-digit -- by ownership sector","All establishment sizes",1,0,0,0,0,0,0,0,"N",27.90,0,0,0,0,0,0,0,"N",0,0.0,0,0,0,0,0,0,0,0,0,0,0,0,0,0
"08053","5","51213","77","0","2016","2","N","Hinsdale County, Colorado","Private","NAICS 51213 Motion picture and video exhibition","County, NAICS 5-digit -- by ownership sector","All establishment sizes",1,0,0,0,0,0,0,0,"N",27.99,0,0,0,0,0,0,0,"N",0,0.0,0,0,0,0,0,0,0,0,0,0,0,0,0,0
"08053","5","51213","77","0","2016","3","N","Hinsdale County, Colorado","Private","NAICS 51213 Motion picture and video exhibition","County, NAICS 5-digit -- by ownership sector","All establishment sizes",1,0,0,0,0,0,0,0,"N",27.85,0,0,0,0,0,0,0,"N",0,0.0,0,0,0,0,0,0,0,0,0,0,0,0,0,0
"08053","5","51213","77","0","2016","4","N","Hinsdale County, Colorado","Private","NAICS 51213 Motion picture and video exhibition","County, NAICS 5-digit -- by ownership sector","All establishment sizes",1,0,0,0,0,0,0,0,"N",27.63,0,0,0,0,0,0,0,"N",0,0.0,0,0,0,0,0,0,0,0,0,0,0,0,0,0
"08053","5","512131","78","0","2016","1","N","Hinsdale County, Colorado","Private","NAICS 512131 Motion picture theaters, except drive-ins","County, NAICS 6-digit -- by ownership sector","All establishment sizes",1,0,0,0,0,0,0,0,"N",29.35,0,0,0,0,0,0,0,"N",0,0.0,0,0,0,0,0,0,0,0,0,0,0,0,0,0
"08053","5","512131","78","0","2016","2","N","Hinsdale County, Colorado","Private","NAICS 512131 Motion picture theaters, except drive-ins","County, NAICS 6-digit -- by ownership sector","All establishment sizes",1,0,0,0,0,0,0,0,"N",29.43,0,0,0,0,0,0,0,"N",0,0.0,0,0,0,0,0,0,0,0,0,0,0,0,0,0
"08053","5","512131","78","0","2016","3","N","Hinsdale County, Colorado","Private","NAICS 512131 Motion picture theaters, except drive-ins","County, NAICS 6-digit -- by ownership sector","All establishment sizes",1,0,0,0,0,0,0,0,"N",29.28,0,0,0,0,0,0,0,"N",0,0.0,0,0,0,0,0,0,0,0,0,0,0,0,0,0
"08053","5","512131","78","0","2016","4","N","Hinsdale County, Colorado","Private","NAICS 512131 Motion picture theaters, except drive-ins","County, NAICS 6-digit -- by ownership sector","All establishment sizes",1,0,0,0,0,0,0,0,"N",29.04,0,0,0,0,0,0,0,"N",0,0.0,0,0,0,0,0,0,0,0,0,0,0,0,0,0
"08053","5","52","74","0","2016","1","N","Hinsdale County, Colorado","Private","NAICS 52 Finance and insurance","County, NAICS Sector -- by ownership sector","All establishment sizes",2,0,0,0,0,0,0,0,"N",0.54,0,0,0,0,0,0,0,"N",0,0.0,0,0,0,0,0,0,0,0,0,0,0,0,0,0
"08053","5","52","74","0","2016","2","N","Hinsdale County, Colorado","Private","NAICS 52 Finance and insurance","County, NAICS Sector -- by ownership sector","All establishment sizes",2,0,0,0,0,0,0,0,"N",0.54,0,0,0,0,0,0,0,"N",0,0.0,0,0,0,0,0,0,0,0,0,0,0,0,0,0
"08053","5","52","74","0","2016","3","N","Hinsdale County, Colorado","Private","NAICS 52 Finance and insurance","County, NAICS Sector -- by ownership sector","All establishment sizes",2,0,0,0,0,0,0,0,"N",0.53,0,0,0,0,0,0,0,"N",0,0.0,0,0,0,0,0,0,0,0,0,0,0,0,0,0
"08053","5","52","74","0","2016","4","N","Hinsdale County, Colorado","Private","NAICS 52 Finance and insurance","County, NAICS Sector -- by ownership sector","All establishment sizes",1,0,0,0,0,0,0,0,"N",0.27,0,0,0,0,0,0,0,"N",-1,-50.0,0,0,0,0,0,0,0,0,0,0,0,0,0,0
"08053","5","522","75","0","2016","1","N","Hinsdale County, Colorado","Private","NAICS 522 Credit intermediation and related activities","County, NAICS 3-digit -- by ownership sector","All establishment sizes",1,0,0,0,0,0,0,0,"N",0.71,0,0,0,0,0,0,0,"N",0,0.0,0,0,0,0,0,0,0,0,0,0,0,0,0,0
"08053","5","522","75","0","2016","2","N","Hinsdale County, Colorado","Private","NAICS 522 Credit intermediation and related activities","County, NAICS 3-digit -- by ownership sector","All establishment sizes",1,0,0,0,0,0,0,0,"N",0.72,0,0,0,0,0,0,0,"N",0,0.0,0,0,0,0,0,0,0,0,0,0,0,0,0,0
"08053","5","522","75","0","2016","3","N","Hinsdale County, Colorado","Private","NAICS 522 Credit intermediation and related activities","County, NAICS 3-digit -- by ownership sector","All establishment sizes",1,0,0,0,0,0,0,0,"N",0.71,0,0,0,0,0,0,0,"N",0,0.0,0,0,0,0,0,0,0,0,0,0,0,0,0,0
"08053","5","522","75","0","2016","4","N","Hinsdale County, Colorado","Private","NAICS 522 Credit intermediation and related activities","County, NAICS 3-digit -- by ownership sector","All establishment sizes",1,0,0,0,0,0,0,0,"N",0.72,0,0,0,0,0,0,0,"N",0,0.0,0,0,0,0,0,0,0,0,0,0,0,0,0,0
"08053","5","5221","76","0","2016","1","N","Hinsdale County, Colorado","Private","NAICS 5221 Depository credit intermediation","County, NAICS 4-digit -- by ownership sector","All establishment sizes",1,0,0,0,0,0,0,0,"N",1.18,0,0,0,0,0,0,0,"N",0,0.0,0,0,0,0,0,0,0,0,0,0,0,0,0,0
"08053","5","5221","76","0","2016","2","N","Hinsdale County, Colorado","Private","NAICS 5221 Depository credit intermediation","County, NAICS 4-digit -- by ownership sector","All establishment sizes",1,0,0,0,0,0,0,0,"N",1.19,0,0,0,0,0,0,0,"N",0,0.0,0,0,0,0,0,0,0,0,0,0,0,0,0,0
"08053","5","5221","76","0","2016","3","N","Hinsdale County, Colorado","Private","NAICS 5221 Depository credit intermediation","County, NAICS 4-digit -- by ownership sector","All establishment sizes",1,0,0,0,0,0,0,0,"N",1.19,0,0,0,0,0,0,0,"N",0,0.0,0,0,0,0,0,0,0,0,0,0,0,0,0,0
"08053","5","5221","76","0","2016","4","N","Hinsdale County, Colorado","Private","NAICS 5221 Depository credit intermediation","County, NAICS 4-digit -- by ownership sector","All establishment sizes",1,0,0,0,0,0,0,0,"N",1.20,0,0,0,0,0,0,0,"N",0,0.0,0,0,0,0,0,0,0,0,0,0,0,0,0,0
"08053","5","52211","77","0","2016","1","N","Hinsdale County, Colorado","Private","NAICS 52211 Commercial banking","County, NAICS 5-digit -- by ownership sector","All establishment sizes",1,0,0,0,0,0,0,0,"N",1.56,0,0,0,0,0,0,0,"N",0,0.0,0,0,0,0,0,0,0,0,0,0,0,0,0,0
"08053","5","52211","77","0","2016","2","N","Hinsdale County, Colorado","Private","NAICS 52211 Commercial banking","County, NAICS 5-digit -- by ownership sector","All establishment sizes",1,0,0,0,0,0,0,0,"N",1.58,0,0,0,0,0,0,0,"N",0,0.0,0,0,0,0,0,0,0,0,0,0,0,0,0,0
"08053","5","52211","77","0","2016","3","N","Hinsdale County, Colorado","Private","NAICS 52211 Commercial banking","County, NAICS 5-digit -- by ownership sector","All establishment sizes",1,0,0,0,0,0,0,0,"N",1.57,0,0,0,0,0,0,0,"N",0,0.0,0,0,0,0,0,0,0,0,0,0,0,0,0,0
"08053","5","52211","77","0","2016","4","N","Hinsdale County, Colorado","Private","NAICS 52211 Commercial banking","County, NAICS 5-digit -- by ownership sector","All establishment sizes",1,0,0,0,0,0,0,0,"N",1.59,0,0,0,0,0,0,0,"N",0,0.0,0,0,0,0,0,0,0,0,0,0,0,0,0,0
"08053","5","522110","78","0","2016","1","N","Hinsdale County, Colorado","Private","NAICS 522110 Commercial banking","County, NAICS 6-digit -- by ownership sector","All establishment sizes",1,0,0,0,0,0,0,0,"N",1.56,0,0,0,0,0,0,0,"N",0,0.0,0,0,0,0,0,0,0,0,0,0,0,0,0,0
"08053","5","522110","78","0","2016","2","N","Hinsdale County, Colorado","Private","NAICS 522110 Commercial banking","County, NAICS 6-digit -- by ownership sector","All establishment sizes",1,0,0,0,0,0,0,0,"N",1.58,0,0,0,0,0,0,0,"N",0,0.0,0,0,0,0,0,0,0,0,0,0,0,0,0,0
"08053","5","522110","78","0","2016","3","N","Hinsdale County, Colorado","Private","NAICS 522110 Commercial banking","County, NAICS 6-digit -- by ownership sector","All establishment sizes",1,0,0,0,0,0,0,0,"N",1.57,0,0,0,0,0,0,0,"N",0,0.0,0,0,0,0,0,0,0,0,0,0,0,0,0,0
"08053","5","522110","78","0","2016","4","N","Hinsdale County, Colorado","Private","NAICS 522110 Commercial banking","County, NAICS 6-digit -- by ownership sector","All establishment sizes",1,0,0,0,0,0,0,0,"N",1.59,0,0,0,0,0,0,0,"N",0,0.0,0,0,0,0,0,0,0,0,0,0,0,0,0,0
"08053","5","524","75","0","2016","1","N","Hinsdale County, Colorado","Private","NAICS 524 Insurance carriers and related activities","County, NAICS 3-digit -- by ownership sector","All establishment sizes",1,0,0,0,0,0,0,0,"N",0.67,0,0,0,0,0,0,0,"N",0,0.0,0,0,0,0,0,0,0,0,0,0,0,0,0,0
"08053","5","524","75","0","2016","2","N","Hinsdale County, Colorado","Private","NAICS 524 Insurance carriers and related activities","County, NAICS 3-digit -- by ownership sector","All establishment sizes",1,0,0,0,0,0,0,0,"N",0.67,0,0,0,0,0,0,0,"N",0,0.0,0,0,0,0,0,0,0,0,0,0,0,0,0,0
"08053","5","524","75","0","2016","3","N","Hinsdale County, Colorado","Private","NAICS 524 Insurance carriers and related activities","County, NAICS 3-digit -- by ownership sector","All establishment sizes",1,0,0,0,0,0,0,0,"N",0.67,0,0,0,0,0,0,0,"N",0,0.0,0,0,0,0,0,0,0,0,0,0,0,0,0,0
"08053","5","524","75","0","2016","4","-","Hinsdale County, Colorado","Private","NAICS 524 Insurance carriers and related activities","County, NAICS 3-digit -- by ownership sector","All establishment sizes",0,0,0,0,0,0,0,0,"N",0.00,0,0,0,0,0,0,0,"N",-1,-100.0,0,0,0,0,0,0,0,0,0,0,0,0,0,0
"08053","5","5242","76","0","2016","1","N","Hinsdale County, Colorado","Private","NAICS 5242 Insurance agencies and brokerages","County, NAICS 4-digit -- by ownership sector","All establishment sizes",1,0,0,0,0,0,0,0,"N",0.79,0,0,0,0,0,0,0,"N",0,0.0,0,0,0,0,0,0,0,0,0,0,0,0,0,0
"08053","5","5242","76","0","2016","2","N","Hinsdale County, Colorado","Private","NAICS 5242 Insurance agencies and brokerages","County, NAICS 4-digit -- by ownership sector","All establishment sizes",1,0,0,0,0,0,0,0,"N",0.80,0,0,0,0,0,0,0,"N",0,0.0,0,0,0,0,0,0,0,0,0,0,0,0,0,0
"08053","5","5242","76","0","2016","3","N","Hinsdale County, Colorado","Private","NAICS 5242 Insurance agencies and brokerages","County, NAICS 4-digit -- by ownership sector","All establishment sizes",1,0,0,0,0,0,0,0,"N",0.79,0,0,0,0,0,0,0,"N",0,0.0,0,0,0,0,0,0,0,0,0,0,0,0,0,0
"08053","5","5242","76","0","2016","4","-","Hinsdale County, Colorado","Private","NAICS 5242 Insurance agencies and brokerages","County, NAICS 4-digit -- by ownership sector","All establishment sizes",0,0,0,0,0,0,0,0,"N",0.00,0,0,0,0,0,0,0,"N",-1,-100.0,0,0,0,0,0,0,0,0,0,0,0,0,0,0
"08053","5","52421","77","0","2016","1","N","Hinsdale County, Colorado","Private","NAICS 52421 Insurance agencies and brokerages","County, NAICS 5-digit -- by ownership sector","All establishment sizes",1,0,0,0,0,0,0,0,"N",0.91,0,0,0,0,0,0,0,"N",0,0.0,0,0,0,0,0,0,0,0,0,0,0,0,0,0
"08053","5","52421","77","0","2016","2","N","Hinsdale County, Colorado","Private","NAICS 52421 Insurance agencies and brokerages","County, NAICS 5-digit -- by ownership sector","All establishment sizes",1,0,0,0,0,0,0,0,"N",0.92,0,0,0,0,0,0,0,"N",0,0.0,0,0,0,0,0,0,0,0,0,0,0,0,0,0
"08053","5","52421","77","0","2016","3","N","Hinsdale County, Colorado","Private","NAICS 52421 Insurance agencies and brokerages","County, NAICS 5-digit -- by ownership sector","All establishment sizes",1,0,0,0,0,0,0,0,"N",0.91,0,0,0,0,0,0,0,"N",0,0.0,0,0,0,0,0,0,0,0,0,0,0,0,0,0
"08053","5","52421","77","0","2016","4","-","Hinsdale County, Colorado","Private","NAICS 52421 Insurance agencies and brokerages","County, NAICS 5-digit -- by ownership sector","All establishment sizes",0,0,0,0,0,0,0,0,"N",0.00,0,0,0,0,0,0,0,"N",-1,-100.0,0,0,0,0,0,0,0,0,0,0,0,0,0,0
"08053","5","524210","78","0","2016","1","N","Hinsdale County, Colorado","Private","NAICS 524210 Insurance agencies and brokerages","County, NAICS 6-digit -- by ownership sector","All establishment sizes",1,0,0,0,0,0,0,0,"N",0.91,0,0,0,0,0,0,0,"N",0,0.0,0,0,0,0,0,0,0,0,0,0,0,0,0,0
"08053","5","524210","78","0","2016","2","N","Hinsdale County, Colorado","Private","NAICS 524210 Insurance agencies and brokerages","County, NAICS 6-digit -- by ownership sector","All establishment sizes",1,0,0,0,0,0,0,0,"N",0.92,0,0,0,0,0,0,0,"N",0,0.0,0,0,0,0,0,0,0,0,0,0,0,0,0,0
"08053","5","524210","78","0","2016","3","N","Hinsdale County, Colorado","Private","NAICS 524210 Insurance agencies and brokerages","County, NAICS 6-digit -- by ownership sector","All establishment sizes",1,0,0,0,0,0,0,0,"N",0.91,0,0,0,0,0,0,0,"N",0,0.0,0,0,0,0,0,0,0,0,0,0,0,0,0,0
"08053","5","524210","78","0","2016","4","-","Hinsdale County, Colorado","Private","NAICS 524210 Insurance agencies and brokerages","County, NAICS 6-digit -- by ownership sector","All establishment sizes",0,0,0,0,0,0,0,0,"N",0.00,0,0,0,0,0,0,0,"N",-1,-100.0,0,0,0,0,0,0,0,0,0,0,0,0,0,0
"08053","5","53","74","0","2016","1","N","Hinsdale County, Colorado","Private","NAICS 53 Real estate and rental and leasing","County, NAICS Sector -- by ownership sector","All establishment sizes",5,0,0,0,0,0,0,0,"N",1.72,0,0,0,0,0,0,0,"N",1,25.0,0,0,0,0,0,0,0,0,0,0,0,0,0,0
"08053","5","53","74","0","2016","2","N","Hinsdale County, Colorado","Private","NAICS 53 Real estate and rental and leasing","County, NAICS Sector -- by ownership sector","All establishment sizes",5,0,0,0,0,0,0,0,"N",1.72,0,0,0,0,0,0,0,"N",1,25.0,0,0,0,0,0,0,0,0,0,0,0,0,0,0
"08053","5","53","74","0","2016","3","N","Hinsdale County, Colorado","Private","NAICS 53 Real estate and rental and leasing","County, NAICS Sector -- by ownership sector","All establishment sizes",5,0,0,0,0,0,0,0,"N",1.70,0,0,0,0,0,0,0,"N",1,25.0,0,0,0,0,0,0,0,0,0,0,0,0,0,0
"08053","5","53","74","0","2016","4","N","Hinsdale County, Colorado","Private","NAICS 53 Real estate and rental and leasing","County, NAICS Sector -- by ownership sector","All establishment sizes",4,0,0,0,0,0,0,0,"N",1.36,0,0,0,0,0,0,0,"N",0,0.0,0,0,0,0,0,0,0,0,0,0,0,0,0,0
"08053","5","531","75","0","2016","1","N","Hinsdale County, Colorado","Private","NAICS 531 Real estate","County, NAICS 3-digit -- by ownership sector","All establishment sizes",5,0,0,0,0,0,0,0,"N",2.03,0,0,0,0,0,0,0,"N",1,25.0,0,0,0,0,0,0,0,0,0,0,0,0,0,0
"08053","5","531","75","0","2016","2","N","Hinsdale County, Colorado","Private","NAICS 531 Real estate","County, NAICS 3-digit -- by ownership sector","All establishment sizes",5,0,0,0,0,0,0,0,"N",2.03,0,0,0,0,0,0,0,"N",1,25.0,0,0,0,0,0,0,0,0,0,0,0,0,0,0
"08053","5","531","75","0","2016","3","N","Hinsdale County, Colorado","Private","NAICS 531 Real estate","County, NAICS 3-digit -- by ownership sector","All establishment sizes",5,0,0,0,0,0,0,0,"N",2.01,0,0,0,0,0,0,0,"N",1,25.0,0,0,0,0,0,0,0,0,0,0,0,0,0,0
"08053","5","531","75","0","2016","4","N","Hinsdale County, Colorado","Private","NAICS 531 Real estate","County, NAICS 3-digit -- by ownership sector","All establishment sizes",4,0,0,0,0,0,0,0,"N",1.60,0,0,0,0,0,0,0,"N",0,0.0,0,0,0,0,0,0,0,0,0,0,0,0,0,0
"08053","5","5311","76","0","2016","1","N","Hinsdale County, Colorado","Private","NAICS 5311 Lessors of real estate","County, NAICS 4-digit -- by ownership sector","All establishment sizes",1,0,0,0,0,0,0,0,"N",1.17,0,0,0,0,0,0,0,"N",1,100.0,0,0,0,0,0,0,0,0,0,0,0,0,0,0
"08053","5","5311","76","0","2016","2","N","Hinsdale County, Colorado","Private","NAICS 5311 Lessors of real estate","County, NAICS 4-digit -- by ownership sector","All establishment sizes",1,0,0,0,0,0,0,0,"N",1.18,0,0,0,0,0,0,0,"N",1,100.0,0,0,0,0,0,0,0,0,0,0,0,0,0,0
"08053","5","5311","76","0","2016","3","-","Hinsdale County, Colorado","Private","NAICS 5311 Lessors of real estate","County, NAICS 4-digit -- by ownership sector","All establishment sizes",0,0,0,0,0,0,0,0,"N",0.00,0,0,0,0,0,0,0,"N",0,0,0,0,0,0,0,0,0,0,0,0,0,0,0,0
"08053","5","5311","76","0","2016","4","-","Hinsdale County, Colorado","Private","NAICS 5311 Lessors of real estate","County, NAICS 4-digit -- by ownership sector","All establishment sizes",0,0,0,0,0,0,0,0,"N",0.00,0,0,0,0,0,0,0,"N",0,0,0,0,0,0,0,0,0,0,0,0,0,0,0,0
"08053","5","53111","77","0","2016","1","N","Hinsdale County, Colorado","Private","NAICS 53111 Lessors of residential buildings","County, NAICS 5-digit -- by ownership sector","All establishment sizes",1,0,0,0,0,0,0,0,"N",2.12,0,0,0,0,0,0,0,"N",1,100.0,0,0,0,0,0,0,0,0,0,0,0,0,0,0
"08053","5","53111","77","0","2016","2","N","Hinsdale County, Colorado","Private","NAICS 53111 Lessors of residential buildings","County, NAICS 5-digit -- by ownership sector","All establishment sizes",1,0,0,0,0,0,0,0,"N",2.13,0,0,0,0,0,0,0,"N",1,100.0,0,0,0,0,0,0,0,0,0,0,0,0,0,0
"08053","5","53111","77","0","2016","3","-","Hinsdale County, Colorado","Private","NAICS 53111 Lessors of residential buildings","County, NAICS 5-digit -- by ownership sector","All establishment sizes",0,0,0,0,0,0,0,0,"N",0.00,0,0,0,0,0,0,0,"N",0,0,0,0,0,0,0,0,0,0,0,0,0,0,0,0
"08053","5","53111","77","0","2016","4","-","Hinsdale County, Colorado","Private","NAICS 53111 Lessors of residential buildings","County, NAICS 5-digit -- by ownership sector","All establishment sizes",0,0,0,0,0,0,0,0,"N",0.00,0,0,0,0,0,0,0,"N",0,0,0,0,0,0,0,0,0,0,0,0,0,0,0,0
"08053","5","531110","78","0","2016","1","N","Hinsdale County, Colorado","Private","NAICS 531110 Lessors of residential buildings","County, NAICS 6-digit -- by ownership sector","All establishment sizes",1,0,0,0,0,0,0,0,"N",2.12,0,0,0,0,0,0,0,"N",1,100.0,0,0,0,0,0,0,0,0,0,0,0,0,0,0
"08053","5","531110","78","0","2016","2","N","Hinsdale County, Colorado","Private","NAICS 531110 Lessors of residential buildings","County, NAICS 6-digit -- by ownership sector","All establishment sizes",1,0,0,0,0,0,0,0,"N",2.13,0,0,0,0,0,0,0,"N",1,100.0,0,0,0,0,0,0,0,0,0,0,0,0,0,0
"08053","5","531110","78","0","2016","3","-","Hinsdale County, Colorado","Private","NAICS 531110 Lessors of residential buildings","County, NAICS 6-digit -- by ownership sector","All establishment sizes",0,0,0,0,0,0,0,0,"N",0.00,0,0,0,0,0,0,0,"N",0,0,0,0,0,0,0,0,0,0,0,0,0,0,0,0
"08053","5","531110","78","0","2016","4","-","Hinsdale County, Colorado","Private","NAICS 531110 Lessors of residential buildings","County, NAICS 6-digit -- by ownership sector","All establishment sizes",0,0,0,0,0,0,0,0,"N",0.00,0,0,0,0,0,0,0,"N",0,0,0,0,0,0,0,0,0,0,0,0,0,0,0,0
"08053","5","5312","76","0","2016","1","N","Hinsdale County, Colorado","Private","NAICS 5312 Offices of real estate agents and brokers","County, NAICS 4-digit -- by ownership sector","All establishment sizes",3,0,0,0,0,0,0,0,"N",3.71,0,0,0,0,0,0,0,"N",0,0.0,0,0,0,0,0,0,0,0,0,0,0,0,0,0
"08053","5","5312","76","0","2016","2","N","Hinsdale County, Colorado","Private","NAICS 5312 Offices of real estate agents and brokers","County, NAICS 4-digit -- by ownership sector","All establishment sizes",3,0,0,0,0,0,0,0,"N",3.70,0,0,0,0,0,0,0,"N",0,0.0,0,0,0,0,0,0,0,0,0,0,0,0,0,0
"08053","5","5312","76","0","2016","3","","Hinsdale County, Colorado","Private","NAICS 5312 Offices of real estate agents and brokers","County, NAICS 4-digit -- by ownership sector","All establishment sizes",3,3,4,4,27154,21471,247,570,"",3.63,3.81,5.20,6.02,4.33,6.05,6.32,0.87,"N",0,0.0,0,0,0,0,0,0,0,0,0,0,0,0,0,0
"08053","5","5312","76","0","2016","4","","Hinsdale County, Colorado","Private","NAICS 5312 Offices of real estate agents and brokers","County, NAICS 4-digit -- by ownership sector","All establishment sizes",3,4,3,4,56948,24965,255,1195,"",3.58,6.69,5.43,6.98,8.56,10.87,9.63,1.34,"",0,0.0,1,33.3,0,0.0,0,0.0,2331,4.3,-2742,-9.9,-106,-29.4,-65,-5.2
"08053","5","53121","77","0","2016","1","N","Hinsdale County, Colorado","Private","NAICS 53121 Offices of real estate agents and brokers","County, NAICS 5-digit -- by ownership sector","All establishment sizes",3,0,0,0,0,0,0,0,"N",3.71,0,0,0,0,0,0,0,"N",0,0.0,0,0,0,0,0,0,0,0,0,0,0,0,0,0
"08053","5","53121","77","0","2016","2","N","Hinsdale County, Colorado","Private","NAICS 53121 Offices of real estate agents and brokers","County, NAICS 5-digit -- by ownership sector","All establishment sizes",3,0,0,0,0,0,0,0,"N",3.70,0,0,0,0,0,0,0,"N",0,0.0,0,0,0,0,0,0,0,0,0,0,0,0,0,0
"08053","5","53121","77","0","2016","3","","Hinsdale County, Colorado","Private","NAICS 53121 Offices of real estate agents and brokers","County, NAICS 5-digit -- by ownership sector","All establishment sizes",3,3,4,4,27154,21471,247,570,"",3.63,3.81,5.20,6.02,4.33,6.05,6.32,0.87,"N",0,0.0,0,0,0,0,0,0,0,0,0,0,0,0,0,0
"08053","5","53121","77","0","2016","4","","Hinsdale County, Colorado","Private","NAICS 53121 Offices of real estate agents and brokers","County, NAICS 5-digit -- by ownership sector","All establishment sizes",3,4,3,4,56948,24965,255,1195,"",3.58,6.69,5.43,6.98,8.56,10.87,9.63,1.34,"",0,0.0,1,33.3,0,0.0,0,0.0,2331,4.3,-2742,-9.9,-106,-29.4,-65,-5.2
"08053","5","531210","78","0","2016","1","N","Hinsdale County, Colorado","Private","NAICS 531210 Offices of real estate agents and brokers","County, NAICS 6-digit -- by ownership sector","All establishment sizes",3,0,0,0,0,0,0,0,"N",3.71,0,0,0,0,0,0,0,"N",0,0.0,0,0,0,0,0,0,0,0,0,0,0,0,0,0
"08053","5","531210","78","0","2016","2","N","Hinsdale County, Colorado","Private","NAICS 531210 Offices of real estate agents and brokers","County, NAICS 6-digit -- by ownership sector","All establishment sizes",3,0,0,0,0,0,0,0,"N",3.70,0,0,0,0,0,0,0,"N",0,0.0,0,0,0,0,0,0,0,0,0,0,0,0,0,0
"08053","5","531210","78","0","2016","3","","Hinsdale County, Colorado","Private","NAICS 531210 Offices of real estate agents and brokers","County, NAICS 6-digit -- by ownership sector","All establishment sizes",3,3,4,4,27154,21471,247,570,"",3.63,3.81,5.20,6.02,4.33,6.05,6.32,0.87,"N",0,0.0,0,0,0,0,0,0,0,0,0,0,0,0,0,0
"08053","5","531210","78","0","2016","4","","Hinsdale County, Colorado","Private","NAICS 531210 Offices of real estate agents and brokers","County, NAICS 6-digit -- by ownership sector","All establishment sizes",3,4,3,4,56948,24965,255,1195,"",3.58,6.69,5.43,6.98,8.56,10.87,9.63,1.34,"",0,0.0,1,33.3,0,0.0,0,0.0,2331,4.3,-2742,-9.9,-106,-29.4,-65,-5.2
"08053","5","5313","76","0","2016","1","N","Hinsdale County, Colorado","Private","NAICS 5313 Activities related to real estate","County, NAICS 4-digit -- by ownership sector","All establishment sizes",1,0,0,0,0,0,0,0,"N",1.26,0,0,0,0,0,0,0,"N",0,0.0,0,0,0,0,0,0,0,0,0,0,0,0,0,0
"08053","5","5313","76","0","2016","2","N","Hinsdale County, Colorado","Private","NAICS 5313 Activities related to real estate","County, NAICS 4-digit -- by ownership sector","All establishment sizes",1,0,0,0,0,0,0,0,"N",1.25,0,0,0,0,0,0,0,"N",0,0.0,0,0,0,0,0,0,0,0,0,0,0,0,0,0
"08053","5","5313","76","0","2016","3","N","Hinsdale County, Colorado","Private","NAICS 5313 Activities related to real estate","County, NAICS 4-digit -- by ownership sector","All establishment sizes",2,0,0,0,0,0,0,0,"N",2.48,0,0,0,0,0,0,0,"N",1,100.0,0,0,0,0,0,0,0,0,0,0,0,0,0,0
"08053","5","5313","76","0","2016","4","N","Hinsdale County, Colorado","Private","NAICS 5313 Activities related to real estate","County, NAICS 4-digit -- by ownership sector","All establishment sizes",1,0,0,0,0,0,0,0,"N",1.23,0,0,0,0,0,0,0,"N",0,0.0,0,0,0,0,0,0,0,0,0,0,0,0,0,0
"08053","5","53131","77","0","2016","1","-","Hinsdale County, Colorado","Private","NAICS 53131 Real estate property managers","County, NAICS 5-digit -- by ownership sector","All establishment sizes",0,0,0,0,0,0,0,0,"N",0.00,0,0,0,0,0,0,0,"N",0,0,0,0,0,0,0,0,0,0,0,0,0,0,0,0
"08053","5","53131","77","0","2016","2","-","Hinsdale County, Colorado","Private","NAICS 53131 Real estate property managers","County, NAICS 5-digit -- by ownership sector","All establishment sizes",0,0,0,0,0,0,0,0,"N",0.00,0,0,0,0,0,0,0,"N",0,0,0,0,0,0,0,0,0,0,0,0,0,0,0,0
"08053","5","53131","77","0","2016","3","N","Hinsdale County, Colorado","Private","NAICS 53131 Real estate property managers","County, NAICS 5-digit -- by ownership sector","All establishment sizes",1,0,0,0,0,0,0,0,"N",1.69,0,0,0,0,0,0,0,"N",1,100.0,0,0,0,0,0,0,0,0,0,0,0,0,0,0
"08053","5","53131","77","0","2016","4","N","Hinsdale County, Colorado","Private","NAICS 53131 Real estate property managers","County, NAICS 5-digit -- by ownership sector","All establishment sizes",1,0,0,0,0,0,0,0,"N",1.69,0,0,0,0,0,0,0,"N",1,100.0,0,0,0,0,0,0,0,0,0,0,0,0,0,0
"08053","5","531311","78","0","2016","1","-","Hinsdale County, Colorado","Private","NAICS 531311 Residential property managers","County, NAICS 6-digit -- by ownership sector","All establishment sizes",0,0,0,0,0,0,0,0,"N",0.00,0,0,0,0,0,0,0,"N",0,0,0,0,0,0,0,0,0,0,0,0,0,0,0,0
"08053","5","531311","78","0","2016","2","-","Hinsdale County, Colorado","Private","NAICS 531311 Residential property managers","County, NAICS 6-digit -- by ownership sector","All establishment sizes",0,0,0,0,0,0,0,0,"N",0.00,0,0,0,0,0,0,0,"N",0,0,0,0,0,0,0,0,0,0,0,0,0,0,0,0
"08053","5","531311","78","0","2016","3","N","Hinsdale County, Colorado","Private","NAICS 531311 Residential property managers","County, NAICS 6-digit -- by ownership sector","All establishment sizes",1,0,0,0,0,0,0,0,"N",2.31,0,0,0,0,0,0,0,"N",1,100.0,0,0,0,0,0,0,0,0,0,0,0,0,0,0
"08053","5","531311","78","0","2016","4","N","Hinsdale County, Colorado","Private","NAICS 531311 Residential property managers","County, NAICS 6-digit -- by ownership sector","All establishment sizes",1,0,0,0,0,0,0,0,"N",2.30,0,0,0,0,0,0,0,"N",1,100.0,0,0,0,0,0,0,0,0,0,0,0,0,0,0
"08053","5","53139","77","0","2016","1","N","Hinsdale County, Colorado","Private","NAICS 53139 Other activities related to real estate","County, NAICS 5-digit -- by ownership sector","All establishment sizes",1,0,0,0,0,0,0,0,"N",9.09,0,0,0,0,0,0,0,"N",0,0.0,0,0,0,0,0,0,0,0,0,0,0,0,0,0
"08053","5","53139","77","0","2016","2","N","Hinsdale County, Colorado","Private","NAICS 53139 Other activities related to real estate","County, NAICS 5-digit -- by ownership sector","All establishment sizes",1,0,0,0,0,0,0,0,"N",9.00,0,0,0,0,0,0,0,"N",0,0.0,0,0,0,0,0,0,0,0,0,0,0,0,0,0
"08053","5","53139","77","0","2016","3","N","Hinsdale County, Colorado","Private","NAICS 53139 Other activities related to real estate","County, NAICS 5-digit -- by ownership sector","All establishment sizes",1,0,0,0,0,0,0,0,"N",8.84,0,0,0,0,0,0,0,"N",0,0.0,0,0,0,0,0,0,0,0,0,0,0,0,0,0
"08053","5","53139","77","0","2016","4","-","Hinsdale County, Colorado","Private","NAICS 53139 Other activities related to real estate","County, NAICS 5-digit -- by ownership sector","All establishment sizes",0,0,0,0,0,0,0,0,"N",0.00,0,0,0,0,0,0,0,"N",-1,-100.0,0,0,0,0,0,0,0,0,0,0,0,0,0,0
"08053","5","531390","78","0","2016","1","N","Hinsdale County, Colorado","Private","NAICS 531390 Other activities related to real estate","County, NAICS 6-digit -- by ownership sector","All establishment sizes",1,0,0,0,0,0,0,0,"N",9.09,0,0,0,0,0,0,0,"N",0,0.0,0,0,0,0,0,0,0,0,0,0,0,0,0,0
"08053","5","531390","78","0","2016","2","N","Hinsdale County, Colorado","Private","NAICS 531390 Other activities related to real estate","County, NAICS 6-digit -- by ownership sector","All establishment sizes",1,0,0,0,0,0,0,0,"N",9.00,0,0,0,0,0,0,0,"N",0,0.0,0,0,0,0,0,0,0,0,0,0,0,0,0,0
"08053","5","531390","78","0","2016","3","N","Hinsdale County, Colorado","Private","NAICS 531390 Other activities related to real estate","County, NAICS 6-digit -- by ownership sector","All establishment sizes",1,0,0,0,0,0,0,0,"N",8.84,0,0,0,0,0,0,0,"N",0,0.0,0,0,0,0,0,0,0,0,0,0,0,0,0,0
"08053","5","531390","78","0","2016","4","-","Hinsdale County, Colorado","Private","NAICS 531390 Other activities related to real estate","County, NAICS 6-digit -- by ownership sector","All establishment sizes",0,0,0,0,0,0,0,0,"N",0.00,0,0,0,0,0,0,0,"N",-1,-100.0,0,0,0,0,0,0,0,0,0,0,0,0,0,0
"08053","5","54","74","0","2016","1","","Hinsdale County, Colorado","Private","NAICS 54 Professional and technical services","County, NAICS Sector -- by ownership sector","All establishment sizes",3,5,5,3,36590,36590,411,650,"",0.33,0.35,0.33,0.21,0.20,0.25,0.28,0.68,"N",-1,-25.0,0,0,0,0,0,0,0,0,0,0,0,0,0,0
"08053","5","54","74","0","2016","2","","Hinsdale County, Colorado","Private","NAICS 54 Professional and technical services","County, NAICS Sector -- by ownership sector","All establishment sizes",3,5,5,3,39257,20768,241,697,"",0.33,0.35,0.32,0.15,0.22,0.28,0.34,0.84,"N",0,0.0,0,0,0,0,0,0,0,0,0,0,0,0,0,0
"08053","5","54","74","0","2016","3","N","Hinsdale County, Colorado","Private","NAICS 54 Professional and technical services","County, NAICS Sector -- by ownership sector","All establishment sizes",3,0,0,0,0,0,0,0,"N",0.33,0,0,0,0,0,0,0,"N",0,0.0,0,0,0,0,0,0,0,0,0,0,0,0,0,0
"08053","5","54","74","0","2016","4","N","Hinsdale County, Colorado","Private","NAICS 54 Professional and technical services","County, NAICS Sector -- by ownership sector","All establishment sizes",3,0,0,0,0,0,0,0,"N",0.33,0,0,0,0,0,0,0,"N",0,0.0,0,0,0,0,0,0,0,0,0,0,0,0,0,0
"08053","5","541","75","0","2016","1","","Hinsdale County, Colorado","Private","NAICS 541 Professional and technical services","County, NAICS 3-digit -- by ownership sector","All establishment sizes",3,5,5,3,36590,36590,411,650,"",0.33,0.35,0.33,0.21,0.20,0.25,0.28,0.68,"N",-1,-25.0,0,0,0,0,0,0,0,0,0,0,0,0,0,0
"08053","5","541","75","0","2016","2","","Hinsdale County, Colorado","Private","NAICS 541 Professional and technical services","County, NAICS 3-digit -- by ownership sector","All establishment sizes",3,5,5,3,39257,20768,241,697,"",0.33,0.35,0.32,0.15,0.22,0.28,0.34,0.84,"N",0,0.0,0,0,0,0,0,0,0,0,0,0,0,0,0,0
"08053","5","541","75","0","2016","3","N","Hinsdale County, Colorado","Private","NAICS 541 Professional and technical services","County, NAICS 3-digit -- by ownership sector","All establishment sizes",3,0,0,0,0,0,0,0,"N",0.33,0,0,0,0,0,0,0,"N",0,0.0,0,0,0,0,0,0,0,0,0,0,0,0,0,0
"08053","5","541","75","0","2016","4","N","Hinsdale County, Colorado","Private","NAICS 541 Professional and technical services","County, NAICS 3-digit -- by ownership sector","All establishment sizes",3,0,0,0,0,0,0,0,"N",0.33,0,0,0,0,0,0,0,"N",0,0.0,0,0,0,0,0,0,0,0,0,0,0,0,0,0
"08053","5","5411","76","0","2016","1","N","Hinsdale County, Colorado","Private","NAICS 5411 Legal services","County, NAICS 4-digit -- by ownership sector","All establishment sizes",2,0,0,0,0,0,0,0,"N",1.35,0,0,0,0,0,0,0,"N",0,0.0,0,0,0,0,0,0,0,0,0,0,0,0,0,0
"08053","5","5411","76","0","2016","2","N","Hinsdale County, Colorado","Private","NAICS 5411 Legal services","County, NAICS 4-digit -- by ownership sector","All establishment sizes",2,0,0,0,0,0,0,0,"N",1.36,0,0,0,0,0,0,0,"N",0,0.0,0,0,0,0,0,0,0,0,0,0,0,0,0,0
"08053","5","5411","76","0","2016","3","N","Hinsdale County, Colorado","Private","NAICS 5411 Legal services","County, NAICS 4-digit -- by ownership sector","All establishment sizes",2,0,0,0,0,0,0,0,"N",1.35,0,0,0,0,0,0,0,"N",0,0.0,0,0,0,0,0,0,0,0,0,0,0,0,0,0
"08053","5","5411","76","0","2016","4","N","Hinsdale County, Colorado","Private","NAICS 5411 Legal services","County, NAICS 4-digit -- by ownership sector","All establishment sizes",2,0,0,0,0,0,0,0,"N",1.35,0,0,0,0,0,0,0,"N",0,0.0,0,0,0,0,0,0,0,0,0,0,0,0,0,0
"08053","5","54111","77","0","2016","1","N","Hinsdale County, Colorado","Private","NAICS 54111 Offices of lawyers","County, NAICS 5-digit -- by ownership sector","All establishment sizes",1,0,0,0,0,0,0,0,"N",0.73,0,0,0,0,0,0,0,"N",0,0.0,0,0,0,0,0,0,0,0,0,0,0,0,0,0
"08053","5","54111","77","0","2016","2","N","Hinsdale County, Colorado","Private","NAICS 54111 Offices of lawyers","County, NAICS 5-digit -- by ownership sector","All establishment sizes",1,0,0,0,0,0,0,0,"N",0.73,0,0,0,0,0,0,0,"N",0,0.0,0,0,0,0,0,0,0,0,0,0,0,0,0,0
"08053","5","54111","77","0","2016","3","N","Hinsdale County, Colorado","Private","NAICS 54111 Offices of lawyers","County, NAICS 5-digit -- by ownership sector","All establishment sizes",1,0,0,0,0,0,0,0,"N",0.73,0,0,0,0,0,0,0,"N",0,0.0,0,0,0,0,0,0,0,0,0,0,0,0,0,0
"08053","5","54111","77","0","2016","4","N","Hinsdale County, Colorado","Private","NAICS 54111 Offices of lawyers","County, NAICS 5-digit -- by ownership sector","All establishment sizes",1,0,0,0,0,0,0,0,"N",0.73,0,0,0,0,0,0,0,"N",0,0.0,0,0,0,0,0,0,0,0,0,0,0,0,0,0
"08053","5","541110","78","0","2016","1","N","Hinsdale County, Colorado","Private","NAICS 541110 Offices of lawyers","County, NAICS 6-digit -- by ownership sector","All establishment sizes",1,0,0,0,0,0,0,0,"N",0.73,0,0,0,0,0,0,0,"N",0,0.0,0,0,0,0,0,0,0,0,0,0,0,0,0,0
"08053","5","541110","78","0","2016","2","N","Hinsdale County, Colorado","Private","NAICS 541110 Offices of lawyers","County, NAICS 6-digit -- by ownership sector","All establishment sizes",1,0,0,0,0,0,0,0,"N",0.73,0,0,0,0,0,0,0,"N",0,0.0,0,0,0,0,0,0,0,0,0,0,0,0,0,0
"08053","5","541110","78","0","2016","3","N","Hinsdale County, Colorado","Private","NAICS 541110 Offices of lawyers","County, NAICS 6-digit -- by ownership sector","All establishment sizes",1,0,0,0,0,0,0,0,"N",0.73,0,0,0,0,0,0,0,"N",0,0.0,0,0,0,0,0,0,0,0,0,0,0,0,0,0
"08053","5","541110","78","0","2016","4","N","Hinsdale County, Colorado","Private","NAICS 541110 Offices of lawyers","County, NAICS 6-digit -- by ownership sector","All establishment sizes",1,0,0,0,0,0,0,0,"N",0.73,0,0,0,0,0,0,0,"N",0,0.0,0,0,0,0,0,0,0,0,0,0,0,0,0,0
"08053","5","54119","77","0","2016","1","N","Hinsdale County, Colorado","Private","NAICS 54119 Other legal services","County, NAICS 5-digit -- by ownership sector","All establishment sizes",1,0,0,0,0,0,0,0,"N",9.32,0,0,0,0,0,0,0,"N",0,0.0,0,0,0,0,0,0,0,0,0,0,0,0,0,0
"08053","5","54119","77","0","2016","2","N","Hinsdale County, Colorado","Private","NAICS 54119 Other legal services","County, NAICS 5-digit -- by ownership sector","All establishment sizes",1,0,0,0,0,0,0,0,"N",9.36,0,0,0,0,0,0,0,"N",0,0.0,0,0,0,0,0,0,0,0,0,0,0,0,0,0
"08053","5","54119","77","0","2016","3","N","Hinsdale County, Colorado","Private","NAICS 54119 Other legal services","County, NAICS 5-digit -- by ownership sector","All establishment sizes",1,0,0,0,0,0,0,0,"N",9.26,0,0,0,0,0,0,0,"N",0,0.0,0,0,0,0,0,0,0,0,0,0,0,0,0,0
"08053","5","54119","77","0","2016","4","N","Hinsdale County, Colorado","Private","NAICS 54119 Other legal services","County, NAICS 5-digit -- by ownership sector","All establishment sizes",1,0,0,0,0,0,0,0,"N",9.24,0,0,0,0,0,0,0,"N",0,0.0,0,0,0,0,0,0,0,0,0,0,0,0,0,0
"08053","5","541191","78","0","2016","1","N","Hinsdale County, Colorado","Private","NAICS 541191 Title abstract and settlement offices","County, NAICS 6-digit -- by ownership sector","All establishment sizes",1,0,0,0,0,0,0,0,"N",14.80,0,0,0,0,0,0,0,"N",0,0.0,0,0,0,0,0,0,0,0,0,0,0,0,0,0
"08053","5","541191","78","0","2016","2","N","Hinsdale County, Colorado","Private","NAICS 541191 Title abstract and settlement offices","County, NAICS 6-digit -- by ownership sector","All establishment sizes",1,0,0,0,0,0,0,0,"N",15.00,0,0,0,0,0,0,0,"N",0,0.0,0,0,0,0,0,0,0,0,0,0,0,0,0,0
"08053","5","541191","78","0","2016","3","N","Hinsdale County, Colorado","Private","NAICS 541191 Title abstract and settlement offices","County, NAICS 6-digit -- by ownership sector","All establishment sizes",1,0,0,0,0,0,0,0,"N",14.95,0,0,0,0,0,0,0,"N",0,0.0,0,0,0,0,0,0,0,0,0,0,0,0,0,0
"08053","5","541191","78","0","2016","4","N","Hinsdale County, Colorado","Private","NAICS 541191 Title abstract and settlement offices","County, NAICS 6-digit -- by ownership sector","All establishment sizes",1,0,0,0,0,0,0,0,"N",15.05,0,0,0,0,0,0,0,"N",0,0.0,0,0,0,0,0,0,0,0,0,0,0,0,0,0
"08053","5","5415","76","0","2016","1","N","Hinsdale County, Colorado","Private","NAICS 5415 Computer systems design and related services","County, NAICS 4-digit -- by ownership sector","All establishment sizes",1,0,0,0,0,0,0,0,"N",0.52,0,0,0,0,0,0,0,"N",0,0.0,0,0,0,0,0,0,0,0,0,0,0,0,0,0
"08053","5","5415","76","0","2016","2","N","Hinsdale County, Colorado","Private","NAICS 5415 Computer systems design and related services","County, NAICS 4-digit -- by ownership sector","All establishment sizes",1,0,0,0,0,0,0,0,"N",0.51,0,0,0,0,0,0,0,"N",0,0.0,0,0,0,0,0,0,0,0,0,0,0,0,0,0
"08053","5","5415","76","0","2016","3","N","Hinsdale County, Colorado","Private","NAICS 5415 Computer systems design and related services","County, NAICS 4-digit -- by ownership sector","All establishment sizes",1,0,0,0,0,0,0,0,"N",0.50,0,0,0,0,0,0,0,"N",0,0.0,0,0,0,0,0,0,0,0,0,0,0,0,0,0
"08053","5","5415","76","0","2016","4","N","Hinsdale County, Colorado","Private","NAICS 5415 Computer systems design and related services","County, NAICS 4-digit -- by ownership sector","All establishment sizes",1,0,0,0,0,0,0,0,"N",0.50,0,0,0,0,0,0,0,"N",0,0.0,0,0,0,0,0,0,0,0,0,0,0,0,0,0
"08053","5","54151","77","0","2016","1","N","Hinsdale County, Colorado","Private","NAICS 54151 Computer systems design and related services","County, NAICS 5-digit -- by ownership sector","All establishment sizes",1,0,0,0,0,0,0,0,"N",0.52,0,0,0,0,0,0,0,"N",0,0.0,0,0,0,0,0,0,0,0,0,0,0,0,0,0
"08053","5","54151","77","0","2016","2","N","Hinsdale County, Colorado","Private","NAICS 54151 Computer systems design and related services","County, NAICS 5-digit -- by ownership sector","All establishment sizes",1,0,0,0,0,0,0,0,"N",0.51,0,0,0,0,0,0,0,"N",0,0.0,0,0,0,0,0,0,0,0,0,0,0,0,0,0
"08053","5","54151","77","0","2016","3","N","Hinsdale County, Colorado","Private","NAICS 54151 Computer systems design and related services","County, NAICS 5-digit -- by ownership sector","All establishment sizes",1,0,0,0,0,0,0,0,"N",0.50,0,0,0,0,0,0,0,"N",0,0.0,0,0,0,0,0,0,0,0,0,0,0,0,0,0
"08053","5","54151","77","0","2016","4","N","Hinsdale County, Colorado","Private","NAICS 54151 Computer systems design and related services","County, NAICS 5-digit -- by ownership sector","All establishment sizes",1,0,0,0,0,0,0,0,"N",0.50,0,0,0,0,0,0,0,"N",0,0.0,0,0,0,0,0,0,0,0,0,0,0,0,0,0
"08053","5","541511","78","0","2016","1","N","Hinsdale County, Colorado","Private","NAICS 541511 Custom computer programming services","County, NAICS 6-digit -- by ownership sector","All establishment sizes",1,0,0,0,0,0,0,0,"N",1.16,0,0,0,0,0,0,0,"N",0,0.0,0,0,0,0,0,0,0,0,0,0,0,0,0,0
"08053","5","541511","78","0","2016","2","N","Hinsdale County, Colorado","Private","NAICS 541511 Custom computer programming services","County, NAICS 6-digit -- by ownership sector","All establishment sizes",1,0,0,0,0,0,0,0,"N",1.16,0,0,0,0,0,0,0,"N",0,0.0,0,0,0,0,0,0,0,0,0,0,0,0,0,0
"08053","5","541511","78","0","2016","3","N","Hinsdale County, Colorado","Private","NAICS 541511 Custom computer programming services","County, NAICS 6-digit -- by ownership sector","All establishment sizes",1,0,0,0,0,0,0,0,"N",1.13,0,0,0,0,0,0,0,"N",0,0.0,0,0,0,0,0,0,0,0,0,0,0,0,0,0
"08053","5","541511","78","0","2016","4","N","Hinsdale County, Colorado","Private","NAICS 541511 Custom computer programming services","County, NAICS 6-digit -- by ownership sector","All establishment sizes",1,0,0,0,0,0,0,0,"N",1.13,0,0,0,0,0,0,0,"N",0,0.0,0,0,0,0,0,0,0,0,0,0,0,0,0,0
"08053","5","55","74","0","2016","1","N","Hinsdale County, Colorado","Private","NAICS 55 Management of companies and enterprises","County, NAICS Sector -- by ownership sector","All establishment sizes",1,0,0,0,0,0,0,0,"N",2.04,0,0,0,0,0,0,0,"N",1,100.0,0,0,0,0,0,0,0,0,0,0,0,0,0,0
"08053","5","55","74","0","2016","2","N","Hinsdale County, Colorado","Private","NAICS 55 Management of companies and enterprises","County, NAICS Sector -- by ownership sector","All establishment sizes",1,0,0,0,0,0,0,0,"N",2.05,0,0,0,0,0,0,0,"N",1,100.0,0,0,0,0,0,0,0,0,0,0,0,0,0,0
"08053","5","55","74","0","2016","3","-","Hinsdale County, Colorado","Private","NAICS 55 Management of companies and enterprises","County, NAICS Sector -- by ownership sector","All establishment sizes",0,0,0,0,0,0,0,0,"N",0.00,0,0,0,0,0,0,0,"N",0,0.0,0,0,0,0,0,0,0,0,0,0,0,0,0,0
"08053","5","55","74","0","2016","4","-","Hinsdale County, Colorado","Private","NAICS 55 Management of companies and enterprises","County, NAICS Sector -- by ownership sector","All establishment sizes",0,0,0,0,0,0,0,0,"N",0.00,0,0,0,0,0,0,0,"N",-1,-100.0,0,0,0,0,0,0,0,0,0,0,0,0,0,0
"08053","5","551","75","0","2016","1","N","Hinsdale County, Colorado","Private","NAICS 551 Management of companies and enterprises","County, NAICS 3-digit -- by ownership sector","All establishment sizes",1,0,0,0,0,0,0,0,"N",2.04,0,0,0,0,0,0,0,"N",1,100.0,0,0,0,0,0,0,0,0,0,0,0,0,0,0
"08053","5","551","75","0","2016","2","N","Hinsdale County, Colorado","Private","NAICS 551 Management of companies and enterprises","County, NAICS 3-digit -- by ownership sector","All establishment sizes",1,0,0,0,0,0,0,0,"N",2.05,0,0,0,0,0,0,0,"N",1,100.0,0,0,0,0,0,0,0,0,0,0,0,0,0,0
"08053","5","551","75","0","2016","3","-","Hinsdale County, Colorado","Private","NAICS 551 Management of companies and enterprises","County, NAICS 3-digit -- by ownership sector","All establishment sizes",0,0,0,0,0,0,0,0,"N",0.00,0,0,0,0,0,0,0,"N",0,0.0,0,0,0,0,0,0,0,0,0,0,0,0,0,0
"08053","5","551","75","0","2016","4","-","Hinsdale County, Colorado","Private","NAICS 551 Management of companies and enterprises","County, NAICS 3-digit -- by ownership sector","All establishment sizes",0,0,0,0,0,0,0,0,"N",0.00,0,0,0,0,0,0,0,"N",-1,-100.0,0,0,0,0,0,0,0,0,0,0,0,0,0,0
"08053","5","5511","76","0","2016","1","N","Hinsdale County, Colorado","Private","NAICS 5511 Management of companies and enterprises","County, NAICS 4-digit -- by ownership sector","All establishment sizes",1,0,0,0,0,0,0,0,"N",2.04,0,0,0,0,0,0,0,"N",1,100.0,0,0,0,0,0,0,0,0,0,0,0,0,0,0
"08053","5","5511","76","0","2016","2","N","Hinsdale County, Colorado","Private","NAICS 5511 Management of companies and enterprises","County, NAICS 4-digit -- by ownership sector","All establishment sizes",1,0,0,0,0,0,0,0,"N",2.05,0,0,0,0,0,0,0,"N",1,100.0,0,0,0,0,0,0,0,0,0,0,0,0,0,0
"08053","5","5511","76","0","2016","3","-","Hinsdale County, Colorado","Private","NAICS 5511 Management of companies and enterprises","County, NAICS 4-digit -- by ownership sector","All establishment sizes",0,0,0,0,0,0,0,0,"N",0.00,0,0,0,0,0,0,0,"N",0,0.0,0,0,0,0,0,0,0,0,0,0,0,0,0,0
"08053","5","5511","76","0","2016","4","-","Hinsdale County, Colorado","Private","NAICS 5511 Management of companies and enterprises","County, NAICS 4-digit -- by ownership sector","All establishment sizes",0,0,0,0,0,0,0,0,"N",0.00,0,0,0,0,0,0,0,"N",-1,-100.0,0,0,0,0,0,0,0,0,0,0,0,0,0,0
"08053","5","55111","77","0","2016","1","N","Hinsdale County, Colorado","Private","NAICS 55111 Management of companies and enterprises","County, NAICS 5-digit -- by ownership sector","All establishment sizes",1,0,0,0,0,0,0,0,"N",2.04,0,0,0,0,0,0,0,"N",1,100.0,0,0,0,0,0,0,0,0,0,0,0,0,0,0
"08053","5","55111","77","0","2016","2","N","Hinsdale County, Colorado","Private","NAICS 55111 Management of companies and enterprises","County, NAICS 5-digit -- by ownership sector","All establishment sizes",1,0,0,0,0,0,0,0,"N",2.05,0,0,0,0,0,0,0,"N",1,100.0,0,0,0,0,0,0,0,0,0,0,0,0,0,0
"08053","5","55111","77","0","2016","3","-","Hinsdale County, Colorado","Private","NAICS 55111 Management of companies and enterprises","County, NAICS 5-digit -- by ownership sector","All establishment sizes",0,0,0,0,0,0,0,0,"N",0.00,0,0,0,0,0,0,0,"N",0,0.0,0,0,0,0,0,0,0,0,0,0,0,0,0,0
"08053","5","55111","77","0","2016","4","-","Hinsdale County, Colorado","Private","NAICS 55111 Management of companies and enterprises","County, NAICS 5-digit -- by ownership sector","All establishment sizes",0,0,0,0,0,0,0,0,"N",0.00,0,0,0,0,0,0,0,"N",-1,-100.0,0,0,0,0,0,0,0,0,0,0,0,0,0,0
"08053","5","551112","78","0","2016","1","N","Hinsdale County, Colorado","Private","NAICS 551112 Offices of other holding companies","County, NAICS 6-digit -- by ownership sector","All establishment sizes",1,0,0,0,0,0,0,0,"N",14.46,0,0,0,0,0,0,0,"N",1,100.0,0,0,0,0,0,0,0,0,0,0,0,0,0,0
"08053","5","551112","78","0","2016","2","N","Hinsdale County, Colorado","Private","NAICS 551112 Offices of other holding companies","County, NAICS 6-digit -- by ownership sector","All establishment sizes",1,0,0,0,0,0,0,0,"N",14.45,0,0,0,0,0,0,0,"N",1,100.0,0,0,0,0,0,0,0,0,0,0,0,0,0,0
"08053","5","551112","78","0","2016","3","-","Hinsdale County, Colorado","Private","NAICS 551112 Offices of other holding companies","County, NAICS 6-digit -- by ownership sector","All establishment sizes",0,0,0,0,0,0,0,0,"N",0.00,0,0,0,0,0,0,0,"N",0,0.0,0,0,0,0,0,0,0,0,0,0,0,0,0,0
"08053","5","551112","78","0","2016","4","-","Hinsdale County, Colorado","Private","NAICS 551112 Offices of other holding companies","County, NAICS 6-digit -- by ownership sector","All establishment sizes",0,0,0,0,0,0,0,0,"N",0.00,0,0,0,0,0,0,0,"N",-1,-100.0,0,0,0,0,0,0,0,0,0,0,0,0,0,0
"08053","5","56","74","0","2016","1","N","Hinsdale County, Colorado","Private","NAICS 56 Administrative and waste services","County, NAICS Sector -- by ownership sector","All establishment sizes",1,0,0,0,0,0,0,0,"N",0.25,0,0,0,0,0,0,0,"N",-1,-50.0,0,0,0,0,0,0,0,0,0,0,0,0,0,0
"08053","5","56","74","0","2016","2","N","Hinsdale County, Colorado","Private","NAICS 56 Administrative and waste services","County, NAICS Sector -- by ownership sector","All establishment sizes",1,0,0,0,0,0,0,0,"N",0.25,0,0,0,0,0,0,0,"N",-1,-50.0,0,0,0,0,0,0,0,0,0,0,0,0,0,0
"08053","5","56","74","0","2016","3","N","Hinsdale County, Colorado","Private","NAICS 56 Administrative and waste services","County, NAICS Sector -- by ownership sector","All establishment sizes",1,0,0,0,0,0,0,0,"N",0.24,0,0,0,0,0,0,0,"N",-1,-50.0,0,0,0,0,0,0,0,0,0,0,0,0,0,0
"08053","5","56","74","0","2016","4","N","Hinsdale County, Colorado","Private","NAICS 56 Administrative and waste services","County, NAICS Sector -- by ownership sector","All establishment sizes",1,0,0,0,0,0,0,0,"N",0.24,0,0,0,0,0,0,0,"N",-1,-50.0,0,0,0,0,0,0,0,0,0,0,0,0,0,0
"08053","5","562","75","0","2016","1","N","Hinsdale County, Colorado","Private","NAICS 562 Waste management and remediation services","County, NAICS 3-digit -- by ownership sector","All establishment sizes",1,0,0,0,0,0,0,0,"N",4.68,0,0,0,0,0,0,0,"N",0,0.0,0,0,0,0,0,0,0,0,0,0,0,0,0,0
"08053","5","562","75","0","2016","2","N","Hinsdale County, Colorado","Private","NAICS 562 Waste management and remediation services","County, NAICS 3-digit -- by ownership sector","All establishment sizes",1,0,0,0,0,0,0,0,"N",4.72,0,0,0,0,0,0,0,"N",0,0.0,0,0,0,0,0,0,0,0,0,0,0,0,0,0
"08053","5","562","75","0","2016","3","N","Hinsdale County, Colorado","Private","NAICS 562 Waste management and remediation services","County, NAICS 3-digit -- by ownership sector","All establishment sizes",1,0,0,0,0,0,0,0,"N",4.68,0,0,0,0,0,0,0,"N",0,0.0,0,0,0,0,0,0,0,0,0,0,0,0,0,0
"08053","5","562","75","0","2016","4","N","Hinsdale County, Colorado","Private","NAICS 562 Waste management and remediation services","County, NAICS 3-digit -- by ownership sector","All establishment sizes",1,0,0,0,0,0,0,0,"N",4.70,0,0,0,0,0,0,0,"N",0,0.0,0,0,0,0,0,0,0,0,0,0,0,0,0,0
"08053","5","5621","76","0","2016","1","N","Hinsdale County, Colorado","Private","NAICS 5621 Waste collection","County, NAICS 4-digit -- by ownership sector","All establishment sizes",1,0,0,0,0,0,0,0,"N",11.82,0,0,0,0,0,0,0,"N",0,0.0,0,0,0,0,0,0,0,0,0,0,0,0,0,0
"08053","5","5621","76","0","2016","2","N","Hinsdale County, Colorado","Private","NAICS 5621 Waste collection","County, NAICS 4-digit -- by ownership sector","All establishment sizes",1,0,0,0,0,0,0,0,"N",11.87,0,0,0,0,0,0,0,"N",0,0.0,0,0,0,0,0,0,0,0,0,0,0,0,0,0
"08053","5","5621","76","0","2016","3","N","Hinsdale County, Colorado","Private","NAICS 5621 Waste collection","County, NAICS 4-digit -- by ownership sector","All establishment sizes",1,0,0,0,0,0,0,0,"N",11.80,0,0,0,0,0,0,0,"N",0,0.0,0,0,0,0,0,0,0,0,0,0,0,0,0,0
"08053","5","5621","76","0","2016","4","N","Hinsdale County, Colorado","Private","NAICS 5621 Waste collection","County, NAICS 4-digit -- by ownership sector","All establishment sizes",1,0,0,0,0,0,0,0,"N",11.86,0,0,0,0,0,0,0,"N",0,0.0,0,0,0,0,0,0,0,0,0,0,0,0,0,0
"08053","5","56211","77","0","2016","1","N","Hinsdale County, Colorado","Private","NAICS 56211 Waste collection","County, NAICS 5-digit -- by ownership sector","All establishment sizes",1,0,0,0,0,0,0,0,"N",11.82,0,0,0,0,0,0,0,"N",0,0.0,0,0,0,0,0,0,0,0,0,0,0,0,0,0
"08053","5","56211","77","0","2016","2","N","Hinsdale County, Colorado","Private","NAICS 56211 Waste collection","County, NAICS 5-digit -- by ownership sector","All establishment sizes",1,0,0,0,0,0,0,0,"N",11.87,0,0,0,0,0,0,0,"N",0,0.0,0,0,0,0,0,0,0,0,0,0,0,0,0,0
"08053","5","56211","77","0","2016","3","N","Hinsdale County, Colorado","Private","NAICS 56211 Waste collection","County, NAICS 5-digit -- by ownership sector","All establishment sizes",1,0,0,0,0,0,0,0,"N",11.80,0,0,0,0,0,0,0,"N",0,0.0,0,0,0,0,0,0,0,0,0,0,0,0,0,0
"08053","5","56211","77","0","2016","4","N","Hinsdale County, Colorado","Private","NAICS 56211 Waste collection","County, NAICS 5-digit -- by ownership sector","All establishment sizes",1,0,0,0,0,0,0,0,"N",11.86,0,0,0,0,0,0,0,"N",0,0.0,0,0,0,0,0,0,0,0,0,0,0,0,0,0
"08053","5","562111","78","0","2016","1","N","Hinsdale County, Colorado","Private","NAICS 562111 Solid waste collection","County, NAICS 6-digit -- by ownership sector","All establishment sizes",1,0,0,0,0,0,0,0,"N",14.47,0,0,0,0,0,0,0,"N",0,0.0,0,0,0,0,0,0,0,0,0,0,0,0,0,0
"08053","5","562111","78","0","2016","2","N","Hinsdale County, Colorado","Private","NAICS 562111 Solid waste collection","County, NAICS 6-digit -- by ownership sector","All establishment sizes",1,0,0,0,0,0,0,0,"N",14.58,0,0,0,0,0,0,0,"N",0,0.0,0,0,0,0,0,0,0,0,0,0,0,0,0,0
"08053","5","562111","78","0","2016","3","N","Hinsdale County, Colorado","Private","NAICS 562111 Solid waste collection","County, NAICS 6-digit -- by ownership sector","All establishment sizes",1,0,0,0,0,0,0,0,"N",14.49,0,0,0,0,0,0,0,"N",0,0.0,0,0,0,0,0,0,0,0,0,0,0,0,0,0
"08053","5","562111","78","0","2016","4","N","Hinsdale County, Colorado","Private","NAICS 562111 Solid waste collection","County, NAICS 6-digit -- by ownership sector","All establishment sizes",1,0,0,0,0,0,0,0,"N",14.58,0,0,0,0,0,0,0,"N",0,0.0,0,0,0,0,0,0,0,0,0,0,0,0,0,0
"08053","5","62","74","0","2016","1","N","Hinsdale County, Colorado","Private","NAICS 62 Health care and social assistance","County, NAICS Sector -- by ownership sector","All establishment sizes",2,0,0,0,0,0,0,0,"N",0.18,0,0,0,0,0,0,0,"N",0,0.0,0,0,0,0,0,0,0,0,0,0,0,0,0,0
"08053","5","62","74","0","2016","2","N","Hinsdale County, Colorado","Private","NAICS 62 Health care and social assistance","County, NAICS Sector -- by ownership sector","All establishment sizes",2,0,0,0,0,0,0,0,"N",0.18,0,0,0,0,0,0,0,"N",0,0.0,0,0,0,0,0,0,0,0,0,0,0,0,0,0
"08053","5","62","74","0","2016","3","N","Hinsdale County, Colorado","Private","NAICS 62 Health care and social assistance","County, NAICS Sector -- by ownership sector","All establishment sizes",2,0,0,0,0,0,0,0,"N",0.17,0,0,0,0,0,0,0,"N",0,0.0,0,0,0,0,0,0,0,0,0,0,0,0,0,0
"08053","5","62","74","0","2016","4","N","Hinsdale County, Colorado","Private","NAICS 62 Health care and social assistance","County, NAICS Sector -- by ownership sector","All establishment sizes",2,0,0,0,0,0,0,0,"N",0.17,0,0,0,0,0,0,0,"N",0,0.0,0,0,0,0,0,0,0,0,0,0,0,0,0,0
"08053","5","621","75","0","2016","1","N","Hinsdale County, Colorado","Private","NAICS 621 Ambulatory health care services","County, NAICS 3-digit -- by ownership sector","All establishment sizes",2,0,0,0,0,0,0,0,"N",0.44,0,0,0,0,0,0,0,"N",0,0.0,0,0,0,0,0,0,0,0,0,0,0,0,0,0
"08053","5","621","75","0","2016","2","N","Hinsdale County, Colorado","Private","NAICS 621 Ambulatory health care services","County, NAICS 3-digit -- by ownership sector","All establishment sizes",2,0,0,0,0,0,0,0,"N",0.44,0,0,0,0,0,0,0,"N",0,0.0,0,0,0,0,0,0,0,0,0,0,0,0,0,0
"08053","5","621","75","0","2016","3","N","Hinsdale County, Colorado","Private","NAICS 621 Ambulatory health care services","County, NAICS 3-digit -- by ownership sector","All establishment sizes",2,0,0,0,0,0,0,0,"N",0.44,0,0,0,0,0,0,0,"N",0,0.0,0,0,0,0,0,0,0,0,0,0,0,0,0,0
"08053","5","621","75","0","2016","4","N","Hinsdale County, Colorado","Private","NAICS 621 Ambulatory health care services","County, NAICS 3-digit -- by ownership sector","All establishment sizes",2,0,0,0,0,0,0,0,"N",0.44,0,0,0,0,0,0,0,"N",0,0.0,0,0,0,0,0,0,0,0,0,0,0,0,0,0
"08053","5","6211","76","0","2016","1","N","Hinsdale County, Colorado","Private","NAICS 6211 Offices of physicians","County, NAICS 4-digit -- by ownership sector","All establishment sizes",1,0,0,0,0,0,0,0,"N",0.60,0,0,0,0,0,0,0,"N",0,0.0,0,0,0,0,0,0,0,0,0,0,0,0,0,0
"08053","5","6211","76","0","2016","2","N","Hinsdale County, Colorado","Private","NAICS 6211 Offices of physicians","County, NAICS 4-digit -- by ownership sector","All establishment sizes",1,0,0,0,0,0,0,0,"N",0.60,0,0,0,0,0,0,0,"N",0,0.0,0,0,0,0,0,0,0,0,0,0,0,0,0,0
"08053","5","6211","76","0","2016","3","N","Hinsdale County, Colorado","Private","NAICS 6211 Offices of physicians","County, NAICS 4-digit -- by ownership sector","All establishment sizes",1,0,0,0,0,0,0,0,"N",0.60,0,0,0,0,0,0,0,"N",0,0.0,0,0,0,0,0,0,0,0,0,0,0,0,0,0
"08053","5","6211","76","0","2016","4","N","Hinsdale County, Colorado","Private","NAICS 6211 Offices of physicians","County, NAICS 4-digit -- by ownership sector","All establishment sizes",1,0,0,0,0,0,0,0,"N",0.60,0,0,0,0,0,0,0,"N",0,0.0,0,0,0,0,0,0,0,0,0,0,0,0,0,0
"08053","5","62111","77","0","2016","1","N","Hinsdale County, Colorado","Private","NAICS 62111 Offices of physicians","County, NAICS 5-digit -- by ownership sector","All establishment sizes",1,0,0,0,0,0,0,0,"N",0.60,0,0,0,0,0,0,0,"N",0,0.0,0,0,0,0,0,0,0,0,0,0,0,0,0,0
"08053","5","62111","77","0","2016","2","N","Hinsdale County, Colorado","Private","NAICS 62111 Offices of physicians","County, NAICS 5-digit -- by ownership sector","All establishment sizes",1,0,0,0,0,0,0,0,"N",0.60,0,0,0,0,0,0,0,"N",0,0.0,0,0,0,0,0,0,0,0,0,0,0,0,0,0
"08053","5","62111","77","0","2016","3","N","Hinsdale County, Colorado","Private","NAICS 62111 Offices of physicians","County, NAICS 5-digit -- by ownership sector","All establishment sizes",1,0,0,0,0,0,0,0,"N",0.60,0,0,0,0,0,0,0,"N",0,0.0,0,0,0,0,0,0,0,0,0,0,0,0,0,0
"08053","5","62111","77","0","2016","4","N","Hinsdale County, Colorado","Private","NAICS 62111 Offices of physicians","County, NAICS 5-digit -- by ownership sector","All establishment sizes",1,0,0,0,0,0,0,0,"N",0.60,0,0,0,0,0,0,0,"N",0,0.0,0,0,0,0,0,0,0,0,0,0,0,0,0,0
"08053","5","621111","78","0","2016","1","N","Hinsdale County, Colorado","Private","NAICS 621111 Offices of physicians, except mental health","County, NAICS 6-digit -- by ownership sector","All establishment sizes",1,0,0,0,0,0,0,0,"N",0.63,0,0,0,0,0,0,0,"N",0,0.0,0,0,0,0,0,0,0,0,0,0,0,0,0,0
"08053","5","621111","78","0","2016","2","N","Hinsdale County, Colorado","Private","NAICS 621111 Offices of physicians, except mental health","County, NAICS 6-digit -- by ownership sector","All establishment sizes",1,0,0,0,0,0,0,0,"N",0.63,0,0,0,0,0,0,0,"N",0,0.0,0,0,0,0,0,0,0,0,0,0,0,0,0,0
"08053","5","621111","78","0","2016","3","N","Hinsdale County, Colorado","Private","NAICS 621111 Offices of physicians, except mental health","County, NAICS 6-digit -- by ownership sector","All establishment sizes",1,0,0,0,0,0,0,0,"N",0.63,0,0,0,0,0,0,0,"N",0,0.0,0,0,0,0,0,0,0,0,0,0,0,0,0,0
"08053","5","621111","78","0","2016","4","N","Hinsdale County, Colorado","Private","NAICS 621111 Offices of physicians, except mental health","County, NAICS 6-digit -- by ownership sector","All establishment sizes",1,0,0,0,0,0,0,0,"N",0.63,0,0,0,0,0,0,0,"N",0,0.0,0,0,0,0,0,0,0,0,0,0,0,0,0,0
"08053","5","6214","76","0","2016","1","N","Hinsdale County, Colorado","Private","NAICS 6214 Outpatient care centers","County, NAICS 4-digit -- by ownership sector","All establishment sizes",1,0,0,0,0,0,0,0,"N",3.80,0,0,0,0,0,0,0,"N",0,0.0,0,0,0,0,0,0,0,0,0,0,0,0,0,0
"08053","5","6214","76","0","2016","2","N","Hinsdale County, Colorado","Private","NAICS 6214 Outpatient care centers","County, NAICS 4-digit -- by ownership sector","All establishment sizes",1,0,0,0,0,0,0,0,"N",3.78,0,0,0,0,0,0,0,"N",0,0.0,0,0,0,0,0,0,0,0,0,0,0,0,0,0
"08053","5","6214","76","0","2016","3","N","Hinsdale County, Colorado","Private","NAICS 6214 Outpatient care centers","County, NAICS 4-digit -- by ownership sector","All establishment sizes",1,0,0,0,0,0,0,0,"N",3.74,0,0,0,0,0,0,0,"N",0,0.0,0,0,0,0,0,0,0,0,0,0,0,0,0,0
"08053","5","6214","76","0","2016","4","N","Hinsdale County, Colorado","Private","NAICS 6214 Outpatient care centers","County, NAICS 4-digit -- by ownership sector","All establishment sizes",1,0,0,0,0,0,0,0,"N",3.72,0,0,0,0,0,0,0,"N",0,0.0,0,0,0,0,0,0,0,0,0,0,0,0,0,0
"08053","5","62142","77","0","2016","1","N","Hinsdale County, Colorado","Private","NAICS 62142 Outpatient mental health centers","County, NAICS 5-digit -- by ownership sector","All establishment sizes",1,0,0,0,0,0,0,0,"N",13.76,0,0,0,0,0,0,0,"N",0,0.0,0,0,0,0,0,0,0,0,0,0,0,0,0,0
"08053","5","62142","77","0","2016","2","N","Hinsdale County, Colorado","Private","NAICS 62142 Outpatient mental health centers","County, NAICS 5-digit -- by ownership sector","All establishment sizes",1,0,0,0,0,0,0,0,"N",13.67,0,0,0,0,0,0,0,"N",0,0.0,0,0,0,0,0,0,0,0,0,0,0,0,0,0
"08053","5","62142","77","0","2016","3","N","Hinsdale County, Colorado","Private","NAICS 62142 Outpatient mental health centers","County, NAICS 5-digit -- by ownership sector","All establishment sizes",1,0,0,0,0,0,0,0,"N",13.51,0,0,0,0,0,0,0,"N",0,0.0,0,0,0,0,0,0,0,0,0,0,0,0,0,0
"08053","5","62142","77","0","2016","4","N","Hinsdale County, Colorado","Private","NAICS 62142 Outpatient mental health centers","County, NAICS 5-digit -- by ownership sector","All establishment sizes",1,0,0,0,0,0,0,0,"N",13.47,0,0,0,0,0,0,0,"N",0,0.0,0,0,0,0,0,0,0,0,0,0,0,0,0,0
"08053","5","621420","78","0","2016","1","N","Hinsdale County, Colorado","Private","NAICS 621420 Outpatient mental health centers","County, NAICS 6-digit -- by ownership sector","All establishment sizes",1,0,0,0,0,0,0,0,"N",13.76,0,0,0,0,0,0,0,"N",0,0.0,0,0,0,0,0,0,0,0,0,0,0,0,0,0
"08053","5","621420","78","0","2016","2","N","Hinsdale County, Colorado","Private","NAICS 621420 Outpatient mental health centers","County, NAICS 6-digit -- by ownership sector","All establishment sizes",1,0,0,0,0,0,0,0,"N",13.67,0,0,0,0,0,0,0,"N",0,0.0,0,0,0,0,0,0,0,0,0,0,0,0,0,0
"08053","5","621420","78","0","2016","3","N","Hinsdale County, Colorado","Private","NAICS 621420 Outpatient mental health centers","County, NAICS 6-digit -- by ownership sector","All establishment sizes",1,0,0,0,0,0,0,0,"N",13.51,0,0,0,0,0,0,0,"N",0,0.0,0,0,0,0,0,0,0,0,0,0,0,0,0,0
"08053","5","621420","78","0","2016","4","N","Hinsdale County, Colorado","Private","NAICS 621420 Outpatient mental health centers","County, NAICS 6-digit -- by ownership sector","All establishment sizes",1,0,0,0,0,0,0,0,"N",13.47,0,0,0,0,0,0,0,"N",0,0.0,0,0,0,0,0,0,0,0,0,0,0,0,0,0
"08053","5","71","74","0","2016","1","","Hinsdale County, Colorado","Private","NAICS 71 Arts, entertainment, and recreation","County, NAICS Sector -- by ownership sector","All establishment sizes",4,5,5,5,28452,28452,283,438,"",3.76,1.54,1.47,1.48,1.81,1.83,1.71,1.21,"",-1,-20.0,0,0.0,0,0.0,0,0.0,2102,8.0,2102,8.0,7,2.5,33,8.1
"08053","5","71","74","0","2016","2","","Hinsdale County, Colorado","Private","NAICS 71 Arts, entertainment, and recreation","County, NAICS Sector -- by ownership sector","All establishment sizes",4,5,5,13,33689,23284,233,338,"",3.75,1.43,1.21,2.25,1.85,1.29,1.02,1.07,"",-1,-20.0,0,0.0,0,0.0,2,18.2,9206,37.6,1356,6.2,-6,-2.5,69,25.7
"08053","5","71","74","0","2016","3","","Hinsdale County, Colorado","Private","NAICS 71 Arts, entertainment, and recreation","County, NAICS Sector -- by ownership sector","All establishment sizes",4,11,14,5,31252,16947,172,240,"",3.70,1.70,2.26,1.00,1.16,0.61,0.39,0.68,"",-1,-20.0,0,0.0,3,27.3,0,0.0,-456,-1.4,-2879,-14.5,-51,-22.9,-31,-11.4
"08053","5","71","74","0","2016","4","","Hinsdale County, Colorado","Private","NAICS 71 Arts, entertainment, and recreation","County, NAICS Sector -- by ownership sector","All establishment sizes",5,7,7,7,32078,9800,106,353,"",4.61,1.65,1.87,1.85,1.21,0.81,0.57,0.68,"",1,25.0,2,40.0,2,40.0,2,40.0,-26530,-45.3,-5538,-36.1,-140,-56.9,-549,-60.9
"08053","5","713","75","0","2016","1","","Hinsdale County, Colorado","Private","NAICS 713 Amusements, gambling, and recreation","County, NAICS 3-digit -- by ownership sector","All establishment sizes",4,5,5,5,28452,28452,283,438,"",6.61,2.14,2.05,2.07,3.88,2.73,2.71,1.86,"",-1,-20.0,0,0.0,0,0.0,0,0.0,2102,8.0,2102,8.0,7,2.5,33,8.1
"08053","5","713","75","0","2016","2","","Hinsdale County, Colorado","Private","NAICS 713 Amusements, gambling, and recreation","County, NAICS 3-digit -- by ownership sector","All establishment sizes",4,5,5,13,33689,23284,233,338,"",6.59,2.01,1.68,3.07,4.02,1.76,1.41,1.68,"",-1,-20.0,0,0.0,0,0.0,2,18.2,9206,37.6,1356,6.2,-6,-2.5,69,25.7
"08053","5","713","75","0","2016","3","","Hinsdale County, Colorado","Private","NAICS 713 Amusements, gambling, and recreation","County, NAICS 3-digit -- by ownership sector","All establishment sizes",4,11,14,5,31252,16947,172,240,"",6.52,2.30,3.08,1.40,2.58,0.80,0.51,1.10,"",-1,-20.0,0,0.0,3,27.3,0,0.0,-456,-1.4,-2879,-14.5,-51,-22.9,-31,-11.4
"08053","5","713","75","0","2016","4","","Hinsdale County, Colorado","Private","NAICS 713 Amusements, gambling, and recreation","County, NAICS 3-digit -- by ownership sector","All establishment sizes",5,7,7,7,32078,9800,106,353,"",8.15,2.33,2.65,2.60,3.33,1.17,0.87,1.32,"",1,25.0,2,40.0,2,40.0,2,40.0,-26530,-45.3,-5538,-36.1,-140,-56.9,-549,-60.9
"08053","5","7139","76","0","2016","1","","Hinsdale County, Colorado","Private","NAICS 7139 Other amusement and recreation industries","County, NAICS 4-digit -- by ownership sector","All establishment sizes",4,5,5,5,28452,28452,283,438,"",7.18,2.66,2.56,2.61,5.47,3.70,3.58,2.10,"",-1,-20.0,0,0.0,0,0.0,0,0.0,2102,8.0,2102,8.0,7,2.5,33,8.1
"08053","5","7139","76","0","2016","2","","Hinsdale County, Colorado","Private","NAICS 7139 Other amusement and recreation industries","County, NAICS 4-digit -- by ownership sector","All establishment sizes",4,5,5,13,33689,23284,233,338,"",7.16,2.55,2.15,3.92,5.51,2.25,1.73,1.80,"",-1,-20.0,0,0.0,0,0.0,2,18.2,9206,37.6,1356,6.2,-6,-2.5,69,25.7
"08053","5","7139","76","0","2016","3","","Hinsdale County, Colorado","Private","NAICS 7139 Other amusement and recreation industries","County, NAICS 4-digit -- by ownership sector","All establishment sizes",4,11,14,5,31252,16947,172,240,"",7.08,2.93,3.90,1.77,3.51,1.02,0.63,1.18,"",-1,-20.0,0,0.0,3,27.3,0,0.0,-456,-1.4,-2879,-14.5,-51,-22.9,-31,-11.4
"08053","5","7139","76","0","2016","4","","Hinsdale County, Colorado","Private","NAICS 7139 Other amusement and recreation industries","County, NAICS 4-digit -- by ownership sector","All establishment sizes",5,7,7,7,32078,9800,106,353,"",8.85,2.95,3.31,3.24,4.62,1.43,1.05,1.46,"",1,25.0,2,40.0,2,40.0,2,40.0,-26530,-45.3,-5538,-36.1,-140,-56.9,-549,-60.9
"08053","5","71394","77","0","2016","1","N","Hinsdale County, Colorado","Private","NAICS 71394 Fitness and recreational sports centers","County, NAICS 5-digit -- by ownership sector","All establishment sizes",1,0,0,0,0,0,0,0,"N",3.84,0,0,0,0,0,0,0,"N",0,0.0,0,0,0,0,0,0,0,0,0,0,0,0,0,0
"08053","5","71394","77","0","2016","2","N","Hinsdale County, Colorado","Private","NAICS 71394 Fitness and recreational sports centers","County, NAICS 5-digit -- by ownership sector","All establishment sizes",1,0,0,0,0,0,0,0,"N",3.82,0,0,0,0,0,0,0,"N",0,0.0,0,0,0,0,0,0,0,0,0,0,0,0,0,0
"08053","5","71394","77","0","2016","3","N","Hinsdale County, Colorado","Private","NAICS 71394 Fitness and recreational sports centers","County, NAICS 5-digit -- by ownership sector","All establishment sizes",1,0,0,0,0,0,0,0,"N",3.77,0,0,0,0,0,0,0,"N",0,0.0,0,0,0,0,0,0,0,0,0,0,0,0,0,0
"08053","5","71394","77","0","2016","4","N","Hinsdale County, Colorado","Private","NAICS 71394 Fitness and recreational sports centers","County, NAICS 5-digit -- by ownership sector","All establishment sizes",1,0,0,0,0,0,0,0,"N",3.75,0,0,0,0,0,0,0,"N",0,0.0,0,0,0,0,0,0,0,0,0,0,0,0,0,0
"08053","5","713940","78","0","2016","1","N","Hinsdale County, Colorado","Private","NAICS 713940 Fitness and recreational sports centers","County, NAICS 6-digit -- by ownership sector","All establishment sizes",1,0,0,0,0,0,0,0,"N",3.84,0,0,0,0,0,0,0,"N",0,0.0,0,0,0,0,0,0,0,0,0,0,0,0,0,0
"08053","5","713940","78","0","2016","2","N","Hinsdale County, Colorado","Private","NAICS 713940 Fitness and recreational sports centers","County, NAICS 6-digit -- by ownership sector","All establishment sizes",1,0,0,0,0,0,0,0,"N",3.82,0,0,0,0,0,0,0,"N",0,0.0,0,0,0,0,0,0,0,0,0,0,0,0,0,0
"08053","5","713940","78","0","2016","3","N","Hinsdale County, Colorado","Private","NAICS 713940 Fitness and recreational sports centers","County, NAICS 6-digit -- by ownership sector","All establishment sizes",1,0,0,0,0,0,0,0,"N",3.77,0,0,0,0,0,0,0,"N",0,0.0,0,0,0,0,0,0,0,0,0,0,0,0,0,0
"08053","5","713940","78","0","2016","4","N","Hinsdale County, Colorado","Private","NAICS 713940 Fitness and recreational sports centers","County, NAICS 6-digit -- by ownership sector","All establishment sizes",1,0,0,0,0,0,0,0,"N",3.75,0,0,0,0,0,0,0,"N",0,0.0,0,0,0,0,0,0,0,0,0,0,0,0,0,0
"08053","5","71399","77","0","2016","1","N","Hinsdale County, Colorado","Private","NAICS 71399 All other amusement and recreation industries","County, NAICS 5-digit -- by ownership sector","All establishment sizes",3,0,0,0,0,0,0,0,"N",20.71,0,0,0,0,0,0,0,"N",-1,-25.0,0,0,0,0,0,0,0,0,0,0,0,0,0,0
"08053","5","71399","77","0","2016","2","N","Hinsdale County, Colorado","Private","NAICS 71399 All other amusement and recreation industries","County, NAICS 5-digit -- by ownership sector","All establishment sizes",3,0,0,0,0,0,0,0,"N",20.56,0,0,0,0,0,0,0,"N",-1,-25.0,0,0,0,0,0,0,0,0,0,0,0,0,0,0
"08053","5","71399","77","0","2016","3","N","Hinsdale County, Colorado","Private","NAICS 71399 All other amusement and recreation industries","County, NAICS 5-digit -- by ownership sector","All establishment sizes",3,0,0,0,0,0,0,0,"N",20.19,0,0,0,0,0,0,0,"N",-1,-25.0,0,0,0,0,0,0,0,0,0,0,0,0,0,0
"08053","5","71399","77","0","2016","4","N","Hinsdale County, Colorado","Private","NAICS 71399 All other amusement and recreation industries","County, NAICS 5-digit -- by ownership sector","All establishment sizes",4,0,0,0,0,0,0,0,"N",26.83,0,0,0,0,0,0,0,"N",1,33.3,0,0,0,0,0,0,0,0,0,0,0,0,0,0
"08053","5","713990","78","0","2016","1","N","Hinsdale County, Colorado","Private","NAICS 713990 All other amusement and recreation industries","County, NAICS 6-digit -- by ownership sector","All establishment sizes",3,0,0,0,0,0,0,0,"N",20.71,0,0,0,0,0,0,0,"N",-1,-25.0,0,0,0,0,0,0,0,0,0,0,0,0,0,0
"08053","5","713990","78","0","2016","2","N","Hinsdale County, Colorado","Private","NAICS 713990 All other amusement and recreation industries","County, NAICS 6-digit -- by ownership sector","All establishment sizes",3,0,0,0,0,0,0,0,"N",20.56,0,0,0,0,0,0,0,"N",-1,-25.0,0,0,0,0,0,0,0,0,0,0,0,0,0,0
"08053","5","713990","78","0","2016","3","N","Hinsdale County, Colorado","Private","NAICS 713990 All other amusement and recreation industries","County, NAICS 6-digit -- by ownership sector","All establishment sizes",3,0,0,0,0,0,0,0,"N",20.19,0,0,0,0,0,0,0,"N",-1,-25.0,0,0,0,0,0,0,0,0,0,0,0,0,0,0
"08053","5","713990","78","0","2016","4","N","Hinsdale County, Colorado","Private","NAICS 713990 All other amusement and recreation industries","County, NAICS 6-digit -- by ownership sector","All establishment sizes",4,0,0,0,0,0,0,0,"N",26.83,0,0,0,0,0,0,0,"N",1,33.3,0,0,0,0,0,0,0,0,0,0,0,0,0,0
"08053","5","72","74","0","2016","1","","Hinsdale County, Colorado","Private","NAICS 72 Accommodation and food services","County, NAICS Sector -- by ownership sector","All establishment sizes",15,26,31,26,135039,133167,2360,375,"",2.85,1.23,1.41,1.22,2.36,1.41,3.29,1.83,"",0,0.0,-7,-21.2,0,0.0,-5,-16.1,22042,19.5,23703,21.7,-1274,-35.1,101,36.9
"08053","5","72","74","0","2016","2","","Hinsdale County, Colorado","Private","NAICS 72 Accommodation and food services","County, NAICS Sector -- by ownership sector","All establishment sizes",14,21,35,71,130590,103016,2024,237,"",2.66,0.99,1.45,2.25,2.06,0.79,1.90,1.25,"",-1,-6.7,-9,-30.0,-2,-5.4,10,16.4,-19774,-13.2,-24672,-19.3,-957,-32.1,-34,-12.5
"08053","5","72","74","0","2016","3","","Hinsdale County, Colorado","Private","NAICS 72 Accommodation and food services","County, NAICS Sector -- by ownership sector","All establishment sizes",14,86,69,54,384256,296149,5733,424,"",2.63,2.49,2.04,1.85,4.44,1.64,3.15,2.06,"",0,0.0,6,7.5,1,1.5,-9,-14.3,91626,31.3,46609,18.7,1541,36.8,104,32.5
"08053","5","72","74","0","2016","4","","Hinsdale County, Colorado","Private","NAICS 72 Accommodation and food services","County, NAICS Sector -- by ownership sector","All establishment sizes",15,40,27,32,173404,54810,1152,404,"",2.82,1.57,1.15,1.34,2.36,0.57,1.15,1.73,"",1,7.1,11,37.9,2,8.0,8,33.3,64952,59.9,10177,22.8,250,27.7,83,25.9
"08053","5","721","75","0","2016","1","","Hinsdale County, Colorado","Private","NAICS 721 Accommodation","County, NAICS 3-digit -- by ownership sector","All establishment sizes",9,9,11,8,50532,50460,975,416,"",16.97,2.96,3.48,2.61,3.92,2.64,5.62,1.30,"",1,12.5,-6,-40.0,-3,-21.4,-6,-42.9,-11925,-19.1,-8464,-14.4,-1194,-55.0,81,24.2
"08053","5","721","75","0","2016","2","","Hinsdale County, Colorado","Private","NAICS 721 Accommodation","County, NAICS 3-digit -- by ownership sector","All establishment sizes",8,9,13,20,57894,38120,585,318,"",15.10,2.96,3.73,4.27,4.20,1.63,2.66,1.11,"",0,0.0,-6,-40.0,-7,-35.0,0,0.0,-12276,-17.5,-10052,-20.9,-610,-51.0,24,8.2
"08053","5","721","75","0","2016","3","","Hinsdale County, Colorado","Private","NAICS 721 Accommodation","County, NAICS 3-digit -- by ownership sector","All establishment sizes",8,20,17,14,76433,51486,642,346,"",14.97,3.79,3.32,3.27,3.97,1.54,1.65,1.14,"",0,0.0,-5,-20.0,-7,-29.2,-8,-36.4,-28103,-26.9,-23143,-31.0,-709,-52.5,6,1.8
"08053","5","721","75","0","2016","4","","Hinsdale County, Colorado","Private","NAICS 721 Accommodation","County, NAICS 3-digit -- by ownership sector","All establishment sizes",8,14,7,8,48288,14752,182,384,"",15.00,3.79,2.09,2.36,3.05,1.03,1.08,1.10,"N",-1,-11.1,0,0,0,0,0,0,0,0,0,0,0,0,0,0
"08053","5","7211","76","0","2016","1","N","Hinsdale County, Colorado","Private","NAICS 7211 Traveler accommodation","County, NAICS 4-digit -- by ownership sector","All establishment sizes",7,0,0,0,0,0,0,0,"N",15.22,0,0,0,0,0,0,0,"N",1,16.7,0,0,0,0,0,0,0,0,0,0,0,0,0,0
"08053","5","7211","76","0","2016","2","N","Hinsdale County, Colorado","Private","NAICS 7211 Traveler accommodation","County, NAICS 4-digit -- by ownership sector","All establishment sizes",6,0,0,0,0,0,0,0,"N",13.06,0,0,0,0,0,0,0,"N",0,0.0,0,0,0,0,0,0,0,0,0,0,0,0,0,0
"08053","5","7211","76","0","2016","3","N","Hinsdale County, Colorado","Private","NAICS 7211 Traveler accommodation","County, NAICS 4-digit -- by ownership sector","All establishment sizes",6,0,0,0,0,0,0,0,"N",12.95,0,0,0,0,0,0,0,"N",0,0.0,0,0,0,0,0,0,0,0,0,0,0,0,0,0
"08053","5","7211","76","0","2016","4","N","Hinsdale County, Colorado","Private","NAICS 7211 Traveler accommodation","County, NAICS 4-digit -- by ownership sector","All establishment sizes",6,0,0,0,0,0,0,0,"N",12.98,0,0,0,0,0,0,0,"N",-1,-14.3,0,0,0,0,0,0,0,0,0,0,0,0,0,0
"08053","5","72111","77","0","2016","1","N","Hinsdale County, Colorado","Private","NAICS 72111 Hotels and motels, except casino hotels","County, NAICS 5-digit -- by ownership sector","All establishment sizes",5,0,0,0,0,0,0,0,"N",11.91,0,0,0,0,0,0,0,"N",1,25.0,0,0,0,0,0,0,0,0,0,0,0,0,0,0
"08053","5","72111","77","0","2016","2","","Hinsdale County, Colorado","Private","NAICS 72111 Hotels and motels, except casino hotels","County, NAICS 5-digit -- by ownership sector","All establishment sizes",4,3,6,11,18242,18242,199,210,"",9.54,1.21,2.12,2.93,1.68,1.11,1.24,0.76,"",0,0.0,-5,-62.5,-7,-53.8,-1,-8.3,-9933,-35.3,-9933,-35.3,-297,-59.9,13,6.6
"08053","5","72111","77","0","2016","3","","Hinsdale County, Colorado","Private","NAICS 72111 Hotels and motels, except casino hotels","County, NAICS 5-digit -- by ownership sector","All establishment sizes",4,9,9,6,25489,25176,289,245,"",9.47,2.16,2.21,1.73,1.70,1.09,1.03,0.82,"",0,0.0,-7,-43.8,-6,-40.0,-7,-53.8,-28948,-53.2,-26788,-51.6,-635,-68.7,-41,-14.3
"08053","5","72111","77","0","2016","4","N","Hinsdale County, Colorado","Private","NAICS 72111 Hotels and motels, except casino hotels","County, NAICS 5-digit -- by ownership sector","All establishment sizes",4,0,0,0,0,0,0,0,"N",9.48,0,0,0,0,0,0,0,"N",-1,-20.0,0,0,0,0,0,0,0,0,0,0,0,0,0,0
"08053","5","721110","78","0","2016","1","N","Hinsdale County, Colorado","Private","NAICS 721110 Hotels and motels, except casino hotels","County, NAICS 6-digit -- by ownership sector","All establishment sizes",5,0,0,0,0,0,0,0,"N",11.91,0,0,0,0,0,0,0,"N",1,25.0,0,0,0,0,0,0,0,0,0,0,0,0,0,0
"08053","5","721110","78","0","2016","2","","Hinsdale County, Colorado","Private","NAICS 721110 Hotels and motels, except casino hotels","County, NAICS 6-digit -- by ownership sector","All establishment sizes",4,3,6,11,18242,18242,199,210,"",9.54,1.21,2.12,2.93,1.68,1.11,1.24,0.76,"",0,0.0,-5,-62.5,-7,-53.8,-1,-8.3,-9933,-35.3,-9933,-35.3,-297,-59.9,13,6.6
"08053","5","721110","78","0","2016","3","","Hinsdale County, Colorado","Private","NAICS 721110 Hotels and motels, except casino hotels","County, NAICS 6-digit -- by ownership sector","All establishment sizes",4,9,9,6,25489,25176,289,245,"",9.47,2.16,2.21,1.73,1.70,1.09,1.03,0.82,"",0,0.0,-7,-43.8,-6,-40.0,-7,-53.8,-28948,-53.2,-26788,-51.6,-635,-68.7,-41,-14.3
"08053","5","721110","78","0","2016","4","N","Hinsdale County, Colorado","Private","NAICS 721110 Hotels and motels, except casino hotels","County, NAICS 6-digit -- by ownership sector","All establishment sizes",4,0,0,0,0,0,0,0,"N",9.48,0,0,0,0,0,0,0,"N",-1,-20.0,0,0,0,0,0,0,0,0,0,0,0,0,0,0
"08053","5","72119","77","0","2016","1","N","Hinsdale County, Colorado","Private","NAICS 72119 Other traveler accommodation","County, NAICS 5-digit -- by ownership sector","All establishment sizes",2,0,0,0,0,0,0,0,"N",53.62,0,0,0,0,0,0,0,"N",0,0.0,0,0,0,0,0,0,0,0,0,0,0,0,0,0
"08053","5","72119","77","0","2016","2","N","Hinsdale County, Colorado","Private","NAICS 72119 Other traveler accommodation","County, NAICS 5-digit -- by ownership sector","All establishment sizes",2,0,0,0,0,0,0,0,"N",53.43,0,0,0,0,0,0,0,"N",0,0.0,0,0,0,0,0,0,0,0,0,0,0,0,0,0
"08053","5","72119","77","0","2016","3","N","Hinsdale County, Colorado","Private","NAICS 72119 Other traveler accommodation","County, NAICS 5-digit -- by ownership sector","All establishment sizes",2,0,0,0,0,0,0,0,"N",52.75,0,0,0,0,0,0,0,"N",0,0.0,0,0,0,0,0,0,0,0,0,0,0,0,0,0
"08053","5","72119","77","0","2016","4","N","Hinsdale County, Colorado","Private","NAICS 72119 Other traveler accommodation","County, NAICS 5-digit -- by ownership sector","All establishment sizes",2,0,0,0,0,0,0,0,"N",53.17,0,0,0,0,0,0,0,"N",0,0.0,0,0,0,0,0,0,0,0,0,0,0,0,0,0
"08053","5","721199","78","0","2016","1","N","Hinsdale County, Colorado","Private","NAICS 721199 All other traveler accommodation","County, NAICS 6-digit -- by ownership sector","All establishment sizes",2,0,0,0,0,0,0,0,"N",132.11,0,0,0,0,0,0,0,"N",0,0.0,0,0,0,0,0,0,0,0,0,0,0,0,0,0
"08053","5","721199","78","0","2016","2","N","Hinsdale County, Colorado","Private","NAICS 721199 All other traveler accommodation","County, NAICS 6-digit -- by ownership sector","All establishment sizes",2,0,0,0,0,0,0,0,"N",130.87,0,0,0,0,0,0,0,"N",0,0.0,0,0,0,0,0,0,0,0,0,0,0,0,0,0
"08053","5","721199","78","0","2016","3","N","Hinsdale County, Colorado","Private","NAICS 721199 All other traveler accommodation","County, NAICS 6-digit -- by ownership sector","All establishment sizes",2,0,0,0,0,0,0,0,"N",128.34,0,0,0,0,0,0,0,"N",0,0.0,0,0,0,0,0,0,0,0,0,0,0,0,0,0
"08053","5","721199","78","0","2016","4","N","Hinsdale County, Colorado","Private","NAICS 721199 All other traveler accommodation","County, NAICS 6-digit -- by ownership sector","All establishment sizes",2,0,0,0,0,0,0,0,"N",128.24,0,0,0,0,0,0,0,"N",0,0.0,0,0,0,0,0,0,0,0,0,0,0,0,0,0
"08053","5","7212","76","0","2016","1","N","Hinsdale County, Colorado","Private","NAICS 7212 Rv parks and recreational camps","County, NAICS 4-digit -- by ownership sector","All establishment sizes",2,0,0,0,0,0,0,0,"N",36.43,0,0,0,0,0,0,0,"N",0,0.0,0,0,0,0,0,0,0,0,0,0,0,0,0,0
"08053","5","7212","76","0","2016","2","N","Hinsdale County, Colorado","Private","NAICS 7212 Rv parks and recreational camps","County, NAICS 4-digit -- by ownership sector","All establishment sizes",2,0,0,0,0,0,0,0,"N",36.28,0,0,0,0,0,0,0,"N",0,0.0,0,0,0,0,0,0,0,0,0,0,0,0,0,0
"08053","5","7212","76","0","2016","3","N","Hinsdale County, Colorado","Private","NAICS 7212 Rv parks and recreational camps","County, NAICS 4-digit -- by ownership sector","All establishment sizes",2,0,0,0,0,0,0,0,"N",35.86,0,0,0,0,0,0,0,"N",0,0.0,0,0,0,0,0,0,0,0,0,0,0,0,0,0
"08053","5","7212","76","0","2016","4","N","Hinsdale County, Colorado","Private","NAICS 7212 Rv parks and recreational camps","County, NAICS 4-digit -- by ownership sector","All establishment sizes",2,0,0,0,0,0,0,0,"N",36.01,0,0,0,0,0,0,0,"N",0,0.0,0,0,0,0,0,0,0,0,0,0,0,0,0,0
"08053","5","72121","77","0","2016","1","N","Hinsdale County, Colorado","Private","NAICS 72121 Rv parks and recreational camps","County, NAICS 5-digit -- by ownership sector","All establishment sizes",2,0,0,0,0,0,0,0,"N",36.43,0,0,0,0,0,0,0,"N",0,0.0,0,0,0,0,0,0,0,0,0,0,0,0,0,0
"08053","5","72121","77","0","2016","2","N","Hinsdale County, Colorado","Private","NAICS 72121 Rv parks and recreational camps","County, NAICS 5-digit -- by ownership sector","All establishment sizes",2,0,0,0,0,0,0,0,"N",36.28,0,0,0,0,0,0,0,"N",0,0.0,0,0,0,0,0,0,0,0,0,0,0,0,0,0
"08053","5","72121","77","0","2016","3","N","Hinsdale County, Colorado","Private","NAICS 72121 Rv parks and recreational camps","County, NAICS 5-digit -- by ownership sector","All establishment sizes",2,0,0,0,0,0,0,0,"N",35.86,0,0,0,0,0,0,0,"N",0,0.0,0,0,0,0,0,0,0,0,0,0,0,0,0,0
"08053","5","72121","77","0","2016","4","N","Hinsdale County, Colorado","Private","NAICS 72121 Rv parks and recreational camps","County, NAICS 5-digit -- by ownership sector","All establishment sizes",2,0,0,0,0,0,0,0,"N",36.01,0,0,0,0,0,0,0,"N",0,0.0,0,0,0,0,0,0,0,0,0,0,0,0,0,0
"08053","5","721211","78","0","2016","1","N","Hinsdale County, Colorado","Private","NAICS 721211 Rv parks and campgrounds","County, NAICS 6-digit -- by ownership sector","All establishment sizes",1,0,0,0,0,0,0,0,"N",29.79,0,0,0,0,0,0,0,"N",0,0.0,0,0,0,0,0,0,0,0,0,0,0,0,0,0
"08053","5","721211","78","0","2016","2","N","Hinsdale County, Colorado","Private","NAICS 721211 Rv parks and campgrounds","County, NAICS 6-digit -- by ownership sector","All establishment sizes",1,0,0,0,0,0,0,0,"N",29.57,0,0,0,0,0,0,0,"N",0,0.0,0,0,0,0,0,0,0,0,0,0,0,0,0,0
"08053","5","721211","78","0","2016","3","N","Hinsdale County, Colorado","Private","NAICS 721211 Rv parks and campgrounds","County, NAICS 6-digit -- by ownership sector","All establishment sizes",1,0,0,0,0,0,0,0,"N",29.20,0,0,0,0,0,0,0,"N",0,0.0,0,0,0,0,0,0,0,0,0,0,0,0,0,0
"08053","5","721211","78","0","2016","4","N","Hinsdale County, Colorado","Private","NAICS 721211 Rv parks and campgrounds","County, NAICS 6-digit -- by ownership sector","All establishment sizes",1,0,0,0,0,0,0,0,"N",29.29,0,0,0,0,0,0,0,"N",0,0.0,0,0,0,0,0,0,0,0,0,0,0,0,0,0
"08053","5","721214","78","0","2016","1","N","Hinsdale County, Colorado","Private","NAICS 721214 Recreational and vacation camps","County, NAICS 6-digit -- by ownership sector","All establishment sizes",1,0,0,0,0,0,0,0,"N",46.88,0,0,0,0,0,0,0,"N",0,0.0,0,0,0,0,0,0,0,0,0,0,0,0,0,0
"08053","5","721214","78","0","2016","2","N","Hinsdale County, Colorado","Private","NAICS 721214 Recreational and vacation camps","County, NAICS 6-digit -- by ownership sector","All establishment sizes",1,0,0,0,0,0,0,0,"N",46.92,0,0,0,0,0,0,0,"N",0,0.0,0,0,0,0,0,0,0,0,0,0,0,0,0,0
"08053","5","721214","78","0","2016","3","N","Hinsdale County, Colorado","Private","NAICS 721214 Recreational and vacation camps","County, NAICS 6-digit -- by ownership sector","All establishment sizes",1,0,0,0,0,0,0,0,"N",46.44,0,0,0,0,0,0,0,"N",0,0.0,0,0,0,0,0,0,0,0,0,0,0,0,0,0
"08053","5","721214","78","0","2016","4","N","Hinsdale County, Colorado","Private","NAICS 721214 Recreational and vacation camps","County, NAICS 6-digit -- by ownership sector","All establishment sizes",1,0,0,0,0,0,0,0,"N",46.74,0,0,0,0,0,0,0,"N",0,0.0,0,0,0,0,0,0,0,0,0,0,0,0,0,0
"08053","5","722","75","0","2016","1","","Hinsdale County, Colorado","Private","NAICS 722 Food services and drinking places","County, NAICS 3-digit -- by ownership sector","All establishment sizes",6,17,20,18,84507,82707,1385,355,"",1.27,0.94,1.07,0.99,1.90,1.10,2.55,1.90,"",-1,-14.3,-1,-5.6,3,17.6,1,5.9,33967,67.2,32167,63.6,-80,-5.5,131,58.5
"08053","5","722","75","0","2016","2","","Hinsdale County, Colorado","Private","NAICS 722 Food services and drinking places","County, NAICS 3-digit -- by ownership sector","All establishment sizes",6,12,22,51,72696,64896,1439,197,"",1.27,0.66,1.06,1.90,1.47,0.61,1.70,1.13,"",-1,-14.3,-3,-20.0,5,29.4,10,24.4,-7498,-9.3,-14620,-18.4,-347,-19.4,-57,-22.4
"08053","5","722","75","0","2016","3","","Hinsdale County, Colorado","Private","NAICS 722 Food services and drinking places","County, NAICS 3-digit -- by ownership sector","All establishment sizes",6,66,52,40,307823,244663,5091,450,"",1.25,2.26,1.81,1.61,4.58,1.66,3.56,2.40,"",0,0.0,11,20.0,8,18.2,-1,-2.4,119729,63.7,69752,39.9,2250,79.2,140,45.2
"08053","5","722","75","0","2016","4","","Hinsdale County, Colorado","Private","NAICS 722 Food services and drinking places","County, NAICS 3-digit -- by ownership sector","All establishment sizes",7,26,20,24,125116,40058,970,412,"",1.46,1.20,0.99,1.18,2.17,0.49,1.16,1.93,"N",2,40.0,0,0,0,0,0,0,0,0,0,0,0,0,0,0
"08053","5","7224","76","0","2016","1","N","Hinsdale County, Colorado","Private","NAICS 7224 Drinking places, alcoholic beverages","County, NAICS 4-digit -- by ownership sector","All establishment sizes",1,0,0,0,0,0,0,0,"N",2.98,0,0,0,0,0,0,0,"N",-1,-50.0,0,0,0,0,0,0,0,0,0,0,0,0,0,0
"08053","5","7224","76","0","2016","2","N","Hinsdale County, Colorado","Private","NAICS 7224 Drinking places, alcoholic beverages","County, NAICS 4-digit -- by ownership sector","All establishment sizes",1,0,0,0,0,0,0,0,"N",3.00,0,0,0,0,0,0,0,"N",-1,-50.0,0,0,0,0,0,0,0,0,0,0,0,0,0,0
"08053","5","7224","76","0","2016","3","N","Hinsdale County, Colorado","Private","NAICS 7224 Drinking places, alcoholic beverages","County, NAICS 4-digit -- by ownership sector","All establishment sizes",1,0,0,0,0,0,0,0,"N",2.99,0,0,0,0,0,0,0,"N",-1,-50.0,0,0,0,0,0,0,0,0,0,0,0,0,0,0
"08053","5","7224","76","0","2016","4","N","Hinsdale County, Colorado","Private","NAICS 7224 Drinking places, alcoholic beverages","County, NAICS 4-digit -- by ownership sector","All establishment sizes",1,0,0,0,0,0,0,0,"N",3.01,0,0,0,0,0,0,0,"N",0,0.0,0,0,0,0,0,0,0,0,0,0,0,0,0,0
"08053","5","72241","77","0","2016","1","N","Hinsdale County, Colorado","Private","NAICS 72241 Drinking places, alcoholic beverages","County, NAICS 5-digit -- by ownership sector","All establishment sizes",1,0,0,0,0,0,0,0,"N",2.98,0,0,0,0,0,0,0,"N",-1,-50.0,0,0,0,0,0,0,0,0,0,0,0,0,0,0
"08053","5","72241","77","0","2016","2","N","Hinsdale County, Colorado","Private","NAICS 72241 Drinking places, alcoholic beverages","County, NAICS 5-digit -- by ownership sector","All establishment sizes",1,0,0,0,0,0,0,0,"N",3.00,0,0,0,0,0,0,0,"N",-1,-50.0,0,0,0,0,0,0,0,0,0,0,0,0,0,0
"08053","5","72241","77","0","2016","3","N","Hinsdale County, Colorado","Private","NAICS 72241 Drinking places, alcoholic beverages","County, NAICS 5-digit -- by ownership sector","All establishment sizes",1,0,0,0,0,0,0,0,"N",2.99,0,0,0,0,0,0,0,"N",-1,-50.0,0,0,0,0,0,0,0,0,0,0,0,0,0,0
"08053","5","72241","77","0","2016","4","N","Hinsdale County, Colorado","Private","NAICS 72241 Drinking places, alcoholic beverages","County, NAICS 5-digit -- by ownership sector","All establishment sizes",1,0,0,0,0,0,0,0,"N",3.01,0,0,0,0,0,0,0,"N",0,0.0,0,0,0,0,0,0,0,0,0,0,0,0,0,0
"08053","5","722410","78","0","2016","1","N","Hinsdale County, Colorado","Private","NAICS 722410 Drinking places, alcoholic beverages","County, NAICS 6-digit -- by ownership sector","All establishment sizes",1,0,0,0,0,0,0,0,"N",2.98,0,0,0,0,0,0,0,"N",-1,-50.0,0,0,0,0,0,0,0,0,0,0,0,0,0,0
"08053","5","722410","78","0","2016","2","N","Hinsdale County, Colorado","Private","NAICS 722410 Drinking places, alcoholic beverages","County, NAICS 6-digit -- by ownership sector","All establishment sizes",1,0,0,0,0,0,0,0,"N",3.00,0,0,0,0,0,0,0,"N",-1,-50.0,0,0,0,0,0,0,0,0,0,0,0,0,0,0
"08053","5","722410","78","0","2016","3","N","Hinsdale County, Colorado","Private","NAICS 722410 Drinking places, alcoholic beverages","County, NAICS 6-digit -- by ownership sector","All establishment sizes",1,0,0,0,0,0,0,0,"N",2.99,0,0,0,0,0,0,0,"N",-1,-50.0,0,0,0,0,0,0,0,0,0,0,0,0,0,0
"08053","5","722410","78","0","2016","4","N","Hinsdale County, Colorado","Private","NAICS 722410 Drinking places, alcoholic beverages","County, NAICS 6-digit -- by ownership sector","All establishment sizes",1,0,0,0,0,0,0,0,"N",3.01,0,0,0,0,0,0,0,"N",0,0.0,0,0,0,0,0,0,0,0,0,0,0,0,0,0
"08053","5","7225","76","0","2016","1","N","Hinsdale County, Colorado","Private","NAICS 7225 Restaurants and other eating places","County, NAICS 4-digit -- by ownership sector","All establishment sizes",5,0,0,0,0,0,0,0,"N",1.22,0,0,0,0,0,0,0,"N",0,0.0,0,0,0,0,0,0,0,0,0,0,0,0,0,0
"08053","5","7225","76","0","2016","2","N","Hinsdale County, Colorado","Private","NAICS 7225 Restaurants and other eating places","County, NAICS 4-digit -- by ownership sector","All establishment sizes",5,0,0,0,0,0,0,0,"N",1.21,0,0,0,0,0,0,0,"N",0,0.0,0,0,0,0,0,0,0,0,0,0,0,0,0,0
"08053","5","7225","76","0","2016","3","N","Hinsdale County, Colorado","Private","NAICS 7225 Restaurants and other eating places","County, NAICS 4-digit -- by ownership sector","All establishment sizes",5,0,0,0,0,0,0,0,"N",1.20,0,0,0,0,0,0,0,"N",1,25.0,0,0,0,0,0,0,0,0,0,0,0,0,0,0
"08053","5","7225","76","0","2016","4","N","Hinsdale County, Colorado","Private","NAICS 7225 Restaurants and other eating places","County, NAICS 4-digit -- by ownership sector","All establishment sizes",6,0,0,0,0,0,0,0,"N",1.44,0,0,0,0,0,0,0,"N",2,50.0,0,0,0,0,0,0,0,0,0,0,0,0,0,0
"08053","5","72251","77","0","2016","1","N","Hinsdale County, Colorado","Private","NAICS 72251 Restaurants and other eating places","County, NAICS 5-digit -- by ownership sector","All establishment sizes",5,0,0,0,0,0,0,0,"N",1.22,0,0,0,0,0,0,0,"N",0,0.0,0,0,0,0,0,0,0,0,0,0,0,0,0,0
"08053","5","72251","77","0","2016","2","N","Hinsdale County, Colorado","Private","NAICS 72251 Restaurants and other eating places","County, NAICS 5-digit -- by ownership sector","All establishment sizes",5,0,0,0,0,0,0,0,"N",1.21,0,0,0,0,0,0,0,"N",0,0.0,0,0,0,0,0,0,0,0,0,0,0,0,0,0
"08053","5","72251","77","0","2016","3","N","Hinsdale County, Colorado","Private","NAICS 72251 Restaurants and other eating places","County, NAICS 5-digit -- by ownership sector","All establishment sizes",5,0,0,0,0,0,0,0,"N",1.20,0,0,0,0,0,0,0,"N",1,25.0,0,0,0,0,0,0,0,0,0,0,0,0,0,0
"08053","5","72251","77","0","2016","4","N","Hinsdale County, Colorado","Private","NAICS 72251 Restaurants and other eating places","County, NAICS 5-digit -- by ownership sector","All establishment sizes",6,0,0,0,0,0,0,0,"N",1.44,0,0,0,0,0,0,0,"N",2,50.0,0,0,0,0,0,0,0,0,0,0,0,0,0,0
"08053","5","722511","78","0","2016","1","N","Hinsdale County, Colorado","Private","NAICS 722511 Full-service restaurants","County, NAICS 6-digit -- by ownership sector","All establishment sizes",3,0,0,0,0,0,0,0,"N",1.63,0,0,0,0,0,0,0,"N",-1,-25.0,0,0,0,0,0,0,0,0,0,0,0,0,0,0
"08053","5","722511","78","0","2016","2","N","Hinsdale County, Colorado","Private","NAICS 722511 Full-service restaurants","County, NAICS 6-digit -- by ownership sector","All establishment sizes",3,0,0,0,0,0,0,0,"N",1.62,0,0,0,0,0,0,0,"N",-1,-25.0,0,0,0,0,0,0,0,0,0,0,0,0,0,0
"08053","5","722511","78","0","2016","3","","Hinsdale County, Colorado","Private","NAICS 722511 Full-service restaurants","County, NAICS 6-digit -- by ownership sector","All establishment sizes",3,38,30,24,158464,142443,2096,397,"",1.61,2.75,2.22,2.07,4.52,1.97,3.02,1.90,"",0,0.0,-1,-2.6,-4,-11.8,-8,-25.0,29096,22.5,24729,21.0,474,29.2,113,39.8
"08053","5","722511","78","0","2016","4","N","Hinsdale County, Colorado","Private","NAICS 722511 Full-service restaurants","County, NAICS 6-digit -- by ownership sector","All establishment sizes",3,0,0,0,0,0,0,0,"N",1.61,0,0,0,0,0,0,0,"N",0,0.0,0,0,0,0,0,0,0,0,0,0,0,0,0,0
"08053","5","722515","78","0","2016","1","N","Hinsdale County, Colorado","Private","NAICS 722515 Snack and nonalcoholic beverage bars","County, NAICS 6-digit -- by ownership sector","All establishment sizes",2,0,0,0,0,0,0,0,"N",4.71,0,0,0,0,0,0,0,"N",1,100.0,0,0,0,0,0,0,0,0,0,0,0,0,0,0
"08053","5","722515","78","0","2016","2","N","Hinsdale County, Colorado","Private","NAICS 722515 Snack and nonalcoholic beverage bars","County, NAICS 6-digit -- by ownership sector","All establishment sizes",2,0,0,0,0,0,0,0,"N",4.67,0,0,0,0,0,0,0,"N",1,100.0,0,0,0,0,0,0,0,0,0,0,0,0,0,0
"08053","5","722515","78","0","2016","3","N","Hinsdale County, Colorado","Private","NAICS 722515 Snack and nonalcoholic beverage bars","County, NAICS 6-digit -- by ownership sector","All establishment sizes",2,0,0,0,0,0,0,0,"N",4.59,0,0,0,0,0,0,0,"N",1,100.0,0,0,0,0,0,0,0,0,0,0,0,0,0,0
"08053","5","722515","78","0","2016","4","","Hinsdale County, Colorado","Private","NAICS 722515 Snack and nonalcoholic beverage bars","County, NAICS 6-digit -- by ownership sector","All establishment sizes",3,5,2,8,84401,9651,136,1298,"",6.88,4.08,1.77,7.02,28.36,2.08,2.74,6.59,"N",2,200.0,0,0,0,0,0,0,0,0,0,0,0,0,0,0
"08053","5","81","74","0","2016","1","","Hinsdale County, Colorado","Private","NAICS 81 Other services, except public administration","County, NAICS Sector -- by ownership sector","All establishment sizes",3,6,5,5,31904,31904,290,460,"",0.47,0.85,0.68,0.71,0.93,0.75,0.77,1.24,"",-2,-40.0,-1,-14.3,-2,-28.6,-1,-16.7,-1972,-5.8,-1972,-5.8,-126,-30.3,69,17.6
"08053","5","81","74","0","2016","2","","Hinsdale County, Colorado","Private","NAICS 81 Other services, except public administration","County, NAICS Sector -- by ownership sector","All establishment sizes",3,7,7,7,47883,27475,256,526,"",0.47,1.00,0.89,0.68,1.29,0.71,0.75,1.55,"",-2,-40.0,-2,-22.2,-2,-22.2,-3,-30.0,-401,-0.8,-7302,-21.0,-127,-33.2,128,32.2
"08053","5","81","74","0","2016","3","","Hinsdale County, Colorado","Private","NAICS 81 Other services, except public administration","County, NAICS Sector -- by ownership sector","All establishment sizes",3,9,9,8,50954,9881,91,452,"",0.46,0.80,0.82,0.84,1.02,0.22,0.18,1.24,"",-1,-25.0,0,0.0,-2,-18.2,1,14.3,6872,15.6,72,0.7,-10,-9.9,75,19.9
"08053","5","81","74","0","2016","4","","Hinsdale County, Colorado","Private","NAICS 81 Other services, except public administration","County, NAICS Sector -- by ownership sector","All establishment sizes",3,6,5,6,57329,967,8,778,"",0.46,0.71,0.64,0.76,1.30,0.04,0.03,1.84,"",-1,-25.0,-1,-14.3,-3,-37.5,-1,-14.3,5116,9.8,-6963,-87.8,-70,-89.7,230,42.0
"08053","5","811","75","0","2016","1","N","Hinsdale County, Colorado","Private","NAICS 811 Repair and maintenance","County, NAICS 3-digit -- by ownership sector","All establishment sizes",1,0,0,0,0,0,0,0,"N",0.57,0,0,0,0,0,0,0,"N",0,0.0,0,0,0,0,0,0,0,0,0,0,0,0,0,0
"08053","5","811","75","0","2016","2","N","Hinsdale County, Colorado","Private","NAICS 811 Repair and maintenance","County, NAICS 3-digit -- by ownership sector","All establishment sizes",1,0,0,0,0,0,0,0,"N",0.57,0,0,0,0,0,0,0,"N",0,0.0,0,0,0,0,0,0,0,0,0,0,0,0,0,0
"08053","5","811","75","0","2016","3","N","Hinsdale County, Colorado","Private","NAICS 811 Repair and maintenance","County, NAICS 3-digit -- by ownership sector","All establishment sizes",1,0,0,0,0,0,0,0,"N",0.56,0,0,0,0,0,0,0,"N",0,0.0,0,0,0,0,0,0,0,0,0,0,0,0,0,0
"08053","5","811","75","0","2016","4","N","Hinsdale County, Colorado","Private","NAICS 811 Repair and maintenance","County, NAICS 3-digit -- by ownership sector","All establishment sizes",1,0,0,0,0,0,0,0,"N",0.57,0,0,0,0,0,0,0,"N",0,0.0,0,0,0,0,0,0,0,0,0,0,0,0,0,0
"08053","5","8111","76","0","2016","1","N","Hinsdale County, Colorado","Private","NAICS 8111 Automotive repair and maintenance","County, NAICS 4-digit -- by ownership sector","All establishment sizes",1,0,0,0,0,0,0,0,"N",0.80,0,0,0,0,0,0,0,"N",0,0.0,0,0,0,0,0,0,0,0,0,0,0,0,0,0
"08053","5","8111","76","0","2016","2","N","Hinsdale County, Colorado","Private","NAICS 8111 Automotive repair and maintenance","County, NAICS 4-digit -- by ownership sector","All establishment sizes",1,0,0,0,0,0,0,0,"N",0.80,0,0,0,0,0,0,0,"N",0,0.0,0,0,0,0,0,0,0,0,0,0,0,0,0,0
"08053","5","8111","76","0","2016","3","N","Hinsdale County, Colorado","Private","NAICS 8111 Automotive repair and maintenance","County, NAICS 4-digit -- by ownership sector","All establishment sizes",1,0,0,0,0,0,0,0,"N",0.80,0,0,0,0,0,0,0,"N",0,0.0,0,0,0,0,0,0,0,0,0,0,0,0,0,0
"08053","5","8111","76","0","2016","4","N","Hinsdale County, Colorado","Private","NAICS 8111 Automotive repair and maintenance","County, NAICS 4-digit -- by ownership sector","All establishment sizes",1,0,0,0,0,0,0,0,"N",0.80,0,0,0,0,0,0,0,"N",0,0.0,0,0,0,0,0,0,0,0,0,0,0,0,0,0
"08053","5","81111","77","0","2016","1","N","Hinsdale County, Colorado","Private","NAICS 81111 Automotive mechanical and electrical repair","County, NAICS 5-digit -- by ownership sector","All establishment sizes",1,0,0,0,0,0,0,0,"N",1.39,0,0,0,0,0,0,0,"N",0,0.0,0,0,0,0,0,0,0,0,0,0,0,0,0,0
"08053","5","81111","77","0","2016","2","N","Hinsdale County, Colorado","Private","NAICS 81111 Automotive mechanical and electrical repair","County, NAICS 5-digit -- by ownership sector","All establishment sizes",1,0,0,0,0,0,0,0,"N",1.39,0,0,0,0,0,0,0,"N",0,0.0,0,0,0,0,0,0,0,0,0,0,0,0,0,0
"08053","5","81111","77","0","2016","3","N","Hinsdale County, Colorado","Private","NAICS 81111 Automotive mechanical and electrical repair","County, NAICS 5-digit -- by ownership sector","All establishment sizes",1,0,0,0,0,0,0,0,"N",1.38,0,0,0,0,0,0,0,"N",0,0.0,0,0,0,0,0,0,0,0,0,0,0,0,0,0
"08053","5","81111","77","0","2016","4","N","Hinsdale County, Colorado","Private","NAICS 81111 Automotive mechanical and electrical repair","County, NAICS 5-digit -- by ownership sector","All establishment sizes",1,0,0,0,0,0,0,0,"N",1.39,0,0,0,0,0,0,0,"N",0,0.0,0,0,0,0,0,0,0,0,0,0,0,0,0,0
"08053","5","811111","78","0","2016","1","N","Hinsdale County, Colorado","Private","NAICS 811111 General automotive repair","County, NAICS 6-digit -- by ownership sector","All establishment sizes",1,0,0,0,0,0,0,0,"N",1.61,0,0,0,0,0,0,0,"N",0,0.0,0,0,0,0,0,0,0,0,0,0,0,0,0,0
"08053","5","811111","78","0","2016","2","N","Hinsdale County, Colorado","Private","NAICS 811111 General automotive repair","County, NAICS 6-digit -- by ownership sector","All establishment sizes",1,0,0,0,0,0,0,0,"N",1.61,0,0,0,0,0,0,0,"N",0,0.0,0,0,0,0,0,0,0,0,0,0,0,0,0,0
"08053","5","811111","78","0","2016","3","N","Hinsdale County, Colorado","Private","NAICS 811111 General automotive repair","County, NAICS 6-digit -- by ownership sector","All establishment sizes",1,0,0,0,0,0,0,0,"N",1.60,0,0,0,0,0,0,0,"N",0,0.0,0,0,0,0,0,0,0,0,0,0,0,0,0,0
"08053","5","811111","78","0","2016","4","N","Hinsdale County, Colorado","Private","NAICS 811111 General automotive repair","County, NAICS 6-digit -- by ownership sector","All establishment sizes",1,0,0,0,0,0,0,0,"N",1.61,0,0,0,0,0,0,0,"N",0,0.0,0,0,0,0,0,0,0,0,0,0,0,0,0,0
"08053","5","813","75","0","2016","1","N","Hinsdale County, Colorado","Private","NAICS 813 Membership associations and organizations","County, NAICS 3-digit -- by ownership sector","All establishment sizes",2,0,0,0,0,0,0,0,"N",1.77,0,0,0,0,0,0,0,"N",0,0.0,0,0,0,0,0,0,0,0,0,0,0,0,0,0
"08053","5","813","75","0","2016","2","N","Hinsdale County, Colorado","Private","NAICS 813 Membership associations and organizations","County, NAICS 3-digit -- by ownership sector","All establishment sizes",2,0,0,0,0,0,0,0,"N",1.77,0,0,0,0,0,0,0,"N",0,0.0,0,0,0,0,0,0,0,0,0,0,0,0,0,0
"08053","5","813","75","0","2016","3","N","Hinsdale County, Colorado","Private","NAICS 813 Membership associations and organizations","County, NAICS 3-digit -- by ownership sector","All establishment sizes",2,0,0,0,0,0,0,0,"N",1.76,0,0,0,0,0,0,0,"N",0,0.0,0,0,0,0,0,0,0,0,0,0,0,0,0,0
"08053","5","813","75","0","2016","4","N","Hinsdale County, Colorado","Private","NAICS 813 Membership associations and organizations","County, NAICS 3-digit -- by ownership sector","All establishment sizes",2,0,0,0,0,0,0,0,"N",1.77,0,0,0,0,0,0,0,"N",0,0.0,0,0,0,0,0,0,0,0,0,0,0,0,0,0
"08053","5","8139","76","0","2016","1","N","Hinsdale County, Colorado","Private","NAICS 8139 Professional and similar organizations","County, NAICS 4-digit -- by ownership sector","All establishment sizes",2,0,0,0,0,0,0,0,"N",4.31,0,0,0,0,0,0,0,"N",0,0.0,0,0,0,0,0,0,0,0,0,0,0,0,0,0
"08053","5","8139","76","0","2016","2","N","Hinsdale County, Colorado","Private","NAICS 8139 Professional and similar organizations","County, NAICS 4-digit -- by ownership sector","All establishment sizes",2,0,0,0,0,0,0,0,"N",4.33,0,0,0,0,0,0,0,"N",0,0.0,0,0,0,0,0,0,0,0,0,0,0,0,0,0
"08053","5","8139","76","0","2016","3","N","Hinsdale County, Colorado","Private","NAICS 8139 Professional and similar organizations","County, NAICS 4-digit -- by ownership sector","All establishment sizes",2,0,0,0,0,0,0,0,"N",4.31,0,0,0,0,0,0,0,"N",0,0.0,0,0,0,0,0,0,0,0,0,0,0,0,0,0
"08053","5","8139","76","0","2016","4","N","Hinsdale County, Colorado","Private","NAICS 8139 Professional and similar organizations","County, NAICS 4-digit -- by ownership sector","All establishment sizes",2,0,0,0,0,0,0,0,"N",4.35,0,0,0,0,0,0,0,"N",0,0.0,0,0,0,0,0,0,0,0,0,0,0,0,0,0
"08053","5","81391","77","0","2016","1","N","Hinsdale County, Colorado","Private","NAICS 81391 Business associations","County, NAICS 5-digit -- by ownership sector","All establishment sizes",1,0,0,0,0,0,0,0,"N",6.60,0,0,0,0,0,0,0,"N",0,0.0,0,0,0,0,0,0,0,0,0,0,0,0,0,0
"08053","5","81391","77","0","2016","2","N","Hinsdale County, Colorado","Private","NAICS 81391 Business associations","County, NAICS 5-digit -- by ownership sector","All establishment sizes",1,0,0,0,0,0,0,0,"N",6.63,0,0,0,0,0,0,0,"N",0,0.0,0,0,0,0,0,0,0,0,0,0,0,0,0,0
"08053","5","81391","77","0","2016","3","N","Hinsdale County, Colorado","Private","NAICS 81391 Business associations","County, NAICS 5-digit -- by ownership sector","All establishment sizes",1,0,0,0,0,0,0,0,"N",6.60,0,0,0,0,0,0,0,"N",0,0.0,0,0,0,0,0,0,0,0,0,0,0,0,0,0
"08053","5","81391","77","0","2016","4","N","Hinsdale County, Colorado","Private","NAICS 81391 Business associations","County, NAICS 5-digit -- by ownership sector","All establishment sizes",1,0,0,0,0,0,0,0,"N",6.65,0,0,0,0,0,0,0,"N",0,0.0,0,0,0,0,0,0,0,0,0,0,0,0,0,0
"08053","5","813910","78","0","2016","1","N","Hinsdale County, Colorado","Private","NAICS 813910 Business associations","County, NAICS 6-digit -- by ownership sector","All establishment sizes",1,0,0,0,0,0,0,0,"N",6.60,0,0,0,0,0,0,0,"N",0,0.0,0,0,0,0,0,0,0,0,0,0,0,0,0,0
"08053","5","813910","78","0","2016","2","N","Hinsdale County, Colorado","Private","NAICS 813910 Business associations","County, NAICS 6-digit -- by ownership sector","All establishment sizes",1,0,0,0,0,0,0,0,"N",6.63,0,0,0,0,0,0,0,"N",0,0.0,0,0,0,0,0,0,0,0,0,0,0,0,0,0
"08053","5","813910","78","0","2016","3","N","Hinsdale County, Colorado","Private","NAICS 813910 Business associations","County, NAICS 6-digit -- by ownership sector","All establishment sizes",1,0,0,0,0,0,0,0,"N",6.60,0,0,0,0,0,0,0,"N",0,0.0,0,0,0,0,0,0,0,0,0,0,0,0,0,0
"08053","5","813910","78","0","2016","4","N","Hinsdale County, Colorado","Private","NAICS 813910 Business associations","County, NAICS 6-digit -- by ownership sector","All establishment sizes",1,0,0,0,0,0,0,0,"N",6.65,0,0,0,0,0,0,0,"N",0,0.0,0,0,0,0,0,0,0,0,0,0,0,0,0,0
"08053","5","81399","77","0","2016","1","N","Hinsdale County, Colorado","Private","NAICS 81399 Other similar organizations","County, NAICS 5-digit -- by ownership sector","All establishment sizes",1,0,0,0,0,0,0,0,"N",8.11,0,0,0,0,0,0,0,"N",0,0.0,0,0,0,0,0,0,0,0,0,0,0,0,0,0
"08053","5","81399","77","0","2016","2","N","Hinsdale County, Colorado","Private","NAICS 81399 Other similar organizations","County, NAICS 5-digit -- by ownership sector","All establishment sizes",1,0,0,0,0,0,0,0,"N",8.14,0,0,0,0,0,0,0,"N",0,0.0,0,0,0,0,0,0,0,0,0,0,0,0,0,0
"08053","5","81399","77","0","2016","3","N","Hinsdale County, Colorado","Private","NAICS 81399 Other similar organizations","County, NAICS 5-digit -- by ownership sector","All establishment sizes",1,0,0,0,0,0,0,0,"N",8.11,0,0,0,0,0,0,0,"N",0,0.0,0,0,0,0,0,0,0,0,0,0,0,0,0,0
"08053","5","81399","77","0","2016","4","N","Hinsdale County, Colorado","Private","NAICS 81399 Other similar organizations","County, NAICS 5-digit -- by ownership sector","All establishment sizes",1,0,0,0,0,0,0,0,"N",8.18,0,0,0,0,0,0,0,"N",0,0.0,0,0,0,0,0,0,0,0,0,0,0,0,0,0
"08053","5","813990","78","0","2016","1","N","Hinsdale County, Colorado","Private","NAICS 813990 Other similar organizations","County, NAICS 6-digit -- by ownership sector","All establishment sizes",1,0,0,0,0,0,0,0,"N",8.11,0,0,0,0,0,0,0,"N",0,0.0,0,0,0,0,0,0,0,0,0,0,0,0,0,0
"08053","5","813990","78","0","2016","2","N","Hinsdale County, Colorado","Private","NAICS 813990 Other similar organizations","County, NAICS 6-digit -- by ownership sector","All establishment sizes",1,0,0,0,0,0,0,0,"N",8.14,0,0,0,0,0,0,0,"N",0,0.0,0,0,0,0,0,0,0,0,0,0,0,0,0,0
"08053","5","813990","78","0","2016","3","N","Hinsdale County, Colorado","Private","NAICS 813990 Other similar organizations","County, NAICS 6-digit -- by ownership sector","All establishment sizes",1,0,0,0,0,0,0,0,"N",8.11,0,0,0,0,0,0,0,"N",0,0.0,0,0,0,0,0,0,0,0,0,0,0,0,0,0
"08053","5","813990","78","0","2016","4","N","Hinsdale County, Colorado","Private","NAICS 813990 Other similar organizations","County, NAICS 6-digit -- by ownership sector","All establishment sizes",1,0,0,0,0,0,0,0,"N",8.18,0,0,0,0,0,0,0,"N",0,0.0,0,0,0,0,0,0,0,0,0,0,0,0,0,0
